# BPM : X>>Y   |   PS :  X>>Y  |  Tue Nov 14 22:09:14 2017
2.10 -3.68 4.52 0.05 3.24 4.63 
-0.68 3.05 4.00 -6.08 -6.56 3.15 
13.73 3.12 3.61 9.81 14.86 -13.64 9.69 
-1.00 5.61 11.11 -3.36 4.66 12.23 
# BPM : X>>Y   |   PS :  X>>Y  |  Tue Nov 14 22:09:18 2017
2.11 -4.10 4.07 0.76 1.90 2.61 
-0.70 2.57 0.76 -6.30 -5.43 0.37 
13.01 5.73 4.87 13.06 13.38 -9.07 10.85 
2.18 3.29 9.72 -2.93 8.91 9.98 
# BPM : X>>Y   |   PS :  X>>Y  |  Tue Nov 14 22:09:22 2017
2.06 -4.37 5.26 -1.25 1.57 0.36 
-0.70 1.48 0.86 -8.77 -6.52 -4.41 
12.22 8.19 4.97 14.72 11.60 -6.81 13.11 
5.82 -0.76 8.40 1.90 12.11 7.17 
# BPM : X>>Y   |   PS :  X>>Y  |  Tue Nov 14 22:09:26 2017
2.01 -4.78 3.31 0.38 0.72 2.55 
-0.70 1.47 5.67 -7.93 -7.34 -0.70 
12.03 9.81 7.27 10.81 9.07 -3.43 12.98 
10.35 -1.01 3.75 3.77 14.49 3.32 
