# BPM : X>>Y   |   PS :  X>>Y  |  Tue Nov 14 23:15:10 2017
2.23 -3.17 6.43 1.22 3.06 2.47 
-0.31 5.71 1.26 -6.29 -3.39 0.28 
12.96 -13.37 12.88 14.66 13.70 -13.34 -14.83 
12.93 14.56 -14.07 14.15 -13.32 -12.75 
# BPM : X>>Y   |   PS :  X>>Y  |  Tue Nov 14 23:15:15 2017
2.23 -2.02 5.35 1.32 6.14 0.44 
-0.42 4.11 0.85 -4.98 -6.81 0.60 
8.03 -13.54 8.67 11.45 13.54 -13.23 -12.65 
11.78 10.46 -13.03 14.48 -11.23 -7.76 
# BPM : X>>Y   |   PS :  X>>Y  |  Tue Nov 14 23:15:19 2017
2.22 -1.86 4.00 -0.25 1.63 2.79 
-0.48 3.72 3.20 -7.80 -4.90 -1.34 
6.34 -10.66 6.85 10.44 11.09 -11.09 -10.55 
10.23 10.40 -12.81 14.52 -9.57 -3.27 
# BPM : X>>Y   |   PS :  X>>Y  |  Tue Nov 14 23:15:24 2017
2.30 -1.61 2.45 1.64 5.11 -0.32 
-0.50 1.80 2.49 -7.89 -3.47 1.07 
3.98 -8.97 5.75 9.43 6.25 -6.86 -9.35 
5.89 7.59 -11.22 10.00 -6.66 0.04 
# BPM : X>>Y   |   PS :  X>>Y  |  Tue Nov 14 23:15:28 2017
2.41 -1.10 3.42 4.58 2.24 3.38 
-0.46 0.56 -0.92 -7.47 -5.98 0.12 
-0.22 -5.14 3.08 4.52 1.38 -6.62 -5.03 
3.38 4.87 -8.48 9.55 -3.81 4.69 
# BPM : X>>Y   |   PS :  X>>Y  |  Tue Nov 14 23:15:32 2017
2.35 -0.84 4.83 0.41 -0.60 1.30 
-0.53 0.47 2.71 -4.90 -7.06 -2.80 
-0.61 -1.55 -1.22 2.80 -0.55 -6.61 -2.84 
3.16 4.21 -6.40 5.46 -3.29 6.65 
# BPM : X>>Y   |   PS :  X>>Y  |  Tue Nov 14 23:15:37 2017
2.41 -0.37 4.87 2.84 -1.51 4.08 
-0.67 -0.56 1.72 -7.64 -7.05 0.12 
-5.12 1.93 -3.13 0.98 -4.58 -3.69 0.64 
-1.32 2.49 -1.67 4.67 0.70 10.78 
# BPM : X>>Y   |   PS :  X>>Y  |  Tue Nov 14 23:15:41 2017
2.56 0.49 4.51 -2.60 -1.10 1.79 
-0.49 -2.69 2.47 -8.78 -5.10 -1.45 
-8.44 3.85 -7.61 -2.65 -6.98 0.69 3.84 
-4.63 -1.81 0.13 1.51 3.13 10.91 
# BPM : X>>Y   |   PS :  X>>Y  |  Tue Nov 14 23:15:46 2017
2.47 0.98 5.30 0.81 4.25 -0.99 
-0.76 -3.90 -2.12 -9.91 -5.17 -2.51 
-8.61 5.77 -11.63 -6.11 -7.87 1.78 8.78 
-9.41 -3.04 3.53 0.41 6.32 14.69 
# BPM : X>>Y   |   PS :  X>>Y  |  Tue Nov 14 23:15:50 2017
2.57 1.37 2.06 -1.59 1.50 -2.69 
-0.71 -5.28 5.65 -6.90 -4.55 3.55 
-10.88 8.61 -14.33 -8.59 -10.76 2.02 9.05 
-13.88 -4.43 4.23 -2.58 8.48 10.81 
# BPM : X>>Y   |   PS :  X>>Y  |  Tue Nov 14 23:15:54 2017
2.48 1.08 3.42 -1.39 1.64 2.61 
-0.78 -5.98 1.19 -7.78 -7.89 0.12 
-11.16 10.24 -14.02 -9.11 -14.88 2.45 9.71 
-12.50 -7.82 6.70 -3.83 9.68 6.37 
# BPM : X>>Y   |   PS :  X>>Y  |  Tue Nov 14 23:15:58 2017
2.39 0.83 5.15 -0.50 -1.04 -0.19 
-1.02 -5.79 0.70 -8.17 -6.19 4.53 
-14.18 13.69 -12.06 -12.62 -10.84 4.06 14.10 
-10.70 -9.08 10.29 -4.32 11.27 5.46 
# BPM : X>>Y   |   PS :  X>>Y  |  Tue Nov 14 23:16:03 2017
2.52 0.39 4.92 2.42 3.25 3.13 
-0.78 -6.22 4.48 -7.56 -6.79 -1.49 
-14.58 14.70 -9.07 -13.40 -9.70 5.26 13.56 
-10.46 -11.64 11.56 -4.39 14.01 0.77 
# BPM : X>>Y   |   PS :  X>>Y  |  Tue Nov 14 23:16:07 2017
2.46 -0.04 1.44 1.79 3.04 3.10 
-0.77 -5.82 2.43 -8.46 -5.81 -1.62 
-10.70 13.82 -8.63 -12.90 -6.35 5.39 13.40 
-8.65 -12.58 14.48 -8.35 10.83 0.31 
# BPM : X>>Y   |   PS :  X>>Y  |  Tue Nov 14 23:16:11 2017
2.36 -0.65 1.29 -1.33 -0.31 0.82 
-0.90 -6.16 2.04 -4.74 -6.62 1.26 
-8.65 12.34 -4.83 -12.51 -3.21 6.17 12.13 
-7.86 -13.55 14.37 -8.44 8.59 -0.09 
# BPM : X>>Y   |   PS :  X>>Y  |  Tue Nov 14 23:16:15 2017
2.40 -0.85 2.99 3.84 3.67 0.74 
-0.76 -6.40 5.07 -8.82 -5.92 2.86 
-6.88 7.82 -1.54 -7.74 -2.02 7.00 10.50 
-5.81 -14.74 12.56 -12.12 6.95 -0.33 
# BPM : X>>Y   |   PS :  X>>Y  |  Tue Nov 14 23:16:19 2017
2.29 -0.82 -3.97 -3.82 5.39 2.34 
-0.90 -5.06 5.39 -8.17 -4.04 0.65 
-4.78 4.51 -1.51 -3.49 1.18 8.44 8.79 
-5.25 -9.92 11.11 -14.54 6.33 -2.05 
# BPM : X>>Y   |   PS :  X>>Y  |  Tue Nov 14 23:16:24 2017
2.45 -0.83 5.18 1.75 1.97 3.08 
-0.62 -4.59 2.22 -8.40 -6.72 2.88 
-0.42 -0.03 -0.72 -2.07 1.49 9.83 6.40 
-4.03 -9.71 9.77 -11.38 4.28 -3.43 
# BPM : X>>Y   |   PS :  X>>Y  |  Tue Nov 14 23:16:28 2017
2.37 -0.88 4.18 -1.31 2.61 3.75 
-0.65 -2.16 2.47 -7.41 -3.40 -1.59 
-0.04 -4.33 2.21 1.23 5.45 13.71 2.12 
-0.83 -4.77 8.48 -9.91 0.63 -6.59 
# BPM : X>>Y   |   PS :  X>>Y  |  Tue Nov 14 23:16:32 2017
2.29 -1.22 1.82 0.56 0.73 1.86 
-0.63 -0.73 2.47 -7.49 -4.01 -2.79 
3.50 -6.84 3.36 2.33 9.12 14.14 -1.75 
1.31 -2.74 8.39 -8.75 -1.84 -11.22 
# BPM : X>>Y   |   PS :  X>>Y  |  Tue Nov 14 23:16:37 2017
2.24 -1.41 5.90 -1.03 1.16 1.20 
-0.68 1.68 3.76 -6.75 -5.76 -1.60 
4.17 -11.64 7.64 6.05 10.13 14.19 -1.81 
4.93 1.15 8.00 -8.17 -2.86 -14.03 
# BPM : X>>Y   |   PS :  X>>Y  |  Tue Nov 14 23:16:41 2017
2.26 -1.75 3.82 -0.29 -2.58 2.68 
-0.50 2.93 0.67 -6.62 -4.81 -0.95 
7.12 -14.54 9.12 10.74 11.88 12.84 -6.54 
6.10 2.90 7.98 -7.74 -7.58 -13.02 
# BPM : X>>Y   |   PS :  X>>Y  |  Tue Nov 14 23:16:45 2017
2.13 -3.34 1.51 0.38 1.36 -1.15 
-0.60 2.83 0.71 -8.46 -5.15 1.53 
12.08 -10.40 13.33 12.12 13.50 10.04 -9.33 
6.68 3.04 6.87 -5.19 -8.95 -10.07 
# BPM : X>>Y   |   PS :  X>>Y  |  Tue Nov 14 23:16:49 2017
1.91 -4.24 4.83 -1.02 -0.85 3.78 
-0.76 4.39 0.26 -6.85 -5.67 -1.80 
13.82 -6.09 14.09 14.49 9.46 8.14 -9.53 
11.30 5.68 5.27 -1.44 -12.68 -9.15 
# BPM : X>>Y   |   PS :  X>>Y  |  Tue Nov 14 23:16:54 2017
1.90 -4.01 4.16 -2.07 1.62 0.38 
-0.70 6.48 1.81 -5.88 -6.68 -4.56 
14.85 -5.96 11.51 14.30 7.63 7.28 -14.13 
15.00 9.83 3.73 -0.16 -14.88 -5.26 
# BPM : X>>Y   |   PS :  X>>Y  |  Tue Nov 14 23:16:58 2017
2.03 -3.93 9.14 -1.00 1.96 1.89 
-0.68 6.61 2.94 -7.24 -6.88 2.28 
10.77 -1.54 11.28 11.34 4.76 3.58 -12.63 
13.50 12.82 -1.03 0.89 -11.97 -3.36 
