24.660
24.650
24.930
25.200
25.390
25.420
25.890
26.030
26.480
24.070
22.300
21.430
21.270
21.070
21.180
21.300
21.900
22.460
22.800
21.450
21.260
21.300
21.370
21.580
20.560
20.750
20.830
19.310
19.300
19.170
19.190
19.120
19.180
19.310
19.470
19.450
19.400
18.840
18.680
18.960
19.070
19.190
19.250
19.370
19.550
20.330
20.530
20.630
20.690
20.750
20.750
20.620
20.650
20.640
20.920
21.150
21.570
20.700
20.750
20.910
20.850
21.000
20.640
21.060
21.290
21.430
21.600
21.690
21.910
21.170
21.340
21.490
22.280
21.680
21.570
22.400
20.880
20.750
20.730
20.850
20.290
20.390
20.370
20.540
20.590
20.590
20.630
20.770
20.980
20.950
20.980
20.730
20.680
20.760
20.900
20.980
20.850
20.780
21.350
20.710
20.820
20.740
20.790
22.750
20.770
20.730
20.800
20.850
20.830
20.880
21.180
20.960
21.810
22.400
20.630
20.690
20.750
21.040
21.230
20.950
20.880
20.960
21.320
21.480
21.980
20.690
20.670
20.770
20.700
21.000
22.000
22.750
22.620
22.900
23.280
24.780
25.170
25.130
25.370
25.630
25.980
26.850
27.300
27.990
26.530
27.420
27.600
27.190
28.070
27.420
28.250
29.000
27.000
27.220
27.800
26.250
26.770
28.280
26.640
24.490
24.580
25.000
25.190
25.670
25.250
25.070
25.250
25.340
25.450
25.880
26.690
26.480
26.130
26.750
27.250
27.200
26.670
27.410
25.980
27.450
26.300
26.380
25.690
25.350
26.550
27.080
24.620
23.690
24.000
23.800
23.680
23.970
23.590
24.450
23.540
23.660
23.680
24.600
25.010
24.930
23.060
23.250
23.590
23.940
24.840
25.280
25.560
25.320
27.680
27.440
27.570
25.060
22.780
21.370
21.880
22.290
22.950
21.630
19.670
17.970
17.700
17.290
17.350
17.930
17.830
17.830
17.790
17.590
17.190
17.420
17.390
17.840
18.050
18.180
18.490
18.430
18.690
18.980
19.220
20.780
19.790
21.990
24.430
22.210
20.990
21.460
20.480
20.340
21.360
19.550
18.070
18.980
19.840
19.330
18.240
16.580
15.250
14.650
14.620
14.720
14.550
14.640
14.720
14.600
15.270
14.300
14.000
14.050
14.250
14.320
14.370
14.660
14.310
14.580
14.100
13.700
13.670
13.750
13.730
13.830
13.720
13.970
13.800
13.400
13.610
13.650
13.700
13.750
13.560
13.470
13.560
13.640
13.280
13.320
14.000
12.810
12.790
12.990
13.090
13.210
13.260
13.350
13.200
13.190
13.390
13.650
13.290
13.540
13.670
13.790
14.040
13.680
14.500
14.330
14.260
13.800
13.680
13.680
13.820
13.420
13.680
14.380
14.450
14.540
14.890
14.820
15.290
15.060
15.360
15.930
15.180
14.710
14.630
14.750
14.980
14.620
14.240
14.650
14.750
14.800
15.960
16.000
15.230
14.750
14.770
15.380
15.210
14.880
15.110
14.930
15.490
15.820
14.590
14.090
15.050
15.070
14.250
14.430
14.720
14.620
14.300
14.250
14.760
14.410
14.300
14.210
14.820
14.600
14.930
15.500
15.660
15.520
15.750
16.250
16.220
15.750
15.350
15.180
15.010
14.940
14.550
15.640
15.850
15.870
15.130
14.580
14.300
14.380
14.260
13.990
14.780
15.600
14.920
14.040
14.100
13.810
13.780
14.050
14.630
14.790
14.930
14.430
14.660
14.700
14.700
15.250
14.920
14.550
15.100
14.920
14.300
14.180
14.460
14.620
14.470
14.820
13.920
13.730
13.480
13.920
13.860
14.970
14.480
13.350
13.050
13.040
13.380
13.650
13.350
13.080
13.200
12.740
12.530
12.400
12.290
12.200
12.160
12.360
12.130
12.160
12.380
12.630
13.100
12.970
12.850
12.770
12.820
12.830
12.760
13.010
12.550
12.640
12.470
12.330
12.620
13.530
13.160
13.130
13.390
13.490
13.170
13.270
13.720
14.000
14.090
13.650
13.200
12.600
12.900
13.770
13.830
13.300
13.380
13.320
14.220
14.370
14.500
14.990
15.290
13.900
13.150
12.860
11.810
11.280
11.750
12.200
12.180
11.630
12.280
11.960
11.530
11.560
12.150
12.450
12.080
13.200
12.530
12.100
11.800
11.880
11.150
10.990
11.000
10.450
10.150
10.220
10.300
9.380
9.270
9.320
9.480
9.840
9.690
9.770
9.740
9.800
9.620
9.560
9.500
9.410
9.420
9.560
9.420
9.220
9.220
9.030
9.090
9.180
9.240
9.280
9.340
9.460
9.410
9.380
9.520
9.630
9.800
9.710
9.570
9.580
9.230
9.330
9.410
9.520
9.450
9.500
9.320
9.280
9.280
9.300
9.340
9.360
9.460
9.580
9.540
9.830
9.860
9.770
9.520
9.250
9.190
9.150
9.180
9.260
9.220
9.330
9.370
9.340
9.390
9.430
9.480
9.500
9.570
9.630
9.610
9.680
9.540
9.650
9.690
9.970
9.970
9.980
9.920
10.010
10.090
10.000
9.890
9.820
9.460
9.210
8.990
9.020
8.750
8.930
8.900
8.970
8.940
8.760
8.760
8.780
