13.030
13.000
13.030
13.190
13.240
13.390
13.200
12.760
12.820
12.700
12.770
12.610
12.780
12.470
12.390
12.320
12.360
12.280
12.490
12.790
12.360
11.880
12.050
11.550
11.550
12.020
12.350
12.040
11.960
11.900
12.630
13.060
13.010
13.000
13.000
12.310
12.350
12.200
12.170
12.710
12.800
13.560
14.000
14.210
15.900
15.420
15.410
15.870
15.770
14.070
13.220
13.240
13.650
13.800
13.570
13.190
13.290
13.240
13.000
13.250
12.870
12.800
12.700
12.630
12.510
12.350
12.460
12.600
12.560
12.480
12.450
12.300
12.520
12.570
12.640
12.700
12.610
12.690
12.640
12.840
12.800
12.450
12.250
12.270
12.350
12.400
12.450
12.310
12.280
12.400
12.380
12.360
12.310
11.930
11.980
11.990
11.800
11.770
11.800
11.960
12.230
12.360
12.280
12.420
12.480
12.430
12.510
12.720
12.500
12.230
12.180
12.170
12.120
12.220
12.200
12.110
12.110
12.280
11.470
11.800
11.840
11.640
11.900
11.790
12.350
12.470
12.550
12.530
12.650
12.620
12.820
12.680
12.730
12.820
12.850
12.720
12.790
12.950
12.680
12.800
13.040
12.810
12.720
12.700
12.720
12.780
12.740
12.690
12.600
12.690
13.000
13.200
13.500
13.000
12.870
12.900
13.100
12.990
13.120
12.990
13.020
13.060
12.860
12.960
12.750
13.010
13.350
13.270
13.340
13.470
13.480
13.640
13.290
13.240
13.230
13.380
13.250
13.130
13.320
13.570
13.770
13.720
13.780
13.810
13.860
13.990
14.420
13.900
13.840
13.800
13.660
13.810
14.010
13.490
13.150
12.380
12.410
12.080
12.150
12.160
12.590
12.190
12.000
11.810
11.910
11.880
12.000
11.880
11.790
11.640
11.700
11.720
11.530
11.350
11.130
11.530
11.480
11.310
11.430
11.450
11.600
11.120
10.800
10.800
11.250
11.390
11.490
11.400
11.480
11.300
11.400
11.110
11.100
11.160
11.090
11.450
11.100
11.060
11.020
11.210
11.530
11.520
11.570
11.620
11.430
11.650
11.550
11.800
12.430
12.400
12.320
12.010
11.850
11.810
11.880
11.920
11.390
11.050
11.260
11.990
11.930
12.120
12.170
12.180
12.100
12.180
12.160
11.810
11.770
11.630
11.590
11.650
11.440
11.290
11.120
11.140
10.800
10.950
10.850
10.880
10.550
10.400
10.110
10.200
10.260
10.080
10.140
10.280
10.200
10.500
10.690
11.100
11.400
11.000
9.950
10.200
10.250
11.150
11.260
11.180
11.470
11.070
11.200
10.710
10.300
9.900
10.850
10.850
10.060
9.370
10.010
9.500
10.830
12.100
13.350
12.910
12.650
12.760
11.760
10.590
10.360
11.400
10.730
11.460
11.400
13.040
14.320
15.280
14.650
13.700
14.820
14.600
14.280
14.420
15.100
15.020
15.500
15.280
15.490
15.420
15.800
15.500
15.600
15.660
14.940
15.270
15.620
15.860
16.480
16.680
16.670
16.760
17.500
17.500
17.090
18.650
17.410
16.490
16.740
16.700
16.580
16.330
16.350
16.730
16.000
17.100
17.280
17.000
16.900
14.930
14.130
13.480
12.860
13.800
14.160
14.160
12.870
11.700
10.640
11.660
10.780
12.900
14.790
14.000
16.380
16.800
18.320
16.850
16.500
16.000
16.090
15.860
16.990
18.010
18.410
18.230
17.900
18.000
19.500
20.000
21.000
19.250
16.580
16.280
15.280
15.160
15.790
16.050
15.840
14.450
13.770
12.840
12.340
11.180
11.580
10.950
9.630
9.630
9.600
8.880
8.980
9.130
9.570
9.600
9.380
9.060
9.530
9.460
9.620
9.940
9.770
9.620
9.500
9.500
9.200
9.940
10.170
10.140
9.990
9.550
9.360
8.980
8.930
8.970
8.900
9.400
8.760
7.990
7.880
7.870
8.190
8.000
7.710
7.790
7.710
7.680
7.510
7.390
7.390
7.110
6.960
6.730
7.120
7.110
7.120
7.300
7.410
7.340
7.050
7.180
7.330
7.370
7.390
7.340
7.350
7.340
7.230
7.300
7.550
7.960
7.830
7.870
7.720
6.850
6.830
6.640
6.650
6.500
6.580
6.440
6.350
6.070
6.400
6.500
6.490
6.690
6.360
6.280
6.310
6.520
6.360
6.600
6.550
6.350
5.750
5.660
5.630
5.650
5.570
5.440
5.680
5.750
5.860
5.760
5.730
5.800
5.530
5.430
5.310
5.500
5.500
5.620
5.500
5.450
5.430
5.490
5.390
5.300
5.260
5.230
5.310
5.070
5.140
5.150
5.120
5.150
5.130
5.210
5.150
5.320
5.160
5.380
5.350
5.290
5.420
5.540
5.380
5.290
5.280
5.080
5.100
5.020
5.170
5.110
5.030
4.960
5.120
5.160
5.180
5.200
5.220
5.140
5.180
5.200
5.060
5.050
4.960
4.930
4.950
4.870
4.970
5.040
5.100
4.910
4.820
4.760
4.720
4.720
4.710
4.740
4.740
4.670
4.580
4.570
4.400
4.350
4.460
4.410
4.510
4.590
4.530
4.560
4.490
4.500
4.480
4.430
4.450
4.520
4.500
4.480
4.500
4.520
4.550
4.440
4.380
4.330
4.310
4.280
4.260
4.250
4.250
4.180
4.210
4.150
4.180
4.140
4.210
4.160
4.110
4.040
4.050
4.000
4.080
4.050
