8.780
8.800
8.790
8.740
8.730
8.740
8.850
8.800
8.680
8.500
8.880
8.900
8.830
8.770
8.780
8.650
8.740
8.730
8.870
8.560
8.360
8.120
8.070
8.050
7.800
7.890
8.060
7.970
7.950
7.700
8.300
8.880
8.850
8.910
9.150
9.030
9.600
9.700
9.560
9.480
9.500
9.090
9.200
9.040
9.120
9.570
9.800
9.790
10.070
10.210
10.480
10.860
10.950
10.710
10.610
10.620
10.400
10.450
10.290
10.200
10.650
10.870
10.920
10.820
11.070
11.170
11.270
11.210
11.180
11.280
11.200
11.350
11.210
11.290
11.250
11.340
11.450
11.720
11.840
11.700
12.160
12.510
12.340
12.130
12.060
11.850
12.170
12.160
12.050
11.650
11.470
11.530
11.540
11.360
11.310
11.530
11.370
11.210
11.380
11.480
11.210
12.050
12.630
12.910
13.520
13.710
13.600
13.700
13.990
12.800
12.550
13.060
13.230
13.140
12.870
12.250
14.930
12.460
12.580
13.460
13.780
12.530
10.350
10.350
10.170
10.890
10.920
10.960
10.880
10.800
10.700
11.450
11.350
11.330
11.600
11.690
11.840
11.910
12.060
11.900
12.020
11.950
12.120
12.020
11.800
11.770
11.810
11.700
11.770
11.780
11.820
11.710
11.670
11.460
11.220
11.210
11.390
11.310
11.380
11.260
11.090
11.250
11.100
10.810
10.750
10.770
10.880
10.740
10.800
10.390
10.520
10.230
10.090
10.500
10.570
10.520
10.500
10.420
10.330
10.560
10.550
10.620
10.750
10.830
10.810
10.730
10.690
10.800
11.020
11.130
11.010
10.980
11.120
11.350
11.340
11.400
11.790
12.050
11.520
11.680
11.410
11.290
11.190
11.490
11.440
11.600
11.490
11.750
11.950
11.800
11.340
11.950
11.000
10.660
10.650
10.880
10.620
10.270
10.400
10.340
10.040
10.210
10.170
10.150
10.200
9.960
10.010
10.400
10.710
10.840
10.680
10.690
10.520
10.500
10.220
10.250
10.150
10.220
10.300
10.250
10.300
10.010
10.200
10.460
10.300
10.120
10.210
10.570
10.670
10.640
11.460
12.510
12.530
12.470
12.300
12.400
12.390
12.200
12.030
12.600
13.000
12.700
13.280
12.960
12.840
12.880
12.590
12.470
12.530
12.450
12.610
12.850
12.710
12.500
12.550
12.420
12.050
12.420
12.500
12.270
12.440
12.350
12.390
12.280
11.720
11.370
11.950
11.710
11.680
11.600
12.320
12.150
12.370
12.050
12.060
11.900
11.400
10.860
12.050
12.380
13.910
13.530
14.050
14.240
15.260
13.900
12.620
11.200
10.650
12.470
11.160
11.040
10.400
10.870
10.610
10.710
10.110
10.800
10.670
10.500
10.400
11.000
10.810
9.190
9.380
8.680
9.800
9.700
10.900
11.400
12.000
12.030
11.500
13.830
14.350
14.350
13.950
15.030
15.120
15.690
15.090
14.600
14.200
14.690
14.180
14.470
14.250
13.780
14.350
14.030
14.890
15.020
16.600
14.500
12.960
13.450
11.410
11.520
12.010
12.970
12.510
12.350
12.350
12.360
12.110
12.460
13.000
12.190
12.600
12.850
12.310
12.080
12.000
11.660
11.300
11.010
11.160
11.220
12.780
11.290
11.420
11.450
11.690
11.000
9.710
10.900
11.020
10.210
9.940
9.420
9.450
9.350
9.000
8.700
8.600
8.350
8.250
8.200
8.460
8.880
8.810
8.880
8.720
8.340
8.460
8.600
7.860
7.980
9.450
9.340
9.620
9.400
8.800
8.990
8.860
9.740
10.210
9.750
9.500
9.680
9.680
10.780
13.290
13.400
13.110
15.860
16.600
15.170
13.800
14.880
13.340
12.170
11.400
11.300
11.900
11.000
11.980
11.790
12.310
11.200
10.900
12.900
14.080
12.970
13.020
12.690
12.500
12.300
11.100
13.100
13.750
12.980
11.190
9.190
10.210
11.340
15.250
14.000
17.270
18.900
17.400
21.590
21.240
20.850
18.900
19.350
21.680
22.120
21.130
22.950
24.380
23.100
23.730
23.680
22.510
23.000
23.630
24.160
25.470
25.580
25.370
24.870
24.660
22.250
22.720
22.420
21.250
19.480
17.850
17.910
16.360
15.310
14.950
14.820
14.480
14.250
13.220
13.500
14.050
14.560
15.250
13.860
13.560
14.100
14.490
14.310
15.200
14.910
14.810
13.800
13.630
13.110
15.970
14.180
12.460
11.600
11.400
11.150
11.270
10.460
10.950
10.850
9.560
9.480
9.340
9.430
9.220
9.470
9.470
9.540
9.480
9.210
9.020
8.970
8.810
8.800
8.980
8.990
8.910
8.960
9.020
8.810
8.980
9.200
8.760
8.880
9.200
8.990
8.170
8.160
8.050
7.850
7.900
7.710
7.820
8.010
8.130
8.000
7.970
7.950
8.150
8.110
8.260
8.190
7.940
7.830
7.800
7.650
7.330
7.600
7.480
7.380
7.520
7.710
8.190
8.020
7.250
7.070
6.990
6.870
6.700
7.010
7.240
7.210
7.170
7.030
6.990
7.690
7.810
7.850
8.250
8.380
7.910
8.040
7.900
7.770
7.700
7.700
8.100
8.150
8.110
8.060
8.480
8.560
8.360
8.300
8.280
8.380
8.200
8.330
8.210
7.900
7.900
7.790
7.940
7.770
8.090
8.180
8.330
8.000
8.120
8.190
8.350
8.150
8.230
8.170
7.980
7.780
7.780
8.060
8.550
8.520
8.500
8.320
8.770
8.950
8.940
9.200
9.150
9.400
9.530
9.590
9.460
9.630
9.910
8.970
9.000
8.910
8.780
8.960
9.240
9.640
8.480
7.760
7.800
7.250
7.190
7.350
6.800
6.780
6.780
6.480
6.400
6.370
6.320
6.540
6.530
6.390
6.390
6.290
6.300
6.250
6.250
6.290
6.380
6.210
6.250
6.050
6.090
6.110
6.100
6.030
5.960
6.080
5.980
5.980
5.930
5.800
5.850
5.900
5.900
5.970
5.950
6.040
6.180
5.830
5.800
5.740
5.710
5.910
5.900
