-0.150
0.230
-0.030
0.160
-0.170
0.020
-0.020
-0.220
0.060
-0.010
-0.670
-0.280
-0.120
0.270
0.160
0.040
-0.070
0.160
-0.520
0.040
0.130
0.500
0.210
-0.140
0.510
0.010
-0.140
-0.050
0.270
0.030
-0.110
-0.250
0.150
-0.360
-0.070
0.150
-0.060
0.170
0.490
-0.150
0.030
-0.030
0.030
-0.190
0.230
-0.320
0.160
0.050
0.000
0.020
-0.090
-0.360
-0.220
-0.260
-0.390
-0.990
-1.130
-0.850
1.930
1.420
-0.400
-0.030
0.000
0.130
0.560
-0.510
-0.090
-0.260
-0.260
0.100
-0.200
-0.020
-0.060
-0.390
0.110
0.400
-0.090
0.130
-0.080
0.010
-0.030
-0.160
-0.100
-0.020
0.460
-0.060
-0.010
0.270
-0.010
0.290
-0.040
-0.020
0.150
0.010
-0.500
0.170
0.190
0.050
-0.110
-0.080
0.230
0.030
0.160
0.060
0.140
0.100
-0.130
-1.670
-0.020
-0.040
0.140
0.340
0.340
-0.140
-1.640
-0.150
0.000
-0.550
-0.380
0.040
0.240
0.030
0.270
0.260
0.190
-0.420
0.060
0.150
0.010
-0.530
0.180
0.080
-0.980
0.480
0.310
-0.010
0.580
-0.120
-0.700
0.610
-0.500
0.390
0.020
-0.340
-0.670
0.050
0.120
-0.910
-0.300
0.040
-0.300
0.010
0.320
-0.050
-0.130
-0.460
0.010
0.810
-0.090
0.330
0.570
-0.260
0.060
-0.520
0.350
-0.160
-0.280
-0.470
0.600
-0.370
0.100
0.410
0.000
-0.170
-0.240
0.090
-0.240
-0.130
0.090
-0.280
0.680
0.450
0.660
0.480
-0.340
0.180
-0.740
0.010
0.710
-0.330
0.770
0.150
-0.410
-0.100
0.410
-0.130
0.060
-0.160
-0.020
0.040
-0.310
-0.180
0.510
0.030
-0.190
0.290
-0.250
0.000
-0.200
-0.280
-0.470
0.320
0.170
0.350
0.260
0.230
0.040
-0.350
0.080
-0.300
0.240
-0.300
1.290
0.300
-0.020
-0.230
-0.030
-0.730
0.230
0.050
-0.390
0.190
-0.430
0.390
0.090
0.960
-0.260
0.420
-0.110
-0.230
0.160
-0.030
-0.170
0.430
0.340
-0.230
-0.130
0.440
0.130
0.400
0.020
0.320
0.310
-0.050
-0.510
0.150
-0.010
0.240
0.000
-1.260
0.180
-0.140
-0.130
-0.010
0.360
-0.190
0.710
-0.470
0.490
-0.130
0.040
0.380
0.430
0.190
-0.060
-0.840
-0.300
0.400
-0.010
-0.060
-0.220
-0.210
-1.410
-1.430
0.330
0.060
0.310
0.020
-0.300
-0.130
-0.260
0.470
-0.640
-0.900
0.070
0.910
-0.540
1.790
0.380
0.140
0.250
0.370
-0.010
-0.400
0.010
0.760
0.180
0.170
0.540
-0.780
-0.080
0.090
-0.440
0.020
-0.460
0.690
0.740
0.250
0.200
-0.370
0.760
-0.430
-0.190
-0.540
-0.130
0.380
-1.230
0.120
1.170
1.600
-1.100
-0.730
-1.980
0.120
-0.620
0.260
-0.360
1.330
0.050
1.730
-0.130
-0.750
0.450
0.540
0.960
-0.970
0.360
0.150
0.840
-1.760
0.110
0.660
0.040
0.800
0.920
0.440
-1.140
0.520
-1.050
0.100
-1.800
0.270
-1.970
0.400
-1.230
-2.280
-0.440
0.170
0.830
-1.360
-0.410
-1.920
2.360
0.430
0.500
0.650
0.600
0.030
0.190
0.430
-0.510
-0.030
-0.730
-1.160
0.110
0.390
0.260
-0.870
1.070
-0.280
-2.440
1.400
0.320
-0.320
0.200
0.050
0.490
-0.220
-0.260
0.130
-0.740
-0.770
1.270
-0.220
0.010
1.250
1.030
1.020
-0.420
-1.810
-1.170
2.080
-0.150
-0.410
-0.470
0.080
2.050
-1.180
-0.610
2.030
1.840
0.770
-0.560
0.230
0.890
0.310
0.700
0.130
0.080
-0.610
0.280
-1.400
-0.100
0.480
0.000
0.540
0.520
-0.480
1.530
-1.690
-1.210
0.860
-0.800
0.950
1.150
0.200
-1.750
-1.950
-0.450
1.810
-0.180
-2.030
-2.260
-2.510
-1.230
-2.580
2.630
-2.660
1.760
2.470
2.250
0.580
-0.550
0.810
0.890
0.710
0.260
1.800
0.190
0.480
-0.580
1.210
-1.770
-2.050
-0.700
0.240
-0.440
1.950
1.770
1.080
-0.190
-1.860
1.700
1.540
1.400
1.270
-1.410
-1.570
-1.750
-1.940
-2.160
-2.400
0.560
-2.600
-2.890
-1.700
0.690
-0.680
-2.430
1.240
0.780
-2.980
-3.100
1.280
-0.330
1.370
1.790
3.000
1.000
0.300
1.260
2.490
2.270
-0.560
-2.560
-0.010
0.850
0.690
0.710
1.020
0.530
0.180
0.080
-0.300
-0.280
-0.170
0.730
1.910
1.030
-1.380
-0.700
-0.850
0.040
0.560
-0.350
-0.490
0.090
-0.580
-0.380
1.250
0.310
-0.680
0.010
0.000
-1.600
-1.280
0.300
0.750
-0.300
-0.920
1.750
0.960
1.010
0.750
-0.200
0.740
1.820
-0.230
0.270
-0.370
0.720
0.400
1.210
0.000
0.230
0.200
-0.200
-0.140
0.210
0.510
0.060
0.320
1.040
0.100
-0.360
0.240
0.060
0.080
-0.190
0.050
0.180
0.220
0.290
0.010
0.140
0.140
-0.330
-0.420
-0.020
-0.070
-0.070
-0.440
-0.010
0.250
0.000
-0.400
0.680
0.140
0.190
0.260
0.360
-0.550
0.140
0.030
-0.020
0.260
-0.440
-0.150
-0.140
-0.230
-0.020
0.250
0.220
-0.530
0.210
0.290
0.040
0.050
-0.620
-1.570
-0.590
-0.650
0.960
0.050
-0.030
-0.140
0.530
0.680
-1.250
0.450
-0.720
0.610
0.090
0.000
-0.450
0.280
-0.070
-0.270
-0.080
0.330
0.090
-0.090
0.060
0.230
0.120
-0.300
-0.130
0.800
-0.650
0.010
-0.290
0.230
0.000
-0.190
0.760
0.420
-0.240
0.700
0.270
0.110
0.170
-0.480
0.120
0.220
0.220
-0.290
-0.340
-0.240
0.110
-0.220
-0.230
-0.010
-0.150
0.440
-0.250
-0.150
0.610
0.080
-0.240
1.140
-0.010
0.510
0.140
-0.260
0.460
0.200
-0.100
0.040
0.280
-0.100
0.060
-0.100
-0.010
0.200
0.250
0.040
0.020
-0.440
-0.070
-0.060
-0.290
1.160
-0.060
0.060
0.000
0.130
0.160
-0.010
0.050
0.050
-0.050
-0.070
0.040
0.180
-0.250
-0.120
0.460
0.290
0.180
-0.060
0.030
-0.060
-0.150
0.000
0.340
-0.170
0.020
0.050
0.180
-0.010
0.230
-0.070
-0.020
