7.430
7.340
7.360
7.280
7.280
7.250
7.270
7.330
7.390
7.190
7.240
7.370
7.390
7.410
7.350
7.350
7.340
7.300
7.260
7.300
7.250
7.260
7.140
7.120
7.110
7.010
7.090
7.150
7.180
6.980
7.080
7.250
7.360
7.360
7.400
7.380
7.360
7.350
7.420
7.360
7.330
7.310
7.540
7.880
7.920
7.980
8.080
8.220
8.430
8.620
8.640
8.750
8.700
8.700
8.790
8.880
8.820
8.810
8.880
9.050
8.890
9.080
9.190
8.890
8.740
8.640
8.480
8.550
8.590
8.610
8.460
8.440
8.460
8.480
8.520
8.610
8.550
8.600
8.670
8.570
8.630
8.730
8.740
8.720
8.630
8.700
8.730
8.760
8.750
8.780
8.760
8.780
8.790
8.760
8.720
8.800
8.810
8.770
8.820
8.790
8.740
8.660
8.660
8.640
8.640
9.060
8.710
8.630
8.680
8.720
8.640
8.550
8.600
8.690
8.750
9.210
9.360
9.360
9.470
9.530
9.480
9.410
9.390
9.340
9.320
9.400
9.400
9.310
9.300
9.290
9.430
9.450
9.550
9.660
9.400
9.530
9.460
9.630
9.290
9.970
9.990
10.100
10.050
10.030
9.950
10.040
10.060
10.230
10.310
10.090
10.020
10.060
10.230
10.090
10.100
10.080
10.090
10.090
10.100
10.040
9.770
9.630
9.870
9.890
9.870
10.100
10.150
10.080
10.310
10.260
10.960
10.660
9.690
9.490
9.500
9.310
9.220
9.030
9.110
9.100
9.120
9.170
9.140
9.220
9.260
9.520
9.330
9.330
9.340
9.330
9.340
9.360
9.450
9.370
9.360
9.360
9.360
9.540
9.580
9.610
9.800
9.640
9.630
9.650
9.650
9.560
9.690
10.390
9.980
10.010
10.000
9.900
9.690
9.790
9.880
10.030
10.020
10.210
10.450
10.550
10.540
10.750
10.570
10.540
10.550
10.670
10.760
10.780
10.770
10.750
10.580
10.660
10.800
10.750
10.850
10.720
10.890
10.590
10.320
10.220
10.070
10.310
10.440
10.460
11.400
11.970
11.960
12.130
11.600
11.280
12.170
12.150
11.600
11.510
11.550
11.560
11.560
11.310
11.420
11.400
11.350
11.610
11.500
10.950
10.980
10.940
11.410
11.690
11.660
11.440
10.880
10.580
10.640
10.840
11.010
10.940
10.830
10.720
10.710
10.700
10.740
10.270
10.340
10.370
10.440
10.770
10.830
10.830
10.850
10.780
10.370
10.680
10.580
10.860
10.850
10.880
10.780
10.810
11.020
10.540
10.980
10.410
10.160
10.170
10.150
10.130
10.020
9.350
9.250
9.250
9.360
9.170
9.130
8.640
8.480
8.210
8.080
8.330
8.480
8.030
7.300
7.910
7.960
8.810
8.780
8.880
8.690
8.700
8.810
8.670
8.370
8.580
8.600
8.500
8.530
8.310
8.380
7.990
8.450
8.240
8.950
8.650
8.530
9.300
9.680
9.270
9.330
9.220
8.670
9.560
9.740
9.970
9.990
10.960
10.810
10.610
11.780
11.660
11.580
11.460
11.960
11.820
12.160
12.470
12.710
12.630
11.800
11.510
11.600
11.280
11.100
11.310
11.440
11.400
11.900
11.930
11.900
11.830
11.670
11.800
12.210
13.000
13.200
12.850
12.680
13.040
12.620
12.540
12.820
12.690
12.990
13.530
12.300
12.380
12.200
12.330
12.430
12.240
11.720
11.890
13.040
13.270
13.740
12.490
11.350
10.320
9.380
8.660
8.600
8.810
8.300
8.090
8.450
8.100
8.940
26.570
26.680
27.450
26.440
24.990
24.600
22.780
23.120
22.690
22.580
22.480
21.550
21.050
20.500
21.150
23.500
23.720
21.560
19.600
19.750
21.940
24.380
25.500
27.300
26.390
29.320
27.960
28.180
27.780
29.000
28.400
26.200
25.340
25.480
26.800
24.600
27.320
28.200
29.080
26.670
29.300
32.560
32.510
29.550
27.900
25.360
26.260
25.380
27.030
30.030
29.260
26.600
29.560
38.960
35.420
34.470
33.600
32.880
30.660
27.870
27.390
25.880
25.570
25.580
26.020
25.800
24.780
25.000
24.830
24.840
25.030
25.700
25.090
24.810
25.400
25.560
25.300
25.470
26.400
26.000
24.270
24.190
24.060
24.680
23.270
23.050
22.580
23.800
23.620
23.520
23.950
23.520
23.170
23.040
22.330
21.830
21.700
22.090
21.590
22.800
24.180
24.550
24.200
23.320
23.000
22.820
21.670
21.100
22.650
23.180
22.750
23.250
23.280
24.370
24.860
24.180
24.000
24.590
24.800
24.960
24.400
23.500
22.910
22.450
22.850
22.670
23.000
24.500
23.080
20.980
20.350
20.310
20.130
20.150
20.460
20.170
19.800
18.660
18.880
18.690
19.370
19.350
19.330
19.550
20.300
19.720
20.080
18.790
17.080
16.180
16.000
16.150
16.000
14.880
13.530
12.300
11.180
10.160
9.240
