26.900
26.930
26.850
26.660
26.220
26.600
26.580
26.830
26.650
26.500
27.480
28.660
28.320
28.410
28.930
28.480
28.620
28.260
28.200
27.910
28.930
28.550
28.280
28.400
27.890
29.040
30.290
31.130
30.740
30.100
30.200
31.680
31.590
32.830
30.160
24.510
24.780
25.020
24.150
24.020
23.460
23.600
22.940
22.890
23.150
23.390
23.500
22.610
23.320
23.000
23.000
24.400
24.970
24.910
25.810
26.100
26.890
27.450
25.890
24.910
25.390
25.890
25.900
25.720
25.470
25.410
26.150
26.080
26.010
26.020
25.800
26.600
26.700
26.580
27.180
27.150
27.080
27.190
27.100
27.260
27.530
27.650
27.650
27.250
27.210
27.480
27.500
27.410
27.730
27.520
27.770
28.190
28.050
27.910
27.900
27.800
28.000
27.820
27.750
28.070
27.900
27.830
27.780
27.310
27.130
27.530
27.300
27.070
27.420
27.360
26.910
27.020
27.450
27.180
26.900
27.390
28.350
28.010
27.720
28.090
28.050
27.670
28.280
29.480
29.330
29.660
29.710
28.320
28.280
28.100
28.400
28.380
29.830
29.810
28.800
28.690
28.370
28.900
30.530
30.120
30.200
30.900
31.830
32.720
28.850
28.600
27.790
26.370
26.020
25.850
26.080
26.050
26.040
26.130
25.460
25.130
25.040
25.100
25.250
25.030
24.840
24.910
25.430
25.280
24.800
24.120
23.710
23.720
23.740
23.570
23.680
24.110
24.080
23.960
23.900
23.710
23.500
23.660
23.550
24.950
25.110
25.110
24.610
24.940
24.850
25.110
25.100
25.060
24.900
25.090
24.800
25.400
25.200
25.510
25.850
25.960
26.060
25.810
25.160
24.850
24.890
25.350
25.300
24.500
25.130
25.100
25.150
25.120
24.580
25.500
25.410
25.790
28.440
28.000
27.740
27.020
26.620
26.450
26.370
26.750
26.950
26.780
25.950
26.200
26.450
26.370
26.850
27.010
26.420
26.550
26.650
26.990
26.690
25.890
25.010
26.380
26.010
26.200
26.680
24.350
24.260
23.420
23.520
24.000
25.660
25.880
25.790
25.750
25.520
25.400
23.950
23.570
23.690
23.200
23.400
23.330
23.900
23.260
23.500
23.010
23.930
22.730
22.700
22.200
23.000
22.980
22.900
23.860
25.010
25.300
24.300
24.150
23.800
24.400
24.150
23.760
24.070
24.200
24.400
26.800
26.750
27.450
27.300
27.100
26.600
27.000
26.200
27.270
27.700
27.220
26.910
27.990
27.370
26.520
26.710
26.880
27.260
27.510
26.530
26.830
25.230
23.800
23.400
24.200
23.960
22.900
23.760
24.700
22.750
23.810
22.930
22.810
21.520
20.780
21.000
22.800
23.830
25.700
26.000
26.880
25.950
25.970
25.030
23.930
22.730
24.120
24.020
22.600
22.780
21.860
21.880
21.450
20.980
22.650
24.720
23.600
24.480
25.500
24.600
23.500
23.950
23.700
24.800
25.510
26.100
26.800
28.780
31.100
29.700
32.940
36.380
37.450
36.110
37.380
38.720
38.810
38.350
38.200
38.880
38.380
38.000
36.550
37.000
36.300
36.000
36.360
36.360
36.800
37.110
35.000
36.550
34.500
37.620
41.700
40.510
39.060
40.210
40.470
40.100
40.000
41.350
42.000
42.800
43.000
44.250
44.480
41.210
41.170
40.500
39.570
38.500
40.630
39.600
37.540
37.820
36.150
37.830
38.910
38.000
39.210
39.020
38.360
38.010
36.170
34.810
34.800
32.010
30.390
30.090
29.690
29.010
29.360
28.850
29.700
28.910
28.580
29.080
26.270
26.890
27.680
25.500
26.810
29.790
32.150
32.010
31.160
27.830
29.500
27.680
30.760
34.180
33.000
30.760
34.180
37.980
42.200
46.890
49.800
42.150
43.110
46.010
43.340
39.080
37.390
37.270
39.810
43.010
39.010
43.160
47.950
49.000
46.580
44.020
41.500
41.610
40.010
35.930
39.920
44.350
40.320
35.000
27.260
30.290
33.700
37.440
41.600
46.220
51.360
48.560
53.960
59.960
66.620
71.560
75.920
82.580
80.300
74.000
80.890
82.160
76.600
67.020
65.000
64.820
62.000
54.110
50.180
45.010
46.570
43.530
48.370
43.010
39.970
36.340
33.040
30.040
27.270
26.510
27.210
26.740
26.470
27.940
27.610
26.160
23.000
22.090
21.890
22.020
23.310
22.800
22.750
22.820
22.550
22.670
21.010
21.430
21.800
20.250
19.790
17.740
17.200
17.610
17.540
17.590
17.800
17.880
17.610
17.710
17.290
16.550
16.080
16.010
15.900
16.100
15.530
15.250
15.640
15.740
15.580
15.210
15.070
14.850
14.800
15.950
15.960
16.000
15.960
15.720
15.880
16.590
17.580
17.420
18.020
18.040
17.840
17.300
16.740
17.330
19.100
18.620
17.000
16.830
17.260
17.100
16.010
15.870
15.820
15.890
15.720
15.510
15.350
15.160
14.900
14.630
14.850
14.680
14.680
14.740
15.520
15.580
15.600
15.520
15.700
16.150
16.180
16.070
16.010
15.620
15.120
15.150
15.440
15.800
16.000
16.170
15.780
16.250
16.420
16.800
16.830
16.770
16.800
16.780
16.470
16.400
16.360
16.580
16.510
16.370
16.360
16.680
16.460
16.110
16.620
17.280
17.230
17.280
17.340
16.680
16.700
16.540
16.560
16.480
16.290
15.850
15.720
15.860
15.800
16.480
16.450
16.100
16.510
16.820
16.420
16.610
16.800
16.420
16.380
16.210
15.380
15.200
15.360
15.030
15.120
15.090
15.270
14.810
14.920
14.580
14.360
14.420
14.830
14.840
14.730
14.920
14.880
15.080
15.450
14.880
14.600
14.700
14.800
14.600
