10.680
10.720
10.630
10.510
10.010
10.120
10.140
9.850
9.930
9.770
9.770
10.020
9.970
10.070
10.140
10.350
10.370
10.340
10.320
10.210
10.080
10.140
9.940
9.920
9.840
9.660
9.920
9.900
10.020
9.750
9.700
9.910
10.080
10.190
10.320
10.290
10.010
10.030
9.960
10.040
10.310
10.150
10.260
10.690
10.920
10.920
10.670
10.420
10.340
10.360
10.310
10.720
10.630
10.920
10.490
10.790
11.000
11.760
11.910
12.240
12.160
12.360
12.270
12.290
11.970
11.970
11.780
11.700
11.820
11.720
12.080
12.330
12.530
12.210
12.460
12.370
12.060
12.150
12.360
12.370
12.340
12.920
12.890
13.940
13.680
13.790
13.790
13.970
13.870
14.880
14.950
14.980
14.480
14.460
13.710
14.140
13.760
14.170
14.120
13.490
13.410
13.410
12.910
13.060
12.690
11.600
12.890
12.820
12.800
12.640
12.320
11.820
12.160
12.300
12.050
12.640
12.840
12.960
12.860
13.400
12.590
12.100
11.800
11.860
11.900
12.030
11.490
11.270
11.210
11.150
11.340
11.130
10.430
10.920
10.950
10.880
10.700
10.980
10.310
10.310
10.180
10.250
10.080
9.540
9.700
9.670
9.550
9.690
9.730
9.770
9.470
9.520
9.470
9.130
9.150
9.080
9.100
9.150
9.130
9.200
8.890
8.810
8.860
8.830
8.840
8.690
8.690
8.880
8.850
8.860
8.960
8.960
8.890
9.050
9.120
9.120
8.980
8.910
8.950
8.940
8.940
8.930
8.840
8.530
8.250
8.280
8.220
8.520
8.540
8.540
8.540
8.500
8.440
8.470
8.450
8.780
8.760
8.730
8.790
8.590
8.620
8.770
8.910
8.900
8.980
9.140
9.070
9.190
9.160
9.210
9.340
9.300
9.360
9.360
9.380
9.150
8.990
9.120
9.220
9.200
9.170
9.260
9.060
9.110
9.090
9.100
8.950
8.800
9.270
9.250
9.080
9.300
9.330
9.310
9.380
9.540
9.400
9.480
9.500
9.850
10.000
10.120
9.950
9.970
9.910
9.330
9.300
9.100
9.340
9.620
9.300
9.570
9.660
9.110
8.610
8.440
8.490
8.710
8.530
8.550
9.360
9.500
9.260
9.350
9.290
9.270
8.770
8.550
8.600
8.600
8.700
8.580
8.760
8.780
8.630
8.430
8.400
7.980
8.030
8.260
8.000
7.960
7.950
8.210
8.760
8.760
8.550
8.400
8.600
8.600
8.290
8.260
8.130
7.790
8.070
8.410
8.850
8.970
8.920
8.780
8.700
8.650
8.990
8.870
8.450
8.160
7.770
7.820
7.500
7.440
7.250
7.090
7.450
7.310
7.140
7.040
6.890
6.690
6.810
6.570
6.260
6.270
6.280
6.440
6.410
6.100
6.120
6.150
5.880
5.890
6.200
6.050
6.360
6.180
6.030
5.920
5.890
5.930
5.950
5.770
5.840
5.670
5.540
5.500
5.320
5.370
5.190
5.380
5.440
5.710
5.580
5.450
5.730
5.790
5.510
5.540
5.820
5.810
6.120
6.440
6.780
7.120
7.490
7.290
7.610
8.010
8.070
7.980
7.970
8.120
7.990
8.020
8.080
8.020
8.040
8.000
7.890
7.920
7.930
7.810
7.730
7.910
8.020
8.060
7.860
7.780
7.630
7.540
7.540
7.680
8.070
8.220
8.230
7.930
8.010
8.010
7.890
7.930
8.050
7.890
8.220
8.480
8.250
7.860
7.900
7.820
7.930
7.650
7.590
7.620
7.440
7.420
7.380
7.420
7.420
7.370
7.350
7.740
7.800
7.430
7.410
7.240
7.550
7.600
7.240
6.900
6.740
6.690
6.700
6.890
6.800
6.480
6.370
6.510
6.400
6.240
6.130
6.290
6.050
6.370
6.710
6.650
6.850
6.630
6.460
6.410
6.750
7.110
7.020
6.690
6.930
7.290
7.670
8.070
8.490
8.940
9.230
9.720
9.270
8.990
8.830
8.710
8.660
8.250
8.000
8.150
8.350
7.950
8.010
8.190
8.610
8.530
8.980
9.450
9.160
8.720
8.690
8.690
8.280
7.930
8.150
8.580
8.770
8.350
7.950
7.570
7.970
8.390
8.830
9.290
9.780
10.290
10.200
10.740
11.300
11.470
11.220
11.600
12.210
12.680
12.960
13.640
13.640
13.460
13.500
12.970
13.190
12.790
12.180
12.470
13.100
12.810
12.200
12.830
13.510
12.870
12.260
11.680
11.120
10.590
10.410
10.150
10.210
10.330
10.060
10.210
10.240
9.920
9.500
10.000
10.280
10.820
10.820
10.990
10.930
11.510
11.270
10.740
10.760
10.540
10.040
9.940
9.470
9.970
10.490
10.190
10.090
10.480
10.830
10.710
10.750
10.430
10.010
9.990
9.990
10.080
9.800
9.960
10.220
10.020
10.150
9.590
9.350
9.180
9.070
9.020
9.210
9.340
8.870
8.950
9.130
9.190
9.200
9.180
9.170
9.200
9.250
8.780
8.780
8.830
8.730
8.620
8.250
8.430
8.550
9.470
10.000
11.110
11.070
11.030
10.840
10.950
11.320
11.500
11.400
11.040
11.330
10.770
10.580
10.100
10.070
9.880
9.850
9.840
9.670
9.900
9.800
9.540
9.650
9.410
9.850
9.610
10.360
11.510
11.600
11.380
11.380
11.500
12.540
12.600
12.300
12.400
12.130
11.400
11.520
11.040
10.500
11.380
11.350
10.430
10.240
10.380
10.230
10.210
10.470
10.580
10.590
10.580
10.820
10.590
9.960
9.050
8.880
8.930
8.890
9.060
8.740
9.240
9.300
9.300
9.280
9.420
9.360
9.180
9.410
9.390
9.170
8.840
8.400
8.700
8.750
8.730
8.940
8.200
7.450
7.400
7.490
7.720
7.850
7.840
7.900
8.040
8.050
7.710
7.530
7.530
7.200
6.920
7.160
7.030
7.130
7.180
7.390
7.210
7.170
7.310
7.140
7.140
7.180
7.040
7.170
6.950
6.850
6.720
6.620
6.590
6.850
7.070
7.030
7.200
7.510
7.180
6.890
7.050
7.380
7.600
7.540
7.550
7.350
7.050
7.050
7.150
6.500
6.170
5.610
5.100
4.790
4.690
4.710
4.710
4.400
4.300
4.360
4.460
4.380
4.250
4.210
4.180
4.110
4.120
4.140
