24.650
25.000
25.320
25.190
25.450
26.300
26.790
26.620
26.300
25.700
25.640
25.770
25.600
25.500
25.500
25.660
25.880
26.340
25.680
25.350
25.310
24.730
25.120
26.410
26.230
26.430
26.770
25.950
25.310
25.450
25.900
25.660
25.990
26.250
26.410
26.660
27.400
26.650
26.810
27.130
27.100
27.150
26.650
26.960
27.170
27.790
28.250
28.650
27.980
27.680
28.500
26.100
26.250
26.380
26.000
26.080
26.500
26.160
26.170
26.340
26.380
26.400
26.180
26.600
26.500
26.390
26.480
24.420
25.450
24.460
24.990
25.450
23.810
24.170
23.850
23.380
21.480
21.710
21.980
22.360
21.900
22.280
22.320
22.540
22.590
22.450
23.100
22.400
21.480
21.930
22.180
22.380
22.440
22.950
22.110
20.900
20.640
19.200
19.290
18.470
18.470
18.480
18.980
18.200
18.390
18.560
19.350
19.430
18.920
19.310
17.550
16.420
17.570
17.540
17.540
17.700
18.050
18.350
18.780
19.270
21.410
24.660
22.840
22.870
22.580
21.900
21.910
22.180
21.760
21.750
21.230
22.380
22.800
23.100
21.800
20.610
20.800
22.150
22.220
22.350
23.490
25.700
23.630
26.250
31.300
29.110
29.110
27.620
26.580
25.970
24.390
24.520
24.590
25.650
26.770
27.530
27.190
26.400
24.580
24.880
25.320
24.080
22.400
21.620
20.830
21.110
21.740
21.900
22.550
21.490
22.220
22.500
22.970
22.140
21.000
21.010
20.000
19.980
19.530
20.000
18.600
18.510
17.550
16.810
16.900
16.950
16.710
16.970
17.120
16.370
16.000
16.660
16.650
16.210
15.590
14.600
13.440
13.460
13.440
13.330
13.260
12.850
12.990
13.300
13.170
12.880
12.710
12.320
12.280
12.370
12.830
12.950
14.150
14.240
14.500
14.600
14.850
15.100
14.870
14.750
14.660
15.820
15.310
14.870
14.520
14.660
14.700
14.740
14.990
15.060
14.450
14.660
14.680
14.790
14.450
14.800
14.730
13.680
13.730
13.750
13.800
13.540
13.390
14.450
14.650
14.870
15.190
15.330
15.400
15.250
14.630
14.490
14.900
15.410
15.810
15.950
16.140
16.230
16.420
16.360
16.190
16.270
16.350
16.570
16.500
16.370
16.520
16.590
16.380
16.600
16.750
16.450
17.010
17.600
17.580
17.720
17.360
17.010
17.190
17.200
17.390
17.330
16.830
16.900
16.750
16.120
16.560
16.650
16.360
16.780
16.980
17.010
17.360
17.420
17.610
17.500
17.680
17.000
17.830
17.800
18.130
18.200
18.100
18.100
18.080
17.440
17.560
18.150
18.100
18.540
16.850
15.320
13.930
12.660
