33019.71
45179.23
30250.61
32814.27
23410.85
20897.48
40454.04
30837.23
58001.04
52796.15
58664.41
38771.94
37525.78
42179.44
36203.06
60796.65
48866.13
83149.95
36161.13
34378.68
35186.14
36505.55
26447.11
18508.70
34715.46
89295.12
27351.73
29696.78
37500.39
31743.05
47058.31
57732.10
27973.40
28361.14
38275.09
49089.91
23134.96
27511.71
39241.69
22595.25
31492.51
50754.66
41894.18
45469.35
53735.67
40944.29
38095.85
80181.88
78270.33
39780.53
85684.46
45606.00
90283.04
70930.23
65712.55
87404.03
121563.68
137656.05
280597.41
207092.16
89738.48
149505.44
110722.14
50087.04
39666.49
70679.31
66652.22
76484.25
85295.54
74958.70
116291.95
63576.46
117808.13
153980.52
96909.19
110767.43
97950.76
164155.03
84188.58
129113.65
108330.85
90840.36
66687.48
108673.98
43422.54
61223.10
54888.05
52148.45
80808.46
57976.57
104634.82
71665.91
88844.53
92985.05
94945.08
153673.81
123483.38
116195.34
162687.84
89831.87
84155.69
146050.81
98675.66
112250.37
41161.01
43534.25
38349.88
56093.40
82126.64
79055.83
65794.93
71038.18
99752.56
159021.69
122492.51
155166.73
146610.84
186803.44
271213.28
339193.69
543508.00
131410.03
43605.19
31591.14
46848.50
34016.55
49462.97
46983.90
78690.15
60473.43
28757.66
38290.35
58150.44
26674.47
30028.84
47941.76
41263.71
52698.61
30727.97
43165.69
32839.42
27865.68
42649.93
78468.51
44119.11
30734.06
57896.00
73432.21
83072.51
88920.85
67695.27
49049.32
57997.70
47955.29
62561.10
65154.16
73778.52
103237.33
106419.49
116541.60
124452.45
166837.09
72039.93
115025.30
134193.91
100228.37
67740.00
118762.35
134733.45
101610.32
112855.96
157496.50
231404.38
170333.09
154889.77
261908.86
84483.64
114993.21
83784.93
153274.56
98361.96
91374.07
61439.91
71764.47
85221.99
103775.51
129046.93
145615.06
143180.80
185799.25
318254.75
294388.03
101712.60
112269.57
204926.66
136039.23
376207.09
239435.47
26406.28
26463.07
39834.11
69110.89
31126.34
34752.95
41564.13
34205.96
40259.41
51029.87
46206.90
35288.19
56237.29
54196.18
44350.15
51897.40
26526.51
26399.66
33986.00
30325.27
35925.60
23299.19
23511.86
40951.22
22607.92
40756.80
32618.40
48979.98
93438.17
77124.51
71675.43
52895.49
85688.74
34266.83
38511.47
53374.06
70169.05
45084.14
63767.96
78707.38
79899.98
89622.24
79454.65
66402.34
106219.03
113303.19
123180.28
91387.78
55710.83
74862.05
62782.60
49263.89
36699.83
47401.96
43387.10
27930.75
46372.59
38543.57
39950.89
32220.62
57628.43
62817.55
34758.64
44386.88
42808.08
40372.95
47707.48
59918.01
28505.54
42508.45
37272.45
34493.83
29639.35
35362.21
40234.44
32758.53
38644.31
32071.39
27736.54
33958.45
45704.09
31051.92
21254.51
44291.89
54416.14
47018.93
60270.36
45054.12
34357.96
38247.89
38374.33
34229.22
45461.54
45467.73
68883.06
113554.31
84020.11
71510.18
100334.26
120855.90
135268.62
69121.91
90948.09
87109.78
102123.41
120165.88
94110.03
79523.28
104098.58
57204.88
69810.05
79787.49
53449.37
82110.45
80614.65
110853.02
138526.61
121359.09
87340.52
61835.44
56006.16
63857.00
55956.14
73977.66
100219.50
158276.44
151479.12
103203.43
138061.27
94208.34
80968.58
64158.42
79505.25
104069.99
70470.50
87388.44
148296.92
143179.31
236770.62
155230.12
117721.26
46133.20
61717.71
85526.51
76098.48
84335.23
55999.13
69855.66
57464.45
90888.76
82744.50
63355.91
77478.90
65998.30
87323.55
85079.08
87355.16
83101.18
83467.07
69531.31
76210.94
91682.72
98193.29
17191.00
75286.55
136467.31
71301.25
91396.27
120483.51
103181.44
137963.58
126010.05
137293.31
163662.38
207257.28
286775.56
223272.80
167028.12
215636.86
254810.23
211945.00
336063.22
298861.41
283553.38
205311.05
146711.53
117353.35
92325.74
50064.27
76432.97
110387.57
113176.21
118016.07
95145.64
72537.92
116249.71
190885.86
83469.97
98730.05
123432.45
84385.49
122418.61
163205.81
185128.59
174347.52
170639.30
143753.94
149167.19
148084.73
82795.41
116643.52
188904.05
187174.88
138046.91
153499.36
220059.67
281441.09
207735.98
231559.69
141003.05
166985.48
143909.59
128535.90
112598.91
100270.00
127710.71
88076.79
91043.64
2890.00
79875.87
58297.32
47990.05
69140.92
77520.47
91650.34
103124.04
94263.23
76025.32
124613.58
96663.29
94460.88
106132.22
92412.84
104224.09
118579.47
100488.69
89169.94
102005.37
130509.50
139575.94
151856.44
120035.56
147707.80
107012.87
97932.43
126930.40
137661.44
216061.16
210454.88
302703.22
276687.00
177662.97
204272.08
208528.30
172516.55
115222.17
80274.00
158763.59
106516.72
129402.30
122501.32
204682.09
147814.81
189044.84
158708.45
239045.45
188649.45
190806.91
156842.72
281306.72
253373.77
192059.47
253970.44
331027.72
227190.58
111077.90
336740.16
6306.00
29332.00
184944.88
208562.91
108958.92
93600.85
150027.94
80752.38
48608.09
58207.77
75132.83
67126.78
54534.64
49022.15
52313.43
45352.97
53786.73
81700.54
54050.97
79944.20
69883.89
85171.58
91497.89
56072.68
79832.27
88428.99
65017.89
76394.52
87287.92
114071.67
71577.67
64634.96
59113.86
80601.81
98370.18
66450.24
75030.77
45191.09
71945.87
87384.89
83810.35
103574.05
130213.96
87528.97
42817.50
47204.76
60854.48
56320.42
102982.29
90190.60
92645.68
54986.65
72832.77
119560.71
78759.96
167581.80
85616.62
118420.45
90810.59
83458.37
121700.50
144009.53
93244.45
58229.48
56611.97
74120.36
78402.16
115568.16
73114.63
71480.59
88844.39
114423.70
75300.11
52250.05
79501.52
36566.89
97642.68
74304.10
78481.40
73485.48
134453.05
60439.36
79301.25
115213.70
91318.21
116397.90
1360.00
59292.20
45722.93
41247.71
22095.61
21661.37
25898.75
53968.17
54162.56
52421.62
51355.94
50962.84
36516.55
42507.22
41448.76
66834.74
88280.61
74678.43
111153.57
159568.45
119602.80
104878.55
105710.70
121911.78
45587.43
42906.69
38713.62
47172.62
66365.14
46199.35
82511.93
52118.30
53175.08
31155.75
27009.27
36725.27
27067.60
32364.89
33956.49
38149.31
45218.23
49874.12
32089.58
49695.36
74437.96
62097.95
111570.25
82436.81
77644.92
124610.79
94462.89
173988.27
110294.01
105398.07
95028.06
127808.10
314196.59
127569.33
54343.10
55610.73
44032.73
39727.81
22697.11
30508.47
30885.45
27163.56
31416.88
64852.36
68762.60
83632.24
58703.61
85784.58
42483.61
42417.07
74725.02
49996.59
51885.69
58946.51
85732.30
59053.89
36838.84
33210.40
45234.78
49239.87
40996.16
47203.75
104280.03
52167.66
52341.91
64215.55
57796.30
60641.36
86287.19
67624.29
72026.03
83476.51
77035.63
90916.33
108814.26
46397.25
58365.74
59689.31
97680.61
65980.56
105895.63
51753.55
51015.78
59746.07
73150.33
77739.94
108024.22
130277.87
65981.51
70177.76
53476.79
29800.69
44422.86
43053.36
54498.31
33467.59
72327.75
67417.32
41027.60
79562.52
71570.95
34583.25
50380.18
51815.03
64654.53
55367.47
43532.84
36137.77
46150.90
55120.27
32704.09
38119.85
32485.10
54244.54
74885.43
41735.28
33052.32
46511.88
62459.50
22391.79
22108.93
41383.89
22521.44
53754.28
26664.18
84070.39
24371.98
40884.35
47473.48
57675.47
