19.010
18.500
18.230
19.240
20.100
20.220
20.320
20.600
19.930
20.120
20.140
20.930
21.820
21.790
21.580
21.670
22.000
22.020
22.110
21.830
21.310
21.440
21.070
21.200
22.000
22.220
21.210
23.550
24.030
24.020
25.350
24.170
23.230
23.380
24.630
24.720
23.930
23.850
23.370
22.870
22.500
22.210
22.560
22.410
22.430
22.200
21.680
21.590
21.250
20.920
21.060
21.080
21.410
21.380
21.350
21.250
21.100
20.800
20.920
21.100
20.910
20.930
20.900
21.000
21.150
21.180
20.900
21.210
21.210
21.300
21.110
20.850
21.200
20.330
20.260
20.180
20.170
20.100
19.900
19.700
19.850
19.900
19.530
19.650
18.000
19.480
19.000
20.510
20.810
21.900
22.420
22.410
22.300
22.330
22.250
22.340
21.800
21.750
22.450
22.200
22.000
22.810
23.140
23.220
23.200
23.380
23.860
24.070
24.850
22.430
22.540
24.880
24.920
24.460
24.450
23.800
24.790
24.780
24.240
24.610
24.150
23.830
24.250
25.000
25.340
25.230
25.050
25.110
24.560
25.120
25.180
25.390
22.750
21.900
22.690
22.900
22.800
22.400
22.080
22.150
21.550
21.800
22.070
22.030
21.510
21.630
22.020
21.750
22.070
21.910
21.960
22.010
21.620
21.620
21.200
21.160
21.100
21.130
21.880
21.890
21.970
21.700
21.220
21.770
21.550
21.780
21.500
22.580
22.830
22.730
23.030
22.710
21.830
21.550
20.290
20.260
20.240
20.490
20.330
19.530
19.260
19.510
19.900
20.070
19.710
19.110
18.820
18.600
18.890
18.920
18.990
18.760
18.900
18.700
18.410
18.300
18.220
18.600
18.370
18.200
19.660
19.600
19.730
20.130
20.090
19.680
19.580
20.000
19.910
19.700
19.000
20.520
20.880
20.710
21.350
21.330
20.810
21.270
21.400
22.060
20.430
20.100
19.610
19.720
19.120
19.070
19.030
19.080
18.970
18.610
18.760
19.280
20.060
20.150
20.110
20.180
20.220
20.000
19.450
19.400
19.540
19.250
19.710
19.850
20.160
19.420
19.600
19.500
19.860
19.490
19.900
19.900
20.510
20.760
20.800
22.500
23.010
23.140
22.000
23.300
23.000
23.300
23.130
22.800
23.580
24.630
22.700
23.620
23.400
23.720
23.600
23.690
23.100
23.510
23.000
24.000
23.600
23.320
22.940
23.860
23.130
22.700
23.550
23.880
24.350
24.360
24.800
24.340
23.770
22.700
22.600
23.000
23.300
22.300
23.720
22.000
21.560
22.700
22.250
24.000
23.230
21.520
21.350
23.720
26.350
27.500
26.200
24.200
22.000
20.000
21.240
23.000
22.650
22.020
21.880
24.120
25.200
26.780
25.700
27.550
29.000
25.210
27.000
29.800
30.510
31.310
31.600
31.480
33.100
32.900
28.880
28.000
28.810
27.190
26.800
26.380
25.170
27.500
26.910
26.920
28.720
27.900
28.310
28.110
30.200
31.560
26.880
24.510
25.180
24.410
23.520
23.850
25.900
25.050
24.830
25.550
25.070
26.100
28.500
27.800
28.880
28.210
30.700
26.000
23.100
22.270
23.990
22.720
19.660
17.050
16.470
16.670
16.280
15.810
15.230
14.530
14.370
13.450
13.350
13.060
12.890
12.700
12.510
12.560
13.180
13.250
13.780
12.500
13.010
12.130
11.400
11.340
12.600
13.800
13.650
13.660
12.530
12.750
12.860
14.290
15.030
14.800
14.300
12.400
13.770
15.300
16.820
17.630
17.410
19.340
20.220
20.450
18.900
17.900
18.000
17.370
17.010
16.060
16.680
17.100
15.230
15.010
16.510
15.510
17.010
18.900
20.700
20.580
20.800
20.380
18.400
18.400
20.440
22.710
25.230
26.600
25.250
23.240
22.880
20.200
18.880
20.030
20.530
20.140
21.840
22.600
22.310
21.800
20.990
21.000
21.900
23.170
21.000
20.720
19.200
21.330
22.390
19.760
18.780
19.510
19.700
19.310
19.010
18.120
16.330
16.300
16.000
16.100
15.360
14.050
13.550
14.550
14.600
14.910
14.930
14.620
14.550
15.990
14.900
14.710
14.410
13.880
13.940
14.730
14.200
14.570
14.620
14.300
13.810
13.330
14.150
14.660
14.260
13.810
13.600
13.310
13.740
13.500
12.930
11.750
10.680
9.710
8.830
