24.500
24.480
24.520
23.800
23.660
24.020
24.170
24.510
24.030
23.600
25.520
25.700
25.610
25.520
25.050
24.860
25.130
24.710
25.000
23.610
23.750
24.020
23.060
22.730
21.910
21.810
22.730
23.020
22.410
22.010
22.100
23.700
23.390
25.200
25.870
24.680
26.060
26.890
26.300
26.300
25.300
25.600
27.380
30.050
30.590
30.130
30.100
28.780
28.830
27.950
28.280
31.360
33.210
34.220
33.960
32.830
34.800
35.550
35.800
34.700
34.600
36.100
36.910
35.910
33.500
34.900
36.190
35.300
36.180
35.980
35.100
34.320
32.360
30.400
30.310
30.800
30.570
31.040
30.050
30.060
30.010
30.020
30.060
31.010
31.010
31.400
30.320
29.810
29.940
29.500
29.750
30.480
30.770
30.040
29.750
29.510
29.700
29.350
29.440
27.980
27.510
27.010
27.000
26.130
25.900
26.070
25.900
25.480
25.010
25.430
25.120
24.990
25.060
24.520
22.700
25.000
26.410
26.550
27.300
26.320
26.510
25.990
26.250
26.380
26.780
26.270
26.240
26.350
25.800
26.290
26.600
25.780
25.510
24.950
24.600
24.450
24.680
24.600
25.140
25.900
26.000
24.670
25.190
25.060
25.140
25.790
25.480
26.520
26.620
25.950
26.550
26.850
27.650
27.900
27.620
27.580
27.620
27.700
26.730
25.700
25.820
24.880
25.850
25.620
25.930
25.300
25.280
25.300
25.300
25.810
25.600
25.900
24.750
24.400
24.300
35.960
36.580
36.400
37.090
36.870
37.270
35.980
35.200
35.310
35.760
36.690
36.800
36.220
34.830
33.110
34.180
33.550
33.610
33.320
32.420
32.210
32.800
33.100
32.280
32.510
32.600
32.380
33.110
33.800
34.380
33.300
33.400
33.000
33.230
32.350
31.520
31.880
32.500
31.980
31.740
31.610
31.010
31.200
31.000
29.880
30.030
31.200
31.330
32.350
31.400
31.330
32.310
32.700
33.030
33.060
32.990
32.900
32.650
32.800
33.520
33.050
32.300
32.110
32.690
31.750
31.850
32.010
33.490
33.330
32.770
30.300
31.830
30.520
31.350
30.580
30.100
30.100
27.600
27.300
27.700
28.900
29.000
28.520
28.430
28.080
27.300
26.330
25.850
25.200
24.400
24.310
24.200
24.650
24.510
24.310
24.400
25.420
25.160
24.910
24.700
25.520
25.590
25.550
26.920
27.590
27.000
26.870
26.520
26.200
26.700
26.550
25.320
25.250
25.210
25.900
28.080
28.310
28.680
28.510
28.850
27.680
27.300
26.850
27.800
28.330
27.680
27.350
28.180
28.000
27.410
28.000
28.560
27.400
27.350
27.200
26.400
25.000
24.750
24.750
27.480
29.900
29.000
28.260
27.220
27.350
26.850
26.610
25.600
25.580
24.220
23.660
23.500
24.010
23.900
25.210
25.000
25.700
24.730
24.180
24.300
22.520
22.470
24.740
26.830
26.810
26.100
23.960
24.040
23.550
26.170
28.180
26.180
23.100
25.050
27.830
30.920
33.510
35.650
35.050
38.150
39.400
39.520
36.870
37.520
36.990
35.100
32.500
31.360
32.500
30.700
30.460
33.100
35.000
32.280
30.980
34.360
37.700
36.500
36.030
34.180
33.800
32.100
27.280
30.190
30.540
29.880
26.100
20.620
22.910
25.450
27.560
30.620
34.020
36.100
30.590
33.990
37.770
41.890
44.800
39.220
43.580
46.540
45.000
47.260
51.300
52.010
56.340
52.130
51.000
52.300
51.930
45.100
45.710
47.000
45.220
40.260
41.590
42.100
44.310
40.190
39.090
35.720
35.100
31.940
30.580
30.200
30.100
30.600
29.700
28.990
27.700
27.600
29.450
30.500
30.250
31.010
30.700
32.100
35.080
33.400
33.400
31.190
27.380
27.250
26.370
24.000
23.410
24.010
24.200
23.110
22.600
23.770
22.020
21.600
21.430
21.200
21.350
21.500
20.870
20.800
20.880
20.820
21.090
20.500
20.420
20.130
19.500
19.070
18.760
18.690
18.660
19.150
19.040
18.690
18.650
18.780
18.550
18.750
18.810
18.250
18.100
18.150
18.040
17.760
17.640
17.510
17.430
17.100
17.040
17.100
17.550
18.080
17.900
18.010
18.110
18.380
18.730
18.460
18.380
18.250
18.170
17.900
17.520
17.130
17.910
17.910
18.370
17.050
17.020
17.280
17.500
17.680
17.410
17.400
17.910
17.910
18.000
18.520
17.430
17.080
16.980
18.040
18.740
19.510
19.660
20.450
19.090
19.380
19.200
17.870
19.850
19.480
18.400
18.800
18.370
18.550
18.700
19.010
19.510
19.700
19.470
18.850
18.770
18.560
18.530
19.010
18.300
18.400
18.320
18.600
18.900
19.910
20.280
21.050
20.300
19.560
17.800
17.700
17.810
17.810
17.360
16.600
16.900
16.550
16.630
16.610
16.600
16.400
17.610
17.870
17.050
16.310
16.540
16.710
16.600
16.590
16.590
16.670
16.660
16.200
15.960
15.880
16.600
16.210
16.100
16.600
17.500
17.760
17.580
17.680
17.650
17.710
18.370
18.180
17.580
14.930
15.030
14.330
14.250
13.560
13.490
13.220
13.100
13.060
13.110
12.870
12.890
12.870
12.800
12.780
13.240
13.300
13.680
13.650
13.210
13.100
