9.310
9.120
9.210
9.130
9.130
9.120
9.070
9.150
8.890
8.930
9.030
9.060
9.050
8.900
8.980
8.840
8.970
8.900
9.070
8.900
9.000
8.730
8.680
8.690
8.650
8.600
8.650
8.560
8.420
8.350
8.450
8.700
8.620
8.500
8.710
8.440
8.390
8.280
8.320
8.700
8.640
8.740
8.780
8.990
9.090
8.920
8.840
8.600
8.550
8.470
8.680
8.730
8.700
8.470
8.580
8.700
8.490
8.540
8.650
8.050
8.170
8.180
8.160
8.000
7.990
8.100
8.270
8.340
8.440
8.470
8.500
8.400
8.370
8.370
8.510
8.500
8.480
8.410
8.340
8.300
8.440
8.520
8.570
8.510
8.550
8.490
8.540
8.480
8.610
8.630
8.410
8.350
8.330
8.190
8.300
8.270
8.380
8.400
8.330
8.310
8.250
8.260
8.290
8.320
8.340
8.280
8.200
8.150
8.180
8.170
7.990
7.960
7.990
7.970
8.300
8.420
8.440
8.470
8.540
8.490
8.520
8.470
8.450
8.460
8.270
8.300
8.430
8.460
8.400
8.580
8.390
8.320
8.250
8.410
8.390
8.380
8.440
8.250
8.750
8.810
8.810
8.710
8.850
8.940
9.010
9.010
9.000
9.160
9.130
9.180
9.200
9.230
9.230
9.250
9.250
9.210
9.290
9.350
9.240
9.120
9.200
9.110
8.900
8.890
9.000
8.970
9.130
9.210
9.180
9.150
9.060
8.950
9.080
9.070
9.120
9.090
9.170
9.130
9.280
9.180
9.120
9.510
9.510
9.430
9.600
9.480
9.690
9.870
10.080
9.850
9.900
9.260
9.320
9.480
9.300
9.160
9.180
8.850
8.740
8.760
8.740
8.980
8.950
9.070
8.920
8.900
8.720
8.800
8.890
8.800
8.810
8.630
8.590
8.610
8.400
8.200
8.230
8.360
8.370
8.170
8.250
8.180
8.140
8.130
8.080
8.150
8.160
8.530
8.440
8.350
8.510
8.550
8.560
8.620
8.700
8.850
8.630
8.640
8.580
8.710
8.420
8.360
8.270
8.300
8.100
8.210
8.280
8.320
8.130
8.030
8.240
8.070
7.990
8.060
8.100
8.050
8.170
7.990
8.000
8.290
8.330
8.320
8.460
8.400
8.250
8.300
8.080
8.050
8.120
8.090
8.290
8.140
8.090
7.970
8.000
8.180
8.300
8.240
8.250
8.300
8.460
8.450
8.690
9.160
9.160
8.920
8.960
8.600
8.500
8.530
8.490
8.630
8.510
8.450
8.840
8.850
8.910
9.190
9.210
9.130
8.820
8.980
8.470
8.380
8.370
8.160
8.090
8.170
8.080
8.200
8.190
8.160
8.210
8.180
8.460
8.470
8.230
7.920
8.100
8.140
8.020
7.980
8.200
8.310
8.800
8.800
8.250
8.880
7.720
7.540
7.630
7.660
8.450
8.330
8.420
8.600
7.700
7.580
7.370
7.150
6.820
7.220
7.070
6.990
6.730
6.810
6.570
6.630
6.780
7.160
7.400
7.320
7.200
7.480
7.150
6.870
7.360
7.040
8.230
8.110
8.150
8.130
8.410
8.380
7.970
8.990
8.900
9.010
8.720
9.320
8.700
8.610
8.300
8.050
8.020
7.800
7.450
7.450
7.420
7.320
7.460
7.450
7.350
7.670
7.800
7.720
7.620
7.600
7.530
7.400
8.090
8.330
8.300
8.090
8.010
7.990
7.950
7.860
7.850
7.550
8.060
7.710
7.650
7.790
7.640
7.470
7.400
7.200
7.180
7.180
7.370
7.100
7.260
7.160
7.200
6.820
6.520
7.280
7.250
7.480
7.380
7.060
7.300
7.250
6.620
6.440
6.480
6.220
6.200
6.150
6.250
6.380
6.380
6.350
6.560
6.250
6.240
6.400
6.050
6.000
6.990
6.730
6.720
6.630
6.120
6.160
5.870
6.830
6.900
6.580
6.110
6.250
6.250
6.970
8.400
8.660
8.020
9.480
9.100
8.170
7.600
7.570
7.830
7.510
7.180
7.180
7.500
7.100
7.140
6.700
6.900
6.420
5.990
6.800
7.390
6.740
6.800
6.590
6.390
5.750
5.070
5.640
5.130
4.660
4.240
4.830
6.380
6.120
7.120
7.990
7.470
8.700
9.090
9.990
10.020
10.090
10.600
11.120
10.750
11.700
10.840
10.420
10.700
10.370
10.580
10.700
10.750
11.050
10.460
9.510
8.960
8.700
9.160
9.580
9.480
9.330
9.250
8.440
8.330
7.420
7.190
7.300
6.800
6.680
6.800
6.110
5.760
6.080
6.430
6.890
6.620
6.570
6.470
6.900
6.700
6.800
6.900
6.870
7.200
7.000
5.980
5.870
5.810
5.700
5.480
5.490
5.440
5.740
5.320
5.120
5.230
5.140
5.230
5.080
4.870
4.870
4.770
4.550
4.430
4.400
4.440
4.290
4.250
4.210
4.350
4.220
4.110
4.160
4.180
4.110
4.060
4.080
4.080
4.080
4.030
4.000
3.910
3.890
3.870
3.870
3.970
4.080
4.060
4.040
4.050
4.060
4.070
4.090
4.180
4.080
4.060
4.030
3.870
3.780
3.980
4.060
3.990
4.050
4.040
4.230
4.340
4.430
4.350
4.500
4.500
4.410
4.400
4.410
4.260
4.240
4.200
4.090
4.360
4.600
4.750
4.440
4.220
4.270
4.220
4.000
3.900
4.060
4.010
4.220
4.120
4.040
4.030
4.120
4.070
4.030
4.090
4.040
4.070
3.870
3.930
4.000
3.920
3.860
3.870
3.820
3.740
3.930
3.870
3.960
3.930
4.000
4.060
4.390
3.800
3.770
3.680
3.530
3.560
3.600
3.760
3.740
3.830
3.840
3.800
4.070
4.310
4.270
4.290
4.330
4.390
4.380
4.170
4.180
4.100
4.100
4.150
4.220
4.220
4.170
4.240
3.980
3.960
3.930
3.930
3.780
3.740
3.780
3.720
3.700
3.700
3.700
3.380
3.400
3.630
3.250
3.240
3.320
3.220
3.220
3.070
3.090
3.020
2.990
3.010
3.040
3.040
2.990
2.990
3.070
3.000
2.990
2.960
2.970
2.960
2.960
2.960
2.930
2.900
2.860
2.860
2.840
2.840
2.820
2.870
2.860
2.870
2.840
2.780
2.780
2.850
2.800
