5.150
5.100
5.110
5.060
5.080
5.060
5.110
5.130
5.050
5.110
5.230
5.270
5.250
5.240
5.250
5.190
5.190
5.110
5.280
5.200
5.190
4.920
4.880
4.820
4.660
4.980
4.980
4.970
4.930
5.000
5.230
5.410
5.450
5.370
5.380
5.320
5.340
5.370
5.520
5.870
5.860
6.100
6.160
6.130
6.190
6.250
6.220
6.250
6.400
6.150
6.570
6.600
6.600
6.760
6.840
6.940
7.100
7.170
7.290
7.020
7.020
7.070
6.960
6.850
6.750
6.910
6.870
6.920
6.930
6.860
6.970
7.060
7.320
6.920
7.000
7.000
6.900
6.960
6.950
6.980
7.070
7.090
7.120
6.930
6.890
7.090
7.060
7.080
7.160
7.190
7.180
7.170
7.130
7.050
7.170
7.050
7.050
7.100
7.100
7.080
7.040
7.090
7.260
7.010
7.120
7.760
7.080
7.030
6.990
6.890
6.720
6.830
6.870
6.750
7.050
7.140
7.410
7.660
7.740
7.730
7.800
7.770
7.720
7.710
7.860
7.940
8.120
7.350
7.480
7.580
8.220
7.700
7.150
7.050
6.940
6.880
7.000
7.100
7.630
7.660
7.680
7.620
7.560
7.630
7.800
7.740
7.800
7.910
7.880
7.860
7.940
7.960
7.900
7.890
8.080
8.110
8.130
8.100
8.180
8.020
8.150
7.880
7.900
7.940
7.930
7.910
7.860
7.900
7.960
7.910
8.000
7.990
8.360
8.220
8.320
8.270
8.610
8.080
8.540
8.490
8.590
8.430
8.330
8.300
8.500
8.710
8.880
8.840
8.700
8.780
8.760
8.620
8.780
8.850
8.700
8.970
9.110
8.500
8.230
8.180
8.230
8.280
8.180
8.370
8.020
7.690
7.800
7.800
7.740
7.740
7.760
7.720
7.730
7.640
7.530
7.510
7.570
7.620
7.600
7.510
7.580
7.520
7.460
7.500
7.680
7.680
7.790
8.100
8.070
7.990
8.090
8.090
7.850
7.800
7.850
7.910
7.830
7.850
7.770
7.810
7.800
7.890
7.780
7.840
7.700
7.850
7.800
7.800
7.470
7.400
7.520
7.500
7.350
7.560
7.680
7.650
7.670
7.350
7.330
7.650
7.890
7.810
7.810
7.840
7.770
7.720
7.450
7.460
7.480
7.560
7.610
7.620
7.640
7.550
7.680
8.150
8.140
8.070
8.000
8.050
8.500
8.700
9.310
9.380
9.170
9.140
8.940
8.940
8.980
9.200
8.760
8.700
8.830
8.490
8.680
8.500
8.550
8.470
8.450
8.170
8.330
8.240
8.350
8.520
8.430
8.310
8.350
8.440
8.280
8.480
8.660
8.490
8.810
8.740
8.860
8.720
8.450
8.300
8.730
8.500
8.470
8.130
8.560
8.360
8.780
8.510
8.820
8.600
8.220
8.000
8.870
8.880
9.600
9.830
9.620
9.580
9.500
9.200
8.880
8.590
8.250
8.550
8.250
8.120
8.290
8.290
7.990
8.000
8.000
8.620
9.000
8.600
8.550
8.680
8.040
6.900
7.200
6.640
7.390
7.280
7.800
8.270
8.760
8.590
8.570
10.160
10.450
10.250
10.250
10.670
10.480
10.620
10.490
10.230
10.090
10.180
9.930
10.030
9.780
9.710
9.660
9.850
9.900
10.470
10.390
9.060
8.990
9.230
9.100
9.250
10.150
9.900
9.650
9.680
9.570
9.630
9.600
9.860
9.810
8.900
8.760
9.100
8.800
8.680
8.640
8.550
8.540
8.110
8.150
8.310
8.880
8.650
8.550
8.650
9.010
8.060
7.500
8.240
8.600
7.600
7.340
6.950
7.140
6.980
6.840
6.380
6.370
6.170
6.140
6.120
6.300
6.660
6.560
6.410
6.530
6.200
6.210
6.380
5.930
6.120
7.100
6.820
6.980
6.710
6.380
6.200
6.010
7.100
7.700
7.160
7.000
7.400
7.400
8.510
9.610
10.760
10.200
10.660
9.690
8.810
8.060
7.600
8.340
8.590
8.650
8.300
8.100
9.540
10.130
9.700
9.640
9.100
9.060
8.480
7.650
9.500
8.950
8.140
8.820
8.420
10.100
10.500
9.990
11.400
11.950
13.170
13.130
13.450
14.990
16.190
15.980
16.590
17.500
16.430
16.060
15.710
16.500
16.300
16.080
16.130
16.710
16.210
17.300
17.450
15.860
14.420
13.110
11.920
10.840
9.850
8.950
8.140
7.340
7.270
7.120
7.630
7.780
7.800
8.010
8.100
7.750
7.830
7.690
7.700
8.040
7.270
7.510
7.490
7.500
7.480
7.620
7.490
7.510
7.550
7.480
7.690
7.620
7.800
7.600
7.430
7.340
7.540
7.830
7.740
8.000
8.000
8.160
7.940
8.000
8.300
8.200
8.250
8.200
8.230
8.080
8.070
7.960
8.190
8.400
8.520
8.490
8.150
8.380
8.320
7.980
8.150
7.830
7.900
7.770
7.850
7.980
8.030
7.770
7.730
7.700
8.000
7.990
8.000
7.930
8.100
7.950
7.800
8.030
8.130
7.850
7.660
7.650
7.610
7.450
7.410
7.360
7.200
7.210
7.230
7.310
7.290
7.210
7.270
7.450
6.670
6.690
6.790
6.850
6.840
6.640
6.780
7.040
7.030
7.040
7.000
6.830
6.870
6.990
6.300
6.230
6.320
6.430
6.420
6.510
6.830
6.760
6.700
6.600
6.700
6.790
6.760
6.840
6.870
6.610
