8.860
8.870
8.930
8.950
8.770
8.800
8.950
9.140
8.790
8.620
8.770
8.740
8.780
8.770
8.690
8.730
8.800
8.500
8.640
8.580
8.440
8.280
8.220
8.180
8.120
8.230
8.350
8.300
8.220
8.260
8.260
8.260
8.270
8.330
8.360
8.220
8.250
8.090
8.100
8.460
8.390
8.430
8.570
8.610
8.500
8.460
8.420
8.330
8.270
8.210
8.440
8.430
8.390
8.500
8.580
8.610
8.750
8.550
8.570
8.440
8.480
8.510
8.500
8.370
8.400
8.630
8.640
8.530
8.680
8.570
8.550
8.650
8.740
8.710
8.900
8.860
8.720
8.840
8.660
8.540
8.560
8.680
8.760
8.630
8.590
8.640
8.570
8.500
8.650
8.720
8.690
8.730
8.600
8.400
8.530
8.390
8.380
8.450
8.460
8.510
8.420
8.370
8.330
8.250
8.270
8.240
8.260
8.140
8.110
8.020
8.070
8.090
8.020
8.060
8.280
8.440
8.560
8.610
8.750
8.570
8.670
8.640
8.540
8.560
8.550
8.540
8.580
8.800
8.630
8.520
8.460
8.400
8.370
8.300
8.270
8.160
8.180
9.020
9.010
9.140
8.950
8.950
8.950
9.090
8.900
8.900
8.930
8.970
8.980
9.080
9.120
9.070
9.140
9.260
9.290
9.130
9.070
9.190
9.220
9.030
9.130
9.180
9.120
9.400
9.500
9.320
8.950
9.020
9.260
9.070
9.050
8.890
8.870
8.960
8.790
9.140
9.000
9.010
9.270
9.420
9.530
9.350
9.340
9.600
9.400
9.650
9.870
9.700
9.450
9.340
8.980
9.160
8.950
8.710
9.010
8.510
8.500
8.340
8.320
8.650
8.600
8.700
8.200
7.920
7.610
7.760
7.750
7.660
7.750
7.720
7.770
7.750
7.670
7.510
7.430
7.580
7.650
7.660
7.470
7.430
7.360
7.350
7.260
7.630
7.870
7.600
8.080
7.600
7.980
7.450
7.270
7.270
7.270
7.260
7.300
7.270
7.100
7.200
7.100
7.080
7.040
6.960
7.200
7.250
7.130
7.290
7.150
7.230
7.120
6.830
6.820
6.920
7.010
7.110
7.210
7.170
7.150
7.230
6.970
6.990
6.940
6.880
7.010
7.060
6.910
6.830
6.860
6.930
7.060
6.910
6.960
7.000
7.270
7.210
7.410
7.770
7.660
7.600
7.320
7.220
7.380
7.380
7.230
7.200
7.220
7.100
7.720
7.710
7.820
7.800
7.830
7.680
7.680
7.550
7.700
7.860
7.780
7.460
7.550
7.500
7.210
7.410
7.610
7.700
7.460
7.600
7.400
7.260
6.980
6.760
6.960
6.880
6.780
6.590
6.710
6.800
6.990
6.850
6.980
7.050
6.610
6.620
6.990
7.340
7.700
7.660
7.770
7.710
7.770
7.780
7.830
7.710
7.350
7.680
7.530
7.160
6.930
6.800
6.580
6.600
6.640
7.240
7.360
7.250
7.450
7.400
7.150
7.060
7.560
7.010
7.550
7.750
8.160
8.410
9.010
9.000
8.750
10.200
10.370
9.790
9.600
9.470
9.410
9.580
9.580
9.570
9.340
9.450
9.350
9.300
9.130
8.770
9.040
9.060
9.050
9.360
9.350
9.440
9.280
9.360
9.150
9.300
10.110
10.210
10.370
9.900
9.830
9.760
9.630
9.900
9.770
9.440
9.420
9.740
9.750
9.480
9.310
9.190
9.150
8.720
8.670
8.880
9.300
9.330
8.720
8.850
8.930
8.530
8.190
9.080
8.940
8.910
8.750
8.320
8.600
8.470
8.110
8.060
8.020
7.780
7.760
7.660
7.620
7.850
7.700
7.850
7.760
7.480
7.420
7.670
7.050
7.480
8.700
8.800
8.990
8.760
8.280
8.900
7.830
9.010
9.860
9.570
9.190
9.180
9.100
10.400
12.220
13.030
12.990
15.010
14.310
14.390
12.500
13.000
13.160
12.400
12.530
12.600
12.630
12.980
11.430
10.190
11.190
11.090
11.130
12.400
13.800
13.670
13.220
13.000
13.560
12.920
12.310
12.420
13.960
13.270
12.430
10.970
9.300
9.230
9.660
9.550
10.400
11.540
10.580
12.000
13.000
14.420
13.950
13.700
14.550
15.500
15.400
15.980
16.820
16.350
15.500
15.360
15.150
15.700
14.390
14.510
14.960
14.430
13.680
13.460
14.660
14.100
13.950
13.500
13.700
12.720
12.690
11.950
11.850
12.510
12.510
12.510
12.550
11.660
11.370
12.060
12.860
13.570
12.570
12.600
12.460
13.160
12.700
12.790
13.000
12.700
11.880
11.450
11.260
11.200
11.350
11.580
11.480
10.710
11.080
11.590
11.250
11.330
11.120
10.910
11.110
11.160
10.850
10.850
9.760
9.800
9.840
9.600
9.460
9.450
9.230
8.820
9.050
8.970
9.170
9.150
9.040
9.380
9.220
9.170
9.000
9.030
8.820
8.710
8.910
8.930
8.850
8.750
8.700
8.620
8.740
8.400
8.560
8.380
8.610
8.770
8.770
8.600
8.990
9.080
9.390
9.170
8.910
9.200
9.080
8.990
8.580
8.880
8.690
8.720
8.760
8.680
8.820
9.170
9.150
8.730
8.350
8.460
8.390
8.310
8.160
8.080
7.930
7.790
7.850
7.820
8.070
8.150
7.850
7.820
7.810
7.770
7.570
7.500
7.840
7.800
8.250
8.210
8.070
8.060
8.200
8.320
8.000
8.130
7.950
7.900
7.790
7.920
7.820
7.820
7.940
8.000
8.020
7.850
8.060
7.910
7.980
7.850
7.880
7.940
7.870
7.740
7.720
7.600
7.380
7.320
7.280
7.530
7.730
7.770
7.610
7.740
7.980
8.130
8.130
8.000
8.200
8.150
7.950
7.960
7.840
7.760
7.890
7.880
7.830
7.800
7.770
7.590
7.500
7.760
7.690
7.480
7.630
7.480
7.380
7.260
7.130
7.180
7.080
6.950
6.900
7.090
7.060
7.310
7.370
7.360
7.410
7.160
7.120
7.130
7.070
7.110
7.200
7.190
7.060
7.100
7.200
6.930
6.980
6.860
7.030
6.950
6.890
6.980
6.960
6.870
6.890
6.960
6.830
6.680
6.620
6.810
6.810
7.000
6.750
6.610
6.600
6.790
6.610
