11.520
11.590
11.740
11.790
11.870
11.900
12.000
11.980
11.980
11.800
11.950
12.280
12.380
12.080
11.880
11.990
12.310
12.170
12.480
13.230
12.310
11.380
22.300
22.200
22.120
22.430
21.400
20.980
20.960
20.890
21.550
22.060
22.100
22.160
22.490
22.050
21.830
21.760
21.800
22.140
22.100
23.340
23.530
23.750
24.060
24.210
24.160
24.160
24.110
23.840
23.800
23.980
24.350
24.290
24.660
25.070
25.880
26.040
26.200
25.340
24.780
24.740
24.830
24.690
24.110
24.420
24.550
24.180
24.620
25.150
25.250
25.150
25.490
25.880
26.460
26.290
26.050
26.240
26.180
25.900
25.970
26.280
26.280
26.090
25.500
25.770
25.830
25.730
26.110
25.580
25.310
25.620
25.610
25.270
25.200
25.300
25.680
25.760
25.800
26.130
26.100
26.140
26.480
25.520
25.280
25.150
25.210
25.190
26.160
26.700
24.620
24.350
24.450
24.720
26.270
26.650
26.530
26.870
26.790
26.950
27.280
27.060
27.050
26.580
25.500
25.740
25.870
25.350
25.280
25.430
25.740
25.900
25.800
25.970
25.550
25.570
25.430
25.450
27.490
27.460
27.950
27.800
27.820
27.640
28.350
28.200
28.480
28.570
28.310
28.480
28.800
28.860
29.190
29.460
29.650
29.740
29.850
29.680
29.820
30.230
30.010
30.000
29.970
30.020
30.500
30.050
30.360
30.450
30.480
30.530
31.190
31.650
32.770
33.070
34.180
32.070
32.380
31.850
31.540
31.880
31.650
31.560
30.490
29.700
29.580
29.770
30.800
31.290
31.700
33.000
31.800
31.480
30.150
31.610
31.780
30.200
28.390
27.350
27.460
26.170
26.120
26.200
26.480
26.710
26.780
26.530
26.400
26.720
26.680
26.500
26.250
26.410
26.640
26.240
26.150
25.590
25.900
26.360
26.030
26.250
25.850
25.840
26.510
24.880
25.100
25.500
25.800
27.150
27.100
27.640
28.000
27.350
27.260
27.170
27.490
27.500
28.010
28.380
27.450
28.260
28.400
28.080
28.440
28.680
27.270
26.900
26.660
27.370
27.410
27.180
26.950
27.720
26.840
27.790
27.190
25.760
23.820
23.950
23.800
24.830
24.780
25.000
25.230
25.150
24.870
25.490
24.400
23.780
23.500
23.450
23.880
23.820
23.850
23.580
23.980
23.750
25.230
24.700
22.830
22.760
23.750
23.830
24.000
26.000
25.960
26.480
26.360
25.780
24.670
24.950
24.200
24.500
24.660
25.260
26.900
26.880
25.970
25.100
25.100
23.650
23.350
23.370
23.500
24.300
24.380
23.850
23.180
23.790
23.620
23.900
25.170
24.600
25.970
24.740
25.230
25.300
24.980
24.250
23.350
23.350
23.150
21.910
22.300
22.750
23.000
23.230
24.000
24.750
24.000
22.850
23.250
23.640
25.240
25.680
26.070
27.120
27.280
25.340
24.640
24.120
23.490
22.980
22.380
21.410
21.580
20.330
20.200
20.190
20.870
22.780
23.380
22.500
23.350
23.280
23.470
22.400
22.160
21.480
22.450
21.730
23.500
24.980
26.130
27.280
28.060
32.180
34.000
35.790
33.530
34.390
31.900
29.800
29.810
29.580
28.780
28.190
28.500
27.700
27.580
27.390
25.900
26.580
26.500
26.990
27.380
28.080
27.280
26.980
27.440
27.900
29.420
31.090
30.200
28.790
29.780
29.850
28.020
28.970
30.180
28.570
28.890
29.700
29.480
27.700
28.100
26.790
26.800
26.500
26.000
26.370
27.290
28.240
27.710
27.680
27.180
25.600
23.430
24.910
25.750
25.350
26.550
25.450
25.640
23.550
24.300
23.360
23.250
23.100
23.100
24.790
23.100
21.290
19.880
20.200
19.680
18.880
17.700
18.390
16.890
17.050
19.830
19.340
19.510
19.620
18.750
18.000
18.990
19.770
21.670
20.640
18.760
18.490
17.860
19.950
22.890
24.880
26.000
28.900
28.290
30.510
27.740
26.000
24.340
22.130
20.350
19.990
20.640
20.260
19.160
24.000
22.740
20.670
18.790
17.080
15.980
21.090
22.360
23.990
23.030
21.380
23.650
25.000
26.910
26.790
26.100
27.700
30.450
29.990
31.050
33.900
34.180
33.210
33.330
32.750
33.500
35.100
36.120
36.800
34.500
34.760
32.860
35.100
34.490
35.440
34.000
34.360
35.300
32.150
29.230
26.580
24.600
26.550
25.380
24.390
23.110
21.470
21.940
23.570
23.470
23.350
23.670
23.840
24.280
25.220
26.490
25.960
23.600
21.450
19.500
17.730
16.120
14.650
13.320
12.110
11.060
11.150
11.050
10.970
10.910
10.950
10.780
10.740
10.510
10.240
10.270
10.270
10.530
10.730
10.680
10.640
10.730
10.530
10.480
10.300
10.290
10.340
10.370
10.320
10.270
10.430
10.230
10.230
10.220
10.280
10.130
10.160
10.200
10.040
9.890
9.810
9.940
9.950
9.940
9.770
9.750
9.810
10.040
10.040
10.100
10.000
10.110
9.950
