23.210
23.300
23.400
23.420
23.400
23.200
23.360
23.100
23.440
23.180
23.510
23.120
23.720
24.010
22.930
21.220
21.100
21.070
21.070
21.110
20.970
21.790
21.510
21.880
22.010
21.860
22.010
22.560
22.310
22.240
22.180
21.620
21.550
21.400
21.420
20.300
19.790
19.730
19.810
19.700
19.450
19.290
21.160
21.200
21.210
21.050
22.150
22.400
22.100
22.080
22.050
22.160
22.240
22.910
22.580
23.490
23.160
23.130
23.600
23.540
23.730
22.130
22.400
21.880
23.830
26.370
26.170
26.470
26.500
26.150
26.510
26.840
26.180
26.820
27.420
28.070
28.160
28.200
28.090
28.060
28.200
28.150
28.440
28.050
28.170
28.900
29.500
28.850
30.000
29.750
29.800
30.200
30.600
31.000
30.840
30.800
31.160
31.780
32.820
32.350
32.080
30.850
31.000
31.930
32.230
31.010
30.260
28.600
28.240
28.670
28.300
28.030
28.230
28.800
29.300
29.490
29.360
29.180
28.200
28.170
28.000
29.150
28.800
29.350
28.020
29.000
30.220
30.450
30.520
30.070
30.300
29.600
29.350
30.630
31.150
31.000
32.410
31.800
29.020
28.890
28.520
28.780
29.530
29.680
28.640
29.000
28.950
27.500
27.480
28.060
26.120
27.600
28.760
28.100
28.800
28.530
31.060
30.450
28.200
27.670
27.940
27.520
27.500
24.900
23.810
23.750
22.900
22.520
23.310
23.300
21.500
21.800
21.880
21.580
19.700
18.200
18.010
17.860
18.080
18.170
18.450
18.620
17.720
17.640
17.780
17.210
17.700
17.600
17.400
16.860
17.320
17.150
16.780
15.680
16.100
15.300
15.950
15.820
17.100
19.000
20.210
19.930
19.500
19.000
18.750
19.900
20.350
19.800
19.080
20.000
20.000
20.380
22.640
25.160
26.600
24.630
22.880
22.010
22.010
21.200
19.960
19.450
19.070
19.420
19.580
20.300
19.620
18.710
18.020
16.800
17.900
16.810
18.350
20.180
20.200
19.410
19.400
19.380
17.250
16.340
16.600
16.100
16.000
14.820
14.500
15.390
15.110
14.950
14.730
15.890
17.290
16.000
16.300
16.270
15.560
16.240
15.550
14.920
14.900
13.860
12.220
11.760
11.920
11.480
11.660
10.900
11.390
11.610
11.350
10.080
9.390
9.700
9.260
8.600
8.790
9.380
9.110
8.750
8.310
7.700
8.550
9.500
10.540
11.000
10.120
8.920
8.820
8.700
8.370
8.180
8.040
8.030
8.300
8.120
7.980
8.090
7.970
7.940
7.990
8.050
7.590
7.460
7.140
7.200
7.140
7.070
7.020
7.000
6.800
6.870
6.920
6.830
6.000
6.640
6.630
6.580
6.710
6.670
6.650
6.680
6.570
6.570
6.490
6.370
6.210
6.150
6.290
6.240
6.180
6.330
6.280
6.720
6.800
6.810
6.690
6.670
6.760
6.790
6.810
6.810
6.850
6.740
6.610
6.670
6.640
6.860
6.930
7.050
6.990
6.880
6.730
6.640
6.610
6.890
6.920
7.230
7.150
7.130
7.020
7.280
7.370
7.300
7.270
7.250
7.260
7.250
7.220
7.200
6.900
6.840
6.900
6.810
6.850
7.240
7.290
7.200
7.150
7.190
7.170
7.090
7.100
7.060
6.930
6.670
6.780
6.760
6.900
7.110
7.130
7.040
7.400
7.650
7.130
6.760
6.910
6.940
7.100
7.090
6.950
6.760
6.740
6.650
6.550
6.560
6.810
6.810
6.710
7.040
7.050
7.020
7.040
7.040
7.000
7.040
7.060
7.100
7.040
6.960
6.890
6.760
6.720
6.840
6.900
7.080
7.010
6.960
6.940
6.550
6.160
6.010
5.880
5.900
5.830
5.750
5.750
5.910
5.840
5.900
6.100
5.920
5.870
5.630
5.550
5.550
5.350
5.520
5.630
5.360
5.320
5.390
5.130
5.100
5.100
4.810
4.630
4.580
4.850
