20.520
20.360
20.140
20.330
19.850
19.010
18.770
18.930
18.220
17.650
16.540
18.140
18.080
17.820
17.720
17.860
17.810
17.640
17.560
17.600
17.500
17.050
16.900
16.890
16.300
16.280
16.500
16.690
16.460
16.160
16.360
17.690
18.230
18.620
18.740
17.740
17.630
17.740
17.420
17.490
16.710
17.060
17.010
17.230
17.310
17.180
17.140
16.900
15.860
15.480
15.380
16.100
15.590
15.480
15.920
16.010
16.880
17.230
17.160
16.830
17.130
17.160
17.160
17.190
17.000
17.060
18.880
19.320
19.260
19.920
20.300
18.810
19.150
19.300
18.830
19.100
18.820
18.990
18.780
18.950
18.480
18.400
18.270
18.750
18.610
18.710
19.030
19.180
19.060
19.100
18.650
18.410
18.460
19.000
18.800
18.270
18.670
18.780
18.640
18.600
18.080
19.100
19.290
20.000
21.600
21.510
20.910
20.750
20.660
20.490
20.470
21.110
21.250
21.020
20.380
21.160
20.520
20.430
20.060
20.250
20.000
20.210
20.610
20.950
20.630
20.190
19.200
20.610
20.500
20.310
20.030
19.860
19.910
18.820
18.840
19.360
21.320
21.300
21.470
21.400
21.050
20.960
19.930
19.690
20.000
19.300
19.100
18.890
19.280
18.800
18.370
17.370
18.600
18.120
17.810
17.150
18.210
18.010
18.650
18.750
19.270
18.830
17.910
17.210
16.750
16.740
16.810
16.600
16.560
16.770
16.660
17.500
17.150
17.890
18.010
18.050
17.600
18.130
17.550
18.400
18.550
18.300
18.230
17.180
16.640
16.250
16.750
16.400
16.500
16.750
16.910
16.820
16.280
15.410
15.150
15.680
15.020
14.710
15.200
14.730
14.500
15.180
14.700
15.570
14.960
14.310
14.290
15.350
15.830
17.070
17.510
17.290
17.010
17.430
16.710
16.510
15.200
15.810
16.010
15.620
14.810
14.480
14.360
14.200
13.900
14.330
15.600
14.880
15.000
15.660
15.260
14.300
14.400
13.880
14.010
14.600
15.020
14.900
16.460
17.630
17.180
19.090
21.210
21.290
20.700
21.300
21.430
21.250
21.360
22.050
21.950
22.020
21.960
21.750
21.340
20.200
20.520
20.980
21.400
22.670
22.710
22.630
22.410
21.270
22.680
22.010
21.780
23.490
23.740
23.300
22.970
22.900
20.300
19.700
19.900
19.700
20.500
21.300
19.100
18.500
18.150
18.050
17.900
17.440
17.000
17.680
18.040
17.180
17.410
16.450
16.390
16.760
15.270
15.270
16.110
15.880
15.880
15.350
15.460
15.430
14.960
14.450
14.310
14.030
13.660
13.380
13.200
13.120
14.100
13.910
14.150
13.100
13.300
13.290
12.550
12.330
13.700
14.890
15.000
15.300
14.000
13.830
13.200
14.530
15.940
15.660
14.200
14.700
16.200
18.000
20.000
21.650
19.320
21.230
22.360
22.300
20.930
21.770
21.620
21.020
20.560
19.750
20.150
19.180
18.690
19.920
20.290
18.440
18.160
20.180
22.000
21.180
20.750
20.000
19.890
17.660
15.560
16.780
18.510
16.830
15.400
17.110
19.010
21.120
20.180
22.420
24.910
26.950
28.270
25.600
27.000
29.710
30.000
30.600
34.000
34.370
34.800
33.300
33.100
33.570
34.770
30.130
30.090
29.380
27.990
26.750
28.000
29.890
28.830
28.010
28.310
27.750
27.910
26.730
27.040
26.620
26.050
25.650
25.710
25.300
24.770
24.700
23.950
26.360
26.200
26.890
26.600
25.810
27.500
27.880
28.000
27.650
25.860
25.690
25.600
25.000
25.550
26.940
26.010
25.210
24.830
26.630
27.000
26.800
27.110
26.450
26.520
26.350
26.300
26.860
27.050
26.260
26.760
27.160
24.790
23.820
22.800
22.320
21.900
21.890
22.200
22.560
22.080
22.680
22.310
21.990
21.960
22.300
22.170
21.950
22.460
22.250
21.740
21.330
21.060
20.540
20.450
20.310
20.350
20.500
21.810
20.700
20.550
19.950
21.130
20.040
18.900
18.570
18.530
18.910
19.330
19.330
19.060
19.200
18.710
18.300
18.290
19.110
18.550
18.500
18.110
18.660
20.510
22.110
22.080
23.080
22.870
22.760
22.110
21.600
21.500
21.650
21.500
22.540
21.580
21.910
22.010
22.760
22.630
22.510
22.390
22.630
22.400
22.130
21.800
21.770
21.800
21.610
21.560
21.400
21.550
22.340
22.930
22.720
22.680
22.700
23.090
24.020
23.960
23.830
23.410
23.050
23.010
23.000
23.480
23.870
23.490
23.390
24.160
24.000
24.000
23.900
24.750
24.700
24.610
25.100
24.850
24.500
24.910
25.340
24.690
24.500
25.330
25.100
24.910
25.470
26.700
27.550
27.500
27.040
26.500
26.800
28.300
28.270
28.800
26.420
26.410
27.220
28.610
28.000
24.710
23.530
23.000
24.020
23.670
24.980
25.470
23.780
22.210
22.150
20.130
19.550
18.820
18.680
17.210
16.850
15.660
16.030
16.010
14.660
13.520
12.770
13.600
12.950
12.880
12.580
12.000
12.820
12.670
