230291.20
298075.38
240995.05
211668.42
314556.72
254653.12
273188.62
355498.56
723552.25
313645.03
439778.28
225550.69
159026.73
186204.69
130649.89
192169.92
201670.09
204240.72
309002.69
397908.00
235199.69
319089.75
127869.47
213905.36
230843.98
263847.53
309301.25
410608.16
545988.00
399521.59
429111.84
1067681.00
185611.59
276706.47
395227.75
329624.03
221317.00
224064.80
436838.56
420317.72
246122.69
311543.31
474503.72
353864.41
282985.12
268110.38
405172.09
410090.09
233650.41
273198.59
490892.88
281905.84
491567.03
601036.19
421368.16
591552.75
812009.81
474531.09
981862.56
1731021.12
600877.56
594112.19
795972.56
1089062.50
640622.75
960720.31
923172.56
333304.72
477245.53
677602.88
397389.28
605243.38
343754.62
280654.03
375107.69
447516.56
596863.50
358690.41
528492.94
482208.00
429740.97
497721.69
518241.28
476351.69
600472.31
620172.19
337380.91
250100.91
602958.88
599086.62
1189014.88
895157.94
417688.47
812545.12
324816.69
451284.69
493978.44
619061.44
791871.38
1406553.00
566743.69
341225.38
623391.25
262423.75
169813.72
105.00
174611.84
220564.41
274767.38
319343.94
146515.08
161178.12
198766.70
171674.55
351102.47
198321.30
179619.92
192443.23
175447.28
307444.59
240788.16
653566.94
242942.59
392801.88
187623.34
339475.38
145504.44
257748.80
172549.59
195271.20
250908.84
195841.84
194282.88
224340.56
180478.34
288228.38
329263.59
344203.47
491234.72
241937.52
472524.09
419270.97
411208.00
514359.44
695338.56
528639.25
854370.06
1049201.62
873406.50
506522.16
316103.97
348922.47
469782.91
400229.09
525167.12
418167.88
470037.75
857467.06
1315824.38
1133105.12
1402500.62
640565.69
308678.31
242686.31
395491.91
354543.47
254151.77
307693.66
240281.30
365108.25
405898.31
585113.56
979329.06
405370.53
438216.75
662312.88
411096.81
385113.69
485649.78
345497.59
345781.12
670485.31
278691.16
331890.25
320344.44
807295.12
859877.25
706689.06
324482.62
564716.38
327067.66
511176.75
349589.12
535881.06
864437.12
852331.81
753629.31
2176481.75
1273427.88
372767.47
188453.44
188716.03
311037.44
203003.59
226667.44
384995.91
382425.69
351435.41
551389.50
976333.00
560713.25
364589.88
484153.88
954038.44
911077.25
296785.31
334124.69
319487.78
221888.45
182954.34
148098.91
145341.50
174689.88
143684.45
278196.12
193006.62
284356.41
566831.81
259653.77
211910.81
199150.28
229994.97
242449.31
222082.34
319186.44
365172.72
279114.19
646363.12
527153.12
350657.06
215413.70
285900.06
391273.25
858698.38
477111.88
213107.78
246188.36
386742.53
249315.05
219120.58
309337.88
192337.38
176248.34
267302.22
246342.92
299196.06
395594.25
659334.12
822973.62
324780.97
222286.27
168108.05
229135.91
259886.84
230096.64
320675.56
554782.75
289550.28
278719.50
200677.56
212998.94
186596.70
176618.94
184538.48
219219.09
352425.53
210736.36
215260.12
240383.34
283543.91
239828.22
302302.97
449576.62
334684.50
253738.69
268885.41
360353.12
456220.91
341715.41
214381.92
200041.50
191328.36
260276.02
388428.50
801319.00
377297.25
708050.31
716643.06
426196.22
1184535.00
380509.28
824523.44
328490.38
369207.28
463976.03
758686.19
367214.38
428355.81
573264.06
245236.09
330865.53
224187.22
475271.00
439135.69
608972.38
920394.19
736151.50
385215.47
295221.88
346465.84
452200.53
266101.78
254639.94
259134.19
579339.88
625925.25
1271251.38
665919.25
857361.44
374985.06
464048.16
390211.91
618653.50
352192.75
411690.78
472261.66
395050.53
893462.81
480368.31
477660.41
368548.88
304333.25
375307.09
254504.75
337477.72
390964.66
665822.06
890259.81
2770.00
444943.56
246941.31
303675.31
338668.56
390489.94
441345.81
375630.28
588313.19
514590.84
429509.41
521574.72
737036.25
896717.38
228042.70
724044.75
876024.94
604672.44
357407.03
423374.88
617023.75
876117.62
767300.06
1003090.38
1286901.62
570980.56
900036.81
676244.31
771260.88
544366.88
583787.31
627305.19
426714.78
602277.88
503866.84
1091036.50
1122001.88
1236741.50
2565071.00
3461362.00
550367.12
774841.38
1085304.25
749077.56
641602.06
579852.06
913467.06
1254982.62
703631.44
904559.12
970487.44
552075.50
813179.44
976806.06
1097280.50
1134592.50
1682889.12
1365667.00
2177845.50
978752.94
453371.75
692096.75
545278.69
602525.75
748060.44
881202.88
1370721.75
955828.62
995977.00
1511332.38
1007023.75
997617.69
1281896.62
901818.75
866809.38
691815.44
1213904.00
688553.62
561175.94
19218.90
278707.12
417389.09
360464.41
577521.69
393166.31
608468.50
732976.50
677448.88
550444.50
1101728.12
961379.19
1040456.62
1080026.50
474322.72
623109.00
1053885.00
632084.25
703535.12
843382.25
1670890.88
1500652.00
1529249.00
1180800.38
1628661.75
1243136.12
1350883.25
1230776.88
1344338.88
2063104.75
2928492.50
2554808.75
2907872.50
3721952.75
4313957.50
6132198.00
1665874.62
838003.06
942203.44
2330646.25
1610255.25
1843018.38
1008253.25
1306709.12
1305770.00
1915266.88
2163593.50
2404434.00
2212097.00
1560137.00
1537239.75
1943455.38
1857842.62
1858686.00
2375732.50
3535558.50
4330760.50
3093601.25
3217081.00
3384475.25
3073331.50
2517470.75
2508041.50
2208133.25
2199501.25
2784957.00
2831721.25
2689279.00
2526359.75
2197916.50
2197959.25
2048980.50
1787493.88
2354731.75
2518018.00
2998405.75
4903297.50
2790796.50
2445954.00
3228036.00
4160435.00
4527813.50
4562836.00
8285642.00
295433.41
6700627.00
8597858.00
5673515.50
4707613.50
4013949.25
3978732.25
4133613.50
2593430.25
2612502.25
1574037.88
2125106.50
1589206.25
2570257.75
1695336.25
2421559.75
1351253.62
1493662.50
2093137.50
2839152.75
1894719.75
1901620.25
2208795.00
2967132.50
3930240.75
2791052.00
3154514.50
3398946.50
3160893.00
6498947.00
5776143.00
2389853.75
3173733.25
3716042.25
3155858.75
1929425.50
2841948.00
2969183.00
3322640.00
2408112.75
2243650.50
2702357.00
5722010.00
4976443.00
1870661.00
2883816.75
2369494.25
2509133.75
2110953.50
1752914.75
2373144.00
2073723.00
2690851.75
1422700.62
1118812.88
796849.69
815556.56
850397.69
966717.50
666859.38
883122.31
991053.69
1203534.88
1367334.38
1070753.00
1874199.62
596155.19
19870.00
470434.16
485400.06
711574.44
639726.56
609601.94
554084.00
506585.69
968720.69
869550.62
633100.88
601743.50
672144.69
980843.06
948556.19
960027.50
1594185.88
997412.81
1328867.12
1526841.00
1732854.88
1533244.00
2259173.75
1211336.12
1283039.88
963579.12
891527.25
1888082.00
1907003.62
1924707.25
1969432.00
2944603.00
2849420.00
2508449.25
2460615.50
4543563.00
6310188.00
5046826.00
2036535.50
2582463.75
6973204.50
7577244.50
2633030.25
2903613.00
2742967.75
3512697.25
1789889.38
2469358.75
3360378.00
5873466.50
4448661.00
3320788.00
2511815.50
2699359.00
2215555.25
2186759.25
1292755.12
1400217.50
1081551.00
1108781.00
1554496.12
833439.56
353276.72
403131.00
629758.38
807294.81
710769.06
719796.00
851436.06
1318420.50
1154877.62
1267637.00
1195211.75
2014271.62
4241725.50
1560841.00
1232833.00
1047347.50
710024.31
547880.12
358231.16
421875.28
664663.12
482838.75
734041.19
500174.28
1155856.00
960143.19
972822.81
893684.94
1128311.75
772152.50
821837.44
1078749.12
631999.25
633155.00
481714.00
972892.31
684425.56
405134.53
727776.38
632972.12
835879.88
1546862.50
1203971.38
899718.19
1316233.38
1521079.12
739888.50
726548.62
1106347.62
513002.38
1010614.81
496702.97
352720.72
276980.50
425019.97
322554.62
360114.88
363851.03
345324.69
534881.56
585508.12
497924.00
822370.75
437046.88
432690.12
414069.09
471567.91
801526.25
613303.75
1107742.62
685360.25
541331.00
737586.94
442707.12
603601.00
607316.19
1125307.00
705320.25
1001402.25
620906.88
511815.25
348782.50
332273.53
400539.62
511059.84
930543.44
769957.88
333521.59
350687.94
294744.50
179324.27
