3.510
3.510
3.540
3.560
3.570
3.650
3.690
3.580
3.580
3.630
3.610
3.630
3.530
3.530
3.630
3.630
3.640
3.590
3.550
3.530
3.560
3.540
3.540
3.570
3.540
3.540
3.580
3.550
3.550
3.590
3.630
3.620
3.580
3.590
3.610
3.640
3.630
3.690
3.690
3.760
3.730
3.740
3.620
3.660
3.600
3.620
3.600
3.580
3.520
3.520
3.500
3.530
3.460
3.830
3.480
3.500
3.500
3.530
3.500
3.450
3.420
3.430
3.320
3.380
3.440
3.380
3.410
3.420
3.390
3.420
3.420
3.430
3.300
3.290
3.290
3.360
3.440
3.440
3.540
3.610
3.620
3.530
3.420
3.430
3.430
3.500
3.480
3.530
3.600
3.560
3.520
3.560
3.520
3.460
3.470
3.490
3.500
3.550
3.580
3.480
3.350
3.360
3.360
3.350
3.330
3.280
3.290
3.300
3.280
3.270
3.250
3.290
3.330
3.300
3.360
3.280
3.270
3.310
3.270
3.270
3.340
3.370
3.410
3.390
3.410
3.410
3.400
3.320
3.390
3.300
3.310
3.360
3.310
3.310
3.300
3.300
3.360
3.380
3.360
3.370
3.380
3.340
3.360
3.460
3.550
3.570
3.580
3.440
3.460
3.510
3.610
3.580
3.600
3.620
3.660
3.770
3.760
3.810
3.820
3.820
3.760
3.800
3.780
3.820
3.860
3.890
3.800
3.830
3.840
3.760
3.830
3.860
3.850
3.930
3.950
3.990
3.950
3.890
3.830
3.850
3.900
3.810
3.810
3.840
3.940
3.950
3.940
3.940
3.990
3.800
3.730
3.940
3.680
3.970
3.990
4.120
3.980
3.940
4.030
3.850
3.690
3.730
3.720
3.700
3.720
3.660
3.620
3.520
3.520
3.440
3.640
3.570
3.520
3.600
3.700
3.590
3.600
3.800
3.750
3.810
3.750
3.920
3.760
4.070
3.970
3.880
4.260
4.330
4.380
4.250
4.420
4.380
4.500
4.630
4.570
4.150
4.130
4.040
4.080
4.100
4.060
3.980
4.000
4.060
4.040
3.940
4.010
4.010
3.890
3.870
3.870
4.100
4.120
4.090
4.110
4.160
4.140
4.070
4.120
4.090
4.070
4.180
4.260
4.250
4.270
4.230
4.170
4.050
3.890
3.900
3.990
4.040
4.020
4.090
4.140
4.170
4.070
4.050
4.210
4.170
4.160
4.160
4.030
4.080
4.120
3.920
3.920
3.780
3.770
3.750
3.830
3.820
3.930
3.890
3.990
3.970
3.910
3.910
4.030
3.730
3.980
4.160
4.220
4.350
4.230
4.150
4.220
4.190
4.090
4.240
3.990
3.790
3.870
4.300
4.780
5.080
5.290
5.180
5.750
5.500
5.620
5.330
5.320
5.400
5.220
5.100
4.960
5.130
4.970
4.830
4.750
5.040
4.790
4.910
5.450
5.590
5.400
5.430
5.420
5.410
5.100
4.970
5.520
5.900
5.430
4.940
4.490
4.990
5.500
5.280
5.480
5.240
5.650
5.230
5.810
6.450
6.850
6.600
6.600
7.070
7.060
7.040
7.480
7.330
7.290
7.380
7.160
6.960
7.040
7.100
7.000
6.730
6.680
6.400
6.520
6.820
7.030
6.580
6.400
6.260
6.190
6.200
6.130
6.290
6.570
5.970
6.060
6.090
6.000
5.630
5.590
5.850
6.240
6.220
6.250
6.150
6.490
6.540
6.530
6.640
6.660
6.180
6.150
6.030
6.000
6.200
6.240
6.200
6.160
6.440
6.440
6.180
6.190
6.320
5.900
5.910
5.860
5.830
5.990
5.900
5.970
5.890
5.830
5.790
5.260
5.210
5.110
5.060
5.170
5.290
5.170
5.100
5.370
5.460
5.080
5.210
5.020
4.690
4.640
4.940
4.810
4.880
4.500
4.500
4.210
3.830
3.650
3.660
3.750
3.810
3.850
3.810
3.890
3.820
3.890
3.970
3.910
3.860
3.900
3.890
3.800
3.710
4.020
3.970
3.930
4.010
3.970
4.000
4.040
4.170
4.150
4.030
3.800
3.730
3.840
3.920
3.870
3.820
3.970
3.920
3.790
3.810
3.740
3.820
3.840
3.830
3.820
3.840
3.590
3.700
3.500
3.510
3.460
3.400
3.380
3.260
3.240
3.250
3.280
3.250
3.200
3.190
3.220
3.190
3.230
3.250
3.170
3.200
3.160
3.290
3.190
3.210
3.230
3.280
3.330
3.180
3.160
3.080
3.040
2.980
2.960
3.000
2.920
2.980
3.040
3.000
2.980
3.100
3.150
3.010
3.040
2.760
2.720
2.700
2.710
2.720
2.690
2.720
2.670
2.650
2.740
2.740
2.750
2.710
2.700
2.700
2.670
2.670
2.710
2.630
2.630
2.620
2.600
2.600
2.500
2.480
2.530
2.520
2.580
2.630
2.610
2.680
2.710
2.720
2.670
2.430
2.390
2.320
2.350
