7.070
7.060
7.060
6.960
6.810
6.840
6.820
6.780
6.740
6.660
6.620
6.910
6.710
6.810
6.750
6.730
6.430
6.370
6.240
6.480
6.520
6.560
6.390
6.370
6.290
6.220
6.650
6.650
6.680
6.630
6.590
7.080
7.350
7.440
7.350
7.300
7.150
7.190
7.290
7.440
7.830
7.560
7.870
8.190
8.240
8.010
7.870
7.840
7.570
7.680
7.780
8.400
8.720
8.770
8.690
8.680
8.760
9.140
9.100
9.340
9.110
9.230
9.630
9.500
9.900
11.000
10.680
10.870
10.280
10.590
10.400
9.870
9.710
9.840
9.660
9.590
9.430
9.480
9.490
9.400
9.410
9.790
9.620
9.620
9.540
9.730
10.170
10.220
10.250
10.190
10.320
10.510
10.640
10.910
11.400
10.840
9.850
8.950
8.970
8.880
8.940
8.790
8.850
8.650
8.470
9.460
8.600
8.420
8.440
8.340
8.240
7.980
8.060
7.930
7.840
8.280
8.510
8.610
8.880
9.090
9.120
9.200
8.860
8.710
8.500
8.500
8.730
8.580
8.600
8.530
8.950
8.820
8.680
8.920
8.110
7.960
8.000
7.850
7.800
8.260
8.160
8.170
8.070
8.010
8.160
8.460
8.200
8.150
8.330
8.300
8.470
8.480
8.570
8.500
8.460
8.540
8.530
8.520
8.590
8.590
8.560
8.320
8.350
8.330
8.250
8.300
8.300
8.110
8.210
8.190
8.320
8.400
8.260
8.290
8.350
8.400
8.350
8.340
8.130
8.130
8.170
8.190
8.080
8.040
7.850
7.720
7.680
7.750
7.700
7.650
7.650
7.510
7.440
7.340
7.220
7.600
7.700
7.480
7.460
7.400
7.270
7.270
7.220
7.210
7.160
7.110
7.090
7.240
7.340
7.240
7.540
7.450
7.510
7.430
7.370
7.260
7.150
7.450
7.240
7.230
7.160
7.400
7.130
7.660
7.360
7.280
6.930
6.870
6.580
6.640
6.930
6.850
6.230
6.000
6.310
6.110
6.450
6.410
7.100
6.970
6.850
7.090
7.170
6.900
6.830
7.230
6.960
7.380
7.540
8.380
8.070
8.970
8.560
8.400
9.300
9.520
9.390
8.770
9.110
8.900
8.880
8.960
8.950
8.790
8.810
8.640
8.470
8.420
8.170
8.260
8.420
8.520
8.690
8.580
8.530
8.400
8.340
8.200
8.230
9.100
9.100
8.980
9.060
8.970
8.950
8.710
8.580
8.610
8.480
8.790
8.970
8.990
8.810
8.690
8.560
8.510
8.150
8.120
8.250
8.330
8.420
8.350
8.480
8.400
8.220
7.970
8.850
8.680
8.920
8.630
8.480
8.760
8.180
7.820
7.690
7.490
7.400
7.450
7.550
7.400
7.980
7.860
8.020
7.750
7.270
7.210
7.310
6.650
7.220
8.020
7.810
7.890
7.470
7.040
6.890
7.160
7.950
8.010
7.280
6.960
7.160
7.960
8.840
9.620
10.210
9.530
10.590
10.760
11.150
10.140
10.640
9.670
8.790
8.330
8.400
8.630
8.050
8.200
8.280
8.500
7.940
8.550
9.500
9.740
9.360
9.120
8.950
8.830
8.220
8.040
8.930
8.880
8.070
7.340
6.670
7.410
8.230
9.140
10.150
11.280
12.360
11.590
12.670
14.080
14.850
14.100
13.870
15.410
15.720
15.220
16.340
16.370
16.300
15.990
16.110
15.920
16.690
15.170
14.380
14.640
14.200
13.380
13.860
15.400
14.720
14.500
14.300
13.800
13.370
13.250
12.840
12.820
13.380
13.290
13.260
13.280
12.900
12.520
13.410
14.180
14.100
13.600
13.830
13.800
15.260
14.680
14.250
14.140
13.870
13.680
13.770
13.490
13.740
14.920
14.390
14.420
14.230
13.810
14.250
14.290
14.120
12.840
12.370
12.580
12.330
12.470
12.450
12.080
12.360
11.950
12.000
11.670
11.530
11.390
11.100
10.850
11.060
11.190
11.170
11.000
10.920
11.050
10.940
11.200
10.850
10.860
10.760
10.710
10.640
10.600
10.420
10.290
10.220
10.230
10.140
10.100
10.450
10.890
10.670
10.480
10.480
10.800
10.920
10.760
10.540
10.300
10.510
10.360
10.160
9.740
10.430
10.150
10.040
10.240
10.060
10.350
10.660
10.880
10.880
10.860
10.170
10.220
10.670
10.540
10.420
10.460
10.040
10.150
10.850
11.350
11.330
11.710
11.980
12.000
11.880
11.100
10.770
11.310
10.800
11.240
10.930
10.440
10.430
10.410
10.840
11.110
11.270
10.910
10.830
10.780
10.470
10.560
10.600
10.530
10.620
11.140
11.340
11.180
10.160
10.220
9.290
9.420
9.390
9.080
9.110
8.930
8.820
8.620
8.520
8.420
8.410
8.590
8.620
8.540
8.730
9.050
9.150
9.220
9.020
8.850
8.840
8.770
8.840
8.740
8.700
8.600
8.440
8.410
8.280
8.170
8.400
8.620
8.620
8.760
8.680
8.610
8.590
8.520
8.570
8.670
8.690
8.690
8.420
8.410
8.420
8.400
8.180
8.440
8.420
8.180
8.210
8.120
7.910
7.920
8.000
7.810
7.980
8.060
8.170
8.150
8.060
8.040
7.850
7.780
7.940
