72949.95
30932.57
29978.48
45366.59
68508.69
29822.37
35484.00
45514.80
47890.29
26605.27
35581.92
45227.07
43625.71
44443.76
53743.48
64356.80
30303.74
35734.25
58630.54
84757.56
153640.44
55441.06
29306.08
28622.54
38296.96
48288.04
32158.86
31360.00
60690.85
38602.57
60203.92
42760.61
38678.20
49764.65
69701.53
91146.79
55451.90
58678.00
59030.31
45957.77
47985.51
93377.59
36625.71
37563.92
57872.41
91143.56
57987.23
94787.74
26873.95
54688.70
79711.78
38738.92
54707.39
118918.12
106309.75
132370.50
71841.86
82707.25
86490.56
112244.70
149667.09
124523.18
256878.72
97802.53
71640.92
111970.76
182274.48
166830.53
99862.72
135188.59
102350.81
159319.31
85336.64
120565.04
74350.74
114661.47
61497.07
51871.44
86009.37
67299.73
67214.96
112862.29
95710.07
83588.24
115093.16
73280.67
85486.53
61191.72
96538.38
93549.92
155496.17
173039.27
118353.44
198436.95
105062.27
143144.33
205183.80
177979.66
290783.56
407449.59
166549.16
123235.85
91667.84
104297.29
61134.55
1.00
81975.05
97576.09
62700.00
78020.33
68400.89
59420.95
107905.30
76584.18
123203.38
79136.41
130156.60
111298.63
95011.48
162570.72
153881.33
177466.36
306482.47
84612.83
86912.75
47742.58
80385.42
164490.30
114058.20
103363.34
161460.45
106187.16
178086.69
77409.00
52850.07
83910.91
78928.95
74300.43
129363.70
93450.67
124340.87
211134.95
87006.30
92410.44
125831.79
239952.20
210690.05
343247.84
340054.69
259850.38
104498.34
126729.41
77871.96
114528.47
119155.06
89363.62
79416.95
158092.22
269052.25
329435.19
148107.59
106502.27
92775.89
110313.59
77446.74
138944.91
73032.51
120320.34
68191.56
83682.89
160966.67
341380.06
88235.20
93860.98
100018.49
145915.56
61061.61
42095.54
51584.72
70565.57
70733.23
66514.07
36031.09
37599.32
29228.79
52452.54
67844.82
69773.86
59646.22
49181.26
105107.02
38394.67
68533.52
64324.06
95370.97
75618.49
154634.34
245083.55
174221.12
123292.45
43317.57
111706.59
111207.15
87096.00
142184.50
106655.10
127759.80
77104.19
60121.46
86263.03
71096.73
116447.55
99187.91
207451.84
136883.94
77424.06
120176.22
247947.83
277024.19
116676.79
132858.41
285868.19
140861.58
76607.92
127981.56
135876.27
60417.45
122213.65
75136.15
59425.10
73201.27
65286.77
100562.20
89370.27
128490.76
148684.08
119456.30
258328.77
310463.41
242865.56
105553.54
97610.16
98737.31
129376.53
212861.23
89158.02
63747.30
67195.61
57951.99
72428.40
67719.10
60061.30
63157.47
113334.01
167614.48
104075.32
147570.58
50962.27
62489.46
83668.30
72674.10
60590.83
81786.95
86430.77
80477.74
134044.30
280768.78
81541.67
89394.50
101257.11
104924.34
97225.77
189975.05
292796.78
570187.62
203570.66
212941.88
140778.91
285823.31
127665.53
91946.94
157126.86
81662.55
118792.62
112338.26
183533.66
365248.00
329169.69
241519.23
68107.76
84711.67
121282.24
71133.55
111955.14
92055.02
152404.30
156728.19
280792.91
163342.64
152760.92
84757.07
128681.20
126531.65
199145.52
146184.92
158125.69
163001.17
125018.98
189368.80
240652.06
212680.69
88870.01
110843.61
160311.88
161952.81
142551.84
160744.61
193796.33
189406.89
289988.59
338285.78
199096.39
292681.62
405013.75
547578.94
675373.38
814974.88
880182.31
545491.75
457578.00
561093.50
722377.88
659208.69
110970.00
683784.06
871176.38
371385.50
687888.56
543543.25
445446.12
537171.44
395243.16
530504.62
493522.34
422525.59
424229.06
221816.48
404095.62
522076.91
196701.22
93874.36
76322.50
63814.69
59522.52
105026.40
144606.14
92517.32
118403.51
128290.98
114022.23
148437.06
285868.19
163769.70
163340.30
101295.99
167665.91
260032.56
223063.81
195080.81
166485.45
127684.65
139973.30
135638.92
172020.02
286035.00
300519.06
279589.03
481197.19
305241.84
103665.23
164464.30
250418.95
154799.47
136706.95
148252.55
141038.42
154598.48
133661.12
210334.98
154377.08
136746.45
171802.11
166105.70
144566.80
206425.56
225372.14
94241.07
102871.07
3679.00
56162.32
64677.27
55681.67
83975.04
69413.50
101155.75
134027.98
115678.48
123811.61
180062.47
135987.05
156575.81
217149.69
135432.66
147587.55
235543.73
136474.45
114701.39
148954.95
180967.23
245314.66
242381.34
173714.45
266632.31
319444.94
146972.83
247171.28
260859.41
396404.97
591102.62
618224.19
328648.75
219928.80
204214.52
362869.97
405568.09
384024.31
448036.00
221181.02
165616.11
136539.05
202281.56
280135.06
188120.56
253953.73
271328.59
367784.00
360624.94
329241.41
394767.78
373698.31
297653.94
300151.12
406673.78
234510.95
242765.33
95799.01
417949.94
32755.00
155191.33
349768.91
291158.53
329325.66
370579.53
380276.12
338660.47
274139.81
289962.06
326117.28
312206.59
277002.81
412574.47
618962.62
731545.50
431930.34
442791.84
489557.09
488947.66
497263.59
701826.12
696893.81
413816.91
539523.06
367296.50
317009.44
386168.94
701655.62
407962.44
498057.91
426694.00
354307.41
412114.56
521296.81
614636.94
585021.75
446970.06
576889.31
889525.38
296466.19
255255.27
203783.59
195458.27
203295.98
227986.86
227128.39
381542.22
376606.44
294207.38
262740.91
297140.00
344032.16
374130.03
377667.41
622870.06
645293.06
471178.75
696594.94
539908.81
391534.78
261720.98
307888.09
428693.19
509921.88
380999.38
367241.44
250860.09
387515.72
589547.88
259923.45
287510.88
288028.28
638290.31
491366.38
425333.31
569795.88
977500.50
484229.09
227581.73
114925.87
107163.01
140938.45
139492.30
101004.35
91004.73
168549.72
161888.34
189844.47
187634.77
162675.67
196084.31
173903.25
2948.86
126431.31
143180.12
148657.39
284564.84
112280.29
102106.50
103769.21
186519.44
176756.05
186450.66
198521.69
230620.80
476704.88
615857.69
944354.12
502168.31
130286.53
155859.48
239581.16
329887.50
338615.75
314486.78
375942.12
802317.62
158822.92
134826.42
85479.11
81774.01
94702.20
105629.41
90346.98
76897.72
87895.97
86299.31
155988.94
157658.62
254365.02
122113.53
173089.20
101751.04
75896.16
105794.27
163988.73
81548.83
105255.24
106792.70
95657.08
24993.43
33860.26
43852.83
53514.56
103139.16
44095.25
52102.20
60146.93
98616.76
74434.75
77889.67
206518.58
243586.28
115729.32
203663.80
442754.56
250736.27
68850.62
79329.58
47993.41
65230.71
70216.59
55489.00
75391.43
71029.10
39526.29
42569.92
60051.38
35229.04
20077.00
20391.48
24876.07
34445.69
30097.66
31831.39
32639.70
41280.65
77774.65
163303.95
