21.730
21.710
21.960
22.000
22.250
21.000
21.140
21.320
21.410
21.500
21.770
21.840
21.890
21.720
21.900
21.910
22.210
22.220
23.550
21.960
21.970
21.900
21.720
21.960
21.790
21.380
21.500
21.100
20.560
20.550
20.800
21.290
21.300
21.490
21.520
21.380
21.400
21.500
22.000
22.390
22.350
23.290
23.420
23.520
23.440
23.600
23.360
22.840
22.960
22.970
22.640
22.930
23.150
22.980
23.230
22.990
23.170
23.110
23.440
23.450
23.820
24.140
24.400
24.480
23.860
23.980
24.020
24.200
23.660
23.450
23.570
23.820
23.880
23.450
23.460
23.600
23.350
23.580
23.460
23.580
23.550
23.880
24.480
24.160
23.840
24.120
24.220
24.430
25.000
24.980
25.100
24.410
24.680
24.150
24.270
24.310
24.190
23.700
23.870
23.880
23.690
23.890
22.120
22.240
22.860
22.780
23.090
23.310
23.570
22.990
22.730
24.360
23.850
23.660
24.570
26.380
24.310
22.470
22.960
22.190
21.800
21.280
21.480
21.430
21.400
20.940
20.980
22.280
22.900
23.250
23.400
23.980
22.860
22.930
22.750
23.250
23.470
23.780
24.010
24.290
24.130
24.590
24.720
24.630
24.610
24.910
24.690
24.500
24.400
23.450
23.500
23.640
23.640
23.390
23.500
23.730
23.320
23.470
23.600
23.290
23.480
23.640
23.500
23.950
23.980
24.250
25.300
23.260
23.350
23.200
22.720
22.480
22.360
22.280
21.800
22.770
22.630
22.250
22.280
22.370
22.170
21.680
22.080
22.190
23.560
23.410
23.800
23.450
22.250
22.070
22.280
22.550
22.050
22.300
21.800
21.550
22.080
21.420
21.660
22.070
20.200
20.360
20.490
20.300
19.910
20.470
20.920
20.680
20.920
20.800
20.630
20.990
19.610
19.910
20.430
20.700
21.210
21.190
20.950
21.310
21.450
21.590
21.430
22.400
21.380
19.670
19.800
19.290
19.280
19.330
19.520
19.120
19.350
19.310
18.950
18.580
18.510
18.380
18.000
18.180
18.020
17.980
18.400
18.400
18.590
18.560
18.570
18.330
18.750
19.200
19.170
19.400
19.300
18.800
19.240
18.800
17.950
18.300
18.440
19.310
19.480
19.500
19.480
19.770
20.050
20.370
20.320
20.550
20.500
21.540
21.680
21.770
23.680
23.490
22.680
21.860
21.150
21.160
21.190
20.870
21.300
20.770
20.500
21.300
21.390
21.480
21.660
21.650
22.000
21.600
21.800
21.200
21.690
21.750
21.500
20.500
20.890
20.450
20.610
21.060
20.650
20.200
20.310
20.600
21.080
19.400
18.320
18.090
18.090
18.270
16.910
17.220
17.240
17.100
16.650
17.090
17.320
17.130
15.830
16.850
17.300
19.170
19.790
19.960
20.330
20.380
21.260
19.470
19.280
17.970
18.140
18.250
17.500
17.900
18.100
18.330
19.470
17.880
18.370
18.490
18.500
19.880
20.560
20.590
20.160
21.900
21.990
22.000
21.990
23.980
23.980
24.550
24.950
25.100
26.550
27.890
29.050
26.800
27.960
27.920
29.480
28.720
26.410
26.900
27.190
26.980
26.920
26.830
24.470
24.690
24.650
25.430
26.100
26.750
27.500
26.270
25.580
26.730
27.040
28.850
31.190
29.890
27.170
24.700
22.490
21.600
22.000
22.930
22.550
23.370
24.290
24.300
24.050
23.380
23.100
23.350
22.800
21.400
22.400
22.800
22.160
23.300
23.750
25.330
24.850
22.620
23.500
22.430
20.980
19.980
19.380
19.300
19.180
19.280
17.890
18.000
17.100
17.160
17.570
16.720
16.060
16.100
16.150
16.490
15.870
15.390
15.810
15.270
14.900
17.280
17.620
17.780
17.850
16.630
15.600
15.380
16.110
18.290
17.750
16.250
17.000
16.800
19.010
21.600
23.580
24.880
27.550
27.680
26.280
25.000
24.230
24.980
24.350
22.150
21.420
21.530
19.880
20.650
21.940
24.300
24.300
25.100
28.600
30.850
31.000
28.360
27.240
25.450
23.780
24.900
25.610
27.600
25.090
22.810
20.740
18.850
20.940
28.000
28.730
31.880
37.290
35.700
37.000
39.680
43.890
41.240
43.660
41.660
37.870
34.430
31.300
28.450
25.860
23.510
21.370
19.900
19.430
18.190
18.160
18.380
18.630
18.520
17.940
17.490
18.550
18.600
18.550
18.500
18.870
19.260
19.600
19.980
19.380
19.550
19.840
19.660
18.650
18.590
17.430
17.480
18.180
18.750
18.900
18.600
19.530
19.920
19.500
18.060
16.890
15.870
15.290
15.000
15.450
15.130
15.410
14.590
14.170
14.150
14.120
13.950
13.840
14.120
14.350
14.150
14.230
13.810
13.130
13.210
13.330
13.370
13.250
13.280
13.180
12.840
12.780
13.040
13.250
13.000
13.050
13.080
13.060
13.120
13.300
13.390
13.670
13.460
13.760
13.500
13.130
13.130
13.130
13.000
12.300
12.300
12.280
12.400
12.020
11.850
11.690
11.850
11.870
12.030
12.070
12.050
11.800
11.900
11.450
11.470
11.410
11.560
11.540
