9.210
9.330
9.270
9.480
9.600
9.570
9.380
9.670
9.740
9.680
9.780
10.090
10.150
10.270
10.280
10.180
10.100
10.170
10.070
10.230
10.120
10.150
9.780
9.240
9.030
9.020
9.050
9.010
9.010
8.810
8.880
8.840
9.290
9.340
9.360
9.380
9.220
9.130
8.980
8.910
9.250
9.400
9.660
10.150
10.460
10.570
10.560
10.620
10.330
10.210
10.400
11.050
11.630
11.350
11.120
11.380
11.050
11.160
11.440
11.440
11.310
11.410
11.650
11.610
11.640
11.080
10.830
11.380
11.430
11.900
11.810
12.200
11.090
10.080
10.140
9.930
9.640
9.790
9.860
9.800
10.060
10.170
10.050
9.450
9.520
9.480
9.400
9.360
9.500
9.200
9.270
9.380
9.400
9.420
9.400
9.420
9.360
9.360
9.330
9.350
9.710
8.870
8.700
8.400
8.410
8.490
9.030
8.870
8.950
9.150
9.340
9.280
9.420
9.540
9.230
9.210
9.200
9.190
9.390
9.160
8.980
9.160
8.330
7.910
7.410
7.810
7.580
7.540
7.540
7.120
7.530
7.510
7.680
7.490
7.040
7.100
7.220
7.050
7.150
7.250
7.070
6.840
6.830
6.700
6.680
6.740
6.750
6.730
6.790
6.730
6.610
6.590
6.540
6.450
6.390
6.330
6.400
6.380
6.400
6.540
6.490
6.560
6.570
6.510
6.550
6.510
6.580
6.510
6.650
6.520
6.470
6.510
6.400
6.190
6.190
6.140
6.250
6.200
6.450
6.800
6.730
6.920
6.890
6.940
6.760
6.740
6.820
6.650
6.610
6.520
6.640
7.090
7.070
6.790
6.570
6.560
6.610
6.720
6.670
6.500
6.410
6.440
6.860
6.910
7.130
7.160
7.200
6.990
6.880
6.890
6.870
6.970
7.040
6.930
6.580
6.630
6.300
6.530
6.540
6.500
6.640
6.040
6.020
5.900
5.740
5.570
5.660
5.650
5.450
5.530
5.680
5.860
5.670
5.520
5.710
5.600
5.330
5.190
5.590
5.490
6.090
6.090
6.210
6.040
5.920
5.750
5.740
5.540
5.460
5.490
5.380
5.390
5.200
5.140
4.950
5.210
5.280
5.870
5.810
5.730
5.980
6.060
5.860
5.850
6.160
5.990
6.220
6.140
6.820
6.710
7.450
7.250
7.500
8.310
8.490
8.250
8.090
8.100
7.790
7.980
7.920
7.840
7.680
7.850
7.830
7.850
7.830
7.810
7.780
7.830
7.760
7.910
7.840
7.410
7.310
7.090
6.910
6.940
7.370
7.480
7.570
7.430
7.510
7.610
7.260
7.080
7.150
6.990
7.250
7.420
7.160
7.110
7.120
6.940
6.860
6.550
6.650
6.850
6.860
6.780
6.760
6.810
6.810
6.640
6.420
7.110
6.990
7.100
7.000
6.870
7.110
7.240
6.800
6.810
6.470
6.190
6.350
6.250
6.090
6.600
6.670
6.680
6.840
6.520
6.020
6.050
5.610
5.600
6.220
6.190
6.320
6.180
5.660
5.500
5.940
6.290
6.730
6.300
6.000
6.560
7.290
8.100
8.750
8.800
8.000
8.790
7.990
8.040
7.570
7.860
7.840
7.540
7.250
7.140
7.180
6.700
6.890
6.920
7.280
6.800
7.090
7.880
8.130
7.710
7.670
7.530
7.430
6.950
6.600
6.000
6.670
6.820
7.450
8.200
8.920
8.350
9.270
10.300
10.950
10.680
10.530
11.700
12.140
11.420
12.000
12.530
12.400
12.090
11.880
12.260
11.400
10.940
10.750
10.810
10.380
9.880
10.190
11.320
10.810
10.470
10.270
10.270
9.540
9.550
9.420
9.110
9.080
9.030
8.990
8.730
8.450
8.190
8.660
8.950
9.080
8.910
9.140
8.880
9.570
9.600
9.290
9.400
9.250
8.700
8.800
8.840
8.710
9.090
9.070
9.010
8.780
9.120
9.270
9.150
9.230
9.080
8.580
8.920
8.110
7.370
7.080
6.870
7.000
6.980
6.980
6.790
6.800
6.730
6.610
6.670
6.580
6.550
6.700
6.780
6.610
6.540
6.700
6.630
6.690
6.390
6.280
6.380
6.180
6.040
5.940
6.100
6.010
6.020
6.020
5.980
6.110
6.320
6.270
6.300
6.270
6.150
6.040
6.120
6.230
6.210
6.210
6.090
6.050
6.350
6.480
6.530
6.760
6.770
6.570
6.550
6.460
6.250
6.610
6.710
7.050
7.090
7.070
6.880
6.830
6.860
6.690
6.640
6.510
6.470
6.380
6.390
6.370
6.440
6.380
6.480
6.480
6.430
6.830
6.810
6.710
6.710
6.750
6.740
6.640
6.750
6.750
6.710
6.540
6.580
6.580
6.570
6.670
6.850
6.550
6.720
6.910
6.990
7.080
7.110
7.210
6.970
6.790
6.780
6.840
6.760
6.880
6.890
6.880
6.790
6.490
6.630
6.620
6.750
6.790
6.650
6.550
6.520
6.240
6.100
6.050
6.040
6.000
5.910
5.860
5.860
5.860
5.990
6.010
6.060
5.950
5.980
5.990
5.980
5.950
6.070
6.060
6.060
6.000
5.950
5.960
5.940
5.970
5.920
5.990
5.990
5.720
5.690
5.600
5.560
5.560
5.640
5.600
5.740
5.710
5.660
