10.610
10.580
10.570
10.530
10.570
10.600
10.550
10.570
10.550
10.520
10.580
10.800
10.720
10.650
10.600
10.550
10.520
10.460
10.440
10.470
10.550
10.500
10.470
10.330
10.200
10.120
10.150
10.030
9.810
9.630
9.800
9.960
10.150
10.110
10.150
9.910
9.920
9.760
9.730
9.970
10.250
10.300
10.490
10.580
10.610
10.700
10.810
10.730
10.840
11.110
11.220
11.640
11.530
11.500
11.730
11.740
11.970
12.230
12.080
12.020
12.080
12.270
12.350
12.180
12.170
12.310
12.580
12.570
12.530
12.420
12.420
12.550
12.550
12.310
12.380
12.390
12.310
12.350
12.240
12.350
12.310
12.570
12.550
12.520
12.370
12.370
12.450
12.420
12.560
12.300
12.000
12.390
12.260
12.070
12.050
12.000
12.120
12.210
12.120
12.170
12.150
12.050
12.080
11.890
11.840
11.920
11.800
11.650
11.770
11.720
11.460
11.400
11.440
11.260
11.300
12.160
12.230
12.220
12.370
12.260
12.300
12.320
12.180
12.130
12.070
12.030
12.040
12.030
11.810
11.900
11.940
12.050
11.950
11.940
11.850
11.750
11.710
11.710
11.900
12.470
12.450
12.450
12.350
12.290
12.390
12.460
12.420
12.560
12.740
12.530
12.670
12.790
12.730
12.570
12.630
12.560
12.590
12.590
12.660
12.600
12.620
12.460
12.560
12.450
12.420
12.410
12.400
12.310
12.440
12.470
12.550
12.450
12.330
12.310
12.330
12.210
12.250
12.260
12.460
12.300
12.300
12.170
12.200
12.180
12.160
12.120
12.270
12.580
12.820
12.830
12.720
12.510
12.500
12.420
12.390
12.550
12.490
12.270
12.110
12.020
11.940
11.960
12.060
11.920
11.780
11.800
11.700
11.760
11.690
12.120
12.070
12.140
12.020
12.060
11.880
11.670
11.680
11.840
11.680
11.600
11.670
11.630
11.560
11.570
11.660
11.870
11.760
11.500
11.950
11.810
11.850
11.830
11.830
11.840
11.840
11.880
11.990
11.910
11.750
11.560
11.510
11.460
11.570
11.610
11.420
11.310
11.260
11.250
11.150
10.860
10.720
11.100
11.000
10.970
10.940
10.930
10.880
10.610
10.690
10.780
11.170
11.160
11.190
11.140
11.130
11.130
10.820
10.690
10.700
10.560
10.720
10.700
10.890
10.620
10.610
10.500
11.020
10.870
10.820
10.700
10.900
10.700
10.760
11.350
11.670
11.660
11.420
11.370
11.300
11.530
11.420
11.320
11.210
11.530
11.890
12.500
12.410
12.600
12.580
12.550
12.320
12.300
12.040
12.310
12.400
12.320
12.160
12.510
12.300
12.280
12.600
12.300
12.430
12.420
12.620
11.800
11.710
12.020
12.060
11.510
11.620
11.300
10.930
11.140
10.880
11.410
10.880
10.410
10.250
10.790
10.580
11.450
11.520
11.460
11.180
11.190
10.980
10.880
10.180
10.630
10.520
10.320
10.350
10.230
9.740
9.980
9.930
10.730
11.690
11.260
11.400
11.500
11.780
11.520
12.600
14.000
14.500
14.850
14.190
14.430
14.330
14.150
13.660
13.310
12.850
13.320
12.570
13.000
14.130
14.000
13.600
13.660
13.600
13.220
13.040
13.000
12.720
12.900
13.350
13.080
13.360
13.010
13.280
12.710
12.410
12.250
12.400
12.600
12.260
12.250
11.600
11.350
10.820
10.420
10.580
11.410
11.500
11.360
11.150
11.220
10.990
10.510
10.330
10.300
10.530
10.250
10.500
10.740
10.410
11.350
11.010
11.400
11.000
10.590
9.830
9.260
9.010
9.320
10.130
10.040
10.020
9.270
9.240
8.700
9.000
9.880
10.200
9.360
8.980
8.960
9.950
10.900
11.560
10.900
12.040
12.830
12.800
12.420
12.680
12.080
11.620
11.250
10.940
11.370
10.780
10.800
11.700
12.200
11.200
10.030
11.010
11.320
11.230
11.010
9.810
9.940
9.150
8.020
8.710
7.920
7.200
8.000
8.890
9.880
10.980
12.200
11.700
12.870
13.770
14.600
14.250
12.870
13.440
14.880
14.150
14.830
15.780
15.930
15.280
14.760
14.680
14.700
15.220
14.100
14.820
14.110
13.220
12.420
13.040
13.370
12.870
12.620
12.600
12.160
12.070
11.550
11.550
11.230
11.290
11.170
11.170
10.880
10.620
10.410
10.730
11.190
11.560
11.880
11.760
11.700
12.350
12.200
12.650
11.860
11.610
11.560
11.550
10.860
11.200
11.290
11.160
10.660
10.510
10.950
10.870
10.680
10.610
10.450
10.450
10.380
10.270
10.170
10.390
10.250
10.090
9.550
9.450
9.400
9.360
9.280
9.090
9.060
9.060
9.010
8.950
9.040
8.960
8.780
8.740
8.660
8.640
8.590
8.560
8.710
8.690
8.630
8.600
8.510
8.510
8.460
8.260
8.360
8.350
8.330
8.250
8.180
8.220
8.300
8.340
8.290
8.240
8.230
8.200
8.090
7.950
7.890
8.080
8.030
8.020
7.930
7.890
8.110
8.180
8.160
8.100
8.070
8.000
8.030
8.200
8.230
8.110
8.020
7.960
7.930
8.180
8.450
8.400
8.520
8.390
8.340
8.220
8.050
8.130
8.070
8.030
8.300
8.230
8.160
8.130
8.190
8.200
8.170
8.150
8.160
8.070
7.990
7.930
7.920
7.830
7.820
7.850
7.840
7.850
8.140
8.100
8.150
8.140
8.150
8.080
8.060
8.060
7.940
7.820
7.720
7.710
7.700
7.880
7.950
8.020
7.930
8.210
8.230
8.290
8.250
8.330
8.340
8.340
8.490
8.370
8.370
8.300
8.240
8.260
8.150
8.100
8.040
8.110
8.280
8.270
8.170
8.030
8.020
8.050
7.970
7.930
7.870
7.780
7.660
7.640
7.750
7.820
7.890
7.980
7.650
7.650
7.600
7.570
7.470
7.490
7.490
7.490
7.450
7.390
7.380
7.370
7.430
7.350
7.360
7.340
7.340
7.350
7.310
7.210
7.190
7.190
7.220
7.200
7.170
7.200
7.240
7.290
7.290
7.220
7.210
7.210
7.220
