8.640
8.690
8.570
8.740
8.640
8.610
8.500
8.600
8.620
8.100
8.130
8.130
8.270
8.320
8.210
8.290
8.340
8.240
8.130
8.110
8.020
8.030
7.900
7.840
7.920
7.860
7.890
7.820
7.860
7.640
7.590
7.860
8.030
8.050
8.080
7.960
7.930
8.060
8.090
8.050
8.280
8.230
8.280
8.470
8.510
8.410
8.340
8.320
8.170
8.150
8.110
8.430
8.540
8.760
8.870
8.790
8.850
8.980
8.970
9.210
9.050
9.120
9.350
9.170
8.890
9.150
9.300
9.160
9.380
9.440
9.200
8.980
8.780
8.800
8.940
9.020
8.960
8.940
9.100
9.070
8.870
8.840
9.030
9.210
8.900
9.040
9.080
9.240
9.170
9.200
9.400
9.360
9.070
9.000
8.420
8.680
8.510
8.840
8.740
8.800
8.490
8.250
8.100
7.990
7.930
8.100
8.100
7.920
8.000
7.990
7.800
7.740
7.670
7.620
7.390
7.480
7.630
7.690
7.790
7.870
7.600
7.600
7.470
7.400
7.310
7.310
7.270
7.320
7.320
7.310
7.390
7.350
7.250
7.260
7.320
7.270
7.220
7.310
7.330
7.850
7.860
7.760
7.600
7.590
7.730
7.860
7.850
8.090
8.040
7.930
8.020
8.070
8.150
8.010
8.050
8.140
8.070
8.030
8.280
7.740
7.450
7.230
7.270
7.200
7.190
7.180
7.130
7.210
7.350
7.360
7.390
7.450
7.390
7.230
7.250
7.370
7.130
7.270
7.340
7.330
7.390
7.410
7.330
7.330
7.270
7.270
7.190
7.420
7.440
7.460
7.410
7.510
7.220
7.060
6.960
7.220
7.240
7.310
7.030
6.930
6.860
6.860
6.930
6.950
7.010
6.880
6.820
6.960
6.990
7.040
7.130
7.130
7.040
7.090
6.930
6.740
6.620
6.720
6.750
6.740
6.610
6.620
6.650
6.540
6.500
6.560
6.610
6.580
6.850
6.780
6.710
6.750
6.710
6.750
6.710
6.830
6.850
6.860
6.900
6.710
6.660
6.740
6.720
6.730
6.630
6.470
6.480
6.470
6.430
6.400
6.310
6.400
6.420
6.330
6.350
6.380
6.440
6.500
6.350
6.290
6.560
6.610
6.640
6.640
6.640
6.610
6.620
6.390
6.370
6.390
6.380
6.370
6.430
6.390
6.320
6.310
6.460
6.480
6.380
6.410
6.390
6.420
6.390
6.700
7.060
7.020
7.050
6.880
6.900
7.010
7.120
7.000
7.050
7.000
6.970
7.220
7.290
7.570
7.770
7.600
7.510
7.320
6.880
7.010
7.060
7.110
6.820
6.880
6.790
6.570
6.810
6.870
6.810
7.020
6.990
7.080
6.890
6.630
6.480
6.540
6.590
6.370
6.450
6.570
6.830
6.880
6.790
6.590
6.520
6.030
5.900
6.330
6.250
6.830
6.780
6.830
6.720
6.640
6.620
6.550
6.320
6.420
6.510
6.480
6.260
6.140
6.390
6.240
6.410
6.470
7.080
7.010
6.950
7.180
7.350
7.050
7.000
7.340
7.220
7.330
7.420
7.500
7.210
7.890
7.630
7.610
8.290
8.440
8.340
8.260
8.570
8.380
8.440
8.470
8.450
8.240
8.320
8.120
8.120
8.120
7.910
7.980
8.020
8.060
8.350
8.360
8.540
8.520
8.200
8.060
8.170
8.990
9.010
8.980
9.040
9.180
9.130
9.040
9.120
9.130
8.960
9.220
9.500
9.200
9.110
9.150
9.120
8.950
8.410
8.430
8.600
8.490
8.430
8.600
8.570
8.420
8.260
8.060
8.690
8.430
8.600
8.350
8.110
8.260
8.330
7.930
7.650
7.380
7.380
7.340
7.560
7.500
7.830
7.720
7.950
7.970
7.720
7.670
7.700
7.100
7.610
8.370
8.280
8.560
8.310
8.050
8.000
7.810
8.380
8.730
8.170
7.860
7.820
8.690
9.660
10.590
10.550
10.260
11.400
11.150
11.260
10.900
11.300
11.400
10.940
10.680
11.200
10.650
10.110
9.600
9.510
10.080
9.510
9.670
10.740
11.170
11.000
10.950
10.910
10.510
9.550
9.370
10.410
10.630
9.660
8.780
7.980
8.280
9.200
9.070
10.000
10.960
11.820
10.900
12.080
13.420
14.080
13.690
13.380
14.660
15.340
15.080
16.390
16.480
16.360
15.900
16.050
16.580
16.240
15.900
16.490
15.610
15.140
14.300
14.830
15.300
15.790
15.500
15.070
15.120
14.900
14.740
13.400
13.310
13.120
13.350
13.390
13.450
13.140
12.880
12.740
13.250
14.390
14.200
14.340
14.160
15.000
14.770
15.120
15.340
15.260
15.000
14.130
13.450
13.380
13.820
13.750
13.500
13.410
14.100
13.870
13.660
13.780
13.650
13.490
14.090
12.810
12.730
12.350
12.160
12.470
12.270
12.380
12.290
12.230
11.620
11.480
11.190
11.130
11.100
11.170
11.260
11.510
11.310
11.410
11.640
11.350
11.500
10.450
10.530
10.430
10.450
10.270
10.110
10.080
10.090
9.890
9.720
10.150
10.410
10.500
10.340
10.290
10.630
11.060
11.260
10.930
10.710
10.920
10.890
10.330
10.290
11.430
11.460
10.970
11.300
11.190
11.630
11.590
12.270
12.190
12.800
12.580
12.580
12.890
11.990
11.130
10.120
10.100
10.860
10.750
9.770
9.720
9.980
9.930
9.540
9.530
9.470
8.820
9.420
8.630
8.830
8.670
8.670
8.550
8.290
8.340
8.490
8.520
8.370
8.210
8.020
7.920
7.980
7.980
8.030
8.220
8.230
8.100
8.380
8.060
8.450
8.600
8.170
7.430
7.260
7.240
7.150
7.130
6.900
6.790
6.750
6.880
6.940
7.030
6.930
7.120
7.270
7.290
7.280
7.300
7.330
7.340
7.120
7.090
7.070
7.080
7.030
6.950
6.870
7.070
7.000
7.020
6.720
6.990
6.890
6.620
6.650
6.660
6.560
6.490
6.460
6.370
6.310
6.250
6.190
6.230
6.200
6.380
6.490
6.510
6.460
6.510
6.530
6.490
6.420
6.430
6.450
6.400
6.290
6.330
6.440
6.370
6.320
6.220
6.330
6.410
6.390
6.440
6.350
6.250
6.180
6.170
6.150
6.010
6.000
5.980
6.020
6.020
5.940
5.870
5.830
5.950
