47.930
47.370
46.680
48.670
49.950
49.980
50.490
51.000
50.100
49.000
49.700
48.500
48.700
48.020
48.300
48.530
49.650
49.750
49.900
49.490
49.010
47.660
46.510
46.470
47.100
47.460
46.940
47.500
47.680
47.080
47.050
46.500
46.610
46.460
47.090
46.520
45.920
45.520
44.410
44.330
42.280
43.560
45.010
45.000
45.400
44.230
44.100
45.130
45.800
44.830
42.890
45.000
43.500
43.300
41.810
40.770
40.700
40.310
39.550
39.000
39.880
41.380
41.050
42.020
41.700
41.010
40.900
40.180
40.500
41.350
41.410
40.880
39.600
39.520
39.510
39.580
39.680
39.440
39.300
39.200
38.890
39.550
38.280
38.000
37.660
37.700
37.390
36.950
37.000
37.570
37.850
38.100
37.900
37.060
36.710
35.670
36.020
35.600
34.780
34.680
33.730
33.320
33.130
32.800
32.740
33.690
33.320
33.870
33.940
34.050
33.600
33.690
33.450
32.590
31.990
32.550
33.000
33.850
34.300
34.350
34.150
33.920
33.120
33.070
32.330
31.960
32.020
32.200
31.770
32.280
33.180
33.360
33.280
33.000
32.820
32.890
33.410
33.060
32.780
34.120
33.540
33.340
33.320
33.010
33.460
33.700
34.160
33.630
33.630
33.400
33.400
33.340
33.160
33.200
33.200
33.200
33.460
33.490
33.500
34.090
34.750
33.800
33.940
33.610
33.720
34.320
34.470
33.960
33.900
33.010
31.610
31.540
31.330
31.620
31.590
31.240
31.160
31.180
31.280
31.450
31.410
31.050
30.250
30.210
30.150
30.090
29.990
30.390
29.960
29.680
29.950
29.580
29.320
29.480
29.630
31.000
31.500
31.580
31.500
31.200
31.180
31.550
31.350
30.900
30.800
30.800
30.750
31.270
31.400
31.130
31.280
31.300
31.250
31.460
30.770
30.460
32.020
31.910
31.030
30.600
30.890
30.650
30.750
30.450
30.890
32.050
31.280
30.310
30.300
29.910
29.950
30.830
30.700
30.520
31.800
31.700
31.960
32.130
32.590
32.410
31.500
31.780
30.100
29.980
29.530
29.400
29.480
29.740
29.860
28.420
28.000
28.380
28.120
28.270
28.010
28.200
27.040
26.200
25.400
25.280
26.130
26.050
25.680
24.750
24.640
24.450
23.880
23.100
22.910
22.690
23.100
23.220
23.640
23.370
23.490
23.500
24.400
23.000
23.350
23.750
23.750
23.700
23.430
23.680
23.440
24.160
24.490
24.300
24.160
24.500
24.380
24.000
24.610
24.120
23.260
23.410
23.210
23.010
22.730
22.500
22.110
22.030
22.410
21.730
21.670
21.500
21.320
21.680
21.150
20.920
20.120
19.580
19.510
20.550
20.680
22.000
21.760
21.500
21.310
21.390
21.320
20.930
20.520
21.030
21.510
21.120
21.140
20.900
20.300
20.010
20.040
20.600
22.060
21.500
21.890
22.400
22.300
21.900
22.110
21.330
22.320
22.610
22.840
23.410
23.790
25.030
24.500
24.910
26.810
26.270
26.010
26.100
26.510
27.000
26.950
27.350
25.800
25.380
25.110
24.750
24.860
24.040
23.750
23.850
24.050
24.050
24.700
24.200
24.490
23.570
23.010
22.600
23.080
24.220
24.150
24.150
24.400
24.400
24.190
24.060
24.170
23.620
23.560
24.260
24.430
24.580
24.800
24.450
24.360
23.460
23.250
23.580
23.200
22.520
22.230
21.960
22.430
21.860
21.380
21.300
22.010
22.160
22.260
21.750
21.770
21.560
21.260
20.930
20.980
20.600
20.480
20.350
20.410
20.800
20.810
20.630
21.180
20.600
20.510
20.400
19.800
19.600
19.800
20.900
21.080
21.070
19.990
20.780
20.510
20.280
20.890
20.840
19.920
18.940
18.650
20.700
22.930
25.110
24.500
24.800
26.800
26.600
25.130
26.050
26.090
25.450
24.800
24.450
24.980
24.850
24.050
23.430
23.770
22.890
21.410
22.880
25.210
24.770
24.500
24.250
24.540
24.770
23.000
22.700
25.000
24.000
22.800
19.890
19.800
21.960
22.430
24.920
27.690
30.560
30.560
31.400
29.000
31.010
29.400
26.680
26.010
27.800
27.430
28.090
29.530
28.630
28.310
28.050
27.990
27.910
27.020
25.280
26.040
26.120
25.220
24.460
25.290
26.540
26.250
26.000
25.910
24.510
24.350
23.800
23.570
23.660
23.800
24.140
24.270
23.680
23.300
23.230
23.540
24.200
25.500
25.500
25.300
25.100
25.920
25.880
26.280
26.640
25.270
25.000
25.770
24.140
24.500
24.450
24.110
23.930
23.690
24.670
24.360
24.350
24.280
24.050
24.410
24.110
24.260
22.700
22.860
22.550
22.790
22.510
22.340
22.710
21.750
20.910
20.730
20.650
20.750
20.620
20.280
20.350
20.090
19.880
19.830
19.950
20.350
20.050
19.910
20.230
19.910
20.200
20.110
19.820
19.500
19.190
18.170
18.120
18.760
18.890
18.700
18.650
19.110
19.000
19.210
19.310
19.250
19.140
19.090
18.600
18.390
18.050
19.200
18.910
19.060
18.800
19.280
21.400
21.280
21.300
21.280
20.320
20.150
20.070
20.180
20.600
20.520
20.550
20.280
19.660
19.490
19.700
19.820
20.120
19.800
20.110
19.900
19.210
19.100
19.780
18.800
18.920
18.750
18.370
17.920
17.600
17.520
17.370
17.270
17.070
16.850
16.760
16.850
16.800
17.090
16.980
17.020
17.010
16.950
16.650
16.480
16.370
16.260
16.400
16.620
16.480
16.470
16.340
16.260
15.880
16.150
16.130
16.510
16.680
16.800
16.710
16.640
16.690
17.000
16.980
17.430
17.310
17.570
17.750
17.720
17.500
17.590
17.210
17.180
17.260
17.630
17.520
17.370
17.490
17.800
17.820
18.100
18.050
18.170
18.310
18.450
18.440
18.050
17.810
17.510
17.510
17.730
17.690
18.300
18.360
18.300
18.280
19.710
19.940
19.280
19.250
19.150
18.810
18.880
18.800
18.880
19.150
19.400
19.200
19.110
18.700
18.480
18.610
18.200
17.480
17.270
17.200
17.080
17.220
16.750
16.700
16.720
16.640
16.220
16.090
16.080
16.150
16.300
