5.910
5.890
5.900
5.900
5.840
5.870
5.850
5.890
5.770
5.730
5.870
5.880
5.920
5.970
5.990
5.900
5.810
5.800
5.810
5.820
5.800
5.750
5.630
5.600
5.550
5.680
5.870
9.310
9.250
9.110
9.400
9.590
9.510
9.560
9.680
9.550
9.420
9.560
9.870
10.320
10.230
10.290
10.440
10.630
10.290
10.370
10.390
10.330
10.380
10.280
10.530
10.530
10.660
10.880
11.050
11.170
11.380
11.440
11.480
11.290
11.440
11.500
11.480
11.250
11.180
11.590
11.710
11.770
11.780
11.850
12.160
12.280
12.390
12.180
12.200
12.120
12.030
12.160
12.080
12.100
12.160
12.240
12.250
12.180
11.960
12.060
12.100
12.050
12.150
12.170
11.980
11.970
11.940
11.850
11.710
11.740
11.880
12.030
12.040
12.190
12.180
12.180
12.380
12.420
12.370
13.020
12.250
12.160
12.450
12.580
12.440
12.440
12.690
13.000
13.500
14.750
14.970
15.670
15.780
15.870
15.450
15.570
15.440
15.440
15.290
15.210
15.300
15.230
15.250
15.410
15.480
15.870
15.940
15.910
15.860
15.960
15.670
15.470
15.200
15.200
15.110
15.030
14.400
14.650
14.750
14.780
14.850
15.040
15.090
14.660
14.560
14.560
14.480
14.470
14.570
14.350
14.370
13.890
13.950
13.840
13.800
13.870
13.890
14.050
14.050
13.950
14.020
14.630
14.700
14.710
14.480
14.360
14.390
14.460
14.460
14.330
14.400
14.430
14.460
14.480
14.510
14.520
14.310
14.320
14.170
14.130
14.490
14.690
14.740
14.720
14.760
14.630
14.770
14.590
14.870
15.540
15.560
15.380
15.080
15.510
15.150
15.020
14.850
15.060
15.060
14.830
14.940
15.130
14.980
15.180
15.170
14.980
15.020
15.110
15.150
15.180
15.660
14.480
14.200
14.030
13.890
13.890
13.840
13.840
13.700
13.930
13.900
15.500
15.780
15.820
16.360
15.540
15.480
15.390
15.660
15.880
15.780
15.850
15.490
15.680
16.580
16.880
17.290
17.480
16.550
16.710
16.160
16.380
16.470
15.850
16.180
15.890
16.390
15.600
15.580
15.540
15.730
15.470
14.930
15.820
16.000
15.940
16.000
16.100
16.290
15.870
15.990
15.290
14.550
13.300
13.340
13.390
13.450
12.800
12.770
12.150
12.300
12.120
12.080
12.010
12.450
12.740
13.520
14.200
13.850
14.200
13.390
13.300
13.410
13.550
13.630
13.560
13.960
13.180
13.450
13.150
12.890
13.010
12.930
12.950
12.910
12.950
12.770
13.000
13.090
13.000
12.790
13.140
12.710
13.050
13.100
12.850
12.250
12.280
12.470
12.180
12.000
11.500
11.460
11.570
11.630
11.380
11.750
11.890
11.850
11.610
11.700
11.980
11.560
11.180
11.200
11.380
12.150
12.260
12.390
12.100
11.980
11.990
11.680
11.570
11.030
11.750
11.870
11.680
11.830
11.580
11.500
11.910
12.240
11.640
11.210
10.920
11.070
11.200
11.100
10.850
11.090
10.990
11.120
11.060
12.090
12.550
13.250
13.490
13.430
14.870
14.990
14.850
14.790
15.200
15.140
15.090
15.490
15.500
15.180
15.340
15.320
15.250
15.000
14.950
14.900
15.120
15.130
15.500
15.650
15.650
15.590
15.230
15.410
15.900
17.330
18.030
16.500
15.990
15.670
15.720
15.040
15.320
15.820
15.570
15.970
15.280
14.730
14.250
14.290
14.740
14.480
14.490
14.000
14.300
13.180
12.950
12.760
12.730
13.080
12.800
12.800
13.680
13.640
14.020
13.500
13.490
13.270
12.880
12.000
11.050
10.870
10.870
11.260
11.860
12.580
14.070
14.450
14.970
15.270
15.400
14.930
14.520
14.240
14.410
14.480
13.690
12.940
13.320
13.260
12.770
13.020
13.550
13.350
13.190
14.510
15.450
15.300
15.020
14.970
14.590
14.360
13.480
14.000
12.730
14.100
14.470
16.200
17.800
17.540
19.000
20.300
21.980
21.990
21.400
22.500
24.160
24.160
25.100
26.360
26.680
25.940
25.260
25.200
25.160
26.200
27.900
25.940
24.590
22.420
22.950
22.580
21.590
21.450
20.910
20.470
19.990
20.230
21.070
21.800
21.850
21.350
20.480
21.340
21.640
21.200
21.550
21.340
20.570
20.380
20.550
20.390
21.000
21.600
21.500
21.190
21.380
22.060
22.100
22.930
22.690
23.380
22.850
21.980
21.500
21.680
20.830
19.140
18.870
18.400
18.290
18.580
18.640
18.520
18.890
18.730
18.270
18.460
18.680
18.570
18.470
18.600
18.250
18.210
18.150
17.880
18.080
18.300
17.930
18.000
17.500
17.790
16.960
16.920
16.760
17.270
17.290
17.260
17.200
17.130
17.150
17.290
16.980
16.320
16.400
16.140
15.770
15.880
15.860
15.800
16.270
16.160
16.200
15.990
15.770
15.790
15.570
16.100
16.270
16.150
15.940
16.100
17.530
18.090
18.270
18.490
18.880
18.890
18.300
18.470
18.400
18.760
18.730
19.490
19.690
19.380
18.840
19.010
19.310
19.480
19.130
19.090
19.280
18.710
18.540
18.790
18.840
18.770
18.500
18.940
19.120
19.940
19.990
20.060
20.000
20.070
20.300
20.360
20.690
21.090
21.040
20.210
19.610
19.750
20.200
20.940
21.290
21.290
21.560
21.720
21.680
21.820
22.060
22.150
22.090
22.090
22.090
22.980
24.430
27.140
33.550
32.950
31.750
30.240
27.610
27.900
28.700
28.880
28.970
29.200
29.190
29.150
28.480
28.580
28.100
28.190
27.970
27.430
28.080
28.270
29.000
29.800
30.750
27.950
25.410
