5.560
5.570
5.570
5.570
5.550
5.560
5.560
5.580
5.540
5.480
5.600
5.640
5.610
5.600
5.610
5.570
5.580
5.620
5.610
5.620
5.690
5.400
5.380
5.380
5.260
5.330
5.460
5.440
5.310
5.230
5.440
5.500
5.460
5.510
5.560
5.500
5.610
5.500
5.760
6.400
7.110
7.280
7.340
7.110
7.140
7.210
7.080
7.240
7.310
7.360
7.350
7.460
7.080
7.090
7.070
6.900
6.870
6.840
6.740
6.790
6.770
6.770
6.760
6.790
6.850
6.840
6.880
6.810
6.800
6.720
6.770
6.790
6.760
6.740
6.900
6.740
6.720
6.710
6.700
6.610
6.530
6.370
6.340
6.330
6.530
6.550
6.500
6.540
6.320
6.290
6.350
6.320
6.590
6.680
6.730
6.640
6.710
6.670
6.720
6.680
6.740
6.710
6.700
6.660
6.810
6.750
6.910
6.880
6.830
6.620
6.540
6.410
6.350
6.380
6.400
6.390
6.280
6.350
6.350
6.360
6.360
6.310
6.460
6.270
6.200
6.650
6.550
6.450
6.400
6.420
6.390
6.460
6.480
6.500
6.510
6.440
6.430
6.530
5.940
5.880
5.910
5.830
5.820
5.820
5.860
5.660
5.600
5.500
5.730
5.680
5.660
5.730
5.710
5.650
5.580
5.650
5.650
6.000
6.030
6.080
6.080
6.050
6.010
5.780
5.780
5.830
5.800
5.910
5.910
5.980
5.800
5.920
14.960
15.750
15.380
15.260
14.510
14.960
15.000
15.100
16.200
16.180
16.380
15.700
16.370
16.200
16.610
16.210
16.150
16.070
16.300
16.050
17.450
17.250
17.830
17.680
17.930
17.510
17.830
17.350
17.350
17.580
17.380
17.000
16.980
16.310
16.110
15.340
14.830
14.900
15.020
15.030
15.080
14.440
13.910
13.700
14.000
13.760
13.000
13.790
14.060
13.420
13.560
13.120
14.050
13.210
12.750
12.850
13.920
14.450
15.580
15.650
16.070
15.530
15.700
15.410
14.870
14.300
14.950
15.000
14.580
14.320
14.160
13.900
13.900
13.880
14.700
15.730
15.120
15.260
15.450
15.290
14.500
14.830
14.390
15.180
15.510
15.840
16.470
17.290
18.300
17.900
19.800
22.000
22.120
21.050
21.100
20.460
20.030
20.310
20.850
20.660
19.710
20.060
19.600
19.380
18.640
19.030
18.800
18.740
18.850
19.550
19.300
19.630
17.960
18.500
17.720
18.600
20.320
20.150
19.950
20.010
20.390
19.950
19.860
20.200
19.220
19.890
20.700
20.200
20.000
19.830
19.930
19.510
19.050
18.650
18.450
19.600
19.920
20.200
19.510
19.700
20.100
17.340
16.750
17.610
17.510
17.180
16.920
17.010
16.860
16.440
15.780
15.560
15.330
15.100
14.920
14.700
14.900
15.650
15.530
15.790
14.290
14.200
14.130
13.300
13.120
14.580
15.420
15.310
15.020
13.280
13.320
12.720
13.980
14.980
15.000
13.530
13.900
15.440
17.150
18.680
19.600
18.600
20.070
21.580
22.200
21.880
21.890
22.380
21.200
20.380
19.680
20.000
19.250
18.910
20.400
21.500
20.180
20.000
22.220
24.530
24.310
23.580
23.800
22.590
20.340
17.700
18.800
20.540
18.670
16.970
18.860
19.000
19.130
20.820
21.600
18.090
20.100
22.330
24.450
26.300
24.600
26.760
29.400
29.300
30.730
32.720
33.620
33.670
33.510
33.000
33.870
35.110
33.200
34.480
33.000
31.400
29.400
32.580
36.000
35.600
34.510
32.810
30.870
29.880
29.500
29.900
32.030
30.640
30.780
30.300
29.000
28.470
28.580
27.950
29.300
31.010
30.260
31.150
30.420
31.700
32.400
29.300
29.700
27.310
25.800
26.010
25.280
21.810
20.980
21.430
20.300
20.040
20.250
20.200
20.000
19.310
19.300
18.980
18.650
18.090
18.300
17.880
17.950
18.500
18.480
18.560
18.380
18.300
18.430
17.800
16.810
17.100
17.930
16.890
16.670
16.010
16.410
16.110
16.100
16.420
15.510
15.400
15.380
15.240
14.600
14.250
14.100
14.580
14.960
15.170
14.800
14.350
14.490
15.000
15.140
15.680
15.600
15.300
14.390
14.400
14.150
13.380
13.740
13.700
12.460
12.450
11.470
11.780
11.820
12.020
11.800
12.080
12.000
12.380
11.700
11.950
11.530
11.020
10.760
10.470
11.250
11.900
11.970
11.840
10.910
11.010
10.800
9.800
9.880
10.810
10.840
9.550
9.690
9.620
9.480
9.440
9.460
9.260
9.160
8.810
8.840
8.980
8.880
9.430
9.300
9.300
9.540
9.710
9.700
9.590
9.610
9.470
8.960
8.800
8.900
8.730
8.730
9.070
8.840
8.300
8.310
8.270
8.080
8.110
8.250
8.180
8.020
7.950
7.940
7.780
7.800
7.660
7.550
7.490
7.640
7.580
7.550
7.710
7.870
7.700
7.710
7.660
7.640
7.670
7.720
7.700
7.680
7.560
7.500
7.510
7.820
7.750
7.830
7.520
7.400
7.340
7.370
7.290
7.170
7.190
7.140
7.240
7.110
7.090
7.150
7.180
7.260
7.220
7.200
7.100
7.050
7.130
7.070
7.000
6.920
6.960
6.810
6.830
6.990
6.880
7.000
7.150
7.000
6.620
