0.220
0.270
-0.070
0.170
-0.030
0.030
-0.250
-0.030
0.220
-0.100
-0.760
0.250
-0.340
0.130
0.260
0.420
-0.380
0.450
-1.170
-0.690
1.280
0.630
0.310
-0.340
0.030
0.290
0.170
-0.060
-0.420
-0.330
0.100
-0.890
-0.560
0.300
0.070
0.180
0.260
-0.130
-0.060
0.080
-0.690
0.030
0.290
-0.330
-0.170
-0.820
-0.560
-0.260
0.290
-0.030
-0.190
-0.190
-0.140
0.550
0.200
-1.080
-0.300
0.200
-0.890
-0.350
-0.130
-0.690
0.880
0.030
-0.140
0.060
-0.250
0.150
0.240
-0.090
-0.260
-0.040
0.110
-0.120
-0.540
0.150
0.250
-0.070
0.060
-0.130
-0.170
-0.140
0.000
0.220
0.040
-0.110
-0.260
0.080
-0.220
-0.030
0.220
-0.090
0.320
0.120
-2.020
0.010
0.190
-0.170
-0.070
-0.050
0.360
-0.260
-0.180
0.950
-1.340
-0.560
-0.010
-0.090
0.280
0.320
-0.240
-0.050
-0.110
0.000
-0.160
-0.240
0.170
0.500
-0.110
-0.280
0.150
0.130
-0.490
0.140
0.320
0.490
-0.160
-0.140
-0.960
-0.160
0.210
0.090
-0.500
0.000
-0.800
-0.150
0.850
0.080
-0.450
-0.380
0.150
-0.400
0.120
0.250
-0.630
-0.600
0.850
-0.010
0.180
0.370
0.230
-0.050
-0.020
-0.550
0.160
-0.180
-0.010
-0.220
-0.610
0.340
0.090
0.520
-0.430
0.260
-0.630
-0.510
-0.300
0.190
-0.280
-0.320
-0.030
1.070
-0.430
-0.300
-0.310
0.980
-0.710
-0.430
0.470
0.530
1.360
0.310
-0.190
0.300
-1.020
-0.460
0.340
-0.240
0.250
1.040
0.480
0.380
0.010
-0.210
0.150
-0.450
0.740
0.240
0.130
-0.470
-0.360
0.670
-0.270
0.100
0.490
0.310
-0.120
-0.190
0.060
0.150
0.300
0.000
0.010
-0.010
0.020
0.030
-0.690
-1.260
0.150
0.290
-0.270
-0.300
0.650
-0.190
-0.740
1.310
0.000
0.060
0.310
-0.690
-0.450
0.510
0.030
0.390
0.120
-0.140
-0.250
-0.360
1.910
0.390
-0.300
-0.100
0.260
-0.320
0.120
0.420
-0.360
0.610
-0.170
-1.430
-0.240
-0.320
-0.250
0.350
0.080
0.070
0.980
-0.170
0.010
-0.130
-0.220
-0.550
0.140
0.030
0.540
-0.730
0.100
1.140
-0.260
-0.590
0.020
-0.120
-1.990
-1.250
-0.450
-0.650
0.440
0.190
-0.590
-0.210
0.420
-0.250
0.260
-0.130
-2.200
-0.380
0.790
0.560
0.190
0.360
0.540
0.340
-1.410
0.240
0.520
0.400
0.080
2.210
0.660
0.030
0.180
0.180
-0.810
0.500
-0.430
0.860
0.910
0.570
-0.090
-0.020
0.900
-0.340
-0.220
0.420
-0.020
0.260
-1.340
-0.300
1.280
0.270
-2.070
-0.760
-2.380
0.020
0.250
0.270
-0.280
0.280
-0.010
0.870
-0.310
0.090
0.770
0.420
0.820
0.100
1.110
-2.160
-0.870
-2.500
0.520
0.650
-1.120
0.040
0.940
0.950
-0.680
1.810
-0.130
1.280
-2.300
-0.770
-2.640
0.720
-2.830
-3.170
-0.830
1.330
-0.900
-0.620
0.690
0.300
-1.330
0.500
-3.200
-1.440
0.530
-0.640
-0.350
0.690
0.020
-1.330
0.390
-1.180
3.550
1.810
2.810
-1.500
-0.700
1.100
-1.500
1.940
2.330
-0.320
0.270
1.560
0.230
-0.530
0.850
2.470
0.010
-0.550
0.340
1.070
0.930
0.500
-0.330
1.140
0.200
-1.650
0.000
0.150
-0.790
2.150
0.220
0.670
0.820
-2.200
0.120
-0.010
0.040
-0.030
0.900
0.790
1.840
0.160
0.540
0.430
0.170
-1.020
0.870
-0.340
1.240
0.250
0.230
0.600
-0.470
-1.790
1.630
-0.510
-1.870
1.700
1.540
1.400
-1.560
1.190
1.310
-0.330
0.260
0.190
0.220
-0.040
-0.060
0.770
1.030
0.270
0.050
-0.240
0.000
0.060
-0.070
0.000
0.150
0.090
-0.120
-0.250
-0.070
0.490
-0.080
0.410
0.220
0.280
-0.140
0.200
0.240
-0.050
0.340
-0.020
0.160
-0.100
0.020
-0.120
0.120
0.560
-0.210
-0.190
0.050
0.020
0.310
-0.020
-0.980
-0.250
-0.160
-0.400
-0.150
0.410
0.010
0.060
0.350
-0.730
-0.220
-0.240
-0.040
-0.390
0.120
-0.460
0.130
-0.280
0.230
0.820
0.170
0.110
0.280
0.300
0.110
0.100
0.150
-0.230
0.220
-0.420
-0.050
-0.030
0.080
-0.090
-0.290
-0.020
-0.050
0.190
0.060
0.310
0.030
0.120
-0.010
-0.210
-0.210
-0.100
-0.220
0.110
-0.150
0.390
0.130
-0.130
-0.020
-0.110
-0.130
0.310
0.570
-0.010
0.460
0.070
-0.270
0.300
0.080
0.150
-0.320
-0.080
-0.080
0.110
0.010
0.610
-0.010
0.260
0.180
0.100
-0.200
0.770
