13.770
13.890
13.880
13.820
13.230
13.150
13.090
12.890
12.690
12.580
13.080
13.210
13.140
13.010
13.200
13.200
13.120
12.930
13.030
13.140
13.080
13.020
12.910
13.030
12.360
11.550
11.660
11.900
12.450
12.410
12.530
12.430
11.650
11.430
11.110
12.190
12.380
12.270
12.660
12.840
13.050
13.020
12.930
12.580
13.190
13.200
13.240
13.950
13.680
13.680
13.900
13.620
13.910
13.940
14.100
14.200
14.300
14.610
14.810
14.290
14.140
14.130
14.680
15.000
15.300
15.260
14.910
14.840
14.740
14.600
14.660
14.870
14.780
14.720
14.500
14.430
14.380
14.740
15.110
15.030
14.760
13.950
13.970
13.990
14.000
13.840
13.800
13.700
13.630
13.310
13.650
13.600
13.900
14.150
14.010
14.130
14.200
14.140
14.030
13.800
13.720
13.910
13.350
13.240
13.690
13.720
13.410
13.210
13.320
13.170
13.020
14.360
15.250
15.610
16.200
16.050
16.140
15.050
14.700
14.870
15.010
15.310
15.580
15.350
15.010
15.170
15.810
15.900
15.800
13.960
14.120
13.920
13.570
13.400
13.810
15.130
15.130
15.350
14.970
14.600
14.810
14.800
14.920
15.450
15.810
15.720
16.270
16.240
16.700
16.370
16.340
16.110
16.760
16.750
16.810
17.500
17.540
17.330
17.510
17.180
18.010
16.650
17.590
15.920
16.680
17.300
17.200
16.810
16.800
15.640
14.220
12.930
11.750
9.760
9.380
10.110
10.500
9.980
10.220
11.360
12.480
12.020
11.690
11.610
11.310
10.660
9.730
10.810
11.740
11.130
10.120
8.280
9.200
10.220
11.120
12.340
13.500
14.770
13.280
14.410
16.010
17.530
18.240
17.160
18.980
19.850
19.220
19.310
20.070
20.910
19.670
19.510
19.500
19.600
18.110
16.800
17.880
17.710
17.000
16.160
17.120
18.500
18.230
18.260
17.020
15.000
14.970
14.780
14.510
14.480
14.640
14.660
14.760
14.680
14.390
14.210
14.200
14.640
15.320
15.350
15.300
15.380
15.820
15.720
15.800
15.890
15.280
15.180
15.300
14.900
15.060
15.600
15.760
15.250
15.020
15.600
15.770
15.660
16.300
16.290
16.020
16.050
15.770
15.030
14.970
14.840
15.400
15.240
15.010
14.900
14.890
14.590
14.440
14.320
14.800
14.900
14.410
14.530
14.910
14.470
14.300
14.120
14.130
13.900
13.900
14.110
14.010
13.830
13.750
13.630
13.610
13.400
13.260
13.300
13.680
13.990
14.260
14.000
13.800
13.720
13.880
13.900
13.880
13.800
13.770
13.520
13.270
13.030
13.390
13.260
13.200
13.200
13.120
13.600
13.900
13.820
13.760
13.590
13.390
13.210
13.300
13.420
13.310
13.260
13.070
12.930
13.540
14.000
13.900
14.170
13.920
13.810
13.680
13.180
13.160
13.010
13.050
13.490
13.370
13.290
13.300
13.380
13.380
13.280
13.180
13.110
13.010
12.990
12.980
12.950
12.960
12.950
12.960
12.920
12.850
13.350
13.410
13.590
13.850
13.650
13.680
13.600
13.820
13.730
13.450
13.300
13.180
13.210
13.450
13.390
13.560
13.230
13.470
13.890
13.810
13.600
14.140
14.060
13.960
13.650
13.200
12.810
12.630
12.250
12.130
12.150
12.260
12.230
12.170
12.360
12.670
12.490
12.480
12.410
12.460
12.470
12.470
12.560
12.460
12.340
12.170
12.140
12.290
12.400
12.720
12.780
12.750
13.070
13.030
13.150
12.800
12.570
12.470
12.440
12.320
12.300
12.320
12.390
12.330
12.230
12.300
12.360
12.340
12.420
12.330
12.010
11.960
11.920
11.980
12.100
12.440
12.340
12.310
12.280
12.140
12.040
12.030
12.230
12.190
