13.170
13.130
12.800
12.650
12.680
12.620
12.710
12.460
12.160
12.160
12.490
12.520
12.600
12.370
12.230
12.070
11.940
11.770
12.100
12.170
12.130
11.820
11.790
11.720
11.380
12.080
12.430
12.330
12.140
11.750
13.190
13.340
13.550
13.510
13.700
13.570
13.510
13.440
13.040
13.580
13.180
13.030
13.200
13.700
13.880
13.950
13.800
13.940
13.750
13.660
14.750
15.360
15.400
15.710
16.080
17.180
17.870
17.860
18.360
17.620
18.000
17.250
17.220
16.640
16.500
17.090
16.910
16.900
16.510
16.400
16.400
16.650
16.510
16.350
16.550
16.400
16.650
16.630
16.530
16.650
17.220
16.900
17.200
17.000
16.780
17.110
17.390
17.200
17.170
16.250
16.430
16.610
16.550
16.280
15.800
15.220
15.200
15.700
15.730
16.180
16.150
15.800
16.120
15.760
16.000
15.010
15.560
15.510
15.080
15.380
14.470
14.800
15.150
14.740
15.560
16.000
16.410
16.590
17.100
15.940
16.190
15.750
15.190
14.990
14.780
15.020
15.260
15.320
14.650
14.510
14.900
14.810
14.790
15.020
15.000
14.280
14.350
14.000
13.720
13.600
13.770
13.010
13.000
13.000
13.390
13.230
13.350
13.400
13.460
13.400
13.550
13.490
13.510
13.370
13.490
13.600
13.630
13.570
13.480
13.400
13.450
13.570
13.330
13.320
13.490
13.370
13.870
14.070
13.950
14.140
14.340
14.190
14.140
14.400
14.340
13.950
14.430
14.720
14.430
14.510
14.620
14.300
13.550
13.550
13.800
13.330
13.200
13.290
13.300
13.450
13.550
13.250
13.390
13.300
13.160
13.110
13.560
13.800
13.760
13.800
13.790
13.800
13.680
13.700
14.050
14.110
14.350
14.320
14.290
14.000
13.650
13.820
13.980
13.960
13.390
13.780
13.690
13.560
13.700
14.350
14.250
14.350
15.070
14.990
14.690
15.300
14.900
15.410
15.130
15.170
15.450
15.870
16.000
16.210
15.110
13.370
13.500
13.420
13.600
12.700
12.830
12.670
13.000
12.450
11.220
11.490
11.440
11.320
11.540
11.650
11.230
11.280
10.850
11.170
11.450
11.490
11.410
11.550
11.540
11.520
11.320
11.070
11.500
10.580
10.600
10.680
10.770
10.800
10.500
10.440
10.780
10.740
10.620
10.750
10.600
11.030
12.750
12.610
12.380
11.660
11.480
11.680
11.860
11.640
11.750
11.700
11.960
13.010
13.140
12.980
13.100
13.350
13.040
13.160
13.040
13.100
13.860
13.700
13.380
13.450
13.600
13.280
13.480
13.870
13.550
13.760
13.880
13.600
13.450
12.920
12.410
12.950
13.100
13.020
12.670
12.390
12.390
13.000
13.150
12.730
12.260
11.360
11.020
11.860
12.450
13.520
13.460
13.550
12.700
11.940
12.200
11.920
11.370
10.780
11.350
11.110
10.890
10.520
10.950
10.530
11.080
11.870
12.900
13.240
13.100
13.650
14.130
14.050
13.310
13.510
12.500
14.090
14.980
15.900
17.500
18.100
18.200
15.230
17.910
17.100
15.350
16.000
16.720
25.680
24.250
23.910
24.050
24.590
24.750
25.030
24.200
23.170
21.890
21.180
23.430
24.100
23.010
21.300
21.400
20.380
19.810
19.740
19.350
19.500
18.900
19.050
18.690
18.390
17.500
17.740
18.700
19.350
18.580
19.010
18.600
19.410
19.580
19.300
19.870
19.310
18.410
18.090
17.800
17.180
18.420
18.430
17.820
17.340
18.130
18.800
18.550
17.950
18.090
17.540
17.830
17.880
17.710
18.080
17.700
17.070
16.970
16.100
16.320
15.930
15.900
15.630
15.320
15.280
15.370
15.190
14.830
15.350
15.450
15.370
15.220
15.080
15.030
15.040
14.850
14.770
14.800
14.510
14.280
14.120
14.200
13.890
14.120
14.770
14.960
14.780
14.770
14.710
14.880
14.750
15.000
14.950
14.800
15.140
14.300
13.850
13.600
13.580
13.740
13.520
13.510
13.460
13.860
13.920
13.920
14.100
13.860
13.320
13.220
13.380
13.810
13.910
13.900
13.660
13.530
14.220
14.950
14.970
15.270
15.360
15.400
15.750
15.650
15.200
16.620
16.050
15.630
15.470
14.750
14.630
15.010
15.200
15.210
15.250
14.810
14.750
14.530
14.600
14.630
14.580
14.480
14.280
14.850
14.600
15.130
15.000
15.200
15.120
15.430
15.400
15.580
15.480
15.560
15.490
14.880
14.720
15.040
15.290
15.380
15.630
15.510
15.720
16.000
16.260
16.020
16.270
16.450
16.720
16.310
16.420
16.250
16.360
16.350
15.740
15.430
15.950
15.850
15.930
15.810
16.800
16.590
16.140
16.330
15.790
15.870
16.000
15.860
16.020
15.400
15.160
14.510
14.930
14.800
15.210
15.750
15.770
15.800
16.690
15.190
14.770
14.630
14.970
15.280
15.230
15.000
14.970
15.090
14.640
15.200
13.460
13.730
13.620
13.800
13.100
12.850
12.770
12.930
12.690
12.450
12.570
12.910
12.730
13.110
12.930
12.950
12.340
12.390
12.600
12.490
