-0.060
0.010
-0.110
-0.170
-0.050
0.320
-0.040
-0.030
0.040
-0.070
-0.020
0.080
0.090
-0.430
0.150
0.920
0.140
0.120
-0.020
-0.860
-0.130
0.070
-0.050
0.100
-0.140
-0.300
-0.840
0.080
-0.040
0.110
-0.150
-0.080
-0.060
-0.210
-0.030
0.040
0.130
0.390
0.100
-0.330
0.170
-0.240
-0.590
-0.010
0.040
0.200
-0.210
-0.060
0.090
-0.030
0.380
0.170
-0.120
-0.150
0.040
0.130
0.180
0.430
-0.020
-0.370
0.080
-0.120
-0.120
-0.020
0.070
-0.100
-0.040
0.060
0.310
0.060
-0.040
0.040
-0.060
-0.040
-0.160
-0.150
0.350
0.060
-0.050
-0.110
0.230
0.250
-0.030
-0.120
0.020
-0.050
0.040
0.070
-0.310
0.080
-0.030
-0.040
-0.040
-0.190
0.030
0.260
0.100
0.120
0.510
0.000
0.060
-0.230
0.160
0.190
-0.010
0.060
-0.320
-0.540
-0.460
-0.020
-0.060
-0.190
-0.210
-0.040
-0.090
-0.050
0.030
0.080
0.190
0.040
0.100
-0.200
-0.260
0.010
0.320
0.110
-0.110
-0.090
0.010
0.260
0.390
-0.130
0.020
-0.050
0.070
-0.440
-0.070
-0.330
0.020
0.240
-0.010
-0.140
-0.300
-0.150
-0.490
0.380
-0.660
0.220
0.620
0.590
0.560
-0.060
0.530
0.510
0.080
0.480
0.460
-0.320
0.040
0.020
0.490
0.170
-0.300
-0.200
-0.540
0.070
0.970
-0.510
0.000
0.060
0.120
0.800
0.110
-0.210
0.300
-0.040
-0.250
0.010
0.130
0.060
0.240
0.280
-0.180
-0.160
0.100
-0.100
0.010
-0.070
0.390
0.240
0.200
0.270
-0.130
0.240
0.060
-0.370
0.210
-0.190
0.050
-0.870
0.810
0.730
0.250
-0.780
-0.650
-0.940
0.330
-0.200
0.010
-0.040
-0.420
0.890
0.060
-0.100
-0.640
0.870
0.790
0.720
0.650
0.190
-0.060
-0.210
-0.600
0.090
0.150
-0.360
-0.020
0.410
0.120
-0.390
0.260
-0.390
-0.220
-0.840
0.170
-0.910
0.210
-0.610
-1.060
-0.250
0.080
-0.120
-0.060
0.060
-0.460
0.570
-0.110
0.040
0.090
0.430
-0.100
0.250
0.060
-0.280
0.190
0.170
-0.440
0.170
-0.070
0.290
-0.450
0.280
-0.390
-1.180
-0.090
0.240
-0.230
1.070
0.340
0.120
0.110
0.070
0.150
0.030
-0.190
0.300
-0.030
-0.030
0.430
-0.190
0.630
0.460
-0.250
0.200
0.200
-0.350
-0.080
-0.310
0.540
0.790
-0.600
0.260
-0.310
0.110
0.100
0.220
0.070
0.380
0.310
0.480
0.240
-0.040
-0.190
0.020
-0.250
0.230
-0.300
0.160
0.300
0.080
-0.320
0.650
-0.730
-0.810
0.080
-0.370
0.620
0.530
0.070
-0.790
-0.880
-0.980
0.870
-0.280
-1.020
-1.140
-1.260
-1.330
0.240
1.250
-0.830
1.210
-0.310
0.840
0.400
0.380
0.730
0.420
-0.250
-0.270
0.920
-0.970
-0.360
-0.160
0.820
-0.760
-1.140
0.240
1.050
0.070
0.310
0.630
0.590
-0.380
-1.030
0.190
0.920
0.840
0.760
-0.840
-0.940
-1.040
-1.160
-1.290
-1.430
0.400
-1.540
-1.720
-1.710
0.180
-1.280
-2.220
0.550
1.840
0.010
0.650
1.740
0.590
-0.250
-0.480
0.870
0.230
-0.390
-0.950
0.670
0.670
-0.050
-0.610
1.560
0.510
0.030
0.520
0.520
0.260
0.270
-0.050
-0.330
-0.230
0.350
0.180
0.800
0.370
-0.870
-0.520
-1.020
0.610
1.290
0.310
-0.520
-0.080
0.290
0.270
0.300
1.120
-0.620
-0.040
-0.140
-0.830
-0.100
0.220
1.040
1.060
-0.410
-0.030
0.240
0.390
0.000
-0.250
0.250
0.120
-0.330
0.460
-0.190
-0.030
-0.010
-0.330
0.470
0.930
0.210
0.060
0.430
0.050
-0.150
0.010
0.300
0.520
0.070
-0.260
-0.040
0.250
0.010
-0.090
0.000
0.280
0.130
0.330
0.060
-0.010
0.110
-0.060
-0.030
-0.080
0.010
0.240
-0.120
-0.450
0.040
-0.050
-0.120
0.060
0.320
0.060
0.070
0.390
-0.440
0.050
0.000
0.120
-0.010
-0.410
0.010
-0.350
0.150
-0.210
0.340
0.410
0.270
0.220
0.020
0.130
0.220
-0.020
-0.630
-0.130
-0.040
-0.250
-0.080
0.060
0.020
0.170
0.210
-0.770
-0.300
0.010
-0.070
0.230
-0.040
0.040
0.290
-0.010
0.180
-0.010
0.090
0.140
-0.110
-0.040
-0.030
0.190
0.490
-0.160
0.050
-0.330
0.010
-0.070
-0.080
0.080
0.050
0.010
-0.120
0.150
-0.010
0.080
0.230
-0.040
0.250
-0.150
-0.120
0.050
-0.260
-0.160
-0.090
-0.020
0.030
-0.250
-0.340
0.400
0.170
0.000
0.010
-0.280
0.400
0.650
0.000
0.300
-0.030
0.000
-0.250
0.280
0.030
0.120
0.000
0.440
-0.030
0.050
0.060
0.110
0.090
0.100
-0.110
0.000
-0.210
0.100
0.060
-0.040
0.020
-0.050
0.000
0.100
0.160
-0.020
0.090
0.080
-0.030
-0.110
0.040
-0.080
0.410
-0.050
-0.020
0.040
0.120
0.070
0.060
-0.040
-0.170
0.070
-0.060
0.030
-0.160
-0.550
-0.610
0.000
0.550
-0.020
-0.120
0.020
