9.250
9.140
9.120
9.150
9.110
9.120
9.110
9.130
9.180
9.070
9.090
9.150
9.190
9.150
9.130
9.190
9.140
9.200
9.080
9.170
9.250
9.830
9.710
9.650
9.580
9.400
9.340
9.270
9.300
9.120
9.110
9.240
9.390
9.330
9.450
9.410
9.220
9.250
9.190
9.120
9.300
9.140
9.470
9.530
9.490
9.680
9.790
9.860
9.800
9.660
9.830
10.130
10.180
10.200
10.360
10.580
10.540
10.830
10.920
10.580
10.500
10.710
10.880
10.960
10.800
10.770
10.590
10.650
10.610
10.520
10.380
10.370
10.500
10.380
10.380
10.620
10.450
10.390
10.510
10.500
10.460
10.610
10.740
10.850
10.440
10.590
10.790
10.190
10.150
10.350
10.270
10.170
10.170
10.000
9.760
9.790
9.740
9.810
9.820
9.720
9.750
9.690
9.670
9.650
9.560
9.570
9.590
9.570
9.670
9.690
9.550
9.420
9.500
9.400
9.900
9.970
10.060
10.050
10.080
10.070
10.040
10.120
9.860
9.840
9.850
9.870
9.900
9.950
9.880
9.890
9.890
9.830
9.810
9.910
9.890
9.990
10.040
9.810
10.380
10.150
10.240
10.130
10.110
10.330
10.330
10.380
10.370
10.480
10.570
10.430
10.470
10.500
10.440
10.530
10.620
10.600
10.550
10.490
10.470
10.460
10.260
10.430
10.370
10.380
10.360
10.200
10.270
10.310
10.380
10.480
10.460
10.420
10.540
10.490
10.550
10.390
10.490
10.480
10.540
10.530
10.530
10.310
10.250
10.260
10.300
10.290
10.660
10.830
10.860
10.880
10.830
10.770
10.850
10.760
11.140
11.270
11.260
11.380
10.900
10.880
10.880
10.900
10.950
11.030
10.910
10.980
11.170
11.120
11.330
11.390
11.300
11.360
11.360
11.290
11.070
10.940
10.990
11.090
11.040
10.830
11.040
11.000
11.090
10.940
11.450
11.530
11.160
11.700
11.340
11.160
11.340
11.240
11.100
11.030
11.360
11.340
11.050
10.980
10.880
10.950
10.940
11.060
11.180
11.170
10.520
10.290
10.360
10.450
10.420
10.050
10.340
10.570
10.000
10.230
10.240
10.300
9.790
9.390
9.420
10.300
10.260
10.320
10.230
10.350
10.400
10.270
9.760
9.900
9.990
9.980
10.160
10.150
10.150
9.660
9.310
9.740
9.840
9.320
9.360
9.280
9.340
9.060
9.280
9.790
9.420
9.520
9.300
9.160
9.170
9.160
9.030
9.150
9.090
9.320
10.050
10.020
10.290
10.400
10.350
10.170
10.420
10.320
10.030
9.760
9.670
9.360
9.590
9.680
9.300
9.590
9.570
9.490
9.670
9.550
9.540
9.240
8.840
8.580
8.710
8.930
8.600
8.610
8.660
8.880
8.900
8.650
9.070
9.100
8.580
8.330
9.100
9.190
10.210
10.200
10.390
10.220
10.440
10.000
9.770
9.380
9.520
9.390
9.240
9.250
8.740
9.070
8.710
9.280
9.710
10.790
10.860
10.660
11.350
11.360
10.780
10.480
11.050
10.580
11.170
11.720
13.020
12.680
14.090
13.800
15.030
16.700
16.460
16.500
16.800
17.000
16.350
15.830
15.370
15.010
15.210
15.470
15.360
15.430
15.500
15.300
14.800
14.740
14.390
15.230
14.920
14.770
14.140
14.600
13.690
12.980
14.000
14.110
13.110
13.340
13.630
13.370
13.090
13.600
14.000
13.830
13.820
14.050
13.810
13.850
13.470
13.380
13.580
13.100
13.300
12.820
12.080
11.580
11.650
11.750
11.660
11.200
10.930
12.140
11.320
11.400
11.580
11.330
11.680
10.620
10.170
10.180
9.550
9.550
9.470
9.900
9.740
10.280
10.500
10.500
10.190
9.990
10.050
11.170
10.430
11.590
12.880
12.630
11.480
11.570
12.650
14.060
15.600
15.070
13.700
15.200
14.700
13.970
13.350
13.800
13.300
12.800
12.660
12.170
11.060
10.050
10.690
10.510
11.150
10.470
10.350
11.500
11.350
10.820
10.970
10.970
11.100
10.400
9.980
11.090
10.860
9.870
8.970
8.150
8.090
8.990
8.890
9.650
10.700
11.470
11.020
12.240
13.600
14.620
14.590
14.630
16.250
17.480
17.010
18.350
19.460
23.980
22.900
22.400
22.170
22.730
21.250
21.050
21.690
21.000
20.450
19.910
22.120
20.700
19.000
17.390
17.380
17.140
17.220
16.790
16.010
16.260
16.170
16.430
15.990
15.580
14.930
15.240
15.510
16.150
16.400
15.630
14.900
15.250
15.420
14.660
14.780
14.250
13.800
14.520
14.790
14.720
15.300
15.180
14.910
14.710
15.140
15.050
15.270
14.580
13.250
13.430
13.770
13.500
13.360
13.580
13.490
13.620
12.890
12.370
12.540
12.780
12.570
12.630
12.990
12.400
11.600
11.760
11.440
11.520
11.260
11.220
11.190
11.250
10.870
10.740
10.690
10.580
10.470
10.670
10.990
10.900
11.060
10.660
10.710
10.990
11.240
11.210
11.270
10.970
10.850
10.730
10.520
10.290
10.870
10.530
10.540
10.510
10.330
10.540
10.550
10.620
10.690
10.420
10.210
10.190
10.490
10.070
10.050
10.030
9.900
9.940
10.430
10.710
10.720
10.990
11.090
11.100
11.010
10.820
10.520
10.700
10.600
10.980
10.810
10.440
10.350
10.480
10.550
10.580
10.670
10.400
10.330
10.290
10.200
10.240
10.160
10.560
10.630
10.790
10.690
11.000
11.000
11.230
10.990
10.860
11.080
11.030
11.120
11.120
11.030
10.720
10.590
10.700
11.100
11.300
11.170
11.100
11.300
11.600
11.520
11.540
11.670
11.910
12.060
11.990
11.890
11.820
11.990
12.150
11.500
11.400
11.840
11.630
11.680
11.590
12.350
12.270
12.350
12.780
13.240
12.600
12.590
12.580
12.980
12.280
12.000
11.300
11.170
11.280
10.850
10.660
10.660
10.630
10.790
10.750
10.820
10.650
10.900
10.410
10.470
10.480
10.330
10.130
9.550
9.330
9.220
9.380
9.220
9.270
9.140
8.950
8.950
9.190
9.280
9.220
9.310
9.180
9.260
9.440
9.480
9.270
9.300
10.010
10.010
