7.530
7.650
7.730
7.640
7.600
7.680
7.650
7.710
7.810
7.820
7.910
8.190
7.980
8.030
8.050
8.150
8.060
8.150
7.770
8.250
8.430
8.420
7.650
7.920
11.180
10.160
9.960
9.500
9.490
9.410
9.610
10.040
10.310
10.130
10.220
10.070
9.960
10.100
10.180
10.150
10.970
10.950
9.950
10.110
10.210
10.220
10.450
10.170
10.190
10.000
10.130
10.960
11.590
11.590
11.950
13.280
14.750
14.840
14.650
14.510
14.540
14.330
14.470
14.300
14.300
14.210
14.880
15.130
15.100
15.190
15.330
15.090
15.450
15.620
15.420
15.270
15.240
15.170
15.110
15.110
15.180
15.310
15.440
15.350
15.300
15.260
15.440
15.450
15.730
15.850
15.710
15.570
15.630
15.610
15.310
15.150
15.410
15.570
15.400
15.520
15.840
15.640
15.680
15.650
15.540
15.610
15.860
17.370
17.400
16.870
16.900
17.050
17.390
16.760
16.670
16.680
16.690
16.030
15.920
16.070
16.160
16.430
16.290
16.270
16.170
16.540
15.880
16.090
15.850
15.680
15.370
15.560
15.170
15.410
15.540
15.340
15.670
15.310
15.310
16.700
16.910
17.200
16.980
17.000
16.850
16.790
15.820
16.060
16.050
16.100
15.850
16.200
15.900
15.720
15.680
15.440
15.470
15.110
15.410
15.720
16.080
15.880
16.900
17.370
17.030
17.160
16.150
16.360
16.230
16.470
16.000
16.140
16.050
16.300
17.830
18.380
18.450
18.540
18.520
18.240
18.230
17.690
17.590
18.290
18.590
18.190
18.780
18.300
17.750
18.710
17.410
17.100
17.020
17.030
16.550
15.680
14.850
14.050
14.480
15.440
14.810
15.040
15.490
15.280
15.410
15.090
16.250
16.190
15.220
15.070
16.740
16.920
18.800
18.380
18.370
17.800
17.610
18.000
17.820
16.200
15.540
15.400
15.060
14.950
14.400
14.390
13.810
14.520
15.530
17.250
17.140
16.740
18.350
18.320
17.290
16.630
17.510
16.690
18.540
19.280
21.420
22.170
24.630
23.800
24.930
27.700
27.900
28.190
25.820
25.790
25.650
26.250
27.180
26.200
27.620
27.350
27.160
27.270
25.880
25.030
24.690
23.050
23.350
24.930
23.980
22.800
21.820
22.360
22.220
21.900
24.330
25.230
25.000
25.730
25.930
24.100
23.250
23.000
22.900
21.800
23.460
22.470
21.680
19.710
19.900
19.500
19.010
18.250
18.090
20.100
20.760
20.600
22.130
21.200
21.260
20.680
19.890
22.100
22.480
21.790
21.910
21.430
20.500
19.860
19.670
17.880
17.070
16.720
17.510
16.750
16.520
18.360
17.920
19.420
19.090
18.710
20.030
22.250
20.810
20.180
22.420
20.380
18.530
17.460
15.870
16.350
18.170
20.190
19.730
17.940
18.100
19.220
21.360
23.730
24.600
26.850
24.410
22.190
20.170
18.340
16.670
17.790
17.780
16.490
15.310
16.120
16.950
15.690
17.340
17.350
19.280
19.070
21.190
23.540
25.120
23.890
22.680
20.620
21.900
21.520
23.910
26.570
29.520
32.800
32.880
33.970
32.670
29.700
32.000
35.210
35.940
32.670
29.700
27.020
24.560
25.690
23.350
21.630
19.660
17.870
17.700
17.910
18.480
19.120
17.640
16.050
14.850
14.370
13.610
12.430
11.770
12.000
12.490
11.920
11.050
11.000
12.050
12.500
12.310
11.190
11.550
11.080
12.000
12.080
12.090
11.480
10.440
10.220
9.290
8.750
8.600
8.320
8.550
8.300
7.970
7.700
7.690
7.780
7.560
7.640
7.810
7.730
7.710
7.400
7.550
6.990
6.800
6.820
6.570
6.780
6.660
6.700
6.660
6.050
5.810
5.280
5.390
5.390
5.380
5.300
5.100
5.070
5.020
5.000
5.040
5.060
5.070
5.100
5.040
5.120
5.160
5.270
5.280
5.160
5.080
5.180
5.160
5.000
4.920
5.350
5.480
5.700
5.970
5.960
5.840
5.710
5.820
5.730
5.790
5.830
5.810
5.920
6.000
5.900
5.900
5.820
5.560
5.460
5.370
5.600
5.600
5.770
5.800
6.010
6.090
6.100
6.240
6.130
6.120
6.220
6.290
6.250
6.140
5.900
5.870
5.880
5.740
5.920
5.780
5.830
5.690
5.880
5.980
6.080
5.990
6.040
6.090
6.050
5.880
5.660
5.630
5.630
5.650
5.620
5.470
5.650
5.540
5.460
5.560
5.330
5.360
5.180
5.250
5.160
5.150
4.940
4.800
4.850
5.000
5.020
5.060
5.020
4.970
5.010
4.960
4.820
4.760
4.760
4.690
4.740
4.730
4.730
4.770
4.790
4.710
4.680
4.710
4.650
4.700
4.700
