14.230
14.320
14.450
14.210
14.000
13.360
13.330
13.350
12.960
13.120
13.360
13.440
13.470
13.280
13.500
13.480
13.380
13.320
13.300
13.530
13.420
13.420
13.350
13.670
13.290
12.440
12.100
12.460
12.870
12.760
12.980
12.860
12.710
11.750
12.180
12.610
12.600
12.970
12.910
13.200
13.280
13.310
13.230
13.240
13.350
13.460
13.970
14.140
14.170
13.960
14.240
14.070
14.120
14.230
14.380
14.560
14.660
14.870
15.400
14.870
14.430
14.770
15.260
15.500
16.120
15.820
15.250
15.070
15.050
14.930
15.230
15.080
15.100
15.000
15.070
14.790
14.900
15.380
15.420
15.300
15.380
15.490
14.190
14.220
14.280
14.170
14.110
14.280
14.100
13.840
13.960
13.880
14.240
14.320
14.380
14.430
14.580
14.460
14.340
14.250
14.180
13.920
14.570
13.510
13.880
14.020
13.820
13.590
13.840
13.830
14.380
15.430
15.850
16.000
17.280
16.620
17.000
16.690
15.180
15.190
15.490
15.820
16.150
16.200
15.540
16.000
16.190
16.580
16.770
15.800
14.550
14.360
14.540
13.970
15.320
15.570
15.650
16.080
15.430
15.070
15.250
15.130
15.480
16.340
16.550
16.340
16.750
16.800
17.090
17.150
16.840
16.690
17.190
17.230
17.700
18.350
18.680
18.100
18.450
18.090
19.090
19.360
19.400
16.960
17.430
18.150
17.800
18.230
17.200
15.640
14.220
12.930
11.750
10.720
10.200
10.580
11.270
11.100
11.410
12.650
13.160
13.240
12.360
12.350
11.960
11.720
11.250
11.780
13.210
12.240
11.130
10.120
9.200
10.800
13.600
14.350
15.490
17.000
15.940
16.550
17.520
19.200
19.370
19.450
21.150
21.490
20.270
20.730
21.420
21.680
21.800
21.280
20.600
20.650
18.960
18.200
18.700
18.570
18.010
17.670
19.090
19.270
19.400
19.500
18.230
16.570
15.360
15.070
14.900
14.800
14.930
15.100
15.000
14.970
14.650
14.490
14.930
15.490
15.580
15.750
15.700
16.190
16.330
16.380
16.170
16.180
15.870
15.750
15.800
15.440
15.680
15.950
15.990
15.760
15.770
16.230
16.250
16.000
16.700
16.670
16.690
16.510
16.800
15.740
15.260
15.620
15.740
15.640
15.750
15.200
15.220
15.090
14.780
14.860
15.050
15.370
15.160
15.180
15.400
15.380
14.950
14.700
14.340
14.460
14.200
14.170
14.140
14.150
14.050
13.820
13.860
13.790
13.500
13.790
14.200
14.650
14.590
14.690
14.300
14.080
14.320
14.450
14.370
14.030
14.070
14.040
13.550
13.810
13.680
13.570
13.460
13.480
13.540
14.020
14.430
14.150
14.180
14.150
13.750
13.710
13.800
13.780
13.620
13.670
13.400
13.700
14.070
14.260
14.530
14.770
14.480
14.130
14.130
14.010
13.790
13.580
13.730
13.700
13.550
13.600
13.600
13.880
13.750
13.450
13.380
13.380
13.150
13.150
13.200
13.080
13.130
13.180
13.220
13.150
13.630
13.610
13.830
13.880
14.120
14.170
13.900
14.030
14.070
14.000
13.870
13.500
13.500
13.670
13.920
13.840
13.830
13.630
13.940
14.100
14.170
14.190
14.560
15.000
14.620
13.940
14.190
13.100
13.280
12.840
12.250
12.500
12.410
12.360
12.460
12.930
12.920
12.690
12.730
12.600
12.610
12.630
12.670
12.770
12.640
12.520
12.390
12.400
12.470
12.830
12.940
12.980
13.140
13.250
13.300
13.520
13.420
12.970
12.870
12.790
12.560
12.410
12.600
12.540
12.550
12.400
12.490
12.470
12.520
12.650
12.510
12.380
12.270
12.240
12.210
12.490
12.640
12.830
12.620
12.590
12.470
12.340
12.380
12.630
12.600
