5.300
5.280
5.300
5.330
5.310
5.290
5.310
5.370
5.300
5.340
5.420
5.390
5.370
5.360
5.380
5.360
5.330
5.300
5.380
5.400
5.330
5.280
5.230
5.260
5.200
5.300
5.290
5.260
5.240
5.200
5.320
5.440
5.350
5.390
5.470
5.450
5.440
5.300
5.240
5.410
5.280
5.170
5.260
5.190
5.300
5.360
5.290
5.520
5.470
5.400
5.580
5.680
5.810
5.730
5.940
6.050
6.260
6.380
5.880
5.630
5.670
5.650
5.600
5.560
5.500
5.460
5.440
5.470
5.500
5.500
5.500
5.510
5.580
5.520
5.560
5.540
5.530
5.520
5.490
5.500
5.550
5.580
5.620
5.610
5.550
5.580
5.590
5.610
5.530
5.550
5.580
5.570
5.550
5.470
5.560
5.520
5.500
5.510
5.530
5.510
5.510
5.440
5.460
5.380
5.380
5.370
5.360
5.350
5.400
5.390
5.340
5.320
5.360
5.370
5.420
5.480
5.420
5.500
5.530
5.420
5.410
5.390
5.390
5.340
5.310
5.330
5.350
5.370
5.330
5.400
5.380
5.350
5.340
5.330
5.300
5.320
5.310
5.330
5.460
5.440
5.470
5.460
5.500
5.600
5.760
5.470
5.530
5.540
5.480
5.450
5.470
5.480
5.440
5.370
5.420
5.340
5.370
5.370
5.400
5.290
5.240
5.250
5.240
5.240
5.230
5.210
5.230
5.240
5.260
5.280
5.280
5.230
5.230
5.240
5.240
5.200
5.230
5.230
5.230
5.230
5.230
5.150
5.170
5.170
5.210
5.160
5.160
5.170
5.200
5.140
5.170
5.140
5.170
5.170
5.230
5.300
5.340
5.290
5.250
5.250
5.220
5.240
5.250
5.260
5.270
5.240
5.300
5.320
5.300
5.360
5.400
5.400
5.410
5.420
5.330
5.190
5.240
5.260
5.230
5.200
5.190
5.200
5.140
5.100
5.160
5.120
5.090
5.190
5.150
5.120
5.160
5.180
5.200
5.190
5.170
5.200
5.220
5.170
5.110
5.140
5.130
5.130
5.110
5.120
5.010
5.020
5.030
5.030
5.040
5.180
5.190
5.190
5.200
5.140
5.140
5.100
5.150
5.090
5.100
5.250
5.260
5.260
5.280
5.270
5.270
5.260
5.150
5.130
5.130
5.130
5.150
5.180
5.190
5.160
5.160
5.250
5.300
5.210
5.290
5.240
5.290
5.270
5.510
5.650
5.660
5.680
5.600
5.600
5.640
5.670
5.590
5.650
5.600
5.650
5.880
5.880
5.970
6.020
6.080
6.080
5.890
5.830
5.800
5.950
5.930
5.850
5.880
5.890
5.790
5.860
5.890
5.750
5.800
5.810
5.900
5.860
5.690
5.630
5.650
5.610
5.550
5.500
5.570
5.640
5.780
5.700
5.610
5.680
5.440
5.340
5.590
5.530
5.900
5.750
5.810
5.720
5.700
5.660
5.640
5.400
5.340
5.540
5.470
5.380
5.340
5.480
5.270
5.360
5.580
6.000
6.240
6.230
6.300
6.350
6.280
6.200
6.640
6.510
6.630
6.560
6.900
6.870
7.250
7.210
6.690
7.340
7.450
7.510
7.400
7.560
7.520
7.690
7.700
7.690
7.500
7.520
7.470
7.410
7.460
7.250
7.250
7.380
7.400
7.700
7.790
7.800
7.950
7.440
7.350
7.320
7.760
7.860
7.810
7.890
7.800
7.950
7.800
7.990
8.000
7.800
7.800
7.840
7.720
7.720
7.680
7.630
7.500
7.150
7.280
7.290
7.430
7.350
7.400
7.460
7.550
7.350
7.220
7.800
7.560
7.810
7.720
7.330
7.460
7.540
7.250
7.200
7.060
6.860
6.850
6.990
7.030
7.310
7.350
7.360
7.510
7.220
7.380
7.380
6.650
7.100
8.280
7.770
8.080
8.050
7.980
8.080
6.910
7.350
6.700
6.350
6.120
6.630
6.630
7.850
8.410
8.950
8.700
10.020
9.900
9.250
8.900
9.020
9.200
8.730
8.590
8.650
9.170
9.080
8.550
8.450
8.800
8.460
8.400
9.690
10.030
9.900
9.680
10.750
13.440
13.300
13.260
12.640
11.800
11.810
13.100
12.810
11.800
11.300
10.890
10.630
10.610
10.220
10.000
10.470
10.500
10.960
10.510
10.280
9.950
10.450
10.790
11.880
10.680
10.070
9.860
9.920
9.640
9.620
9.850
9.460
9.200
9.550
9.620
8.730
9.390
9.100
8.510
8.300
8.490
8.780
8.770
8.180
8.210
8.070
8.350
8.130
8.090
8.150
8.380
8.090
7.890
7.790
7.650
7.520
7.330
7.200
7.130
7.020
7.080
6.950
6.890
6.900
7.010
6.960
7.090
7.100
7.010
6.910
6.850
6.840
6.800
6.800
6.680
6.530
6.700
6.500
6.540
6.910
7.170
7.160
7.080
7.280
7.450
7.180
7.340
7.470
7.300
7.400
7.370
7.050
6.940
7.300
7.600
7.250
7.290
7.230
7.500
7.680
8.110
8.070
8.070
7.910
7.680
7.860
7.800
7.700
7.310
7.670
8.320
7.920
7.430
7.550
7.260
7.300
7.270
7.390
7.020
6.480
6.600
6.260
6.380
6.210
6.130
6.050
6.110
6.020
6.000
6.030
5.880
5.790
5.620
5.590
5.570
5.660
5.710
5.720
5.850
5.650
5.760
5.640
5.710
5.620
5.600
5.390
5.370
5.400
5.100
5.070
4.950
4.960
4.960
4.990
5.070
5.080
5.070
5.110
5.120
5.130
5.100
5.140
5.180
5.190
5.180
5.190
5.150
5.070
5.130
5.060
4.990
5.100
5.100
5.060
5.030
5.070
5.010
4.960
5.020
4.990
4.990
4.940
4.900
4.890
4.840
4.830
4.770
4.830
4.840
4.920
4.900
4.850
4.880
4.880
4.860
4.810
4.800
4.840
4.820
4.820
4.800
4.770
4.850
4.820
4.820
4.770
4.790
4.790
4.770
4.830
4.790
4.720
4.680
4.700
4.690
4.720
4.670
4.700
4.580
4.620
4.580
4.570
4.510
4.540
4.500
