-0.120
0.050
-0.170
-0.290
1.060
0.070
-0.190
0.110
0.090
-0.130
-0.410
-0.120
-0.070
0.020
0.040
0.160
-0.150
0.080
0.020
-0.190
0.490
0.460
0.080
0.110
0.110
-0.310
0.000
-0.030
0.100
0.110
-0.440
-0.500
0.070
-0.180
0.250
0.320
0.000
0.240
-0.240
-0.300
0.070
-0.520
-0.210
-0.250
-0.170
0.240
0.270
-0.140
0.050
0.140
-1.070
0.060
-0.410
0.060
-1.010
-1.740
-0.620
-0.070
-0.430
1.600
-0.150
1.290
-0.040
0.930
-0.420
-0.260
0.090
0.000
0.460
0.260
-0.150
0.330
-0.100
-0.210
-0.030
0.120
-0.130
0.040
-0.240
0.020
-0.410
-0.190
-0.120
0.260
0.250
0.100
-0.100
0.170
-0.010
0.240
-0.050
0.070
0.090
0.160
-0.270
0.030
-0.140
-0.270
0.260
-0.040
0.180
0.040
0.090
0.070
0.000
0.300
-0.110
-0.070
0.420
0.150
-0.730
0.070
-0.040
-1.170
-1.050
-0.040
-0.520
-0.660
0.800
1.580
0.100
0.200
0.030
-0.180
-0.530
0.050
-0.480
-0.210
0.290
1.500
-0.090
0.040
-1.410
0.140
-0.200
0.070
0.040
0.140
-0.100
0.060
-0.410
-0.990
0.020
0.260
-0.140
-0.160
0.170
-0.140
0.020
-0.580
-0.120
0.170
-0.150
-0.380
0.150
0.970
0.100
-0.400
0.080
0.290
0.130
-0.630
-0.110
-0.560
1.290
-0.130
-0.190
0.620
-0.130
0.290
-0.460
-0.020
-0.590
-0.300
0.470
0.520
-0.030
0.010
0.020
0.330
-1.240
0.250
0.380
-1.190
0.220
-0.640
-2.150
1.960
1.320
1.660
-0.230
0.980
1.440
1.310
0.050
0.180
0.510
-0.540
0.020
-0.010
-0.120
0.040
0.010
0.510
0.500
0.270
-0.050
-0.260
0.410
0.110
-0.070
-0.180
0.200
0.210
-0.590
0.010
0.590
0.140
-1.240
-0.420
-1.430
0.510
-0.280
0.140
0.480
0.150
0.090
0.460
-0.300
0.140
0.680
-0.270
0.280
0.220
0.290
-0.420
-0.800
-1.140
0.080
0.220
-0.740
-0.330
0.810
0.250
-0.530
0.880
-0.630
0.180
-1.540
0.040
-1.700
0.350
-1.150
-1.980
-0.170
0.850
0.200
-0.290
0.180
-0.300
-0.540
1.340
0.060
-0.200
0.250
-0.060
0.150
0.480
-0.270
0.350
-0.250
-0.590
0.090
-0.370
0.150
-0.360
0.550
0.030
-1.100
-0.230
0.220
-0.270
0.430
0.130
0.270
-0.730
0.510
-0.070
-0.890
-0.570
-0.040
-0.240
0.240
0.230
-0.380
1.040
-0.340
-0.340
-0.160
1.690
-1.050
0.830
-0.210
0.370
0.720
-2.050
0.230
0.410
0.800
0.400
-0.850
-0.050
0.660
0.050
0.190
0.700
0.730
0.070
-0.140
0.680
0.410
-0.640
-0.280
0.990
1.280
-0.250
1.440
-1.120
-1.730
0.650
-0.970
1.510
1.460
0.860
-0.720
-1.610
-0.300
1.490
1.350
-1.490
-1.670
-1.850
-1.990
-2.280
0.270
-2.510
2.280
2.070
1.080
-0.730
-0.280
1.580
1.100
-0.140
0.950
1.560
-1.730
-0.720
-1.770
1.040
-1.210
-0.500
0.680
1.800
0.630
1.580
1.440
1.170
-0.580
-1.530
-0.030
1.390
1.270
1.150
-1.280
-1.420
-1.580
-1.750
-1.950
-2.160
-0.350
-2.440
-2.710
0.310
1.340
-1.320
-2.980
-2.080
1.330
1.450
-0.840
-1.840
2.890
0.010
-0.170
-0.780
0.680
2.650
2.410
2.190
1.990
-0.440
-2.250
-0.120
1.030
0.250
-0.660
0.910
1.130
0.200
-0.140
-0.490
0.790
1.010
0.310
0.580
0.550
-1.340
-0.010
0.050
1.690
0.370
0.010
-0.820
0.400
0.110
-0.170
0.270
0.420
-0.740
-0.050
0.060
-0.870
-0.530
0.000
0.720
0.530
-0.750
0.440
1.060
-0.320
0.040
0.670
0.270
0.020
-0.100
-0.550
-0.040
-0.050
-0.100
0.260
0.250
-0.140
0.370
0.200
-0.360
-0.310
0.640
0.620
1.370
0.360
0.040
0.010
-0.160
0.040
-0.240
0.110
0.080
0.560
0.180
-0.140
0.560
0.100
-0.140
-0.300
-0.220
0.260
-0.340
0.100
0.110
0.290
-0.340
-0.170
-0.200
0.330
0.450
0.150
0.170
0.220
-0.440
0.110
-0.080
0.300
0.370
-0.420
-0.370
0.200
-0.030
-0.410
0.220
-0.400
-0.560
0.010
0.140
-0.040
0.640
-0.170
-0.580
0.140
-0.560
-0.360
1.100
0.390
0.970
-0.080
0.320
-0.070
-0.220
-0.260
-0.120
-0.080
0.010
-0.430
0.220
-0.060
-0.180
0.700
0.370
-0.050
0.380
0.400
0.050
0.330
0.120
-0.380
0.350
-0.550
0.050
0.010
-0.340
1.020
-0.100
-0.110
-0.020
-0.150
0.220
0.640
0.030
0.220
-0.240
-0.770
-0.660
0.090
-0.010
0.260
0.310
-0.010
-0.100
-0.030
-0.260
0.260
0.970
0.060
0.170
-0.190
0.100
0.150
-0.130
-0.070
0.370
-0.130
-0.290
0.150
-0.010
0.010
-0.130
-0.040
0.010
0.130
0.140
0.020
0.200
0.180
0.170
-0.220
-0.230
0.030
0.200
0.000
-0.190
0.140
0.410
0.790
0.010
-0.050
0.120
0.060
0.000
-0.100
0.000
-0.010
0.190
0.110
0.110
-0.140
0.010
0.120
-0.020
-0.060
0.080
0.200
-0.030
-0.070
-0.160
0.030
0.130
0.190
0.080
0.050
-0.150
-0.040
