5.280
5.270
5.280
5.290
5.300
5.290
5.250
5.340
5.290
5.240
5.370
5.370
5.340
5.340
5.330
5.330
5.290
5.270
5.310
5.340
5.270
5.250
5.220
5.230
5.170
5.160
5.270
5.230
5.180
5.150
5.200
5.310
5.340
5.330
5.420
5.390
5.440
5.300
5.150
5.290
5.270
5.060
5.170
5.170
5.150
5.290
5.250
5.230
5.430
5.400
5.380
5.570
5.690
5.710
5.780
5.800
6.030
5.960
5.800
5.550
5.600
5.620
5.590
5.560
5.480
5.410
5.420
5.420
5.460
5.460
5.470
5.480
5.520
5.510
5.520
5.540
5.500
5.500
5.450
5.480
5.470
5.530
5.570
5.600
5.540
5.560
5.530
5.530
5.490
5.490
5.510
5.540
5.540
5.460
5.470
5.490
5.490
5.470
5.490
5.470
5.480
5.420
5.420
5.370
5.350
5.160
5.350
5.330
5.370
5.370
5.330
5.310
5.340
5.300
5.300
5.420
5.420
5.420
5.450
5.400
5.400
5.370
5.350
5.310
5.310
5.300
5.320
5.340
5.300
5.320
5.360
5.320
5.310
5.310
5.280
5.260
5.300
5.260
5.300
5.430
5.420
5.410
5.460
5.470
5.600
5.450
5.460
5.510
5.480
5.410
5.440
5.450
5.410
5.370
5.360
5.340
5.340
5.340
5.350
5.270
5.240
5.200
5.230
5.220
5.220
5.200
5.200
5.230
5.220
5.230
5.260
5.220
5.200
5.200
5.220
5.180
5.190
5.210
5.210
5.200
5.210
5.150
5.150
5.150
5.150
5.150
5.130
5.160
5.160
5.140
5.120
5.130
5.120
5.140
5.120
5.250
5.280
5.280
5.230
5.240
5.220
5.230
5.220
5.250
5.240
5.230
5.230
5.300
5.260
5.290
5.340
5.360
5.350
5.360
5.290
5.190
5.190
5.230
5.190
5.130
5.180
5.130
5.130
5.080
5.050
5.100
5.050
5.000
5.140
5.100
5.110
5.170
5.170
5.180
5.150
5.180
5.170
5.160
5.090
5.080
5.110
5.110
5.080
5.100
5.000
5.000
5.010
5.000
4.960
5.160
5.100
5.170
5.140
5.130
5.110
5.090
5.090
5.080
5.080
5.100
5.230
5.220
5.240
5.240
5.230
5.240
5.140
5.110
5.090
5.060
5.120
5.090
5.130
5.130
5.140
5.110
5.250
5.210
5.240
5.190
5.240
5.230
5.300
5.500
5.620
5.600
5.570
5.560
5.500
5.630
5.550
5.530
5.580
5.600
5.590
5.840
5.850
5.900
6.040
6.030
5.820
5.810
5.750
5.800
5.880
5.770
5.760
5.850
5.780
5.720
5.810
5.740
5.700
5.790
5.820
5.840
5.690
5.620
5.610
5.540
5.520
5.400
5.520
5.510
5.500
5.680
5.530
5.640
5.410
5.260
5.180
5.350
5.360
5.720
5.690
5.650
5.620
5.640
5.580
5.380
5.280
5.460
5.470
5.340
5.310
5.230
5.270
5.230
5.220
5.520
6.000
6.060
6.170
6.250
6.010
6.200
6.280
6.420
6.580
6.520
6.470
6.680
6.650
7.210
6.600
6.730
7.320
7.420
7.380
7.410
7.470
7.480
7.670
7.640
7.500
7.500
7.460
7.330
7.350
7.170
7.160
7.250
7.340
7.400
7.580
7.780
7.780
7.370
7.310
7.100
7.200
7.740
7.740
7.710
7.780
7.840
7.740
7.780
7.910
7.760
7.760
7.710
7.720
7.700
7.670
7.570
7.450
7.140
7.040
7.160
7.300
7.330
7.300
7.230
7.460
7.230
7.060
7.100
7.500
7.450
7.520
7.330
7.430
7.400
7.190
7.080
7.010
6.830
6.760
6.730
6.950
6.950
7.220
7.280
7.430
7.060
7.140
7.270
6.650
6.550
7.280
7.770
7.760
8.050
7.400
7.900
6.850
6.710
6.580
6.220
5.710
5.970
6.630
7.370
8.150
8.620
8.200
9.090
9.600
9.150
8.870
8.910
8.980
8.730
8.590
8.500
8.750
8.980
8.480
8.440
8.590
8.240
8.010
8.900
9.760
9.720
9.680
10.750
13.260
12.300
12.470
12.640
11.800
10.770
11.860
12.510
11.800
11.200
10.860
10.610
10.600
10.220
9.890
10.020
10.270
10.470
10.380
10.130
9.860
9.740
10.370
10.690
10.500
10.010
9.770
9.760
9.620
9.410
9.630
9.450
9.100
9.150
9.390
8.710
8.910
8.960
8.510
8.240
8.180
8.450
8.720
8.130
8.120
8.060
8.070
8.080
8.050
8.000
8.070
7.900
7.890
7.650
7.520
7.480
7.310
7.170
7.100
6.990
7.000
6.920
6.710
6.870
6.880
6.910
6.930
7.030
6.960
6.860
6.840
6.840
6.790
6.710
6.650
6.530
6.490
6.500
6.400
6.510
6.920
7.060
7.000
6.990
7.360
7.100
7.190
7.250
7.250
7.240
7.250
7.030
6.940
6.850
7.500
7.240
7.200
7.200
7.190
7.520
7.710
7.930
7.960
7.850
7.510
7.600
7.700
7.570
7.170
7.120
7.600
7.830
7.250
7.450
7.200
7.120
7.060
7.120
7.000
6.460
6.450
6.190
6.080
6.150
6.110
6.020
6.000
5.960
5.960
5.930
5.870
5.730
5.570
5.550
5.530
5.520
5.630
5.610
5.750
5.630
5.580
5.590
5.530
5.520
5.590
5.330
5.320
5.270
5.070
5.040
4.950
4.930
4.940
4.950
4.990
5.060
5.050
5.030
5.110
5.100
5.100
5.090
5.140
5.150
5.130
5.150
5.120
5.070
5.100
5.050
4.980
4.970
5.080
5.040
5.010
5.030
4.990
4.960
4.960
4.970
4.960
4.930
4.870
4.870
4.840
4.820
4.760
4.730
4.800
4.850
4.880
4.830
4.820
4.850
4.840
4.810
4.800
4.800
4.810
4.800
4.790
4.770
4.750
4.770
4.770
4.730
4.760
4.750
4.740
4.760
4.780
4.690
4.670
4.660
4.650
4.670
4.630
4.680
4.570
4.570
4.560
4.560
4.500
4.510
4.480
