0.120
0.310
-0.250
0.020
-0.090
-0.030
-0.070
0.180
-0.010
0.280
-0.400
0.210
-0.160
0.250
0.400
0.280
-0.040
-0.030
-0.040
0.290
-0.260
0.170
0.120
0.170
0.230
-0.110
0.020
0.000
0.190
0.350
-0.070
-0.160
0.110
0.080
0.070
0.300
0.070
0.060
-0.250
-0.100
-0.060
-0.130
0.140
-0.050
0.220
0.320
0.250
-0.030
-0.120
0.120
-0.270
0.530
0.140
-0.080
-0.010
-0.500
-0.550
-0.360
0.220
-0.080
0.110
-0.740
-0.590
-0.220
-0.250
1.190
-0.090
0.010
0.060
0.010
-0.240
0.390
-0.240
0.120
0.500
0.130
0.040
0.220
-0.650
0.160
0.030
0.000
0.050
-0.210
-0.250
0.330
0.010
0.200
-0.590
0.240
0.370
-0.120
0.470
-0.180
0.700
0.070
-0.050
0.040
0.090
0.140
-0.160
0.000
0.020
0.360
0.020
0.050
0.130
0.070
-0.280
0.070
-0.190
-0.570
0.090
0.020
-0.140
0.230
0.050
0.110
0.410
0.020
-0.070
0.070
0.080
-0.080
-0.100
0.050
-0.060
0.200
0.110
0.070
0.120
-0.010
0.260
0.090
0.060
-0.080
0.160
-0.170
-0.400
0.000
-0.120
0.190
0.050
-0.710
0.000
-0.070
-0.130
0.490
0.110
0.010
0.420
-0.050
0.070
0.020
-0.250
-0.300
0.110
0.140
0.470
-0.620
-0.100
0.300
0.050
-0.310
-0.430
-0.130
-1.130
-1.270
0.040
-0.090
0.180
0.200
0.390
-0.100
0.130
-0.130
0.400
-0.510
-1.350
0.070
-0.010
0.440
0.150
0.040
0.190
0.030
0.100
-0.340
-0.210
-0.160
0.130
0.010
0.170
0.650
0.230
0.600
-0.510
0.450
-0.290
0.740
0.220
0.220
-0.300
-1.210
0.400
0.730
-0.110
-0.560
0.150
0.150
-0.050
0.130
0.990
0.820
-0.100
0.110
-1.050
-0.060
0.000
0.420
-0.070
0.400
0.110
0.440
-0.020
-0.140
0.100
0.200
0.370
-0.280
0.490
-0.200
0.040
-0.960
-0.050
0.330
-0.300
-0.250
0.600
0.850
-0.650
0.330
-0.420
0.130
-1.000
0.240
-1.090
0.390
-0.650
-1.240
-0.410
-0.030
0.090
-0.890
-0.190
0.270
-0.470
0.230
0.040
-0.230
0.490
-0.150
0.410
-0.050
-0.050
0.080
0.350
-0.760
0.530
0.500
0.210
-0.930
-1.490
-1.650
0.360
-0.290
-0.900
-0.260
0.210
-0.400
0.230
1.600
0.430
0.000
0.270
-0.360
0.540
0.710
0.080
0.320
0.300
-0.010
0.020
-0.280
0.460
0.620
-1.430
0.370
-0.060
0.800
0.790
-0.440
0.380
0.720
0.230
0.420
-0.030
0.150
-0.440
0.450
-0.910
0.510
0.090
-0.060
1.030
0.130
-0.430
0.960
-1.000
-1.180
0.380
-0.490
0.770
1.010
0.470
-1.030
-1.190
-1.220
1.180
-0.220
-1.350
-1.500
-1.660
-1.850
0.070
1.680
-1.850
0.200
1.130
1.570
-0.880
-0.360
0.750
0.530
0.810
1.350
1.230
-1.210
-0.440
-0.600
1.240
-1.470
-1.640
-0.490
0.950
-0.270
1.250
0.370
0.980
-0.220
-1.530
1.270
1.280
1.160
1.060
-1.170
-1.300
-1.450
-1.610
-1.790
-0.830
0.810
-1.990
-2.210
-1.060
-0.190
0.450
-2.550
-2.830
1.000
-1.220
-1.600
-0.630
-0.250
1.880
0.120
-0.800
-0.370
-3.350
-1.200
2.190
-2.070
3.150
2.860
2.600
2.360
2.150
1.950
1.780
1.610
1.470
1.330
1.210
1.100
1.000
0.910
0.830
0.750
0.690
0.230
-0.080
0.130
-0.330
0.250
-0.030
0.180
0.230
-0.020
0.190
0.020
0.020
0.090
0.140
0.070
-0.120
0.060
-0.190
-0.090
-0.090
-0.060
0.140
-0.060
0.410
0.170
0.020
-0.050
0.110
0.040
0.020
-0.140
0.030
0.200
0.060
-0.020
0.000
0.040
0.070
0.090
0.070
-0.050
-0.160
0.050
-0.100
-0.060
0.190
0.000
-0.020
0.000
0.050
-0.100
0.040
-0.120
