5.810
5.850
5.860
5.830
5.790
5.810
5.830
5.800
5.740
5.750
5.810
5.770
5.780
5.680
5.680
5.650
5.660
5.600
5.610
5.640
5.630
5.580
5.560
5.510
5.390
5.450
5.530
5.510
5.390
5.370
5.450
5.520
5.620
5.610
5.550
5.440
5.500
5.480
5.430
5.680
5.770
5.820
5.930
5.920
6.020
6.100
6.100
6.000
6.160
6.110
6.120
6.300
6.320
6.250
6.530
6.550
6.620
6.600
6.590
6.890
6.900
7.000
6.990
6.920
6.920
6.740
6.840
6.880
6.910
6.860
6.870
7.020
7.060
7.040
7.100
7.120
7.090
7.110
7.080
7.100
7.110
7.190
7.190
7.170
7.160
7.220
7.210
7.330
7.330
7.390
7.410
7.390
7.400
7.360
7.350
7.350
7.350
7.340
7.290
7.280
7.270
7.230
7.250
7.220
7.210
7.430
7.210
7.180
7.190
7.220
7.140
7.120
7.160
7.110
7.010
7.350
7.500
7.530
7.680
7.610
7.670
7.670
7.630
7.600
7.610
7.620
7.670
7.580
7.470
7.510
7.540
7.530
7.490
7.540
7.590
7.510
7.520
7.570
7.640
8.050
8.130
8.100
8.100
8.160
8.250
8.250
8.240
8.240
8.280
8.170
8.210
8.310
8.450
8.380
8.350
8.320
8.320
8.300
8.200
8.250
8.220
8.070
8.130
8.040
8.070
8.030
8.010
8.200
8.180
8.250
8.200
8.050
8.000
8.040
8.030
7.930
7.900
7.920
8.110
7.990
7.950
7.810
7.760
7.720
7.650
7.580
7.580
7.790
7.740
7.650
7.600
7.540
7.490
7.490
7.430
7.870
7.980
8.010
7.770
7.800
7.770
7.750
7.880
8.160
8.250
8.260
8.190
8.210
8.140
8.130
8.250
8.200
8.130
8.070
7.890
7.740
7.770
7.820
7.800
7.710
7.720
7.690
7.660
7.560
7.500
7.760
7.710
7.650
7.980
7.970
8.050
8.040
8.030
7.970
8.030
7.860
7.710
7.700
7.560
7.560
7.530
7.610
7.620
7.480
7.240
7.220
7.100
7.120
7.080
7.200
7.060
7.330
7.220
7.040
6.960
7.020
7.030
6.810
6.820
6.840
6.930
6.920
6.980
6.740
6.710
6.720
6.490
6.430
6.420
6.370
6.450
6.470
6.510
6.410
6.470
6.440
6.530
6.460
6.530
6.410
6.540
6.460
6.560
6.580
6.840
6.840
6.710
6.710
6.730
6.820
6.620
6.680
6.300
6.310
6.350
6.750
6.790
6.940
6.930
6.830
6.750
6.870
6.750
6.860
6.960
6.840
6.800
6.940
6.860
6.720
6.930
6.780
6.800
6.710
6.720
6.680
6.460
6.300
6.280
6.330
6.230
6.070
6.150
6.280
6.260
6.400
6.250
6.360
6.080
5.920
5.820
6.140
6.080
6.500
6.270
6.210
6.130
6.160
6.090
5.900
5.750
5.990
5.950
5.810
5.780
5.710
5.600
5.570
5.580
6.080
6.700
6.560
6.640
6.760
6.670
6.540
6.610
6.630
6.890
7.000
7.100
7.100
7.350
7.870
7.530
7.910
8.450
8.520
8.430
8.600
8.690
8.690
8.990
9.020
8.910
8.910
8.970
8.900
8.610
8.380
8.130
8.380
8.480
8.650
8.980
8.960
9.060
8.680
8.770
8.420
8.780
9.330
9.220
9.020
9.100
9.180
15.720
15.900
16.190
15.310
15.580
15.310
15.450
15.360
15.430
14.570
14.260
13.530
13.400
13.470
13.610
13.600
13.720
13.700
14.120
13.920
13.270
13.100
13.900
13.700
13.700
13.420
13.470
13.350
13.120
12.810
12.670
12.280
12.220
12.180
12.100
12.360
12.540
12.430
12.740
12.210
12.210
12.170
11.540
11.460
11.880
12.860
13.220
13.030
12.210
12.330
11.500
12.460
12.920
12.710
11.620
10.800
11.680
12.980
14.300
15.410
14.810
15.530
16.710
16.560
16.000
16.170
16.350
15.930
15.540
15.190
15.560
15.210
14.770
14.620
14.900
14.500
13.850
15.260
16.730
16.930
16.060
15.750
15.610
15.600
15.570
17.300
19.220
20.800
20.720
20.610
20.100
19.800
19.720
18.600
19.700
19.380
18.600
17.550
18.070
18.580
18.500
17.200
16.500
16.000
16.000
15.390
15.240
15.380
15.800
15.680
15.510
15.130
14.700
14.600
15.200
15.710
15.780
15.700
14.890
14.890
15.440
15.110
15.600
15.250
14.700
14.850
15.430
15.210
15.320
15.610
15.600
15.180
14.740
14.700
15.130
14.730
14.650
14.530
14.080
13.800
13.640
13.680
13.650
13.570
13.850
14.160
13.660
13.600
13.470
13.280
12.480
12.200
12.120
11.900
11.580
11.800
12.080
12.210
12.140
12.220
11.960
11.650
11.580
11.680
11.590
11.450
11.500
11.120
11.100
10.830
10.670
10.760
11.250
11.470
11.390
11.400
11.940
11.790
11.990
12.030
11.730
11.720
11.530
11.140
11.010
11.010
12.150
11.920
11.910
11.790
11.730
12.220
12.500
12.710
12.510
12.800
12.360
12.300
12.300
12.020
11.450
11.290
11.850
12.810
12.460
12.450
12.080
11.720
10.910
11.090
11.170
10.700
10.800
10.180
10.010
9.730
9.640
9.410
9.410
9.250
9.260
9.110
8.950
8.800
8.300
8.200
8.250
8.220
8.180
8.170
8.350
8.080
8.030
8.300
8.350
8.320
8.430
8.230
8.160
8.070
7.870
7.750
7.480
7.580
7.570
7.500
7.790
7.850
7.730
7.640
7.960
7.960
7.980
7.960
7.950
7.930
7.940
7.970
7.930
7.620
7.580
7.570
7.290
7.310
7.130
7.050
7.070
7.170
7.180
7.010
6.980
6.970
6.950
6.880
6.820
6.770
6.700
6.670
6.620
6.620
6.660
6.680
6.830
6.880
6.830
6.900
6.900
6.900
6.770
6.780
6.780
6.740
6.790
6.750
6.760
6.830
6.840
6.760
6.750
6.730
6.700
6.760
6.780
6.670
6.560
6.540
6.600
6.610
6.690
6.710
6.510
6.490
6.450
6.440
6.310
6.310
6.310
