-0.030
0.070
-0.110
0.140
0.110
-0.130
-0.180
0.270
0.300
-0.080
0.060
-0.050
0.030
0.180
-0.010
0.360
-0.180
0.100
-0.330
0.030
0.000
0.190
0.060
0.100
0.350
-0.660
-0.010
-0.030
0.020
0.180
-0.140
-0.300
-0.220
0.010
0.080
0.370
0.340
-0.130
-0.130
-0.380
0.020
-0.560
0.040
0.260
0.010
0.190
-0.110
-0.730
0.330
0.010
-0.360
-0.190
-0.070
-0.140
-0.140
-1.310
-0.390
0.520
-0.370
-0.120
0.230
0.480
-0.290
0.690
-0.360
-0.400
0.550
0.000
-0.530
0.230
0.000
0.210
0.030
0.060
0.610
0.420
0.150
1.090
0.070
0.010
-0.160
-0.030
-0.210
-0.010
0.070
0.000
0.160
-0.160
0.250
0.070
0.030
-0.040
0.190
0.150
-0.230
0.090
-0.030
-0.230
0.430
-0.080
0.290
0.010
-0.060
0.060
-0.100
-0.300
0.970
0.030
0.330
0.170
-0.140
-0.050
0.050
-0.500
-0.480
0.120
-0.270
0.060
-0.030
0.050
0.190
0.150
0.050
0.030
-0.030
-0.140
0.060
0.070
-0.030
-0.160
0.160
0.000
0.010
0.110
0.140
-0.050
-0.110
-0.580
-0.330
-0.070
-0.030
-0.090
-0.010
-0.310
0.060
0.140
-0.370
0.070
0.040
-0.220
-0.270
0.110
1.070
-0.150
0.250
0.110
-0.030
-0.030
0.180
0.140
-0.140
0.020
0.030
-0.010
0.060
-0.020
-0.230
0.160
-0.110
0.150
0.090
-0.140
-0.060
-0.050
0.180
-0.340
-0.050
0.290
-0.050
0.020
0.320
-0.100
0.160
-0.130
0.280
-0.020
0.030
0.020
0.020
0.040
0.120
-0.010
0.130
-0.240
-0.050
-0.020
0.180
0.110
0.080
-0.120
-0.110
0.000
-0.100
0.000
0.110
0.180
0.000
-0.110
-0.010
0.000
-0.040
0.060
0.020
0.160
0.100
-0.150
-0.020
0.020
0.090
0.010
-0.070
-0.020
0.130
0.080
0.100
0.030
-0.470
0.160
0.040
-0.010
-0.080
0.210
0.060
-0.080
-0.110
0.220
-0.020
0.110
0.010
-0.070
0.040
0.060
0.000
0.220
-0.010
-0.110
0.200
0.100
0.120
-0.050
-0.080
0.060
-0.060
-0.010
0.180
-0.150
0.190
-0.080
-0.280
-0.110
0.000
0.010
0.010
0.010
0.210
0.320
-0.440
0.060
-0.040
-0.010
-0.080
0.110
0.100
0.030
-0.230
-0.060
0.090
0.170
-0.060
0.020
-0.050
-0.420
-0.460
-0.120
0.060
0.140
0.250
0.080
-0.080
0.090
-0.050
0.120
-0.070
-1.020
-0.080
-0.390
0.140
-0.080
0.030
-0.270
0.330
0.210
-0.380
0.070
0.290
0.110
-0.200
0.270
-0.400
-0.080
0.050
0.170
0.300
-0.210
0.800
0.240
0.270
-0.110
0.090
0.270
-0.240
-0.080
-0.460
0.450
0.160
-0.380
-0.100
0.340
0.630
-0.540
0.020
-0.770
0.210
-0.230
0.010
0.220
-0.260
0.220
0.170
0.860
-0.070
0.270
0.070
0.270
-0.490
0.290
-0.620
0.110
-0.970
0.270
-0.210
0.210
0.260
0.830
-0.020
-0.350
0.100
-0.830
-0.530
-1.110
0.760
-1.140
0.680
0.980
-0.530
0.940
0.070
0.220
0.000
-0.220
0.540
-0.740
-0.170
0.220
0.110
-0.090
0.200
0.150
0.050
-0.100
0.200
-0.350
0.000
0.050
0.270
0.140
0.100
0.070
0.360
0.030
-0.400
-0.200
0.530
-0.330
-0.040
0.330
0.500
0.270
-0.700
0.110
-0.160
0.160
0.170
-0.160
0.000
0.290
0.160
0.220
0.050
0.080
0.180
0.100
-0.180
0.130
-0.120
0.070
0.210
0.170
-0.200
0.590
-0.550
-0.770
0.170
-0.190
0.250
0.400
0.280
-0.230
-0.510
-0.370
0.420
0.420
0.150
-0.790
-0.870
-0.820
-0.630
0.170
-1.110
0.210
0.990
0.320
-0.300
0.260
0.500
0.340
0.040
-0.090
0.670
-0.180
-0.140
-0.260
0.620
-0.900
-1.000
-0.400
0.470
0.030
0.190
0.050
0.540
0.220
-0.990
0.660
0.840
0.770
0.700
-0.740
-0.860
-0.820
-1.010
-1.140
-0.940
0.790
-1.170
-1.430
-0.720
0.400
-0.070
-1.630
-0.330
-0.360
0.170
0.000
-0.180
0.960
0.130
-0.020
-0.350
-0.120
0.500
-0.300
0.610
1.420
-0.090
-0.740
-0.070
0.030
0.540
0.350
0.530
-0.110
0.300
0.410
-0.330
-0.180
0.000
0.120
0.250
0.460
-0.020
-0.500
-0.210
-0.150
-0.030
0.090
-0.860
-0.080
-0.140
0.270
0.250
0.410
-0.650
0.060
0.060
-0.710
-0.480
1.390
0.880
-0.270
-0.410
-0.100
0.020
0.340
0.740
-0.100
0.010
0.240
-0.190
0.320
-0.180
0.270
0.250
-0.070
0.330
0.130
0.270
0.220
-0.150
-0.100
0.160
0.110
-0.380
0.160
0.460
-0.160
0.210
0.020
0.080
-0.190
0.040
0.090
0.120
0.050
0.090
0.450
0.080
-0.050
-0.320
-0.150
-0.130
0.090
-0.170
0.070
-0.110
-0.010
-0.050
0.120
-0.090
0.050
0.360
0.250
-0.150
0.020
-0.120
0.340
0.230
-0.330
-0.010
-0.050
-0.140
0.150
-0.190
-0.100
0.210
-0.170
0.120
0.030
0.200
-0.100
-0.410
-0.400
-0.110
-0.170
-0.190
0.020
0.060
0.230
0.210
-0.630
0.010
-0.490
0.370
0.050
0.040
-0.220
-0.040
0.060
0.320
0.100
-0.060
0.150
-0.360
-0.060
-0.330
0.170
0.000
0.530
0.140
-0.880
-0.010
0.060
0.000
0.120
-0.240
0.100
-0.250
-0.100
0.080
0.290
0.150
0.040
0.120
-0.400
-0.520
0.280
-0.710
-0.260
0.860
-0.170
0.430
-0.180
0.040
0.300
0.680
0.010
-0.140
-0.180
0.250
0.090
0.060
0.060
0.050
-0.070
-0.760
0.070
0.030
-0.350
-0.140
0.500
0.070
0.000
-0.020
0.040
0.500
0.100
-0.030
0.140
-0.370
-0.490
-0.160
0.200
-0.150
-0.320
0.090
0.340
0.810
-0.070
0.090
1.030
0.290
-0.070
0.030
-0.190
0.140
0.120
-0.040
0.230
0.010
0.230
-0.040
0.200
-0.240
0.180
-0.130
-0.440
-0.220
0.550
0.030
0.190
0.060
0.110
-0.380
-0.020
