0.020
0.950
-1.070
-1.660
0.010
-0.030
-1.200
-0.400
2.160
0.100
-0.210
0.850
0.300
0.650
0.210
-1.130
-0.650
-0.140
1.170
-0.150
0.440
1.750
1.120
-0.770
-0.550
-0.210
-0.310
0.180
0.170
-0.520
1.320
0.160
0.400
-0.330
-1.600
1.760
0.660
0.330
1.310
0.110
0.880
-1.710
-0.220
-0.300
0.640
-1.210
-0.250
0.690
-1.450
2.710
-0.880
-0.190
2.360
0.460
1.100
0.790
-0.110
0.810
0.510
-0.450
-1.150
-0.250
-0.360
-0.030
0.410
0.260
0.520
0.110
-1.170
-0.120
-0.810
1.390
2.000
-0.170
-0.180
-0.280
0.260
-0.660
1.130
-0.070
-0.350
0.000
1.420
0.000
0.550
0.040
0.520
0.340
-1.310
0.280
-0.730
0.310
-0.160
1.660
0.650
0.130
-0.280
0.440
1.350
-0.400
1.360
0.200
0.250
0.400
-0.790
0.000
-0.240
-0.370
0.010
0.210
0.080
-0.250
0.750
0.750
-0.350
0.020
-0.820
-0.460
-0.190
0.120
0.050
0.030
1.150
0.200
0.700
0.020
-0.110
0.030
-0.030
-0.900
-0.240
0.140
-0.210
0.620
-0.040
-0.540
-0.320
0.880
-1.320
0.180
0.530
-0.190
0.410
-0.210
-0.260
-0.430
-0.560
1.070
0.130
-0.080
-0.320
0.650
0.100
0.010
-0.080
-0.330
-0.500
0.480
-0.780
-0.500
0.230
0.300
0.570
-0.230
-0.770
0.300
-0.800
-0.250
0.270
1.300
1.610
0.000
0.020
-0.310
0.250
0.520
-0.160
0.010
-0.440
0.010
-0.050
0.750
0.760
0.060
-0.150
0.370
-0.690
0.210
0.620
-0.100
-0.170
0.670
-0.300
-0.050
-1.160
-0.630
-0.040
-0.510
0.540
0.280
-0.230
-0.270
0.640
0.310
-0.090
0.040
-0.410
-0.550
0.040
0.600
-0.310
0.120
-0.140
-0.490
0.960
-0.270
0.090
-0.050
0.780
0.480
-0.180
-0.210
0.200
-0.480
-0.900
0.490
0.200
0.240
1.150
0.290
-0.980
0.270
-0.210
-1.160
-0.300
0.140
-0.240
-0.610
0.320
0.090
0.620
-0.830
2.750
0.270
0.140
0.150
-0.200
-0.420
0.130
1.620
-0.080
-0.040
0.350
-0.510
0.090
1.450
0.000
0.730
1.300
-1.020
-0.680
0.710
0.690
0.760
0.180
0.100
0.740
0.420
0.370
-0.140
-0.180
-0.670
0.170
0.210
-0.270
-0.670
1.060
0.020
-0.440
-0.230
0.300
0.130
-0.170
0.010
-0.320
-0.970
0.620
0.070
-0.170
-0.210
0.410
-0.700
0.630
0.230
0.620
-0.010
0.300
-0.020
0.500
0.370
-0.080
0.070
0.280
0.140
0.360
-0.340
-0.420
0.720
0.500
0.320
0.860
0.300
-1.180
0.200
-1.590
0.150
0.520
0.310
-0.040
-0.110
0.090
0.610
-0.310
-0.490
0.090
0.120
0.250
-0.050
0.990
-0.520
-0.220
-1.300
0.250
0.150
-0.780
-0.470
0.700
0.050
-0.630
0.620
-0.460
0.010
-1.300
0.180
-1.950
0.530
0.410
-2.130
0.560
-0.140
0.500
-0.720
-0.400
0.030
-0.610
-0.340
2.320
0.320
0.740
-0.410
0.280
0.680
0.370
-0.320
0.060
-0.790
0.000
0.140
-0.030
1.090
0.590
0.070
-1.170
-0.200
-0.030
0.010
-0.320
0.390
0.280
-0.330
0.000
0.700
-0.670
-0.280
-0.130
-0.020
-0.080
0.160
0.350
1.120
-0.590
-0.240
0.580
0.790
0.330
-0.170
-0.030
0.880
0.350
-0.940
0.150
-0.300
0.260
0.470
-0.120
-0.050
0.780
0.050
0.610
0.070
0.080
-0.290
-0.150
-0.320
0.410
-0.540
0.020
0.520
0.360
-0.720
1.350
-0.210
-1.080
0.000
-0.710
0.620
0.400
-0.960
0.360
-0.430
-0.170
0.860
1.480
0.240
-1.280
-2.300
-1.590
-0.510
0.780
-2.330
0.050
1.090
0.250
-0.750
0.690
0.950
0.420
-0.450
-0.620
0.750
0.250
0.910
-0.230
0.780
0.480
-2.540
-0.190
0.480
-0.050
0.270
-0.790
0.930
0.570
-1.010
-1.150
2.400
2.180
1.980
-2.200
-2.400
-0.520
-2.770
-3.080
-1.840
-1.340
2.950
-0.950
0.180
2.890
2.630
-1.640
-0.820
0.310
-1.530
0.130
1.190
-0.210
0.540
-0.820
0.990
1.160
0.550
-0.400
0.470
1.120
-0.160
-1.440
-0.390
0.600
0.310
0.830
0.910
0.120
0.480
0.190
-0.380
-0.180
-0.180
0.010
0.560
0.530
-0.290
-0.560
-1.720
0.270
0.070
0.380
-1.090
0.310
-0.780
-0.600
0.530
1.860
-0.950
-0.410
1.850
-0.900
0.580
0.450
0.400
-0.820
-0.180
0.390
-0.150
0.210
0.010
-0.760
1.010
-0.220
1.500
-0.480
0.370
0.130
0.400
-0.420
0.400
1.000
0.770
-0.160
0.200
-0.150
0.200
0.100
0.330
-0.050
0.430
-0.280
-0.140
-0.030
0.250
0.080
0.260
-0.280
-0.190
0.570
0.100
0.200
1.130
0.320
-0.590
-0.110
-0.030
0.230
-0.410
-0.030
-0.100
-0.340
0.060
0.310
-0.040
0.120
0.480
0.340
-1.130
0.110
0.100
0.140
-0.270
-2.050
-0.220
0.050
0.010
-0.320
1.500
0.310
-0.360
-0.590
0.070
0.200
-0.530
0.700
0.540
0.280
-0.280
-0.560
0.140
0.210
0.080
-0.160
0.970
-1.270
0.360
0.800
0.500
0.220
0.080
0.780
0.260
-0.130
0.280
0.110
0.350
0.160
-0.030
0.030
-0.280
-0.250
0.300
-0.190
0.070
-0.120
0.680
0.170
0.120
-0.080
-0.210
-0.170
0.300
-0.020
0.120
0.180
0.100
-0.040
-0.320
-0.190
-0.140
-0.060
0.150
-0.030
-0.330
0.120
-0.450
-0.250
0.000
-0.090
-0.070
0.070
0.130
0.070
0.240
0.050
-0.500
0.170
-0.050
0.160
-0.480
-0.080
-0.040
-0.190
0.100
-0.260
-0.130
0.030
0.070
0.380
0.220
0.360
-0.230
-0.070
-0.560
-0.200
0.250
-0.410
0.170
-0.300
0.240
0.600
-0.350
0.590
0.050
0.140
-0.030
-0.680
-0.010
-0.110
0.410
0.000
0.590
-0.170
0.120
0.760
0.490
0.230
-0.120
0.130
-0.040
0.460
0.080
-0.360
0.370
0.500
0.150
-0.060
-0.240
-0.050
