5.310
5.310
5.290
5.310
5.330
5.300
5.310
5.370
5.370
5.320
5.380
5.400
5.380
5.370
5.340
5.370
5.360
5.350
5.310
5.380
5.440
5.340
5.270
5.250
5.250
5.200
5.280
5.280
5.260
5.230
5.210
5.340
5.460
5.340
5.420
5.480
5.450
5.450
5.330
5.290
5.410
5.300
5.180
5.240
5.190
5.300
5.370
5.320
5.510
5.480
5.400
5.600
5.690
5.850
5.800
5.920
6.050
6.430
6.310
5.740
5.630
5.680
5.650
5.610
5.600
5.530
5.470
5.450
5.470
5.500
5.500
5.500
5.540
5.590
5.530
5.560
5.540
5.530
5.530
5.490
5.500
5.560
5.570
5.630
5.610
5.590
5.560
5.620
5.620
5.530
5.550
5.600
5.570
5.560
5.470
5.560
5.530
5.510
5.510
5.510
5.500
5.510
5.440
5.460
5.380
5.160
5.380
5.370
5.400
5.410
5.400
5.360
5.370
5.350
5.380
5.450
5.480
5.430
5.520
5.530
5.440
5.400
5.400
5.390
5.320
5.320
5.340
5.360
5.370
5.340
5.410
5.380
5.330
5.340
5.330
5.300
5.330
5.320
5.330
5.460
5.440
5.480
5.460
5.490
5.630
5.620
5.470
5.550
5.560
5.470
5.460
5.470
5.470
5.440
5.370
5.430
5.360
5.370
5.380
5.410
5.300
5.230
5.250
5.250
5.240
5.230
5.210
5.230
5.250
5.250
5.290
5.270
5.220
5.230
5.240
5.250
5.200
5.230
5.220
5.230
5.230
5.240
5.150
5.170
5.180
5.190
5.160
5.170
5.170
5.180
5.150
5.160
5.140
5.170
5.160
5.250
5.310
5.330
5.300
5.260
5.250
5.230
5.250
5.250
5.250
5.270
5.250
5.330
5.300
5.310
5.370
5.400
5.400
5.380
5.420
5.360
5.190
5.240
5.250
5.240
5.240
5.170
5.210
5.160
5.080
5.150
5.120
5.090
5.180
5.150
5.120
5.180
5.180
5.220
5.190
5.190
5.200
5.210
5.170
5.120
5.140
5.130
5.130
5.130
5.120
5.020
5.020
5.030
5.030
5.270
5.190
5.200
5.210
5.200
5.140
5.120
5.090
5.160
5.120
5.100
5.280
5.270
5.260
5.280
5.270
5.290
5.270
5.140
5.130
5.120
5.130
5.130
5.180
5.170
5.160
5.170
5.250
5.310
5.250
5.320
5.270
5.280
5.320
5.510
5.660
5.660
5.690
5.630
5.610
5.670
5.680
5.580
5.650
5.600
5.650
5.880
5.880
6.000
6.110
6.120
5.940
5.880
5.780
5.820
5.950
5.940
5.860
5.890
5.860
5.750
5.870
5.850
5.730
5.840
5.850
5.900
5.830
5.710
5.620
5.660
5.600
5.470
5.530
5.560
5.710
5.780
5.660
5.660
5.660
5.460
5.300
5.560
5.470
5.860
5.780
5.810
5.660
5.720
5.640
5.640
5.380
5.470
5.550
5.470
5.430
5.310
5.450
5.260
5.440
5.530
6.130
6.190
6.170
6.480
6.390
6.230
6.340
6.670
6.620
6.570
6.500
6.980
6.690
7.380
6.960
6.740
7.350
7.480
7.530
7.430
7.550
7.510
7.710
7.710
7.680
7.550
7.550
7.440
7.390
7.530
7.260
7.270
7.370
7.430
7.730
7.830
7.880
7.900
7.410
7.310
7.300
7.780
7.830
7.810
7.880
7.890
7.970
7.800
7.970
7.940
7.990
7.840
7.840
7.770
7.800
7.720
7.640
7.510
7.120
7.260
7.390
7.470
7.330
7.470
7.520
7.420
7.290
7.170
7.800
7.560
7.710
7.680
7.450
7.510
7.600
7.190
7.120
6.860
6.820
6.810
7.080
7.000
7.310
7.300
7.490
7.500
7.300
7.280
7.290
6.650
7.280
8.090
7.890
8.250
8.040
8.190
8.090
7.350
7.350
6.680
6.220
5.970
6.630
7.370
8.190
8.640
9.190
9.090
10.100
9.900
9.180
8.980
9.080
9.140
8.730
8.520
8.780
9.260
9.070
8.640
8.620
8.900
8.400
8.900
9.890
10.040
10.430
10.750
14.530
13.210
13.300
13.060
12.620
11.730
11.860
13.180
12.800
11.730
11.280
10.890
10.630
10.540
10.220
10.100
10.520
10.540
10.950
10.510
10.170
9.870
10.480
10.930
11.740
10.670
10.180
9.870
9.930
9.630
9.820
9.800
9.400
9.200
9.580
9.500
9.000
9.440
8.900
8.490
8.330
8.610
8.770
8.650
8.200
8.200
8.090
8.290
8.100
8.110
8.180
8.370
8.100
7.730
7.760
7.620
7.510
7.330
7.160
7.120
7.020
7.060
6.950
6.900
6.900
7.020
6.950
7.110
7.020
7.000
6.890
6.850
6.850
6.810
6.760
6.630
6.530
6.690
6.500
6.560
6.960
7.090
7.150
7.030
7.370
7.430
7.300
7.370
7.460
7.300
7.360
7.310
7.050
6.890
7.610
7.650
7.240
7.270
7.240
7.560
7.730
8.100
8.070
8.140
7.840
7.720
7.870
7.740
7.520
7.340
7.700
8.360
7.780
7.500
7.690
7.260
7.340
7.340
7.390
7.140
6.530
6.630
6.330
6.330
6.200
6.130
6.050
6.100
6.030
6.000
6.020
5.900
5.720
5.630
5.620
5.580
5.670
5.700
5.760
5.860
5.620
5.750
5.610
5.720
5.610
5.500
5.390
5.370
5.390
5.120
5.040
4.950
4.970
4.950
5.000
5.060
5.080
5.060
5.130
5.140
5.130
5.130
5.160
5.190
5.190
5.160
5.170
5.130
5.110
5.130
5.070
5.000
5.110
5.110
5.060
5.030
5.090
5.020
4.960
5.010
5.020
4.970
4.930
4.900
4.880
4.830
4.820
4.780
4.830
4.860
4.940
4.890
4.850
4.880
4.870
4.850
4.810
4.800
4.840
4.820
4.830
4.790
4.770
4.840
4.810
4.810
4.760
4.780
4.790
4.770
4.830
4.780
4.720
4.680
4.710
4.700
4.720
4.720
4.660
4.590
4.610
4.580
4.570
4.520
4.550
