5.960
5.890
5.870
5.870
5.850
5.900
5.910
5.970
5.960
6.030
6.120
6.450
5.960
5.990
6.120
6.120
6.170
6.040
6.080
6.170
6.040
6.080
6.190
5.750
5.690
5.770
5.850
5.830
5.810
5.670
5.940
6.120
6.200
6.250
6.330
6.300
5.880
6.030
6.220
6.340
6.290
6.330
6.420
6.470
6.450
6.590
6.890
6.390
6.390
6.450
6.680
6.780
6.900
7.530
7.700
7.770
8.030
8.090
8.280
8.650
8.110
8.150
8.200
8.140
8.120
8.300
8.440
8.090
8.130
8.070
8.140
8.190
8.030
8.010
8.080
8.080
8.020
8.120
8.100
8.250
8.480
8.480
8.030
8.060
8.030
8.060
8.100
7.970
8.020
8.080
8.080
8.180
8.130
8.080
8.150
7.900
8.080
8.160
8.110
7.980
7.950
7.930
8.060
8.000
7.780
7.600
7.640
7.640
7.730
7.780
7.770
7.760
8.140
7.840
8.190
8.570
8.690
8.000
8.180
7.730
7.470
7.530
7.510
7.640
7.540
7.600
7.550
7.640
7.080
7.360
7.420
7.380
7.240
7.220
7.100
7.170
7.190
7.240
7.380
7.480
7.340
7.390
7.480
7.510
7.550
7.740
8.340
7.600
7.480
7.440
7.280
7.510
7.150
7.200
7.090
7.140
7.180
7.270
7.470
7.450
7.490
7.490
7.500
7.590
7.510
7.590
7.510
7.670
7.700
8.060
7.840
7.520
6.910
6.690
6.720
6.690
6.710
6.950
7.230
7.370
7.640
7.120
7.140
7.140
7.300
7.430
7.650
7.680
7.710
7.700
7.670
7.690
7.840
7.820
7.840
8.050
7.750
7.810
7.910
7.910
8.050
8.100
8.140
8.160
8.190
8.360
8.110
8.160
8.330
8.180
8.120
8.170
8.150
8.190
8.140
8.260
8.350
8.400
8.820
8.780
8.760
8.980
8.830
8.870
8.990
9.000
9.120
9.170
9.300
9.170
9.150
9.280
9.180
9.360
9.450
9.140
9.180
9.170
9.350
9.430
8.750
8.880
8.950
8.850
8.950
9.020
9.100
9.590
8.790
8.680
9.040
9.210
9.240
9.350
9.340
9.300
9.340
9.320
8.990
9.130
9.030
9.140
9.150
9.210
9.090
9.150
9.150
9.450
9.370
9.380
9.300
9.440
9.650
9.470
10.450
9.980
10.520
10.240
9.360
9.450
9.560
9.480
9.480
9.570
9.610
10.550
10.700
10.690
10.700
10.750
11.080
11.150
11.500
11.940
11.990
11.200
10.180
9.350
9.640
9.530
9.890
10.250
10.140
10.460
10.350
10.430
10.250
10.180
9.590
9.350
9.420
9.600
9.020
9.390
9.480
9.650
9.780
10.260
10.650
10.640
9.970
11.160
11.250
12.630
12.640
12.800
12.780
13.370
13.740
12.490
11.350
10.320
10.360
9.980
9.880
9.450
9.220
9.340
9.450
9.220
9.970
10.370
10.190
10.480
11.180
10.590
10.680
10.200
10.420
11.080
11.420
12.050
12.780
12.690
13.590
12.990
12.680
13.150
13.570
13.780
14.650
15.150
16.140
18.480
17.170
19.080
21.600
