5.570
5.560
5.620
5.580
5.520
5.510
5.470
5.570
5.580
5.550
5.490
5.690
5.640
5.620
5.760
5.240
5.170
5.190
5.140
5.280
5.190
5.210
5.120
5.150
5.100
4.970
5.110
5.280
5.230
5.150
5.110
5.290
5.440
5.320
5.420
5.350
5.130
4.910
4.900
5.020
5.160
5.120
5.330
5.460
5.530
5.530
5.510
5.510
5.630
5.710
5.730
6.050
6.090
6.050
6.200
6.260
6.400
6.610
6.690
6.440
6.430
6.650
6.740
6.790
6.680
6.600
6.560
6.370
6.450
6.420
6.430
6.510
6.460
6.410
6.470
6.550
6.450
6.520
6.410
6.420
6.430
6.580
6.580
6.570
6.500
6.530
6.700
6.860
6.830
6.860
6.950
7.020
6.890
6.920
6.810
6.890
6.680
6.590
6.540
6.580
6.470
6.360
6.320
6.360
6.300
6.420
6.420
6.240
6.220
6.210
6.170
6.050
6.110
6.180
6.150
6.650
7.000
7.000
7.060
7.070
6.950
7.030
6.920
6.840
6.760
6.780
6.790
6.770
6.750
6.780
7.100
7.190
7.210
7.250
6.960
6.860
6.820
6.780
6.810
7.190
7.210
7.330
7.000
6.980
7.140
7.310
7.280
7.390
7.540
7.540
7.590
7.610
7.710
7.580
7.660
7.740
7.800
7.820
7.800
7.810
7.820
7.700
7.690
7.660
7.820
7.950
8.010
8.010
8.230
7.870
7.830
7.830
7.820
7.890
7.970
8.010
7.920
7.980
7.780
7.770
7.810
7.730
7.500
7.510
7.590
7.630
7.600
7.960
8.120
8.090
8.170
8.080
8.040
8.280
8.030
8.220
8.520
8.590
8.700
8.380
8.340
8.380
8.570
8.780
8.660
8.600
8.780
9.080
9.270
8.840
9.410
9.580
8.990
8.570
8.500
8.220
8.200
8.170
8.420
8.370
8.170
8.150
7.880
7.160
7.250
8.060
7.330
7.270
7.120
7.180
7.230
7.240
7.410
7.420
7.170
6.880
6.960
6.940
6.840
6.880
6.870
6.920
6.940
7.000
6.800
6.780
6.760
6.750
6.530
6.330
6.450
6.560
6.400
6.580
6.680
6.610
6.620
6.350
6.410
13.950
14.170
13.990
14.130
13.290
13.220
12.970
12.470
12.480
12.750
12.240
12.580
12.480
12.500
11.980
11.780
12.340
12.450
12.140
12.250
12.480
12.590
12.560
13.380
13.920
13.800
13.840
13.480
13.620
13.640
13.800
13.640
13.880
13.690
13.800
14.920
14.940
15.170
15.200
15.100
14.850
15.110
14.950
15.250
16.140
15.220
14.850
14.390
14.410
13.640
14.110
14.330
14.470
14.350
14.290
14.160
13.650
12.830
12.330
12.600
12.860
12.380
12.160
12.310
12.680
12.610
12.190
12.870
12.820
12.080
11.830
13.030
13.250
14.720
14.610
14.920
14.660
14.850
14.450
14.410
13.100
13.410
13.540
13.270
13.260
12.670
13.240
12.850
13.200
13.700
15.080
15.180
14.980
15.900
15.990
15.280
15.240
16.390
15.800
15.690
15.690
17.430
16.330
18.110
17.620
17.980
19.980
19.970
20.000
20.200
21.080
21.010
20.950
21.480
21.450
20.890
21.270
20.430
20.500
20.380
19.660
19.560
20.000
20.730
20.780
20.790
20.960
20.700
20.470
20.350
21.260
23.100
23.450
22.730
23.300
23.560
23.380
22.840
24.020
23.010
22.180
22.470
23.180
23.320
23.100
23.950
21.770
21.220
19.290
19.080
20.480
21.310
20.770
21.920
21.220
19.290
19.440
18.510
20.570
20.580
19.040
18.490
16.810
17.300
16.210
14.740
14.270
13.660
13.450
13.470
13.920
13.490
14.670
14.170
14.910
14.380
13.530
13.400
14.190
12.900
14.330
15.920
15.920
15.260
13.870
12.800
12.280
13.640
15.150
16.830
15.300
16.250
18.050
20.050
22.280
24.700
25.180
24.930
27.700
28.260
25.700
25.150
25.190
25.950
24.130
22.640
23.340
23.430
21.830
23.900
25.450
25.540
23.220
25.800
28.670
30.300
29.020
26.380
27.310
29.140
28.800
32.000
29.760
33.070
36.740
39.890
41.250
42.600
45.090
45.400
42.400
44.880
43.750
44.950
40.860
38.900
37.900
39.320
39.990
39.880
36.250
34.800
32.800
30.880
34.310
35.090
33.880
30.800
28.000
25.450
24.310
23.070
23.120
22.690
21.900
22.300
22.600
21.690
21.260
22.540
23.550
24.410
24.960
24.290
23.590
24.490
24.400
25.530
26.390
26.220
27.020
26.110
25.950
25.970
28.230
27.390
26.750
25.400
26.140
26.180
25.700
25.950
26.150
25.750
26.440
25.760
25.790
27.040
27.000
27.710
26.500
24.660
24.350
24.300
24.350
23.260
23.290
23.370
22.690
20.630
20.300
20.580
20.100
20.080
20.580
20.700
20.800
20.600
21.040
20.890
20.490
20.190
20.220
20.200
18.990
18.800
19.400
19.060
19.250
19.100
18.980
19.900
20.700
20.930
21.080
21.040
20.200
20.100
18.940
18.390
17.910
18.030
16.980
17.030
17.220
17.530
17.550
17.900
17.620
17.020
16.790
16.930
16.730
17.780
18.480
18.000
18.000
17.820
18.710
17.900
18.700
19.170
19.550
20.240
20.150
21.470
21.540
19.990
20.690
18.810
18.510
17.790
18.120
18.060
18.570
19.200
19.690
19.320
19.230
19.100
19.350
18.810
19.970
18.800
17.700
17.880
16.820
16.250
17.380
17.100
17.790
17.760
18.750
19.390
17.630
16.520
16.760
15.240
15.370
15.370
15.180
14.750
14.290
12.990
12.450
12.390
11.950
12.000
12.270
12.570
11.800
11.790
11.360
11.120
10.910
10.910
11.110
11.560
11.570
11.630
11.780
11.750
11.930
12.000
11.640
11.870
11.590
11.730
11.540
11.330
12.010
12.420
12.380
12.440
12.520
12.640
12.340
11.660
11.510
12.230
11.120
10.430
9.480
9.260
9.260
9.100
9.390
9.620
9.070
8.950
8.890
9.200
