-0.030
0.090
-0.430
0.230
-0.010
0.940
-0.400
-0.080
0.120
-0.020
-0.130
0.140
-0.100
0.200
0.090
0.120
0.110
0.160
-0.190
-0.100
-0.130
0.180
-0.120
0.400
0.020
-0.350
-0.080
0.010
-0.330
0.050
-0.540
-0.230
-0.150
0.120
-0.040
0.250
-0.040
-0.070
-0.200
-0.240
0.190
-0.290
-0.250
-0.150
0.160
-0.070
-0.020
0.030
0.470
0.020
-0.900
-0.060
0.110
-0.220
-0.160
-0.180
-0.390
0.110
0.040
0.180
-0.430
0.060
-0.190
0.370
0.160
-0.190
-0.330
0.140
-0.290
-0.260
0.000
0.250
0.070
0.290
-0.040
0.250
-0.080
-0.030
-0.160
-0.130
0.440
-0.140
0.460
0.210
0.030
-0.400
-0.210
0.020
0.330
0.040
-0.120
0.200
0.030
0.060
-0.280
0.250
-0.160
0.070
-0.010
-0.110
0.060
-0.010
0.180
0.050
-0.010
0.000
0.180
0.040
-0.090
0.070
0.110
-0.150
-0.150
0.230
-0.540
-0.320
-0.100
-0.240
0.000
-0.220
-0.440
0.550
0.220
0.190
-0.330
-0.040
-0.140
-0.220
0.070
0.030
0.310
1.170
0.080
-0.090
0.100
0.300
-0.270
-0.170
-1.080
-0.380
0.100
0.190
0.010
0.300
-0.190
0.310
-0.310
-0.180
-0.030
-0.280
0.220
0.060
0.090
-0.230
-0.070
-0.280
0.010
0.080
-0.330
0.150
0.270
-0.380
-0.250
0.170
-0.610
1.310
-0.030
-0.820
0.030
-0.280
0.090
0.120
0.470
-0.630
0.230
-0.540
1.270
0.700
1.120
1.020
-0.130
0.040
0.060
0.020
-0.020
0.200
0.500
0.240
-0.210
-0.130
0.270
-0.110
-0.290
-0.280
-0.280
0.230
-0.300
0.150
0.470
0.240
-0.700
0.400
-1.090
-0.160
0.850
0.130
0.020
-0.040
0.510
0.390
-0.180
-0.160
0.280
0.210
0.350
-0.120
0.410
-0.440
-0.350
-1.020
0.190
0.160
-0.460
-0.200
0.400
0.040
-0.410
0.340
-0.760
0.030
-1.210
0.120
-1.320
0.800
-0.970
-1.500
0.960
0.090
0.010
-0.170
0.040
0.030
-0.360
-0.240
0.160
0.340
0.370
-0.070
0.200
0.350
-0.310
-0.270
-0.520
0.160
0.060
-0.240
0.220
-0.560
0.600
0.210
-1.360
-0.250
0.370
-0.220
-0.810
1.470
0.370
-0.250
-0.120
0.010
0.100
-0.300
0.160
-0.250
0.080
0.150
0.500
1.300
-0.440
-0.850
0.390
0.050
-0.030
1.060
0.520
0.770
0.320
-1.240
0.730
-0.320
0.210
0.280
-0.520
0.400
0.650
1.000
0.420
0.170
-0.120
-0.110
0.080
-0.250
0.180
-0.320
0.190
0.210
-0.210
-0.520
0.780
-1.070
0.970
-0.130
-0.600
0.370
0.480
-0.020
-1.070
-1.190
-1.320
3.010
2.740
-0.120
-3.050
-3.390
-3.770
-4.190
0.940
-4.550
-0.890
3.100
3.940
-0.870
2.410
3.440
1.360
-0.270
-2.670
3.160
-3.640
-4.050
1.230
2.780
0.980
-2.950
1.580
1.080
-0.560
2.200
-0.260
2.560
2.900
-3.100
2.920
2.650
2.410
2.190
-2.440
-2.710
-2.570
-3.290
-3.660
-1.810
1.090
-4.150
-4.610
-1.910
-1.860
2.470
-4.430
-4.180
2.990
-1.950
3.860
2.920
4.380
2.920
3.720
3.380
3.070
-1.660
-0.940
0.320
1.730
1.330
-0.540
0.460
0.500
2.420
-0.040
2.470
-0.140
0.790
1.880
1.220
-0.350
1.260
0.160
0.470
1.140
-0.680
-1.050
-0.520
0.520
0.570
0.360
-1.310
0.230
-0.550
-0.290
0.460
0.820
-1.240
-0.540
0.000
1.950
-0.390
0.880
0.260
-1.040
-0.180
0.420
0.150
1.100
0.390
0.140
0.270
0.220
-0.230
-0.440
0.200
0.240
0.020
-0.200
0.520
0.080
0.380
0.000
-0.300
-0.300
-0.020
0.390
0.010
-0.690
0.020
0.660
0.370
0.200
0.000
0.090
0.070
-0.320
-0.010
0.240
-0.230
0.100
1.500
-0.430
-1.000
-0.200
0.330
-0.040
0.510
0.340
-0.140
-0.590
-0.230
0.080
0.870
0.000
0.080
1.350
-0.880
-0.190
-0.230
0.430
-0.110
1.170
-0.010
0.120
0.020
0.200
0.320
-0.300
-0.800
-0.180
0.020
0.130
0.370
-0.030
-0.940
-0.340
-0.180
-0.430
-0.310
0.620
0.130
0.290
0.370
-0.500
0.070
-0.920
-0.110
-0.400
-0.120
0.840
1.180
-0.370
1.380
0.120
0.000
0.010
-0.250
-0.070
0.140
0.170
-0.110
0.030
0.260
-0.730
0.880
-0.180
0.640
0.080
0.060
-0.170
0.070
0.020
0.010
0.300
0.370
0.110
-0.270
-0.550
0.010
0.130
-0.930
0.020
0.080
0.010
-0.050
-0.350
-0.410
0.480
0.460
0.100
-0.370
-0.150
0.190
0.240
-0.150
0.900
0.610
0.160
-0.270
-0.040
0.770
-0.120
-0.230
0.190
-0.050
0.410
0.160
0.170
0.070
0.210
0.170
0.020
-0.330
-0.060
0.140
-0.140
0.010
-0.180
0.120
0.270
-0.340
-0.130
0.010
0.730
0.240
0.010
0.090
-0.070
0.170
-0.190
-0.070
0.050
0.180
0.030
0.220
0.100
-0.180
0.140
-0.020
-0.020
-0.260
-0.340
0.210
-0.060
0.140
0.060
-0.220
0.530
