20138.88
20134.29
19956.19
25738.88
22080.09
38855.60
13670.69
24479.21
29833.36
32262.38
31833.96
24490.51
25457.55
17033.79
15305.13
21622.39
24008.55
17350.24
38342.96
30887.40
50698.88
37966.84
20775.09
25436.51
32153.15
30463.51
29683.27
14315.44
23224.01
16104.92
15891.62
17068.48
14003.01
15962.97
32088.21
46952.09
20445.23
10922.24
14300.72
17352.41
19648.69
18048.97
25287.23
21556.58
33169.82
38364.83
22962.26
26905.25
31128.01
26271.02
32908.74
38082.89
113771.67
21013.61
29435.35
15874.64
15748.63
28119.40
18318.95
37084.62
8856.33
11048.39
14161.95
29934.72
40296.86
24983.33
24880.64
35431.58
35016.11
19202.33
19617.37
12302.74
15428.96
15162.40
22281.02
13805.59
19616.75
19668.50
15439.03
16216.35
23715.79
18042.10
24627.83
26214.93
69763.86
42915.08
63509.57
20626.77
22393.22
15015.39
9498.36
16611.26
17255.93
12082.93
21292.95
12306.00
9761.14
8977.87
8405.40
15079.34
8522.04
11.00
7277.91
9768.03
4968.85
14915.75
7403.91
3887.52
5862.16
8903.53
12012.44
4094.22
10525.05
7445.65
5840.97
12400.78
10717.64
5761.54
13540.11
13453.47
18184.70
22950.80
23447.50
21456.71
7800.86
6687.18
7012.86
10463.89
11598.23
8061.68
11065.78
12285.35
13704.24
21321.39
18821.43
27342.34
18116.06
12766.69
14294.39
24806.52
44806.55
19453.77
19962.62
28130.74
19580.83
16627.98
35575.96
19745.23
28481.03
17092.37
25791.66
23439.33
15579.14
19985.31
26023.42
22638.08
18252.11
19226.93
20809.58
17967.72
19530.71
19266.85
42916.77
17158.98
22796.05
28592.72
29392.36
25107.84
27158.71
23003.24
15726.15
12560.87
25089.33
20886.21
32793.26
29808.92
37413.91
54598.20
28222.16
18600.71
19150.00
20806.74
35720.64
18477.47
22972.52
23815.56
18689.61
16883.39
17180.09
19044.84
24701.23
19370.52
25897.48
23496.70
25218.22
25275.67
27085.23
30164.44
41718.86
61892.09
16898.49
25923.42
24423.51
28502.88
38591.68
26015.62
18793.82
25185.02
57882.80
57506.49
46365.77
39318.04
36120.52
26355.45
25437.73
22446.36
15208.89
10944.46
17017.09
29449.93
45272.45
43304.82
65378.71
45557.39
25285.96
15731.63
24828.68
15793.51
19257.51
39465.22
20149.44
28428.60
26420.87
45887.52
73942.89
41914.46
25544.94
38496.71
29019.78
20600.53
30492.90
18899.15
15737.83
28146.80
33691.01
35411.61
39466.36
25147.48
52903.43
31832.59
44672.64
40770.46
15142.08
16295.73
12153.75
17760.75
20833.73
20268.30
25713.69
48383.53
18295.24
27813.84
40168.49
15928.77
18743.22
11316.30
12561.30
12944.57
14147.23
8174.85
16265.26
21657.79
18576.46
14260.14
19876.43
17844.78
30822.75
9497.30
17745.32
23575.15
12270.58
20733.08
36229.57
21661.98
14637.88
13659.63
17490.84
21879.25
28947.47
17591.42
29149.65
12958.59
17884.99
23365.55
21157.66
46251.11
83624.00
66321.85
20483.48
18157.65
13435.83
20710.70
18198.63
26519.72
21111.08
14711.99
21683.03
31554.02
23440.44
28748.80
29883.47
48089.81
46218.84
32119.01
17033.79
19349.94
26122.76
17812.61
12601.01
13503.56
11432.41
10806.05
17607.65
19475.88
18571.88
19634.01
30079.30
21700.35
28554.67
31431.39
21674.53
31593.90
14723.45
29889.85
17144.10
19241.21
11374.96
14676.96
24636.46
14981.72
18041.67
32188.04
29086.86
35074.78
62757.63
45046.89
32794.22
43734.89
35523.20
58919.95
41131.52
31755.99
38598.95
32672.86
26623.95
27554.81
41675.26
63620.77
12291.15
36993.22
60604.23
32542.44
40187.91
47403.44
47157.14
50854.88
35249.15
51920.18
67917.74
50004.71
73582.05
93540.29
44570.14
33148.75
84943.31
22453.43
23435.13
17925.38
19473.51
45577.51
51324.05
36196.52
59988.98
36373.70
86728.86
66880.07
58201.01
49187.20
46488.03
29464.81
57673.54
50791.60
34358.92
49979.20
84422.11
50274.07
102258.92
164313.83
65323.90
78578.86
72867.34
59442.78
136741.55
157480.31
79530.55
29315.69
22453.10
10462.58
18947.23
21070.54
20449.33
20436.77
20447.36
36899.45
73704.77
57606.53
70051.54
40480.99
36740.72
43046.54
70035.47
79350.38
96244.92
164371.06
52095.75
93812.39
76421.10
60412.58
48188.87
60164.81
56105.88
36939.94
30560.08
41331.42
37586.92
29638.36
32147.25
30996.88
43718.84
55317.01
86475.72
41127.42
44048.17
38762.39
59706.87
54215.30
59905.19
44391.31
62823.44
62722.57
40900.14
80805.17
44392.19
48804.19
39664.82
87603.60
68594.77
64389.02
34116.27
36992.53
39031.48
31350.43
41947.29
74494.54
59315.67
67030.44
34797.70
18844.59
18478.92
38694.67
43051.89
30932.05
26596.68
31553.07
24702.96
28034.10
27781.42
20395.38
41585.15
34534.53
20723.36
27737.09
31477.75
69237.63
45951.51
32163.72
42513.46
39606.90
23607.33
23610.21
31408.48
25960.02
31634.17
23023.88
38116.57
47077.43
38890.01
28219.90
16889.37
23524.44
30754.74
25852.93
21947.96
12851.63
10069.30
12520.52
10987.70
21062.06
26091.29
37866.47
30492.18
21454.52
16444.10
25062.99
12337.67
10599.06
253.00
10297.02
9025.14
16564.52
10276.55
12038.17
8200.08
7506.69
21305.48
13507.32
18018.26
9076.04
5985.90
14656.73
11794.48
6876.05
18458.06
14184.21
10149.21
11090.34
16219.26
16813.58
29687.56
16848.08
18262.24
6785.28
16548.03
15381.07
14043.17
21256.85
26705.37
46076.36
25591.22
14190.21
13688.23
18219.78
11740.05
8213.19
8934.89
14748.23
24611.18
21729.71
31466.51
36685.40
60198.61
31670.99
30592.85
49541.19
15539.53
20485.55
26972.35
25241.20
22545.11
8235.33
11182.02
17241.38
4813.68
5822.60
6138.73
3551.34
4640.01
3834.24
4457.09
6304.77
20644.93
6792.02
10269.26
10235.93
12736.09
7179.09
9354.04
11141.53
6991.14
6855.73
14147.90
4915.54
3766.88
6230.18
8225.01
7415.13
6248.51
12724.79
14440.71
11855.15
7997.20
10487.84
16004.58
25307.65
36201.26
8338.52
17981.37
9436.05
10096.94
8832.04
7171.44
12735.92
14321.43
14810.05
18689.55
25919.31
10707.51
13532.30
14940.82
6834.80
10649.36
20828.60
8534.72
12038.39
16139.67
19374.78
7357.35
14518.40
13162.64
8124.39
7441.44
6784.66
7298.05
16225.03
7499.96
8672.10
6285.27
8029.34
7410.37
8957.26
2639.17
3982.61
6956.24
6237.92
3058.95
3277.25
16436.29
4749.65
4009.68
4321.28
4385.52
5470.26
7411.19
9105.70
16368.66
5296.50
6804.75
6212.78
