-0.100
0.480
-0.130
0.020
0.280
-0.060
-0.280
0.110
0.530
0.310
0.110
-0.070
0.100
0.060
-0.290
0.370
0.720
0.330
-0.240
-0.030
0.010
0.240
-0.010
0.060
-0.720
-0.360
0.010
-0.020
0.140
-0.100
-0.220
-0.310
-0.030
-0.030
0.060
0.170
0.000
0.020
0.040
-0.290
-0.200
-0.400
-0.140
-0.110
0.190
0.060
0.120
-0.090
0.020
-0.080
-0.890
-0.110
0.010
-0.300
0.110
0.140
-0.280
0.430
-0.180
0.020
-0.200
-0.200
-0.040
0.490
0.080
-0.420
-0.310
-0.090
0.080
-0.280
0.010
-0.190
-0.050
0.100
-0.140
0.130
-0.110
-0.060
0.030
-0.090
-0.200
-0.170
-0.130
0.090
0.270
0.120
-0.050
0.110
0.010
-0.370
0.320
0.070
0.130
0.080
-0.350
0.320
-0.340
0.000
0.100
-0.270
0.070
-0.300
1.080
0.280
-0.170
0.010
0.010
-0.020
-0.110
0.230
0.180
-0.030
0.200
0.360
-0.840
-0.110
0.040
-0.440
0.040
-0.410
-0.360
-0.210
-0.100
0.060
0.210
-0.140
0.090
-0.080
0.440
-0.670
-0.560
-0.340
0.430
-0.280
-0.290
0.800
1.150
-0.420
-1.130
1.180
-0.010
-0.160
0.320
0.210
-0.800
-0.150
0.180
-0.170
-0.440
0.170
-0.810
-0.190
0.060
-0.170
0.050
-0.470
-0.580
0.000
-0.980
1.400
1.310
1.190
1.080
0.980
0.580
0.840
-0.080
-0.250
-0.150
0.030
0.080
-0.050
0.110
-0.140
0.110
0.120
-0.330
0.120
-0.050
0.330
0.090
0.230
0.020
-0.030
-0.190
0.480
0.070
-0.190
-0.050
0.030
-0.040
0.230
-0.190
0.400
-0.190
0.050
-0.050
0.060
0.040
0.000
-0.080
0.000
0.070
-0.040
0.080
-0.050
-0.320
-0.010
0.000
-0.180
-0.080
-0.100
-0.160
0.110
0.050
-0.030
0.730
0.210
0.020
-0.060
-0.050
0.000
0.090
0.050
0.020
-0.120
0.060
-0.090
0.180
0.030
-0.050
0.070
0.040
-0.010
0.100
-0.200
0.110
0.010
-0.080
-0.150
0.140
0.020
0.240
-0.130
-0.010
0.060
-0.090
0.040
-0.050
0.200
0.160
0.270
-0.130
0.020
-0.010
-0.090
0.130
0.100
-0.050
0.200
-0.340
-0.090
0.080
-0.130
-0.290
-0.180
-0.380
-0.240
-0.030
-0.320
0.080
0.410
-0.460
0.300
0.060
0.090
0.360
-0.030
-0.240
0.030
-0.260
0.020
0.000
0.070
-0.090
0.290
-0.030
0.130
-0.010
0.260
0.200
0.020
0.180
-0.160
-0.030
0.110
-0.100
0.070
-0.080
0.050
0.200
0.110
0.090
-0.100
0.160
-0.070
-0.110
-0.180
-0.050
0.090
-0.100
-0.090
0.330
0.140
-0.340
-0.280
-0.370
0.040
0.050
0.010
0.340
-0.090
0.200
0.230
-0.130
0.060
0.320
-0.020
0.110
-0.060
0.140
-0.020
-0.260
-0.340
0.220
0.010
-0.350
-0.160
0.020
0.340
0.320
0.140
-0.330
-0.350
-0.360
-0.190
-0.390
0.180
-0.380
-0.420
-0.010
0.040
0.070
-0.440
0.180
0.170
-0.300
0.110
0.110
0.010
0.410
-0.060
0.040
-0.130
-0.010
-0.090
-0.440
-0.020
0.110
0.210
0.410
-0.120
0.120
0.390
-0.410
0.200
0.010
-0.130
-0.420
0.010
0.190
-0.050
-0.180
-0.160
-0.460
0.110
0.350
-0.020
0.350
0.400
0.020
0.190
-0.140
-0.100
0.210
-0.030
0.000
-0.140
0.310
-0.080
0.080
-0.400
0.040
-0.050
0.230
0.050
0.220
-0.210
0.330
-0.310
-0.170
0.380
0.380
0.360
-0.380
-0.400
-0.420
-0.360
-0.460
-0.480
-0.510
-0.540
-0.560
-0.290
-0.420
0.380
0.550
0.530
0.500
0.480
0.450
0.430
0.170
-0.450
0.430
-0.120
0.030
-0.150
0.420
0.400
0.380
-0.180
-0.390
0.000
-0.430
-0.450
0.270
0.310
-0.440
-0.470
0.440
0.420
0.400
0.380
-0.380
0.060
0.330
0.370
0.350
0.330
0.320
0.300
-0.320
-0.330
-0.350
-0.370
-0.390
0.370
0.350
0.340
0.320
0.300
0.290
-0.030
-0.030
0.040
0.250
-0.160
-0.110
0.140
0.030
0.040
0.150
0.110
-0.230
-0.310
-0.110
-0.090
-0.340
-0.720
-0.660
0.130
-0.050
-0.240
-0.120
0.310
0.170
-0.090
0.520
0.030
0.010
-0.340
0.100
0.110
0.010
-0.210
-0.080
-0.130
0.050
-0.010
0.250
0.220
-0.130
0.130
-0.030
-0.010
0.190
-0.110
0.060
-0.430
0.050
-0.190
0.360
-0.120
-0.020
0.130
-0.050
-0.090
0.120
0.170
0.010
0.030
-0.200
-0.130
-0.150
0.080
-0.100
-0.280
-0.150
-0.110
-0.220
0.080
-0.090
0.130
0.040
0.170
-0.110
-0.030
-0.010
0.010
-0.060
0.170
-0.010
0.150
-0.580
0.020
0.030
-0.130
-0.190
0.200
0.040
-0.190
0.070
-0.040
-0.070
0.330
0.170
-0.320
-0.080
-0.170
0.360
-0.070
-0.500
-0.070
0.530
0.510
-0.260
0.490
0.330
0.120
0.040
-0.130
0.150
-0.020
0.360
-0.170
0.340
-0.100
0.030
0.110
0.010
-0.310
0.190
0.040
-0.110
0.010
-0.270
0.160
-0.020
0.160
0.290
-0.140
-0.410
0.300
