7.410
7.410
7.430
7.410
7.600
7.750
7.780
7.720
8.000
7.950
8.030
8.140
7.850
7.850
7.980
8.260
8.190
8.170
8.240
8.330
8.530
8.610
8.540
8.610
8.490
8.470
8.620
8.660
8.310
8.210
8.350
8.320
8.270
8.360
8.200
8.150
7.880
7.930
7.720
7.840
7.460
7.810
7.840
7.970
7.750
8.010
7.520
7.180
7.260
7.240
7.230
7.130
7.250
7.260
7.600
7.880
7.850
7.880
7.900
7.890
7.950
8.300
8.100
7.900
7.820
7.880
7.950
7.920
8.010
7.900
7.990
8.090
8.150
8.080
7.970
7.960
7.870
7.900
7.860
7.850
7.890
7.870
7.960
8.040
8.050
8.000
7.820
7.850
8.000
8.060
8.130
8.170
8.060
8.310
8.410
8.370
8.460
8.490
8.240
8.360
8.400
8.380
8.280
8.480
8.590
9.480
8.550
8.220
7.970
7.900
7.750
8.130
8.300
7.750
8.060
8.080
8.140
8.260
8.350
8.420
8.930
9.090
8.910
8.900
8.700
8.570
8.720
8.780
8.900
8.950
9.050
8.990
8.940
8.720
8.820
8.980
8.500
8.150
8.500
8.450
8.450
8.580
8.300
8.100
8.100
8.090
8.070
7.870
7.650
7.550
7.640
7.630
7.560
7.650
7.580
7.600
7.550
7.620
7.800
7.720
7.680
7.700
7.750
7.930
7.920
7.560
7.340
7.290
7.090
7.170
7.180
7.310
7.370
7.330
7.400
7.250
7.390
7.480
7.510
7.430
7.420
7.850
7.680
7.650
7.630
7.600
7.460
7.340
7.470
7.520
7.550
7.600
7.400
7.380
7.330
7.800
7.550
6.960
6.970
6.610
6.460
6.660
6.540
6.710
6.510
6.350
6.160
6.130
6.280
6.450
6.550
6.330
6.490
6.230
6.030
5.970
6.120
6.140
6.210
5.990
6.220
6.140
6.110
5.880
6.030
6.080
5.810
6.200
5.870
5.570
5.610
5.780
5.590
5.530
5.040
5.140
5.120
5.200
5.200
5.210
4.830
4.670
4.860
4.810
5.230
5.190
5.270
5.160
5.160
5.200
5.220
5.070
4.890
5.000
4.820
4.730
4.550
4.620
4.520
4.940
5.090
5.360
5.450
5.360
5.310
5.200
4.910
4.880
4.990
4.690
5.280
5.330
5.810
5.790
6.060
5.960
5.310
6.170
6.210
5.970
5.800
6.030
5.880
5.870
5.950
5.870
5.840
5.750
5.580
5.520
5.490
5.390
5.350
5.560
5.510
5.710
5.750
5.830
5.750
5.740
5.470
5.300
5.840
5.960
5.960
5.760
5.720
5.470
5.360
5.340
5.370
5.120
5.350
5.420
5.380
5.320
5.300
5.270
5.280
5.170
5.170
5.020
5.110
5.030
5.120
5.200
5.200
4.810
4.590
4.880
4.820
4.820
4.810
4.610
4.720
4.720
4.600
4.610
4.530
4.530
4.460
4.260
4.140
4.250
4.180
4.200
4.210
4.050
4.040
4.130
3.850
4.000
4.550
4.480
4.620
4.620
4.370
4.320
4.200
4.840
5.170
5.070
5.110
5.400
6.000
6.670
7.410
7.620
7.280
7.100
7.030
6.780
6.920
6.770
6.670
6.510
6.350
6.060
6.100
6.480
6.820
6.710
6.730
6.550
6.970
6.980
7.010
7.020
6.770
6.490
6.460
6.420
6.350
6.540
6.710
6.510
6.160
6.370
6.410
6.260
6.170
6.180
6.150
6.230
5.940
5.660
5.570
5.650
5.760
5.570
5.390
5.300
5.180
5.140
5.000
4.960
4.960
4.970
4.870
4.760
4.760
4.730
4.650
4.700
4.660
4.610
4.530
4.560
4.530
4.530
4.460
4.390
4.340
4.310
4.290
4.300
4.410
4.550
4.500
4.480
4.480
4.480
4.500
4.530
4.530
4.460
4.450
4.400
4.290
4.220
4.370
4.470
4.400
4.450
4.380
4.600
4.970
5.100
5.100
5.180
5.100
4.900
4.950
4.910
4.820
4.770
4.710
4.770
4.880
4.840
4.970
5.020
4.940
4.900
4.880
4.750
4.680
4.860
4.780
5.010
4.990
4.950
4.890
4.970
4.800
4.810
4.740
4.710
4.690
4.540
4.570
4.580
4.560
4.550
4.580
4.580
4.500
4.660
4.630
4.680
4.700
4.700
4.700
4.680
4.620
4.610
4.570
4.500
4.490
4.490
4.630
4.610
4.620
4.550
4.610
4.630
4.730
4.830
4.740
4.730
4.780
4.790
4.700
4.670
4.650
4.690
4.570
4.500
4.590
4.530
4.580
4.460
4.550
4.540
4.500
4.420
4.420
4.400
4.410
4.420
4.340
4.300
4.240
4.160
4.250
4.250
4.380
4.470
4.460
4.460
4.470
4.460
4.400
4.410
4.470
4.460
4.430
4.330
4.300
4.310
4.280
4.240
4.130
4.180
4.160
4.180
4.160
4.100
4.120
4.050
3.990
3.950
3.940
3.890
3.920
3.950
3.970
3.910
3.870
3.850
3.910
3.910
