79324.58
59629.12
52095.79
61463.76
45146.04
37676.23
65605.25
56793.78
78688.94
63174.29
74228.31
54800.56
50564.31
93777.22
52113.58
40794.77
51390.59
47715.81
50629.21
51366.03
74367.55
80925.07
51948.53
31777.35
43054.87
36139.64
46399.50
43939.66
94452.40
37821.67
50016.22
58928.34
28704.06
34204.79
45149.65
49912.16
33591.84
78127.66
96393.50
59020.01
50814.77
70666.76
69342.98
55481.85
53763.55
53785.73
56133.76
81189.91
75562.35
79531.24
103982.80
66841.20
81549.11
129809.52
103990.51
169756.52
200445.41
213623.08
478851.91
231648.44
130569.67
118502.03
72854.98
97032.15
81124.32
193974.88
445595.31
58333.51
50485.98
61213.41
55604.62
50771.43
46680.79
62074.08
54342.25
76163.64
32616.15
49953.78
56663.66
42626.86
53311.98
79634.63
39188.71
54254.45
70797.24
63980.73
69843.62
53083.10
52289.00
56431.21
69697.21
91276.24
69357.98
77371.84
111469.17
86996.83
65006.83
52824.09
82403.40
70192.82
66920.78
63502.82
38203.74
37636.21
30849.31
1.00
32821.55
31796.46
38239.16
42431.60
40176.47
35296.80
33337.24
41771.07
76391.76
40069.49
64052.42
67817.77
42325.00
68365.36
56343.87
67706.82
59305.34
60083.16
96360.59
71743.27
112335.95
48024.57
64528.12
70536.08
56051.24
81469.49
53612.01
54049.30
89444.48
156046.55
64796.63
110548.77
149301.31
67587.43
58324.73
66592.26
78332.10
156998.16
129551.70
115628.87
154959.06
215024.27
318874.28
297774.91
607583.62
205991.20
379252.88
63596.24
53350.30
64787.79
75105.00
73582.72
162394.89
154262.31
95571.76
82773.22
57526.26
38697.24
63126.05
123885.78
57214.69
76243.89
57813.73
71957.37
78922.33
143646.77
103582.93
57013.46
67308.96
118072.05
77141.26
78883.58
95982.76
68777.00
67614.39
83200.71
47069.48
57418.09
33654.92
66200.02
60551.90
60481.64
86314.91
61556.78
87223.62
57264.46
59356.84
75353.76
146064.30
108236.35
101710.94
330373.72
130715.19
54110.29
42146.02
53623.15
40387.15
54095.40
88849.43
60888.58
104421.70
46415.85
61646.50
93582.20
70921.98
163718.77
148289.48
153339.34
288962.44
90926.89
87928.71
100294.29
126788.73
108631.77
192397.95
35897.87
44709.13
38717.76
64982.66
57309.08
63823.09
114358.62
65703.85
59703.21
103152.88
77970.16
53658.51
62280.12
57677.31
62030.17
61448.07
115302.08
118888.74
98622.04
48829.46
82765.71
74042.14
76765.40
111645.21
56033.83
66688.20
97538.08
67499.31
57690.47
78116.13
41511.94
51872.77
61349.48
49168.16
58765.71
50627.43
70819.42
38272.37
61503.94
43870.54
43282.98
53353.60
91415.58
74678.83
103027.87
148907.05
35285.40
38757.15
57024.54
56819.16
104126.50
37590.36
31560.27
35158.40
61807.21
65708.71
48768.12
47020.58
43793.40
42172.94
55089.99
76260.91
85617.08
47884.70
61861.31
78292.15
78656.57
49104.87
52119.06
43414.22
55122.16
42886.19
66442.03
129260.63
68539.70
91701.25
75829.22
134507.81
216512.75
71184.50
119406.49
79790.88
100053.25
122287.24
135076.59
112168.22
146440.70
135607.06
112058.66
114619.99
83368.43
141874.69
146433.34
195303.16
408776.97
253445.73
146677.41
115110.37
99692.79
128694.37
46378.01
59463.50
69184.06
109127.20
126193.99
143396.08
183722.05
209793.69
113846.66
142495.02
154651.64
208362.25
122767.14
101713.43
145707.84
99715.09
130723.05
128288.52
148783.92
67078.15
80823.80
113802.51
105884.69
106310.70
89345.96
123702.09
123246.40
159273.06
139138.25
81893.88
75256.57
87344.82
104675.15
117737.66
91535.64
83928.66
101123.15
150720.42
113437.78
123093.87
149600.06
28822.30
138701.81
231744.97
113702.17
92193.41
102755.68
100040.62
214694.25
106463.88
196792.53
395183.84
246418.28
272516.34
160711.36
234925.00
134351.69
170305.00
215517.95
242750.20
133611.05
116396.81
156699.41
140888.34
213529.53
170280.05
201082.16
157604.25
209605.83
308407.22
215526.77
188781.66
175920.62
227763.55
246096.92
141861.98
237507.45
487018.66
210298.67
267690.38
384441.66
357503.66
527804.25
725017.50
632156.31
839690.44
373809.94
106516.39
163030.22
194623.56
153324.72
257416.16
172068.95
316845.03
187327.28
149072.38
271934.94
168992.39
283520.84
357255.78
173213.67
158798.91
194787.17
254480.17
112743.09
113013.72
1376.00
59573.97
82996.77
60969.06
115495.16
72095.44
97810.50
141506.83
100147.16
86023.50
121524.98
120340.37
143421.41
166338.12
129427.90
104014.12
182975.05
130423.42
147096.67
243963.44
230461.52
176600.81
213251.56
204368.23
270447.09
266038.22
106610.12
146024.89
143014.02
207396.94
344016.03
221774.17
301308.41
185715.73
199126.61
282509.25
291039.75
155585.52
110673.28
179005.48
238379.78
157045.27
204266.30
222538.22
262888.59
439297.59
368549.38
309455.50
343484.03
250530.95
297838.66
500959.97
248219.77
37884.47
1023590.69
295042.84
288170.09
230510.45
212275.98
273414.69
225763.14
217408.98
135947.28
129827.54
150598.38
153010.98
95887.63
101315.48
117334.62
159083.66
156556.16
161440.56
131646.98
114760.62
121158.13
192803.12
177393.67
190951.17
149334.09
247043.28
169857.38
143340.98
214414.19
156499.91
188113.66
185265.52
206761.05
185349.56
181224.52
199630.42
118008.42
133560.44
153881.97
260325.12
152613.41
143383.52
107782.50
107992.54
131982.17
168679.66
128834.30
129588.61
107610.44
174071.67
225920.05
208308.97
184043.66
289953.31
347018.50
222964.34
276916.66
195977.55
151493.77
193032.88
230585.70
183112.80
359584.19
270027.97
202422.38
178399.48
188456.91
194223.64
198539.77
189560.11
149437.23
150476.08
216546.59
231132.94
210177.77
234151.98
106365.88
155379.62
140214.67
121966.42
81281.61
76545.45
88412.84
91048.04
145829.61
71983.58
78452.03
101938.91
170266.98
166698.16
95592.86
157620.42
78534.90
2007.27
87231.16
99464.21
155660.84
81710.23
106977.95
125512.72
190375.88
151764.16
343822.81
134874.56
73145.72
58876.01
71358.12
71077.08
124324.29
146643.36
90972.34
132285.91
95465.50
174305.34
233821.55
153547.97
92080.97
97741.78
93941.61
84891.06
131234.80
141235.66
153755.34
263074.91
214382.69
204478.59
176734.73
202705.12
241631.38
290917.16
166064.73
188079.27
131396.70
200564.67
279654.66
201060.39
397689.41
375681.78
209995.80
240347.83
440823.44
408851.41
612719.75
525167.50
517251.53
413326.12
407464.09
330830.12
230468.59
298186.84
294798.53
321289.06
325607.12
429006.00
250760.03
160283.20
97480.48
161222.02
188437.89
168082.80
349086.22
298017.19
331312.03
198646.12
359588.44
107342.09
147789.98
89878.89
170336.64
300991.66
179462.73
448445.50
134937.59
93297.72
130648.50
85915.88
52873.67
40332.92
70134.33
71287.14
33555.70
62060.52
39269.70
43804.79
65905.16
54951.85
50160.64
56658.09
83442.59
45401.43
53866.00
79393.33
35427.81
53286.11
34940.99
41908.80
52511.47
95402.54
56221.78
71096.09
77924.26
91828.19
72773.72
163002.77
49062.10
59175.29
47456.63
26992.20
19047.18
16253.96
17812.65
24613.67
35321.57
37376.18
41458.89
42101.94
50246.26
55177.65
58156.40
101633.61
73406.16
58802.74
143925.20
24326.19
31186.90
17688.17
20790.74
23089.85
42705.34
15165.20
16196.94
10066.42
12824.40
9729.13
9549.81
13983.35
18940.39
