-0.010
0.050
-0.050
0.050
0.000
0.010
-0.040
-0.020
0.040
-0.030
-0.050
-0.030
-0.050
0.020
-0.060
-0.070
0.220
-0.030
-0.160
-0.130
0.170
0.100
-0.150
0.170
0.000
-0.090
0.060
-0.050
0.040
0.060
-0.020
-0.340
0.000
0.070
-0.010
0.010
0.220
0.030
0.080
-0.050
0.040
-0.060
-0.100
-0.070
-0.110
-0.040
0.000
0.010
0.010
0.080
-0.130
-0.110
-0.050
0.130
-0.030
-0.160
-0.170
0.100
-0.420
0.200
0.150
0.010
-0.420
0.760
0.070
-0.180
-0.070
-0.040
-0.110
0.010
-0.040
-0.090
-0.010
-0.260
-0.120
0.140
-0.160
-0.090
0.000
0.060
0.080
-0.050
0.150
0.190
-0.050
-0.090
0.040
-0.010
-0.290
0.070
-0.160
0.260
-0.070
0.440
0.010
0.100
-0.110
0.080
-0.030
0.030
-0.010
-0.030
0.110
0.080
0.010
0.060
-0.030
-0.010
0.110
-0.030
-0.110
0.180
0.050
-0.300
-0.070
-0.230
-0.070
0.010
-0.060
-0.090
0.010
-0.080
-0.110
0.150
-0.030
-0.100
-0.070
-0.120
0.020
0.010
0.030
0.460
0.310
0.120
0.030
-0.190
-0.020
-0.430
-0.040
-0.120
0.030
0.120
-0.440
-0.180
-0.010
-0.010
-0.010
-0.010
-0.020
0.050
-0.050
0.050
-0.010
-0.040
-0.070
-0.090
0.170
0.000
0.000
0.010
-0.020
0.020
0.120
-0.050
-0.090
-0.060
-0.100
-0.090
0.130
0.010
0.020
-0.040
0.020
-0.060
0.060
-0.210
-0.230
-0.200
0.400
0.230
0.010
0.100
0.010
-0.080
-0.010
-0.070
-0.190
0.030
-0.040
0.140
0.160
-0.020
-0.050
-0.210
-0.090
-0.020
0.100
0.020
-0.040
0.000
-0.070
0.020
-0.280
-0.040
-0.130
-0.600
0.780
-0.600
-0.850
0.870
0.080
0.280
-0.080
0.250
0.260
-0.060
0.010
-0.060
0.130
0.160
0.150
0.070
0.060
0.030
0.000
0.000
-0.250
0.170
0.080
-0.060
-0.050
0.100
-0.110
-0.280
-0.050
0.080
-0.060
0.050
-0.220
-0.200
0.340
0.190
0.320
0.090
-0.190
0.040
-0.140
-0.040
-0.010
-0.260
0.340
0.070
0.060
0.330
0.330
-0.210
0.290
0.350
-0.220
0.120
0.410
0.330
-0.040
0.060
-0.020
0.200
0.110
-0.010
-0.010
-0.030
-0.070
0.060
0.010
-0.040
-0.190
-0.070
0.050
-0.090
-0.130
0.310
0.000
-0.510
0.020
0.170
0.320
0.210
0.000
-0.150
0.130
0.040
0.000
-0.110
0.000
-0.580
0.190
-0.230
0.060
0.080
0.240
-0.210
0.270
-0.190
-0.290
-0.090
0.330
0.060
-0.130
0.320
-0.180
-0.040
0.030
-0.180
-0.070
0.070
0.170
0.420
0.200
-0.130
-0.220
0.140
0.270
0.030
-0.220
-0.180
0.110
-0.280
-0.230
0.460
0.450
-0.490
0.000
-0.800
-0.120
-0.160
0.070
-0.290
0.430
0.730
0.670
-0.120
-0.090
0.040
-0.030
0.130
-0.070
0.320
-0.070
-0.050
-0.720
0.050
0.070
-0.090
-0.200
0.350
-0.070
-0.390
0.090
-0.440
0.110
-0.340
0.040
-0.890
0.150
-0.330
-0.910
-0.220
0.240
0.070
-0.280
-0.010
-0.120
-0.290
0.360
0.060
-0.190
0.300
-0.080
-0.050
0.240
-0.070
-0.120
0.090
-0.410
0.110
-0.270
0.050
0.210
0.380
-0.160
-1.010
0.000
0.060
0.150
-0.210
-0.050
0.050
-0.120
-0.340
0.410
-0.170
-0.210
0.060
-0.110
-0.250
-0.220
0.460
1.070
0.150
-0.460
-0.100
0.010
-0.600
0.090
-0.490
0.660
1.040
-0.900
-0.060
0.560
0.330
0.400
0.080
-0.200
0.570
0.300
0.420
0.200
-0.050
-0.280
0.160
-0.090
0.140
-0.300
0.060
0.660
0.020
-0.400
0.710
-0.920
-0.610
-0.120
-0.110
0.420
0.300
-0.190
0.390
-1.010
-0.880
0.980
0.910
-1.010
-1.120
-1.250
-1.390
-0.180
0.980
-0.570
0.460
1.200
0.990
0.320
0.280
0.220
0.580
-0.700
-1.140
0.130
0.210
0.310
-0.190
0.740
0.860
-0.030
0.250
0.830
-0.920
-1.030
-1.140
-1.270
-0.930
0.840
-1.420
-1.580
-0.440
0.840
0.350
-1.670
-1.220
-0.480
0.250
0.080
-0.140
0.170
1.640
-0.900
-0.830
1.260
1.530
0.270
1.370
1.250
0.440
-1.330
0.060
0.380
1.170
0.040
0.030
-0.300
1.060
0.290
-0.170
0.760
-0.130
-0.070
0.500
0.490
-0.540
-0.450
-0.590
-0.110
0.400
0.140
-0.520
-0.020
-0.500
-0.390
0.810
0.490
0.960
0.050
-0.040
0.000
0.070
0.500
0.000
0.140
-0.110
-0.250
-0.080
0.370
-0.100
-0.060
0.010
0.190
-0.060
0.100
0.290
0.080
0.170
-0.240
0.530
0.030
-0.350
0.140
0.280
0.250
0.090
0.050
-0.040
0.230
0.090
0.020
0.210
0.130
-0.240
-0.010
-0.240
0.020
-0.090
0.400
0.190
-0.020
-0.200
-0.030
0.430
0.130
0.050
0.130
0.100
-0.450
0.040
0.130
-0.010
-0.100
-0.070
-0.010
-0.190
-0.050
-0.350
-0.020
0.670
-0.080
0.140
-0.020
-0.110
0.180
0.030
-0.410
-0.070
-0.190
-0.050
-0.020
0.180
-0.050
0.170
0.230
-0.560
0.150
-0.320
0.020
0.060
0.050
0.270
0.340
0.020
-0.060
0.010
0.060
0.070
0.000
-0.030
0.170
0.070
0.050
-0.040
0.010
-0.220
0.020
-0.240
0.050
0.110
-0.130
0.110
-0.070
0.190
0.060
0.140
0.240
0.030
-0.150
-0.240
-0.020
-0.100
0.080
-0.270
-0.080
-0.090
0.000
-0.070
0.380
0.010
-0.050
0.110
0.050
-0.050
0.010
0.200
0.070
0.010
0.060
0.150
-0.250
0.170
0.060
-0.110
0.220
0.020
-0.020
0.040
0.040
0.080
0.060
0.090
-0.130
0.070
-0.160
-0.250
-0.040
0.020
0.080
-0.020
0.020
0.240
-0.120
-0.060
0.350
0.100
-0.010
-0.170
-0.030
0.090
0.040
-0.060
0.080
-0.010
0.060
0.050
-0.040
0.190
-0.050
0.030
-0.040
0.060
-0.080
-0.100
0.100
0.050
0.030
-0.020
-0.200
0.010
