7.390
7.400
7.420
7.430
7.570
7.600
7.740
7.800
7.800
7.700
7.950
8.030
8.150
7.850
7.850
7.980
8.240
8.190
8.220
8.240
8.320
8.580
8.580
8.570
8.560
8.490
8.470
8.620
8.620
8.380
8.300
8.390
8.370
8.200
8.340
8.230
8.170
7.930
7.920
7.700
7.850
7.460
7.750
7.840
7.890
7.640
7.820
7.650
7.170
7.260
7.240
7.250
7.100
7.190
7.270
7.560
7.900
7.940
7.890
7.900
7.900
7.990
8.340
8.020
7.910
7.870
7.880
7.950
7.860
8.010
7.880
8.000
8.090
8.170
8.080
8.010
7.950
7.840
7.880
7.890
7.870
7.870
7.900
7.980
8.040
8.040
8.000
7.810
7.850
8.000
8.050
8.130
8.120
8.050
8.360
8.440
8.370
8.490
8.550
8.200
8.360
8.390
8.360
8.300
8.480
9.480
8.620
8.550
8.340
8.060
7.930
7.850
8.150
7.790
7.780
8.050
8.010
8.180
8.230
8.350
8.390
8.910
9.010
8.920
8.970
8.700
8.550
8.780
8.840
8.890
8.980
9.050
9.060
8.990
8.730
8.870
8.980
8.460
8.130
8.480
8.480
8.480
8.580
8.320
8.160
8.140
8.160
8.010
7.850
7.640
7.580
7.680
7.620
7.560
7.630
7.580
7.620
7.560
7.620
7.760
7.750
7.660
7.710
7.740
7.830
7.920
7.630
7.240
7.290
7.150
7.200
7.140
7.310
7.370
7.340
7.440
7.260
7.470
7.460
7.510
7.520
7.510
7.860
7.680
7.610
7.630
7.710
7.500
7.380
7.460
7.480
7.540
7.650
7.470
7.480
7.530
7.690
7.600
6.950
7.020
6.590
6.500
6.660
6.540
6.650
6.530
6.360
6.150
6.150
6.280
6.450
6.580
6.330
6.430
6.260
6.030
5.970
6.100
6.200
6.300
6.050
6.180
6.190
6.090
5.850
6.040
6.110
5.700
6.130
5.880
5.610
5.640
5.720
5.550
5.520
5.020
5.150
5.300
5.090
5.210
5.220
4.830
4.630
4.860
4.800
5.240
5.200
5.240
5.100
5.150
5.180
5.190
5.050
5.020
5.050
4.850
4.700
4.540
4.620
4.520
5.020
5.090
5.470
5.430
5.330
5.440
5.240
4.960
4.930
5.060
4.850
5.260
5.350
5.940
5.580
6.200
5.910
5.610
6.200
6.210
5.970
5.790
6.000
5.900
5.880
5.930
5.890
5.850
5.740
5.520
5.500
5.480
5.480
5.390
5.580
5.550
5.760
5.700
5.840
5.720
5.720
5.410
5.370
5.880
5.940
5.960
5.750
5.730
5.470
5.350
5.290
5.370
5.220
5.400
5.450
5.400
5.350
5.320
5.250
5.310
5.100
5.240
5.090
5.110
5.030
5.190
5.330
5.100
4.770
4.590
4.880
4.850
4.810
4.790
4.640
4.760
4.770
4.600
4.690
4.530
4.460
4.560
4.330
4.160
4.280
4.150
4.260
4.220
4.090
4.040
4.160
3.840
4.090
4.530
4.490
4.700
4.590
4.360
4.290
4.400
4.780
5.310
4.980
5.400
6.000
6.670
7.410
8.230
7.500
7.230
7.080
7.020
6.820
6.960
6.770
6.690
6.490
6.210
5.960
6.100
6.430
6.810
6.690
6.750
6.610
6.970
6.980
7.130
7.060
6.710
6.510
6.420
6.410
6.350
6.660
6.720
6.520
6.240
6.380
6.400
6.250
6.210
6.180
6.140
6.140
5.910
5.690
5.600
5.650
5.810
5.510
5.380
5.270
5.170
5.140
4.960
4.950
4.960
4.980
4.890
4.800
4.750
4.750
4.660
4.700
4.620
4.610
4.540
4.560
4.560
4.520
4.460
4.380
4.340
4.300
4.290
4.330
4.440
4.470
4.500
4.480
4.510
4.500
4.530
4.550
4.540
4.480
4.470
4.420
4.300
4.220
4.470
4.470
4.410
4.480
4.470
4.960
4.980
5.110
5.110
5.240
5.060
4.920
4.960
4.890
4.820
4.780
4.690
4.780
4.860
4.840
4.980
5.020
4.970
4.890
4.850
4.780
4.680
4.870
4.800
5.040
4.990
4.940
4.940
4.950
4.800
4.790
4.730
4.720
4.570
4.540
4.570
4.580
4.570
4.550
4.590
4.570
4.490
4.660
4.620
4.680
4.710
4.700
4.720
4.680
4.610
4.610
4.560
4.510
4.500
4.510
4.600
4.580
4.620
4.540
4.630
4.680
4.750
4.810
4.740
4.760
4.770
4.730
4.690
4.670
4.640
4.690
4.590
4.510
4.570
4.550
4.580
4.450
4.550
4.540
4.490
4.430
4.420
4.410
4.420
4.410
4.340
4.300
4.230
4.180
4.250
4.250
4.380
4.500
4.460
4.460
4.470
4.460
4.410
4.410
4.470
4.460
4.410
4.330
4.300
4.310
4.260
4.220
4.130
4.180
4.160
4.170
4.160
4.110
4.130
4.060
3.990
3.940
3.940
3.890
3.920
3.950
3.960
3.910
3.870
3.850
3.910
