22.400
22.480
22.460
22.690
22.430
22.500
22.480
22.520
21.900
21.580
21.920
21.880
22.310
22.170
28.910
29.250
29.350
29.030
29.040
28.910
28.460
28.010
27.880
27.880
27.660
27.800
28.130
27.930
27.250
26.810
26.930
26.800
27.120
27.270
27.500
26.900
27.210
26.870
26.390
27.220
27.450
27.500
27.800
28.280
28.400
28.520
28.580
28.000
28.320
28.310
28.400
28.760
28.310
28.060
28.520
28.660
28.900
29.310
29.410
29.150
29.650
30.050
30.210
30.300
29.640
29.500
30.100
30.330
30.700
30.500
30.300
30.030
29.450
29.210
29.220
29.410
29.200
29.300
28.900
28.910
29.030
29.400
29.370
29.310
29.210
29.500
29.520
29.540
29.530
29.830
30.010
30.110
30.220
29.670
29.680
29.610
29.510
29.800
29.630
29.320
29.220
28.630
28.700
28.800
28.910
27.000
29.000
28.830
28.840
29.000
28.630
28.470
28.590
28.060
27.500
28.150
28.480
29.290
29.710
29.600
29.580
30.280
30.810
30.870
30.200
30.010
29.840
29.600
28.990
29.380
29.710
29.580
29.390
29.600
29.910
29.820
29.820
29.910
29.800
31.230
30.950
30.920
30.610
32.130
35.130
35.440
34.740
35.150
35.510
34.960
30.450
30.380
28.510
27.240
27.450
27.370
27.430
27.360
27.360
27.020
26.900
26.500
26.980
26.970
26.960
26.710
26.800
26.560
26.400
26.560
26.690
26.410
26.370
26.320
26.320
25.860
25.830
25.910
25.910
25.850
25.830
25.630
25.380
25.180
25.110
25.040
25.080
25.520
25.750
25.610
25.540
25.410
25.330
25.440
25.410
26.240
26.290
26.350
25.970
26.180
26.080
26.180
26.190
26.340
26.450
26.390
26.130
26.460
26.310
26.510
26.650
26.960
27.040
27.050
26.310
25.760
25.950
26.080
25.930
25.650
25.180
25.030
25.080
25.040
24.980
25.030
24.800
25.000
25.250
25.250
25.250
25.370
25.340
25.180
25.390
25.520
25.610
25.650
25.220
25.210
25.270
25.240
24.910
25.200
24.570
24.680
24.820
24.490
24.150
23.760
23.560
24.220
24.120
24.230
24.070
24.130
24.090
24.060
24.010
24.060
24.970
25.010
24.900
25.050
24.960
25.020
24.220
23.960
24.180
23.890
24.190
24.200
24.230
23.820
24.050
24.000
24.460
24.250
24.450
24.400
24.680
24.580
24.750
25.460
25.300
25.430
24.750
24.600
24.610
25.020
24.660
24.400
24.730
24.880
24.800
25.620
25.540
26.090
26.140
25.930
25.500
25.930
25.120
25.720
26.100
25.820
25.600
26.210
26.080
25.620
26.230
26.150
26.350
26.400
26.000
24.770
24.140
23.940
23.920
23.700
23.220
23.410
23.680
23.680
24.240
23.780
24.230
23.150
22.360
22.000
22.910
22.700
24.540
24.550
24.460
24.060
24.150
23.880
23.350
22.700
23.390
23.630
23.180
23.130
22.800
22.640
22.400
22.150
23.300
25.500
24.800
25.050
26.000
25.720
24.870
25.330
24.080
24.900
25.010
24.830
25.730
26.010
27.950
26.860
27.860
30.910
30.700
30.300
30.410
31.250
30.780
32.060
31.480
30.070
30.170
30.100
29.860
29.610
28.150
28.210
28.690
28.530
28.710
29.310
29.310
29.600
28.360
27.910
27.000
27.650
30.210
30.210
29.900
29.870
30.000
29.750
29.600
30.360
29.700
30.240
30.620
30.830
30.960
31.640
29.600
29.480
26.930
26.600
26.710
26.680
26.830
26.800
26.600
27.650
26.890
25.850
25.500
26.780
26.700
26.050
25.560
25.400
25.360
24.710
24.210
24.150
23.140
23.050
22.580
22.880
22.800
23.860
23.840
23.970
23.050
23.240
23.110
22.220
21.950
22.470
24.660
24.900
25.000
23.510
23.850
23.110
23.030
23.900
24.030
22.210
21.570
23.250
25.830
28.600
29.730
28.510
28.980
30.880
30.890
30.010
30.300
30.510
29.000
28.250
27.890
28.550
27.670
26.800
27.560
28.520
28.060
26.250
29.120
32.180
32.700
32.060
32.200
32.510
31.500
28.000
29.370
31.500
30.380
27.110
23.200
24.430
27.140
27.010
27.930
29.470
31.050
29.300
30.290
33.660
37.120
38.100
36.290
37.800
40.560
40.500
41.360
42.100
43.950
42.980
43.320
43.990
42.330
42.000
39.350
42.190
41.100
39.050
38.220
39.050
42.800
42.750
42.210
41.190
39.780
39.240
37.980
38.000
38.200
40.000
39.610
39.450
38.310
37.840
38.410
38.650
39.410
39.010
39.500
38.830
39.110
39.700
38.100
40.110
39.720
37.890
38.450
40.800
39.810
40.470
42.210
42.800
40.820
40.780
37.940
37.620
36.680
36.400
36.520
36.280
35.550
35.360
34.860
35.550
34.480
34.630
32.840
32.690
33.090
32.400
31.300
31.130
30.680
30.560
30.400
29.660
31.070
31.010
30.990
31.200
32.660
32.490
31.060
31.060
32.150
31.650
31.400
31.070
30.500
30.600
30.320
29.150
29.050
30.160
30.360
30.150
29.710
30.820
31.050
32.100
31.910
31.750
32.010
31.650
31.050
29.810
31.440
34.690
33.550
32.660
32.600
32.910
33.380
33.750
35.100
33.960
33.980
33.350
32.200
32.500
31.380
30.110
29.900
32.100
31.450
31.800
33.890
34.750
33.310
32.480
32.150
32.010
30.340
33.230
33.010
32.170
29.900
29.600
28.550
28.500
28.070
26.820
26.800
26.500
26.200
23.320
23.050
23.030
23.150
22.310
22.200
22.880
21.660
21.600
21.940
21.680
21.360
21.700
21.750
21.510
21.250
21.030
21.020
20.110
19.750
19.910
19.900
20.350
20.890
20.730
19.940
20.460
19.800
19.810
19.560
19.120
19.080
18.770
18.620
18.300
18.130
18.060
17.520
17.290
17.260
17.230
17.020
17.020
17.080
17.440
17.410
17.420
17.380
17.570
17.560
17.220
17.140
16.900
16.800
16.600
16.550
16.580
16.520
16.820
16.980
16.890
17.150
17.220
17.220
16.960
16.980
17.040
17.000
16.860
16.680
16.650
16.760
16.860
16.610
16.570
16.700
16.670
16.720
16.450
16.110
15.810
15.750
15.500
15.510
15.560
15.520
15.630
15.610
15.430
15.320
15.320
15.360
15.470
