29383.14
8170.01
14690.02
18935.92
8380.00
19566.00
19904.01
11449.43
12079.03
14455.01
25804.42
17335.01
11111.02
14642.01
9389.00
16914.00
14957.52
12378.51
14176.00
9951.02
12442.00
17956.01
11310.01
9311.02
19141.96
22805.02
16657.71
12068.00
16044.01
25434.01
34814.00
17060.35
17309.52
23332.95
16749.57
21596.76
12260.01
14447.75
27188.60
16511.00
23967.25
24573.00
11412.81
22625.00
41244.61
21535.00
16491.00
16552.00
15757.00
16903.50
24317.29
17201.00
21882.93
14828.42
60804.23
20999.69
34835.50
42061.39
50078.01
82386.00
17426.00
30559.11
20066.51
20151.00
54879.00
35726.00
16170.00
25917.98
56244.50
36253.01
26230.65
30191.35
41513.00
64390.65
29841.37
20916.15
30154.05
15333.40
21261.00
22018.01
26612.28
27712.00
23210.89
15833.67
32639.07
42840.62
20192.00
26730.01
29248.99
14666.50
20062.77
24377.01
40133.11
19069.76
10655.00
15421.00
18982.55
17790.81
39152.74
15678.82
15923.64
13779.64
17750.00
13702.14
2.00
31070.02
27770.71
20380.75
49408.08
29091.99
25620.51
18908.13
45670.33
51104.64
97072.87
42997.00
56544.60
69628.50
46941.91
28722.51
46147.51
95076.00
59865.41
70699.47
41604.73
19196.00
16583.64
25191.19
24149.12
39044.89
51689.31
24518.90
36249.76
33095.36
29207.05
39329.82
29752.00
88533.02
40653.33
30584.98
40406.02
43019.01
70392.01
73368.67
55736.42
155494.89
119786.60
75245.03
163213.00
71371.43
66272.31
79398.08
86409.50
95203.18
208948.08
44577.30
47015.36
62176.21
141288.69
73328.00
107008.81
55056.84
39602.26
64946.81
84447.50
29269.16
33055.06
25949.50
40491.85
31005.23
55618.99
28086.10
26798.01
34418.85
25011.54
38045.31
37259.93
67586.79
90079.57
78513.23
42720.33
35454.99
48369.85
28381.00
38293.03
44782.91
50085.14
29401.00
20572.56
33002.51
29015.50
43568.00
67578.99
21816.00
73121.09
53700.32
55638.96
39257.46
45086.35
41658.73
36202.25
55793.21
29952.14
32902.82
22002.00
18158.00
23928.87
18298.00
21983.00
21510.00
41624.50
41092.67
25772.72
35778.00
32907.44
34518.00
22632.60
24426.00
42195.88
117494.66
30506.12
26765.68
21766.75
30321.70
25676.33
35013.33
57413.76
43723.70
31468.00
38994.00
35228.15
43671.81
33771.00
27410.18
31435.21
34225.03
45807.52
47927.86
81262.82
38966.07
27225.93
33392.77
43850.00
42386.85
34622.01
27459.30
32860.30
50143.99
46647.51
83411.82
125151.25
15388.00
5974.00
5019.00
39602.66
40808.78
57965.39
33523.90
45556.84
35922.04
67286.51
63016.41
81633.51
46792.44
69000.70
75256.02
38008.45
41368.66
57552.00
40100.78
50673.96
74370.53
67224.87
114903.47
59405.90
87256.38
96455.19
202899.80
11120.00
117992.92
41289.00
62547.08
200300.27
237875.67
16131.00
83133.84
135265.30
246182.88
119833.70
92946.78
105651.68
108986.52
179097.66
115714.77
230033.48
187169.70
140507.48
114389.51
122354.01
112971.96
164171.33
140785.41
168757.92
148618.72
138490.20
126517.38
86223.02
155616.08
157758.75
154960.94
141459.22
96030.63
152785.66
113517.03
127268.77
127492.45
163446.95
91930.23
80519.75
49851.96
81590.02
112063.85
79876.28
97426.47
151902.44
187073.03
123062.79
101551.13
118022.24
107060.07
159253.91
121878.36
82596.81
102565.54
82841.59
108135.37
92453.78
104711.18
63669.83
82473.45
120152.32
112728.92
71110.09
70040.93
97519.68
106909.59
137950.41
127174.29
113630.11
177994.23
195666.73
195372.48
194565.83
113350.91
113329.81
117625.69
128149.88
130979.35
138928.27
200567.98
43909.54
185290.94
251076.52
140877.56
329957.78
132694.27
221990.77
275189.09
232293.81
184345.56
125466.83
145836.23
221598.44
242990.34
392040.97
224831.02
174160.80
145476.33
171192.12
173502.00
162669.58
197804.03
302202.34
198354.14
149407.92
99439.36
159377.52
181112.17
216885.44
195745.25
178175.22
100085.31
128292.08
150848.94
117620.81
99123.35
139741.55
89929.10
112280.64
169662.95
129807.77
102283.80
131342.02
151196.38
170606.77
131540.34
153626.27
199815.52
171789.94
109281.35
164543.92
158144.91
181867.31
212102.81
118915.90
211633.92
166683.80
154291.33
201452.77
245400.22
148860.22
156528.30
178447.27
141464.55
306204.09
3663.00
175147.56
84582.11
55768.36
120676.90
110365.40
105806.90
117428.61
92768.67
130981.95
174187.02
231549.62
284709.06
228510.98
135668.36
109150.49
162201.56
107360.02
167386.75
169050.80
124140.11
169896.02
269717.06
266599.41
309166.97
290252.56
103969.57
556811.50
835848.50
19245.00
169225.72
175352.25
169694.17
180689.94
196677.39
165910.53
120685.34
119174.13
143705.45
127183.88
128324.36
109758.04
175024.19
93058.58
153329.55
125122.74
95905.00
123931.08
143688.61
169273.84
189193.22
150815.11
139056.48
132676.70
192105.19
163838.31
119675.43
159940.44
192836.34
136798.27
123676.79
87422.92
166775.19
136459.27
115446.43
167151.72
143680.86
236017.94
180502.81
96749.17
141205.56
127386.41
85181.27
101659.61
93528.05
68933.38
86495.39
72800.29
88638.68
77081.62
36301.65
49609.95
1114.00
71409.41
113365.03
73319.04
35041.25
23588.80
27058.16
30246.15
41042.01
37465.01
47706.92
58636.09
65458.00
93070.70
75232.19
99532.01
124519.03
142918.08
162642.61
168886.22
109722.01
108403.42
64955.34
38737.44
45632.06
44059.71
33532.45
40510.12
51796.22
50197.16
70669.25
55280.66
72044.56
31313.87
43775.85
59116.00
40547.74
56336.13
49929.70
64002.82
96142.34
130651.20
112546.40
102782.36
74201.23
79394.99
78530.22
62932.83
96955.73
165883.95
127617.84
173059.39
212192.44
181953.70
189595.06
164856.95
111257.86
120482.30
86090.24
98021.23
45352.01
58415.44
61259.75
60535.28
44200.74
85853.61
87403.13
101699.49
79093.48
54718.15
61421.01
50156.30
63597.04
64797.98
60895.04
88922.70
118255.56
179954.70
130717.33
46366.86
68508.53
67328.64
55961.01
52452.49
73919.91
86318.37
81736.60
62291.15
81562.00
56852.22
67231.31
90161.87
87270.22
50185.06
69989.24
52300.77
83203.01
105912.74
68440.00
45322.00
49975.94
51819.37
53947.69
95030.69
77351.05
58797.32
91015.81
69158.92
88194.13
104712.39
100964.52
116977.22
135593.70
53689.60
56883.09
52116.94
59179.61
111470.04
140849.70
79095.50
120832.63
92905.67
68545.94
91619.11
53021.46
59346.65
88641.83
64830.82
63414.63
29970.14
45003.03
71174.41
52403.12
47974.73
49662.83
62727.53
35277.04
42033.28
52008.16
22278.29
23723.62
39356.15
54306.77
43606.24
65720.53
30402.70
62278.84
50723.56
50004.06
21458.68
37900.98
63795.84
84842.69
