38001.70
47277.31
20505.17
34216.84
27335.64
63419.54
19961.98
29082.16
35366.77
72178.42
104471.07
19342.75
29452.66
25300.35
27024.90
34524.30
17727.81
22655.92
29143.79
39617.23
27044.00
39969.21
16488.02
21726.72
27821.97
27308.91
39498.19
36000.00
48667.68
30751.08
34362.54
36086.68
31366.51
21872.00
34650.59
71810.54
28732.57
21194.00
28066.11
51542.42
37526.44
31016.86
45821.60
31604.00
31285.00
38012.91
30179.35
34781.35
57819.00
27485.96
41397.25
64659.58
40673.87
66269.55
102169.50
76780.16
85145.38
153128.83
142082.06
241146.22
465519.75
147463.44
95185.94
64847.73
113150.48
41779.32
81931.45
37751.08
41525.03
43819.87
66020.85
84615.39
84833.20
91679.36
56906.82
82194.23
72963.62
53017.43
33920.36
55857.97
34991.35
53581.32
43847.25
48992.78
44245.75
67429.61
77008.43
72463.15
62627.84
76681.85
123544.34
190406.20
260739.59
98853.18
103499.68
103535.37
120531.39
149362.53
133735.38
205546.02
335940.00
392710.09
250031.84
206294.80
185668.69
121107.17
109240.61
173958.00
273994.53
240525.78
423423.28
457809.91
144271.72
175300.45
248400.95
399570.19
296458.19
81266.65
66308.22
79184.13
83583.52
110163.57
82764.54
80749.36
52368.12
30436.46
47674.24
92418.80
32297.09
31709.60
49366.95
60006.95
71431.13
65832.85
78008.93
24473.32
25497.26
55518.47
71651.85
42056.59
34417.53
42426.47
49821.39
36197.17
44156.37
64930.65
35390.94
68063.23
84034.87
60742.74
47596.81
53209.72
65925.00
74744.44
91333.52
78493.05
91960.76
63511.63
108522.37
153888.34
103893.16
73422.66
67356.10
71046.21
92770.74
144338.73
41814.15
51958.34
75707.86
119675.87
64753.74
47956.44
47499.03
56777.95
51564.96
51409.06
60957.32
64083.61
46721.34
52249.52
64943.24
63517.79
28259.70
45905.77
51508.11
40277.42
63647.96
91898.51
57967.18
71935.63
75916.85
72639.39
55536.90
66737.97
112143.41
136455.00
184862.27
366585.47
386290.19
184781.73
195361.27
332118.78
153165.95
256493.98
285345.03
86983.79
133288.34
54608.06
55960.18
48460.27
25571.70
40060.73
26878.90
47650.04
67342.84
41787.83
24621.42
31768.34
26540.70
25129.01
27428.50
27303.50
39888.25
31756.95
41638.88
36468.57
39060.23
73810.34
43825.94
40442.65
48285.08
39453.92
45767.45
42056.56
70128.41
97384.74
119434.36
275029.22
51743.51
61927.22
37971.71
44687.97
65015.37
97058.47
59153.18
98085.64
65692.58
42024.00
46809.24
69435.10
65821.18
68495.42
89325.99
168247.08
115014.92
81449.51
123267.06
102920.74
57612.62
70324.56
64400.13
58397.00
65826.67
74729.21
63421.58
80657.27
62974.05
51983.34
61955.25
42298.81
58515.58
39198.87
56256.49
52201.48
66706.33
101784.07
88573.73
63359.95
58833.66
39428.05
70362.78
30911.62
37118.17
43560.05
68017.12
77840.36
122121.32
218453.23
50808.11
55794.24
50042.42
36138.95
70719.18
52830.64
51828.06
63172.73
51188.49
79865.99
64468.65
61640.59
26774.92
34478.48
51341.14
30764.70
48276.67
44578.64
56153.57
40242.37
65446.38
71552.76
55664.04
54819.35
62149.04
57718.76
68904.11
75441.51
74337.94
85238.68
77021.98
100816.49
67603.18
96884.89
16993.00
56693.69
78744.08
37485.12
46372.34
60305.26
58225.54
74788.31
43785.55
43054.81
67016.84
47609.52
54132.93
59683.18
114627.42
39857.69
34127.47
37169.53
35531.55
40480.86
36178.68
54886.51
49895.08
75108.06
60008.27
55144.19
54212.09
89697.12
87342.61
62072.24
63638.76
62535.77
97471.74
141947.50
96997.29
84998.79
100826.40
109841.86
79763.02
118260.28
135753.27
218222.89
125390.86
100882.08
136682.84
101910.13
49039.44
69079.12
68745.44
86332.32
141970.62
103150.97
115812.73
109704.98
113511.80
138287.62
97927.04
126815.73
113618.87
81815.92
98877.05
143733.80
91098.63
77187.40
67664.62
756.00
43521.78
43831.87
40505.92
76659.33
61199.86
68707.93
89214.59
79844.92
51561.94
96887.74
92245.92
87053.60
130722.36
92305.38
127779.37
121794.47
79955.02
89273.22
109244.09
141503.84
139594.81
163064.53
173032.28
180330.92
123933.20
38994.00
160274.84
99622.15
170756.14
224492.89
200885.45
176846.80
116733.66
128493.25
169818.05
157581.19
116127.94
110534.88
202167.69
197390.52
171502.55
241061.00
368120.78
285687.53
379425.91
281923.50
258482.08
268039.59
280816.00
216138.33
215109.88
202161.06
162569.48
200441.08
318660.53
176212.25
73654.26
194289.34
46727.00
101976.85
217751.05
165437.16
161689.16
140787.52
219511.27
168883.16
109045.08
165481.31
150737.22
160232.05
168753.83
185614.55
276814.12
332910.72
209450.19
180474.14
120349.22
146353.44
112872.75
140108.48
167331.77
165497.30
197429.48
161870.31
141347.92
196392.61
315543.88
212496.62
218266.33
298551.53
242801.62
200280.03
279613.16
116200.74
76369.01
114968.07
133035.95
123196.67
116408.03
119206.54
71629.61
74776.47
76958.79
83216.08
95924.66
80166.01
87738.87
128473.95
201715.02
180669.77
116607.90
115338.92
82755.20
149173.64
142218.19
100633.55
121164.20
125725.79
206882.84
193721.48
161553.61
140466.17
164381.98
184974.69
111294.60
94415.92
124095.15
135824.44
74294.07
69207.62
127136.93
203773.69
95934.61
77664.11
93072.25
78473.13
121753.43
79130.71
59596.87
108782.71
154311.98
66736.65
60922.86
77330.02
43570.72
53649.42
79597.21
68214.86
78054.52
31122.72
30874.78
962.00
55510.81
54266.91
38208.11
31591.01
37155.88
46889.14
38698.82
64375.31
90286.40
150786.20
49402.73
47018.80
78382.47
138592.61
99209.85
65256.80
68251.69
64444.23
77958.94
65783.33
89023.03
114355.42
68510.43
98869.54
96143.92
95550.31
160030.11
238637.33
94831.56
136261.70
176718.66
267268.12
373869.12
285007.25
86578.10
100866.31
91954.51
78172.53
80131.30
79177.18
132129.30
75177.53
128439.44
89598.38
90073.85
70546.79
142430.16
161910.80
190912.16
88138.30
64887.20
74161.03
34662.84
18272.42
32041.73
32960.26
22382.03
23855.05
31782.59
26762.47
68896.55
42870.53
47808.72
36185.70
48743.17
48972.59
63621.39
52740.39
59509.60
68429.06
44677.58
22857.51
30735.91
43534.27
43832.92
30598.28
40469.33
66740.66
47526.46
36165.34
48399.27
61885.16
72363.85
78236.14
38664.27
39694.95
63870.44
67357.10
76888.98
77453.55
131241.70
71414.11
73347.11
75358.87
60591.58
76700.25
60633.92
59229.45
71395.82
49828.42
71391.39
48806.97
60279.24
60209.74
56872.35
43956.85
51379.52
85031.52
290012.88
172983.20
152943.84
35645.23
35965.95
49808.29
47674.98
55694.21
52535.99
36706.01
30975.17
27519.63
36051.86
21021.75
35040.50
31251.23
55221.19
34477.59
35158.50
30505.15
34271.06
60861.13
46727.71
22963.05
35728.84
34718.25
32501.39
28249.04
67281.05
103380.15
102893.33
40735.87
67892.13
24150.72
13575.57
18000.70
17898.42
