126209.92
133832.56
85575.64
84356.91
119130.45
90539.42
122283.02
125641.98
146700.14
203286.66
210618.88
146576.23
163549.25
179599.80
361243.69
265727.84
152037.31
153553.12
186312.08
169897.92
205188.00
317552.62
170277.84
213763.06
244571.41
330512.84
279469.69
6.00
289131.53
340149.62
330489.00
359632.88
418129.69
346364.41
510752.69
714694.81
666522.06
418696.81
626961.94
652413.50
789420.19
584315.94
1025624.50
1147299.88
1745855.25
904067.81
870011.81
874460.25
1427284.38
1546609.62
1284903.00
870313.69
787294.00
1544852.12
1007903.50
734050.62
694440.81
1428610.38
1047198.25
593517.81
1021603.81
797224.56
680314.19
389218.38
418863.38
80499.83
204163.36
119876.65
86865.73
142691.02
176466.95
177602.88
111251.24
114836.12
157395.44
136128.41
154516.31
103333.73
118866.90
156573.77
211835.95
194435.16
285778.91
573072.06
149108.94
205587.98
294347.19
655781.00
843502.31
161983.11
188165.44
142034.55
189044.28
148134.94
129173.23
209451.41
230065.84
191796.69
122076.13
199613.88
129288.41
125440.37
84603.09
123379.52
65296.43
58644.00
114.00
56743.33
59301.46
59692.46
63815.17
82993.51
87064.15
67819.35
80757.74
195781.95
102033.39
108836.82
116639.67
140470.52
265340.25
390955.19
113429.34
168839.86
78085.50
72592.04
69743.46
84692.20
94803.51
89644.43
128330.05
156596.89
104867.03
104923.41
106708.80
116851.58
142307.81
125003.64
139913.56
251482.92
139778.09
114556.12
142005.95
137955.77
203789.42
249130.69
189164.44
286329.44
359676.59
553855.94
431344.72
810850.81
240605.70
327727.03
157518.41
181600.50
214949.56
198828.42
274643.41
622989.38
250601.41
196752.36
279961.41
294982.53
163683.33
304324.72
325824.53
260163.77
165441.59
207944.77
269999.72
279631.53
282900.66
393402.97
354747.69
470137.47
626836.31
995873.50
568671.62
787892.88
512586.28
847313.38
193524.52
112740.70
221407.41
126374.81
179675.91
288295.62
249197.33
249268.73
170593.62
237754.53
301069.78
456148.53
287793.50
470217.72
486766.59
485280.56
853177.00
1551690.12
906158.75
598530.44
643556.31
431507.16
332509.62
347287.06
483743.91
634443.19
960358.31
1011180.50
1794816.25
741708.88
198357.20
698064.69
175036.94
297254.28
113320.04
90507.66
129781.95
153466.33
189304.09
274475.53
329785.19
403507.88
72350.65
123175.25
106539.66
111972.99
250891.45
107658.30
113512.92
115136.99
136286.95
133273.52
193970.62
151689.27
156826.94
137138.95
238235.55
213632.45
121939.14
97676.55
175221.62
158785.00
203557.06
248492.02
351320.59
176572.69
139403.34
122548.86
104506.65
159112.22
79128.50
102349.21
134490.48
94247.68
116725.11
126067.40
116928.77
90625.55
144007.16
112490.47
122174.56
116687.75
133961.56
135452.30
159006.12
206789.59
69378.15
102828.87
100702.23
70706.10
79073.13
98080.59
84116.62
81006.04
138176.94
91841.84
91239.26
99812.24
154533.42
91286.30
107640.83
230032.84
186187.70
134225.38
133438.66
152242.88
88478.21
193695.88
202292.69
105337.32
121758.35
167704.95
186912.55
315696.56
146843.91
193023.22
193395.47
298605.88
503879.81
438240.84
263768.34
244466.53
453927.53
360360.88
315604.28
310086.78
381107.41
220056.02
192900.03
336411.12
179861.98
256910.44
209232.09
299711.38
437625.50
377705.66
237022.38
158222.03
184988.86
240489.58
159713.34
139816.91
189694.39
226994.34
177483.62
260145.94
312935.91
360628.59
209268.69
208575.59
233827.69
325265.56
292024.78
238211.94
233663.33
161472.98
268392.47
225035.45
223167.70
118842.69
142358.36
182206.67
174024.38
178239.38
183555.58
201943.31
236564.16
275068.38
300372.31
200224.23
282326.38
303106.62
280228.75
322476.91
328590.22
239200.56
335576.28
355042.12
339245.69
471513.84
434622.62
118013.00
343614.94
437558.88
309124.16
377545.38
384721.38
368102.09
540605.62
293984.62
555005.31
706601.38
1132652.12
1499302.12
1353771.12
305357.72
250177.55
264990.97
204105.02
165080.70
144544.52
202303.86
237436.91
236669.23
230736.62
212182.91
219764.16
256328.02
337628.41
440572.34
334841.72
314113.34
387764.22
559210.25
693432.44
264689.62
321621.78
593937.50
401588.12
419248.75
487057.09
428423.47
543376.19
656719.75
626448.88
865656.12
569332.75
277287.75
515762.69
404507.41
277962.62
277609.66
306261.94
390246.16
384255.41
351208.84
550190.00
420827.09
677630.94
586931.00
506518.31
774488.06
536973.00
454532.78
318510.56
248299.97
5827.00
304949.97
632054.69
250660.50
162087.16
142035.09
212102.23
295273.97
180416.66
145373.88
229570.02
254291.45
192334.66
245023.56
141862.34
181856.67
268628.03
165591.77
185869.42
350124.47
270113.09
243542.78
357098.50
327020.38
411912.31
255980.92
242104.94
373782.78
494024.34
578974.12
688857.06
783006.06
639878.88
608469.62
750187.44
752773.25
538858.19
365731.78
214206.00
357185.16
507165.38
590987.44
335438.34
400675.62
387060.94
612773.69
508759.34
749183.44
752901.81
593708.12
451870.19
507536.75
459358.16
424167.19
607641.00
954080.88
705078.94
385070.78
578998.19
1981571.00
322502.50
777460.69
420326.72
425525.53
539235.62
669190.38
701300.06
506622.47
503346.16
430681.09
432013.84
515626.66
612352.19
789700.00
697108.94
825839.19
776677.50
801494.44
828122.19
788819.44
767413.19
1072165.88
843650.56
907760.06
1202931.75
1010950.75
1163054.88
1315197.75
920674.94
887626.56
863104.69
621796.69
552291.56
515040.84
415762.00
274812.91
325488.59
352499.56
492999.69
437916.84
474738.50
315324.44
414288.50
469340.31
585344.50
639390.31
559054.19
444107.97
640404.31
789798.50
651240.75
846250.00
754168.00
508651.41
710842.25
671408.44
491419.47
745836.69
682227.69
675679.25
803878.06
1240004.00
1172513.75
464409.38
466737.16
490580.66
544380.50
527529.75
653385.56
554810.69
457946.16
726752.19
604747.69
673213.00
673750.75
612033.25
607806.62
628609.12
538632.31
213348.23
215046.69
239995.94
203847.47
162808.38
190717.02
215896.50
222383.92
378100.78
608699.62
448631.50
303136.12
187628.58
4396.21
196318.11
167970.67
171278.20
229631.59
139749.28
115466.71
119397.40
177443.00
173274.89
174472.09
137028.09
127288.19
197874.00
360704.53
551708.88
429561.78
616919.94
578196.75
406059.62
450171.00
229637.55
287125.72
190111.48
275302.38
180648.95
135993.77
232339.11
162725.75
270343.47
365413.38
276888.28
366734.19
218031.52
401972.56
504096.16
466756.50
458861.16
290875.62
308685.25
598868.38
464868.53
490507.62
609544.38
704531.31
968324.75
558377.69
493205.84
637649.12
961076.00
777985.62
942401.06
872768.00
571828.81
438400.97
558821.56
766170.31
738855.38
414859.94
271858.97
541575.88
197623.69
247866.03
274031.09
296647.06
391114.81
537816.81
425340.62
201806.02
314455.16
337221.84
286726.25
206598.28
489468.56
231742.52
199851.06
262201.44
273040.69
428277.88
287274.38
195546.02
280410.66
325549.38
527858.00
560504.62
336413.41
436842.66
825494.75
612589.81
1148370.25
377404.09
214658.25
274673.47
251827.56
230238.19
181363.50
193852.44
316579.69
230187.81
292262.25
339841.72
190971.02
440690.34
152174.81
310469.91
173542.30
147776.70
309684.91
227956.38
338944.59
238453.59
546235.62
258221.55
262055.19
270802.31
472622.22
919217.75
92046.80
142577.81
169164.44
101445.45
162893.77
153313.84
123058.80
114111.57
126779.54
260615.03
127311.68
125639.78
169219.77
164422.70
114203.61
189471.67
94386.31
101611.22
129848.09
118545.11
216520.06
186417.23
164668.11
118787.00
93188.20
132364.30
68857.75
85091.22
149087.64
169289.61
67735.69
68553.31
75973.34
58664.48
57883.73
94880.33
50623.39
