26452.84
27350.44
28200.00
20236.00
21401.30
22645.00
34274.35
53051.75
29833.92
39377.07
40028.16
37530.08
58294.56
73525.70
66426.90
85451.11
76330.11
40387.72
56135.44
76617.38
35120.81
48132.88
34357.90
31092.90
36048.05
39598.79
32463.97
26618.69
51344.75
45754.17
58654.45
33344.62
25783.55
28620.17
40690.91
39996.07
25395.51
31185.99
35090.94
46649.94
67291.76
53456.74
29113.46
30500.00
31755.57
30941.04
40849.55
54324.43
25963.02
32345.57
59312.37
26126.36
45711.86
87873.26
69933.18
103862.28
36290.93
38012.44
65262.88
86837.71
89417.21
79232.80
74597.43
51261.76
49401.73
101899.46
120183.89
197162.31
55249.98
45521.09
63492.31
55823.65
53057.84
78118.82
125662.48
242715.12
89945.89
50644.33
41720.01
56773.81
53590.99
65112.12
82887.54
43298.10
68850.32
60507.00
78258.00
45904.25
90516.71
54429.09
82792.25
69648.51
63621.77
69469.02
79342.00
73712.08
93362.57
96895.01
117995.70
167294.05
103907.40
125968.05
170110.44
95430.13
70311.39
13.00
59513.31
110639.70
90054.35
120612.20
102775.70
126433.25
163809.06
156640.09
208867.08
227797.52
200875.05
246895.50
328486.62
462105.12
626650.25
725598.00
265350.38
121224.10
223179.44
201568.72
260890.16
331202.09
310436.16
309256.00
388417.28
569738.88
531982.50
431364.28
107183.23
89998.14
110064.81
96982.21
180008.31
134470.52
221402.84
93915.72
171464.28
112953.85
123047.01
51736.50
62973.34
119534.61
106866.50
194723.20
136730.72
187925.00
134813.19
150277.48
112905.31
101668.25
209393.00
166042.56
172451.50
299555.72
453560.75
571862.75
323132.62
368812.62
512127.75
854470.19
349501.56
282861.88
210259.73
249547.86
435725.69
244366.50
244861.45
309095.00
423501.56
261277.73
254638.98
274560.44
371788.59
634406.81
485468.94
376965.12
415208.75
446753.25
500356.16
513531.84
693687.81
625014.06
569906.31
421499.25
714505.50
705711.56
72830.49
81928.89
69834.95
81023.13
49133.10
52984.55
61131.51
44908.85
51614.86
55595.84
42011.16
32298.46
41396.15
44342.39
76501.14
59870.32
100887.86
97303.24
65177.86
109112.65
127206.26
109210.71
138659.50
94826.57
125517.73
197969.94
280088.94
327066.25
433727.34
354521.78
62406.11
58426.18
116194.58
59429.17
60892.84
112614.79
62675.68
89537.27
153705.34
151141.75
216827.66
167540.34
55585.20
51263.69
65914.07
115684.94
77618.21
54905.11
37521.88
47038.52
59741.55
88309.16
92666.39
54447.14
83054.32
91327.52
88175.67
56338.88
55712.37
50700.99
34917.31
59643.86
53972.55
49693.28
42851.76
48378.27
54644.39
58914.15
48760.40
35846.75
44090.24
62750.08
61441.77
66986.20
62265.24
24074.24
35825.29
30574.86
35556.13
45515.26
52795.66
40976.31
56817.50
56094.91
49592.91
53599.67
36394.55
52693.79
67661.51
54770.99
125166.12
80771.81
44801.20
89931.48
86658.37
76758.82
53183.14
83132.25
99078.40
53948.54
61207.62
89061.99
180008.81
83697.31
98910.37
129711.18
172529.42
204709.38
205397.88
114326.79
101613.24
91749.42
133772.61
89009.55
84544.92
115851.19
101018.85
105980.25
90483.20
122506.22
137719.98
113196.84
80131.69
209341.25
195786.61
89306.67
112742.29
66989.91
64344.50
39215.46
74464.78
98182.13
70528.28
52358.81
78345.33
69527.38
68032.07
63298.60
91514.08
108308.63
116299.57
87030.69
73550.18
84720.40
59228.06
90100.93
82789.64
67142.45
78523.42
56243.90
92183.87
124209.86
60941.39
68311.76
104793.51
83600.48
100160.55
103212.00
77175.00
131865.17
100241.09
111174.04
137578.97
134962.95
180663.62
269546.25
187396.30
239944.05
187726.20
371342.94
93685.65
434757.12
370087.59
366453.53
406715.69
407199.38
144183.02
117788.68
112317.72
65698.95
112197.76
125738.66
116979.12
102685.60
120281.69
70902.88
84410.13
91096.29
96725.94
226474.81
206885.22
200034.38
210018.23
186701.47
160224.11
131344.05
162500.62
212496.69
226026.22
180579.56
233497.55
171432.30
117696.69
123724.63
80309.25
109067.05
186762.11
169823.56
173086.56
198560.98
143799.38
104850.15
124665.26
135780.12
123084.59
118302.00
70997.06
70357.86
87341.64
101300.21
93510.81
125407.24
183853.77
151777.72
161591.56
235759.88
236195.12
139231.64
155458.52
190604.12
146073.59
98032.21
103068.46
64790.00
54986.77
1232.00
24991.93
39934.52
37836.43
68666.30
73429.56
66352.74
80857.83
75998.32
66472.46
98498.45
90026.94
75303.54
110943.10
75864.40
94136.95
139770.44
97016.42
96181.39
130504.95
113024.00
174767.34
241390.84
223535.23
288798.97
24656.00
85508.98
262156.81
381651.34
376833.25
466240.22
255063.91
191147.56
170506.81
235008.52
288228.00
159509.33
135308.20
92172.72
121387.75
112295.96
107309.81
94082.73
154135.95
167537.00
209636.48
170658.02
258855.88
244539.23
246205.75
176599.33
204755.02
211637.73
260614.44
226998.36
369050.72
206982.25
83791.65
213106.91
22476.00
60520.05
219165.44
168899.09
155332.14
163947.06
218062.84
168722.17
106420.83
143608.00
154240.28
169430.27
147511.45
164354.05
237082.69
229301.64
273668.72
228918.16
242893.91
166479.83
181606.91
337206.56
260705.09
205113.42
265022.19
197073.44
176439.92
189919.38
325242.50
260804.88
236403.17
259194.06
186688.50
139049.95
249673.59
236703.62
176883.92
149275.20
106813.21
83961.99
87382.47
105230.50
85995.27
135519.70
151788.97
204493.50
119288.16
143419.66
193387.91
191563.92
253036.84
332065.12
289827.53
278866.16
248543.55
128079.21
145135.34
101270.64
121089.03
123241.17
142221.55
116271.40
126988.46
139796.11
154302.22
133855.92
141729.52
95663.58
78289.24
85430.75
59178.29
79811.09
110414.40
162599.14
84269.83
108186.34
85600.24
108308.22
140291.34
164512.83
97229.44
192532.19
236207.02
55516.52
45570.77
62579.11
95395.68
59520.71
100756.67
214416.06
228936.05
50651.44
24805.45
549.00
29583.92
40333.45
44720.59
29851.55
19739.54
21339.17
24145.53
34013.54
32922.28
29405.17
30280.37
32986.83
43422.77
55147.15
59477.44
67888.66
41430.81
44601.03
73305.90
75135.15
62619.93
60400.80
42568.84
27988.58
42445.32
36961.08
79077.20
74301.69
66717.70
85433.35
133316.05
123133.23
261173.11
115434.29
163402.31
123726.95
143366.59
108544.17
113169.22
76993.62
69955.44
69805.97
30295.99
24678.89
40670.97
34650.88
62177.09
54014.89
55868.94
33543.11
39386.55
46979.22
56593.61
80219.22
62069.71
53874.01
42891.98
35822.57
43350.63
56105.38
71064.83
101963.47
59402.63
88671.97
99401.94
182546.84
62621.43
74127.43
94206.48
82128.97
63915.87
53355.64
41449.64
52991.64
75792.04
90069.65
89154.27
96494.73
135572.59
262712.62
152124.05
156438.45
112797.07
59960.72
106168.80
133814.59
88652.99
51295.55
69679.06
85147.74
72774.03
71243.81
62557.46
110096.76
69993.87
93879.42
91845.72
116748.19
150106.25
237662.77
424383.06
202450.03
146281.70
82954.73
85018.03
76361.30
78181.22
79411.31
70524.21
91159.35
60583.82
53304.73
71799.73
43398.53
78578.53
55081.77
76961.36
29797.83
38799.66
41070.52
40557.18
49603.08
36883.73
43440.77
79321.12
65783.64
91097.64
59632.64
23183.18
25754.10
21257.93
