5.360
5.330
5.230
5.200
5.290
5.390
5.380
4.870
4.780
4.810
5.060
5.080
5.070
5.000
5.050
4.950
4.960
4.760
5.050
5.150
5.300
5.170
4.730
4.610
4.470
4.860
4.920
4.880
4.860
4.860
5.260
5.580
5.560
5.500
5.550
5.470
5.540
5.570
5.680
5.770
5.650
5.990
6.080
6.030
6.020
5.930
5.900
5.850
5.840
5.910
6.320
6.430
6.750
6.800
6.820
7.020
7.200
7.340
7.390
7.450
7.710
7.900
8.030
8.090
8.830
8.300
8.090
8.070
8.230
8.350
8.080
8.220
8.180
8.500
8.200
8.380
8.000
7.500
7.870
7.770
7.800
7.910
7.520
7.380
7.370
7.290
7.330
7.250
7.140
7.120
7.100
7.030
7.010
7.120
7.020
7.180
7.490
7.460
7.610
7.540
7.650
7.580
7.500
7.470
7.550
7.600
7.530
7.510
7.540
7.350
7.800
7.800
7.800
7.700
7.800
8.310
8.230
8.210
8.140
8.220
7.680
7.730
7.780
7.880
8.160
8.170
8.230
8.170
8.200
8.160
8.180
8.220
8.460
8.670
8.710
8.590
8.510
8.530
8.550
8.590
8.630
8.660
8.700
8.560
8.640
8.650
8.750
8.880
8.880
8.790
8.760
8.820
8.580
8.520
8.600
8.750
8.500
8.450
8.600
8.360
8.380
8.340
8.500
8.510
8.760
9.290
9.110
9.220
9.230
9.220
9.290
9.370
9.200
9.500
9.310
9.180
8.630
8.590
8.600
8.670
8.810
8.850
8.770
8.870
8.820
9.050
8.430
8.310
8.640
8.690
8.590
8.660
8.810
8.850
8.800
8.640
8.990
9.550
9.600
9.990
10.480
10.680
11.240
11.830
12.170
12.060
11.940
12.450
12.000
12.140
13.540
13.470
13.800
14.150
14.310
14.200
14.020
14.030
14.300
13.810
13.000
11.140
11.180
11.110
10.820
11.290
11.500
10.970
11.080
10.980
11.040
10.810
10.220
9.890
10.260
10.220
10.110
9.700
9.980
9.950
10.450
10.190
10.280
10.320
9.830
9.630
10.150
10.790
11.840
11.850
12.760
11.600
11.210
11.400
10.860
10.700
10.350
10.600
10.550
10.350
9.950
10.110
9.490
9.480
9.400
10.150
10.270
10.140
10.300
10.830
10.520
9.980
10.400
9.410
10.500
10.240
11.200
11.900
12.940
12.980
13.000
16.000
16.710
16.500
15.510
15.700
16.200
15.940
16.350
17.250
16.560
15.580
15.360
15.130
14.840
14.400
14.250
13.540
13.550
14.000
13.920
13.980
13.450
13.310
13.800
13.350
14.610
14.990
14.250
14.770
12.930
12.350
12.150
12.790
12.580
13.200
12.550
11.410
10.370
9.500
10.700
11.310
11.300
10.370
10.150
9.930
11.510
12.510
13.020
11.580
13.660
12.930
12.770
12.490
12.380
12.680
11.900
11.780
11.500
12.000
10.990
11.400
11.940
12.590
11.990
11.400
13.500
13.800
12.790
11.630
10.570
9.610
9.000
11.870
11.500
13.430
14.410
13.130
15.650
16.100
17.990
18.300
18.450
19.700
21.500
21.000
23.010
23.700
21.260
21.390
20.810
20.780
19.110
18.300
18.500
19.580
18.400
17.140
16.920
17.440
18.160
18.220
17.000
17.500
15.870
15.060
14.520
14.840
14.550
13.900
13.550
13.350
13.180
12.700
13.400
13.720
13.890
13.900
14.150
13.480
14.240
14.200
14.040
14.490
13.850
13.280
13.780
14.240
13.880
15.170
15.860
15.960
15.900
14.660
15.280
14.800
13.720
13.400
13.600
13.390
13.350
13.300
13.740
13.680
13.950
13.420
13.500
13.240
13.150
13.000
13.390
13.390
13.520
13.780
13.150
13.380
13.250
13.570
13.750
13.380
13.070
13.030
12.830
12.160
12.060
11.850
11.750
11.900
11.590
11.680
11.510
11.370
11.320
11.210
11.190
11.320
11.350
11.600
11.110
10.850
10.950
10.360
10.080
9.880
9.900
9.940
9.990
10.390
10.250
10.400
10.350
10.220
10.200
9.530
9.910
9.950
10.690
11.880
11.970
12.380
12.490
12.510
12.560
12.660
12.880
12.600
12.450
12.500
12.600
12.250
12.300
12.030
11.570
12.120
12.510
12.660
12.600
12.350
12.350
12.750
12.380
12.320
12.630
12.600
12.450
12.440
13.020
12.830
12.110
12.450
13.500
13.520
12.650
12.790
12.200
12.250
12.850
12.670
12.360
12.580
11.800
11.130
11.250
10.970
10.620
10.880
10.750
11.130
11.130
11.080
11.600
11.460
11.190
10.040
10.050
9.620
9.080
9.180
9.310
9.320
8.980
8.960
9.260
8.300
8.320
8.160
7.990
8.410
9.200
8.800
9.500
9.700
10.080
8.750
8.500
