7.750
7.670
7.610
7.630
7.560
7.520
7.510
7.600
7.500
7.410
7.560
7.670
7.720
7.860
7.810
7.840
7.710
7.680
7.550
7.760
7.750
7.920
7.830
7.120
7.080
7.080
7.110
7.080
7.100
7.080
7.080
7.280
7.510
7.470
7.530
7.460
7.360
7.390
7.320
7.400
7.690
7.550
7.550
7.710
7.830
7.870
7.920
7.920
7.690
7.670
7.610
7.880
7.830
7.990
8.150
8.140
8.580
8.850
8.880
9.000
8.900
9.150
9.170
9.250
9.120
9.380
9.980
10.190
10.030
10.070
10.070
10.030
10.160
10.130
10.230
10.240
10.180
10.090
10.170
10.150
10.210
10.380
10.330
10.170
10.050
9.990
10.100
10.100
10.180
10.290
10.250
10.390
10.170
10.110
9.950
10.070
10.030
10.240
10.280
10.270
10.410
10.300
10.250
10.150
10.100
9.990
10.040
9.970
10.290
10.270
10.700
11.890
11.370
11.210
11.300
11.030
11.290
11.260
11.540
11.520
11.690
11.790
11.710
11.820
12.030
13.370
14.850
16.100
16.550
16.410
16.960
16.550
16.530
16.800
16.350
15.550
15.510
15.250
15.450
15.550
16.010
16.660
17.090
17.070
16.800
17.170
15.900
15.950
15.860
15.800
16.000
16.120
16.070
15.680
15.600
15.660
15.250
15.100
15.220
15.210
15.180
15.250
15.300
15.700
15.800
15.430
14.890
14.890
15.150
15.330
14.840
14.680
13.850
13.910
13.620
13.390
13.110
13.290
13.420
13.580
13.680
13.550
13.370
13.600
13.800
13.840
13.670
13.190
12.280
12.420
12.410
12.380
12.290
12.130
12.110
12.140
12.130
12.180
12.150
12.200
12.270
12.250
12.660
12.190
12.150
12.010
11.990
11.980
11.750
12.280
12.350
12.260
12.190
12.410
11.590
11.450
11.530
11.500
11.500
11.330
11.490
11.410
11.420
11.380
11.570
11.350
11.380
11.050
10.430
10.100
9.420
9.100
8.800
8.850
8.710
8.800
8.880
8.660
8.610
8.660
8.640
8.690
8.630
8.610
8.460
8.430
8.520
8.510
8.370
8.240
8.390
8.160
8.040
8.230
8.260
8.190
8.310
8.060
8.120
8.660
8.700
8.880
8.780
8.800
8.500
8.500
7.980
7.940
7.940
7.960
7.900
8.100
8.040
7.940
7.940
8.300
8.140
7.890
7.900
8.000
8.080
7.990
8.440
8.900
8.790
8.860
8.580
8.680
8.710
8.720
8.610
8.720
8.550
8.740
9.550
9.610
9.950
10.050
9.520
9.290
9.390
9.080
9.240
9.600
9.600
9.290
9.340
9.360
9.050
9.300
9.390
9.520
9.810
9.330
9.390
9.030
8.210
7.940
8.010
8.020
7.730
7.710
7.900
8.020
7.960
7.780
8.210
8.090
7.690
7.450
8.190
8.250
9.170
9.230
9.410
9.160
9.150
9.140
9.090
8.620
8.810
8.880
8.720
8.530
8.160
8.350
7.930
8.050
8.170
9.050
8.820
8.680
9.170
9.280
8.880
8.720
9.040
8.700
9.310
9.200
10.220
10.620
11.800
11.720
12.750
14.150
14.690
13.740
13.740
14.020
14.140
13.780
14.300
14.130
14.560
15.160
14.370
14.380
14.450
14.640
14.180
14.590
13.900
13.400
12.840
13.150
12.710
13.810
12.870
12.950
13.580
13.980
13.930
14.270
13.590
13.410
13.830
13.520
13.600
12.580
12.450
11.600
11.600
11.170
10.990
10.660
10.520
10.000
10.060
10.470
10.630
10.610
10.560
10.540
10.490
10.290
9.550
10.610
10.620
10.400
10.100
9.890
10.130
9.800
9.170
8.700
8.320
8.290
8.270
8.360
8.100
8.710
8.340
8.570
8.680
8.290
8.070
8.230
7.480
8.150
9.050
8.950
8.870
8.610
8.090
7.660
7.930
8.760
9.250
8.500
8.050
8.870
9.860
10.960
11.900
12.650
12.500
13.890
13.830
14.040
14.280
13.320
13.450
12.640
12.300
12.410
13.080
12.090
10.990
11.310
11.700
10.790
11.700
13.000
13.380
13.070
12.980
12.770
11.610
10.550
9.590
8.720
9.690
10.770
11.970
13.300
14.560
16.180
16.560
15.930
16.520
18.350
19.030
19.130
21.260
19.710
19.510
19.650
19.680
18.780
19.190
17.960
18.700
19.130
18.470
17.580
18.510
20.570
20.520
20.010
19.970
18.430
17.370
17.390
17.300
16.700
16.700
16.100
16.580
15.760
15.600
16.100
14.980
14.380
13.550
12.320
11.200
10.180
10.080
10.030
10.150
10.000
10.190
10.450
10.590
10.210
10.200
10.360
10.420
10.360
10.510
10.400
10.380
10.030
10.120
10.390
10.620
10.570
10.920
10.930
10.810
10.700
10.520
9.960
10.190
10.340
10.890
10.890
11.060
11.040
10.920
11.100
10.400
10.540
10.600
10.580
10.260
10.280
10.110
9.990
9.470
9.640
9.720
9.620
10.170
10.260
10.470
10.320
10.530
10.390
10.160
10.480
10.570
10.480
10.190
10.170
10.110
10.180
10.440
10.710
10.810
11.540
11.620
11.300
11.250
11.240
11.220
11.200
11.440
11.240
11.200
11.040
10.800
10.880
10.710
11.520
11.100
10.900
10.890
10.570
10.470
10.250
10.310
10.240
10.070
9.810
10.080
10.180
10.360
10.310
10.820
10.190
9.670
9.880
9.840
9.280
9.440
9.020
8.930
8.700
8.690
8.580
8.580
8.700
8.740
8.510
8.500
8.280
8.370
8.240
8.110
8.100
8.490
8.160
8.030
8.350
8.340
8.300
8.550
8.670
8.380
8.320
8.530
8.940
