3.320
3.330
3.310
3.310
3.310
3.310
3.310
3.350
3.360
3.320
3.330
3.360
3.370
3.380
3.370
3.390
3.350
3.360
3.340
3.410
3.460
3.490
3.440
3.530
3.600
3.270
3.250
3.260
3.270
3.170
3.100
3.120
3.180
3.240
3.200
3.230
3.240
3.220
3.200
3.160
3.270
3.330
3.300
3.320
3.350
3.370
3.400
3.410
3.420
3.490
3.480
3.510
3.600
3.640
3.650
3.720
3.730
3.770
3.840
3.770
3.790
3.720
3.700
3.720
3.700
3.610
3.590
3.680
3.720
3.730
3.760
3.750
3.750
3.770
3.780
3.820
3.870
3.780
3.780
3.770
3.720
3.720
3.750
3.770
3.740
3.710
3.740
3.770
3.770
3.760
3.780
3.800
3.820
3.800
3.770
3.740
3.760
3.720
3.750
3.760
3.760
3.730
3.730
3.710
3.710
3.690
3.680
3.710
3.640
3.630
3.610
3.550
3.510
3.540
3.540
3.530
3.640
3.680
3.720
3.760
3.730
3.710
3.740
3.740
3.730
3.690
3.680
3.670
3.690
3.690
3.680
3.730
3.750
3.730
3.770
3.790
3.770
3.760
3.780
3.760
3.920
3.920
3.960
3.950
3.930
3.990
4.090
3.980
4.010
4.030
4.010
3.990
4.020
4.000
4.000
3.960
3.970
3.970
3.980
3.970
3.960
3.940
3.860
3.930
3.910
3.910
3.950
3.940
4.010
4.060
4.100
4.070
4.070
4.060
4.050
4.100
4.180
4.000
4.030
4.070
3.980
3.970
3.950
3.920
3.950
3.920
4.060
4.100
4.120
4.130
4.120
4.150
4.110
4.160
4.150
4.220
4.200
4.130
4.250
4.300
4.220
4.250
4.230
4.100
4.010
4.040
3.970
3.830
3.880
3.940
3.960
3.880
3.910
3.840
3.770
3.730
3.780
3.810
3.750
3.920
3.880
3.890
3.930
3.950
4.010
4.010
3.980
4.090
3.720
3.690
3.640
3.630
3.640
3.660
3.670
3.630
3.580
3.570
3.580
3.560
3.520
3.490
3.550
3.520
3.490
3.510
3.540
3.490
3.530
3.470
3.470
3.600
3.610
3.630
3.630
3.630
3.610
3.610
3.490
3.530
3.530
3.550
3.560
3.590
3.580
3.560
3.570
3.660
3.670
3.640
3.640
3.690
3.730
3.720
3.890
3.990
4.000
3.980
3.920
3.930
3.950
3.960
3.940
3.970
3.940
4.020
4.210
4.180
4.140
4.150
4.070
4.030
4.050
3.990
4.040
4.040
4.060
4.010
4.010
3.990
3.900
3.990
4.020
4.010
4.070
4.070
4.150
4.060
3.950
3.890
3.930
3.960
3.850
3.880
3.930
4.040
4.080
3.990
4.130
4.190
3.880
3.710
3.820
3.750
4.170
4.140
4.230
4.070
4.030
4.050
4.040
3.880
3.950
4.010
4.000
3.790
3.620
3.760
3.570
3.880
4.020
4.470
4.470
4.510
4.960
5.110
5.030
5.200
5.560
5.450
5.350
5.680
5.570
5.060
5.620
5.420
4.930
4.960
5.060
5.030
5.000
5.010
4.970
5.040
5.140
5.110
5.050
5.070
4.920
4.920
4.900
4.820
4.890
4.990
4.970
5.140
5.130
5.300
5.150
5.120
4.950
4.980
5.420
5.470
5.540
5.350
5.350
5.310
5.320
5.220
5.250
5.190
5.370
5.490
5.420
5.460
5.400
5.310
5.280
5.050
5.050
5.170
5.270
5.230
5.460
5.520
5.560
5.310
5.020
5.280
5.210
5.310
5.180
5.080
5.090
5.090
4.630
4.590
4.440
4.410
4.390
4.550
4.500
4.660
4.560
4.720
4.730
4.590
4.500
4.650
4.230
4.660
5.180
5.050
5.280
4.800
4.560
4.400
4.650
5.160
5.170
4.700
4.560
5.050
5.610
6.230
6.920
7.470
6.790
6.960
6.330
5.750
5.520
5.740
5.670
5.430
5.170
5.340
5.580
5.330
5.260
5.510
5.170
4.850
5.020
5.580
5.830
5.630
5.250
5.210
5.100
4.770
4.680
5.190
4.720
4.290
4.770
4.910
5.450
6.050
6.720
6.330
7.030
7.810
7.850
7.430
8.150
9.060
8.460
8.200
7.980
7.430
6.750
6.520
6.360
6.500
6.630
6.420
6.410
6.200
6.040
5.630
5.810
6.070
6.120
6.040
5.930
5.930
5.440
5.410
5.350
5.220
5.480
5.540
5.440
5.500
5.180
4.710
4.990
5.330
5.850
5.970
6.110
6.010
6.250
5.680
5.680
5.710
5.400
5.160
5.320
5.350
5.280
5.280
5.120
5.090
5.200
4.960
5.020
4.750
4.770
4.740
4.780
4.940
4.760
4.680
5.000
4.810
4.370
3.970
3.610
3.460
3.310
3.160
3.070
3.060
3.060
3.060
3.080
3.060
3.090
3.070
2.980
3.020
2.960
2.970
2.910
2.950
2.920
2.890
2.880
2.830
2.800
2.780
2.760
2.780
2.900
2.910
2.910
2.870
2.940
2.910
2.940
2.940
2.970
2.930
2.970
2.950
2.850
2.760
3.040
3.040
2.980
3.030
2.970
3.120
3.170
3.270
3.250
3.300
3.170
3.040
3.100
3.070
3.030
2.990
3.030
3.080
3.030
3.030
3.080
3.070
3.030
3.040
3.120
2.880
2.830
2.910
2.850
3.010
2.970
2.880
2.860
2.890
2.850
2.830
2.850
2.850
2.740
2.680
2.700
2.730
2.700
2.680
2.710
2.720
2.670
2.790
2.730
2.790
2.830
2.900
2.860
2.820
2.850
2.820
2.780
2.530
2.580
2.560
2.660
2.720
2.840
2.830
2.790
2.940
3.000
2.920
2.880
2.900
2.640
2.400
2.400
2.380
2.370
2.420
2.400
2.330
2.400
2.450
2.490
2.400
2.310
2.290
2.150
2.150
2.100
2.080
2.090
2.060
2.060
2.030
2.020
2.000
2.030
2.040
2.060
2.080
2.080
2.110
2.130
2.100
2.110
2.090
2.030
2.020
2.070
2.060
2.150
2.090
1.900
1.850
1.820
1.850
1.820
1.820
1.830
1.810
1.790
1.750
1.750
1.750
1.760
1.750
1.760
1.750
1.750
1.720
1.710
1.710
1.730
