-0.430
-0.180
1.260
0.400
-0.560
-0.180
0.490
-0.100
0.020
-0.820
-1.600
-0.350
0.260
-0.350
1.230
0.100
-0.470
0.970
-1.200
2.320
0.320
2.630
-1.040
0.180
0.460
-2.970
-0.410
-0.530
0.310
1.050
-1.710
-1.990
-0.220
-3.690
1.890
3.180
-0.620
0.460
1.240
-0.940
-0.780
-3.610
1.420
-0.710
-3.930
2.750
1.820
3.160
2.870
1.840
0.460
-2.160
-2.270
0.840
-2.500
-3.610
3.280
2.980
2.710
2.470
2.240
2.040
-0.370
-0.100
0.120
-0.200
-0.030
0.240
0.160
0.320
-0.140
0.200
-0.210
0.190
0.070
-0.610
-0.010
0.040
-0.020
-0.100
0.120
0.270
-0.180
-0.400
-0.040
0.060
-0.300
-0.280
0.470
0.110
0.080
-0.480
-0.450
0.300
-0.680
-0.030
-0.300
-0.460
0.620
-0.160
0.560
0.300
-0.300
0.010
-0.120
-1.150
2.120
1.920
0.320
-0.370
0.170
0.410
-1.620
-0.400
-0.640
-0.410
0.090
0.180
0.140
-0.110
0.110
0.330
0.150
-0.160
-0.120
0.250
0.270
-0.380
-0.250
0.380
0.060
0.170
0.230
0.340
-0.320
0.210
-1.760
0.010
-0.160
0.210
-0.080
0.420
-1.010
0.280
-0.790
-0.580
0.080
-0.290
-0.430
-0.580
0.730
0.010
-0.330
-1.040
0.890
0.420
0.350
-0.100
0.290
-0.600
-0.060
-0.210
1.000
0.230
-0.470
-0.540
0.170
-0.650
0.890
0.030
-0.940
-0.410
1.800
0.410
-0.700
-0.660
0.130
-0.620
0.060
0.900
0.260
0.170
-0.060
-0.130
-0.750
-0.350
0.130
0.090
-0.720
-0.090
-0.400
-0.970
-1.260
2.540
1.360
2.180
1.640
0.500
-0.330
-0.370
-0.800
-2.300
0.780
1.020
0.380
0.570
0.200
-0.530
-0.210
-0.330
0.600
0.000
0.480
-0.310
0.770
0.010
0.070
0.690
0.590
-0.440
1.020
0.480
-0.920
0.130
-0.260
-1.840
0.140
0.350
-0.240
-0.010
-0.160
0.310
-0.310
-0.430
-0.620
1.960
0.510
0.250
0.270
-0.190
0.270
-0.110
0.400
-0.010
-0.130
-0.310
0.790
0.350
-0.080
-0.050
0.350
0.170
-0.170
0.220
-0.140
0.550
-0.060
-1.310
-0.190
0.130
0.090
-0.050
0.120
-0.240
0.460
0.250
0.750
0.020
0.060
-0.260
0.290
0.240
0.030
-0.710
-0.020
0.320
-0.150
-0.160
0.010
0.080
-1.250
-1.280
-0.170
-0.020
0.610
0.170
0.450
0.140
0.320
-0.430
0.180
-0.350
-1.320
0.000
-0.770
0.160
0.080
0.500
0.200
0.570
0.000
-0.770
0.320
0.680
-0.300
-0.140
0.540
-0.950
0.040
0.270
0.240
-0.080
0.190
0.210
1.410
0.540
-0.270
-0.080
0.840
-0.140
-0.210
-0.710
0.130
0.610
-1.150
0.080
0.870
0.780
-1.220
-0.320
-1.970
-0.210
-1.080
0.560
1.860
0.280
0.730
0.980
-0.290
-0.430
0.410
-0.080
0.600
0.180
0.860
-1.070
-0.200
-1.840
0.730
-0.360
-2.010
-1.760
0.000
-2.420
-2.690
-2.990
0.360
-0.030
-0.950
0.940
-0.740
-0.120
0.740
-3.260
-0.010
-2.000
0.800
2.530
2.670
-0.440
2.680
-0.130
0.620
0.470
1.010
0.020
-0.160
0.030
0.040
-0.240
1.180
0.440
0.180
-0.390
0.030
-0.640
1.690
0.410
-1.280
-0.050
0.330
0.270
-0.250
0.030
0.710
-0.650
-0.370
0.880
0.280
0.470
1.210
0.230
-0.060
0.610
-0.340
1.230
0.070
0.110
-0.120
0.090
-0.210
-0.190
1.130
0.740
0.700
-1.830
0.180
-0.380
0.830
0.530
-0.370
0.010
1.010
0.450
0.690
0.190
0.210
-0.600
0.830
-0.540
0.380
-0.380
0.010
0.970
0.330
-0.250
1.320
-1.400
-1.620
0.240
-0.160
0.970
0.940
0.820
-1.390
-1.650
-1.310
1.490
1.420
-1.220
-1.790
-1.990
-2.120
-1.830
0.100
-2.640
1.630
1.370
0.580
-0.810
-0.460
1.350
0.380
0.880
-0.750
1.400
1.020
-0.800
-0.640
1.490
-0.880
-2.290
-1.760
0.680
0.820
0.270
1.170
1.960
-0.150
0.750
1.740
-1.890
-2.080
-2.080
-2.330
1.430
-2.710
-3.010
-2.830
0.470
-2.370
-3.870
-2.490
0.190
-1.840
-0.150
3.180
0.320
1.880
3.380
-0.680
2.130
-0.230
1.070
2.900
2.640
-0.320
-2.440
1.250
0.510
-0.180
-0.220
0.640
0.150
1.180
1.690
0.050
0.280
0.900
0.170
0.980
0.610
0.010
-0.740
-0.500
0.810
-0.650
0.100
-1.350
0.850
2.060
1.870
1.700
-0.540
-0.200
-0.060
0.400
0.600
-0.230
0.270
-0.350
-0.840
0.110
0.640
0.850
0.350
-1.070
-0.400
0.000
-0.610
-0.140
-0.180
0.390
0.490
1.050
-1.520
0.050
-1.120
0.030
-0.250
0.800
-0.050
-0.020
-0.150
-0.100
0.340
0.300
0.210
-0.140
0.100
0.120
0.050
-0.300
-0.660
0.360
0.220
0.480
-0.310
0.570
0.080
-0.060
0.010
-0.230
0.010
0.450
0.280
0.350
0.150
-0.520
-0.340
0.060
-0.120
0.340
0.090
0.230
0.200
0.110
-0.270
0.020
-0.280
-0.420
-0.140
0.720
-0.280
0.150
0.160
0.090
0.010
0.290
-0.090
0.250
0.000
-0.400
0.090
0.110
0.140
-0.010
0.010
-0.050
-0.030
0.040
0.560
0.150
-0.020
0.050
-0.200
0.040
-0.450
0.110
-0.010
-0.210
0.350
-0.310
-0.510
1.050
