30.450
30.280
29.430
28.860
29.250
29.600
29.000
29.470
29.000
29.980
31.510
31.900
31.780
31.900
30.480
30.350
30.880
31.660
30.600
28.890
28.970
26.500
27.090
27.350
27.000
29.200
29.900
30.330
30.000
29.290
30.940
32.400
32.390
36.900
38.510
31.850
31.710
31.500
30.100
31.320
31.200
36.510
35.180
34.200
37.550
36.010
35.100
34.730
28.480
27.150
27.000
27.300
31.000
29.590
31.510
34.000
36.100
32.820
29.840
26.800
24.660
22.420
20.850
20.850
20.820
20.930
20.900
20.700
20.520
20.190
20.400
20.170
20.390
20.250
20.000
20.740
20.800
20.580
20.650
20.830
20.850
20.470
20.550
21.020
21.060
20.930
21.300
21.490
21.280
20.950
20.920
21.110
21.710
21.590
22.260
22.100
22.310
22.880
22.080
22.190
21.900
21.700
21.890
22.010
21.590
23.490
23.260
19.230
18.880
19.280
19.140
18.830
20.210
20.680
21.360
21.770
21.650
21.280
21.370
21.560
21.300
21.350
20.990
21.180
21.000
21.150
20.620
20.970
21.440
20.810
20.830
20.670
20.630
20.000
20.460
20.200
21.940
21.950
22.130
22.000
21.980
21.560
22.400
22.120
23.200
23.600
23.580
23.880
24.380
24.920
24.340
24.110
24.290
24.940
25.610
24.300
23.710
23.920
23.980
24.290
24.350
24.260
23.750
23.190
23.600
23.990
23.860
24.550
23.850
23.770
24.740
24.860
23.360
22.960
23.540
24.240
24.330
24.510
24.600
23.990
23.490
23.460
23.430
23.700
23.910
24.710
24.580
24.200
25.450
25.580
25.480
27.180
27.550
24.850
24.900
23.010
20.160
19.820
20.080
20.450
20.500
23.000
22.630
21.700
21.290
20.620
20.550
20.970
21.290
21.580
21.170
20.910
20.500
20.700
20.200
20.070
20.200
19.290
18.700
19.000
18.240
17.610
18.580
18.550
18.730
20.540
20.320
20.020
20.300
20.310
20.500
20.040
20.180
20.900
21.980
19.770
19.080
18.770
18.440
18.600
18.390
18.580
18.060
18.270
18.320
18.460
17.740
17.400
17.700
17.600
17.110
17.130
17.260
17.080
17.030
16.560
16.650
17.900
18.030
18.030
18.180
18.140
18.050
18.100
17.680
17.360
16.710
16.560
16.770
16.770
16.700
16.320
16.350
16.780
17.050
16.650
16.850
16.770
17.060
17.050
17.850
19.300
19.400
19.670
19.030
18.660
18.430
18.390
17.990
18.350
18.010
18.400
19.990
20.030
20.500
20.410
20.300
20.050
19.500
19.200
19.130
19.910
19.570
18.800
19.100
19.510
19.000
19.500
19.550
19.210
19.000
19.060
19.120
19.090
17.530
16.950
17.350
17.200
16.700
16.420
16.850
17.130
17.370
16.840
17.780
17.730
17.000
16.260
17.190
17.820
19.900
19.920
21.110
21.000
18.550
18.430
17.500
16.600
16.020
17.300
16.960
16.550
16.240
16.280
15.410
16.050
16.600
18.330
17.800
18.370
19.310
20.600
19.650
21.830
24.250
29.000
29.700
28.910
29.610
30.790
30.200
30.470
28.490
32.000
32.910
34.890
32.800
31.700
29.250
28.990
26.810
27.000
26.250
25.800
24.790
24.990
24.990
25.150
24.600
24.990
23.780
23.480
23.160
23.760
23.350
23.880
22.610
21.960
23.680
23.700
23.000
22.900
23.210
23.370
22.420
23.070
23.890
22.090
22.000
21.490
20.420
20.180
20.100
19.680
20.100
19.140
18.880
18.500
18.800
18.930
18.880
19.000
18.400
17.140
16.600
18.400
18.260
18.670
18.000
17.100
17.480
17.400
16.800
16.200
16.200
15.600
15.300
15.450
15.600
15.530
15.500
15.300
15.420
14.500
14.550
14.500
13.420
13.500
16.370
16.020
15.870
15.380
14.250
13.800
14.020
16.370
17.700
16.300
15.200
16.110
16.100
18.750
21.130
23.500
22.520
26.500
24.500
23.390
22.590
23.070
24.270
22.810
22.250
21.100
22.300
20.800
19.750
20.000
20.980
20.060
19.000
22.780
24.700
24.060
23.180
22.060
21.750
19.760
18.500
21.080
19.160
21.240
20.600
23.710
25.580
23.170
28.340
29.110
33.010
32.890
35.000
38.200
40.900
39.530
41.410
42.980
39.770
39.740
37.000
33.100
34.720
33.350
32.990
33.600
31.290
27.390
26.700
29.900
27.910
27.370
27.250
28.600
26.800
28.200
26.300
24.200
23.850
23.950
22.800
22.800
22.010
21.450
21.200
21.650
22.300
21.890
22.150
21.850
22.870
23.700
22.610
20.550
18.680
17.520
17.610
17.680
17.350
16.750
17.040
16.740
17.050
17.770
17.890
17.190
16.330
16.000
17.000
17.500
17.250
18.010
18.220
18.380
18.010
17.580
16.540
17.960
17.920
18.850
19.190
19.500
18.220
18.400
18.540
18.680
18.770
18.450
18.230
17.990
18.070
17.810
17.800
17.780
18.090
18.780
18.400
18.300
17.720
18.150
17.440
17.330
17.480
17.470
17.640
17.610
17.250
17.010
16.500
16.450
16.880
17.500
17.120
17.320
17.010
16.900
16.690
16.650
16.390
16.700
16.580
16.870
17.300
17.300
16.650
16.900
16.800
16.650
16.630
16.510
16.300
16.380
16.140
16.140
16.550
16.380
16.310
16.380
16.160
16.050
16.250
16.250
16.110
15.610
15.450
15.550
15.510
15.700
15.630
16.030
15.900
16.010
16.090
15.600
16.180
16.590
15.550
