20.020
19.640
19.850
18.740
18.600
18.800
18.540
18.780
18.900
18.650
18.340
18.300
18.600
18.240
18.170
18.920
17.840
16.220
15.820
16.330
16.300
16.520
16.080
15.970
16.060
15.510
15.900
15.810
15.750
15.700
15.520
16.620
17.190
17.230
17.540
17.270
17.040
17.200
17.220
18.070
18.800
18.800
19.400
19.730
19.860
20.140
20.020
19.680
19.510
19.500
19.110
19.880
19.840
19.880
20.610
20.660
21.650
22.100
22.000
22.320
22.200
22.560
22.810
22.930
22.780
22.810
22.960
22.740
22.820
22.870
22.780
22.740
23.170
23.100
22.910
23.170
22.900
23.440
23.290
23.510
23.650
24.000
24.040
24.130
23.600
23.650
24.030
24.280
24.270
24.000
23.870
23.500
23.650
23.680
23.350
22.980
22.930
22.860
23.020
22.970
23.200
23.240
22.660
22.910
22.780
22.940
22.940
22.880
22.890
23.100
22.640
22.270
22.710
22.130
22.060
23.850
24.800
24.690
24.770
24.880
25.200
25.790
25.260
25.060
24.650
24.830
25.070
25.370
25.280
25.430
25.970
26.180
25.900
25.740
25.920
25.630
25.400
25.880
25.630
27.590
27.450
28.280
27.150
27.010
27.780
28.750
28.950
28.960
29.680
29.160
29.550
30.040
30.440
30.400
30.250
30.240
30.860
30.760
30.970
31.870
29.780
29.600
30.360
30.270
31.190
31.330
30.920
33.800
33.600
33.440
35.870
35.180
31.980
66.130
64.800
61.900
60.700
63.080
62.240
61.780
62.400
62.480
61.300
61.200
62.080
61.800
59.780
61.550
58.720
58.490
58.490
58.720
58.230
58.150
57.910
60.000
62.750
62.010
63.010
61.640
61.770
62.540
65.000
64.320
64.010
64.300
65.720
64.320
63.700
64.950
67.950
64.680
64.900
59.000
58.820
56.790
56.300
57.700
58.350
57.220
56.730
57.610
57.410
57.110
55.900
57.000
57.000
56.300
60.600
59.950
62.240
62.960
63.150
64.010
64.700
63.960
62.360
62.150
62.060
62.380
62.010
62.050
63.470
63.220
63.880
62.550
63.680
65.080
62.950
58.230
57.010
59.240
56.400
51.270
51.670
51.870
52.010
53.190
51.760
51.100
56.180
56.710
56.920
57.820
56.500
56.900
57.180
51.980
52.890
53.290
53.720
54.070
55.360
54.680
54.360
54.000
57.300
57.700
57.700
57.600
54.510
56.230
54.320
56.800
62.290
61.970
56.340
54.830
56.000
58.230
57.500
59.710
61.900
61.540
61.850
65.960
66.850
70.210
68.310
69.500
68.250
70.890
71.000
69.260
68.500
69.300
72.180
72.490
65.900
68.380
65.000
62.600
60.590
61.700
66.200
61.830
61.970
64.990
71.720
65.200
67.110
71.480
64.980
59.070
59.510
62.460
68.900
72.030
65.480
59.530
54.120
49.200
49.710
46.430
42.210
43.230
45.980
48.610
46.480
50.800
52.290
53.970
51.720
53.890
48.990
45.400
42.590
43.990
44.880
40.800
45.320
46.500
51.490
49.530
55.030
61.140
57.900
56.210
55.250
52.330
50.500
46.800
50.400
56.000
56.380
51.250
46.590
42.350
47.060
52.290
58.100
64.560
71.730
79.700
74.520
82.800
92.000
101.040
91.850
95.610
103.000
97.100
90.880
97.210
101.000
106.080
96.440
92.990
91.730
101.920
106.400
109.990
99.990
103.600
98.960
104.300
115.890
114.800
119.000
125.720
114.290
103.900
94.450
85.860
78.050
70.950
64.500
58.640
53.310
48.460
48.050
43.680
42.410
47.000
48.000
47.500
50.000
51.180
46.530
42.300
38.450
34.950
31.770
32.680
29.710
29.710
27.010
24.550
22.320
20.290
21.490
21.050
20.330
20.850
18.950
19.300
18.680
16.980
15.440
15.290
14.200
13.240
12.980
12.770
12.960
13.050
13.220
13.030
12.810
13.320
12.870
12.680
12.380
11.720
11.720
13.000
13.320
13.670
13.610
13.900
12.800
12.180
12.140
11.600
12.650
12.230
12.670
12.600
11.780
11.620
11.930
12.080
11.880
12.050
12.050
11.950
11.760
11.800
11.720
11.550
11.250
11.240
11.350
11.170
11.890
11.850
11.830
11.790
11.880
11.910
11.690
11.890
11.730
11.500
11.180
11.930
13.260
13.290
13.420
12.930
12.750
13.510
13.480
12.250
11.140
11.160
11.360
11.510
11.220
10.640
10.410
10.220
10.340
10.190
9.950
9.870
9.860
9.710
9.650
10.050
10.000
9.870
10.020
9.730
9.700
9.540
9.440
9.490
9.360
9.270
9.130
8.900
8.810
9.130
9.230
9.200
9.130
9.200
9.200
9.090
8.870
8.790
8.840
8.810
8.710
8.660
8.760
8.690
8.630
8.490
8.670
8.600
8.560
8.520
8.470
8.320
8.400
8.560
8.340
8.320
8.390
8.390
8.340
8.450
8.390
8.380
8.030
8.030
