6.380
6.350
6.400
6.330
6.280
6.280
6.370
6.350
6.340
6.270
6.680
6.780
6.800
6.760
6.820
6.600
6.550
6.520
6.660
6.590
6.680
6.450
6.300
6.180
6.050
6.190
6.230
6.200
5.980
5.880
6.290
6.320
6.320
6.330
6.320
6.190
6.060
6.160
6.540
6.700
7.100
7.320
7.750
8.220
7.940
7.870
7.850
7.920
7.910
8.050
8.130
8.050
8.030
8.410
8.800
8.910
8.770
8.760
8.800
8.940
8.770
8.810
8.650
8.650
8.900
9.050
8.940
9.110
8.830
8.940
8.800
8.950
8.990
8.860
8.710
8.600
8.530
8.380
8.420
8.550
8.660
8.700
8.470
8.340
8.360
8.250
8.200
8.170
8.100
8.070
8.020
7.990
7.990
8.260
8.140
8.230
8.260
8.360
8.500
8.400
8.370
8.450
8.240
8.340
8.400
8.390
8.300
8.340
8.250
8.380
8.220
8.140
8.010
8.600
8.850
8.740
8.740
8.760
8.850
9.050
9.110
9.190
9.150
9.040
8.860
8.750
8.730
8.830
8.850
8.990
9.020
8.930
8.970
8.770
8.520
8.350
8.390
9.360
9.100
9.020
9.000
9.040
9.180
9.300
9.230
9.150
9.200
9.370
9.470
9.470
9.380
9.350
9.270
9.180
9.150
9.240
9.310
8.900
9.240
8.650
8.690
8.800
8.680
8.780
8.780
9.280
9.150
9.260
9.440
8.980
8.940
8.780
9.050
9.080
9.160
9.350
9.060
9.290
8.830
9.660
9.030
8.510
7.960
7.860
7.830
7.300
7.450
7.460
7.430
7.350
7.440
7.220
7.320
7.180
7.370
7.490
7.650
7.970
7.880
7.950
7.810
7.810
7.570
7.480
7.530
7.650
7.660
7.650
7.770
7.900
7.990
7.820
7.720
7.650
7.630
7.670
7.650
7.750
7.270
7.190
7.450
7.330
7.510
7.620
8.020
8.370
8.580
8.200
8.460
9.020
9.370
9.610
9.720
9.700
9.640
9.450
9.500
8.860
8.760
8.630
9.030
8.800
8.390
8.510
8.830
9.290
10.180
9.990
9.480
9.920
10.880
11.020
11.730
12.930
12.900
12.610
12.460
13.120
13.450
13.300
13.630
13.200
13.400
14.500
14.450
14.410
13.450
13.110
12.990
12.970
13.300
12.500
12.420
11.530
11.480
11.420
11.340
11.000
11.400
11.620
11.480
11.820
11.400
11.580
11.600
11.110
10.780
11.100
11.080
11.000
10.700
10.430
10.330
10.580
10.300
10.860
10.760
10.180
9.930
10.940
11.560
12.510
12.890
12.790
12.200
11.840
12.250
11.880
11.000
10.140
11.320
11.310
10.900
10.400
10.600
9.460
11.400
12.300
13.180
13.500
13.400
13.500
13.610
12.220
11.710
12.280
11.500
13.650
14.450
14.860
16.100
16.900
17.160
16.200
18.650
18.820
18.290
17.300
18.130
17.890
17.930
18.800
19.100
18.480
17.980
17.710
18.000
16.070
15.290
15.510
15.400
16.130
16.290
15.680
14.840
14.660
14.850
16.050
14.970
16.300
16.200
14.100
13.800
14.600
13.890
13.800
12.800
12.830
11.060
10.960
11.210
10.900
10.710
9.780
9.900
9.820
9.640
9.130
9.190
9.740
9.600
10.300
9.850
10.900
11.020
10.610
10.680
10.680
10.050
9.660
9.480
9.260
9.180
9.170
10.190
11.470
11.280
11.550
11.930
11.130
10.240
9.380
9.130
8.920
9.900
9.800
9.830
10.000
10.010
9.500
9.500
9.420
9.500
9.570
9.500
8.750
9.300
8.910
8.700
8.790
8.000
8.040
7.920
8.100
8.030
7.720
7.640
7.750
7.670
7.340
7.210
7.030
6.720
6.430
6.390
6.300
6.470
6.500
6.840
6.700
6.780
6.880
6.520
6.590
6.500
6.420
6.650
6.530
6.050
5.730
5.920
5.950
5.890
5.780
5.650
5.850
5.970
5.940
5.990
5.790
5.670
5.550
5.750
6.000
6.030
5.950
5.550
5.680
6.190
6.530
6.640
6.910
6.980
6.910
6.930
6.600
6.350
6.960
7.240
7.600
7.520
7.800
7.830
9.200
8.400
8.210
8.280
8.200
7.730
7.430
7.260
7.350
6.980
6.780
6.940
6.990
6.830
7.140
7.290
7.440
7.360
6.960
6.780
6.830
6.550
6.480
6.500
6.070
5.850
5.500
5.910
5.950
6.070
5.970
6.140
6.210
6.250
6.200
6.310
6.330
6.430
6.170
6.130
6.080
6.100
6.260
6.120
6.020
6.000
6.140
6.350
5.670
5.800
5.850
5.730
5.560
5.510
5.320
5.280
5.290
5.210
5.070
5.000
4.910
5.000
5.160
5.050
5.270
5.300
5.010
4.960
5.020
4.890
4.740
4.750
4.740
4.700
4.650
4.620
4.740
4.760
4.700
4.630
4.770
4.610
4.560
4.590
4.450
4.470
4.440
4.560
4.550
4.420
4.230
4.280
4.280
4.280
4.230
4.170
4.150
4.300
4.350
