29801.53
24837.07
27938.97
42082.42
23003.01
27910.69
34060.69
26213.84
28434.71
31817.53
46651.06
54493.70
50591.48
76827.49
41393.23
31924.81
22896.36
30272.18
17097.00
26207.87
23768.72
29516.94
15210.52
21280.07
23679.28
21957.48
19812.88
17764.02
20466.78
20903.79
24878.37
22219.47
25475.74
36249.18
46686.62
34154.08
42740.01
68003.03
36505.97
33236.25
35911.83
62607.80
57762.48
45599.60
32208.53
54633.38
33123.97
50193.61
18433.89
19356.00
30179.33
17043.38
25563.19
28671.66
22144.39
32950.26
29416.99
32334.34
40595.47
46865.14
39621.40
35820.24
42163.60
66918.73
41560.10
46718.11
36139.56
26363.80
31715.82
48231.99
46242.39
47707.76
25051.16
33111.94
56965.24
40434.94
29124.06
39692.49
43187.58
42288.12
81470.10
140736.77
41162.70
29429.33
41909.87
34778.83
36987.74
25744.71
45775.47
76231.52
46156.03
43550.60
49711.01
85523.56
109979.15
38282.25
37401.00
38694.02
49295.06
61957.59
56203.97
47578.58
41223.78
51700.36
33093.11
1.00
54619.78
109599.77
145203.55
107760.62
65651.91
81731.73
78462.36
57811.64
96954.04
51339.50
62593.26
112134.51
78338.68
70214.80
108394.87
68467.79
63750.59
66428.29
76308.72
136949.11
142752.09
221657.80
111590.37
138635.31
113093.45
181020.89
182818.55
222842.30
189827.12
210004.47
357221.09
232817.89
216020.84
258600.67
353353.00
295789.25
303809.22
57418.98
21441.62
27304.82
22509.20
40671.25
34024.62
53995.62
88908.53
31277.79
17992.38
33879.67
34093.20
25732.69
24849.62
34371.96
44947.63
48056.40
29399.38
41652.71
98798.75
34736.77
41242.95
41883.62
57311.71
73333.53
29924.89
34106.68
32834.64
36367.82
36524.29
39100.13
71023.23
61828.67
34020.59
46537.38
40870.75
70798.55
89486.50
56561.76
64708.48
42272.31
53049.79
51768.69
49560.73
42503.98
52713.25
66534.16
96332.86
72091.08
63508.54
63042.62
78846.64
104899.04
118450.01
131232.17
240693.03
7416.00
43724.34
53244.74
56617.76
66471.17
88963.95
102345.04
102841.57
156148.48
71069.75
52970.27
45750.21
72960.24
42196.88
46199.78
74399.01
90551.20
59539.48
79110.29
64534.73
42592.37
49922.74
61152.73
49467.31
43395.88
56622.77
85475.42
123248.55
54551.73
73216.29
70174.98
91100.23
108311.97
88227.96
97003.48
123224.29
146247.45
186203.67
163381.30
245354.89
110025.98
135874.84
236058.67
222777.42
211849.70
98145.90
91373.09
93292.27
103563.02
74883.69
76617.31
102457.08
153010.91
227989.94
230260.62
104601.07
114075.74
102828.63
115372.35
127413.28
147739.39
162597.12
115198.21
127399.25
150900.36
251427.89
194464.06
122819.14
123359.92
131945.45
120298.27
128627.88
146116.23
121601.11
155662.66
194840.58
208173.84
125597.60
138543.52
153384.70
219853.62
267984.72
174276.05
184147.66
227750.72
145751.59
131894.05
158699.97
115209.02
232263.86
46353.70
244055.62
11568.00
8891.00
142739.55
120437.41
148786.77
184514.39
183548.14
170336.00
145210.16
158520.64
166722.09
260196.73
230542.83
266949.00
193829.03
220233.52
199868.62
268341.19
174913.00
250774.44
260505.70
245043.50
284426.84
323936.97
498714.47
364374.47
462052.94
418813.28
340834.59
272260.66
490409.44
443629.78
333955.34
260017.38
425622.09
283560.03
398872.84
340065.78
438707.78
463894.28
424252.88
437648.00
498288.22
778029.38
46881.32
11993.81
124081.28
20242.93
6043.42
2763.74
3349.36
5795.98
1643.02
936.58
887.56
8854.34
170864.56
102997.26
44340.59
39701.20
38680.19
40509.40
65026.40
71651.19
48219.71
42005.03
52829.46
92793.45
68545.33
49736.22
71880.68
99371.94
44336.79
89643.22
60511.33
81802.44
173457.20
130705.85
226292.30
60793.25
50784.23
34952.41
41099.71
38377.27
32281.55
49120.36
58902.89
47969.97
66381.88
104688.88
82973.83
64305.88
61988.53
63344.45
36526.50
37625.69
64966.62
46077.17
37628.38
37114.15
28431.20
31703.04
41911.50
40636.00
36771.86
34784.36
46834.14
104220.53
142565.66
30574.08
31647.08
22566.08
20871.27
27695.32
34485.77
35952.39
22796.97
27155.97
37512.03
28651.31
35343.81
43262.18
38244.98
45557.22
30592.57
15930.85
20982.01
31180.06
24445.01
36693.60
22511.44
46759.88
107072.98
43281.40
33546.85
28593.74
24798.58
33723.08
26010.77
