4.360
4.350
4.340
4.320
4.320
4.320
4.350
4.360
4.340
4.350
4.490
4.500
4.500
4.480
4.460
4.450
4.430
4.490
4.440
4.490
4.530
4.510
4.450
4.490
4.470
4.510
4.630
4.360
4.430
4.220
4.350
4.450
4.520
4.540
4.620
4.520
4.450
4.500
4.430
4.640
4.640
4.790
4.930
4.900
4.820
4.950
4.750
4.740
4.770
4.780
4.890
5.060
5.180
5.260
5.440
5.600
6.120
5.560
5.070
5.060
5.070
5.090
5.060
5.100
5.130
4.970
5.030
5.040
5.020
5.040
5.040
5.070
5.090
5.090
5.140
5.110
5.090
5.110
5.090
5.110
5.170
5.200
5.180
5.190
5.170
5.210
5.260
5.210
5.220
5.260
5.270
5.270
5.270
5.250
5.210
5.230
5.240
5.260
5.260
5.240
5.240
5.330
5.130
5.120
5.040
5.030
5.050
5.100
5.070
5.080
5.040
5.010
5.030
5.050
5.100
5.180
5.260
5.320
5.330
5.310
5.310
5.330
5.310
5.280
5.260
5.270
5.310
5.330
5.270
5.330
5.350
5.350
5.270
5.330
5.330
5.340
5.320
5.330
5.460
5.490
5.530
5.510
5.510
5.590
5.820
5.840
5.770
5.800
5.850
5.820
5.810
5.860
5.820
5.920
5.760
5.800
5.800
5.830
5.770
5.730
5.670
5.590
5.630
5.550
5.590
5.630
5.640
5.650
5.680
5.720
5.680
5.630
5.640
5.650
5.680
5.650
5.710
5.740
5.780
5.690
5.780
5.540
5.480
5.500
5.520
5.520
5.470
5.540
5.580
5.550
5.520
5.460
5.420
5.420
5.590
5.800
5.880
5.830
5.830
5.710
5.740
5.740
5.790
5.780
5.830
5.880
5.940
6.110
6.260
6.220
5.760
5.800
5.580
5.590
5.650
5.410
5.380
5.370
5.380
5.360
5.340
5.340
5.350
5.280
5.350
5.410
5.440
5.690
5.680
5.650
5.560
5.570
5.570
5.560
5.650
5.680
5.660
5.730
5.540
5.630
5.550
5.510
5.560
5.580
5.620
5.540
5.360
5.390
5.290
5.240
5.330
5.370
5.360
5.450
5.430
5.530
5.430
5.380
5.240
5.360
5.480
5.570
5.450
5.530
5.640
5.490
5.350
5.250
5.190
5.150
5.340
5.550
5.230
4.760
4.790
4.800
4.870
4.810
4.830
4.830
4.930
4.940
5.090
5.360
5.360
5.340
5.350
5.230
5.260
5.340
5.330
5.230
5.260
5.360
5.700
5.730
5.790
5.830
5.820
5.880
5.730
5.780
5.620
5.870
5.930
5.750
5.580
5.610
5.540
5.500
5.670
5.610
5.680
5.780
5.610
5.670
5.520
5.290
5.260
5.290
5.390
5.150
5.240
5.330
5.430
5.470
5.530
5.740
5.450
4.980
5.180
5.240
5.740
5.560
5.600
5.620
5.530
5.670
5.580
5.410
5.190
5.420
5.330
5.210
5.070
4.970
5.020
5.090
5.350
5.840
5.980
5.950
6.070
6.030
6.000
5.850
6.060
6.110
6.260
6.180
6.410
6.500
6.880
6.990
7.110
7.920
8.110
8.150
8.080
8.490
8.450
8.690
8.630
8.580
8.380
8.420
8.220
8.160
8.120
8.060
8.000
8.130
8.290
8.230
8.180
8.220
8.300
8.190
8.250
8.090
8.960
9.160
8.830
8.780
8.880
8.540
8.490
8.550
8.560
8.420
8.470
8.840
8.860
8.650
8.800
8.590
8.630
8.350
7.870
8.050
8.370
8.160
8.270
8.210
8.300
8.220
8.050
8.430
8.420
8.340
8.050
7.960
7.840
7.740
7.890
7.500
6.960
6.570
6.590
6.670
6.760
7.020
7.030
6.960
7.150
7.000
6.730
7.070
6.590
6.430
7.360
7.410
7.280
7.760
7.050
6.770
6.990
7.550
7.470
7.590
7.040
7.150
6.970
8.000
8.960
9.960
10.340
11.070
11.350
10.320
9.500
9.240
9.460
9.230
8.760
8.750
8.870
8.960
8.190
8.090
8.740
8.660
8.330
9.190
9.790
9.980
9.330
9.350
9.380
9.360
9.150
9.170
9.940
9.210
8.370
7.610
7.110
7.080
8.330
8.570
9.400
10.510
10.530
11.290
11.700
13.380
13.470
13.180
14.190
15.500
15.800
15.450
16.940
17.310
16.300
15.680
14.820
15.230
15.750
14.780
14.360
14.430
13.850
13.630
15.060
15.810
16.290
15.540
15.200
14.330
14.500
14.000
13.860
14.170
15.820
14.380
13.170
12.970
11.970
12.060
12.690
14.350
13.650
12.410
11.280
10.250
9.320
8.470
7.700
7.000
6.360
5.780
5.250
4.850
4.690
4.340
4.380
4.290
4.090
4.090
4.110
4.120
4.090
4.050
4.100
4.090
4.230
4.200
4.280
4.270
4.300
4.260
4.290
4.240
4.240
4.250
4.110
4.030
4.050
4.130
4.220
4.220
4.240
4.230
4.340
4.450
4.480
4.300
4.260
4.190
4.160
4.060
4.080
4.040
3.950
3.930
3.880
3.990
4.030
4.070
4.070
4.210
4.120
4.070
4.100
3.970
3.990
4.010
4.000
4.010
3.960
3.920
3.860
3.920
3.960
3.930
3.970
4.010
4.070
4.080
4.150
4.200
4.180
4.020
3.670
3.640
3.620
3.600
3.770
3.590
3.550
3.470
3.500
3.530
3.550
3.560
3.490
3.450
3.520
3.450
3.600
3.380
3.380
3.330
3.340
3.360
3.260
3.220
3.200
3.250
3.270
