-0.020
0.040
-0.040
0.030
0.020
0.030
-0.080
0.030
0.060
0.000
-0.110
0.030
-0.020
-0.070
0.170
0.100
0.010
0.060
-0.120
0.000
0.010
0.090
0.030
0.020
0.110
-0.200
0.050
0.020
0.090
0.000
-0.170
-0.130
0.010
-0.040
-0.020
0.140
0.000
-0.040
-0.080
-0.120
0.080
-0.170
-0.120
-0.040
0.000
-0.060
0.050
0.010
-0.010
0.060
-0.340
-0.190
0.030
-0.200
-0.190
0.150
-0.190
-0.100
0.550
-0.030
0.030
-0.070
0.000
0.120
-0.100
-0.150
0.040
-0.080
0.020
0.180
0.070
-0.070
0.060
0.060
-0.150
0.050
0.000
0.030
0.000
0.010
-0.060
-0.060
0.030
0.030
0.000
-0.100
-0.050
0.080
-0.090
-0.120
-0.180
0.070
-0.010
-0.130
0.340
0.520
0.010
-0.050
0.040
0.050
0.050
0.010
0.010
0.030
-0.020
0.000
0.000
0.010
-0.030
0.030
0.060
-0.020
-0.030
-0.010
0.010
-0.100
-0.050
-0.150
0.140
0.050
-0.070
0.150
0.020
0.070
0.000
0.000
-0.030
0.000
-0.060
-0.040
-0.020
0.040
-0.010
0.070
0.050
0.050
-0.030
0.020
-0.160
0.040
-0.040
0.030
0.020
0.000
-0.090
0.050
-0.010
-0.140
0.000
-0.020
-0.050
-0.030
0.050
0.020
-0.040
-0.020
-0.010
0.050
0.000
0.040
0.070
-0.050
0.060
-0.080
-0.070
-0.020
0.000
0.070
-0.010
0.080
0.000
0.010
-0.010
-0.010
0.000
0.090
-0.030
-0.020
0.050
-0.030
0.030
0.100
0.080
-0.060
0.040
0.070
-0.200
-0.140
0.000
0.010
-0.040
0.030
-0.220
0.190
0.280
-0.010
0.010
0.070
0.090
0.010
0.010
-0.080
0.010
0.000
0.040
0.000
-0.090
-0.060
0.040
-0.020
0.040
0.050
0.050
-0.010
0.040
0.010
-0.040
0.080
0.010
0.130
-0.020
-0.010
0.080
0.040
-0.080
-0.070
0.050
-0.230
0.020
-0.010
-0.020
0.100
0.000
0.030
-0.050
0.000
0.000
0.060
0.030
0.000
-0.020
0.020
0.000
0.010
0.060
0.020
0.000
-0.020
0.110
0.050
-0.060
-0.050
0.040
-0.020
-0.020
0.030
-0.030
0.060
0.000
-0.280
0.230
-0.030
0.010
0.010
0.020
0.020
0.140
-0.080
-0.080
0.170
0.000
-0.040
0.030
0.030
0.000
-0.160
-0.030
0.080
-0.020
-0.070
0.010
0.010
-0.190
-0.220
0.010
0.070
0.120
-0.030
-0.030
0.010
0.070
-0.040
0.050
-0.020
-0.240
-0.030
-0.060
-0.010
0.070
0.080
-0.040
0.080
-0.020
-0.150
0.110
0.110
-0.040
0.060
0.120
-0.160
-0.170
0.070
0.060
0.110
0.060
0.070
0.130
0.100
-0.090
-0.030
0.120
0.020
-0.060
-0.120
-0.040
0.090
-0.140
-0.010
0.280
0.120
-0.270
0.030
-0.490
0.180
-0.040
0.140
0.050
0.040
0.000
0.240
-0.040
-0.030
0.040
0.020
0.130
-0.060
0.160
-0.210
-0.050
-0.470
0.080
0.030
-0.130
0.040
0.190
0.040
-0.290
0.130
-0.190
-0.040
-0.460
0.110
-0.480
0.110
-0.160
-0.610
-0.160
0.000
0.120
-0.100
0.070
-0.100
-0.120
0.070
0.220
-0.050
0.180
0.000
0.020
0.120
0.050
-0.130
-0.220
0.220
-0.010
-0.170
0.260
0.000
0.020
-0.060
-0.620
-0.210
0.180
0.020
0.030
0.020
0.090
-0.280
0.100
0.160
-0.220
-0.010
-0.120
0.000
-0.360
0.670
0.610
0.560
-0.050
-0.220
-0.040
0.060
0.010
-0.070
0.050
0.140
0.070
-0.610
-0.080
0.190
0.060
0.550
-0.200
0.120
0.260
0.020
0.160
0.050
0.000
-0.130
0.060
-0.160
0.150
-0.210
0.040
0.110
-0.310
-0.580
0.390
-0.640
0.400
0.000
0.440
-0.510
-0.100
0.020
0.430
-0.300
-0.670
-0.250
0.320
0.220
0.030
0.270
0.490
0.260
-0.440
0.530
0.480
-0.530
-0.590
-0.660
-0.730
-0.810
0.390
-0.860
-0.960
-0.620
0.210
-0.210
-1.130
0.110
0.050
-0.930
0.200
0.800
-0.120
-0.120
0.330
-0.280
-0.020
-0.260
-0.250
0.240
1.050
-0.370
-1.210
0.540
1.050
0.000
0.000
0.160
-0.110
0.660
0.890
0.180
0.790
0.330
-0.170
0.600
0.310
-0.240
0.070
-0.760
0.010
0.450
0.780
-0.710
-0.270
0.080
0.390
0.530
0.300
-0.110
-0.090
0.290
-0.810
0.040
-0.140
0.330
-0.540
0.230
1.070
0.910
0.350
0.570
0.110
0.360
0.080
-0.270
0.190
0.350
0.150
-0.030
-0.020
0.030
-0.140
0.200
0.170
-0.060
0.330
0.200
0.220
-0.110
0.240
0.040
-0.120
0.160
-0.030
0.270
0.040
0.040
0.010
0.060
0.170
0.040
0.090
-0.020
0.020
-0.310
0.070
-0.100
0.130
-0.120
-0.040
-0.080
-0.080
-0.170
0.640
-0.100
0.110
0.170
0.170
-0.160
0.090
0.070
-0.070
0.070
-0.220
-0.160
-0.010
0.080
0.150
0.060
0.000
-0.370
-0.310
0.080
0.130
0.130
-0.130
-0.510
-0.150
-0.130
-0.150
-0.160
0.180
-0.140
-0.060
0.440
-0.520
0.500
0.170
0.090
-0.030
0.130
-0.200
-0.160
0.000
0.070
-0.030
0.070
-0.050
-0.010
-0.190
0.370
0.140
-0.210
0.110
0.120
-0.450
0.180
-0.240
0.060
-0.220
-0.470
0.320
0.140
-0.160
0.530
0.060
-0.140
0.200
-0.040
-0.060
0.070
0.500
-0.030
-0.120
-0.040
-0.060
-0.080
0.040
-0.030
0.020
-0.040
0.330
0.270
-0.120
-0.080
0.600
0.190
0.030
0.000
0.100
-0.360
0.040
0.010
0.080
0.020
-0.140
-0.120
0.270
0.030
0.310
0.130
0.090
-0.230
0.040
-0.110
-0.150
-0.130
-0.150
0.190
0.010
-0.030
0.160
-0.140
0.060
0.010
0.040
0.020
-0.210
-0.180
-0.160
0.140
0.020
0.070
0.010
0.100
0.040
0.230
0.520
0.470
0.430
0.000
-0.010
0.060
-0.030
-0.010
0.070
0.020
0.010
-0.030
0.060
