7.590
7.460
7.530
7.510
7.500
7.460
7.490
7.500
7.370
7.310
7.550
7.510
7.450
7.480
7.500
7.330
7.310
7.230
7.260
7.300
7.260
7.150
7.100
7.120
6.950
7.160
7.360
7.250
7.180
7.090
7.370
7.720
7.710
7.580
7.660
7.450
7.380
7.410
7.550
7.990
8.010
8.040
8.140
8.080
8.090
8.160
8.090
8.000
7.680
7.600
8.090
8.610
8.850
9.100
9.370
9.270
9.300
9.210
9.300
9.430
9.400
9.300
9.430
9.300
9.180
9.720
10.020
10.090
9.980
10.170
10.150
10.230
10.140
9.860
10.130
9.960
9.810
9.860
9.710
9.940
9.740
10.000
9.110
9.100
9.120
9.290
9.360
9.250
9.390
9.500
9.770
9.440
9.420
9.340
9.460
9.270
9.430
9.520
9.420
9.450
9.400
9.280
9.110
9.050
8.990
8.990
8.960
9.200
9.300
9.280
8.910
9.080
9.150
8.800
9.280
10.000
10.390
10.410
10.700
10.550
10.690
10.600
10.250
10.100
10.030
10.300
10.250
9.930
9.960
10.440
10.110
10.040
10.040
9.910
9.950
9.800
8.930
8.800
9.560
9.650
9.610
9.500
9.290
9.250
9.900
9.600
9.510
9.760
9.940
9.890
10.420
10.900
11.140
10.720
10.750
10.680
10.900
10.710
11.230
11.420
11.250
10.920
11.100
11.100
11.770
10.700
10.700
9.570
9.400
10.170
9.000
9.070
9.220
9.420
9.590
9.170
9.160
9.100
9.260
9.380
9.200
8.950
7.950
7.950
7.960
8.070
8.100
8.240
7.950
7.880
7.860
7.860
7.520
7.440
7.500
7.770
7.600
7.580
7.490
7.500
7.420
7.420
7.410
7.440
7.380
7.350
7.370
7.430
7.320
7.410
7.490
7.390
7.370
7.380
7.250
7.210
7.290
7.340
7.300
7.260
7.290
7.140
7.050
6.990
7.170
7.200
7.170
7.470
7.400
7.380
7.440
7.470
7.510
7.390
7.330
7.420
7.440
7.450
7.350
7.370
7.380
7.390
7.330
7.290
7.140
7.230
7.230
7.240
7.130
6.970
7.120
7.140
7.050
7.280
7.300
6.910
7.000
6.830
6.840
7.120
7.170
7.160
7.170
7.160
7.100
7.090
6.860
6.930
6.880
6.960
6.980
7.010
6.900
6.800
6.840
6.950
7.010
6.880
6.910
6.880
6.960
6.890
7.270
7.650
7.610
7.610
7.460
7.380
7.520
7.530
7.490
7.590
7.550
7.570
8.040
7.920
8.000
8.110
8.060
7.970
7.890
7.800
7.750
8.140
7.900
7.750
7.800
7.840
7.650
7.720
7.790
7.670
7.800
7.820
7.880
7.850
7.590
7.460
7.470
7.500
7.330
7.180
7.360
7.450
7.690
7.420
7.520
7.700
7.100
6.890
7.230
7.100
7.770
7.740
7.820
7.600
7.340
7.490
7.350
7.120
6.900
7.280
7.160
6.950
6.730
6.730
6.450
6.670
6.780
7.160
7.180
7.100
7.240
7.440
7.180
6.960
7.290
6.890
7.260
7.200
7.790
8.010
8.520
8.480
8.310
9.670
9.910
9.750
9.590
10.040
9.900
9.720
9.950
9.730
9.530
9.650
9.470
9.390
9.350
9.050
9.310
9.490
9.620
9.880
9.890
9.910
9.510
9.650
9.590
9.570
10.320
10.940
10.430
10.580
10.390
10.070
10.020
9.970
9.970
9.510
9.900
10.180
10.000
9.870
9.700
9.710
9.600
9.170
9.120
9.110
9.580
9.650
9.720
9.680
9.800
9.130
8.700
9.640
9.440
9.490
9.550
9.210
8.950
8.870
8.620
8.400
8.410
8.230
8.230
8.250
8.350
8.600
8.620
8.600
9.010
8.490
8.580
8.470
7.680
7.490
8.750
8.210
8.340
8.000
7.190
7.010
6.700
7.760
8.040
7.870
7.150
7.440
7.310
8.450
9.600
10.150
9.800
11.500
11.000
11.090
10.370
10.400
10.360
9.800
9.170
8.890
9.350
8.750
9.100
9.290
9.570
9.080
8.760
10.100
10.910
10.430
10.110
9.700
9.600
8.750
8.010
9.200
9.700
9.120
8.110
6.410
7.120
8.020
10.750
9.800
12.000
12.980
11.980
14.360
15.000
17.090
16.400
16.550
18.400
19.440
19.190
18.400
19.070
18.350
17.190
16.640
17.230
16.800
16.250
16.580
17.060
16.290
15.140
15.100
17.700
17.710
16.300
15.780
15.620
14.990
14.750
14.980
14.440
13.810
14.130
14.550
14.300
14.260
13.930
13.710
14.020
14.470
14.510
15.290
15.080
14.600
14.250
12.860
12.970
12.800
12.450
12.980
13.150
12.800
12.990
12.670
12.560
12.050
11.770
12.230
12.180
12.180
12.340
11.880
11.970
11.340
11.210
10.930
10.940
11.200
11.100
11.380
11.450
11.390
11.040
10.850
10.750
10.790
11.000
10.850
11.010
11.000
10.220
10.290
10.210
10.400
9.840
9.450
9.550
9.440
9.420
9.290
9.110
9.140
9.090
9.020
9.020
9.220
9.500
9.350
9.300
9.200
9.470
9.300
9.320
9.200
9.030
9.230
9.160
9.150
8.840
9.130
9.280
9.200
9.130
8.930
9.180
9.260
9.100
8.910
9.010
8.800
8.900
9.260
9.150
9.170
9.030
8.300
8.230
8.570
8.910
9.100
8.840
8.840
8.840
8.750
8.550
7.750
8.210
8.170
8.490
8.330
8.180
8.180
8.400
8.530
8.460
8.430
8.410
8.470
8.270
8.100
8.100
8.120
7.950
7.910
8.030
7.880
8.300
8.220
8.290
8.410
8.310
8.250
8.300
8.560
8.460
8.440
8.340
8.260
8.240
8.320
8.520
8.700
8.610
8.510
8.710
8.880
9.150
9.300
9.170
8.690
8.600
8.650
8.250
8.290
8.370
8.240
8.260
8.010
7.930
7.890
7.580
7.870
7.710
7.320
7.410
7.330
7.300
7.270
7.230
7.210
7.130
7.050
6.950
7.070
7.100
7.290
7.420
7.300
7.320
7.380
7.340
7.230
7.180
7.250
7.220
7.300
7.300
7.310
7.500
7.400
7.240
7.170
7.340
7.360
7.210
7.130
7.030
6.990
7.050
6.940
6.810
6.850
6.840
6.870
6.810
6.830
6.910
6.880
6.650
6.720
6.690
