59639.11
46688.00
27049.00
36036.83
51086.91
37160.11
28291.00
36337.18
33248.38
47806.93
54300.30
43920.23
49006.84
37452.52
37572.49
76190.32
39195.81
69765.55
76887.18
154652.73
190132.05
160771.64
35623.77
29714.42
50792.86
66227.74
56968.01
46948.78
74847.56
78703.36
96346.05
40795.55
28684.10
52337.01
39759.00
46151.28
24887.00
32224.00
75291.92
37269.18
42997.45
45446.01
55101.01
44402.64
53061.02
113559.24
49467.24
98936.03
35615.56
47221.07
69311.27
159085.75
93551.51
88026.38
70119.96
75991.45
132107.05
58075.00
95015.54
116399.11
121348.69
104879.67
63853.26
87982.25
87149.96
176195.36
106027.96
110862.09
110789.11
186439.69
173120.12
111785.05
85417.06
85335.88
131351.91
156536.81
87147.00
89658.18
138115.17
120571.17
139987.02
157617.59
264817.59
104405.93
126427.18
257035.31
211210.52
162519.05
169539.48
254893.23
290899.56
378728.41
301111.62
380543.47
538814.50
699634.38
1022773.50
1091125.62
757398.38
159216.59
132571.91
118617.03
102873.90
101821.08
70826.53
2.00
145883.30
76064.59
81677.57
83358.57
109410.64
91534.73
110113.32
146805.06
241517.23
204663.00
164296.95
227189.06
361620.38
248369.30
403994.31
281977.69
382383.19
480057.88
618907.38
397092.28
395254.09
114760.60
174820.77
173367.84
120461.54
168966.80
313941.00
222184.41
424339.59
675275.38
153282.94
72642.01
135134.27
50883.00
64535.48
73658.26
54936.95
55418.82
71793.39
90037.62
84336.74
112758.36
81613.14
147418.86
146712.78
142723.52
195576.38
84189.69
81834.55
107337.34
138280.52
147832.06
102711.63
169239.59
150908.30
272702.19
191750.27
134152.20
245707.08
234724.56
185125.92
104360.38
98604.42
188229.31
129497.34
129084.10
134765.34
128701.29
103942.85
151127.98
198414.55
214143.89
166809.23
239288.66
338920.84
242847.48
212003.59
241964.73
230488.53
177392.19
123361.93
205849.69
93558.96
122730.36
100981.01
98830.86
215807.91
64404.75
143612.59
156591.30
115079.20
193446.39
129784.24
102587.58
187119.53
77666.23
51462.34
57010.03
97778.13
81488.47
84600.32
88752.73
61839.19
47267.95
77107.63
51613.97
74685.28
70283.17
90076.48
49658.09
42460.83
59705.49
62493.63
48066.43
44623.81
49759.01
54527.72
48702.86
87712.96
47132.30
92238.71
148545.44
79157.64
72318.06
68827.24
59649.83
57062.98
95326.92
202754.20
54863.44
93320.65
79221.00
98852.04
111494.87
77785.99
131758.45
192414.41
246892.98
120028.53
73369.11
61624.41
96838.99
76236.04
60678.71
77745.02
54211.97
53231.14
76985.17
100325.80
66141.01
54959.85
79392.24
67266.52
77119.04
93466.54
70177.87
74117.38
85617.74
91751.60
116772.42
133952.48
54178.08
57260.04
72608.13
111340.40
58969.44
64120.20
63563.28
69379.00
110206.49
83499.82
120357.68
89741.50
131129.48
153798.69
154926.66
243564.09
285977.81
110228.32
120042.37
122902.99
87286.52
167445.94
205324.19
122795.31
101645.10
156171.62
251942.31
385255.75
406246.00
228940.80
164656.66
108244.80
167846.81
88135.95
113187.14
116044.09
115952.16
190451.38
248070.67
109177.92
127714.75
216406.23
89894.72
113660.95
78183.78
107121.24
96983.19
115397.37
126515.32
146753.45
109996.84
122936.89
60969.14
90902.42
47264.55
73365.05
55436.50
87119.67
75897.59
98417.70
108248.57
86243.32
63670.03
81809.83
94575.16
139050.11
83517.24
96820.27
88673.38
46923.99
66961.71
82228.13
91275.82
58934.61
74926.73
71798.50
78042.83
81194.60
51414.25
80438.23
59246.33
99456.82
108258.72
88154.35
119601.20
172765.14
186576.91
106116.01
108775.24
106942.47
113688.01
84778.64
92055.10
135049.55
183274.88
43884.70
150815.55
221701.12
169167.00
170064.59
212816.27
207466.19
355294.72
308017.38
319635.50
229485.27
304212.03
261172.88
368914.19
159393.94
115138.02
121025.19
132527.30
187984.02
234607.88
208254.38
356529.62
388550.31
203222.81
166387.16
112872.46
180640.61
210956.41
226954.75
212464.55
163159.27
199296.91
232347.80
250721.66
202946.06
317186.66
453011.94
390895.91
375400.97
403567.16
333513.78
219349.59
218280.16
323034.25
307229.59
213643.95
137509.84
174504.77
262527.91
271254.88
323422.88
217694.55
187666.27
187796.44
154681.05
261378.73
211999.12
163389.69
206112.16
195539.59
202706.52
198105.17
232753.06
185396.78
123592.53
1961.00
64158.19
102732.30
123963.87
228871.30
297509.75
131174.98
171362.08
127502.94
98784.43
166520.44
174027.55
146549.77
184653.88
222268.66
318019.34
208806.86
168487.34
174582.06
211797.89
353786.22
154057.94
226716.08
173608.73
235084.14
185524.98
220413.80
223310.55
257096.94
338478.84
402759.34
388501.38
401309.84
287379.47
279644.91
439548.41
448682.28
381323.56
226463.66
425280.69
329100.84
304142.22
283702.25
393442.16
496523.09
491585.88
542551.12
1067134.12
1572257.38
14486.00
10895.00
534032.19
237328.84
401589.38
361362.72
425370.59
540028.50
472876.50
329468.75
377221.22
560307.56
495180.94
417957.91
488388.88
465982.62
522611.00
299595.00
237871.12
213763.62
229779.64
222287.77
154809.89
152079.75
168420.78
118428.61
113418.46
121609.73
143818.58
140952.17
160027.95
157303.20
215372.98
249369.66
309498.88
265034.59
214298.94
194122.80
256681.31
171295.02
159209.02
259715.70
177823.56
226004.84
169442.70
235254.44
273444.72
311154.12
217775.77
227515.77
155394.83
168697.73
149123.62
205950.41
144302.66
152676.69
258157.41
168460.30
148298.78
224988.38
205085.14
222148.09
171254.66
140726.05
184591.83
133789.77
132156.50
145969.16
140301.66
105865.98
146395.16
130879.75
136099.98
107522.00
160817.66
72240.17
1654.00
82190.54
111785.31
104500.80
69913.60
73917.09
111314.69
74335.52
100517.61
127272.80
128073.17
101487.02
140470.77
160387.91
257030.69
467551.91
647331.88
151210.44
155380.28
144121.55
130469.42
81896.13
98990.41
82491.61
98268.56
38536.04
57352.69
68543.67
86163.41
112979.74
163794.77
130573.52
138997.38
66140.02
75492.80
84202.47
105988.55
91800.97
105339.05
66908.27
92310.65
102225.99
81092.23
107364.70
108004.41
149413.50
81130.68
107745.24
96026.11
176179.88
177752.02
344435.38
163723.12
254095.94
199432.92
152097.05
114302.57
161109.67
127793.61
121215.80
125327.77
129057.70
264704.09
176723.03
52943.14
76006.61
61375.91
45945.46
47915.70
73439.45
68230.02
75881.59
69814.57
72665.20
104677.98
72806.51
71898.67
86754.20
77777.28
66078.62
46946.46
71104.94
70525.80
70310.65
90887.45
137370.34
139462.69
96011.21
101354.39
75248.43
153451.81
123037.99
129854.33
83561.42
110244.51
89201.64
62165.35
106492.64
120136.23
74989.28
89254.27
98689.29
196603.38
154129.73
213221.12
179821.09
177532.52
221473.91
108779.18
123865.26
83972.16
113456.57
95666.98
77924.02
72981.65
33022.30
61972.04
53300.00
115632.43
91082.50
97602.18
122170.75
138750.59
166755.94
138935.70
81309.22
103165.19
123049.74
160670.84
79892.30
60989.20
88694.81
102973.31
99272.96
134432.50
84271.93
79553.76
69256.42
118771.37
96452.12
63226.52
50315.53
52481.90
51448.76
64286.23
62204.24
73837.39
90129.80
115589.92
109959.93
111420.16
179885.48
120002.08
178587.98
