10.520
10.450
10.600
10.440
10.260
10.300
10.600
10.700
10.530
10.450
9.900
10.000
9.790
9.730
14.800
14.570
14.510
13.930
14.260
14.370
14.440
14.250
14.160
14.200
13.870
14.140
14.250
14.320
14.080
14.020
14.330
14.490
14.540
14.510
14.670
14.420
14.560
14.460
14.560
15.070
14.990
15.110
15.610
15.840
15.960
15.960
16.170
16.090
16.120
16.120
16.460
16.490
16.350
16.990
17.180
18.000
18.440
18.760
18.850
18.600
18.810
18.840
18.800
18.600
18.350
18.660
18.730
18.670
18.980
18.490
18.190
18.410
18.520
18.460
18.740
18.680
18.550
18.620
18.650
18.510
18.710
18.940
19.130
18.870
18.650
18.650
18.600
18.530
18.700
18.790
18.770
18.760
18.590
18.380
18.730
18.530
18.710
18.800
18.970
18.650
18.600
18.620
18.680
18.550
18.550
20.000
18.500
18.360
18.370
18.330
18.110
18.400
18.340
18.160
18.880
19.170
19.690
19.690
19.840
19.410
19.600
19.670
19.560
19.360
19.150
19.060
19.090
19.190
19.400
19.910
19.840
19.830
19.860
19.400
19.460
19.360
19.350
19.210
20.120
19.860
20.090
19.870
19.980
19.810
20.460
20.490
20.570
21.200
21.120
21.010
20.590
21.030
20.810
20.420
20.500
20.570
20.550
20.580
20.110
19.640
19.380
19.430
19.340
19.100
18.970
18.800
19.020
19.410
19.680
19.620
19.610
19.590
19.560
19.190
19.360
19.010
19.290
19.270
19.280
19.130
19.100
18.950
18.700
18.740
18.650
18.360
19.080
19.300
19.330
19.230
19.100
19.410
19.250
19.270
19.610
20.300
20.180
20.430
19.920
19.900
19.910
20.300
20.340
20.270
20.190
20.760
20.930
20.780
20.790
20.800
20.460
20.450
20.470
20.400
19.870
19.610
19.740
19.750
19.600
19.350
19.450
19.360
19.370
19.300
19.770
20.200
20.000
21.460
21.290
21.210
21.090
21.130
21.320
21.050
21.720
21.410
21.550
21.770
21.380
21.800
22.000
21.560
21.340
21.300
20.520
21.000
21.400
21.300
21.300
21.000
21.010
21.820
20.800
20.440
20.200
19.860
19.800
17.510
17.750
18.860
18.870
19.100
19.050
18.900
18.860
18.500
17.800
17.560
17.800
17.910
18.630
18.540
18.500
18.380
17.650
17.800
18.280
17.440
17.530
17.270
17.390
17.300
18.030
19.270
18.120
18.100
17.730
17.510
17.960
18.170
17.860
18.210
18.350
18.400
18.940
19.130
18.850
19.190
19.310
18.900
19.020
18.850
18.830
19.450
19.300
18.780
19.000
19.130
18.310
18.690
18.500
18.600
18.040
18.300
18.380
18.400
17.980
17.250
17.520
17.480
16.980
16.690
17.420
17.780
18.360
18.000
17.880
17.400
16.590
16.280
17.250
17.470
19.000
18.810
18.900
18.810
18.440
18.530
18.160
17.650
17.100
18.210
17.780
17.550
17.500
18.250
17.660
17.560
17.300
18.480
18.970
18.600
19.320
19.880
19.330
18.500
19.220
17.600
19.130
18.650
19.440
20.760
21.980
22.270
21.520
25.700
25.990
26.030
26.500
27.020
26.890
26.000
23.770
23.920
24.000
24.100
24.000
23.910
23.380
22.700
23.200
23.700
21.650
22.530
22.330
22.690
22.580
22.190
22.400
22.140
23.920
23.880
23.800
23.350
24.750
25.760
25.300
25.900
27.060
25.950
24.400
24.580
25.510
23.400
22.210
22.160
22.150
21.510
20.170
19.290
19.450
18.850
18.600
18.700
19.180
18.410
18.100
19.200
19.200
19.090
19.100
18.880
18.600
18.350
17.940
17.470
17.680
16.850
16.800
16.840
16.990
17.560
17.450
17.680
17.900
16.990
17.860
17.950
16.720
17.120
19.010
18.770
18.980
19.000
18.120
19.170
17.800
18.070
18.160
17.720
16.850
16.710
16.580
19.300
21.800
22.000
21.460
24.550
23.100
23.160
22.500
22.950
22.700
22.000
21.870
20.800
21.810
21.250
20.200
20.050
21.110
20.500
19.000
21.400
22.930
22.030
21.270
20.700
21.000
19.600
17.540
19.490
17.790
24.060
23.800
26.980
27.510
25.300
28.510
30.200
32.100
32.300
31.010
32.400
32.900
33.170
33.690
34.160
32.680
32.680
32.100
33.000
33.170
32.030
32.500
32.310
32.300
30.970
30.330
30.800
30.790
29.560
28.770
28.120
27.260
27.300
26.510
26.840
27.200
26.990
26.860
27.300
26.500
26.360
26.430
28.130
28.680
28.280
29.240
28.780
30.160
30.200
30.080
29.580
29.000
27.850
28.180
27.980
27.090
28.430
29.070
28.880
28.100
29.380
30.540
30.000
30.070
29.700
29.410
29.970
30.370
29.110
29.230
28.280
28.200
28.000
28.880
28.470
27.860
27.820
27.030
27.190
26.910
26.900
27.030
26.400
27.300
27.660
27.300
27.900
26.530
26.600
25.950
26.630
27.030
26.940
26.080
25.980
26.010
26.300
25.020
25.540
26.700
26.870
26.920
27.710
26.510
26.700
24.110
23.500
23.800
22.720
22.980
22.750
21.860
21.710
22.400
22.640
22.170
22.710
22.540
23.000
23.700
24.410
23.400
23.250
21.770
21.400
22.050
22.500
21.760
21.280
21.780
22.350
23.320
22.610
23.360
23.230
23.630
23.690
24.100
23.260
21.800
22.300
22.080
22.690
22.540
21.970
21.850
21.640
22.120
22.260
22.380
21.630
21.500
19.970
19.690
19.630
18.740
18.950
19.100
18.700
18.180
19.200
19.100
20.250
18.310
18.380
18.330
18.040
18.090
17.390
17.300
17.590
17.500
17.480
17.560
18.310
17.950
17.970
18.200
18.140
18.410
18.660
18.430
18.170
18.150
18.000
17.750
17.960
17.970
18.050
18.700
18.820
18.480
18.500
18.860
18.960
18.840
19.000
19.020
18.980
16.850
16.640
17.110
17.000
16.680
16.130
16.320
16.410
16.120
16.320
15.850
15.680
15.300
15.400
15.050
15.130
15.100
15.250
15.280
14.990
14.850
14.670
14.710
14.880
14.870
