12.250
12.260
12.260
12.340
12.180
12.150
12.350
12.310
11.960
11.960
12.340
12.450
12.380
12.340
12.260
12.200
11.950
11.740
11.780
11.840
12.050
11.920
11.560
11.460
11.190
11.730
12.020
11.850
11.940
11.840
12.130
13.000
13.160
13.260
13.350
13.490
13.550
13.270
13.290
13.450
13.500
13.480
13.550
13.800
13.910
14.240
14.540
14.700
14.830
14.960
14.940
14.740
15.000
14.970
14.490
14.550
14.690
15.030
15.080
15.200
15.300
15.400
15.690
15.750
15.690
15.560
15.650
15.920
16.070
16.400
16.460
16.300
15.970
15.620
15.600
15.650
15.350
15.180
15.340
15.200
15.160
15.380
15.570
15.680
15.650
15.250
15.500
15.560
15.680
15.600
15.800
15.960
15.720
15.560
15.980
14.900
14.900
14.860
15.070
15.090
15.200
15.380
14.700
14.600
14.540
14.600
14.470
14.650
14.520
14.580
14.550
14.500
14.050
14.380
14.020
15.100
15.280
15.450
15.570
15.730
15.780
15.680
15.490
15.490
15.380
15.230
15.270
15.390
15.540
15.660
16.200
15.570
15.370
15.350
15.570
15.570
15.570
15.580
15.750
16.650
16.800
16.870
16.980
17.200
17.350
17.440
17.450
17.280
17.480
17.560
17.300
17.250
17.360
17.310
17.300
17.600
17.650
17.670
17.580
17.680
17.490
17.390
17.350
17.380
17.750
17.840
17.870
18.000
17.990
18.070
18.070
18.130
18.090
18.180
18.100
18.260
18.050
18.280
18.410
18.450
18.650
18.750
18.950
18.650
18.370
18.500
19.250
19.720
19.600
20.000
19.950
20.290
20.350
20.460
20.000
20.210
19.330
18.820
18.980
18.680
18.760
18.810
19.100
19.330
19.070
18.950
18.730
18.610
19.860
18.180
18.380
18.460
18.560
18.790
18.980
18.900
18.540
18.490
18.500
18.420
18.420
18.690
18.750
18.780
19.150
19.700
21.570
20.890
20.980
21.200
20.200
19.720
19.970
20.320
19.530
19.000
19.190
19.250
19.550
18.530
18.780
18.800
19.150
19.500
19.690
19.790
19.220
17.890
17.950
18.340
17.160
17.300
16.350
16.200
16.460
16.500
16.920
16.890
16.580
15.980
17.100
17.790
18.040
18.200
17.800
17.930
18.400
16.880
16.290
16.800
17.140
17.390
17.480
17.930
16.850
17.400
17.780
17.930
18.090
18.530
18.400
20.020
22.240
24.710
27.510
27.200
26.260
24.990
26.090
26.970
27.230
27.170
27.900
26.880
26.590
26.550
28.590
28.800
28.140
25.860
24.900
25.200
25.600
26.750
25.030
25.600
24.410
24.660
25.300
24.000
24.180
25.680
24.710
25.800
24.210
22.380
22.490
21.920
21.450
22.550
22.110
22.490
21.660
19.690
19.200
19.870
20.080
21.440
20.430
18.570
19.100
19.560
21.900
24.950
26.270
26.080
27.800
29.300
29.420
27.490
28.370
28.440
26.100
24.400
23.470
24.980
24.120
24.060
26.620
29.400
27.000
28.330
26.880
24.440
22.220
21.680
19.710
17.920
16.290
14.810
13.460
15.610
20.310
20.600
23.300
26.380
25.480
28.000
29.050
31.430
31.000
29.940
30.990
33.990
33.390
35.000
38.410
41.680
40.110
39.000
38.120
39.500
41.580
40.440
44.330
40.480
36.800
35.080
35.510
33.940
33.500
31.300
33.800
33.150
35.140
34.400
32.960
33.160
35.700
32.450
29.500
26.820
24.680
23.170
22.500
20.650
18.770
17.060
15.510
14.100
12.820
11.650
10.590
9.630
8.750
7.950
7.310
7.030
7.680
7.650
7.450
7.360
7.260
7.300
7.350
7.400
7.230
7.250
7.320
7.290
7.300
7.360
7.310
7.160
6.880
6.970
6.870
6.510
6.460
6.440
6.450
6.310
6.250
6.320
6.400
6.290
6.190
6.270
6.000
6.020
6.040
6.030
5.850
5.990
5.950
5.870
