6.670
6.720
6.670
6.700
6.720
6.630
6.630
6.670
6.660
6.530
6.530
6.620
6.590
6.600
6.570
6.670
6.640
6.710
6.730
6.720
6.610
6.540
6.400
6.430
6.440
6.420
6.500
6.250
6.310
6.250
6.230
6.400
6.520
6.520
6.570
6.690
6.540
6.550
6.570
6.600
6.630
6.610
6.690
6.830
6.890
6.920
6.970
7.020
6.980
7.160
7.290
7.470
7.570
7.440
7.590
7.540
7.660
7.700
7.560
7.690
7.730
7.630
7.630
7.700
7.500
7.390
7.440
7.500
7.530
7.380
7.380
7.420
7.440
7.460
7.450
7.470
7.450
7.450
7.450
7.400
7.390
7.470
7.490
7.450
7.430
7.450
7.520
7.500
7.460
7.480
7.610
7.600
7.600
7.470
7.290
7.330
7.270
7.340
7.410
7.350
7.350
7.270
7.220
7.240
7.140
7.110
7.130
7.100
7.030
7.030
6.990
6.940
6.980
6.970
6.870
6.990
7.080
7.120
7.160
7.240
7.160
7.240
7.180
7.020
6.950
6.960
7.040
7.080
7.020
7.040
6.960
6.950
6.890
6.940
6.930
6.910
6.890
6.980
7.020
7.340
7.370
7.440
7.410
7.460
7.540
7.620
7.550
7.650
7.610
7.610
7.620
7.620
7.650
7.600
7.600
7.650
7.620
7.630
7.600
7.610
7.640
7.540
7.600
7.590
7.540
7.510
7.480
7.870
7.920
7.950
7.890
7.890
7.810
7.860
7.860
7.970
7.910
8.020
8.070
7.770
7.810
7.820
7.820
7.780
7.790
7.790
7.720
7.770
7.840
7.790
7.860
7.730
7.720
7.560
7.470
7.550
7.640
7.610
7.590
7.530
7.510
7.440
7.470
7.460
7.430
7.500
7.480
7.540
7.620
7.640
7.710
7.670
7.700
7.700
7.690
7.580
7.440
7.490
7.520
7.500
7.400
7.380
7.370
7.340
7.310
7.420
7.490
7.540
7.750
7.630
7.630
7.680
7.730
7.690
7.720
7.840
7.820
7.890
7.890
7.810
7.690
7.740
7.820
7.660
7.640
7.580
7.590
7.580
7.560
7.510
7.400
7.550
7.640
7.600
7.620
7.720
7.700
7.830
7.770
7.700
7.810
7.970
8.050
8.120
8.120
8.100
8.010
7.690
7.770
7.580
7.660
7.820
7.890
7.880
7.950
7.920
7.920
8.100
7.950
7.950
8.110
7.370
7.060
7.130
7.300
7.330
7.400
7.130
7.010
6.990
6.950
6.890
6.880
6.930
6.970
7.160
7.150
7.250
7.290
7.240
7.140
7.170
7.020
7.110
7.180
7.240
7.180
7.350
7.310
7.130
7.250
7.170
7.070
7.200
7.200
7.190
7.100
6.990
6.930
6.960
6.940
6.770
6.770
6.790
6.900
6.970
6.800
6.850
6.830
6.570
6.500
6.710
6.690
7.160
7.090
7.050
6.860
6.870
6.920
6.900
6.650
6.740
6.870
6.880
6.860
6.680
6.720
6.540
6.600
6.650
7.030
6.960
6.880
7.110
7.180
6.990
6.960
7.210
7.110
7.250
7.190
7.590
7.500
7.910
7.780
7.720
8.230
8.300
8.350
8.240
8.390
8.480
8.480
8.490
8.490
8.020
8.110
8.080
7.850
7.860
7.630
7.720
7.810
7.860
8.000
7.960
8.090
8.060
7.830
7.810
7.890
8.380
8.430
8.420
8.450
8.430
8.500
8.470
8.570
8.410
8.410
8.700
8.770
8.730
8.690
8.790
8.740
9.030
8.810
8.810
8.850
8.790
8.640
8.750
8.520
8.260
8.050
7.950
8.190
8.190
8.400
8.200
8.070
8.150
8.040
7.770
7.720
7.620
7.580
7.580
7.570
7.500
7.610
7.580
7.680
7.660
7.480
7.410
7.420
6.940
7.500
7.540
7.660
7.950
7.800
7.640
7.850
7.500
7.550
7.600
7.370
6.940
6.830
7.270
8.080
8.800
9.180
8.880
9.820
9.760
9.700
9.770
9.610
9.780
9.440
9.230
9.580
10.030
9.770
8.880
8.550
8.820
8.210
7.980
8.820
9.040
8.770
8.890
8.840
8.850
8.300
8.120
9.020
9.430
8.570
7.790
7.080
7.700
8.170
7.890
8.500
9.400
10.400
9.700
10.530
11.690
12.340
12.000
11.260
11.840
12.000
12.100
12.740
12.610
12.340
12.290
12.150
12.500
12.780
12.600
12.680
12.300
11.850
11.260
10.880
11.880
12.080
11.660
11.430
11.310
11.310
10.940
10.870
10.470
10.490
10.140
10.080
10.110
9.960
9.750
10.330
10.840
10.580
10.540
10.450
10.290
10.690
10.680
10.690
10.830
10.790
10.540
11.040
11.210
10.690
10.400
10.300
10.040
10.020
9.550
9.620
9.280
9.250
9.280
9.180
9.350
9.190
9.200
9.120
9.140
9.100
8.930
9.040
9.010
8.940
8.880
8.610
8.490
8.520
8.300
8.310
8.280
8.240
8.360
8.350
8.560
8.430
8.470
8.350
8.400
8.320
8.350
8.350
8.360
8.280
8.170
7.930
7.800
7.990
8.170
8.290
8.150
8.180
8.200
8.410
8.520
8.350
8.160
8.250
8.240
8.100
7.990
8.510
8.610
8.650
8.520
8.690
8.320
8.210
8.170
8.400
8.340
7.990
7.920
8.050
7.750
7.750
7.700
7.810
7.890
8.000
7.970
7.970
8.160
8.200
7.940
7.840
7.780
7.400
7.680
7.570
7.730
7.680
7.530
7.490
7.500
7.490
7.200
7.130
7.020
6.990
6.940
6.960
6.920
7.030
7.140
7.070
7.060
6.840
6.860
6.760
6.890
6.860
6.850
6.850
6.890
6.810
6.820
6.760
6.690
6.660
6.670
6.780
6.870
6.930
6.850
6.750
6.780
6.730
6.860
6.890
6.940
6.960
6.800
6.830
6.810
6.820
6.900
6.840
6.800
6.850
6.850
6.690
6.670
6.750
6.750
6.780
6.690
6.710
6.760
6.710
6.630
6.630
6.550
6.500
6.480
6.390
6.360
6.570
6.620
6.590
6.650
6.660
6.700
6.650
6.620
6.690
6.760
6.740
6.600
6.570
6.700
6.730
6.750
6.680
6.580
6.540
6.480
6.530
6.420
6.340
6.280
6.330
6.310
6.300
6.290
6.310
6.360
6.310
6.280
6.300
6.290
6.410
