8.380
8.280
8.270
8.180
8.040
8.060
8.060
8.150
8.230
8.030
7.880
8.180
8.190
8.190
8.320
8.060
7.950
7.860
7.740
7.850
7.840
7.890
7.830
7.890
7.800
7.640
7.700
7.730
7.780
7.920
8.800
9.780
9.890
9.570
9.770
9.790
9.640
9.520
9.360
9.780
9.810
9.860
9.990
9.990
10.070
9.980
10.050
10.060
10.150
10.060
10.080
10.260
10.140
10.100
10.130
10.370
10.610
10.470
10.330
10.520
10.480
10.390
10.640
10.570
10.670
11.010
10.010
9.910
10.010
9.980
10.150
10.310
10.330
10.420
10.390
10.280
10.400
10.040
10.010
10.020
9.980
10.050
10.270
10.310
10.240
10.150
9.950
9.890
10.600
10.660
10.920
10.930
10.980
11.150
10.910
11.100
10.980
10.890
11.420
11.820
11.960
11.970
11.700
12.060
11.940
11.960
12.190
12.200
11.640
11.300
11.560
11.260
11.620
12.040
12.390
12.320
11.200
11.490
11.890
11.850
11.900
12.060
12.100
12.270
12.500
12.850
12.540
12.470
12.460
12.560
12.590
12.500
12.470
12.390
12.290
12.540
12.190
12.130
12.280
12.260
12.320
12.350
12.450
12.660
12.690
12.520
12.600
12.720
12.840
12.780
12.740
12.990
12.220
12.310
12.310
12.060
12.020
12.050
12.250
11.810
12.080
12.270
12.270
12.330
12.450
12.410
12.280
12.150
13.120
13.240
13.270
13.250
13.130
13.150
13.110
13.200
13.220
13.250
13.150
13.120
13.370
13.450
13.530
13.790
13.820
14.000
13.960
13.840
13.610
13.540
13.680
13.780
13.600
13.420
13.580
13.470
13.490
13.380
13.930
14.080
14.170
15.310
15.350
14.900
14.770
15.010
15.140
14.840
14.830
15.130
15.090
15.370
15.000
15.200
15.850
15.570
14.150
13.860
13.770
14.250
13.760
13.640
13.690
13.450
13.470
13.860
13.640
14.170
13.970
14.220
14.170
13.250
13.120
14.580
14.890
14.350
13.750
13.530
13.540
13.000
12.510
12.720
12.740
12.380
12.590
12.880
12.290
12.090
11.870
12.540
12.310
11.870
12.100
12.400
12.920
13.860
13.620
13.500
12.270
12.470
11.970
12.130
12.200
12.130
12.060
12.110
11.920
12.500
13.170
13.170
13.380
13.430
13.400
13.500
13.900
13.610
13.150
13.180
12.830
12.400
12.550
12.510
12.100
12.800
12.760
12.850
12.780
12.520
12.880
12.590
12.570
12.120
11.500
11.410
11.040
10.940
11.280
11.800
11.580
11.230
11.770
11.720
11.110
10.980
12.200
12.470
13.850
13.880
14.000
13.770
13.670
14.030
12.750
11.920
12.200
12.670
12.400
11.950
11.450
12.210
11.990
13.320
13.250
14.720
15.140
14.420
15.400
14.870
13.520
13.240
14.340
13.770
15.000
14.030
15.070
14.390
15.990
14.540
16.160
17.960
18.910
18.600
18.260
19.280
18.620
19.070
19.690
19.650
20.710
20.810
21.080
20.500
19.140
17.400
17.090
16.240
16.190
15.770
15.350
17.050
17.820
16.200
16.050
16.030
16.750
15.840
15.900
16.750
15.520
14.110
12.830
11.660
10.600
10.770
10.610
10.470
10.250
11.010
10.010
9.100
8.270
7.520
8.350
9.280
10.310
11.450
11.020
12.240
13.600
14.650
14.300
14.860
16.510
24.940
24.180
25.630
24.830
23.140
22.890
23.240
22.700
22.690
22.510
23.330
24.150
23.730
21.800
21.250
23.110
21.900
21.400
19.450
17.680
18.180
17.940
17.970
17.960
17.550
16.760
17.480
16.980
17.100
18.650
18.900
19.000
18.650
17.250
17.700
17.700
16.630
15.170
15.140
15.320
15.340
15.310
15.280
15.070
15.020
15.040
15.090
14.730
14.720
13.740
13.500
13.360
13.620
13.680
13.720
13.200
13.470
13.590
13.500
13.610
13.750
13.870
13.850
13.520
13.490
13.460
13.110
12.950
12.890
12.810
12.940
13.740
13.270
13.350
13.580
13.130
13.150
12.840
13.020
13.000
12.770
12.480
12.530
12.200
11.990
11.800
12.050
12.000
12.100
12.200
12.080
11.830
12.100
11.950
11.900
11.730
11.650
11.820
11.660
11.960
12.070
11.900
11.660
11.980
12.750
13.140
12.510
12.760
12.950
12.980
12.830
12.700
12.500
13.010
13.400
13.860
13.970
13.660
13.630
13.900
13.790
13.940
14.110
14.000
14.020
13.620
13.100
13.220
13.150
13.010
13.140
13.000
13.480
13.450
13.450
13.360
13.460
13.670
13.660
13.780
13.320
13.330
13.060
13.230
13.300
13.170
13.770
13.820
14.850
15.170
15.380
15.420
15.150
14.860
15.170
15.300
15.320
15.230
15.400
15.540
15.340
15.430
15.210
15.600
15.670
15.840
15.510
14.830
14.670
14.490
14.520
13.910
13.970
14.130
14.210
14.090
14.020
13.870
13.800
13.590
12.920
13.270
13.370
13.300
13.340
13.150
13.000
12.930
12.820
13.060
13.280
13.100
13.060
13.050
13.090
13.170
13.300
13.320
13.450
13.000
12.960
12.880
12.780
12.860
12.870
12.970
12.750
12.890
12.880
12.800
12.900
12.880
12.630
12.590
12.750
12.910
