291336.47
309173.25
267403.31
223827.36
261895.16
165613.09
240379.48
234772.08
478965.81
292055.88
577623.31
396848.91
428949.12
363890.97
136512.28
234151.44
163948.38
209766.56
318885.91
312178.44
206578.36
314197.41
153826.97
231369.80
252516.72
251691.66
437585.84
5.00
576527.50
883703.06
285123.44
267848.16
187567.73
195282.45
158681.92
259522.72
250657.58
276360.41
259798.48
248828.59
236807.73
170579.95
206883.12
382422.81
176447.69
144179.11
125312.09
124999.08
180150.31
246567.16
123026.76
182956.16
270358.38
162661.70
223643.95
198266.55
185267.72
264680.25
215571.36
379559.84
367061.16
248663.16
214478.69
254018.84
375769.56
169375.05
195709.59
173305.64
149265.00
230076.23
258073.05
203765.20
247828.80
211650.95
176202.41
302351.75
349573.03
103397.91
143612.94
188296.95
130524.00
180419.72
144736.31
206552.88
157780.12
150139.19
239458.16
199633.00
157813.30
223745.12
162117.59
295009.09
194332.41
312521.03
292136.91
475283.47
259694.20
257007.95
198227.52
405705.19
323477.66
281643.59
305640.91
158867.16
156711.72
133205.94
382.00
148786.19
149369.34
121698.44
215963.91
186092.19
119478.91
148696.39
144442.30
285266.81
209064.59
257879.36
289370.16
140028.09
140490.23
158588.77
227008.56
221303.34
246415.00
160500.83
156539.66
160379.88
159702.56
242397.56
151587.45
199095.62
264610.31
298424.56
236006.56
227666.48
346458.75
372476.16
259072.05
524769.62
251379.64
274309.59
292665.59
573824.56
972532.25
583166.94
547775.69
720509.38
827480.81
1023646.06
872890.38
1359257.00
679755.69
1107394.50
432215.19
518544.97
472478.97
544856.25
524432.19
1340915.50
1189927.00
872295.19
643966.12
411784.59
480997.53
766443.94
915179.50
364818.97
595889.00
335502.09
371058.00
405220.19
1028236.88
486249.44
274839.66
301018.41
532962.12
227643.59
216198.56
181035.12
256206.98
354043.03
359932.44
224544.31
343379.06
182370.83
340219.59
311437.91
273872.09
403362.34
287439.50
267774.09
277804.84
298317.22
317030.88
639047.56
615313.81
301742.31
477129.47
502019.41
322550.50
361574.56
371782.53
360704.50
338322.69
331718.47
366774.88
461355.25
630497.81
597455.88
507056.94
444441.09
821827.31
1343643.25
897734.44
1648018.62
798895.12
596735.31
364603.31
351015.62
282319.47
527250.25
159973.41
119764.65
137724.77
217601.52
286806.06
437984.56
484538.28
255343.56
206971.22
214543.27
357474.31
214462.20
252849.09
500758.22
320403.47
343088.34
620897.81
715431.19
600174.69
330616.06
385141.81
390810.38
483057.50
708250.81
390565.72
382849.25
531328.25
712185.62
513690.19
609889.69
318659.34
449258.38
616494.75
265517.56
367717.19
326433.88
394485.66
299010.19
417055.75
299589.38
264290.47
282059.34
547982.31
335713.09
567137.94
976125.38
204886.44
248650.55
232071.42
260984.03
175608.38
251396.95
213675.05
234051.16
353269.31
310670.94
195217.62
238700.34
360783.12
238695.33
227360.06
511606.66
552272.81
257413.38
360346.44
559312.81
328685.59
369911.62
346889.75
313748.62
330289.81
399413.91
507352.19
777423.56
486119.69
682637.94
549677.50
673224.31
1431135.75
467489.91
967309.88
634528.06
612117.00
577652.50
838036.44
614095.25
907130.50
882374.62
624117.06
707375.56
580681.44
933163.25
931239.06
1300139.88
2153804.00
1118490.50
985224.44
570081.44
486702.25
932042.44
444604.44
464856.06
463422.25
699093.88
764030.44
1027722.25
1036568.19
1419797.25
707153.31
639417.25
613799.50
686318.00
495086.28
486022.59
649953.56
390185.69
578313.50
551736.62
718630.69
372622.06
571744.00
515802.97
383512.84
597882.44
513082.09
917825.31
816895.94
891778.31
748943.12
315826.91
444779.47
541118.00
535420.62
678263.62
472813.09
694125.19
725757.06
664573.69
798745.12
880298.19
1098084.38
207962.34
688858.12
919061.19
723854.19
754343.50
867075.69
653169.94
1385627.12
746081.25
1298677.12
2298143.00
779172.81
1090594.12
816557.12
1385085.75
1421289.75
1181713.25
1364858.88
791097.06
1010375.19
594372.69
833501.19
871979.56
1453973.12
1767958.38
1145334.62
401690.47
771919.94
1058631.88
587242.88
567709.31
633555.06
562670.69
446877.94
570455.69
927759.50
1482762.62
761560.44
974642.50
1061966.25
1160080.12
1692152.62
2396675.75
2260830.50
2407724.50
1202834.62
362220.25
453567.31
735513.69
325144.62
346595.38
399529.81
790504.38
463661.72
479459.69
595574.31
512658.72
836761.12
727612.69
440725.81
511466.19
400706.62
866089.69
516828.97
591256.19
11722.00
236485.02
304049.66
208236.28
287989.97
346076.44
401282.28
826085.25
343595.94
323119.66
614522.94
585583.50
463055.88
819505.75
333127.66
427111.44
780541.38
582138.94
718412.00
1664242.12
1485726.00
1133530.38
1196905.75
1231666.88
1415082.00
1213041.00
828774.31
584544.81
384255.25
583934.06
908657.50
411450.47
543521.69
418607.62
496429.81
560135.69
1074129.50
364955.09
336312.56
392435.91
639045.75
811057.12
613446.50
515758.97
749317.56
1941757.00
1182240.25
948702.69
938720.94
659474.75
1015431.06
936514.44
857847.69
748097.00
1017582.88
1206913.50
1719691.00
1953680.50
1880197.25
2614746.00
1648371.88
1334598.25
1020429.00
1149423.88
912773.06
1272407.38
1583194.75
1281500.38
740668.56
678514.31
754865.19
756285.88
643315.56
627786.69
715868.44
1006940.06
830128.50
811260.12
921165.38
1323688.88
2092675.25
1491192.12
1033732.38
791917.75
789988.31
1039771.38
1086240.00
1472095.25
1155873.62
1571121.25
1480285.25
1223774.50
623745.50
918835.12
1371320.62
643345.44
847592.38
586586.19
829929.69
1262197.25
981202.56
758507.06
686847.31
767719.56
923601.38
672104.69
769771.06
804549.56
1076800.50
1026219.75
1277085.75
1787091.88
1952365.12
1207453.50
1399812.38
1233430.75
911405.00
1142765.50
1411602.50
1703438.88
1645740.00
2282423.75
2135897.75
1389140.00
1544187.62
1307464.50
1420443.12
2121918.00
1816026.00
1551020.38
1028545.44
1342505.75
1441169.50
1487584.50
2083126.00
1137735.38
1696774.75
1637858.12
1039800.69
821117.94
883386.00
584153.50
779325.31
1122047.00
889207.06
691908.00
634675.44
1047187.00
1207857.88
748558.00
1105707.00
596129.56
17306.34
750965.12
921661.06
1160821.38
564972.38
676092.56
977955.19
1212566.25
715867.06
1294946.00
1098650.75
867407.94
842637.75
638114.25
864777.19
861348.88
945149.56
968335.38
1117206.75
1092921.50
1645795.62
2303609.25
245190.00
1110553.38
1397997.00
1117449.00
1150244.38
1578900.12
1628162.00
1547785.88
2214494.25
2107070.00
1497336.75
1625595.12
1669415.25
2063889.62
2330186.50
1419198.75
1750620.50
1310766.88
1657542.00
2160348.75
2063397.00
3646564.00
2881935.50
1542350.25
2118242.50
2248435.00
3477036.75
3597109.00
2704328.75
3343139.50
2773929.25
2911775.00
2549290.25
2096673.50
2218296.75
2659715.50
2184204.50
2219628.00
280165.22
887693.50
1301293.00
1005702.81
1725066.38
1470399.25
1635702.62
734632.75
1193017.38
707904.81
1165116.00
1148455.25
628691.88
898764.00
455771.38
524757.62
285385.47
420245.81
471579.16
658388.19
683344.81
910554.00
805011.25
944092.62
481647.22
437942.56
434722.19
439862.88
497401.25
351689.84
679406.00
532107.19
774997.31
935885.94
291871.00
329516.50
252033.81
355989.88
314788.47
496332.19
389949.47
287920.22
486163.88
333185.88
371587.06
628682.62
488033.09
413390.56
398104.19
231296.81
176066.25
292095.19
167573.52
261879.31
289510.16
267000.81
389951.84
302724.88
356179.97
377253.28
532084.88
333172.66
415395.28
260094.03
314522.66
243702.08
397811.00
422501.38
450857.44
736506.56
513473.03
448012.06
613343.44
552091.12
1138657.38
435785.09
760546.56
433862.38
295431.34
212648.69
191304.27
179272.72
177078.67
165512.73
209071.09
120294.02
135899.25
206282.59
127532.72
