0.230
0.080
-0.190
0.230
0.110
-0.120
-0.180
-0.110
-0.010
0.570
0.270
-0.020
0.150
0.020
-0.130
0.170
0.030
0.620
-0.300
-0.090
-0.070
0.190
0.090
0.000
0.230
-0.230
0.000
-0.170
0.270
-0.080
-0.210
-0.180
-0.010
-0.080
-0.110
0.320
-0.080
0.060
-0.220
-0.410
0.050
-0.130
-0.530
-0.150
-0.150
-0.090
-0.110
0.080
0.000
-0.010
-0.510
-0.020
0.180
-0.560
-0.170
-1.120
-0.160
-0.290
-0.120
0.210
-0.190
0.030
0.000
0.430
-0.040
-0.220
-0.050
0.010
0.170
0.000
0.350
-0.320
-0.030
0.020
-0.240
0.160
0.040
-0.080
-0.010
0.090
-0.270
-0.160
-0.140
0.210
0.180
0.090
0.030
0.050
-0.180
-0.100
0.100
0.030
0.110
0.190
-0.350
0.230
-0.320
0.000
0.010
0.190
0.020
0.000
-0.050
0.120
-0.020
0.000
0.130
0.060
-0.050
0.100
0.110
-0.090
-0.010
0.070
-0.650
-0.260
-0.530
-0.020
-0.130
0.470
-0.360
0.010
0.100
0.550
0.000
0.030
-0.110
-0.110
-0.440
-0.060
-0.170
0.120
-0.070
0.470
0.010
-0.080
0.140
0.060
-0.740
0.110
-0.160
0.230
-0.100
-0.080
-0.350
0.050
-0.370
-0.600
0.270
-0.130
0.530
-0.380
0.200
0.490
-0.200
-0.050
0.020
-0.270
0.430
0.760
0.450
-0.190
0.010
0.330
0.060
0.150
-0.240
-0.320
-0.220
0.140
-0.110
0.290
-0.260
0.460
-0.160
0.200
-0.210
0.180
-0.100
0.090
0.120
0.400
-0.060
-0.050
0.180
0.190
-0.740
-0.140
0.010
0.010
-0.120
0.080
-0.080
0.290
-0.870
-0.300
0.070
-0.130
0.410
0.130
-0.110
-0.400
0.060
0.010
-0.030
-0.520
-0.280
0.270
0.540
-0.370
0.140
0.020
0.030
0.160
0.460
0.210
-0.230
0.050
0.100
0.250
-0.140
0.180
-0.040
0.130
-0.690
-0.020
0.000
-1.460
0.190
0.230
0.030
-0.100
-0.170
0.230
-0.710
0.300
-0.220
0.050
0.160
-0.310
-0.380
0.480
0.380
0.010
0.620
-0.400
-0.240
0.040
-0.230
0.270
0.000
-0.280
1.960
-0.780
0.420
0.140
0.190
1.780
-0.020
-1.300
0.190
-0.190
0.190
0.050
-0.100
0.510
0.760
0.010
-0.140
-0.110
-0.440
-0.290
0.110
0.020
0.880
-0.430
-0.220
0.730
-0.080
0.380
0.050
-0.110
-0.920
-0.800
0.900
0.030
0.590
-0.020
-0.290
-0.310
0.280
-0.400
-0.360
0.230
-0.430
-0.200
0.010
-0.230
0.130
0.500
-0.350
0.380
-0.460
-0.510
0.350
0.470
-0.450
0.180
0.930
-0.560
0.050
0.650
-0.400
0.030
-0.240
0.320
0.460
0.690
-0.370
0.070
0.530
0.050
-0.540
-0.910
0.110
0.370
-0.130
0.550
0.860
0.270
-1.090
0.120
-1.760
-0.170
0.260
0.410
0.080
0.040
0.140
0.690
-0.290
-0.530
0.620
-0.130
0.390
-1.110
0.940
-0.140
0.600
-1.620
0.040
0.600
-1.590
-0.130
0.630
0.370
-0.850
1.590
-0.670
0.510
-1.680
-0.300
-2.260
0.410
-0.960
-2.570
-0.120
-0.290
-0.710
-0.710
1.260
2.390
0.060
-0.110
-0.400
0.300
0.350
-0.230
0.440
0.450
-0.400
-0.440
2.170
-0.910
0.250
-0.590
0.220
0.510
-0.510
0.770
-2.170
0.200
0.190
0.510
-1.900
-0.950
0.850
-0.560
-0.410
-0.010
1.480
-0.300
0.450
0.770
1.180
0.420
-0.280
0.640
1.650
0.570
-0.040
1.010
-0.090
-0.150
-0.080
0.500
0.390
-1.240
0.130
0.070
0.100
0.100
0.390
-0.040
0.670
0.430
0.470
0.000
0.250
-0.430
0.160
-0.660
0.310
-0.650
0.030
0.490
-0.320
-0.300
1.400
-0.810
-1.160
-0.160
-0.410
0.420
0.460
-1.160
1.030
0.180
-0.090
0.940
0.860
0.240
-1.820
-2.020
-1.630
-0.480
0.300
-2.440
1.260
0.240
0.350
-0.520
0.270
0.780
0.190
0.680
-0.870
0.890
0.580
0.360
-1.310
1.190
0.480
-2.210
-0.790
0.880
0.660
0.340
-0.380
1.940
-0.050
1.770
-1.970
-2.190
-2.430
-2.700
-1.370
1.780
-1.300
-3.100
-1.150
0.400
0.150
-1.410
-0.370
0.370
-0.270
-0.670
1.380
-0.110
0.690
-0.920
0.350
0.680
-0.150
-0.380
-0.070
2.030
0.960
-1.470
0.150
1.400
0.610
1.070
0.540
0.000
0.760
-0.540
-0.520
0.580
0.140
-0.240
0.850
0.300
-0.580
-1.560
-0.600
0.010
-0.640
0.360
-1.420
0.180
0.020
0.640
0.890
0.810
-0.390
0.280
0.700
-1.540
-0.400
0.280
0.760
-1.230
-1.090
0.540
-0.150
0.350
0.260
-0.950
0.070
1.460
-0.340
0.960
0.100
0.140
-0.850
0.480
0.620
0.070
0.690
-0.160
0.480
-0.170
-0.280
0.510
-0.580
-0.660
0.600
-0.820
1.680
-0.040
0.540
-0.680
0.500
-0.320
0.970
0.040
0.000
-0.250
1.300
-0.870
-1.260
0.300
-0.310
-0.490
0.610
1.140
2.340
-0.370
-0.030
1.110
-0.270
0.370
0.770
0.230
-1.590
0.530
0.480
-0.570
-0.010
-0.450
-0.550
-0.480
0.710
0.040
1.780
0.340
-0.740
-0.250
0.600
0.500
-0.520
-0.580
-0.740
0.320
-0.590
0.010
-0.330
-0.190
-0.070
0.730
1.210
-0.510
0.120
-0.270
0.120
0.570
0.040
0.230
-0.480
-0.070
-0.160
0.770
0.370
1.370
-0.120
0.970
0.300
-0.280
-0.260
0.790
0.190
-0.840
-0.010
0.450
0.410
-0.060
0.040
0.250
0.100
0.450
0.160
-0.280
0.130
0.080
-0.140
-0.760
0.300
0.030
-0.230
0.030
-0.250
-0.090
0.120
0.240
0.100
0.100
0.260
-0.170
-0.070
-0.080
-0.610
-0.170
0.380
-0.040
-0.450
-0.030
0.110
-0.440
0.430
0.410
1.680
0.080
-0.420
0.040
0.370
0.600
-0.300
0.020
0.190
-0.170
0.530
0.180
0.300
-0.100
0.380
-0.110
0.110
-0.170
-0.030
0.150
0.240
0.200
-0.030
-0.170
-0.020
