8.480
8.600
8.710
8.900
8.100
7.430
7.390
7.520
7.220
7.080
6.970
7.060
7.080
6.970
6.840
6.830
7.070
6.640
6.480
6.530
6.590
6.510
7.060
7.180
7.200
7.280
7.380
7.290
7.360
7.170
7.180
7.390
7.150
7.190
7.220
7.350
7.450
7.520
7.540
7.440
7.300
7.300
7.660
7.880
8.060
8.160
9.140
9.250
9.520
9.660
9.980
9.490
9.400
9.600
9.800
9.780
9.970
10.530
9.920
9.180
9.280
9.080
9.060
9.170
8.800
8.760
8.830
8.950
8.680
8.760
8.700
8.740
8.780
8.880
8.920
8.840
8.840
9.100
9.340
9.030
9.040
9.100
9.340
8.970
8.960
8.740
8.910
9.050
9.040
9.020
9.040
9.110
8.630
8.570
8.620
8.470
8.480
8.000
8.460
8.450
8.500
8.680
8.340
8.280
8.300
8.120
8.600
8.850
9.290
9.450
9.550
9.550
9.440
9.600
9.530
9.290
9.520
9.600
9.200
9.330
8.770
9.060
9.100
9.120
9.140
9.290
9.140
8.980
8.850
8.650
9.340
9.500
9.590
9.550
9.550
9.510
9.610
9.640
9.900
10.250
10.220
10.150
10.250
10.280
10.350
10.540
10.690
10.600
10.740
10.340
10.410
10.650
10.630
10.770
10.730
10.550
10.840
10.910
11.180
11.650
11.710
11.620
11.870
12.100
12.110
11.320
11.460
11.320
11.720
11.730
11.290
10.580
9.860
9.080
9.030
9.070
9.180
9.150
9.580
9.900
10.130
10.070
10.170
9.830
9.140
8.630
8.750
8.880
8.510
8.550
8.550
8.440
8.280
8.590
8.340
8.440
8.290
8.330
8.440
8.610
8.660
8.790
9.020
9.100
9.380
8.870
8.780
8.730
8.750
8.710
8.690
8.740
9.200
9.470
9.230
9.590
9.120
9.330
9.310
9.130
8.330
8.130
7.480
7.590
7.510
7.530
7.400
7.540
7.450
7.500
7.480
7.460
7.300
7.310
7.260
7.280
7.230
7.200
7.250
7.200
7.160
7.120
7.080
7.120
7.070
7.220
7.440
7.820
7.330
7.020
6.880
7.140
7.230
7.230
7.280
7.310
7.270
7.220
7.100
6.900
6.950
6.890
7.010
7.070
7.250
6.940
7.160
7.140
7.130
6.940
6.850
7.000
7.590
7.650
7.680
8.240
8.300
8.500
8.290
8.090
8.310
8.440
8.100
8.130
7.890
8.180
8.320
8.360
8.030
7.950
7.880
7.590
7.590
7.660
7.090
7.290
7.570
7.100
6.890
6.950
6.670
6.640
6.870
6.750
6.830
6.890
6.950
7.080
6.800
6.220
6.300
6.110
6.150
5.940
6.200
6.200
6.490
6.160
6.180
6.300
6.060
5.780
6.000
6.140
6.570
6.670
6.400
6.230
6.470
5.990
5.900
5.840
5.560
5.680
5.680
5.590
5.470
5.370
5.380
5.440
5.670
6.150
6.330
6.130
6.280
6.330
6.280
6.100
6.190
6.240
6.480
6.470
6.990
7.340
7.650
7.860
7.990
8.970
9.120
9.090
8.750
9.140
9.130
8.950
9.300
9.380
9.480
9.480
9.450
8.960
9.080
8.330
8.590
8.950
8.580
8.680
8.400
8.270
8.400
8.350
8.210
8.800
9.000
8.850
8.530
8.550
8.310
8.350
8.100
8.220
8.440
8.120
8.200
8.580
8.580
8.460
8.250
8.400
8.150
8.030
7.770
8.090
8.450
8.300
8.340
8.680
9.290
9.150
8.600
8.470
8.560
8.250
7.570
7.550
7.800
7.180
7.180
6.770
6.670
6.480
6.500
6.540
6.690
7.190
7.170
7.490
7.820
7.940
7.370
7.120
6.470
6.240
7.380
7.460
7.590
7.830
7.480
7.610
8.020
8.500
9.100
8.680
8.250
9.050
9.100
10.010
10.310
9.600
9.400
10.090
10.170
9.990
10.080
10.410
10.310
9.620
9.250
8.790
8.910
8.910
8.740
9.780
10.960
11.300
10.570
9.810
8.920
8.110
11.000
10.900
12.290
13.690
13.080
12.460
12.050
12.960
12.320
12.020
13.150
14.200
14.590
15.050
16.360
16.800
15.980
15.790
15.580
16.000
16.500
16.310
14.830
13.660
13.290
12.970
13.590
13.350
13.670
14.020
12.760
11.700
10.640
9.780
9.800
10.040
10.880
10.210
9.450
9.050
8.480
8.460
8.870
9.090
9.190
9.450
8.970
9.070
9.200
9.150
9.590
9.510
9.260
9.150
9.290
9.220
9.850
10.130
10.150
9.230
8.390
7.630
6.940
6.580
6.440
6.580
6.880
6.260
5.730
5.570
5.440
5.630
5.720
5.770
5.920
6.030
6.070
5.750
5.890
5.380
5.500
5.600
5.680
5.720
5.720
5.720
5.820
5.960
5.760
5.890
5.370
5.480
5.200
5.200
5.200
5.220
5.160
5.090
5.240
5.190
5.400
5.550
5.290
5.270
5.340
5.390
5.360
5.240
5.250
5.220
5.150
5.070
5.090
5.250
5.490
5.540
5.320
5.420
5.440
5.400
5.420
5.410
5.420
5.580
5.550
5.550
5.470
5.460
5.680
5.530
5.450
5.480
5.270
5.220
5.180
5.480
5.700
5.400
5.410
5.290
5.360
5.350
5.450
5.450
5.230
4.760
4.640
4.740
4.760
4.850
4.950
5.030
4.970
4.980
4.850
4.730
4.600
4.660
4.720
4.860
4.690
4.620
4.570
4.560
4.590
4.470
4.510
4.540
4.560
4.500
4.550
4.330
4.340
4.460
4.470
4.420
4.500
4.440
4.470
4.660
4.710
4.710
4.770
5.060
5.120
