206126.20
212355.36
237372.84
172546.92
150676.83
244179.16
176237.00
163557.50
262327.38
280982.38
454953.62
261647.88
305025.53
311866.84
220790.88
291430.75
459417.69
154882.84
159423.75
219253.66
258632.84
323540.75
165050.27
202529.44
243836.20
304183.09
503320.09
1.00
409082.03
590642.19
265202.38
440379.19
908851.38
192632.92
259110.52
407881.38
283667.91
286798.81
353501.00
414446.53
287971.97
274607.16
548062.06
695593.19
301789.75
200960.64
205547.77
205287.48
311338.31
308909.47
271570.56
306650.62
210877.55
237409.98
365683.25
179423.00
292834.75
326669.12
238287.23
544530.81
414503.56
377295.12
332810.44
312801.81
393141.12
199021.64
350104.97
327551.16
201064.23
329509.88
448659.75
263769.34
319170.47
282370.38
288129.88
512175.72
775770.56
189110.14
234291.72
298606.75
236758.52
425762.97
240252.16
320711.03
269200.62
309380.72
414531.53
300757.56
227384.12
324513.97
240132.95
330049.62
369317.09
490039.44
592561.69
1382371.50
455579.19
414198.72
274518.62
469042.41
453836.31
451877.91
548698.75
277176.50
389686.28
233103.16
98.00
330132.91
383384.16
641459.25
1029956.50
2403922.75
411467.03
379696.91
781739.81
442692.97
360968.31
406538.03
462889.31
832461.12
761193.12
698642.56
888329.69
1047226.31
1134586.38
875379.19
991117.25
844825.44
965736.31
810237.75
971867.19
1222524.25
1043881.62
1058812.75
2603032.25
2333323.00
1027715.94
893039.44
714337.19
542052.38
759778.25
1636519.88
656183.50
835317.94
361693.84
470793.44
460723.22
1113887.75
588259.88
237977.09
372335.97
576810.94
338467.41
279153.09
319698.72
220986.00
307125.84
382007.12
213652.86
375441.03
195658.73
236872.34
301163.34
211723.05
307154.41
357163.78
173989.52
220716.00
267453.53
278823.84
610800.19
387389.03
284669.25
501205.47
525033.31
509285.50
573363.75
640484.75
561836.81
634051.94
408163.94
373993.03
754138.06
515253.97
862219.31
680142.44
514949.38
685409.81
1197374.50
1014433.19
2056595.62
704547.62
672818.19
526822.81
556953.50
523950.62
677862.12
407680.62
371234.16
311566.81
478633.41
434343.56
638212.75
1301685.88
429466.41
470822.97
535774.06
501703.59
380184.78
445300.22
687504.75
685900.25
571833.31
1356483.75
1273580.38
1129205.50
883056.44
639778.88
547374.88
564985.38
985092.75
785417.06
516319.03
760347.50
887624.75
926589.50
1073463.25
603236.38
730451.62
687826.50
844185.00
574977.25
1463197.38
1277125.88
2082656.50
1854256.00
347675.91
276757.88
325665.22
304983.59
374030.41
454593.25
592729.31
303378.25
394252.56
396563.09
282587.25
241653.09
348190.62
291835.06
240974.52
407754.19
565060.62
307658.78
387425.53
628045.19
251318.55
384212.94
390910.94
502465.31
363097.31
580253.62
513237.72
851431.00
526207.75
557522.56
609000.75
718218.81
1574661.88
1211583.88
2310291.25
808202.62
835526.75
1018368.56
1303405.25
1054814.12
1825618.00
1353630.75
1098688.62
1198048.50
1444229.50
939976.56
1434463.12
1105993.00
1456488.88
948439.25
498253.94
266666.41
262356.69
446989.84
246356.56
226571.14
412405.56
434829.94
396825.47
619079.44
515613.19
557384.12
346629.50
404297.78
372722.66
498499.06
495570.06
333122.03
524871.44
296724.31
424962.78
370180.38
392412.94
173842.00
292214.78
273715.75
252635.11
449757.84
459084.88
451099.84
462032.38
465370.12
462134.50
273387.75
306656.56
483126.19
521771.66
529895.06
323127.75
431544.16
453580.75
455042.59
376475.84
423974.28
540821.00
130038.01
420718.09
492293.91
384552.53
562407.56
661134.00
249907.03
429257.06
262737.81
625267.00
1236417.12
593616.94
661626.25
852755.06
606679.94
434009.09
564179.94
755405.81
342046.16
403527.53
256468.83
307031.06
273135.78
390599.00
623748.25
744039.44
389863.66
622578.62
934677.38
715655.75
584863.25
660543.50
719648.44
799635.44
925981.25
2411229.25
3149678.50
1205363.00
980121.06
984074.69
973186.69
1222890.00
1875945.88
1796294.75
1876283.25
987196.06
362365.19
448702.47
752678.25
339747.72
409510.22
393214.53
802964.00
528831.00
539144.12
698387.94
472445.50
864282.75
668331.00
515175.84
515744.91
470218.06
1019750.12
866980.50
979541.69
6220.78
242594.97
244842.64
135176.94
258615.16
216689.44
295424.16
547526.25
268986.91
206122.88
404434.16
410554.22
424784.84
560580.31
232590.59
301743.91
627262.00
311839.09
417733.56
802194.38
962117.50
694606.50
867772.00
795948.00
835324.94
667772.12
535093.69
468071.88
386449.31
582851.00
882231.62
506486.56
761224.38
394365.34
495602.28
478027.81
692707.69
320481.91
292449.62
448175.78
511230.53
555523.56
751655.75
534977.50
709727.69
1100884.00
1177753.00
908404.94
947291.00
641225.81
981352.31
865709.44
797563.50
739369.50
999846.38
1266277.00
1818162.25
1775633.12
1496841.00
969179.50
1899307.50
1739800.88
971978.62
1110823.00
939313.25
1303453.38
1275306.25
865546.31
691532.31
605715.56
628266.94
615975.38
541270.75
680073.00
771298.38
751132.12
709963.56
748459.56
751447.12
1125689.12
1555281.25
1473553.88
1551784.38
1070312.75
1181796.75
1531141.00
1066973.38
1412201.12
1251793.00
1780193.25
2527803.25
1628207.75
539547.50
670461.88
1081130.25
442656.44
612280.00
566039.50
631009.19
1259852.75
1110158.25
474165.06
486893.25
648171.88
716024.81
457934.12
656516.12
690578.12
1207500.88
700824.62
831086.00
1386839.00
1415988.38
951299.75
986174.25
953474.94
829357.56
1539996.75
1359119.12
987109.62
960465.75
1879698.50
1672200.12
1112306.75
1523619.88
897062.88
1136577.75
1442122.12
1033135.00
748168.44
1105003.62
839619.81
1042911.56
1174266.00
1955655.62
866632.00
1204059.00
1370923.75
933329.00
1022930.75
1259035.12
435861.19
510699.59
708048.31
503379.28
691345.31
521793.06
980306.44
1024994.56
753716.38
1155702.25
545179.44
31485.11
1180650.38
376799.22
614788.62
342031.75
351751.78
482083.25
614654.44
323628.16
500813.78
494837.59
467469.59
323139.41
363854.38
435565.16
491604.16
666249.56
933573.62
1756056.25
545517.94
911842.56
922712.19
506695.94
418137.19
547617.69
330519.38
477164.53
486910.66
670086.19
697180.50
1031320.62
766402.62
835558.00
1147782.00
1007671.06
1318904.50
1645657.75
818905.00
915048.25
692070.94
938113.00
1160881.12
1293373.50
2846592.00
2612651.25
1151583.25
1915094.88
1494790.38
2465455.50
3532976.50
3006069.50
3000258.25
2227402.50
2496848.50
2182826.25
2345395.50
2696885.50
1951641.12
1432972.88
936346.44
1827184.38
1282704.75
431325.84
378647.09
400990.44
615504.31
711607.00
1221004.12
1001651.19
1732680.50
1378571.75
2066193.38
1175908.75
1970901.38
347637.38
526164.19
768224.19
372617.75
670163.00
290693.53
256171.03
242501.44
277190.88
381140.41
586543.56
352941.47
435616.06
488079.84
928604.62
264137.34
217663.58
307320.88
302403.38
295581.66
337875.75
478371.31
520535.00
623807.44
920577.31
212756.05
153591.72
143473.91
192912.41
163032.73
289203.75
241561.61
204529.70
394995.38
169082.14
259639.77
359114.47
385144.84
342043.88
422122.19
200807.27
303681.34
156978.64
114013.87
165368.70
293841.62
485451.81
229838.59
397352.97
251770.12
262586.16
361847.72
222147.23
351958.50
266577.78
351077.31
192546.88
282747.28
434684.53
468493.31
417796.62
317908.62
298965.38
368418.06
456864.44
929053.75
336632.06
491099.34
179537.47
146583.38
103517.38
121457.46
88152.35
99991.35
149753.97
155431.91
71059.46
78969.16
124827.01
76232.78
