10.800
10.570
10.490
10.680
10.450
10.340
10.460
10.640
10.750
10.760
10.190
9.920
9.940
9.790
14.670
14.800
14.630
14.600
13.980
14.280
14.370
14.440
14.250
14.160
14.160
13.930
14.160
14.160
14.330
14.060
14.140
14.350
14.530
14.540
14.620
14.730
14.410
14.490
14.430
14.650
15.060
15.010
15.140
15.670
15.820
15.970
16.060
16.170
16.090
16.090
16.100
16.610
16.630
16.450
17.010
17.180
18.300
18.460
18.750
18.870
18.660
18.850
18.820
18.820
18.390
18.430
18.650
18.700
18.690
18.520
18.520
18.170
18.490
18.520
18.500
18.740
18.580
18.540
18.620
18.630
18.540
18.810
18.970
19.110
18.900
18.720
18.630
18.600
18.550
18.730
18.830
18.730
18.700
18.590
18.400
18.750
18.520
18.840
18.840
18.830
18.640
18.620
18.620
18.670
18.550
18.570
18.570
18.440
18.380
18.430
18.330
18.220
18.310
18.320
18.250
18.900
19.160
19.690
19.710
19.840
19.370
19.730
19.720
19.620
19.070
19.070
19.040
19.150
19.260
19.700
19.760
19.930
19.810
19.880
19.410
19.400
19.480
19.340
19.280
20.020
19.910
20.070
19.840
19.940
20.020
20.370
20.320
20.690
21.290
21.020
21.150
20.620
21.000
20.800
20.310
20.510
20.560
20.540
20.810
20.380
19.620
19.170
19.360
19.350
19.020
18.960
18.810
19.160
19.480
19.700
19.560
19.670
19.380
19.640
19.180
19.340
19.140
19.350
19.170
19.270
19.180
19.060
18.660
18.720
18.770
18.590
18.400
19.140
19.280
19.270
19.260
19.380
19.300
19.380
19.090
19.960
20.260
20.190
20.320
19.910
19.780
19.890
20.290
20.230
20.220
20.250
20.770
21.050
20.780
20.240
20.610
20.470
20.450
20.420
20.260
19.800
19.590
19.820
19.770
19.670
19.420
19.560
19.380
19.420
19.290
19.980
20.000
20.000
21.460
21.270
21.040
21.010
21.110
21.280
21.050
21.760
21.490
21.710
21.660
21.500
21.810
22.190
21.710
21.330
21.320
20.700
21.100
21.340
21.300
21.530
21.260
21.260
21.540
19.580
20.360
19.940
19.800
19.610
17.830
17.850
19.150
18.960
19.150
18.960
18.910
19.010
18.500
17.740
17.730
17.870
17.980
18.420
18.710
18.600
18.580
17.700
18.130
18.350
17.620
17.700
17.320
17.270
17.380
18.300
19.100
18.200
18.170
17.580
17.600
17.890
18.200
17.920
18.320
18.680
18.450
18.880
19.080
19.070
19.300
19.170
18.670
19.020
18.640
19.100
19.610
19.260
18.790
19.240
19.060
18.130
18.690
18.640
17.990
18.390
18.360
18.600
18.280
17.820
17.130
17.500
17.430
16.900
16.850
17.390
18.300
18.190
17.820
17.950
17.400
16.540
16.270
17.360
17.240
19.000
19.170
18.910
18.500
18.420
18.380
18.240
17.550
17.840
18.370
17.750
17.880
17.490
18.600
17.660
17.800
17.200
18.820
18.780
18.180
19.770
19.900
19.270
18.900
19.750
18.160
18.830
18.320
20.000
20.300
22.560
22.150
23.110
25.680
25.800
26.090
26.800
27.510
26.250
23.860
23.800
23.910
24.310
24.010
23.660
23.890
23.450
23.000
23.400
23.840
21.670
22.580
22.330
22.920
22.700
22.190
22.700
21.930
24.100
23.900
23.710
23.200
25.100
26.050
25.200
25.760
26.170
26.180
24.700
25.000
24.550
23.780
22.600
22.180
22.460
21.820
20.170
19.600
19.640
18.630
18.720
18.870
18.950
18.450
18.060
19.300
19.170
19.100
19.000
18.900
18.510
18.550
17.880
17.450
16.980
16.980
16.730
17.160
17.000
17.660
17.350
18.000
17.970
17.480
17.800
18.100
16.700
17.510
18.670
18.830
19.240
18.820
18.360
19.520
18.490
18.310
18.400
17.460
16.600
16.360
18.180
20.200
21.830
22.310
22.010
24.450
23.190
22.950
22.600
23.120
22.850
22.070
21.880
21.200
22.070
21.180
20.600
20.240
21.550
20.360
19.880
22.090
22.880
22.000
21.340
21.000
21.380
19.440
19.490
17.720
19.690
21.880
24.310
27.010
28.380
26.600
27.900
31.000
32.150
31.750
31.690
33.100
33.470
33.100
33.370
34.040
32.660
32.770
32.080
33.000
32.650
31.970
32.120
32.500
32.570
30.540
29.580
31.050
30.900
29.500
28.890
27.820
27.280
27.280
26.520
27.060
27.580
27.000
26.860
27.100
26.250
25.950
26.530
28.090
28.690
28.680
29.320
28.960
30.380
30.200
30.180
29.540
28.650
27.840
28.230
27.950
27.250
28.790
29.190
28.910
28.150
29.380
30.470
29.930
30.080
29.730
29.470
30.420
30.350
28.890
29.230
28.270
28.170
28.030
28.880
28.400
27.780
27.710
27.020
27.180
26.700
26.870
27.150
26.640
27.220
27.880
27.280
28.100
26.420
26.460
25.920
27.100
26.600
26.920
25.950
25.910
25.910
26.160
24.860
25.730
26.990
26.690
27.000
27.490
26.880
25.740
23.400
23.770
23.800
22.690
22.960
22.590
21.820
21.590
23.180
22.650
22.170
22.740
22.750
23.200
23.750
24.230
23.520
23.480
21.700
21.360
22.100
22.350
21.750
21.250
21.770
22.350
23.090
22.770
23.360
23.350
23.680
23.870
23.940
23.210
22.000
22.510
22.390
22.660
22.540
21.970
21.930
21.700
22.180
22.250
22.410
21.640
21.270
19.900
20.020
19.050
18.750
19.030
19.290
18.500
18.310
19.150
19.160
18.710
18.300
18.360
18.320
18.070
17.970
17.520
17.360
17.640
17.510
17.430
17.570
18.330
18.030
18.000
18.230
18.200
18.450
18.540
18.420
18.180
18.080
17.980
17.720
17.890
17.960
18.040
18.650
18.820
18.440
18.480
18.930
18.960
18.850
19.290
18.860
18.450
16.770
16.690
17.110
17.070
16.700
16.100
16.400
16.380
16.190
16.360
15.830
15.650
15.350
15.450
15.070
15.180
15.070
15.240
15.270
15.120
14.880
14.680
14.710
14.880
