5.490
5.480
5.490
5.520
5.520
5.560
5.570
5.610
5.600
5.540
5.650
5.590
5.630
5.600
5.540
5.530
5.550
5.410
5.380
5.430
5.520
5.510
5.440
5.420
5.400
5.440
5.550
5.280
5.400
5.440
5.140
5.120
5.220
5.440
5.490
5.690
5.440
5.450
5.430
5.320
5.410
5.420
5.460
5.690
5.830
5.900
5.930
5.940
5.950
6.020
6.050
6.110
6.140
6.150
6.240
6.310
6.320
6.410
6.440
6.500
6.430
6.470
6.490
6.510
6.520
6.410
6.480
6.530
6.570
6.620
6.630
6.580
6.580
6.640
6.650
6.840
6.790
6.610
6.650
6.620
6.620
6.730
6.780
6.820
6.820
6.810
6.950
6.840
6.810
6.860
6.890
6.940
6.940
7.080
6.940
7.180
6.750
6.730
6.750
6.740
6.690
6.690
6.670
6.500
6.510
6.520
6.520
6.520
6.510
6.530
6.500
6.540
7.120
7.130
7.400
7.440
7.460
7.450
7.470
7.640
7.820
7.820
7.870
7.950
8.040
7.910
8.000
7.910
7.950
7.880
7.880
7.940
8.080
8.130
8.220
7.990
7.580
7.500
7.520
7.440
7.460
7.560
7.370
7.400
7.230
7.300
7.270
7.340
7.160
7.070
7.110
7.120
7.090
7.100
7.110
7.090
7.110
7.090
7.000
7.040
6.910
6.900
6.950
7.020
7.060
7.050
6.960
6.960
6.950
7.010
7.110
7.300
7.300
7.340
7.330
7.350
7.330
7.350
7.400
7.350
7.290
7.330
7.400
7.360
7.470
7.410
7.460
7.540
7.640
7.550
7.740
7.100
7.090
7.040
6.990
6.940
6.930
6.810
6.810
6.810
6.900
7.010
7.060
7.460
7.490
7.480
7.570
7.680
7.640
7.650
7.730
7.990
7.830
8.060
7.910
7.780
7.680
7.560
7.530
7.500
7.580
7.430
7.540
7.550
7.640
7.420
7.460
7.150
7.510
7.700
7.820
7.780
7.940
7.890
8.050
7.660
10.690
10.650
10.740
10.840
10.840
10.860
10.880
10.590
10.680
10.790
10.570
10.590
10.540
10.650
10.630
10.880
11.580
11.510
11.510
11.640
11.300
11.360
11.410
11.400
11.150
11.240
11.220
11.660
11.680
11.690
12.070
12.130
12.560
12.080
12.630
11.780
12.460
12.350
12.600
11.700
12.110
11.060
11.180
11.200
11.110
10.580
10.970
10.590
10.480
9.650
9.320
9.190
9.120
9.350
9.010
8.980
9.160
9.220
9.430
9.280
9.250
9.180
8.750
8.670
8.830
9.540
9.660
9.500
9.670
9.260
9.360
9.110
9.030
8.620
8.990
9.130
8.960
9.100
8.930
8.780
8.780
8.890
9.670
9.900
9.790
10.100
10.080
10.080
9.830
10.100
10.150
10.330
10.500
10.900
11.300
11.460
11.900
11.900
12.840
13.350
13.290
12.650
13.090
12.980
13.280
13.950
13.440
13.500
13.470
13.070
13.140
13.160
13.190
12.390
12.560
12.230
12.530
12.540
12.600
12.860
12.890
12.270
12.390
13.330
14.090
13.630
13.730
13.760
13.610
13.740
14.790
15.870
14.870
14.380
14.260
14.460
14.560
14.610
13.860
12.900
11.730
10.850
10.980
11.290
10.830
11.180
11.090
11.420
10.720
10.500
11.190
10.960
11.360
10.980
10.600
10.650
10.700
10.800
10.230
9.960
9.280
9.340
9.270
9.050
9.200
9.250
9.220
9.780
9.070
8.940
9.080
9.030
8.970
9.910
10.040
10.130
10.330
9.870
10.200
9.910
9.980
9.850
10.280
9.450
9.870
9.800
11.420
12.770
13.150
13.220
14.770
14.310
14.580
13.950
14.180
14.060
14.280
13.330
13.350
13.820
13.940
13.620
13.570
13.700
13.630
13.550
14.090
14.940
14.960
14.770
15.070
14.910
14.950
14.370
15.180
15.840
16.620
15.580
14.160
13.200
14.870
14.260
14.580
15.800
16.850
16.950
17.800
19.640
20.200
19.790
19.750
20.440
21.000
21.350
22.050
22.200
22.140
22.100
22.390
23.290
23.430
23.690
22.850
22.430
21.780
21.520
20.420
22.600
22.770
22.860
22.880
21.100
19.350
19.450
19.890
18.740
19.220
19.590
19.800
20.370
19.950
18.640
18.550
18.900
19.640
19.400
19.870
20.180
20.460
20.090
19.980
20.840
20.880
19.900
19.850
20.160
20.030
20.980
20.770
20.210
20.140
21.550
20.540
19.500
19.590
18.880
18.830
19.240
18.400
18.280
18.410
18.370
18.540
18.580
18.970
17.690
17.870
17.770
17.440
17.580
17.750
16.700
16.700
16.260
17.250
17.380
17.010
17.950
18.040
17.390
17.610
16.630
17.180
17.180
15.950
16.290
15.870
15.980
15.950
15.850
15.360
15.670
15.760
15.730
15.280
15.680
15.750
16.250
16.350
16.380
16.980
15.470
15.340
14.560
15.130
16.700
16.710
16.350
16.470
17.030
17.340
17.660
18.200
17.530
17.560
17.990
17.760
18.680
18.290
16.890
17.290
17.330
17.400
17.900
18.880
20.000
18.920
17.380
17.680
17.110
18.550
21.700
20.530
18.780
17.070
16.850
15.990
15.180
14.880
13.530
12.680
12.160
12.400
11.460
10.910
10.920
10.940
11.230
11.190
11.510
11.370
11.750
11.300
11.520
10.920
10.960
10.080
10.180
10.190
9.920
10.040
9.660
9.570
9.920
9.970
10.170
10.190
10.100
10.050
10.070
10.270
10.090
9.950
10.130
10.170
10.140
10.180
10.380
10.220
10.160
10.210
9.850
9.810
9.800
9.840
9.740
9.970
9.940
9.860
10.040
9.820
9.880
10.050
9.910
9.840
9.820
9.610
9.590
9.730
9.740
9.750
9.960
10.070
10.120
10.160
10.050
10.090
10.080
10.070
10.080
9.970
10.080
9.990
10.100
10.150
10.260
10.150
10.060
10.040
10.140
10.130
10.430
9.560
9.660
9.370
9.260
9.230
9.350
9.300
9.390
9.400
9.440
9.260
9.220
9.360
9.350
