10.440
10.450
10.320
10.320
10.260
10.210
10.320
10.340
9.920
9.950
10.130
10.200
10.230
10.120
10.090
10.050
10.080
9.920
10.000
10.130
10.210
10.000
9.870
9.750
9.610
9.700
9.860
9.820
9.660
9.430
9.780
9.990
9.920
9.900
9.970
9.810
9.740
9.900
10.000
10.470
10.420
10.770
10.780
10.900
11.130
11.110
11.080
11.030
10.960
11.000
11.160
11.090
11.130
11.200
11.500
11.790
12.000
12.000
12.070
12.130
12.330
12.510
12.510
12.310
12.430
12.590
12.940
13.050
12.960
12.960
12.900
13.000
13.080
13.040
13.020
12.830
12.820
12.900
12.960
12.940
13.070
13.040
13.050
12.930
12.840
13.020
12.910
12.830
12.920
12.960
12.840
12.870
12.790
12.650
12.590
12.610
12.750
12.770
12.720
12.780
12.690
12.580
12.700
12.600
12.690
12.500
12.580
12.490
12.440
12.400
12.120
12.210
12.480
12.440
12.900
13.170
13.200
13.370
13.500
13.380
13.400
13.320
12.990
13.070
12.830
12.920
13.130
12.980
12.930
13.030
12.800
12.690
12.790
12.700
12.600
12.550
12.680
12.580
14.020
13.840
13.870
13.890
13.780
13.690
13.900
13.810
13.740
14.190
14.160
14.300
14.310
14.250
14.100
14.220
14.250
14.400
14.390
14.510
14.340
14.400
14.140
14.180
14.100
14.390
14.360
14.270
14.260
14.400
14.490
14.580
14.690
14.570
14.660
14.740
14.950
14.800
15.020
14.700
14.510
14.500
14.690
14.610
14.600
14.270
14.610
14.330
14.350
13.960
13.970
13.880
13.970
13.860
13.700
13.930
14.000
14.640
14.460
14.550
14.740
14.490
14.400
14.360
14.400
14.300
13.800
13.760
13.860
14.010
13.910
14.390
13.930
14.040
14.010
13.860
13.550
13.390
13.780
13.900
13.850
13.700
13.690
13.770
13.510
13.480
14.160
13.990
14.240
15.460
15.450
14.810
14.720
14.980
14.500
14.390
14.280
14.300
14.330
14.200
14.400
14.010
13.930
13.870
14.150
14.370
13.990
14.100
14.210
14.350
14.400
13.690
13.820
14.170
12.870
13.250
12.760
12.630
12.570
11.780
11.450
12.190
12.590
12.550
12.240
12.070
11.940
11.970
11.480
11.290
11.360
11.400
11.490
11.540
11.420
11.200
11.230
11.590
11.500
11.290
11.200
11.360
11.520
11.430
12.370
13.030
13.010
12.880
12.480
12.450
12.690
12.490
12.330
12.170
12.100
12.340
13.180
13.260
13.500
13.570
13.400
13.000
13.250
12.570
12.650
13.070
12.750
12.360
12.430
12.550
12.100
12.450
12.890
12.660
12.580
12.510
12.390
12.450
11.550
11.150
11.360
11.490
11.300
10.820
11.330
11.190
11.290
11.180
11.510
11.500
10.800
10.690
11.790
12.300
13.600
13.280
13.250
13.400
13.100
13.600
13.130
12.970
11.370
11.730
11.500
11.200
11.000
11.040
10.850
11.690
13.080
14.300
14.250
14.250
14.260
14.900
14.180
13.550
13.690
12.960
13.630
13.130
14.650
15.710
16.300
16.000
15.910
18.800
19.300
17.550
17.670
17.900
17.840
17.800
18.170
17.900
18.030
18.890
18.200
17.860
17.050
16.600
16.510
16.790
15.600
15.500
14.450
13.750
13.630
13.340
13.080
13.230
14.720
15.460
14.620
14.820
14.870
14.890
14.860
15.310
15.110
14.600
14.800
14.980
14.660
14.280
13.920
13.900
14.250
13.770
14.010
14.970
14.000
13.880
14.440
13.400
13.350
12.900
11.600
12.640
12.360
12.670
12.750
11.900
12.280
12.250
11.800
11.520
11.600
11.370
11.390
10.350
10.250
10.800
10.750
10.480
10.820
9.900
9.960
9.950
9.190
9.690
11.230
10.760
10.800
10.420
9.890
9.770
9.390
10.600
11.610
11.000
10.260
10.420
10.320
12.010
13.070
14.000
13.300
15.800
14.700
14.080
13.330
13.350
13.800
13.120
12.600
11.880
11.730
11.000
11.040
11.600
12.250
11.800
11.340
13.300
14.400
13.900
13.600
12.370
12.480
11.650
10.500
12.650
12.280
11.600
10.210
7.950
8.830
10.320
13.300
12.580
14.380
16.390
15.500
18.200
19.440
20.760
20.400
21.000
23.000
23.600
23.590
24.980
26.310
26.200
24.580
23.900
25.000
24.170
24.150
25.500
27.200
26.700
24.900
24.000
26.050
26.120
23.330
22.690
25.960
22.130
21.290
20.550
20.290
18.500
18.880
17.620
17.800
16.250
15.800
15.300
16.000
16.930
16.810
16.840
15.820
15.780
15.460
14.380
14.980
14.350
13.820
14.590
15.010
14.510
15.000
15.500
13.700
13.350
13.900
14.440
14.050
13.980
13.990
13.460
13.060
13.200
13.030
13.190
13.180
13.570
13.370
13.550
13.240
13.030
13.300
12.720
12.220
12.280
12.330
12.380
12.250
12.700
12.710
12.350
12.710
12.200
12.120
11.970
12.260
12.320
12.490
12.300
11.680
10.680
10.240
10.030
10.150
10.300
10.600
10.590
10.550
10.300
10.630
10.590
10.730
10.840
10.630
10.670
10.790
10.680
10.080
10.000
10.140
10.080
10.150
10.030
10.110
10.390
10.220
10.360
10.120
10.100
10.030
10.000
10.170
10.320
10.360
10.110
10.160
10.270
10.450
10.460
10.860
11.140
10.660
10.540
10.450
10.000
10.370
10.710
11.190
11.100
11.090
11.080
11.360
11.550
11.050
11.180
11.100
11.400
11.290
10.820
10.500
10.180
10.030
10.200
10.840
10.050
9.940
9.960
10.060
10.040
10.100
10.230
10.170
10.290
10.180
10.100
9.820
9.730
9.650
10.370
10.390
10.790
10.660
11.110
11.210
10.960
10.750
10.700
10.830
11.000
10.690
10.620
10.500
10.540
10.680
10.470
10.450
10.600
10.380
10.370
10.340
10.960
10.900
10.750
10.950
10.750
10.310
10.160
9.770
9.760
9.660
9.350
9.310
9.350
9.500
19.500
19.880
19.940
19.550
18.780
18.640
18.460
18.200
18.500
17.960
17.950
17.700
17.530
17.740
17.860
17.990
17.650
17.410
17.470
17.450
17.200
17.040
16.800
16.970
16.970
16.730
16.910
17.070
17.600
17.520
17.270
17.200
16.800
16.690
16.440
