9.220
9.200
9.180
8.900
8.850
8.720
8.710
8.750
8.750
8.580
8.700
8.600
8.610
8.620
8.500
8.790
8.540
8.480
8.490
8.640
8.200
8.180
8.030
8.100
8.100
7.770
7.750
7.440
7.300
7.530
7.640
7.860
7.700
7.790
7.800
7.660
7.600
7.670
7.790
7.910
8.180
8.390
8.360
8.420
8.250
8.290
8.040
7.980
8.010
8.040
8.300
8.360
8.300
8.200
8.290
8.450
8.760
8.880
9.030
8.770
8.740
8.650
8.540
8.630
8.540
8.850
8.900
8.900
8.890
8.950
9.020
8.970
8.990
9.180
9.260
9.300
9.360
9.460
9.460
9.370
9.490
9.690
9.690
9.280
9.200
9.410
9.440
9.480
9.530
9.680
9.840
10.170
9.990
9.090
8.970
8.870
9.010
8.920
8.850
9.120
9.140
9.160
9.150
9.140
9.090
9.070
9.150
9.350
9.950
10.040
10.010
10.220
10.420
10.080
10.240
9.980
10.080
10.450
9.830
9.750
9.910
10.130
9.790
9.500
9.390
9.700
9.770
9.730
10.080
9.750
8.880
9.160
9.350
9.370
9.390
9.250
8.690
9.450
9.870
9.360
8.930
8.400
8.550
8.670
8.530
8.550
8.740
8.910
8.850
8.850
9.050
9.090
8.800
8.570
8.550
9.020
8.400
8.420
8.390
8.300
8.240
8.250
8.170
8.180
8.200
8.180
8.020
8.070
8.160
8.150
8.140
8.270
8.590
8.080
7.850
7.860
7.820
7.870
7.840
7.770
7.780
7.750
7.760
7.800
7.520
7.480
7.490
7.510
7.480
7.470
7.540
7.570
7.610
7.590
7.740
7.750
7.710
7.610
7.620
7.670
7.710
7.720
7.730
7.740
7.850
7.760
7.850
7.880
7.650
7.620
7.650
7.540
7.560
7.570
7.280
7.240
7.280
7.270
7.310
7.350
7.300
7.300
7.330
7.370
7.420
7.340
7.490
7.490
7.390
7.390
7.410
7.360
7.540
7.640
7.650
7.650
7.600
7.500
7.430
7.530
7.390
7.480
7.210
7.130
7.060
6.990
7.060
7.090
6.730
6.770
6.820
6.820
6.820
6.840
6.910
7.040
7.130
6.940
7.130
7.200
7.360
7.420
7.270
7.140
7.170
6.980
6.820
6.830
6.830
7.030
7.000
7.080
7.020
7.100
7.340
7.450
7.380
7.490
7.430
7.550
7.570
7.670
8.000
8.040
8.020
7.920
7.700
7.590
7.720
7.610
7.550
7.570
7.480
7.740
7.750
7.760
7.840
7.840
7.670
7.590
7.920
7.650
7.940
7.960
8.050
7.600
7.550
7.670
7.630
7.660
7.280
6.950
7.020
7.110
7.050
7.000
6.860
6.850
6.880
6.590
6.370
6.460
6.460
6.530
6.550
6.520
6.560
6.510
6.320
6.490
6.530
7.160
7.120
7.150
7.180
7.090
7.080
7.070
7.050
6.840
6.950
7.000
6.820
6.750
6.760
6.700
6.590
6.630
7.030
7.050
6.960
6.980
6.940
6.880
6.620
6.740
6.680
6.770
6.710
7.180
7.370
7.650
7.780
7.880
8.620
8.780
8.790
8.750
8.890
8.900
9.000
9.290
9.040
8.920
8.840
8.550
8.280
7.950
7.810
7.720
7.820
7.860
7.900
7.960
7.890
7.910
7.760
7.870
7.890
8.530
8.560
8.250
8.160
8.170
8.140
8.010
8.230
8.480
7.920
7.920
8.170
8.160
8.210
8.190
8.110
8.030
7.940
7.740
7.850
7.970
7.940
8.100
8.180
8.490
8.640
8.720
8.530
8.030
7.640
7.780
7.570
7.450
7.520
7.290
6.970
6.990
6.660
6.670
6.640
6.710
6.820
6.880
6.870
6.990
6.850
6.640
6.840
6.820
6.600
7.450
7.300
7.070
7.100
6.840
6.730
6.790
7.170
7.540
7.740
7.270
7.290
7.290
8.100
9.350
9.780
9.880
10.720
10.850
11.000
10.160
11.090
10.590
9.630
8.780
8.510
8.570
8.600
8.270
8.360
8.680
8.500
8.340
8.950
9.480
9.500
9.270
9.520
9.380
8.600
8.220
8.600
9.540
9.170
8.340
7.580
6.940
8.200
10.290
10.300
11.600
12.230
11.970
11.280
11.860
12.770
12.870
12.680
13.320
14.090
13.900
14.460
15.050
14.520
14.490
14.700
13.710
13.800
14.000
13.550
12.970
12.700
11.990
11.680
12.790
12.800
11.990
11.870
11.460
11.130
11.260
11.140
11.100
10.820
10.820
10.710
10.660
10.360
10.030
10.040
10.380
10.640
10.620
10.820
10.850
11.110
11.250
11.090
11.180
10.860
10.690
10.800
10.950
10.860
11.200
11.390
11.840
12.000
11.010
11.070
11.150
10.500
10.390
10.300
10.400
10.500
9.990
10.190
10.050
9.830
9.880
9.870
9.930
10.000
10.110
9.280
9.220
9.270
9.050
8.990
8.960
8.890
8.940
8.950
9.020
8.960
8.880
8.880
8.880
8.800
8.800
8.720
8.710
8.610
8.500
8.540
8.550
8.700
8.890
8.880
8.850
8.860
8.900
8.860
8.930
9.020
9.010
9.120
8.910
8.940
8.930
9.370
9.290
9.200
9.340
9.400
9.420
9.340
9.260
9.100
9.120
9.070
9.210
9.130
8.910
8.930
8.950
8.660
8.790
9.000
8.960
8.470
8.500
8.510
8.410
8.150
8.140
8.070
8.120
8.190
8.530
8.530
8.420
8.350
8.420
8.440
8.490
8.380
8.370
8.350
8.300
8.250
8.310
8.310
8.310
8.230
8.260
8.290
8.590
8.630
8.450
8.470
8.480
8.530
8.500
8.270
8.470
8.530
8.460
8.430
8.280
8.460
8.670
8.860
8.850
8.700
8.790
8.850
9.000
9.150
8.840
8.800
8.790
8.780
8.730
8.710
8.730
8.700
8.550
8.540
8.580
8.640
8.660
8.860
8.880
8.910
8.720
8.650
8.760
8.840
8.540
8.550
8.480
8.360
8.550
8.690
8.660
8.790
8.620
8.530
8.540
8.600
8.590
8.460
8.420
8.350
8.390
8.460
8.140
8.070
8.180
8.160
8.120
8.120
8.070
8.040
8.010
7.990
7.970
7.850
7.810
7.740
7.700
7.740
7.770
7.890
7.870
7.750
7.770
7.730
7.680
7.860
7.920
