20.220
20.200
20.160
20.170
20.100
20.190
20.240
20.390
20.240
20.380
20.430
20.670
20.600
20.310
20.310
20.220
20.200
20.270
20.880
20.770
20.500
20.510
20.210
20.360
20.040
20.360
20.660
21.490
19.890
19.450
20.440
21.200
20.700
20.610
20.800
20.520
20.760
20.950
20.820
21.380
21.150
21.080
21.870
22.170
22.300
22.210
22.610
22.560
22.340
22.380
23.400
23.600
23.690
24.420
25.310
26.140
25.810
24.840
25.070
24.860
24.200
24.980
25.000
24.480
25.230
25.200
25.150
24.670
25.250
25.650
26.000
24.270
25.200
23.840
22.160
21.830
21.670
21.870
21.850
22.190
22.360
22.130
22.060
22.090
21.910
22.170
22.300
22.100
22.220
22.330
22.500
22.470
22.350
22.160
22.230
22.430
22.240
22.100
22.330
22.310
21.800
21.660
21.730
21.740
21.660
23.000
21.600
21.400
21.500
21.730
21.290
21.140
21.440
21.490
22.500
22.880
23.530
23.710
23.590
23.700
23.190
22.930
22.810
22.680
22.630
22.700
22.720
22.930
22.960
23.250
23.550
22.960
22.670
22.770
22.880
22.940
22.920
23.590
24.840
24.940
24.820
24.980
24.380
24.360
24.550
24.650
24.200
24.150
23.750
23.570
23.740
24.100
24.000
23.780
24.310
24.200
24.360
24.100
23.680
23.500
23.150
23.040
23.270
23.130
23.000
23.150
23.070
23.560
23.570
23.580
23.900
24.480
23.950
23.590
23.860
23.650
23.650
23.330
23.840
23.600
23.360
23.150
22.870
22.750
22.700
22.650
23.480
24.050
24.100
24.080
24.490
24.260
22.160
22.280
22.470
23.100
22.840
23.300
22.610
22.460
22.450
22.680
22.760
22.720
22.570
22.630
22.770
23.040
23.110
23.370
23.440
23.310
23.260
23.500
23.120
22.440
22.690
22.920
22.820
22.710
22.560
22.560
22.570
22.500
22.390
23.180
23.490
24.960
24.880
24.860
24.790
24.750
24.870
24.770
25.190
25.880
25.300
25.650
25.250
24.770
24.500
24.440
24.520
25.540
24.300
23.700
23.850
23.610
23.570
22.950
22.990
23.030
23.090
23.770
23.800
23.620
24.150
22.400
22.100
23.490
23.400
22.630
23.170
23.090
22.660
22.670
22.330
21.650
21.730
21.770
21.970
22.000
21.780
21.180
21.360
21.390
21.950
21.860
21.870
21.490
21.890
21.950
22.500
24.080
23.970
24.080
23.860
23.500
23.700
24.200
23.860
23.990
23.290
23.620
24.930
24.960
25.240
25.750
25.880
25.870
25.360
25.490
25.150
26.300
26.350
25.960
26.430
27.090
26.700
26.900
27.540
27.180
27.800
25.600
26.000
24.600
24.280
22.310
21.500
21.530
21.600
20.690
21.360
21.700
21.930
22.070
22.190
22.360
21.790
20.710
21.570
22.250
24.130
24.440
24.180
23.790
23.150
23.880
23.520
22.630
21.660
22.500
22.450
22.000
22.500
21.900
21.750
21.800
21.950
23.750
24.470
24.090
25.030
26.160
24.810
23.780
24.180
24.190
24.230
24.880
25.100
26.660
27.700
28.500
28.250
31.780
32.360
31.940
32.020
33.690
32.800
32.490
33.300
33.290
33.190
33.800
34.750
33.960
33.790
32.850
31.170
31.380
31.790
32.800
33.500
33.110
32.650
31.580
31.490
32.670
35.200
36.400
36.990
35.080
35.880
36.080
35.150
35.930
37.790
36.680
38.550
39.630
36.850
36.650
36.500
36.270
36.980
35.240
33.700
35.580
36.500
36.250
36.960
36.470
37.800
36.780
37.980
39.140
38.900
40.990
38.420
36.810
37.590
35.750
35.430
32.880
32.840
30.880
30.880
29.180
29.470
30.040
30.590
28.690
28.450
28.880
26.500
25.400
23.090
23.250
26.680
25.890
26.070
24.010
22.560
21.500
22.600
23.560
25.500
24.130
21.990
23.980
23.700
27.250
30.060
31.290
32.490
35.220
35.670
37.380
35.500
36.020
37.330
33.940
31.300
30.580
28.500
27.680
28.360
29.700
30.340
27.640
27.660
30.600
31.570
31.750
30.260
30.480
30.000
28.320
26.680
27.100
28.670
26.090
23.720
21.560
20.500
23.080
27.640
28.580
31.200
35.490
33.170
35.250
36.000
40.410
40.390
38.940
41.700
45.360
46.550
47.870
48.050
48.290
48.800
51.920
54.100
50.330
50.330
49.880
50.810
53.950
51.260
48.450
53.630
54.970
53.190
49.000
48.500
48.770
45.500
43.490
44.000
44.270
46.250
46.800
47.610
44.970
41.360
41.990
41.700
43.150
42.500
43.500
42.500
43.850
44.180
43.900
47.630
48.500
45.800
46.700
47.690
43.350
41.420
41.980
38.880
38.850
39.770
41.980
41.930
39.350
38.750
35.790
36.000
36.660
34.860
34.880
34.700
35.890
35.110
35.470
35.900
35.000
34.480
33.640
33.400
34.100
34.400
34.370
33.700
34.190
34.800
36.450
36.600
34.000
33.940
33.000
32.780
33.050
32.950
33.050
33.000
32.700
32.450
31.880
33.080
33.410
33.500
33.860
32.600
32.390
35.820
36.480
35.840
36.800
34.150
33.990
32.500
31.500
30.300
30.740
33.200
31.000
31.460
29.970
29.950
31.200
33.150
31.300
28.870
28.210
29.100
28.160
28.290
28.260
28.200
27.020
28.270
32.250
31.850
32.870
32.000
32.320
31.490
30.890
30.450
30.680
32.790
34.440
34.680
33.300
30.980
30.500
29.480
30.000
31.290
30.460
32.150
30.610
30.990
31.860
30.400
30.720
28.200
26.400
26.690
27.460
28.480
27.280
25.750
23.740
22.570
22.350
21.400
20.600
20.770
20.850
18.980
17.470
17.290
16.990
17.600
17.970
17.890
17.760
18.150
18.600
18.940
18.780
18.880
19.230
18.470
18.480
18.700
19.500
18.100
16.570
16.400
15.750
15.590
15.290
15.460
16.350
16.400
16.250
16.370
16.460
16.880
16.590
16.550
16.930
16.500
15.890
15.750
16.440
15.120
15.120
15.370
15.590
15.760
15.800
15.800
15.190
14.960
15.130
15.550
15.700
15.840
15.750
15.860
15.740
15.910
16.000
16.150
16.300
15.830
16.130
15.140
14.680
15.160
15.460
15.560
15.330
15.680
14.800
14.000
14.800
14.100
14.230
14.440
14.410
13.100
