11.790
12.120
12.080
11.990
11.910
11.980
12.020
11.910
11.750
11.610
11.740
12.180
12.160
12.110
11.950
11.870
11.630
11.450
11.480
11.680
11.710
11.370
11.250
11.100
10.800
11.050
11.680
11.850
11.610
11.430
11.560
11.930
12.890
13.000
13.030
13.320
13.020
13.030
12.820
12.760
13.130
13.120
13.270
13.460
13.700
13.610
13.990
14.400
14.300
14.600
14.420
14.230
14.630
14.250
14.000
14.430
14.410
14.610
14.910
14.890
15.050
15.100
15.410
15.530
15.350
15.320
15.280
15.530
15.750
16.010
15.930
15.730
15.280
15.380
15.300
15.180
15.090
15.010
15.070
15.010
15.010
15.030
15.300
15.380
15.180
15.030
15.150
15.400
15.400
15.370
15.610
15.400
15.250
15.060
15.420
14.610
14.570
14.600
14.850
14.900
14.970
14.570
14.250
14.380
14.390
14.400
14.470
14.450
14.370
14.340
14.300
13.940
13.900
13.750
13.550
13.560
15.000
15.150
15.360
15.440
15.420
15.310
15.330
15.250
15.200
15.080
15.150
15.100
15.280
15.080
15.500
15.220
15.220
15.200
15.160
15.400
15.290
15.280
15.210
15.410
16.580
16.640
16.570
16.600
16.980
17.170
17.080
17.050
17.150
17.260
16.920
17.110
17.080
17.080
17.030
17.250
17.330
17.500
17.390
17.450
17.250
16.960
16.710
17.210
17.140
17.620
17.660
17.750
17.700
17.830
17.830
17.930
17.890
17.830
17.800
17.880
17.650
17.820
18.190
18.250
18.260
18.490
18.380
18.210
18.150
18.110
18.010
19.060
19.320
19.410
19.600
19.800
19.280
19.600
19.510
18.750
18.750
18.530
18.500
18.110
18.520
18.390
18.500
18.820
18.650
18.320
18.320
18.210
18.080
17.850
17.980
18.190
18.210
18.400
18.680
18.240
18.100
17.960
18.150
18.150
17.500
18.250
18.200
18.400
18.380
18.360
19.870
20.080
19.140
20.170
19.100
19.100
19.220
19.380
18.570
18.360
18.910
18.910
18.530
18.020
18.300
18.310
18.410
18.880
18.880
18.330
17.800
17.400
17.530
16.700
16.550
15.000
15.980
15.900
15.940
15.910
16.280
16.200
15.560
15.530
15.850
17.240
17.630
17.530
17.420
17.400
17.040
16.010
15.930
16.320
16.100
16.830
16.820
16.770
16.370
16.720
16.580
17.280
17.270
17.020
18.020
20.020
22.240
24.710
26.600
25.720
24.400
23.580
24.500
26.010
26.080
25.760
25.800
25.350
25.500
24.600
25.240
27.320
25.710
24.450
24.130
23.920
23.900
24.900
23.510
24.800
24.000
23.480
23.180
22.060
21.770
23.950
23.200
23.500
21.600
20.890
21.000
19.550
19.550
19.700
21.000
20.400
20.150
17.210
17.500
16.540
18.270
19.600
19.000
17.110
16.880
18.760
20.840
23.000
24.040
22.520
25.020
27.340
27.200
25.250
26.400
25.300
24.150
23.200
22.020
23.200
21.000
22.120
24.010
26.500
23.300
24.070
24.500
24.440
22.220
18.330
19.710
17.920
15.900
12.110
13.460
14.950
16.610
18.460
20.510
22.370
21.890
24.320
27.020
28.800
28.680
26.150
29.020
31.000
30.500
32.000
35.270
38.930
37.000
36.030
36.000
36.670
38.420
37.130
38.400
38.000
33.730
29.520
31.550
31.300
30.400
29.850
30.900
32.000
33.010
32.120
30.370
29.190
29.910
28.450
27.830
23.630
21.550
21.400
19.960
20.650
18.770
17.060
15.510
14.100
12.820
11.650
10.590
9.630
8.750
7.950
7.010
6.870
6.890
7.350
7.240
7.080
7.080
7.070
7.240
7.130
7.060
7.070
7.090
6.980
7.010
7.110
6.990
6.840
6.710
6.710
6.480
6.380
6.300
6.270
6.240
6.170
6.020
5.980
6.160
6.060
6.050
5.950
5.860
5.910
5.930
5.820
5.760
5.790
5.780
5.760
