10.850
10.900
10.850
10.780
10.770
10.790
10.870
11.020
10.860
10.750
11.210
11.240
11.240
11.100
11.170
11.200
11.270
11.070
11.160
11.380
11.610
11.640
11.730
11.900
11.930
12.370
11.950
12.100
11.650
11.240
11.860
12.330
12.490
13.690
13.230
13.090
12.400
11.480
10.510
11.260
10.600
10.890
11.070
11.130
10.900
11.070
10.690
10.760
11.210
11.380
11.950
11.970
12.210
12.350
12.500
12.480
12.750
12.850
13.010
13.200
13.210
13.380
13.990
12.810
12.480
12.810
13.080
13.130
13.210
13.210
13.290
13.260
13.260
13.390
13.490
13.500
13.450
13.490
13.490
13.440
13.550
13.740
13.770
13.420
13.380
13.490
13.520
13.580
13.810
13.850
13.700
13.730
13.580
13.440
13.550
13.530
13.620
13.730
13.770
13.810
13.820
13.660
13.590
13.600
13.610
13.000
13.640
13.570
13.560
13.590
13.600
13.350
13.360
13.360
13.780
14.230
14.320
14.410
14.530
14.580
14.540
14.700
14.400
14.440
14.320
14.400
14.470
14.430
14.140
14.590
14.770
14.950
14.760
13.610
13.770
13.600
13.450
13.600
14.380
14.440
14.460
14.450
14.530
14.560
14.930
14.760
14.860
14.950
15.220
15.090
14.250
14.560
13.900
13.950
13.910
13.900
13.970
13.950
14.020
14.170
14.170
14.220
14.220
14.220
14.200
14.340
14.290
14.590
14.590
14.370
14.030
14.110
14.160
14.250
14.300
14.250
14.310
14.060
14.150
14.100
14.280
14.270
14.040
14.000
13.870
13.830
14.140
14.260
14.350
14.030
14.210
14.190
14.210
14.600
14.870
15.450
15.270
14.860
14.870
14.860
15.040
15.090
15.130
15.100
15.300
15.480
15.150
14.950
15.250
15.350
15.150
14.680
14.890
13.760
13.490
13.260
13.400
13.590
13.580
13.580
13.480
13.220
13.180
13.180
13.360
13.430
13.330
13.790
13.940
14.080
13.540
13.900
13.550
13.150
13.180
13.490
13.440
13.550
13.480
13.720
13.740
13.900
13.540
13.800
13.340
13.130
13.170
13.000
12.970
12.660
12.670
12.950
12.990
13.180
12.980
13.220
13.080
13.040
12.810
13.440
13.500
12.690
12.940
12.980
13.000
13.130
12.980
12.630
12.610
12.480
12.570
12.660
12.750
12.350
12.500
12.500
13.160
12.730
12.960
12.770
11.880
11.720
11.970
11.900
11.700
11.620
11.140
10.800
10.990
11.090
10.920
10.890
10.940
11.140
11.680
11.790
11.870
11.780
11.870
11.980
11.940
11.620
11.580
11.880
10.930
10.710
10.680
10.930
10.900
10.830
10.960
10.800
10.150
10.380
10.420
10.500
10.220
9.820
9.670
9.750
9.860
9.390
9.750
9.900
9.970
10.070
10.290
10.490
9.760
9.420
10.030
10.200
11.200
11.050
11.130
11.090
10.930
11.250
10.980
10.850
10.480
10.930
10.720
10.340
10.420
10.180
9.820
9.740
9.910
10.740
10.980
10.930
11.380
10.750
10.800
10.350
10.640
10.680
10.990
10.990
11.800
12.400
13.190
13.520
13.780
15.160
15.580
15.650
15.480
16.100
16.170
16.330
16.420
15.480
14.870
14.870
14.960
14.670
14.650
14.340
14.370
14.720
15.200
15.480
15.420
15.850
15.690
15.760
16.330
15.740
16.700
16.670
16.380
16.860
17.140
16.920
16.330
16.510
17.350
17.080
17.240
16.850
15.790
16.100
15.990
14.830
15.100
14.700
14.500
14.160
13.510
13.300
13.550
13.870
13.600
14.220
12.960
12.680
12.050
11.640
11.540
11.320
11.430
11.460
11.180
10.500
10.440
9.950
9.960
10.090
10.220
10.560
10.440
10.300
10.670
10.340
9.850
10.280
10.040
9.760
11.230
11.430
11.490
11.220
10.840
10.500
10.510
11.290
12.000
12.090
12.100
12.840
13.010
15.330
16.780
17.420
16.650
17.720
18.010
16.640
16.460
16.860
17.090
16.800
15.920
15.340
15.940
15.800
15.280
15.750
16.900
16.950
17.000
18.550
18.500
18.670
18.640
18.650
21.120
21.100
20.880
19.800
19.870
18.550
19.190
19.690
19.120
19.110
17.900
17.890
18.740
20.150
20.920
21.200
20.590
20.800
20.660
21.490
20.250
18.710
18.270
17.900
18.170
18.380
19.400
19.440
19.930
19.620
19.440
20.120
19.990
19.230
19.100
18.800
18.980
18.980
19.480
19.900
19.350
18.600
18.510
18.340
18.330
18.350
18.240
17.860
17.660
17.790
18.440
18.500
18.250
18.700
18.990
18.980
17.770
17.430
16.930
17.200
17.610
16.920
16.940
16.990
16.340
15.930
15.750
15.190
15.500
16.140
16.070
15.520
15.370
15.500
15.850
16.390
16.330
15.730
15.790
16.000
16.280
15.770
16.000
15.650
14.260
13.030
13.120
13.370
14.180
14.590
14.680
14.290
14.430
13.930
14.100
14.140
14.250
14.170
14.480
14.130
14.330
15.510
16.350
16.980
16.480
17.020
17.420
17.470
17.390
16.710
17.230
17.870
18.140
18.000
17.540
17.550
17.700
18.010
18.340
17.880
17.450
17.580
18.940
19.090
19.130
19.400
19.590
19.470
20.140
20.680
20.950
21.520
22.620
22.750
20.980
20.170
20.100
19.780
19.560
19.710
19.980
19.800
19.720
19.350
19.040
19.040
18.970
19.600
19.390
19.300
19.840
19.920
20.120
19.800
18.990
19.040
19.290
19.200
18.390
18.380
18.480
19.000
19.390
17.720
17.580
17.620
17.630
17.630
17.540
17.730
18.070
18.170
18.120
18.210
17.810
17.500
17.120
17.270
17.280
17.320
18.100
17.620
17.700
18.230
18.590
17.270
17.340
