5.410
5.300
5.260
5.350
5.230
5.160
5.050
5.070
5.040
4.940
4.930
4.960
5.000
5.070
4.950
4.970
4.810
4.770
4.670
4.780
4.810
4.820
4.760
4.700
4.700
4.660
4.750
4.710
4.730
4.660
4.680
4.860
4.900
4.900
4.910
4.880
4.830
4.840
4.880
5.020
5.110
5.090
5.170
5.240
5.340
5.370
5.290
5.150
5.140
5.130
5.080
5.290
5.300
5.280
5.470
5.610
5.710
5.790
5.740
5.870
5.820
5.720
5.800
5.860
5.690
5.550
5.820
5.770
5.770
5.770
5.760
5.730
5.860
5.970
6.030
6.280
6.290
6.270
6.120
6.040
5.970
6.070
6.140
6.200
6.020
6.170
6.180
6.230
6.270
6.510
6.420
6.530
6.270
6.050
5.850
5.980
5.930
6.080
5.810
5.860
5.580
5.530
5.480
5.530
5.510
5.580
5.580
5.560
5.580
5.500
5.440
5.350
5.420
5.270
5.250
5.390
5.510
5.570
5.620
5.520
5.410
5.470
5.460
5.420
5.380
5.350
5.340
5.430
5.460
5.510
5.620
5.670
5.590
5.700
5.730
5.730
5.800
6.050
5.980
6.230
6.340
6.360
6.060
6.170
5.880
5.930
5.790
5.950
5.930
6.000
5.880
5.860
5.910
5.830
5.820
5.920
5.830
5.860
5.890
5.810
5.710
5.650
5.690
5.710
5.680
5.680
5.650
5.730
5.830
5.850
5.900
5.780
5.730
5.770
5.800
5.720
5.670
5.640
5.700
5.680
5.720
5.750
5.640
5.640
5.660
5.740
5.840
5.890
5.870
5.980
5.620
5.460
5.530
5.500
5.740
5.790
5.830
5.850
5.780
5.740
5.770
5.840
5.860
5.930
5.920
5.750
5.780
5.760
5.810
5.910
5.970
5.970
5.920
5.900
5.790
5.790
5.880
5.830
5.810
5.700
5.740
5.720
5.720
5.690
5.850
5.990
6.120
6.040
6.010
6.090
6.240
6.260
6.280
6.300
6.310
6.260
6.330
6.380
6.350
6.290
6.320
6.330
6.970
7.680
7.270
7.050
6.920
6.890
6.980
6.900
7.210
7.500
7.740
7.400
7.710
7.560
7.580
7.480
7.180
7.420
7.210
6.950
7.020
7.110
6.980
6.840
6.530
6.500
6.490
6.260
6.290
6.100
6.010
5.980
6.000
6.090
6.130
5.990
6.100
6.090
6.080
6.100
5.960
6.010
5.830
5.850
5.780
5.770
5.750
5.820
5.830
5.810
5.820
5.710
5.710
5.700
5.900
5.970
6.010
5.970
6.050
6.360
6.220
5.940
6.440
6.200
6.030
6.030
5.900
5.800
5.810
5.790
5.590
5.650
5.250
5.090
5.040
4.980
4.860
4.820
4.600
4.640
4.500
4.850
4.770
4.680
4.640
4.700
4.480
4.430
4.700
4.750
5.280
5.260
5.360
5.170
5.220
5.160
5.210
5.090
5.500
6.110
6.790
6.600
6.410
6.100
6.050
6.230
5.860
6.100
5.980
5.590
5.760
5.740
5.600
5.480
6.090
6.120
5.840
5.590
5.680
5.160
5.710
5.500
5.010
5.560
5.680
5.790
5.600
5.770
5.810
5.790
5.990
6.060
6.070
6.500
6.700
6.170
5.880
5.900
5.650
5.930
5.390
5.300
5.100
5.160
5.130
4.980
5.020
4.850
5.300
5.340
5.360
5.260
5.240
5.270
5.180
5.350
5.400
5.280
5.260
5.390
5.360
5.360
5.460
5.450
4.950
4.740
4.740
4.850
4.920
4.930
4.930
4.960
5.000
4.950
4.900
5.250
5.250
5.210
5.180
5.100
5.220
5.280
5.130
5.100
5.050
4.990
4.990
5.000
4.910
4.960
4.960
5.110
5.090
5.020
4.950
5.000
4.710
5.070
5.420
5.680
5.230
5.000
4.890
4.860
4.910
5.240
5.640
5.410
6.010
6.680
6.770
6.460
6.510
6.450
6.470
5.910
5.650
5.550
5.670
5.880
5.630
5.570
5.540
5.940
5.510
5.990
6.660
6.960
6.870
7.110
7.750
8.280
8.390
8.140
8.400
8.270
8.240
8.360
8.320
8.460
8.670
8.330
7.600
7.840
7.610
7.160
6.930
7.390
7.290
7.110
6.990
6.800
6.540
6.500
6.370
6.410
6.610
6.680
6.480
6.460
6.270
6.090
6.290
6.600
7.040
6.850
6.950
6.860
7.270
7.330
7.650
7.400
7.250
7.060
7.180
6.980
6.970
7.140
7.400
7.390
7.390
7.060
7.030
6.670
6.330
6.270
6.270
6.420
6.330
6.340
6.310
6.510
6.240
6.130
6.040
6.180
5.940
5.700
5.600
5.580
5.540
5.580
5.530
5.460
5.440
5.410
5.410
5.550
5.420
5.380
5.350
5.420
5.350
5.410
5.420
5.300
5.240
5.140
5.120
5.100
5.240
5.260
5.250
5.190
5.310
5.400
5.390
5.420
5.500
5.440
5.540
5.420
5.280
5.030
5.550
5.610
5.420
5.680
5.700
5.500
5.260
5.450
5.360
5.310
5.160
5.150
5.170
5.250
5.240
5.130
5.230
5.760
5.660
5.470
5.510
5.660
5.580
5.580
5.680
5.160
5.120
5.290
5.270
5.560
5.540
5.500
5.580
5.600
5.410
5.320
5.340
5.320
5.320
5.100
5.150
5.100
5.100
5.010
5.090
5.030
5.000
5.250
5.170
5.250
5.260
5.340
5.390
5.230
5.180
5.260
5.140
5.050
5.070
5.230
5.110
5.230
5.350
5.280
5.560
5.800
5.780
5.800
5.830
5.920
5.710
5.670
5.680
5.710
5.720
5.740
5.760
5.800
5.750
5.630
5.620
5.740
5.890
5.910
6.020
6.090
6.070
6.120
6.090
6.130
6.500
6.760
6.820
6.900
6.830
6.750
6.400
6.620
6.660
6.450
6.200
5.880
5.930
5.870
5.930
5.860
5.860
5.800
5.690
5.870
5.480
5.370
5.290
5.340
5.240
5.160
5.090
5.230
5.090
4.970
4.930
4.900
4.880
4.570
4.430
4.370
4.500
4.500
4.540
4.430
4.200
