7.520
7.480
7.550
7.650
7.550
7.370
7.440
7.350
6.950
6.820
6.940
6.990
6.990
7.010
7.010
7.060
6.860
6.640
6.530
6.680
6.550
6.540
6.250
6.190
6.090
6.360
6.570
6.490
6.530
6.420
6.670
6.870
6.840
6.870
6.910
6.880
6.730
6.680
6.690
6.970
6.960
6.970
7.130
7.220
7.120
7.070
6.870
6.740
6.770
6.840
7.100
7.380
7.340
7.460
7.650
7.740
7.920
8.010
8.170
8.150
8.300
7.900
7.910
7.910
7.790
8.070
8.210
8.330
8.350
8.300
8.400
8.470
8.490
8.630
8.790
8.630
8.740
8.870
8.980
8.650
8.460
8.540
8.550
8.510
8.540
8.670
8.670
8.720
9.000
8.770
8.900
9.130
9.260
9.110
9.260
9.220
9.360
9.340
9.340
9.150
9.070
8.640
8.630
8.690
8.710
8.990
8.590
8.670
8.720
8.660
8.400
8.350
8.470
8.500
9.000
9.320
9.490
9.880
9.810
9.480
9.600
9.450
9.460
9.040
9.110
9.260
9.720
9.500
9.250
9.280
9.160
9.090
9.040
8.640
8.730
8.700
8.530
8.420
8.830
8.870
8.830
9.160
9.180
9.150
9.450
9.770
9.880
9.850
9.730
9.790
10.160
10.300
10.040
10.300
10.470
10.550
11.000
10.290
9.560
8.950
8.940
8.250
8.430
8.330
8.330
8.250
8.070
8.100
8.050
8.030
8.190
8.160
8.290
8.320
8.450
8.200
8.150
8.060
7.750
7.430
7.820
7.640
7.680
7.720
7.640
7.460
7.460
7.410
7.530
7.700
7.590
7.660
7.700
7.590
7.910
7.850
7.640
7.190
7.210
7.160
7.090
7.130
7.100
7.120
7.120
7.170
7.150
7.160
7.140
7.030
7.060
7.090
7.000
6.930
6.910
6.900
6.900
6.870
6.880
6.900
7.030
7.430
7.440
7.240
7.220
7.270
7.300
7.230
7.270
7.350
7.380
7.490
7.370
7.400
7.330
7.360
7.490
7.280
7.260
7.180
7.180
7.300
7.250
7.130
7.040
6.840
6.770
6.820
6.770
6.880
6.850
6.870
6.660
6.970
7.140
7.210
7.250
7.260
7.300
7.230
6.920
6.770
6.800
6.710
6.810
6.840
6.850
6.650
6.680
6.770
6.990
6.970
6.850
6.900
7.250
7.290
7.500
8.530
8.480
8.520
8.520
8.550
8.090
8.260
7.850
7.780
7.780
7.940
8.190
8.070
8.070
8.350
7.900
7.920
7.840
7.570
7.540
7.830
7.830
7.950
7.810
7.940
8.090
8.150
8.120
7.960
8.250
7.950
7.480
7.370
7.350
6.970
6.540
6.710
6.870
6.940
7.100
7.170
6.960
6.580
6.400
6.600
6.540
6.550
6.550
6.450
6.530
6.660
6.330
5.930
6.100
6.100
6.010
6.100
6.060
5.610
5.640
5.830
6.350
6.430
6.240
6.420
6.440
6.400
6.180
6.360
6.350
6.620
6.510
6.960
7.450
7.850
7.960
8.170
9.080
9.480
9.730
9.590
9.500
9.180
8.970
9.210
8.910
8.630
8.840
8.700
8.480
8.340
8.250
8.170
8.370
8.660
8.950
8.690
8.750
8.650
8.510
8.150
8.220
8.650
8.970
8.480
8.380
8.340
8.070
7.930
8.080
8.250
8.040
8.110
8.340
8.500
8.170
8.080
7.820
7.890
8.200
7.960
8.470
9.410
10.450
11.790
11.000
10.540
10.940
10.680
9.860
9.300
9.880
9.500
9.550
9.560
9.000
8.490
8.550
8.210
8.140
7.960
7.940
7.860
7.640
7.600
7.180
7.150
7.570
7.840
7.820
7.890
7.840
8.110
8.230
8.130
8.230
8.300
8.140
8.230
8.350
7.750
7.950
7.920
7.820
7.560
7.600
7.800
7.960
7.620
7.700
7.080
7.140
6.950
6.860
6.850
6.730
6.790
6.800
6.730
6.740
6.630
6.490
6.470
6.200
6.370
6.420
6.330
6.480
6.120
6.170
5.890
5.880
5.900
5.680
5.660
5.560
5.480
5.510
5.460
5.380
5.240
5.220
5.170
5.210
5.360
5.450
5.500
5.560
5.550
5.560
5.510
5.520
5.560
5.500
5.590
5.400
5.340
5.180
5.270
5.210
5.180
5.150
5.160
5.170
5.350
5.340
5.320
5.290
5.280
5.160
5.250
5.310
5.310
5.280
5.170
5.120
5.160
5.270
5.390
5.490
5.410
5.390
5.330
5.250
5.160
5.260
5.330
5.550
5.600
5.470
5.470
5.500
5.570
5.600
5.510
5.540
5.410
5.290
5.300
5.210
5.190
5.200
5.140
5.210
5.210
5.350
5.350
5.440
5.510
5.550
5.540
5.440
5.400
5.420
5.460
5.380
5.320
5.370
5.310
5.330
5.580
5.640
5.540
5.670
5.630
5.710
5.700
5.600
5.620
5.560
5.430
5.440
5.430
5.440
5.430
5.400
5.340
5.300
5.220
5.170
5.350
5.400
5.230
5.280
5.270
5.130
5.020
5.060
5.110
5.030
5.030
4.900
4.920
4.800
4.850
4.820
4.820
4.780
4.840
4.930
4.880
4.780
4.640
4.570
4.460
4.460
4.390
4.430
4.430
4.430
4.410
4.380
4.330
4.310
4.320
4.290
4.240
4.240
4.290
4.200
4.170
4.130
4.160
4.240
4.230
4.160
4.120
4.060
4.120
4.150
