0.100
0.010
0.090
0.140
-0.020
0.000
-0.090
-0.080
0.200
0.150
-0.300
-0.010
0.000
-0.130
0.260
0.110
0.090
0.120
-0.110
0.010
-0.050
0.060
-0.060
0.090
0.160
-0.060
-0.030
-0.050
-0.140
-0.880
-0.980
-0.110
0.320
-0.200
-0.020
0.150
0.120
0.160
-0.420
-0.030
-0.050
-0.130
0.000
-0.080
0.090
-0.070
-0.010
-0.090
0.090
-0.020
-0.180
0.120
0.040
-0.030
-0.240
-0.240
0.140
0.140
-0.190
0.040
0.090
-0.250
0.070
-0.100
-0.340
1.000
0.100
-0.100
0.030
-0.170
-0.160
-0.020
-0.090
0.030
0.110
-0.120
0.360
0.020
-0.010
0.040
-0.070
-0.220
-0.040
0.070
0.090
0.200
0.060
-0.710
-0.060
-0.260
-0.010
-0.050
-0.170
0.240
-0.190
0.120
0.090
-0.530
-0.400
-0.140
-0.010
0.270
-0.360
0.120
-0.020
-0.230
-0.010
0.560
0.340
-0.260
0.300
-0.360
-0.420
-0.350
0.070
1.120
-0.290
-0.400
0.040
-0.050
-0.160
-0.040
-0.170
-0.230
-0.350
0.310
0.070
0.010
-0.100
-0.030
0.090
0.030
0.080
0.100
-0.250
0.350
0.060
-0.150
0.020
-0.220
-0.030
-0.100
-0.210
-0.030
0.170
-0.080
-0.120
-0.120
0.060
0.040
-0.250
0.770
-0.090
0.000
0.250
0.040
-0.030
-0.200
0.440
-0.270
-0.190
0.000
-0.060
-0.120
0.040
0.130
0.130
-0.970
-0.120
-0.030
0.020
0.120
-0.020
0.040
-0.090
-0.020
-0.030
0.100
0.030
-0.250
-0.080
-0.080
-0.260
-0.030
-0.180
0.040
0.120
0.230
0.070
-0.140
-0.100
0.180
0.180
-0.160
0.110
-0.020
0.110
-0.550
-0.150
-0.090
-1.140
-0.040
0.450
0.130
-0.240
-0.130
0.300
0.010
-0.300
0.040
-0.280
0.370
-0.200
-0.650
0.280
1.420
0.290
0.090
-0.480
0.490
0.120
-0.050
0.240
-0.020
-0.390
0.220
-0.530
0.200
-0.250
0.050
0.920
0.130
-1.460
-0.310
0.540
0.600
0.220
-0.010
0.540
0.490
-0.210
-0.020
0.360
-0.210
-0.290
0.590
0.200
0.220
-0.670
0.230
0.440
-0.230
-0.300
-0.520
-0.940
0.240
0.120
1.230
-0.200
0.500
-0.160
-0.070
0.070
0.070
-0.050
0.190
-0.580
-0.670
0.000
-0.210
-0.050
0.030
-0.100
-0.400
0.290
0.460
-0.030
0.350
0.430
-0.150
0.040
0.410
-0.700
0.040
-0.090
0.070
0.260
-0.360
0.290
0.020
0.450
0.620
0.090
0.370
0.100
-0.340
-0.520
0.220
0.350
-0.540
0.050
0.610
0.130
-1.220
-0.270
-1.380
-0.030
-0.120
0.230
0.100
-0.360
1.280
0.830
-0.280
-0.470
0.270
0.450
0.500
-0.760
0.220
-1.330
0.070
-1.470
-0.420
0.720
-0.980
0.530
1.350
0.280
-1.100
0.570
-1.230
0.970
-1.040
0.680
-1.600
1.450
-1.620
-1.800
-0.950
0.310
0.340
-1.020
0.660
-0.450
-0.620
0.040
-1.060
-0.100
-0.270
0.580
1.360
1.740
0.310
0.850
0.050
0.420
0.420
-1.700
-0.770
1.620
0.150
0.020
-0.720
0.910
-0.060
-0.850
1.230
1.410
1.280
1.170
1.060
-0.170
0.160
0.140
0.220
-0.760
1.000
0.910
0.830
0.750
-0.830
-0.930
-1.030
-1.140
0.430
-1.220
-1.360
-1.050
0.350
-0.560
-1.650
-1.300
0.760
-1.450
0.800
1.690
0.250
-0.350
0.540
0.010
0.180
-0.820
-0.820
0.420
1.930
0.550
-1.860
1.210
0.500
1.950
1.770
-0.500
0.240
-0.030
0.010
0.410
0.790
-0.720
0.500
-0.120
-1.550
-0.250
-0.100
0.350
1.400
-0.450
0.000
1.070
1.460
0.030
-0.180
-0.020
0.030
0.030
0.210
0.050
-0.020
-0.050
0.360
0.010
0.980
0.240
0.140
-0.260
-0.060
-0.040
0.520
-0.270
-0.120
0.090
-0.110
-0.140
-0.120
0.020
0.360
0.030
0.030
0.350
0.160
0.060
0.080
-0.130
-0.800
0.470
-0.080
-0.230
0.450
-0.020
0.310
-0.180
0.020
0.230
0.290
-0.050
0.330
0.210
0.190
-0.250
0.050
-0.100
-0.100
0.120
0.250
-0.270
0.150
0.050
0.170
0.080
-0.170
0.160
-0.300
-0.110
0.170
0.240
-0.320
-0.770
-0.390
0.630
-0.250
-0.190
-0.030
0.150
0.130
0.200
-0.510
-0.390
-0.460
-0.110
0.310
0.030
-0.270
0.110
-0.150
-0.170
0.110
-0.020
0.400
0.520
-0.120
0.070
0.140
-0.130
0.140
-0.480
0.030
0.000
0.090
-0.100
-0.210
0.010
-0.120
0.460
-0.010
0.270
-0.170
-0.070
0.130
-0.600
-0.050
-1.030
-0.320
-0.210
-0.040
0.270
0.290
-0.310
-0.130
-0.020
0.090
-0.170
-0.140
0.200
-0.090
0.220
-0.390
-0.070
-0.170
0.330
0.680
0.160
0.180
-0.030
0.610
-0.060
-0.160
-0.080
0.120
0.070
0.150
0.070
0.210
0.670
-0.350
-0.100
0.070
-0.040
0.190
0.150
0.070
0.110
-0.240
-0.220
0.180
0.040
0.010
-0.040
-0.080
-0.130
-0.020
-0.130
0.450
0.040
0.080
0.100
-0.080
-0.010
-0.100
0.220
-0.140
0.010
0.080
-0.100
0.020
0.250
0.040
-0.160
-0.160
-0.080
