0.600
0.170
-0.180
0.130
-0.240
0.020
-0.260
0.050
0.370
-0.260
-0.060
-0.060
0.070
-0.200
0.090
-0.170
0.510
0.520
0.400
-0.010
0.240
0.100
0.130
0.310
-0.560
0.110
-0.320
0.620
0.440
-0.260
-0.530
0.210
-0.270
0.060
0.250
-0.270
0.580
-0.430
-0.390
-0.110
-0.890
-1.840
-2.050
-2.270
-0.110
-0.040
0.590
0.390
-0.090
-0.460
0.670
-0.380
0.040
-0.410
-0.350
-0.950
-0.240
0.370
-0.190
-0.410
-0.140
0.480
0.490
-0.040
0.120
-0.640
0.240
-0.300
0.070
0.020
0.060
0.680
0.420
-0.710
0.660
0.300
0.090
-0.140
0.880
0.040
0.150
0.060
0.390
-0.420
-0.020
-0.210
0.200
-0.300
0.230
-0.320
0.280
0.090
-0.180
0.080
0.340
-1.830
-0.150
-0.060
-0.350
0.010
-0.040
0.640
-0.140
0.130
0.000
0.560
0.210
-0.080
-0.020
0.400
0.880
-0.220
-0.020
-0.790
-0.490
0.460
-0.380
-0.220
-0.370
-0.710
-0.310
0.650
0.160
-0.040
-0.240
-0.160
-0.110
0.150
-0.450
0.110
-0.720
-0.380
0.490
-0.940
0.150
-0.030
1.830
-0.540
0.490
-0.180
1.110
-0.190
-1.320
-0.470
-0.370
0.100
-0.770
0.260
1.280
2.220
0.420
0.640
0.020
-0.570
-0.170
0.380
-0.130
0.040
0.720
0.480
-0.390
-0.060
0.220
0.010
0.410
-0.220
-0.010
-0.050
-0.150
-0.120
0.270
0.020
0.080
-0.180
0.610
-0.320
-0.120
0.400
-0.010
0.060
0.470
0.040
0.240
0.010
0.220
-0.690
-0.310
0.180
0.150
0.060
0.140
-0.240
0.020
-1.020
-0.400
0.160
-0.070
0.390
0.060
0.040
-0.420
0.100
0.030
0.110
-0.240
0.360
-0.060
0.130
-0.560
0.070
-0.280
-0.290
0.010
1.250
0.530
0.070
-0.120
0.150
0.250
0.230
0.000
0.110
0.090
-0.320
-0.200
-0.250
-1.370
0.660
-0.010
-0.040
0.160
-0.160
0.150
-0.670
-0.310
0.050
-0.320
0.820
-0.180
0.040
-0.010
-0.090
-0.060
0.360
-0.170
-0.050
-0.440
0.360
1.630
0.140
0.180
0.520
0.100
-0.160
0.180
-0.420
0.370
0.190
-1.400
0.360
0.120
-0.230
0.130
0.210
-0.210
1.750
-0.080
-0.040
-0.010
-0.030
-0.210
-0.100
0.150
0.000
-0.030
0.210
0.090
0.080
0.070
-0.160
0.020
-1.150
-0.890
0.080
-0.080
0.620
-0.050
-0.090
-0.200
0.240
-0.290
0.020
-0.710
-1.730
0.470
0.590
-0.530
-0.810
-0.020
0.620
-0.460
-0.240
0.840
-0.410
-0.100
-0.080
-1.340
1.300
-0.560
2.050
1.860
0.610
-0.300
-0.370
0.710
0.100
-0.250
-0.050
-0.240
0.380
-0.790
-0.190
0.840
0.170
-2.000
-0.750
-2.300
-0.750
2.160
1.970
-1.880
0.390
-0.810
-0.080
-2.450
0.600
-2.650
0.910
-0.570
-2.910
-1.010
-0.020
0.420
0.250
0.960
0.340
0.180
-0.770
1.610
-0.160
-0.430
0.150
0.000
-0.180
-0.820
-0.100
1.500
-0.420
-0.420
-3.120
-0.550
0.090
0.590
0.100
-0.290
0.430
-1.540
0.250
1.090
0.110
-0.430
0.810
-0.630
-0.540
2.340
1.900
2.490
-0.500
-0.980
0.530
-0.020
-0.850
-0.690
0.740
1.120
0.960
-2.740
1.050
2.390
2.180
-2.430
-1.500
-2.860
-3.030
-3.430
2.650
-3.190
-3.960
-1.640
2.130
3.560
-2.350
-2.310
-0.590
-1.970
-0.730
0.600
-1.010
-3.270
-2.590
1.910
0.910
1.360
0.510
0.190
2.110
-1.500
-4.900
-0.950
2.050
1.100
1.630
0.150
-1.230
2.940
-0.120
-1.690
-1.010
-1.920
0.630
1.900
1.000
0.790
-0.390
-1.720
-1.080
-0.420
-0.180
-0.730
0.040
-2.190
-1.190
2.040
2.330
-3.140
1.840
1.700
-4.130
-1.070
1.560
-1.150
3.390
4.400
4.000
0.520
-0.780
0.680
-0.320
0.650
0.550
-0.700
0.000
-1.280
2.970
1.930
-0.550
-0.120
1.250
0.880
0.140
0.380
0.610
0.280
-1.020
-1.270
0.220
0.190
-1.600
0.600
-0.130
1.820
-2.640
1.170
0.840
0.460
2.760
-0.080
1.870
0.290
0.700
-1.090
-0.190
-1.220
0.940
-0.240
-1.970
-0.450
2.130
-1.510
0.500
-0.230
0.450
2.300
0.330
-3.350
-0.600
2.500
-0.990
-0.530
2.170
2.130
0.020
0.680
1.750
-0.830
-0.340
-0.290
-0.280
2.440
0.910
-1.570
-0.550
-0.720
-0.260
-2.030
-0.540
2.770
0.400
0.580
-1.060
-1.260
-3.220
1.610
0.150
2.770
-0.710
1.700
-0.350
-0.800
0.680
0.570
-0.010
2.420
2.200
0.370
0.750
-0.470
-0.760
-1.110
0.320
0.990
-0.300
0.500
1.270
1.860
-0.840
0.500
0.080
-0.450
0.260
0.550
-0.090
0.830
0.220
0.260
-0.440
-0.160
0.330
0.150
-0.430
0.920
0.370
-0.400
0.110
0.200
0.200
-0.750
-0.440
0.030
-0.200
0.020
-0.180
0.520
0.510
0.190
0.030
0.450
0.160
0.010
0.060
-0.860
-0.160
0.140
0.000
0.250
-0.170
0.250
0.390
-0.390
0.030
-0.090
0.560
0.030
-0.260
0.440
0.090
0.680
-0.130
0.020
0.120
-0.350
0.320
0.180
0.410
0.160
0.380
-0.300
0.270
-0.020
0.090
0.060
-0.220
-0.080
-0.320
-0.580
-0.140
