8.900
8.660
8.670
8.690
8.730
8.720
8.450
8.390
8.240
8.140
8.260
8.560
8.660
8.600
8.590
8.550
8.430
8.300
8.260
8.320
8.380
8.300
8.200
8.220
7.950
8.090
8.340
8.470
8.200
8.350
8.700
9.260
9.220
9.270
9.320
8.980
9.100
9.120
8.820
9.200
9.000
9.310
9.480
9.770
9.960
9.040
8.940
8.650
9.120
8.900
9.060
9.960
9.870
9.810
10.120
10.140
11.070
11.200
11.120
11.000
11.300
11.870
11.860
11.690
11.700
11.210
11.480
11.680
11.390
11.160
11.100
11.220
11.360
11.200
11.410
11.430
11.240
12.110
12.890
13.230
13.320
13.570
14.110
14.250
14.100
14.150
14.150
14.100
14.140
14.320
14.260
14.500
14.270
14.150
15.190
14.990
15.240
15.130
15.110
15.480
15.520
15.720
15.610
15.200
14.000
14.150
14.000
14.160
13.880
14.060
14.160
13.300
13.410
12.510
12.530
13.570
14.350
14.300
14.440
12.530
12.240
12.390
12.000
11.960
11.940
11.910
12.200
12.230
11.840
12.280
12.330
12.300
12.230
12.500
13.150
12.700
12.160
11.610
11.380
12.600
12.860
12.800
12.850
12.980
13.500
13.370
13.290
13.600
13.360
13.090
13.920
14.140
13.880
14.000
13.950
14.030
14.250
14.530
14.500
14.160
14.090
13.800
14.520
13.900
13.780
13.320
13.550
14.000
14.610
14.770
14.620
14.650
14.700
14.000
13.300
13.000
13.220
13.390
13.190
12.950
12.910
12.560
12.470
12.820
12.910
12.780
12.830
13.480
14.120
14.070
14.030
13.820
13.950
14.510
16.120
15.960
16.000
14.400
13.700
13.010
12.630
12.140
11.610
11.950
12.000
11.820
11.600
11.700
11.660
10.880
10.670
10.840
10.670
10.590
10.310
10.210
10.250
10.410
10.360
10.310
10.680
10.540
10.320
10.200
10.080
9.950
9.910
10.220
10.800
10.820
10.560
10.300
10.330
10.250
10.200
10.560
10.560
10.400
10.200
10.490
10.680
10.700
10.810
10.750
10.580
10.730
10.920
10.840
10.850
10.720
10.600
10.860
11.750
11.640
11.500
11.150
10.810
10.610
10.250
10.330
10.150
10.330
9.780
9.490
9.460
9.380
9.130
9.080
9.240
9.200
9.510
9.510
9.200
8.950
9.010
8.900
9.330
9.110
9.160
8.940
9.220
9.300
9.150
10.100
10.540
10.740
10.560
10.510
9.900
9.970
10.060
9.770
10.010
10.360
9.900
10.400
10.360
10.600
10.550
10.490
10.270
10.350
10.210
10.250
10.300
10.010
9.960
10.120
10.160
9.990
10.050
9.920
9.900
10.010
10.080
10.050
9.810
9.650
9.580
9.710
9.280
9.070
9.200
9.210
9.200
9.400
9.170
9.700
9.060
8.880
8.870
9.500
9.770
10.480
10.450
10.500
10.260
10.260
10.050
9.710
9.350
9.980
9.830
9.530
9.530
9.260
9.280
9.260
9.200
10.050
11.030
10.880
11.120
11.250
10.990
10.450
10.620
9.880
10.310
10.190
10.500
10.250
11.370
12.200
11.840
12.900
14.260
14.310
14.180
14.500
14.300
14.190
15.040
15.300
15.050
15.200
15.120
15.080
14.980
14.620
14.690
15.650
15.520
15.400
15.350
15.490
15.610
15.200
16.680
17.010
16.000
15.800
15.250
15.340
15.650
15.210
15.100
15.170
15.910
15.820
15.330
15.000
14.990
15.290
15.480
14.000
13.630
13.150
12.900
13.350
14.180
13.500
13.520
13.200
13.910
13.600
12.900
13.820
14.820
14.700
15.000
13.810
13.880
14.310
13.970
13.660
13.180
13.360
12.810
12.000
12.700
12.420
13.500
13.770
13.150
12.310
12.650
13.700
13.300
12.070
12.650
11.710
10.510
9.990
9.040
9.200
8.950
9.900
10.800
9.910
8.710
9.650
10.640
11.820
12.920
14.100
13.620
15.020
14.800
13.270
12.990
12.950
12.830
10.980
10.010
9.510
9.600
9.310
9.150
9.890
10.580
8.900
9.890
10.990
12.100
11.540
11.260
11.500
11.600
10.800
10.300
9.920
10.400
10.130
8.800
7.170
7.970
8.850
9.830
10.920
12.130
13.480
12.920
14.360
16.010
17.780
18.500
18.540
20.400
20.360
18.900
19.620
21.300
20.500
20.470
20.050
18.710
19.310
19.500
19.000
19.340
18.180
17.410
16.200
17.730
19.100
18.480
17.740
17.710
17.550
17.990
17.560
16.810
17.100
16.100
15.500
15.160
14.350
14.000
14.230
14.100
14.810
14.130
14.410
14.000
14.260
14.900
15.000
14.870
14.690
13.920
13.590
13.850
13.710
14.250
14.300
14.210
13.960
13.700
14.880
15.470
15.370
15.350
15.500
15.400
15.500
14.560
14.180
14.050
13.800
14.710
14.600
13.910
13.800
13.300
12.950
12.570
12.620
12.600
12.500
12.330
12.300
12.470
12.650
12.640
12.450
12.280
12.200
12.000
12.040
11.920
11.980
11.910
11.750
11.580
11.400
11.400
11.530
11.900
12.200
12.200
11.930
13.030
13.200
13.440
12.690
12.350
12.460
12.350
12.260
11.690
11.500
12.500
12.360
12.320
12.350
12.300
12.900
12.880
13.400
12.900
14.280
14.870
14.720
15.200
15.290
15.670
15.020
14.620
14.510
14.200
14.820
14.880
14.800
14.000
12.930
12.850
12.410
12.640
12.630
12.650
13.130
12.850
13.130
12.760
13.380
13.810
13.550
13.350
13.500
13.630
12.600
11.900
11.810
11.820
11.500
11.410
11.110
11.200
10.800
10.740
10.500
10.700
10.310
10.500
10.500
10.460
9.760
9.540
9.610
9.470
9.290
8.550
8.440
8.430
8.470
8.720
8.680
8.920
8.810
8.610
8.600
8.480
8.460
8.430
8.470
8.520
8.420
8.460
8.410
8.350
8.300
8.270
8.450
8.550
8.520
8.240
7.490
6.740
6.640
6.630
6.520
6.480
6.560
6.560
6.610
6.640
6.670
6.660
6.700
6.630
6.540
6.560
6.710
