0.010
0.020
-0.070
-0.010
0.080
0.140
-0.080
0.040
0.160
-0.030
-0.260
-0.010
-0.010
0.020
-0.010
0.200
-0.050
0.230
-0.220
-0.050
-0.020
0.430
0.140
0.180
0.140
-0.360
0.260
-0.080
0.080
-0.160
-0.320
-0.160
0.000
-0.150
0.120
0.270
0.050
-0.050
-0.300
-0.150
0.040
-0.400
0.000
-0.010
-0.060
0.070
0.280
0.250
0.050
0.040
-0.410
0.080
-0.300
-0.280
-0.310
-0.460
-0.360
0.070
-0.010
-0.070
-0.130
0.020
0.060
0.120
0.140
-0.430
-0.240
-0.150
0.100
0.050
-0.010
-0.210
-0.160
-0.030
-0.070
0.260
-0.060
-0.030
-0.020
-0.140
-0.030
-0.170
0.120
0.150
0.030
-0.130
0.020
0.190
-0.160
0.070
-0.030
-0.090
0.240
0.160
-0.040
0.160
-0.340
-0.060
-0.060
-0.140
0.080
-0.100
0.050
0.300
0.220
0.000
0.100
0.020
-0.060
0.140
0.270
-0.110
-0.080
0.270
-0.810
-0.630
0.080
-0.400
0.080
0.300
-0.170
0.030
0.100
0.040
-0.230
0.300
-0.100
0.390
-0.060
0.030
0.120
0.250
-0.190
0.140
0.210
0.290
-0.060
-0.080
-1.200
0.170
-0.180
0.450
0.110
-0.170
-0.370
0.190
-0.150
-0.590
0.070
-0.180
-0.330
-0.180
0.680
0.000
0.170
0.000
0.070
0.000
-0.160
0.370
0.180
-0.200
0.120
0.330
0.230
0.120
0.030
-0.470
0.520
-0.260
0.140
0.090
-0.120
-0.140
-0.060
0.160
-0.180
-0.310
-0.290
0.980
0.010
0.130
0.030
0.330
-0.070
0.260
-0.080
-0.060
0.100
0.020
-0.130
0.020
0.400
0.010
-0.640
-0.150
-0.050
-0.050
0.080
-0.150
-0.070
-0.260
0.460
-0.040
-0.030
0.400
-0.380
0.030
0.050
-0.070
-0.450
0.110
-0.580
-0.790
-0.120
0.900
-0.500
0.380
-0.150
0.120
0.190
0.130
-0.390
-1.660
-0.010
0.460
0.620
-0.090
0.050
1.410
0.190
-0.770
0.800
0.440
-0.290
0.020
-1.120
1.350
1.230
0.030
0.540
0.310
0.090
0.040
0.170
-0.040
0.110
-0.010
0.180
0.250
-0.150
-0.140
0.240
-0.090
-0.110
0.210
-0.050
0.340
0.120
-0.900
0.020
-0.120
0.170
-0.040
0.190
0.070
0.450
-0.120
0.050
0.020
-0.070
0.040
0.240
0.100
-0.010
-0.450
0.010
0.370
-0.190
-0.190
-0.370
-0.290
-0.680
-0.960
0.050
0.350
0.220
-0.310
0.090
-0.030
0.200
-0.240
0.490
-0.040
-0.910
-0.130
0.370
0.390
0.160
0.300
-0.150
0.390
-0.020
-0.320
-0.120
0.540
0.120
0.200
0.470
-0.530
0.150
0.050
-0.840
-0.790
-0.030
0.400
0.820
0.100
-0.170
0.000
1.060
-0.540
0.060
0.190
0.990
0.900
-0.830
0.130
0.470
0.150
-1.010
-0.470
-1.170
0.400
-0.030
0.260
0.040
-0.220
0.510
0.590
-0.380
-0.220
0.200
-0.200
0.000
-1.200
-0.970
-1.440
-0.450
-1.630
0.320
1.190
-0.290
-0.110
0.360
-0.230
0.680
1.190
0.220
0.800
-0.730
-0.090
-1.420
0.500
-0.570
-1.630
-0.300
-0.700
0.660
-0.040
0.430
0.950
-0.250
0.080
-0.110
-0.330
0.260
0.590
0.360
0.440
-0.170
-0.340
0.470
-0.480
0.380
0.080
-0.060
-0.280
0.460
-0.180
-0.400
0.440
0.090
0.420
-0.190
0.600
-0.010
-0.100
1.230
0.690
-0.310
-0.090
0.020
0.310
0.010
0.290
-0.170
0.700
0.100
-0.040
-0.050
0.080
-0.520
0.000
-0.200
0.110
0.780
-0.410
0.210
0.190
0.260
0.480
-0.240
0.020
0.460
0.310
0.450
0.020
0.020
-0.250
0.190
-0.360
0.130
-0.120
-0.030
0.410
0.340
-0.200
0.790
-0.790
-0.970
0.400
0.290
0.480
0.610
0.190
-0.470
-0.840
-0.620
0.810
0.530
-0.510
-0.980
-1.090
-1.110
-1.160
-0.120
-1.480
0.940
1.220
0.730
-0.220
0.340
0.750
0.750
0.010
-0.230
0.840
-0.870
0.000
-0.350
0.780
-1.000
-1.240
-0.480
0.720
0.630
0.350
0.290
0.520
-0.300
-1.190
0.520
1.030
0.940
0.850
-0.950
-1.050
-1.170
-1.300
-1.440
-1.600
1.320
-1.640
-1.820
-0.660
1.710
-0.680
-1.980
-1.300
0.030
-1.800
0.290
1.690
0.120
1.890
0.860
-0.780
-0.350
-0.030
1.740
1.590
0.900
0.240
-1.370
0.490
0.400
0.520
0.170
0.770
0.350
0.220
0.010
-0.350
0.020
-0.120
1.100
0.450
0.490
-0.650
0.070
-0.190
0.030
-0.110
0.480
-0.670
-0.250
0.410
0.120
0.060
0.660
-0.190
-0.130
-0.040
-0.790
0.170
0.020
0.280
0.130
-0.500
0.250
1.130
-0.010
0.350
0.020
0.060
-0.140
0.230
-0.160
-0.400
0.440
0.010
-0.060
0.020
-0.220
0.180
0.400
0.960
0.060
0.230
0.110
0.070
-0.110
-0.110
0.220
0.110
-0.020
0.030
-0.040
0.120
0.030
-0.060
0.080
0.410
0.130
0.040
0.000
-0.190
0.090
-0.100
0.090
0.080
0.030
-0.140
0.040
0.100
0.130
-0.020
0.110
0.140
0.140
-0.240
0.030
0.030
-0.090
0.090
-0.230
-0.030
-0.150
-0.130
-0.060
0.110
-0.050
0.060
-0.020
0.070
0.050
0.130
0.100
-0.110
-0.100
0.080
-0.310
-0.130
0.010
0.080
0.070
0.250
-0.380
-0.180
-0.290
0.000
-0.060
0.030
-0.270
0.050
0.290
0.140
-0.160
0.040
0.110
0.020
-0.110
0.060
0.310
-0.070
0.160
0.190
-0.310
-0.170
-0.020
0.050
0.070
-0.090
0.410
0.060
0.060
0.010
0.230
0.030
-0.100
0.070
-0.060
0.020
0.020
-0.260
-0.040
0.090
0.040
-0.050
-0.160
-0.140
-0.010
-0.020
0.330
0.050
-0.030
0.250
0.080
-0.180
-0.040
0.110
0.430
-0.320
0.190
0.350
-0.110
0.100
0.280
0.110
0.000
0.050
0.040
0.160
0.050
-0.050
0.040
-0.230
-0.030
-0.120
0.220
0.070
0.050
0.090
0.090
-0.140
0.010
0.100
0.010
0.080
-0.090
0.070
0.020
0.080
-0.040
0.070
-0.040
0.060
0.030
-0.090
0.040
0.140
0.030
-0.040
0.070
0.000
0.010
-0.020
0.100
0.070
0.050
-0.180
0.070
