10.310
10.270
10.300
10.230
10.210
10.210
10.210
10.310
9.900
9.830
9.980
10.100
10.160
10.120
10.070
10.040
10.040
9.920
9.920
9.980
10.100
9.970
9.870
9.750
9.560
9.580
9.730
9.720
9.620
9.430
9.560
9.760
9.910
9.840
9.920
9.490
9.740
9.710
9.610
10.080
10.250
10.430
10.750
10.760
10.800
11.040
11.030
10.780
10.960
10.960
10.910
11.030
10.930
10.950
11.220
11.410
11.770
11.960
11.890
11.810
12.040
12.290
12.420
12.310
12.160
12.230
12.600
12.880
12.900
12.840
12.800
12.880
13.000
12.970
12.970
12.800
12.710
12.850
12.770
12.880
12.880
12.990
12.970
12.860
12.800
12.860
12.880
12.830
12.810
12.950
12.800
12.750
12.720
12.470
12.580
12.520
12.590
12.700
12.720
12.740
12.640
12.480
12.540
12.490
12.560
12.500
12.410
12.360
12.320
12.390
12.120
12.100
12.310
12.230
12.000
12.950
13.100
13.200
13.350
13.170
13.310
13.230
12.990
13.020
12.780
12.740
12.910
12.980
12.820
12.880
12.710
12.680
12.520
12.620
12.550
12.390
12.490
12.150
12.600
13.840
13.790
13.750
13.750
13.680
13.800
13.800
13.600
13.680
14.100
13.940
14.250
14.200
14.090
14.080
14.140
14.160
14.390
14.350
14.290
14.230
14.110
13.950
14.080
14.030
14.280
14.150
14.250
14.290
14.370
14.430
14.530
14.570
14.400
14.550
14.690
14.730
14.700
14.530
14.510
14.400
14.500
14.510
14.370
14.270
14.340
14.310
14.250
13.950
13.900
13.840
13.800
13.800
13.660
13.760
13.780
14.320
14.360
14.370
14.260
14.490
14.110
14.310
14.210
14.150
13.650
13.710
13.560
13.790
13.850
13.950
13.900
13.850
13.840
13.850
13.470
13.330
13.360
13.760
13.730
13.430
13.650
13.580
13.430
13.320
13.160
13.970
13.750
13.890
15.190
14.810
14.680
14.650
14.470
14.210
14.090
14.060
14.200
14.100
13.970
14.010
13.890
13.760
13.700
14.080
13.810
13.870
13.960
14.100
14.280
13.600
13.350
13.750
12.820
12.780
12.620
12.570
12.440
11.750
11.400
11.620
12.310
12.440
12.100
11.980
11.800
11.900
11.430
11.200
11.300
11.030
11.300
11.260
11.400
11.150
11.210
11.080
11.400
11.100
11.160
10.910
11.360
11.300
11.290
12.460
12.920
12.840
12.470
12.300
12.090
12.400
12.130
12.150
11.950
12.020
12.130
13.050
13.030
13.500
13.170
13.000
12.760
12.560
12.300
12.700
12.650
12.360
12.100
12.350
12.100
11.900
12.380
12.410
12.280
12.310
12.300
12.300
11.550
11.010
11.050
11.230
11.210
10.820
11.000
11.010
10.720
11.100
10.640
11.420
10.800
10.480
10.540
11.280
12.360
13.070
13.050
13.060
12.960
13.090
13.020
12.950
11.350
11.670
11.340
11.030
10.950
10.610
10.200
10.740
11.660
12.950
14.250
13.510
14.000
14.420
14.180
13.300
13.340
12.710
13.200
13.050
13.410
13.750
15.180
15.510
15.190
16.880
18.490
17.450
17.400
17.200
17.540
17.060
17.800
17.460
17.620
17.880
18.200
17.640
16.580
16.010
16.200
16.500
15.600
15.300
14.440
13.710
13.560
13.060
12.910
12.500
13.240
14.690
14.580
14.350
14.650
14.760
14.440
14.690
15.000
14.280
14.730
14.740
14.310
14.150
13.710
13.810
13.600
13.600
13.030
13.900
13.850
13.650
13.680
12.900
12.750
12.570
11.600
11.500
12.260
12.160
12.290
11.650
11.970
12.110
11.600
11.420
11.390
11.340
11.010
10.260
10.060
10.080
10.590
10.400
10.500
9.750
9.670
9.810
8.990
9.000
9.910
10.760
10.720
10.420
9.720
9.560
9.200
9.940
10.950
10.800
9.930
9.400
10.280
11.420
12.200
13.300
12.810
14.000
14.520
13.910
13.300
13.290
13.290
13.070
12.390
11.670
11.680
10.810
10.500
11.120
11.860
11.000
11.160
12.400
13.460
13.780
13.050
12.140
12.080
11.550
10.480
11.640
11.900
11.100
10.200
7.950
8.830
9.810
10.900
12.110
13.460
14.950
14.540
16.150
17.940
19.520
19.850
19.160
21.290
23.220
21.230
23.500
24.850
25.400
24.580
23.450
23.800
23.930
23.700
23.360
24.490
26.150
24.800
21.960
24.000
25.200
23.000
22.180
22.800
22.130
21.000
20.450
19.820
18.430
18.200
17.220
17.200
16.050
15.600
15.250
15.410
15.990
16.060
16.750
15.560
15.250
15.090
14.200
14.390
14.250
13.820
13.680
14.660
14.320
14.500
14.580
13.650
13.270
13.000
13.800
14.050
13.740
13.690
13.410
12.920
12.880
13.030
12.990
12.920
12.810
13.170
13.340
13.120
12.970
12.940
12.600
12.220
12.010
12.130
12.300
11.990
12.200
12.570
12.300
12.400
12.070
11.960
11.820
11.880
12.300
12.170
12.100
11.630
10.660
10.230
10.020
10.040
10.180
10.300
10.480
10.480
10.260
10.390
10.500
10.590
10.570
10.610
10.600
10.590
10.530
10.030
9.850
10.010
10.030
10.000
10.020
9.980
10.150
10.200
10.140
10.010
9.980
9.970
9.960
9.980
10.080
10.230
10.110
10.010
9.840
10.130
10.350
10.450
10.840
10.660
10.530
10.280
9.950
10.000
10.360
10.460
11.060
10.910
11.050
10.900
11.220
10.980
10.910
11.060
11.080
11.090
10.680
10.500
10.120
9.840
10.000
10.420
10.050
9.440
9.850
9.960
9.960
9.960
10.010
10.080
10.070
10.090
9.980
9.820
9.560
9.610
9.930
10.380
10.400
10.650
10.540
11.080
10.850
10.710
10.520
10.660
10.720
10.580
10.560
10.440
10.380
10.520
10.410
10.390
10.430
10.380
10.290
10.000
10.320
10.800
10.630
10.630
10.500
10.250
10.050
9.770
9.630
9.540
9.300
9.070
9.260
9.340
18.880
19.300
19.670
19.400
18.680
18.250
18.310
18.160
18.050
17.880
17.940
17.590
17.490
17.510
17.600
17.710
17.560
17.380
17.270
17.110
17.050
16.910
16.680
16.450
16.800
16.720
16.580
16.810
16.860
17.000
16.970
17.000
16.800
16.650
16.340
