0.260
-0.180
0.260
-0.050
0.010
0.030
0.040
-0.110
0.550
0.180
-0.080
0.200
0.190
0.360
-0.270
0.430
-0.230
0.180
-0.480
0.090
-0.120
0.350
0.000
0.330
0.290
-0.310
-0.090
0.020
-0.750
0.030
0.160
-0.190
-0.540
-0.210
0.070
-0.070
0.610
0.170
-0.210
0.190
-0.060
0.400
-0.570
-0.730
-0.220
-0.250
0.290
0.010
-0.150
-0.310
0.540
-0.610
-0.210
0.870
0.240
0.000
0.590
-1.320
-0.090
0.060
0.190
-0.360
0.120
-0.160
0.950
0.040
-0.450
0.190
0.040
-0.090
0.260
0.010
0.200
0.270
-0.220
-0.180
0.070
0.100
-0.160
0.800
-0.070
-0.210
-0.020
-0.080
0.410
0.680
0.100
-0.250
0.100
-0.420
-0.020
-0.130
0.000
-0.030
0.590
-0.160
0.280
-0.260
0.430
0.010
-0.170
0.080
0.340
-0.020
-0.040
0.240
0.000
0.060
0.210
-0.130
0.190
0.460
-0.110
-0.090
0.150
-0.310
-0.300
0.000
-0.430
0.020
0.040
-0.290
-0.070
0.380
0.030
-0.090
0.250
-0.070
0.110
0.230
-0.220
0.250
0.110
0.120
0.000
0.510
0.010
-0.160
0.290
-0.910
-0.260
0.380
0.000
0.000
-0.200
-0.290
-0.180
0.460
-0.220
0.040
-0.080
-0.340
-0.060
-0.050
-0.070
0.360
-0.010
-0.010
0.160
0.040
-0.490
0.020
0.000
-0.040
0.290
0.130
0.020
-0.760
-0.440
-0.300
0.080
-0.290
0.010
-0.390
0.220
0.480
1.210
0.050
-0.390
-0.320
0.150
-0.020
0.510
0.350
-0.120
0.150
-0.400
-0.300
-0.100
-0.230
-0.080
0.800
-0.150
-0.360
0.920
0.600
0.120
-0.060
-0.170
1.010
0.520
0.020
0.100
-0.010
-0.020
0.210
0.040
-0.070
0.100
-0.070
0.010
0.050
-0.040
0.030
0.010
0.200
0.120
-0.180
-0.100
0.130
0.180
-0.130
0.080
0.020
0.130
-0.300
-0.100
-0.190
-0.660
0.120
0.170
-0.200
0.080
-0.080
0.060
-0.240
0.160
-0.090
0.210
-0.070
0.010
-0.150
0.230
-0.160
0.100
0.110
-0.240
0.010
-0.120
-0.060
0.210
0.160
-0.240
0.670
-0.410
0.310
-0.130
0.180
0.420
0.220
-0.750
-0.010
-0.040
0.030
-0.180
0.300
0.350
0.320
-0.080
0.330
-0.010
0.000
-0.120
0.090
0.550
0.220
-0.330
-0.060
0.150
-0.150
0.000
-0.400
-0.580
0.250
-0.020
-0.070
0.300
0.210
-0.010
0.070
-0.040
0.100
-0.230
-0.070
-0.070
-0.460
0.180
-0.140
-0.050
0.160
0.140
-0.130
0.220
-0.020
-0.250
0.000
0.270
-0.120
0.130
0.340
-0.210
-0.070
0.180
-0.240
0.040
-0.030
0.160
0.280
0.300
-0.090
-0.060
0.320
0.020
-0.130
-0.240
-0.020
0.260
-0.460
0.200
0.410
0.230
-0.430
0.140
-0.880
0.120
-0.110
0.110
0.270
0.050
0.100
0.410
-0.070
-0.160
0.160
0.000
0.250
-0.140
0.400
-0.210
-0.070
-0.850
0.090
0.210
-0.260
-0.140
0.330
0.240
-0.420
0.350
-0.370
0.120
-0.930
0.060
-1.030
0.270
-0.470
-1.160
-0.440
0.370
0.280
-0.270
0.250
-0.120
-0.020
0.050
0.210
-0.190
0.290
-0.090
0.140
0.330
0.110
0.100
-0.280
-0.600
0.250
-0.360
0.340
-0.480
-0.250
0.750
-0.990
-0.260
0.330
0.620
-0.360
0.450
0.530
-0.410
-0.310
0.500
-0.080
0.010
0.360
0.130
-0.100
0.560
-0.230
0.530
-0.270
0.130
0.120
0.200
-0.050
0.130
0.160
0.330
0.300
-0.610
0.210
-0.090
0.090
0.330
-0.200
0.030
0.460
0.230
0.370
0.030
0.020
-0.170
0.180
-0.340
0.180
-0.200
0.030
0.310
0.110
-0.130
0.730
-0.600
-0.890
0.060
-0.320
0.220
0.530
0.240
0.170
-0.600
-0.510
0.630
0.490
-0.390
-0.930
-1.030
-1.060
-0.030
0.320
-1.230
0.310
0.050
0.360
-0.200
-0.060
0.530
0.410
0.170
-0.320
0.780
-0.060
0.090
-0.370
0.650
-0.530
-1.170
-0.480
0.300
0.440
0.150
0.060
0.790
0.200
-1.140
0.250
1.010
0.920
0.840
-0.640
-1.000
-0.300
-0.970
-0.950
-1.240
0.900
-1.390
-1.550
-0.950
0.470
0.460
-1.670
-1.110
0.260
-1.360
0.190
0.360
0.520
0.310
0.290
-0.650
0.200
-0.470
-0.210
0.590
1.280
1.200
-1.510
0.420
0.220
0.540
0.080
0.290
-0.260
0.080
0.760
0.290
0.030
0.480
0.040
0.430
0.480
-0.270
-0.480
-0.890
0.320
-0.100
0.450
-0.610
0.020
-0.460
0.920
0.350
0.320
-0.650
0.040
0.160
-0.530
-0.200
0.370
0.300
-0.130
-0.580
0.070
0.330
0.090
0.520
-0.140
-0.370
0.280
-0.130
1.320
-0.210
0.110
0.320
-0.010
0.200
0.050
0.200
0.300
-0.110
-0.130
0.130
0.140
-0.340
0.050
0.460
-0.290
0.230
0.080
0.010
0.120
0.100
-0.050
0.420
0.160
0.010
0.090
0.130
-0.080
-0.440
-0.120
0.080
0.300
-0.120
-0.080
-0.200
-0.100
0.010
0.050
-0.070
0.070
0.140
0.620
-0.360
0.150
0.350
-0.170
0.290
-0.280
-0.230
0.050
-0.100
0.170
0.280
-0.080
-0.340
-0.100
-0.090
-0.020
0.210
-0.050
-0.590
-0.170
0.050
0.200
-0.120
0.060
0.230
0.040
0.450
-0.390
0.070
-0.410
0.130
0.140
0.070
-0.230
-0.040
0.070
0.120
0.160
0.140
0.010
-0.160
0.230
0.010
0.130
-0.120
-0.390
0.090
-0.620
0.110
0.000
0.090
0.040
0.090
-0.090
-0.330
0.020
-0.030
0.230
0.100
0.000
-0.400
-0.130
-0.110
0.110
-0.190
-0.270
0.330
-0.120
-0.170
-0.240
-0.050
0.120
0.160
0.010
0.090
-0.120
0.140
0.150
-0.170
0.060
0.100
0.080
-0.760
0.100
0.160
-0.280
-0.290
0.270
-0.080
-0.090
-0.090
0.510
0.120
0.370
-0.080
0.030
-0.240
-0.430
0.030
0.130
0.030
-0.420
0.190
0.070
-0.010
0.940
0.300
0.180
0.200
-0.050
0.000
0.280
0.160
-0.370
0.190
-0.050
0.100
0.210
-0.030
-0.070
-0.200
0.220
-0.030
-0.100
-0.090
-0.920
0.110
0.510
-0.020
-0.100
-0.490
-0.170
