10.160
10.280
10.150
10.090
9.990
9.460
9.510
9.090
9.080
8.920
8.980
9.180
9.200
9.190
9.180
9.180
9.150
9.220
9.020
9.080
9.110
9.220
9.050
8.860
8.750
8.720
8.780
8.820
8.820
8.800
8.470
8.330
8.610
8.910
9.000
8.910
8.980
9.000
8.300
8.350
8.650
8.820
8.600
8.860
9.170
9.270
9.170
9.130
9.160
9.090
8.830
8.690
9.100
9.290
9.610
10.190
10.180
10.190
10.370
10.610
10.240
10.030
10.380
10.470
10.500
10.220
10.240
10.730
11.140
11.780
11.740
11.870
11.650
11.390
11.390
11.670
11.780
11.330
11.260
11.510
10.690
11.010
11.040
11.380
11.400
11.370
11.640
11.470
11.080
10.070
10.010
10.080
9.780
9.850
9.810
9.270
8.430
8.430
8.600
8.600
8.640
8.580
8.550
8.530
8.500
8.400
8.560
8.560
8.560
8.250
8.370
8.340
8.120
8.190
8.260
8.200
8.920
9.200
9.180
9.320
9.430
9.170
9.350
9.420
9.260
9.180
9.160
9.210
9.270
9.270
9.340
9.720
9.890
9.850
9.870
9.950
9.870
9.760
10.020
9.870
10.290
10.550
10.490
10.530
10.060
10.220
10.430
10.170
10.220
10.370
10.550
10.720
10.600
10.700
10.660
10.640
10.780
11.030
10.690
10.640
10.660
10.460
10.440
10.740
10.630
10.960
11.160
11.280
11.180
11.340
11.690
11.630
11.690
11.680
11.890
12.130
11.870
11.670
11.980
11.930
12.080
11.550
11.610
11.190
11.160
11.260
11.430
11.320
12.020
12.530
12.070
12.250
12.470
12.440
12.160
11.790
12.650
12.920
12.830
12.980
12.340
12.660
12.840
12.340
12.150
12.180
11.680
11.170
11.500
11.320
12.140
12.510
11.780
11.770
10.700
10.980
10.620
10.630
10.450
10.360
9.420
9.300
9.380
9.020
9.050
8.570
9.520
25.050
26.050
26.000
26.880
27.800
25.300
24.490
24.760
24.760
23.500
22.080
21.800
20.710
20.770
21.280
21.260
21.670
21.610
21.620
20.610
21.310
20.200
20.430
20.650
19.810
18.800
18.870
18.740
17.260
17.660
17.510
17.690
16.960
16.940
18.820
18.980
18.970
18.910
18.810
18.270
18.130
17.230
17.100
17.340
17.090
17.110
17.680
16.960
16.600
16.410
17.600
18.020
17.650
17.170
16.580
16.860
17.350
19.220
21.350
21.270
21.450
20.600
21.220
21.180
21.010
19.210
19.240
18.460
19.280
20.390
21.850
21.380
21.240
21.430
22.110
21.000
20.660
21.450
20.590
20.910
19.560
17.780
17.940
16.520
16.080
16.450
16.790
16.390
15.690
15.660
15.110
14.160
12.870
13.220
13.260
12.620
12.680
12.780
13.350
12.920
12.450
13.280
13.350
12.280
11.920
13.240
13.670
15.190
15.350
15.750
15.440
15.300
15.670
15.550
15.160
14.610
15.150
14.820
14.300
13.000
12.630
11.820
12.320
13.270
14.740
14.830
14.500
15.420
15.870
15.040
14.600
15.730
14.930
15.550
16.850
18.720
19.000
21.100
20.680
19.190
20.350
21.300
21.040
23.380
23.570
26.190
26.540
25.450
26.950
28.200
28.120
27.120
28.570
27.980
27.990
25.930
25.160
24.920
25.650
25.470
26.300
25.680
23.800
22.760
21.960
24.090
24.550
24.330
23.270
22.810
22.110
20.100
19.900
18.960
17.880
18.060
17.710
17.760
16.900
16.180
17.000
17.360
18.400
18.980
18.690
18.690
20.110
19.600
19.220
19.100
17.960
17.080
18.290
18.020
18.170
19.350
19.250
18.920
18.480
19.200
20.000
19.690
18.880
19.320
19.220
18.880
18.910
17.690
16.880
16.990
17.350
17.080
16.550
15.830
15.640
15.730
14.950
14.700
14.860
15.080
15.170
14.760
14.880
15.140
15.220
15.300
15.150
14.850
14.720
15.100
14.970
15.240
13.870
13.860
13.380
13.780
12.530
13.900
14.010
13.690
13.560
12.860
12.240
12.240
12.390
12.500
12.720
11.760
12.150
11.340
10.920
10.400
11.250
10.760
10.840
10.800
10.640
11.310
11.760
11.160
11.380
11.480
11.220
11.180
11.650
10.590
10.570
10.280
10.100
10.350
10.700
11.020
11.030
11.460
11.350
11.290
10.880
11.000
10.390
9.700
9.600
10.070
9.970
9.460
9.440
9.300
9.460
9.550
9.490
9.550
9.320
9.170
9.220
9.120
8.900
8.800
8.820
8.960
8.800
9.280
9.310
9.550
9.240
9.180
9.140
8.880
8.940
9.000
8.840
8.640
8.600
9.100
9.150
8.950
8.850
8.830
8.780
9.140
9.210
9.150
8.850
9.100
8.970
8.880
8.880
8.840
8.330
8.440
8.110
8.050
8.270
8.230
8.250
8.190
8.490
8.410
8.350
8.450
8.290
8.320
8.270
8.250
8.080
8.000
7.940
7.950
7.760
7.790
8.070
8.090
8.130
8.250
8.320
8.090
8.080
7.980
8.300
8.450
8.560
8.370
8.350
8.440
8.200
8.290
8.130
8.370
8.340
8.330
8.320
8.190
8.180
8.150
8.380
7.620
7.750
7.810
7.710
7.940
8.090
7.920
7.640
7.910
8.030
