37.770
37.770
35.810
35.500
35.380
33.390
33.000
33.200
33.200
34.010
36.120
35.100
34.800
34.630
34.450
34.300
35.980
36.120
33.770
33.060
34.510
33.000
31.820
31.210
31.700
34.000
32.200
34.000
35.870
35.350
36.550
37.650
38.290
40.450
42.600
43.070
41.500
41.990
38.500
41.980
36.550
37.940
37.070
39.410
41.400
38.600
33.600
33.000
29.570
26.000
23.200
24.870
24.680
24.950
22.770
22.770
20.700
18.820
17.110
15.550
14.140
13.950
14.100
14.260
14.700
15.100
14.980
15.250
14.970
15.120
15.220
15.550
15.550
15.070
15.130
14.900
15.060
15.090
15.090
15.290
15.050
14.860
14.870
14.520
14.300
14.190
14.150
14.280
13.940
13.950
13.880
13.980
13.810
14.140
14.240
14.400
14.200
14.000
13.980
13.930
13.950
13.950
14.000
13.940
13.900
13.540
13.590
13.350
13.360
13.900
14.770
14.700
15.330
15.420
15.560
15.450
15.690
15.730
15.660
15.670
15.680
15.510
15.440
14.560
14.800
14.870
14.920
14.910
14.900
14.880
14.650
14.580
14.630
14.420
15.360
15.330
15.490
15.110
15.030
14.790
14.800
14.650
14.990
15.410
15.550
15.500
15.590
15.800
15.670
15.500
15.340
15.330
15.210
15.300
15.180
15.000
15.080
14.820
14.640
14.500
14.500
14.580
14.580
14.880
14.660
14.450
14.350
14.430
14.810
14.830
14.910
14.530
14.640
14.380
14.420
14.230
14.100
14.010
13.900
14.100
13.790
13.650
13.610
13.490
13.370
13.280
13.240
12.940
12.850
12.940
13.200
13.430
13.100
13.080
12.940
13.260
13.180
12.960
12.850
12.840
12.750
12.630
12.820
12.960
12.700
12.770
12.820
12.860
12.440
12.500
12.350
12.280
12.550
12.470
12.200
12.100
11.980
11.910
11.650
11.820
12.400
12.550
12.150
12.340
11.950
11.890
11.950
11.940
11.820
11.870
11.930
12.000
11.910
12.000
12.050
12.460
11.890
11.980
12.030
12.160
11.890
11.970
12.200
11.730
11.530
11.310
11.850
11.730
11.770
11.920
11.320
11.870
11.870
11.340
11.050
11.850
12.020
12.180
11.950
11.940
11.500
11.660
11.130
10.840
10.410
10.380
10.450
10.490
10.280
9.990
9.970
10.590
10.750
10.520
10.090
10.450
11.250
11.250
11.800
13.000
13.080
13.030
12.840
12.870
13.060
13.050
12.820
12.760
12.620
13.230
13.400
13.090
13.000
12.450
11.590
11.610
11.210
11.440
11.700
11.500
11.720
12.040
11.930
11.660
11.780
11.300
10.880
10.280
9.910
9.820
10.000
10.180
10.370
10.300
10.550
10.900
10.300
9.920
11.080
10.850
10.980
10.940
11.210
10.590
10.490
10.680
10.310
10.440
8.600
9.520
9.340
9.020
8.730
8.680
8.210
8.720
9.520
10.760
10.110
10.180
10.360
10.810
10.150
9.500
10.890
10.480
11.420
11.390
12.000
12.200
12.660
12.620
12.640
14.490
14.770
14.680
14.840
15.380
14.910
14.530
15.030
15.070
15.050
15.000
13.950
14.010
13.470
12.710
12.840
12.670
12.950
13.500
13.490
13.070
12.300
12.770
12.860
13.200
13.880
13.670
12.740
12.810
12.970
13.040
12.650
12.770
13.110
12.500
12.740
13.350
12.500
11.880
12.000
11.480
11.810
10.790
10.780
10.600
10.900
10.490
10.680
10.390
10.210
9.820
9.460
10.380
10.200
10.050
9.840
9.480
9.630
9.750
9.480
8.780
8.550
8.250
8.370
8.350
8.400
8.650
8.440
8.460
8.540
8.180
8.100
8.450
7.550
7.690
9.520
9.350
9.330
9.050
8.460
8.310
8.180
9.650
9.850
9.280
8.780
9.650
9.790
11.000
12.990
14.000
13.700
14.800
14.010
14.700
13.830
14.420
13.380
13.040
12.880
12.890
12.750
11.840
10.950
10.650
11.390
11.120
10.350
12.350
13.110
12.510
12.100
11.400
11.580
10.470
9.990
10.910
12.040
11.650
12.990
15.110
14.010
16.880
17.510
17.660
17.100
17.500
18.700
20.150
20.080
20.010
19.300
19.400
17.910
17.560
17.400
18.220
18.900
17.550
16.660
15.950
15.060
14.990
16.500
17.190
16.410
15.850
15.270
14.740
15.050
14.230
14.180
13.960
14.090
14.400
13.980
13.390
13.100
13.570
14.070
15.000
15.700
15.280
15.740
15.410
15.000
15.100
14.440
13.730
13.300
13.000
12.950
13.120
13.800
13.370
12.980
12.710
13.410
14.100
14.490
12.670
12.550
12.200
11.840
11.300
10.990
10.730
10.410
10.730
10.580
10.460
10.550
10.300
10.150
9.900
9.700
9.750
9.630
9.280
9.000
8.950
8.810
8.610
8.890
8.700
8.610
8.620
8.620
8.610
8.500
8.400
8.290
8.230
8.290
8.330
8.370
8.660
8.700
8.510
8.460
8.430
8.420
8.450
8.560
8.580
8.370
8.510
8.380
8.250
8.080
8.230
8.460
8.350
8.540
8.650
8.590
8.180
7.890
7.860
7.720
7.720
7.600
7.570
8.000
8.130
7.840
7.630
7.690
8.310
8.380
8.570
8.780
8.690
8.580
8.620
8.460
8.390
8.750
8.960
9.030
9.020
9.090
9.050
9.150
9.090
8.880
8.810
8.800
9.130
8.650
8.700
8.850
8.780
8.520
8.460
8.600
8.470
8.900
8.700
8.720
8.790
8.700
8.620
8.340
8.470
8.530
8.440
8.130
7.990
8.110
8.270
8.390
8.580
8.550
8.800
8.890
8.820
8.940
8.910
9.100
9.220
8.880
8.750
8.640
8.710
8.660
8.580
8.580
8.750
8.600
8.500
8.510
8.660
8.510
8.570
8.350
8.300
8.280
8.470
8.430
8.440
8.280
8.000
8.000
8.050
8.000
8.360
8.330
7.850
8.020
7.710
7.530
7.360
7.250
7.320
7.480
7.470
7.410
7.310
7.340
7.500
7.560
7.430
7.200
7.100
7.040
6.950
6.890
6.790
6.970
6.910
6.840
6.890
6.760
6.850
7.050
6.990
6.940
6.850
6.850
7.120
7.240
