-0.020
0.080
-0.010
0.030
-0.030
0.020
-0.030
0.040
0.010
-0.010
-0.060
0.000
-0.010
0.030
0.010
0.040
0.000
0.040
-0.110
-0.020
-0.040
0.110
0.060
0.010
0.010
-0.050
0.000
0.000
-0.010
0.080
0.010
-0.150
-0.090
0.000
-0.040
-0.020
0.030
0.000
-0.040
-0.120
-0.050
0.020
0.010
-0.060
0.030
-0.030
-0.030
0.020
-0.030
-0.030
0.010
-0.230
-0.010
-0.020
-0.090
-0.020
-0.050
-0.110
-0.030
0.060
0.120
-0.050
-0.010
0.010
0.050
0.030
-0.050
-0.020
-0.040
0.000
0.000
-0.020
-0.030
-0.030
0.000
-0.030
0.020
-0.010
-0.020
0.010
0.000
-0.040
-0.030
0.020
0.070
-0.030
-0.050
-0.030
0.050
-0.090
0.070
-0.040
0.000
0.060
0.050
-0.030
0.030
-0.060
0.000
0.030
0.010
0.020
0.010
-0.010
-0.010
-0.010
0.020
-0.020
0.060
0.020
0.050
0.000
-0.020
0.050
-0.130
-0.090
-0.070
-0.020
0.000
0.010
-0.060
0.000
0.050
0.020
0.000
-0.010
-0.030
-0.020
-0.010
-0.080
0.060
0.030
0.020
-0.120
0.030
0.130
-0.030
0.010
-0.210
-0.070
0.030
0.110
0.010
-0.020
-0.060
0.020
-0.030
-0.030
0.000
0.000
-0.050
-0.070
0.090
0.030
-0.040
0.020
-0.010
0.020
-0.020
0.100
0.050
-0.050
0.020
0.010
-0.050
0.020
-0.080
-0.070
0.000
-0.020
0.020
0.030
-0.040
0.000
-0.060
0.100
-0.120
-0.030
0.160
-0.060
0.010
0.020
0.020
-0.020
0.120
0.110
-0.160
-0.170
0.020
-0.060
-0.020
0.170
-0.040
0.020
-0.210
-0.010
-0.040
0.010
0.210
0.100
-0.040
-0.100
0.010
-0.050
0.050
-0.100
-0.080
0.020
-0.050
-0.160
-0.070
0.520
-0.080
0.100
0.340
0.050
-0.040
-0.040
0.030
0.010
-0.020
0.070
-0.010
0.040
-0.060
-0.020
-0.040
-0.250
0.020
-0.020
0.000
0.010
-0.030
0.050
-0.040
-0.050
-0.020
0.110
0.060
-0.020
-0.030
-0.030
-0.030
0.020
0.080
0.070
-0.030
0.040
0.040
0.020
-0.090
-0.040
0.060
-0.010
-0.030
0.030
-0.090
0.100
0.010
-0.190
-0.120
-0.030
0.020
0.000
0.100
-0.020
0.200
-0.020
-0.020
0.020
0.000
-0.070
0.030
0.020
0.050
-0.110
-0.020
0.060
-0.020
-0.060
-0.040
0.000
-0.330
-0.250
0.040
-0.030
0.150
0.070
-0.150
-0.130
0.010
-0.070
0.190
0.020
-0.450
0.000
-0.120
0.020
0.030
0.050
-0.120
0.020
-0.270
0.130
0.580
0.140
-0.070
0.000
0.200
-0.160
0.110
0.090
-0.220
-0.010
0.040
0.150
0.190
0.140
-0.070
-0.080
0.140
-0.040
-0.120
-0.210
0.130
0.100
-0.270
0.180
0.290
0.260
-0.250
-0.060
-0.570
0.010
-0.180
0.030
-0.110
0.540
0.100
0.490
-0.100
0.010
0.060
0.120
0.170
-0.060
0.160
-0.380
-0.190
-0.540
0.010
0.040
-0.410
0.260
0.210
0.060
-0.260
0.190
-0.100
0.050
-0.560
0.020
-0.680
0.150
-0.350
-0.760
-0.140
0.040
-0.050
-0.240
-0.040
0.070
-0.280
0.130
-0.030
-0.240
0.140
0.050
0.020
0.220
-0.170
0.180
-0.260
-0.430
0.400
-0.160
0.170
-0.290
-0.290
0.650
-0.740
-0.180
0.120
0.830
-0.470
0.790
0.720
0.040
0.080
0.030
-0.140
-0.070
0.040
0.040
-0.080
0.070
-0.010
0.330
0.000
0.080
-0.080
0.010
-0.260
-0.130
-0.250
-0.080
0.500
0.020
0.640
-0.190
0.020
0.250
0.050
0.050
0.290
0.280
0.270
0.070
-0.100
-0.250
0.030
-0.320
0.250
-0.230
-0.060
0.230
0.060
-0.110
0.540
-0.460
-0.360
0.290
-0.310
0.380
0.510
0.180
-0.490
-0.630
-0.690
0.510
0.310
-0.580
-1.410
-1.570
-1.730
0.890
0.110
-1.820
0.820
-1.930
-2.150
1.300
-0.650
-2.320
-1.530
0.370
2.210
-2.440
-2.680
-0.550
2.530
2.300
2.090
1.300
-0.390
-0.830
0.020
1.310
0.680
1.360
0.700
0.640
-0.390
-1.830
-0.610
0.410
1.290
0.030
0.620
0.190
0.440
-0.110
-0.720
-0.660
0.200
0.160
0.470
1.130
-0.020
-0.380
-1.130
0.000
0.930
0.280
-0.990
-0.140
-0.400
-0.160
0.290
0.630
-1.460
-0.560
1.070
-1.050
-0.390
0.420
1.510
-0.060
-0.990
-0.340
0.080
1.430
0.300
0.040
0.430
0.980
-0.900
-0.990
-0.330
1.330
0.910
0.350
0.290
0.330
1.290
-0.040
-0.380
0.810
0.090
-0.200
-0.410
0.120
0.070
-0.280
1.190
-0.170
0.230
-0.530
0.040
-0.150
1.080
1.040
-0.380
0.720
0.310
0.110
-0.630
-0.030
-0.170
-0.220
0.430
0.080
0.560
0.880
-0.120
-0.050
0.130
0.010
0.400
0.200
-0.370
0.340
0.750
-0.210
0.080
-0.400
-0.140
0.070
-0.030
0.070
-0.010
0.210
-0.310
-0.390
0.110
0.110
0.070
0.030
-0.800
-0.340
-0.230
-0.070
-0.260
0.200
0.320
0.200
0.370
-0.890
-0.060
-0.560
0.600
0.880
0.180
-0.180
0.290
-0.280
-0.070
0.340
0.190
0.530
0.040
-0.080
-0.030
0.030
0.070
-0.160
0.180
-0.380
0.130
-0.190
-0.060
0.000
-0.160
-0.010
-0.140
-0.010
0.200
0.480
0.010
-0.190
-0.410
0.130
-0.180
0.650
-0.240
-0.310
-0.030
-0.330
-0.150
0.440
0.640
0.310
0.600
0.200
-0.100
0.320
-0.010
0.020
-0.360
0.170
-0.240
0.400
-0.570
0.750
0.270
-0.080
0.140
0.440
0.140
0.280
0.010
0.120
0.080
0.140
0.050
-0.080
-0.170
-0.160
0.130
-0.020
0.060
-0.040
0.230
0.100
-0.210
0.080
0.490
0.230
-0.020
-0.170
0.050
-0.070
0.140
-0.180
0.180
0.030
0.030
0.100
0.170
0.220
-0.140
0.120
0.080
-0.040
-0.070
-0.210
0.020
0.060
-0.010
0.190
-0.260
0.170
