5.350
5.320
5.330
5.300
5.270
5.300
5.300
5.290
5.250
5.140
5.250
5.300
5.350
5.320
5.320
5.320
5.250
5.130
5.140
5.180
5.210
5.120
5.090
5.080
4.950
4.980
5.100
5.080
5.000
4.910
5.000
5.130
5.290
5.270
5.250
5.070
5.150
5.180
5.100
5.400
5.480
5.510
5.680
5.800
5.800
5.950
5.820
5.600
5.920
5.930
5.920
6.090
6.190
6.150
6.400
6.420
6.580
6.660
6.710
6.740
6.760
6.800
6.800
6.760
6.700
6.680
6.870
6.940
6.950
6.940
6.900
6.950
6.950
6.920
6.970
6.950
6.940
6.950
6.890
6.960
7.050
7.060
7.110
7.000
6.970
7.030
7.140
7.100
7.120
7.160
7.150
7.180
7.130
7.060
7.060
6.940
6.950
7.020
6.980
6.980
6.990
6.950
6.940
6.820
6.800
6.830
6.800
6.800
6.620
6.730
6.760
6.840
6.790
6.750
6.760
6.710
6.680
6.640
6.610
6.620
6.640
6.510
6.690
6.660
6.680
6.620
6.720
6.690
6.640
6.600
6.560
6.560
6.850
6.880
6.880
6.840
6.800
6.950
7.080
7.060
7.060
7.050
6.980
7.110
7.130
7.100
7.060
7.090
7.140
7.160
7.170
7.110
7.090
7.040
6.960
7.060
6.960
7.080
6.950
6.960
6.910
6.970
6.980
6.980
6.930
6.860
6.930
6.880
6.820
6.780
6.850
6.890
6.860
6.870
6.810
6.720
6.710
6.680
6.550
6.660
6.840
6.850
6.820
6.820
6.810
6.830
6.850
6.870
7.090
7.100
7.090
6.920
6.940
6.910
6.950
6.940
7.030
6.930
6.940
6.890
7.000
6.940
7.060
7.040
7.070
7.060
7.060
6.930
6.860
6.870
6.990
6.940
6.770
6.760
6.770
6.700
6.680
6.600
6.930
6.950
6.950
7.320
7.180
7.300
7.520
7.530
7.410
7.400
7.550
7.560
7.510
7.310
7.500
7.600
7.460
7.500
7.610
7.360
7.410
7.520
7.600
7.520
7.300
7.020
7.340
7.280
7.200
7.460
7.240
7.230
6.320
6.210
6.460
6.620
6.590
6.610
6.600
6.500
6.530
6.290
6.210
6.310
6.180
6.380
6.420
6.330
6.100
6.210
6.130
6.370
6.210
6.280
6.110
6.330
6.390
6.370
6.800
7.010
7.000
6.840
6.810
6.760
7.000
6.940
6.880
6.770
6.890
6.920
7.540
7.520
7.470
7.460
7.540
7.340
7.300
7.150
7.400
7.420
7.310
7.100
7.310
7.120
7.000
7.280
7.250
7.300
7.310
7.300
7.260
7.160
6.900
6.860
6.900
6.800
6.580
6.840
6.740
6.520
6.730
6.510
6.780
6.400
6.160
6.210
6.700
6.800
7.130
7.060
6.590
6.460
6.480
6.360
6.200
5.810
6.200
6.180
6.000
5.980
5.800
5.660
5.650
5.560
6.120
6.630
6.400
6.520
6.700
6.480
6.100
6.310
6.080
6.480
6.510
6.730
6.900
7.470
8.100
7.760
8.600
9.550
9.360
9.100
9.300
9.330
9.250
9.400
9.440
9.350
9.350
9.370
9.290
9.320
8.960
8.880
9.070
9.120
9.290
9.450
9.410
9.510
9.200
9.210
8.810
9.650
10.590
10.320
10.160
10.320
10.300
10.200
10.230
10.790
11.030
11.010
9.910
9.900
9.510
9.130
9.350
9.250
9.030
8.780
8.880
9.680
10.000
9.700
9.650
8.800
8.500
8.110
8.250
8.890
8.000
7.880
7.660
7.700
7.870
7.700
7.310
7.200
7.470
7.080
6.800
6.700
6.600
6.720
6.800
6.690
6.550
6.520
6.490
6.090
6.020
6.690
6.910
6.900
6.200
5.660
5.700
5.410
5.950
6.580
6.360
5.700
5.910
6.410
7.120
7.880
8.520
7.900
8.660
8.770
8.900
8.620
8.620
8.900
8.810
8.500
7.800
8.030
7.600
7.380
7.440
7.680
7.400
7.050
7.650
8.290
8.600
8.060
7.720
7.700
7.160
6.380
6.930
7.160
6.800
6.260
4.850
5.390
5.990
6.650
7.390
8.200
8.970
8.240
9.160
10.170
11.130
11.750
11.020
12.240
13.500
12.700
13.400
14.500
14.360
13.940
14.060
13.810
13.550
13.450
12.450
12.910
12.980
12.400
12.100
12.790
14.000
13.190
12.980
13.130
13.080
13.130
12.600
12.000
12.200
11.870
12.020
12.110
11.700
11.260
10.880
10.820
10.790
11.010
11.180
11.170
11.110
11.750
10.770
10.210
9.950
9.610
9.640
9.970
9.690
9.900
9.960
9.900
9.730
9.540
10.400
10.000
8.750
8.510
8.150
8.090
8.230
8.020
7.970
8.170
7.760
7.760
7.660
7.380
7.260
6.700
6.460
6.350
6.460
6.520
6.420
6.300
6.340
6.410
6.220
6.210
6.160
5.980
5.900
5.910
6.140
5.990
5.810
5.740
5.670
5.640
5.640
5.540
5.550
5.690
5.750
5.710
5.710
5.780
5.810
5.870
5.830
5.680
5.730
5.750
5.590
5.500
5.350
5.850
5.800
5.800
5.750
5.730
5.770
5.840
5.670
5.890
5.750
5.630
5.600
5.810
5.980
5.970
6.030
5.860
5.840
5.830
5.680
5.550
5.580
5.800
5.830
6.180
6.020
6.030
6.010
6.060
6.060
6.100
6.030
5.980
5.920
5.900
5.920
6.040
6.000
5.820
5.760
5.760
5.790
6.010
6.020
6.050
6.140
6.110
6.170
6.180
5.830
5.790
5.630
5.550
5.560
5.750
5.700
5.750
5.830
5.660
5.950
6.030
6.150
6.120
5.930
5.730
5.640
5.700
5.730
5.550
5.540
5.500
5.460
5.450
5.430
5.310
5.240
5.350
5.510
5.480
5.470
5.420
5.410
5.390
5.430
5.340
5.280
5.290
5.060
5.100
5.120
5.110
5.350
5.380
5.400
5.530
5.470
5.400
5.380
5.370
5.290
5.260
5.260
5.240
5.360
5.370
5.310
5.250
5.230
5.350
5.220
5.180
5.170
5.150
5.090
5.230
5.260
4.980
5.100
5.350
5.630
5.400
4.910
4.460
