3.620
3.610
3.610
3.600
3.590
3.610
3.620
3.630
3.600
3.580
3.670
3.720
3.740
3.730
3.740
3.710
3.700
3.680
3.680
3.750
3.730
3.710
3.680
3.660
3.560
3.680
3.760
3.560
3.490
3.460
3.540
3.680
3.730
3.720
3.760
3.690
3.730
3.690
3.660
3.700
3.660
3.660
3.710
3.730
3.740
3.780
3.740
3.680
3.870
3.910
3.910
4.010
4.000
4.000
4.080
4.090
4.200
4.210
4.210
4.230
4.160
4.170
4.180
4.120
4.070
4.050
4.150
4.150
4.160
4.150
4.140
4.140
4.190
4.180
4.190
4.240
4.230
4.250
4.200
4.250
4.220
4.300
4.330
4.320
4.300
4.300
4.310
4.300
4.330
4.380
4.380
4.370
4.350
4.270
4.250
4.280
4.300
4.310
4.290
4.240
4.190
4.160
4.160
4.130
4.150
4.180
4.160
4.160
4.150
4.140
4.070
4.070
4.110
4.030
3.900
4.250
4.470
4.470
4.510
4.430
4.450
4.570
4.560
4.510
4.510
4.500
4.560
4.600
4.550
4.490
4.210
4.290
4.290
4.300
4.380
4.100
4.090
4.030
4.180
4.470
4.610
4.010
4.040
4.050
4.080
4.190
4.180
4.140
4.130
4.140
4.130
4.090
4.080
4.070
4.050
4.020
3.980
4.020
4.000
4.010
4.020
4.020
4.060
4.090
4.100
4.130
4.080
4.080
4.130
4.130
4.080
4.080
4.090
4.110
4.110
4.100
4.050
4.050
4.040
4.040
4.040
4.070
4.140
4.160
4.120
4.120
4.090
4.050
4.050
4.040
4.170
4.160
4.150
4.100
4.110
4.080
4.090
4.110
4.170
4.120
4.180
4.130
4.290
4.240
4.260
4.340
4.280
4.030
4.040
3.980
3.910
3.940
3.960
3.950
3.900
3.910
3.900
3.850
3.850
3.820
3.920
3.920
3.920
4.060
4.110
4.120
4.140
4.160
4.130
4.130
4.160
4.150
4.120
4.040
4.090
4.080
4.110
4.110
4.090
4.050
4.060
4.060
4.070
4.050
3.990
3.950
4.050
4.070
4.040
3.990
4.090
4.080
3.970
3.960
3.980
4.180
4.270
4.230
4.220
4.270
4.280
4.140
4.120
4.210
4.160
4.100
3.930
3.930
3.880
3.910
3.940
4.030
3.940
3.950
3.880
3.990
4.000
3.970
4.270
4.410
4.490
4.360
4.390
4.320
4.450
4.440
4.300
4.360
4.400
4.420
4.760
4.960
5.200
4.800
4.170
4.150
4.000
3.870
3.860
3.880
3.910
3.920
3.940
3.770
3.660
3.640
3.640
3.630
3.550
3.600
3.660
3.610
3.730
3.630
3.800
3.580
3.470
3.450
3.670
3.760
4.090
4.130
4.180
4.120
4.150
4.080
4.030
3.800
3.940
3.890
3.780
3.770
3.710
3.720
3.700
3.620
3.900
4.160
4.050
4.080
4.090
3.910
3.820
3.880
3.850
4.040
4.120
4.240
4.260
4.640
5.020
4.790
5.150
5.700
5.730
5.720
5.780
5.890
5.800
5.780
5.760
5.670
5.700
5.750
5.720
5.680
5.510
5.580
5.760
5.820
5.880
6.100
5.880
5.800
5.630
5.820
5.460
5.820
6.390
6.600
5.930
5.800
5.790
5.760
5.820
5.810
5.710
5.770
5.810
5.900
5.720
5.670
5.730
5.710
5.720
5.670
5.740
6.380
7.090
7.880
8.230
7.460
7.120
6.520
6.900
7.210
7.170
6.870
6.500
6.480
6.340
6.030
6.010
6.160
6.280
6.020
6.130
5.850
5.650
5.540
5.730
6.110
6.500
6.610
6.600
6.700
6.700
6.100
6.030
6.040
5.410
5.210
5.210
5.070
5.150
5.230
5.060
4.850
4.750
4.910
4.970
4.720
4.680
4.510
4.510
4.480
4.390
4.400
4.560
4.380
4.350
4.170
4.120
4.090
4.010
3.830
3.800
3.780
3.690
3.650
3.620
3.610
3.630
3.640
3.660
3.660
3.600
3.560
3.610
3.680
3.590
3.570
3.530
3.440
3.410
3.370
3.360
3.370
3.500
3.520
3.490
3.510
3.620
3.740
3.820
3.790
3.770
3.770
3.790
3.670
3.600
3.530
3.770
3.740
3.770
3.810
3.760
3.980
4.060
4.120
4.110
4.100
4.000
4.010
4.100
4.160
4.070
3.910
3.850
3.870
3.910
3.930
3.910
4.010
3.930
3.900
3.730
3.630
3.670
3.740
3.770
3.920
3.870
3.820
3.770
3.750
3.760
3.720
3.680
3.650
3.610
3.630
3.670
3.670
3.660
3.660
3.600
3.600
3.600
3.670
3.650
3.720
3.810
3.860
3.820
3.750
3.710
3.680
3.620
3.550
3.550
3.550
3.720
3.860
3.960
3.830
3.760
3.720
3.660
3.640
3.760
3.730
3.710
3.690
3.720
3.650
3.670
3.680
3.680
3.750
3.740
3.750
3.530
3.580
3.630
3.530
3.470
3.530
3.530
3.450
3.450
3.450
3.410
3.310
3.250
3.320
3.230
3.200
3.190
3.250
3.280
3.280
3.170
3.140
3.090
3.100
3.110
3.110
3.090
3.070
3.090
3.150
3.090
3.080
3.060
3.050
3.060
3.070
3.080
3.050
3.050
3.020
2.970
2.950
2.910
2.940
2.960
2.940
2.930
2.850
2.850
2.850
2.870
