3.750
3.710
3.700
3.680
3.700
3.680
3.700
3.690
3.660
3.670
3.730
3.740
3.750
3.720
3.700
3.640
3.660
3.610
3.710
3.710
3.760
3.690
3.620
3.620
3.600
3.650
3.680
3.650
3.650
3.580
3.550
3.720
3.800
3.820
3.810
3.860
3.830
3.830
3.870
3.970
4.060
4.030
4.020
4.080
4.060
4.060
4.120
4.100
4.100
4.160
4.150
4.370
4.400
4.410
4.490
4.500
4.540
4.640
4.700
4.650
4.510
4.550
4.570
4.570
4.510
4.490
4.540
4.570
4.600
4.600
4.590
4.620
4.630
4.670
4.680
4.710
4.690
4.690
4.730
4.710
4.710
4.750
4.780
4.760
4.690
4.700
4.770
4.790
4.730
4.800
4.750
4.800
4.820
4.760
4.700
4.720
4.680
4.770
4.760
4.730
4.720
4.690
4.690
4.700
4.710
4.730
4.690
4.710
4.670
4.640
4.590
4.590
4.610
4.560
4.700
4.770
4.850
4.850
4.870
4.850
4.910
4.910
4.870
4.850
4.840
4.850
4.890
4.900
4.890
5.020
4.930
4.920
4.900
4.970
4.950
4.850
4.890
4.850
5.090
5.100
5.120
5.000
5.000
4.990
5.080
5.060
5.090
5.110
5.130
5.110
5.160
5.190
5.310
5.120
5.170
5.140
5.180
5.130
5.100
5.090
5.020
5.060
5.040
5.020
5.070
5.050
5.120
5.180
5.200
5.200
5.190
5.140
5.200
5.190
5.280
5.180
5.230
5.370
5.150
5.170
5.180
5.200
5.140
5.200
5.200
4.940
5.130
5.280
5.280
5.310
5.340
5.150
5.150
5.200
5.280
5.400
5.380
5.360
5.210
5.140
5.160
5.280
5.250
5.280
5.240
5.320
5.420
5.410
5.420
5.580
5.820
5.190
5.310
5.060
4.820
4.770
4.790
4.850
4.810
4.800
4.790
4.760
4.730
4.730
4.790
4.810
4.820
5.100
5.060
5.080
5.120
5.080
5.110
5.050
5.090
5.150
5.160
5.060
5.000
5.030
5.040
5.090
5.100
5.070
4.960
4.930
4.980
4.930
4.890
4.810
4.960
5.010
4.950
4.980
4.990
4.950
5.000
4.890
4.930
5.000
5.130
5.290
5.390
5.250
5.140
5.170
4.950
4.990
5.020
4.990
5.030
5.060
5.030
4.940
4.950
5.060
5.120
5.000
5.050
5.090
5.180
5.150
5.420
5.730
5.700
5.700
5.580
5.470
5.640
5.710
5.800
5.800
5.600
5.640
6.100
6.110
6.100
6.170
6.200
6.150
6.200
6.220
6.340
6.500
5.730
5.610
5.690
5.690
5.530
5.600
5.600
5.460
5.620
5.640
5.600
5.580
5.330
5.190
5.300
5.320
5.270
5.150
5.330
5.480
5.560
5.310
5.550
5.400
5.120
4.950
5.100
5.160
5.730
5.680
5.880
5.900
6.030
5.600
5.390
4.890
4.750
4.950
4.940
4.780
4.640
4.660
4.490
4.850
5.060
5.560
5.630
5.610
5.860
5.700
5.490
5.330
5.680
5.350
5.690
5.550
6.000
6.230
6.600
6.710
6.510
7.730
7.920
7.820
7.800
8.150
8.170
8.100
8.370
8.260
8.210
8.470
8.400
8.410
8.320
8.010
8.150
8.090
8.200
8.560
8.290
8.500
8.360
8.500
8.950
8.410
9.020
9.080
9.290
8.100
8.990
8.400
7.250
7.180
7.140
6.900
7.120
7.250
7.230
7.150
7.200
7.160
7.210
6.890
6.880
6.690
6.880
6.920
7.070
7.180
7.650
7.500
6.960
7.300
6.460
6.650
6.660
6.200
6.260
6.140
6.000
5.680
5.690
5.440
5.560
5.600
5.780
5.980
5.950
5.850
6.100
5.790
5.890
5.850
5.500
5.640
6.270
5.900
6.000
5.850
5.320
5.350
5.110
6.010
6.850
6.650
12.400
12.960
12.700
14.670
16.780
16.460
15.310
18.230
19.150
19.390
21.000
19.650
21.370
22.110
24.690
25.500
22.500
23.440
27.200
26.020
25.600
25.280
21.000
20.700
19.980
21.200
21.350
19.990
19.000
17.550
16.820
16.100
16.450
18.100
18.930
18.550
17.160
17.690
16.800
16.420
15.940
16.100
16.770
17.200
17.220
17.550
17.000
15.800
15.400
15.800
16.880
17.270
16.470
15.900
16.800
17.000
17.170
17.560
17.400
16.600
17.900
19.400
17.310
18.500
19.200
18.540
17.050
17.100
18.110
18.430
18.000
16.950
16.490
16.620
16.320
15.240
15.700
16.840
17.290
16.060
15.300
15.000
14.400
14.280
12.810
12.990
13.150
12.670
12.440
12.510
13.040
12.860
12.750
13.110
12.030
11.810
11.790
12.420
12.400
12.600
11.720
10.600
10.670
9.890
10.200
9.610
10.180
10.280
10.400
10.540
10.020
10.120
10.000
8.730
8.870
8.930
8.740
8.760
8.400
8.230
8.490
8.500
7.460
7.670
7.590
7.900
8.100
8.060
8.100
7.910
8.050
7.860
8.100
8.520
8.440
8.360
8.350
8.190
9.000
9.300
9.770
9.740
9.880
9.700
9.380
9.190
8.800
9.710
9.740
10.350
9.740
8.990
8.770
8.840
8.520
8.800
8.900
8.700
8.600
7.860
7.800
7.860
7.900
7.930
7.780
8.030
7.790
8.200
8.080
8.230
8.320
8.270
8.450
8.500
8.580
8.620
8.500
7.970
7.900
7.960
8.400
8.370
8.500
7.970
8.110
8.410
8.500
8.800
8.920
8.540
7.910
7.630
7.050
7.070
6.900
6.550
6.570
13.250
13.480
13.500
13.200
13.250
13.750
13.090
12.720
12.810
12.580
12.340
12.250
11.810
11.820
11.720
11.600
11.430
11.420
11.480
11.690
11.830
11.720
11.770
11.620
11.650
11.510
11.400
11.560
11.450
11.000
10.800
10.800
10.900
10.860
10.990
10.860
10.980
10.800
10.820
10.780
10.760
10.560
10.370
10.420
10.300
10.240
10.300
10.320
10.570
10.570
10.510
10.420
10.290
10.510
10.360
