13.390
13.550
13.430
13.870
13.150
13.260
13.180
13.200
13.340
13.150
13.600
13.660
13.940
13.990
13.820
13.730
13.770
13.670
13.970
14.300
14.950
13.800
13.340
13.380
13.090
13.190
13.330
13.380
13.480
12.790
13.050
13.240
13.300
13.450
13.690
13.880
13.900
13.530
13.530
14.100
14.260
14.640
14.800
14.250
14.250
14.500
14.320
14.390
14.430
14.500
14.960
15.120
14.990
15.200
15.500
16.090
16.400
16.440
16.450
16.660
17.290
17.630
17.770
18.100
16.970
18.040
18.240
18.300
18.320
18.310
18.490
18.520
18.670
18.790
19.080
19.350
20.000
18.650
18.610
18.750
18.930
19.100
18.890
18.600
18.500
18.710
18.640
18.660
18.900
18.920
18.670
18.700
18.530
18.830
18.840
18.870
19.130
19.240
19.200
19.370
19.400
19.240
19.500
19.340
19.530
19.500
19.520
19.210
19.350
19.300
18.980
19.110
19.400
19.870
20.600
20.760
21.200
20.120
20.120
20.210
20.380
20.530
20.690
21.170
19.970
20.240
20.200
19.970
20.330
20.430
20.500
20.290
20.600
20.500
20.140
20.090
20.220
21.270
21.350
21.580
21.510
21.370
21.520
22.550
22.650
22.880
22.670
22.750
22.860
22.900
23.130
23.150
23.170
23.220
23.200
23.440
23.280
23.650
23.750
23.750
23.680
23.780
23.860
23.740
23.750
24.290
25.760
25.710
25.970
25.960
24.390
24.490
24.960
25.020
24.200
24.400
23.670
23.150
24.200
22.480
22.300
22.200
22.100
22.240
22.240
22.680
22.730
22.930
22.960
22.720
22.710
22.630
22.980
23.000
23.780
23.680
23.530
22.850
22.860
22.600
23.140
23.180
22.840
22.690
23.170
22.970
22.980
22.750
23.490
23.410
23.930
23.880
23.270
22.960
22.490
22.860
22.900
21.840
21.950
22.700
22.710
22.890
23.700
22.680
21.940
22.420
23.670
23.250
22.650
22.700
23.120
23.500
22.530
22.610
20.670
20.130
20.280
19.830
20.040
20.200
20.530
20.830
21.330
20.880
20.880
20.820
21.140
20.820
20.800
20.190
20.340
19.980
20.550
19.750
19.960
20.150
20.350
19.870
21.220
21.490
21.950
21.900
21.980
22.100
22.250
21.380
19.500
19.790
20.080
20.200
19.590
20.000
20.430
19.090
19.710
20.000
20.190
20.330
19.880
20.450
20.380
20.800
22.350
22.350
22.400
22.620
22.000
22.100
22.560
22.600
22.050
21.480
22.580
24.570
24.590
24.680
25.330
25.480
25.600
24.990
25.090
24.490
25.960
26.160
26.400
26.750
27.100
26.190
26.480
27.560
27.000
25.270
25.390
25.940
25.100
24.250
24.350
23.800
23.260
23.160
24.200
25.290
24.590
23.420
22.300
21.690
20.660
20.140
21.000
21.890
23.450
24.220
23.710
23.140
22.930
23.500
23.390
23.420
22.370
21.890
22.130
21.700
20.670
20.350
20.350
21.000
21.880
23.160
22.810
21.720
22.380
21.610
20.580
19.600
19.680
19.070
20.360
20.200
22.000
23.400
23.500
24.500
24.970
26.920
28.280
27.530
26.850
28.360
28.480
28.950
28.350
28.530
28.990
28.350
28.360
28.480
28.770
28.000
27.980
27.640
26.320
25.790
25.990
25.490
24.990
26.000
27.360
27.200
28.190
27.240
26.360
26.100
26.380
27.000
26.600
28.180
27.510
26.500
28.500
31.100
29.620
28.210
26.870
26.170
26.950
27.190
26.680
26.960
25.710
25.200
25.740
25.400
24.200
23.050
22.550
23.900
23.110
22.010
21.980
21.730
20.730
19.740
18.800
17.950
17.680
17.220
17.290
17.440
17.950
18.600
18.720
18.130
18.280
17.510
17.520
18.150
18.430
17.640
17.720
16.880
16.080
15.310
14.950
16.500
16.900
17.170
18.600
19.010
19.060
19.060
20.060
21.120
24.160
25.630
25.200
27.130
27.820
28.390
28.500
28.810
28.480
27.400
26.410
25.150
24.700
26.750
27.880
27.650
26.330
25.080
23.890
25.010
23.820
22.690
21.610
20.580
19.600
19.200
19.450
20.190
21.000
20.000
19.050
18.220
17.350
18.260
21.110
20.230
21.290
24.360
25.430
24.290
25.880
29.600
28.340
26.990
28.980
32.840
32.300
34.300
36.980
37.930
39.450
37.660
36.950
36.620
40.500
41.900
45.370
43.210
41.150
45.600
46.030
43.840
41.750
39.760
37.870
36.070
34.350
32.710
31.150
29.670
28.260
26.910
25.630
24.410
23.250
22.140
21.090
20.850
21.480
20.460
19.490
19.780
19.910
18.960
18.060
17.200
16.380
16.080
15.400
14.730
16.290
15.920
15.870
15.710
16.270
16.310
15.510
14.670
13.620
14.100
13.490
12.410
12.860
13.010
12.580
11.700
10.850
10.950
10.990
11.000
10.910
10.360
10.630
10.400
10.470
10.150
10.220
10.510
10.180
9.380
9.090
9.000
8.950
8.960
8.900
8.930
8.880
8.760
8.660
8.600
8.430
8.680
8.840
8.950
9.070
9.300
9.050
9.000
8.900
9.140
9.110
9.100
8.950
9.530
8.700
7.930
8.100
7.740
7.950
8.180
8.140
7.840
7.970
7.950
7.960
8.070
7.900
7.950
8.190
8.300
8.350
8.380
8.330
8.230
8.460
8.880
9.090
9.600
9.190
9.380
9.210
9.210
8.600
8.850
9.030
9.380
9.580
9.590
9.720
10.570
10.040
10.070
9.340
9.240
9.100
9.190
9.140
8.640
8.670
8.720
8.650
9.050
9.250
9.670
9.190
9.160
9.290
8.850
8.470
8.450
8.350
8.500
8.500
8.360
8.120
8.370
8.420
8.250
8.380
8.210
8.580
8.780
8.730
8.930
9.160
8.330
7.570
6.880
6.250
5.680
5.160
