8.210
8.200
8.090
8.150
7.840
7.650
7.700
7.640
7.350
7.180
7.370
7.260
7.310
7.220
7.260
7.110
7.200
7.090
6.980
7.050
7.090
6.930
6.890
6.860
6.800
6.810
7.020
6.890
6.850
6.750
7.110
7.310
7.170
7.050
7.100
6.850
7.040
7.060
6.920
7.060
6.840
7.010
7.400
7.530
7.720
7.630
7.630
7.330
7.300
7.090
7.120
7.370
7.260
7.200
7.120
7.000
7.240
7.270
7.500
7.500
7.390
6.560
6.530
6.380
6.370
6.350
6.420
6.400
6.600
6.520
6.790
6.770
6.640
6.700
6.960
6.910
6.930
7.080
7.080
7.040
7.210
7.250
7.210
7.060
7.210
7.420
7.390
7.300
7.430
7.430
7.650
7.670
7.710
7.620
7.760
7.730
7.910
7.960
7.550
7.650
7.500
7.190
7.210
7.210
7.240
7.920
7.070
7.530
7.500
7.460
7.360
7.500
7.400
7.280
7.510
7.570
7.810
8.050
8.300
8.280
7.650
7.260
7.260
7.090
6.870
6.900
7.150
6.490
6.560
6.900
6.830
6.900
6.760
6.600
6.560
6.440
6.210
6.220
6.750
6.500
6.190
6.000
6.020
6.130
6.500
6.260
6.450
6.430
6.320
6.270
6.330
6.590
6.320
6.370
6.380
6.540
6.710
6.600
6.600
6.300
6.070
6.020
5.990
5.820
5.640
5.660
5.620
5.650
5.610
5.560
5.520
5.440
5.550
5.520
5.670
5.550
5.600
5.620
5.700
5.580
5.630
5.560
5.440
5.360
5.380
5.250
5.420
5.400
5.430
5.540
5.350
5.360
5.300
5.130
5.110
5.250
5.190
5.140
5.110
5.100
5.100
5.130
5.180
5.130
5.130
5.120
5.100
5.180
5.060
5.130
5.120
5.100
5.120
5.090
5.000
4.930
4.980
4.990
4.960
4.900
4.900
4.890
4.880
4.840
4.930
4.990
5.010
5.260
5.090
5.070
5.080
5.070
5.100
5.110
5.140
5.190
5.140
5.130
5.080
5.100
5.090
5.120
5.160
5.100
5.040
5.080
5.110
5.070
5.090
4.870
4.930
4.940
4.900
4.950
4.980
4.920
4.860
4.730
4.720
4.890
4.920
4.980
5.010
4.950
4.960
4.900
4.740
4.700
4.700
4.700
4.750
4.780
4.740
4.680
4.680
4.800
4.950
4.840
4.810
4.800
4.950
4.920
5.280
5.630
5.400
5.400
5.280
5.340
5.360
5.420
5.450
5.400
5.370
5.430
5.730
5.720
5.660
5.750
5.750
5.650
5.700
5.580
5.450
5.590
5.660
5.560
5.510
5.560
5.370
5.500
5.580
5.580
5.710
5.740
5.760
5.670
5.550
5.440
5.630
5.470
5.310
5.250
5.510
5.520
5.730
5.670
5.390
5.600
4.980
4.850
5.230
5.150
5.700
5.620
5.800
5.600
4.970
5.030
4.940
4.740
4.570
4.850
4.700
4.700
4.670
4.710
4.660
4.860
5.120
5.560
5.800
5.780
5.790
5.800
5.680
5.500
5.770
5.410
6.000
5.650
6.100
6.280
6.600
6.520
6.400
7.330
7.300
7.210
6.980
7.240
6.910
7.050
7.170
7.100
7.010
7.200
7.120
7.020
6.960
6.750
6.990
7.290
7.290
7.270
7.310
7.080
6.990
6.900
6.740
6.880
7.080
7.130
7.140
7.150
7.030
6.990
6.950
6.710
6.600
6.350
6.610
6.650
6.580
6.470
6.470
6.420
6.310
6.100
6.110
6.180
6.200
6.210
6.220
6.250
6.390
6.120
5.950
6.440
6.290
6.400
6.390
6.120
6.200
6.180
5.950
5.900
5.920
5.670
5.680
5.680
5.770
5.820
5.720
5.740
5.860
5.540
5.670
5.720
5.250
5.460
6.360
6.170
6.260
6.230
5.790
5.810
5.550
6.400
6.880
6.370
6.220
6.000
6.020
7.000
7.800
8.210
7.900
9.480
8.850
8.350
8.350
7.750
7.340
7.060
6.620
6.570
6.730
6.270
6.590
6.700
7.080
6.700
6.020
7.150
7.530
7.300
7.180
7.020
7.100
6.630
6.000
6.900
7.000
6.720
6.000
4.800
5.100
6.060
7.350
6.900
8.360
8.770
8.110
9.050
9.380
10.300
10.250
10.010
10.700
11.440
11.500
11.340
11.100
11.140
10.690
10.280
10.790
10.620
10.460
10.030
10.240
9.660
8.850
8.800
9.380
9.650
9.340
8.800
8.550
8.250
8.310
8.010
7.880
8.110
8.060
8.120
8.080
7.910
7.680
8.010
8.660
8.620
8.510
8.660
8.600
9.240
8.880
8.860
8.670
8.460
8.070
8.450
8.470
8.360
8.980
8.800
8.860
8.700
9.230
9.000
8.430
8.340
7.860
7.680
7.780
7.850
7.980
7.850
8.180
8.600
7.870
7.580
7.300
7.200
7.020
6.680
6.720
6.900
6.900
6.960
6.880
6.740
6.870
6.870
6.540
6.500
6.240
6.020
5.970
5.950
5.890
5.720
5.500
5.440
5.500
5.380
5.440
5.580
5.600
5.640
5.500
5.580
5.520
5.470
5.500
5.310
5.420
5.170
5.110
4.910
4.980
5.050
4.950
5.050
5.190
5.150
5.270
5.080
5.030
4.880
5.040
5.010
5.100
5.010
4.820
4.580
4.490
4.390
4.580
4.550
4.550
4.670
4.650
4.590
4.510
4.430
4.300
4.560
4.530
4.770
4.640
4.560
4.430
4.520
4.500
4.530
4.550
4.500
4.480
4.460
4.330
4.350
4.290
4.260
4.270
4.310
4.230
4.410
4.410
4.440
4.450
4.550
4.510
4.510
4.480
4.430
4.420
4.150
4.080
4.200
4.440
4.540
4.470
4.380
4.520
4.550
4.550
4.710
4.760
4.720
4.660
4.450
4.510
4.290
4.200
4.230
4.160
4.000
4.050
4.080
4.080
4.020
4.230
4.210
4.010
4.030
3.910
3.840
3.850
3.880
3.850
3.770
3.750
3.780
3.700
3.620
3.780
3.830
3.770
3.850
3.900
3.880
3.720
3.630
3.610
3.500
3.520
3.460
3.430
3.450
3.360
3.370
3.300
3.340
3.350
3.300
3.300
3.250
3.210
3.220
3.210
3.180
3.180
3.230
3.280
3.320
3.270
3.220
3.200
3.200
3.240
3.210
