13.100
13.510
13.450
13.700
13.500
13.480
13.470
13.440
13.430
13.410
13.370
13.060
13.000
13.000
12.720
13.060
13.000
12.830
13.000
12.670
12.640
12.600
12.450
11.830
11.700
11.600
11.500
11.440
11.460
11.450
11.440
11.430
11.420
11.490
11.430
11.510
11.380
11.500
11.490
11.500
11.960
10.870
11.210
11.500
11.530
11.640
11.700
11.690
11.710
11.740
11.770
11.780
11.860
11.830
11.700
11.760
12.130
12.120
12.100
12.000
12.000
12.120
12.180
12.200
12.230
12.270
12.280
12.360
12.250
12.260
12.280
12.290
12.300
12.320
12.300
12.360
12.540
12.700
12.860
12.340
12.380
12.410
12.470
12.470
12.510
12.520
12.540
12.600
12.550
12.620
12.670
12.650
12.660
12.770
12.770
12.910
12.930
12.910
13.000
13.010
13.090
12.740
13.050
13.860
14.120
15.690
16.420
17.000
17.020
16.850
16.310
16.050
15.850
16.000
15.840
15.750
15.960
16.190
16.280
16.330
16.170
16.170
16.290
16.300
16.300
16.310
16.150
16.300
16.700
17.430
17.740
18.020
17.800
17.750
17.800
17.730
17.850
17.800
18.050
18.000
17.990
17.960
18.180
18.230
18.210
19.500
19.900
19.920
18.710
18.550
18.400
17.350
17.440
17.560
17.720
17.800
17.760
17.670
18.060
18.050
17.990
17.900
17.940
17.900
18.150
18.100
17.900
17.400
17.510
17.520
17.570
17.750
17.710
17.350
17.530
17.450
17.700
18.100
18.620
18.720
18.700
18.840
18.790
18.420
18.450
18.760
18.800
18.650
18.780
18.750
18.210
18.320
18.670
17.880
17.800
17.610
17.120
16.910
17.100
17.300
17.200
16.980
17.230
16.700
16.700
16.230
16.180
16.780
17.010
15.990
16.160
16.310
16.470
16.660
16.650
16.980
16.510
16.810
16.890
16.830
17.190
17.200
17.600
17.010
15.950
16.660
16.860
17.200
17.500
19.440
21.600
24.000
25.560
25.900
26.010
28.530
28.600
28.170
28.100
28.430
28.390
29.900
30.100
29.860
28.880
28.690
28.800
27.080
26.790
26.050
25.650
25.450
25.300
25.480
25.380
25.100
25.050
26.370
29.300
28.600
29.280
30.280
30.220
29.400
29.290
26.630
24.210
26.900
27.800
27.670
27.730
26.990
26.700
27.700
28.100
28.000
28.450
28.790
28.090
28.280
28.560
26.960
27.510
27.700
27.140
26.590
24.200
22.350
22.200
23.100
23.780
21.680
19.710
17.920
18.280
19.730
19.740
20.060
19.870
18.840
17.900
17.900
18.000
17.900
19.530
17.750
17.500
16.300
16.720
16.380
14.890
14.160
13.730
13.650
13.700
13.050
12.930
12.630
11.500
11.160
11.020
11.300
10.500
10.550
10.500
10.270
10.430
10.570
10.240
9.750
9.620
9.440
9.140
9.140
9.250
9.290
9.080
8.910
9.170
8.780
8.670
8.600
8.880
8.820
8.770
8.730
8.380
8.370
8.580
8.580
9.480
9.660
9.040
8.670
8.850
8.480
7.810
7.670
7.650
7.620
7.610
7.560
7.680
7.780
7.750
7.510
7.610
7.600
7.580
7.690
7.710
7.770
7.770
7.680
7.660
7.700
7.620
7.610
7.800
7.870
7.680
7.520
7.670
8.150
8.150
8.340
7.700
8.560
8.810
9.350
9.390
9.480
9.280
9.380
8.800
8.930
8.930
8.500
8.050
7.820
7.600
7.520
7.740
7.850
8.720
8.810
8.780
9.020
8.730
8.730
8.720
8.950
8.510
8.170
8.140
8.200
8.120
7.630
7.780
8.640
9.600
10.570
10.780
10.580
9.940
10.530
10.780
9.900
9.550
9.890
8.990
8.470
8.280
7.880
7.870
7.600
7.430
7.380
7.520
7.500
7.610
6.920
6.710
6.700
6.660
6.550
6.550
6.540
6.360
6.480
6.460
6.450
6.380
6.190
6.190
5.930
5.910
5.900
5.880
5.870
5.900
6.030
6.030
6.000
5.990
5.880
5.700
5.540
5.510
5.600
5.540
5.510
5.360
5.300
5.190
5.400
5.480
5.540
5.540
5.440
5.550
5.240
5.120
5.000
5.080
5.140
5.140
5.100
5.080
5.130
5.200
