8.510
8.430
8.570
8.520
8.500
8.500
8.510
8.390
8.330
8.390
8.610
8.620
8.750
8.560
8.520
8.400
8.400
8.250
8.330
8.440
8.490
8.360
8.320
8.190
7.910
8.210
8.210
8.250
8.020
7.860
8.120
8.410
8.500
8.580
8.460
8.290
8.420
8.390
8.880
9.630
10.700
10.930
11.230
11.220
11.210
11.700
12.040
12.170
12.190
11.830
11.800
12.290
12.090
12.390
11.900
11.870
11.960
12.380
12.570
12.380
12.710
12.750
12.670
12.920
13.590
13.410
13.200
13.650
13.320
12.900
12.830
12.810
12.510
12.600
12.850
12.750
13.050
12.720
12.660
12.580
12.710
12.410
12.480
12.370
12.280
12.400
12.010
12.020
12.010
11.690
12.500
11.520
11.520
11.720
11.770
11.600
11.280
11.400
11.160
11.160
11.640
12.100
11.980
12.340
12.170
12.080
12.170
12.370
12.190
12.480
12.050
12.190
12.370
12.280
11.160
11.700
11.850
11.260
10.960
10.980
10.710
10.610
10.480
10.390
11.490
11.950
11.990
11.620
11.690
11.320
11.150
11.430
11.350
12.190
12.530
12.840
13.220
12.020
11.510
10.460
10.440
10.400
10.190
9.810
9.780
9.780
9.640
9.620
9.900
9.930
10.650
10.640
10.460
10.390
10.240
9.950
9.950
10.090
9.960
9.850
9.700
9.760
9.940
10.040
10.090
10.050
10.070
9.910
9.730
9.730
9.740
9.610
9.290
9.470
9.640
9.410
9.540
9.690
9.630
9.490
9.100
9.100
9.830
9.720
9.570
9.510
9.440
9.170
9.110
8.630
8.710
8.840
8.780
8.900
9.060
9.030
8.870
8.800
9.170
9.190
8.590
8.740
8.900
8.980
9.080
9.990
10.820
10.810
10.910
10.560
10.820
10.460
10.340
10.160
10.300
10.010
9.750
10.800
10.810
11.180
10.850
10.990
10.840
10.410
10.320
10.640
10.660
10.640
10.000
10.240
9.310
8.910
9.360
9.320
9.060
9.270
9.260
9.110
8.820
8.690
8.390
7.840
8.000
7.660
7.800
8.240
7.980
7.940
7.770
8.460
7.880
7.430
7.280
8.090
8.370
9.300
9.290
9.550
9.470
9.090
9.150
8.970
8.150
8.300
8.670
8.460
8.570
8.410
8.290
7.540
7.740
7.860
8.730
8.640
8.430
8.960
9.190
8.850
8.470
8.860
8.520
8.880
8.690
9.650
9.800
10.890
10.620
11.520
12.800
12.580
12.670
12.740
13.320
13.280
13.180
13.540
13.740
13.470
13.340
12.910
12.890
12.950
12.590
12.760
13.120
13.910
14.270
13.310
13.450
13.190
13.280
13.900
15.440
17.150
19.050
21.170
20.530
18.680
19.570
19.250
18.430
18.190
16.540
17.200
16.300
16.180
16.590
16.200
14.730
13.390
13.500
15.000
15.370
15.120
14.490
14.230
13.340
13.200
12.930
12.800
13.340
13.740
13.740
12.490
11.940
11.440
11.720
11.810
11.810
12.050
12.220
12.220
12.770
12.730
12.510
12.170
11.830
11.440
12.220
12.190
12.040
12.780
13.110
12.520
12.390
12.550
13.090
12.980
13.120
13.550
13.650
12.560
12.300
12.520
12.480
12.630
13.070
12.880
11.850
12.190
12.350
11.230
10.210
9.630
9.550
9.910
9.770
9.510
10.090
10.290
9.960
10.180
10.000
9.090
8.670
8.110
7.880
8.020
7.800
7.630
7.470
7.340
7.260
7.350
7.610
7.410
7.490
7.150
7.200
7.150
7.280
7.220
7.240
7.050
7.120
7.020
6.840
6.660
7.000
6.920
6.960
7.120
7.000
7.100
7.350
7.080
6.940
6.880
6.760
6.760
7.120
7.120
6.960
6.850
6.610
6.680
7.280
7.450
7.690
7.610
7.630
7.400
7.440
7.160
6.940
7.310
7.380
7.810
7.810
7.720
7.680
7.860
7.870
8.090
7.780
7.430
7.290
7.170
7.130
7.010
6.970
6.860
6.920
7.160
7.100
7.430
7.240
7.210
7.220
7.330
7.300
7.220
7.340
7.160
7.060
6.830
6.790
6.780
7.120
7.470
7.040
6.980
6.930
7.240
7.350
7.650
7.490
7.420
7.450
7.300
7.370
7.440
7.740
7.040
6.790
6.630
6.600
6.460
6.410
6.470
6.890
6.830
6.750
6.750
6.800
6.830
6.760
6.720
6.530
6.340
6.200
6.070
6.210
6.190
6.610
6.940
6.820
6.850
6.800
6.760
6.570
6.530
6.760
6.850
6.500
6.480
6.270
6.300
6.290
6.140
6.080
6.320
6.360
6.280
6.260
6.120
6.170
6.080
6.380
6.380
6.260
6.380
6.460
6.670
7.350
7.280
7.210
7.170
7.570
