10.700
10.260
10.230
10.260
10.230
10.230
10.330
10.080
9.880
10.210
10.450
10.660
10.660
10.780
10.760
11.040
10.880
10.900
10.770
10.730
10.740
10.510
10.600
10.740
10.800
10.680
10.510
10.900
11.010
11.410
11.410
11.660
11.250
11.310
11.140
10.600
11.000
11.010
10.980
11.400
11.660
11.660
11.460
11.200
10.910
11.030
11.000
11.130
11.250
11.080
11.270
11.990
10.880
10.580
11.010
10.960
11.480
12.160
12.280
12.320
12.150
11.600
11.910
12.150
11.980
11.610
12.580
13.030
13.010
12.940
13.440
13.510
13.540
13.360
13.500
13.330
13.470
13.300
13.120
13.500
13.420
13.090
13.050
12.980
13.000
13.030
12.870
12.900
12.810
12.980
13.330
13.880
13.830
13.630
13.290
13.510
13.400
13.300
12.150
11.180
10.950
10.770
10.850
10.600
10.600
10.860
10.850
10.570
10.310
11.020
11.670
11.010
12.040
12.200
12.320
12.530
12.430
12.180
12.380
12.370
12.300
12.230
12.010
12.520
13.040
13.060
13.260
13.210
13.280
13.160
12.810
12.730
12.710
12.400
12.500
13.280
13.110
12.990
13.070
12.800
13.130
13.080
13.000
13.200
12.800
12.600
13.030
13.000
13.140
13.030
13.280
13.300
13.590
13.610
13.250
13.320
13.720
13.380
13.220
13.020
14.360
15.200
15.300
14.860
15.160
15.500
15.130
14.910
14.520
14.300
14.330
14.580
14.310
13.860
13.500
13.450
13.370
13.320
13.720
14.410
13.600
13.700
13.350
13.300
13.050
13.480
13.400
14.240
13.740
13.500
13.050
13.030
13.080
12.550
11.500
11.650
10.590
9.630
8.750
7.950
7.230
6.490
5.760
5.610
5.690
5.510
5.110
5.180
5.430
6.000
6.570
6.400
6.360
6.350
6.390
6.100
6.200
6.010
6.400
6.480
6.760
6.610
7.270
7.750
7.610
8.460
9.370
9.490
9.000
8.900
8.900
8.710
8.670
8.710
8.710
8.860
8.980
8.960
8.770
8.600
8.660
8.600
8.400
8.600
8.360
8.200
8.030
7.550
7.760
7.360
8.120
9.020
9.120
8.920
8.820
9.030
8.790
8.800
9.150
8.350
8.510
9.170
8.480
8.010
7.750
7.570
7.270
7.120
7.010
7.010
7.140
7.230
7.300
7.020
7.310
7.000
6.660
7.050
7.630
7.170
6.990
7.060
6.950
6.860
6.550
6.430
6.430
6.520
6.310
6.380
6.510
7.230
7.540
8.380
9.310
10.340
11.490
12.770
13.940
12.600
13.500
13.800
12.200
9.500
10.100
9.630
9.450
8.790
8.230
8.000
8.150
7.780
6.900
6.800
6.700
6.490
6.500
6.160
5.930
5.790
6.210
6.570
6.750
6.800
6.600
6.630
7.070
6.960
7.110
7.130
6.890
6.840
6.440
6.150
6.320
6.340
6.220
6.010
5.910
6.050
6.170
5.820
5.750
5.640
5.570
5.590
5.520
5.430
5.450
5.320
5.480
5.350
5.280
5.200
5.160
5.060
4.990
4.970
5.000
4.800
4.670
4.720
4.630
4.660
4.610
4.520
4.490
4.400
4.370
4.390
4.370
4.340
4.290
4.210
4.200
4.140
4.140
4.160
4.320
4.380
4.410
4.310
4.330
4.350
4.390
4.330
4.250
4.270
4.290
4.140
4.030
3.950
4.270
4.210
4.200
4.210
4.210
4.320
4.400
4.370
4.340
4.300
4.240
4.270
4.480
4.430
4.310
4.240
4.210
4.200
4.270
4.460
4.510
4.510
4.480
4.460
4.280
4.150
4.170
4.350
4.320
4.610
4.620
4.600
4.480
4.550
4.500
4.420
4.330
4.290
4.240
4.240
4.270
4.190
4.140
4.140
4.160
4.150
4.140
4.320
4.300
4.390
4.500
4.410
4.360
4.280
4.370
4.310
4.190
4.110
4.100
4.080
4.290
4.480
4.430
4.360
4.580
4.640
4.740
4.570
4.540
4.330
4.240
4.270
4.200
4.150
4.170
4.170
4.100
4.090
4.130
4.080
3.930
3.960
4.010
3.880
3.880
3.840
3.810
3.740
3.750
3.740
3.710
3.650
3.610
3.620
3.560
3.560
3.740
3.730
3.700
3.800
3.760
3.740
3.650
3.650
3.600
3.630
3.570
3.540
3.550
3.640
3.640
3.570
3.620
3.650
3.630
3.500
3.460
3.410
3.320
3.350
3.210
3.310
3.310
3.300
3.320
3.280
3.290
3.190
3.150
3.200
3.200
