12.200
11.960
12.040
12.070
12.110
12.200
12.240
12.320
12.250
12.140
12.230
12.090
12.080
12.120
12.270
12.300
12.580
12.460
12.730
12.480
12.440
12.120
11.960
11.920
11.660
11.560
11.810
11.660
11.700
11.360
11.510
11.590
11.760
11.600
11.770
11.580
11.520
11.540
11.250
12.230
12.190
12.360
12.550
12.710
13.270
15.100
14.970
14.670
14.090
13.990
14.020
14.500
14.190
14.200
14.210
14.240
14.970
15.190
15.790
14.690
14.660
14.900
14.840
14.470
14.330
14.410
14.760
14.650
14.320
14.540
14.650
14.660
14.470
13.960
14.140
14.100
13.900
14.150
13.620
13.640
13.050
13.020
12.650
12.670
12.720
12.930
12.860
12.860
12.870
13.010
13.170
13.190
13.120
13.120
13.090
12.940
13.280
13.400
13.410
13.450
13.640
13.470
13.490
13.060
13.170
12.730
12.770
12.440
12.320
12.250
12.240
12.470
11.780
11.720
12.100
12.400
13.200
12.680
12.890
12.740
12.900
13.030
13.060
12.800
12.700
12.920
13.080
13.210
13.070
13.330
13.340
13.550
13.520
13.440
13.070
13.350
13.150
13.400
12.770
12.850
12.500
12.570
12.160
12.460
12.490
12.590
12.630
12.830
13.270
13.130
12.870
12.330
11.520
11.460
11.550
11.560
11.570
11.400
11.480
11.450
11.360
11.330
11.590
11.480
11.230
11.220
11.160
11.130
11.110
11.320
11.140
11.240
11.200
11.730
10.880
10.800
11.080
10.870
11.140
10.400
10.280
10.270
10.130
10.110
10.050
10.080
10.110
10.170
10.240
10.140
10.080
10.070
10.130
10.150
10.260
10.420
10.490
10.570
10.490
10.220
10.190
10.290
10.260
10.380
10.370
10.360
10.170
10.200
10.180
10.310
10.300
10.380
10.460
10.520
10.620
10.170
10.330
10.220
10.320
10.360
10.280
10.290
10.410
9.460
9.680
9.850
9.800
9.630
9.610
9.390
9.490
9.490
9.420
9.370
9.420
9.500
9.490
9.550
9.400
9.330
9.230
9.280
9.280
9.260
9.250
9.120
9.170
9.200
9.190
9.230
8.960
8.960
8.960
8.980
8.900
8.990
9.000
9.070
8.930
9.050
9.270
9.330
9.420
9.400
9.400
9.520
9.280
8.900
9.010
9.080
9.210
9.520
9.450
9.370
9.390
9.500
9.320
9.290
9.360
9.320
9.480
9.450
9.780
10.100
10.080
10.090
10.070
9.860
9.930
9.940
9.920
9.910
9.910
9.940
10.320
10.340
10.300
10.390
10.380
10.370
10.160
10.220
10.130
10.300
10.270
10.250
10.240
10.360
10.190
10.080
10.220
10.060
10.100
10.260
10.220
10.480
9.950
9.650
9.570
9.550
9.660
9.280
9.330
9.420
9.500
9.580
9.520
9.610
9.510
9.100
9.290
9.320
10.060
10.120
10.340
10.290
10.510
9.880
9.700
9.580
9.200
9.560
9.530
9.280
9.170
8.950
8.960
9.020
9.430
10.240
10.460
10.400
10.420
10.680
10.650
10.550
10.390
10.430
10.350
10.200
10.730
10.900
11.400
11.640
11.650
12.750
12.980
13.060
12.800
13.190
12.960
13.000
13.240
12.990
13.120
12.720
12.430
12.290
12.290
12.230
11.980
12.180
12.020
12.260
12.320
12.480
12.680
12.560
12.130
12.280
12.920
13.280
13.120
13.100
13.620
13.650
13.130
13.240
13.510
12.880
12.970
13.200
13.470
13.790
14.240
13.600
13.700
13.000
12.510
11.640
11.690
11.500
11.280
11.200
11.560
11.300
11.020
11.820
11.860
11.850
11.780
11.370
11.390
11.480
11.420
10.800
10.740
10.320
10.380
10.370
10.550
10.800
10.860
10.870
11.260
11.100
10.770
11.150
10.680
10.500
11.600
10.920
11.080
11.080
10.310
10.330
10.420
10.850
12.000
12.080
11.170
11.090
11.000
12.500
14.000
15.500
14.990
15.830
15.100
14.450
14.300
14.000
14.080
13.500
12.500
12.280
12.670
12.350
12.240
12.890
13.500
13.210
13.170
14.150
14.970
14.770
14.980
14.900
13.780
12.540
11.990
11.140
10.130
9.210
9.000
9.890
12.630
12.910
14.450
16.430
15.800
17.180
18.000
19.560
20.300
19.520
19.390
20.980
20.600
19.840
21.160
21.780
22.400
23.000
21.500
20.930
21.210
19.870
18.320
16.700
16.260
15.760
17.130
17.250
18.070
17.370
17.260
17.180
16.600
15.260
14.160
14.830
15.180
14.760
13.470
13.230
12.800
12.570
13.340
14.010
14.650
14.850
14.680
15.280
14.890
14.150
13.300
13.440
12.890
13.050
13.440
12.970
13.630
13.800
14.010
13.100
13.660
13.200
12.000
10.910
9.920
9.020
8.430
8.120
8.020
7.780
7.940
8.280
8.200
8.340
8.540
8.290
8.240
8.340
8.450
8.500
8.330
8.200
8.230
8.470
8.280
7.970
7.890
7.980
8.330
8.440
8.590
8.890
8.900
8.730
8.430
8.380
8.190
8.850
8.600
8.700
8.360
8.330
8.070
7.980
8.100
7.980
7.660
7.430
7.580
7.230
6.900
6.730
6.730
6.840
6.790
7.000
6.960
7.110
7.060
7.060
6.670
6.690
6.810
6.880
6.880
6.360
6.260
6.180
6.140
5.910
5.950
6.030
6.040
5.980
6.050
6.200
6.110
6.160
6.240
6.390
6.200
6.180
6.190
6.220
6.290
6.130
6.140
6.060
6.200
5.990
5.950
5.930
6.050
6.090
6.060
6.180
6.190
6.360
5.780
5.260
5.200
5.160
5.110
4.990
5.000
5.030
5.130
5.220
5.220
5.190
5.180
5.170
5.160
5.080
5.080
5.020
5.020
5.010
4.980
5.060
5.000
5.010
4.980
5.100
5.010
5.020
4.910
4.960
4.730
4.720
4.710
4.640
4.660
4.680
4.650
4.710
4.720
4.710
4.700
4.740
4.610
4.620
