3.650
3.640
3.630
3.640
3.610
3.630
3.620
3.660
3.660
3.630
3.680
3.740
3.760
3.760
3.740
3.750
3.730
3.730
3.690
3.780
3.760
3.760
3.720
3.710
3.710
3.680
3.890
3.710
3.570
3.530
3.540
3.700
3.760
3.730
3.770
3.800
3.770
3.730
3.720
3.720
3.710
3.660
3.730
3.760
3.760
3.800
3.820
3.820
3.870
3.920
3.920
4.030
4.020
4.040
4.090
4.110
4.200
4.290
4.210
4.300
4.260
4.200
4.210
4.250
4.090
4.080
4.160
4.200
4.170
4.180
4.170
4.160
4.200
4.220
4.190
4.270
4.240
4.260
4.270
4.250
4.280
4.330
4.380
4.340
4.340
4.370
4.360
4.350
4.350
4.420
4.440
4.470
4.460
4.380
4.270
4.350
4.310
4.350
4.360
4.300
4.250
4.230
4.240
4.190
4.170
4.180
4.190
4.180
4.160
4.200
4.150
4.100
4.130
4.170
4.120
4.290
4.510
4.550
4.570
4.530
4.470
4.590
4.680
4.600
4.570
4.580
4.600
4.820
4.710
4.860
4.420
4.330
4.340
4.390
4.450
4.450
4.180
4.170
4.240
4.570
4.750
4.460
4.050
4.070
4.110
4.240
4.210
4.240
4.150
4.150
4.160
4.190
4.100
4.090
4.090
4.060
4.000
4.050
4.030
4.030
4.040
4.030
4.070
4.110
4.140
4.150
4.130
4.110
4.140
4.160
4.140
4.090
4.120
4.140
4.140
4.140
4.120
4.070
4.060
4.050
4.090
4.070
4.160
4.170
4.170
4.140
4.150
4.090
4.090
4.050
4.190
4.180
4.180
4.170
4.140
4.100
4.100
4.150
4.170
4.200
4.190
4.190
4.310
4.360
4.270
4.500
4.450
4.170
4.070
4.070
3.980
3.950
3.970
4.010
3.950
3.930
3.930
3.960
3.880
3.850
3.930
3.940
3.970
4.150
4.120
4.130
4.170
4.180
4.180
4.160
4.200
4.170
4.210
4.140
4.090
4.110
4.150
4.160
4.150
4.120
4.080
4.080
4.110
4.080
4.090
4.040
4.080
4.150
4.160
4.050
4.120
4.110
4.110
4.000
3.990
4.230
4.300
4.350
4.260
4.330
4.320
4.350
4.150
4.330
4.320
4.350
3.950
4.020
3.950
3.940
3.980
4.110
4.030
3.980
4.000
4.010
4.030
4.060
4.280
4.480
4.510
4.560
4.420
4.450
4.450
4.550
4.540
4.490
4.410
4.530
4.880
5.060
5.280
4.800
4.360
4.220
4.270
3.880
3.900
3.890
3.960
3.950
4.020
3.950
3.790
3.670
3.670
3.700
3.600
3.610
3.690
3.800
3.800
3.700
3.820
3.840
3.600
3.500
3.770
3.760
4.180
4.170
4.240
4.170
4.180
4.170
4.170
4.050
3.970
3.960
3.900
3.890
3.770
3.850
3.730
3.850
3.930
4.330
4.170
4.090
4.340
4.140
3.940
3.920
4.170
4.040
4.240
4.280
4.680
4.650
5.150
5.010
5.180
5.710
5.760
5.810
5.790
5.980
5.830
6.010
5.820
5.760
5.720
5.800
5.740
5.760
5.690
5.600
5.780
5.870
5.880
6.150
6.150
5.960
5.830
5.920
5.970
5.910
6.440
6.670
6.530
5.940
5.850
5.840
5.830
5.870
5.840
5.820
5.860
5.980
6.020
5.820
5.820
5.780
5.940
5.850
5.740
6.380
7.090
7.880
8.780
8.210
7.460
7.070
6.970
7.310
7.490
7.370
7.040
6.600
6.480
6.340
6.080
6.190
6.510
6.340
6.220
6.180
5.820
5.580
5.910
6.190
6.670
6.620
6.840
6.900
7.120
6.660
6.320
6.130
5.920
5.380
5.310
5.290
5.210
5.420
5.320
5.040
4.920
4.970
5.080
4.920
4.800
4.720
4.530
4.610
4.470
4.440
4.650
4.750
4.440
4.330
4.170
4.230
4.130
4.070
3.820
3.810
3.850
3.720
3.710
3.680
3.670
3.750
3.670
3.730
3.670
3.660
3.620
3.730
3.670
3.620
3.580
3.550
3.460
3.430
3.380
3.420
3.600
3.540
3.560
3.510
3.650
3.750
3.840
3.860
3.860
3.800
3.810
3.800
3.700
3.610
3.810
3.830
3.790
3.860
3.820
3.990
4.080
4.170
4.170
4.260
4.110
4.050
4.130
4.160
4.200
4.150
3.920
3.960
4.000
3.960
3.970
4.070
4.080
3.960
3.950
3.770
3.680
3.830
3.800
3.970
3.940
3.890
3.810
3.820
3.810
3.770
3.780
3.720
3.660
3.640
3.690
3.700
3.700
3.730
3.650
3.700
3.650
3.770
3.710
3.770
3.820
3.900
3.880
3.850
3.770
3.770
3.700
3.610
3.570
3.610
3.740
3.860
4.010
4.210
3.830
3.810
3.800
3.700
3.770
3.830
3.730
3.720
3.740
3.720
3.690
3.740
3.760
3.770
3.850
3.770
3.820
3.610
3.710
3.680
3.540
3.550
3.600
3.590
3.480
3.530
3.480
3.450
3.330
3.320
3.400
3.300
3.280
3.270
3.330
3.390
3.300
3.190
3.140
3.110
3.160
3.180
3.120
3.090
3.090
3.190
3.180
3.110
3.070
3.100
3.080
3.080
3.110
3.090
3.100
3.100
3.030
2.990
2.980
2.960
3.020
2.980
2.970
2.940
2.860
2.860
2.910
