106845.02
79922.39
67052.07
48587.93
78573.11
55358.96
86788.49
135638.12
93377.17
55220.49
49759.41
49250.45
60160.77
37560.54
45717.95
85183.58
52695.70
64534.98
71192.56
64327.28
65747.57
69902.65
40375.30
51486.18
67039.99
106081.23
119986.42
66406.73
105278.37
82538.90
117707.11
115357.37
102473.41
105943.02
141854.81
133835.44
131941.36
68721.95
80047.52
96198.07
93185.92
183091.44
129853.21
182994.16
175102.19
254256.80
188988.95
232830.88
96231.33
70065.79
97512.72
105528.49
108536.01
127245.63
129120.27
89101.30
75422.88
56200.83
78833.49
136296.56
95341.61
117659.67
97315.90
223874.20
35731.75
56681.57
54514.20
79518.74
73312.57
131180.88
121953.47
106552.31
61212.10
81117.16
80623.25
84928.67
90439.91
203902.09
41880.65
34713.17
44217.46
47407.91
51774.80
72017.95
68691.75
88796.70
61482.23
32785.12
23265.09
47528.36
70668.53
97013.14
56403.36
99210.01
35102.47
19935.92
47712.45
47188.99
47953.36
53159.18
74817.03
24291.44
42340.37
20121.43
14446.41
35519.93
27656.43
16328.20
25981.50
31002.01
10860.68
17657.58
25989.02
58409.01
39028.24
29741.22
31122.01
34114.00
39562.00
29072.53
40468.78
71173.83
34274.46
30835.61
40346.97
36028.56
50852.04
86634.30
59273.30
22589.41
31785.32
38887.35
25497.76
42329.26
45185.83
56415.30
53377.32
108335.22
75855.84
46957.65
64800.92
43191.00
80167.43
64955.06
34710.17
64841.37
37071.11
68327.45
74492.41
55172.63
70845.32
82549.33
56483.98
57796.89
65817.13
67167.05
48202.29
115161.47
107778.88
81059.87
91402.69
60536.30
65338.27
67955.94
143055.16
92475.70
138259.81
60632.66
116781.91
79600.30
133366.97
112140.17
67200.78
162794.70
66714.02
92755.93
82334.73
64023.95
46744.63
98682.38
91899.01
70391.01
61128.29
117614.86
67423.66
132749.59
96251.64
145641.22
73789.63
82182.13
92402.62
117444.27
153810.95
132683.03
258148.16
188812.59
111265.42
143960.61
62492.63
91513.08
48141.51
58573.13
57035.00
59505.05
125028.79
47307.75
35883.71
47133.19
73076.13
83361.91
101656.56
85081.43
74867.60
111934.05
42555.39
47167.12
33158.28
57002.55
49625.79
40701.83
60339.74
41563.07
57822.83
70290.52
85699.05
127175.95
194883.91
93013.78
159848.98
165598.16
288014.56
153433.59
71003.41
70605.00
107970.65
74392.46
74018.17
111745.67
205828.14
148544.06
181701.55
330004.44
283740.03
80030.43
117168.96
62517.02
50814.92
62869.22
42542.87
42797.22
44352.09
64110.82
76910.23
32180.63
62874.72
39636.33
45974.46
28154.33
50475.27
43998.66
49466.65
54144.44
72711.47
48014.79
57001.89
70365.32
23115.25
24596.78
42756.30
50794.51
39855.26
32790.64
28389.76
47611.43
63933.17
49964.52
31615.61
31673.53
43623.68
30586.78
36679.23
83682.58
85358.32
97720.07
110348.12
87930.79
31475.20
44540.03
50773.09
67448.07
57085.34
57144.18
85925.76
121834.16
82659.43
118936.90
303139.50
124374.97
152541.58
82855.64
94098.14
82395.86
124982.53
136663.11
105072.59
89949.34
141150.02
111775.59
75586.15
93255.63
66694.62
141245.59
166783.81
207089.03
132384.30
119426.55
106901.25
52864.31
60161.16
99010.09
44824.34
65587.56
56962.00
69571.23
64998.89
84056.75
98125.83
95766.85
71143.55
98579.95
68242.14
125788.28
84291.59
77316.25
107751.19
61917.55
95906.68
98903.03
96834.62
63544.34
82961.59
85015.60
64885.51
78601.22
70687.12
89874.26
80606.15
107563.95
104760.34
80369.79
84824.38
107253.55
135647.70
140234.34
120175.65
114867.25
161741.16
102396.20
111555.83
131961.14
257512.48
29534.00
271755.78
191852.86
99415.66
117905.55
94435.48
131130.67
193253.78
157608.72
120745.90
149015.80
129065.90
158982.42
283623.00
282991.88
289712.81
383068.12
288224.12
376180.72
413349.19
263332.22
200982.33
259211.20
364544.56
346365.34
305579.91
348800.81
240359.80
184208.44
294163.47
165564.36
87770.57
126543.76
122717.26
120545.81
199749.33
316105.19
242133.78
301479.91
341172.81
244489.83
226195.06
214431.77
194509.84
220248.48
190483.86
105163.92
173381.80
174399.73
292552.47
380317.66
391076.09
391694.56
241825.19
126461.63
206464.25
136225.23
176751.05
195653.53
175423.27
133387.52
161006.09
188800.09
125593.57
121220.00
787.00
47719.60
51189.99
66217.03
104149.28
125484.30
114267.27
152933.61
134631.14
118064.28
195442.16
113797.29
129567.75
153678.91
112604.70
149279.17
243141.50
182427.98
138766.12
146431.56
169585.61
260439.70
211928.19
136137.20
166887.02
129385.91
85932.00
155723.92
194607.00
209721.70
319021.25
190658.02
211183.98
149018.64
174653.98
268262.62
249357.09
200658.47
207417.88
306565.31
156916.36
143468.84
132346.88
188690.83
154239.80
260472.91
212978.89
377150.75
266267.88
246156.77
178826.45
313457.25
257263.05
227332.41
342142.91
448295.03
30105.07
103490.68
226612.31
171306.06
131917.30
219213.31
201886.30
156535.30
174178.94
194911.14
175434.75
139863.14
142399.16
147254.41
138525.81
152457.05
119511.39
139448.81
157785.12
249088.89
382505.31
220226.81
252162.16
366269.78
459645.97
405421.75
375021.62
241797.03
283623.75
316191.81
371607.94
207677.20
223219.14
194491.17
221504.36
151643.09
166316.52
231350.66
282323.72
197791.86
168224.55
209732.69
229282.81
191453.69
188523.59
160355.36
123389.85
145350.27
164166.25
146203.72
216314.06
189824.84
133233.16
167397.31
186443.36
164802.44
134256.02
234789.11
180359.05
187298.20
143251.83
160722.91
182788.88
177183.03
187392.88
137819.91
152596.47
158816.41
125975.24
159939.38
309168.78
187172.69
174921.56
128530.45
146330.45
182551.11
162868.05
154636.77
88499.78
127336.46
102884.26
109534.53
117598.19
111764.03
188547.70
159807.38
186866.27
141255.73
97432.63
98874.16
113269.90
3392.50
96582.77
88459.59
63164.63
49533.36
34290.70
40410.49
40858.90
56751.46
68251.46
62552.79
65213.69
47275.75
69227.36
107286.07
112855.16
144903.70
202377.12
101072.71
133108.06
136531.70
117796.60
151696.45
142143.77
104376.62
167115.88
118486.27
252159.58
495566.16
49935.18
2421.17
310558.38
217860.77
214584.23
383950.16
272021.59
102981.05
98539.56
73243.18
93423.42
218542.45
132223.59
78924.71
72671.97
144694.73
102583.17
85224.81
116742.70
108071.52
59448.68
88876.00
122688.96
85375.86
42229.93
58835.59
62794.98
102828.53
161468.44
112520.41
100435.54
109173.23
153616.30
117804.57
