5.380
5.350
5.370
5.320
5.320
5.310
5.320
5.340
5.250
5.240
5.340
5.360
5.380
5.350
5.370
5.360
5.280
5.150
5.250
5.230
5.250
5.150
5.110
5.080
5.010
5.080
5.150
5.150
5.060
5.000
5.210
5.300
5.340
5.290
5.300
5.180
5.260
5.320
5.400
5.570
5.550
5.700
5.820
5.910
5.940
6.010
5.820
5.920
6.000
5.940
6.120
6.280
6.320
6.390
6.500
6.610
6.740
6.700
6.820
6.760
6.820
6.820
6.860
6.760
6.710
6.870
7.010
6.980
6.990
6.940
7.010
7.090
6.970
6.980
7.040
6.960
6.940
7.020
6.940
7.090
7.080
7.120
7.160
7.030
7.040
7.190
7.170
7.120
7.240
7.220
7.350
7.180
7.170
7.070
7.090
6.980
7.050
7.090
6.990
7.060
7.020
6.970
6.990
6.850
6.840
6.880
6.870
6.870
6.760
6.730
6.830
6.880
6.800
6.810
6.790
6.720
6.700
6.660
6.630
6.690
6.640
6.660
6.830
6.740
6.690
6.750
6.780
6.690
6.640
6.680
6.620
6.870
6.910
7.000
6.890
6.880
6.910
7.140
7.090
7.080
7.080
7.100
7.160
7.160
7.200
7.120
7.080
7.180
7.170
7.230
7.200
7.110
7.130
7.040
7.060
7.070
7.040
7.220
6.950
7.040
7.010
7.030
7.050
6.990
6.980
6.990
6.940
6.970
6.820
6.900
6.880
6.940
6.900
6.910
6.820
6.730
6.780
6.750
6.710
6.840
6.850
6.920
6.820
6.900
6.870
6.840
6.960
7.090
7.100
7.200
7.130
6.970
6.970
6.940
7.020
7.050
7.050
6.980
6.940
7.010
7.000
7.070
7.080
7.130
7.130
7.150
7.090
6.950
6.870
7.000
7.080
6.990
6.770
6.800
6.770
6.740
6.700
6.920
7.020
7.020
7.420
7.320
7.260
7.550
7.550
7.530
7.480
7.580
7.670
7.610
7.560
7.560
7.590
7.790
7.530
7.670
7.680
7.410
7.600
7.660
7.750
7.580
7.370
7.350
7.510
7.300
7.640
7.620
7.400
7.380
6.340
6.370
6.620
6.800
6.650
6.680
6.680
6.520
6.550
6.290
6.300
6.370
6.440
6.520
6.420
6.370
6.190
6.240
6.380
6.390
6.310
6.300
6.200
6.480
6.440
6.740
7.130
7.020
7.000
6.890
6.880
7.060
7.080
6.950
6.970
6.850
7.060
7.610
7.720
7.590
7.600
7.560
7.650
7.510
7.310
7.440
7.600
7.490
7.370
7.350
7.320
7.150
7.330
7.400
7.290
7.400
7.360
7.400
7.480
7.180
6.960
7.060
6.940
6.800
6.750
6.860
6.870
6.930
6.780
6.900
6.840
6.410
6.300
6.900
6.850
7.640
7.270
7.410
6.640
6.500
6.630
6.400
6.230
5.970
6.250
6.200
6.130
5.980
5.920
5.660
5.960
6.120
6.740
6.690
6.600
6.560
6.800
6.580
6.180
6.700
6.200
6.820
6.730
7.300
7.690
8.180
8.230
8.040
9.520
9.660
9.410
9.260
9.650
9.340
9.430
9.550
9.570
9.440
9.590
9.370
9.420
9.450
9.080
9.100
9.370
9.180
9.550
9.450
9.670
9.700
9.430
9.400
9.500
10.500
10.590
10.410
10.330
10.450
10.500
10.250
10.720
11.430
11.190
11.170
10.000
10.500
9.580
9.200
9.350
9.620
9.080
9.010
9.520
10.180
10.440
9.900
9.990
9.080
8.900
8.150
9.130
9.160
8.060
8.180
7.700
8.050
7.950
7.770
7.410
7.380
7.500
7.500
6.950
6.700
6.940
7.140
6.860
6.960
6.550
6.610
6.660
6.090
6.150
7.300
7.060
7.000
6.250
5.700
5.900
5.410
6.600
6.760
6.490
6.190
6.220
6.410
7.450
8.400
8.690
8.440
9.610
9.000
8.990
8.650
8.800
9.110
9.080
8.700
8.000
8.210
7.680
7.790
7.510
8.110
7.800
7.450
8.250
8.880
8.890
8.060
7.810
7.880
7.220
6.500
7.440
7.400
7.000
6.300
4.850
5.390
6.450
8.080
7.800
9.100
9.750
9.200
10.760
10.950
12.300
11.940
12.010
13.330
13.900
13.400
14.450
15.310
14.360
13.940
14.380
13.850
14.150
13.500
13.250
13.520
13.150
12.520
12.800
14.210
14.280
13.430
13.110
13.570
13.330
13.380
12.720
12.370
12.670
12.200
12.420
12.370
12.060
11.300
10.990
11.010
11.330
11.510
11.920
11.180
11.990
12.140
11.000
10.240
10.100
9.610
9.850
10.160
9.950
10.050
10.310
10.180
10.010
10.680
11.370
10.200
8.790
8.620
8.270
8.390
8.590
8.020
8.330
8.380
7.970
7.780
7.870
7.440
7.400
6.700
6.520
6.490
6.650
6.530
6.480
6.300
6.680
6.460
6.220
6.290
6.200
6.020
5.910
6.080
6.140
6.010
5.830
5.740
5.700
5.710
5.700
5.580
5.690
5.810
5.820
5.720
5.780
5.880
5.850
5.900
5.870
5.750
5.850
5.750
5.630
5.520
5.780
5.880
5.870
5.810
5.770
5.840
5.860
5.940
6.000
5.960
5.750
5.670
5.820
6.100
6.100
6.200
6.100
5.930
5.960
5.880
5.720
5.560
5.910
5.860
6.260
6.240
6.070
6.030
6.160
6.120
6.220
6.170
6.040
6.070
5.990
5.960
6.050
6.100
6.000
5.870
5.930
5.790
6.160
6.070
6.100
6.180
6.180
6.310
6.210
6.430
5.980
5.830
5.640
5.590
5.810
5.770
5.780
5.890
5.890
5.910
6.110
6.180
6.490
6.210
5.980
5.780
5.730
5.770
5.760
5.650
5.680
5.530
5.490
5.530
5.530
5.350
5.360
5.620
5.550
5.520
5.500
5.490
5.470
5.480
5.470
5.370
5.350
5.370
5.100
5.140
5.130
5.330
5.460
5.450
5.550
5.560
5.470
5.430
5.400
5.400
5.330
5.330
5.290
5.360
5.440
5.430
5.360
5.250
5.460
5.460
5.300
5.240
5.200
5.250
5.250
5.400
5.280
5.060
5.250
5.630
5.940
5.400
4.910
4.460
