11.970
11.780
12.040
11.990
12.110
12.170
12.220
12.240
12.030
11.980
12.030
12.030
12.000
12.050
12.160
12.300
12.430
12.330
12.590
12.330
12.110
11.850
11.860
11.600
11.440
11.480
11.800
11.520
11.350
11.090
11.420
11.550
11.580
11.390
11.550
11.210
11.380
11.250
11.250
12.180
12.010
12.100
12.300
12.120
13.270
14.650
14.600
14.010
13.820
13.980
13.940
13.600
14.140
13.800
14.000
14.180
14.880
14.980
14.750
14.210
14.510
14.770
14.370
14.170
14.100
14.150
14.530
14.180
14.310
14.410
14.580
14.220
13.840
13.610
14.000
13.860
13.530
13.490
13.280
12.970
12.990
12.610
12.600
12.460
12.690
12.780
12.830
12.770
12.810
13.010
13.150
13.000
13.060
12.790
12.840
12.670
13.040
13.210
13.190
13.350
13.420
13.290
12.880
12.980
12.740
12.720
12.410
12.220
12.140
12.130
11.980
11.670
11.600
11.490
12.000
12.300
12.890
12.650
12.650
12.560
12.900
13.030
12.750
12.590
12.440
12.820
13.000
12.930
13.040
13.250
13.300
13.430
13.250
12.650
13.070
12.890
12.910
12.090
12.660
12.430
12.480
12.100
12.090
12.310
12.380
12.460
12.450
12.800
12.780
12.830
11.700
11.900
11.360
11.250
11.500
11.370
11.350
11.340
11.390
11.270
11.250
11.290
11.370
11.200
11.180
10.930
11.030
11.060
11.110
11.140
11.060
11.140
10.940
10.670
10.800
10.690
10.760
10.790
10.310
10.210
10.230
10.140
10.060
10.040
10.050
10.000
10.030
10.150
10.200
10.050
10.080
10.000
10.050
10.100
10.200
10.340
10.340
10.430
10.170
10.120
10.090
10.270
10.210
10.320
10.260
10.200
10.120
10.190
10.100
10.290
10.240
10.300
10.450
10.400
10.170
10.030
10.180
10.160
10.260
10.140
10.030
10.140
9.400
9.310
9.660
9.650
9.230
9.630
9.290
9.300
9.440
9.360
9.320
9.320
9.400
9.470
9.410
9.390
9.240
9.170
9.210
9.280
9.200
9.190
8.980
9.100
9.150
9.180
9.180
8.810
8.900
8.930
8.840
8.890
8.870
8.880
9.000
8.730
8.720
9.050
9.270
9.300
9.380
9.350
9.340
9.370
8.880
8.900
8.990
9.050
9.190
9.450
9.350
9.280
9.240
9.280
9.270
9.210
9.210
9.310
9.470
9.360
9.730
10.060
10.030
10.000
9.830
9.760
9.920
9.930
9.840
9.810
9.820
9.840
10.310
10.330
10.270
10.360
10.350
10.150
10.100
10.090
10.120
10.290
10.170
10.080
10.120
10.190
9.990
10.040
10.010
9.870
10.100
10.070
10.150
10.050
9.620
9.420
9.500
9.510
9.310
9.080
9.310
9.420
9.500
9.360
9.440
9.490
9.050
8.970
9.140
9.220
10.000
10.060
10.340
9.980
9.620
9.740
9.500
9.160
9.050
9.500
9.300
9.000
8.880
8.920
8.520
8.900
9.300
10.240
10.350
10.290
10.250
10.530
10.270
9.690
10.390
9.680
10.100
10.060
10.530
10.780
11.400
11.320
11.000
12.700
12.970
12.790
12.540
12.900
12.700
12.980
12.920
12.950
12.630
12.380
12.220
12.160
12.220
11.750
11.980
11.880
11.850
12.240
12.270
12.400
12.400
12.000
11.900
12.250
12.900
13.100
12.910
13.100
13.590
13.110
12.990
12.950
13.330
12.210
12.690
13.140
13.470
13.150
13.700
12.870
12.860
11.700
12.060
11.270
11.520
11.030
11.110
11.130
11.530
11.000
10.900
11.820
11.530
11.750
11.400
10.940
11.390
11.220
10.800
10.510
10.480
10.280
10.170
10.310
10.420
10.790
10.710
10.800
11.070
10.500
10.600
10.680
9.800
9.750
11.140
10.650
10.900
10.440
9.790
9.650
9.210
10.850
12.000
11.250
10.830
11.000
10.660
12.500
14.000
14.850
13.210
15.190
13.900
14.190
13.600
13.400
13.450
12.650
12.040
11.680
12.480
11.290
12.240
12.310
13.190
12.500
11.450
13.700
14.550
14.120
14.810
13.500
12.820
11.570
10.350
11.140
10.130
9.210
8.370
9.660
12.600
12.180
13.700
15.410
14.710
16.030
18.000
19.550
20.010
18.990
19.030
20.350
19.190
19.680
21.160
21.670
21.460
20.790
19.680
20.250
19.560
18.400
16.650
16.300
15.820
15.080
16.650
17.250
17.300
16.580
16.940
15.680
16.090
14.010
14.070
14.820
14.700
13.560
13.280
13.010
12.660
12.570
13.190
14.000
14.550
14.630
14.470
14.530
14.240
13.010
13.120
12.860
12.390
13.000
12.770
12.520
13.200
13.370
12.960
12.770
13.300
12.750
12.000
10.910
9.920
9.020
8.070
7.990
7.730
7.610
7.770
8.200
8.100
8.240
8.390
7.930
8.060
8.330
8.280
8.180
8.150
8.100
8.110
8.350
7.990
7.800
7.800
7.800
8.210
8.270
8.560
8.850
8.640
8.330
7.980
8.050
7.900
8.370
8.140
8.350
7.750
8.010
7.630
7.820
7.950
7.610
7.300
7.320
7.240
6.730
6.700
6.560
6.700
6.730
6.790
6.910
6.620
6.940
6.940
6.570
6.490
6.630
6.660
6.700
6.300
6.220
6.150
6.070
5.860
5.880
5.860
5.890
5.960
5.880
6.000
6.060
6.040
6.140
6.210
6.110
6.160
6.110
6.130
6.130
5.980
6.110
6.050
6.030
6.040
5.910
5.860
5.850
6.020
5.990
6.060
6.040
6.100
5.900
5.330
5.140
5.180
5.120
4.970
4.950
4.990
5.020
5.120
5.200
5.190
5.120
5.160
5.140
5.050
4.960
5.000
4.960
4.990
4.920
4.950
5.020
4.960
4.970
4.910
5.000
4.900
4.980
4.840
4.750
4.710
4.670
4.640
4.550
4.630
4.600
4.650
4.700
4.700
4.700
4.630
4.560
4.580
4.620
