7.880
7.960
7.940
7.940
7.860
7.770
7.910
7.820
7.780
7.970
7.970
8.030
7.850
7.770
7.720
7.840
7.750
7.820
7.810
7.870
7.710
7.550
7.550
7.660
7.630
8.010
7.830
7.770
7.840
7.820
7.760
7.750
7.780
7.730
8.240
8.290
8.370
8.670
8.740
8.840
8.750
8.710
8.570
8.520
8.730
8.700
8.580
8.680
8.470
8.600
8.520
8.410
8.270
8.160
7.930
7.800
7.920
7.960
8.510
8.530
8.600
8.440
8.410
8.300
8.720
8.780
8.890
9.090
9.170
9.130
9.180
9.230
9.250
9.090
9.230
9.350
9.270
9.140
9.150
9.050
8.990
9.080
9.170
8.870
8.810
8.730
8.790
8.820
8.770
8.790
8.720
8.590
8.520
8.630
8.720
8.670
8.800
8.990
8.910
9.040
9.200
9.120
9.040
8.840
8.780
8.800
9.010
9.190
9.140
9.290
8.900
8.710
8.730
8.320
8.450
8.500
8.400
8.400
8.120
8.010
8.010
8.200
8.200
8.280
8.300
8.380
8.120
8.240
8.170
8.280
7.990
7.660
7.620
7.650
7.630
7.500
7.440
7.500
7.430
7.340
7.230
7.270
7.240
7.200
7.480
7.690
7.330
7.510
7.360
7.100
7.320
7.250
7.230
7.190
7.150
7.120
7.140
7.100
7.040
7.030
7.020
7.100
7.070
7.150
7.100
7.190
7.200
7.220
7.100
6.820
7.150
7.240
7.140
7.180
7.300
7.170
7.140
6.830
6.680
6.950
7.140
7.010
6.940
7.090
7.040
7.090
6.860
6.830
6.700
6.700
6.690
6.780
6.710
6.350
6.340
6.630
6.450
6.330
6.300
6.210
6.330
6.150
6.670
6.980
7.020
6.920
6.840
6.750
6.910
6.760
6.640
6.730
6.650
6.600
6.930
6.870
6.920
6.910
6.790
6.680
6.550
6.450
6.510
6.650
6.600
6.430
6.300
6.340
6.120
6.250
6.410
6.190
6.370
6.350
6.320
6.290
6.090
5.870
5.940
5.860
5.770
5.700
5.850
5.850
5.980
5.820
5.850
5.830
5.550
5.440
5.900
5.990
6.560
6.520
6.530
6.420
6.280
6.450
6.300
6.120
5.920
6.110
6.000
5.900
5.880
6.030
5.920
6.090
6.300
6.730
6.700
6.770
6.700
6.990
6.770
6.580
6.910
6.680
7.130
7.000
8.000
8.430
9.100
8.900
8.500
9.910
9.680
9.550
9.280
9.530
9.600
9.320
9.460
9.490
9.400
9.560
9.630
9.250
9.330
8.920
9.120
9.070
9.260
9.350
9.180
9.280
8.980
9.190
8.760
8.600
9.300
9.350
9.420
8.810
8.720
8.480
8.390
8.500
8.440
8.220
8.460
8.450
8.360
8.480
8.300
8.240
8.350
8.040
7.750
7.720
7.860
7.740
8.000
8.000
8.100
7.700
7.150
7.800
7.770
7.990
7.800
7.050
7.350
7.290
7.000
6.910
6.810
6.530
6.460
6.560
6.610
6.800
6.490
6.360
6.960
6.280
6.270
6.480
6.000
6.250
7.100
6.880
7.010
6.950
6.560
6.450
6.200
7.050
7.550
7.450
7.120
7.050
6.960
8.120
8.810
9.690
9.600
11.220
10.890
10.350
10.260
10.740
10.480
10.500
10.450
10.230
10.080
10.540
10.800
11.050
10.860
10.860
10.600
11.260
11.400
10.950
11.110
10.990
10.500
10.350
10.520
10.500
10.710
10.730
10.550
10.340
10.790
10.750
10.600
10.400
10.500
9.890
10.160
9.870
9.480
9.540
9.600
9.390
9.330
9.310
9.350
8.920
8.970
8.880
8.610
8.790
8.520
8.420
8.410
8.550
8.420
8.300
8.420
8.310
8.230
8.180
8.250
8.120
8.050
7.990
7.930
7.850
7.770
7.690
7.670
7.700
7.880
7.920
7.910
7.940
7.900
7.720
7.890
7.850
7.780
7.750
7.600
7.430
7.310
7.540
7.580
7.570
7.660
7.610
7.610
7.940
7.810
7.740
7.690
7.680
7.570
7.860
7.770
7.760
7.620
7.490
7.500
7.970
8.030
8.080
8.250
8.330
8.200
8.120
8.060
7.850
8.300
8.320
8.880
8.800
8.600
8.580
8.640
8.480
8.610
8.590
8.530
8.590
8.350
8.300
8.330
8.280
8.100
8.210
8.670
8.060
8.790
8.440
8.670
8.470
8.520
8.480
8.410
8.330
8.210
8.180
8.000
7.880
7.900
8.120
8.560
8.480
8.200
8.510
8.530
8.640
8.750
8.460
8.590
8.690
8.530
8.580
8.470
8.400
8.700
8.670
8.510
8.470
8.500
8.160
7.940
8.310
8.330
8.050
8.090
7.930
7.980
8.150
7.990
7.890
7.850
7.640
7.800
7.830
8.040
7.800
7.540
7.600
7.490
7.420
7.430
7.200
7.100
7.280
7.250
7.290
7.200
7.310
7.550
7.230
7.330
6.920
7.130
7.100
7.100
7.060
7.040
7.030
7.260
7.330
7.250
7.330
6.780
6.710
6.700
6.630
