4.740
4.720
4.700
4.600
4.570
4.600
4.590
4.590
4.520
4.450
4.510
4.580
4.600
4.590
4.580
4.540
4.530
4.490
4.510
4.530
4.530
4.450
4.450
4.460
4.370
4.410
4.540
4.550
4.500
4.440
4.370
4.510
4.660
4.620
4.640
4.360
4.480
4.760
4.570
4.870
4.820
4.780
4.880
4.950
4.940
5.070
4.980
4.720
4.720
4.650
4.650
4.860
4.850
4.840
5.110
5.230
5.760
5.720
5.720
5.760
6.080
6.270
6.260
6.160
6.160
6.140
6.280
6.270
6.260
6.310
6.240
6.320
6.250
6.200
6.230
6.260
6.240
6.240
6.250
6.130
6.080
6.100
6.080
6.100
6.020
6.110
6.100
6.120
6.100
6.230
6.250
6.160
6.130
6.100
6.020
6.220
6.240
6.300
6.310
6.180
6.160
6.090
6.130
6.090
6.170
6.300
5.990
5.960
5.960
5.970
5.830
5.870
5.840
5.740
5.620
6.190
6.230
6.180
6.110
6.070
6.120
6.110
6.070
6.100
6.090
5.980
6.050
5.880
5.820
5.870
5.920
6.010
5.940
5.710
5.600
5.490
5.530
5.480
5.570
5.780
5.780
5.770
5.570
5.410
5.590
5.570
5.540
5.660
5.630
5.600
5.740
5.690
5.500
5.240
5.290
5.300
5.290
5.260
5.350
5.310
5.260
5.150
5.140
5.080
5.080
5.080
5.070
5.140
5.360
5.350
5.350
5.350
5.290
5.290
5.210
5.040
5.000
4.980
4.960
4.930
4.960
4.990
4.930
4.890
4.710
4.540
4.530
4.630
4.600
4.600
4.590
4.620
4.560
4.510
4.290
4.410
4.380
4.400
4.320
4.310
4.280
4.310
4.340
4.340
4.310
4.300
4.250
4.360
4.320
4.330
4.310
4.370
4.330
4.310
4.250
4.170
4.150
4.210
4.200
4.130
4.140
4.090
4.090
4.040
3.970
4.150
4.110
4.100
4.220
4.190
4.190
4.260
4.280
4.200
4.190
4.240
4.230
4.240
4.140
4.150
4.160
4.160
4.230
4.170
3.980
4.000
3.990
4.000
3.950
3.880
3.840
3.930
3.900
3.900
3.900
3.900
3.930
3.800
3.800
3.850
3.990
4.020
4.050
4.000
3.970
3.980
3.880
3.840
3.870
3.810
3.880
3.870
3.920
3.850
3.890
3.860
3.960
3.840
3.850
3.810
3.910
3.900
3.920
4.160
4.360
4.360
4.270
4.270
4.230
4.360
4.310
4.250
4.270
4.310
4.220
4.590
4.570
4.740
4.620
4.620
4.490
4.440
4.340
4.340
4.390
4.350
4.250
4.240
4.180
4.120
4.160
4.160
4.180
4.220
4.220
4.230
4.150
4.040
4.000
4.040
4.030
3.930
4.000
4.050
4.060
4.070
3.980
4.120
3.990
3.800
3.670
3.870
3.860
4.160
4.160
4.210
4.130
4.130
4.060
3.960
3.780
3.980
3.970
3.890
3.870
3.800
3.810
3.820
3.770
4.030
4.370
4.210
4.310
4.370
4.300
4.210
4.280
4.230
4.400
4.450
4.490
4.620
4.560
4.860
4.560
4.800
5.290
5.330
5.150
5.190
5.230
5.150
5.250
5.250
5.250
5.150
5.070
5.050
5.020
4.850
4.850
4.900
4.960
5.000
5.140
5.110
5.090
4.940
4.990
4.800
4.990
5.530
5.510
5.450
5.390
5.350
5.270
5.260
5.340
5.220
5.200
5.340
5.350
5.290
5.250
5.270
5.220
5.120
5.070
4.980
4.950
4.970
4.980
4.880
5.130
4.950
4.920
4.860
4.810
4.780
4.580
4.480
4.460
4.370
4.340
4.320
4.390
4.370
4.520
4.370
4.520
4.300
4.370
4.410
4.320
4.290
4.770
5.270
5.450
5.040
4.680
4.880
5.360
5.950
6.400
6.050
5.610
5.010
5.180
5.760
6.220
6.780
6.550
6.850
7.240
6.820
6.170
6.170
6.180
5.700
5.530
5.350
5.460
5.240
5.100
5.400
5.620
5.280
5.180
5.750
6.340
6.330
6.170
6.160
6.200
6.020
5.470
6.080
6.540
6.300
5.750
4.630
5.140
5.710
6.240
6.930
7.500
7.920
7.200
7.390
8.210
8.720
8.270
7.660
8.510
9.130
8.500
8.800
9.350
8.900
8.900
8.630
8.600
8.800
8.890
7.910
8.220
7.970
7.400
6.700
7.010
7.400
7.270
7.140
6.790
6.540
6.590
6.400
6.260
6.330
6.440
6.420
6.430
6.310
6.150
6.070
6.360
6.790
6.760
6.970
7.010
6.990
6.940
6.860
7.010
6.990
6.650
6.520
6.460
6.200
6.390
6.300
6.300
6.070
5.970
6.230
6.360
6.220
6.200
6.260
6.150
5.920
5.790
5.760
5.750
5.650
5.900
5.770
5.620
5.550
5.500
5.510
5.440
5.300
5.230
5.230
5.080
5.070
5.060
5.050
5.050
5.130
5.150
5.060
5.170
5.270
5.190
5.200
5.140
5.000
4.950
5.020
4.930
4.900
5.000
4.960
4.910
4.530
4.620
4.690
4.630
4.570
4.420
4.420
4.410
4.290
4.190
4.060
4.450
4.380
4.340
4.450
4.510
4.650
4.650
4.650
4.520
4.400
4.310
4.510
4.500
4.350
4.330
4.200
4.210
4.220
4.430
4.480
4.590
4.550
4.520
4.440
4.300
4.210
4.250
4.230
4.270
4.550
4.510
4.540
4.600
4.470
4.420
4.450
4.400
4.350
4.150
4.230
4.270
4.200
4.140
4.100
4.090
4.130
4.100
4.360
4.400
4.520
4.520
4.570
4.420
4.390
4.500
4.540
4.420
4.340
4.220
4.250
4.450
4.640
4.400
4.400
4.370
4.280
4.200
4.090
4.040
4.000
3.940
3.930
3.910
3.860
3.900
3.830
3.780
3.780
3.830
3.850
3.700
3.750
3.660
3.570
3.580
3.550
3.540
3.510
3.490
3.470
3.440
3.410
3.320
3.320
3.340
3.360
3.510
3.500
3.520
3.540
3.510
3.520
3.450
3.480
3.560
3.600
3.580
3.420
3.440
3.450
3.470
3.430
3.420
3.450
3.430
3.410
3.470
3.410
3.360
3.300
3.120
3.130
3.120
3.120
3.110
3.190
3.190
3.150
3.050
3.060
3.070
