19.650
19.430
19.360
19.120
19.090
19.050
19.040
19.270
19.130
19.290
19.720
19.850
19.710
19.650
19.460
19.510
19.840
19.550
19.250
19.690
19.130
19.120
18.710
18.860
18.030
18.590
18.700
18.840
18.110
17.150
17.800
18.610
18.670
18.730
18.960
18.820
18.910
19.140
17.540
18.050
17.970
18.200
18.760
18.870
19.070
19.010
19.040
19.100
19.300
19.300
21.350
21.590
21.640
21.640
22.060
22.880
23.810
24.170
24.290
24.070
23.970
24.250
24.570
24.350
23.970
23.900
24.130
24.250
24.340
23.470
23.400
23.740
24.160
24.170
24.320
24.100
23.790
23.890
23.300
23.820
23.970
24.010
23.790
23.750
24.030
24.400
24.240
24.330
24.320
24.210
24.360
24.880
25.060
25.070
28.650
27.610
26.480
26.550
28.240
26.880
27.260
26.370
25.760
25.460
26.000
26.340
26.590
26.100
26.770
27.080
26.520
26.200
26.240
23.850
25.350
26.030
26.770
26.420
26.900
27.110
25.320
24.630
24.650
24.560
24.810
24.920
24.260
24.480
24.280
24.560
24.210
24.670
22.770
23.580
21.830
21.390
21.290
21.350
23.240
23.440
23.800
23.100
23.030
23.090
24.150
24.180
23.960
24.130
24.150
24.050
24.370
25.450
25.700
25.530
25.450
25.430
25.410
25.680
26.140
26.250
26.380
26.260
25.960
26.330
25.800
25.130
24.650
24.560
24.800
25.330
24.640
24.770
25.100
24.240
24.150
24.070
23.880
23.810
23.690
23.870
23.380
22.930
22.460
22.450
22.550
22.280
23.590
24.210
23.750
23.870
23.250
23.590
23.780
24.470
23.350
24.000
22.630
22.130
22.110
22.310
22.280
22.330
22.440
22.290
21.990
22.100
21.750
22.340
22.300
22.950
23.680
23.580
24.140
23.750
23.690
23.200
22.530
22.900
22.950
23.280
21.260
22.060
21.540
19.640
20.100
20.150
20.150
21.840
21.860
21.930
22.170
22.350
22.420
22.420
22.340
22.900
22.970
23.000
21.850
22.150
22.160
22.480
21.860
22.200
21.870
20.900
20.960
21.300
20.930
20.550
20.600
20.500
19.870
20.270
19.770
20.260
20.170
20.270
19.260
20.980
21.870
22.330
22.140
22.600
20.800
21.070
20.880
19.970
19.670
19.280
20.180
19.180
18.690
18.400
18.660
19.000
19.560
19.050
19.050
18.950
19.780
20.080
20.870
23.090
23.990
23.420
23.320
23.140
23.590
23.580
24.000
24.080
26.480
24.890
24.220
23.930
23.800
24.600
22.570
22.690
21.470
20.990
20.260
21.150
21.380
21.300
21.280
20.550
20.100
19.780
20.380
20.190
20.450
20.760
20.950
21.240
19.470
18.370
18.560
18.730
18.900
18.290
19.100
20.050
18.590
17.190
17.470
17.840
17.740
16.680
17.500
18.450
20.160
20.500
19.900
20.170
19.730
19.390
19.250
19.420
17.980
18.630
18.530
18.170
18.110
17.770
18.180
17.530
17.630
19.130
19.560
19.090
19.790
20.500
19.860
18.880
19.200
19.490
20.460
20.580
21.650
22.800
23.960
24.770
25.380
28.520
29.380
29.290
29.580
33.070
33.330
33.470
32.950
30.720
30.820
30.650
29.550
29.450
29.900
28.490
29.330
31.000
30.700
31.510
28.990
29.440
28.880
28.580
29.790
29.590
30.850
31.500
31.660
30.680
31.780
32.230
30.820
35.000
33.000
31.410
28.550
26.500
24.750
25.300
24.850
24.490
24.980
24.800
23.300
23.800
25.160
25.400
26.370
27.190
29.360
27.950
28.130
28.710
30.550
31.460
29.980
27.960
26.610
26.280
25.950
25.400
24.250
23.230
23.180
23.600
22.790
22.460
22.350
21.890
20.500
20.780
21.500
19.800
21.180
20.450
21.270
19.950
20.660
20.890
21.470
20.020
19.080
17.670
17.300
17.070
17.140
17.720
18.030
18.070
17.650
17.850
18.310
18.500
17.820
17.780
18.080
18.450
18.010
17.980
18.000
17.700
17.790
17.590
17.030
17.610
17.730
17.770
18.360
18.480
18.780
19.100
18.250
17.790
17.870
17.250
17.230
17.280
16.960
16.970
16.490
16.460
16.580
17.130
17.270
16.950
16.740
16.900
16.880
17.150
16.960
17.030
17.100
17.680
16.580
17.000
16.080
16.100
15.950
15.950
15.970
16.170
15.960
15.970
16.160
15.450
15.370
15.070
14.860
14.840
14.890
15.020
15.280
15.280
15.350
15.440
14.580
14.660
14.680
