0.110
0.050
-0.140
0.000
0.060
-0.210
-0.740
0.500
0.040
-0.180
-0.310
-0.120
0.250
-0.080
-0.150
-0.190
0.490
0.030
-0.030
-0.310
-0.410
-0.080
0.310
0.130
0.080
-0.040
0.090
0.770
0.010
0.020
-0.610
0.090
-0.290
-0.150
0.040
0.210
-0.040
-0.260
-0.200
-0.350
0.220
-0.310
0.020
-0.130
-0.620
0.020
0.290
0.050
0.860
0.150
-0.730
-0.030
-0.460
-0.550
-0.040
0.120
-0.470
0.060
-0.870
-0.230
0.190
-0.090
-0.160
0.840
0.280
-0.220
-0.290
-0.420
-0.080
-0.020
0.850
-0.310
0.100
-0.430
-0.150
-0.100
-0.180
-0.420
0.110
0.970
0.170
-0.480
-0.040
-0.420
0.190
1.500
0.100
0.060
0.200
0.190
0.150
-0.610
-0.160
-0.010
-0.340
0.420
0.130
0.540
0.220
-0.300
1.440
0.560
-0.110
-0.230
0.240
0.440
-0.140
0.140
1.220
-0.810
-0.450
-0.250
-0.340
-0.260
-0.910
0.160
-0.360
0.670
0.360
-0.500
-0.380
-1.700
-0.360
0.270
0.100
-0.540
0.190
0.720
-0.060
0.450
-0.210
-0.990
0.490
-0.840
1.090
-0.800
-0.160
1.050
0.690
-0.290
1.470
-0.170
0.240
0.500
-0.500
-0.010
-0.060
1.340
0.150
-0.100
0.200
-0.440
-0.220
0.410
-0.640
0.210
0.930
-0.290
-0.500
0.090
0.240
-0.230
0.400
-0.140
1.160
1.050
0.240
0.080
-0.160
0.280
-0.150
0.230
0.240
-0.030
-0.050
0.060
0.150
-0.190
0.020
-0.240
0.050
-0.100
-0.100
-0.120
0.100
0.100
0.020
-0.290
0.440
-0.020
0.040
0.250
0.090
0.200
-0.060
-0.170
-0.190
0.540
-0.520
0.100
0.000
-0.010
-0.010
0.110
0.020
-0.320
-0.140
0.000
-0.080
-0.060
0.150
-0.140
0.280
-0.130
-0.230
-0.600
-0.280
0.090
-0.250
0.800
0.250
-0.350
-0.490
0.280
-0.360
0.010
-0.470
-0.110
1.070
0.970
0.000
0.250
-0.140
0.290
-0.110
0.040
0.170
0.350
0.070
-0.030
0.010
-0.020
-0.250
0.270
0.200
-0.060
-0.320
-0.240
0.420
-0.120
0.120
-0.100
-0.180
-0.560
-0.550
0.050
-0.260
0.330
0.280
0.130
-0.290
-0.130
0.180
-0.400
-1.090
0.420
1.000
0.910
0.830
0.750
0.680
0.620
0.230
-0.370
0.280
-0.010
0.190
0.300
0.070
-0.180
0.520
-0.500
-0.630
0.080
-0.210
0.250
0.420
0.220
-0.370
-0.560
-0.420
0.570
0.290
0.040
-0.660
-0.740
-0.660
-0.520
0.120
-0.940
0.100
-0.420
0.880
0.240
0.100
0.380
0.180
0.220
0.390
0.600
-0.480
-0.150
-0.190
0.600
-0.550
-0.830
-0.220
0.450
0.120
0.070
0.260
0.530
0.010
-0.790
0.710
0.650
0.590
0.540
-0.600
-0.670
-0.710
-0.820
-0.900
-0.590
0.470
-1.020
-1.140
-0.500
0.400
-0.160
-1.290
-0.880
0.310
-0.920
-0.410
0.570
-0.150
0.210
-0.110
-1.080
-0.370
-1.750
1.590
1.450
1.320
-0.480
0.980
0.390
0.390
0.280
0.190
0.140
0.150
0.250
0.580
-0.170
0.510
0.140
0.680
0.350
0.350
-0.530
-0.080
-0.140
0.420
-0.050
0.440
-0.390
0.340
-0.100
0.160
0.260
0.260
-0.270
-0.030
0.120
-0.300
-0.150
0.660
0.190
-0.260
-0.200
0.050
0.130
0.280
0.080
-0.080
0.050
0.150
0.180
0.020
-0.150
0.030
0.010
-0.220
0.260
0.290
0.150
0.160
-0.150
0.140
0.050
-0.170
0.080
0.110
0.380
-0.080
0.090
0.040
0.060
0.040
0.020
0.040
0.010
0.180
0.060
0.040
0.030
-0.050
-0.090
-0.050
-0.030
-0.040
0.010
-0.190
-0.110
-0.050
0.070
0.070
-0.100
0.290
0.150
0.160
-0.170
0.040
0.060
-0.030
0.060
-0.230
-0.190
-0.290
-0.150
0.060
0.080
-0.030
-0.240
-0.020
-0.080
-0.020
0.460
-0.380
-0.460
-0.080
0.000
-0.250
0.510
0.270
0.080
0.070
0.410
-0.470
0.040
-0.410
0.100
-0.070
0.090
-0.180
-0.080
0.210
0.020
0.160
0.020
-0.130
-0.110
0.040
0.120
0.120
-0.050
-0.070
0.220
-0.490
0.060
-0.120
0.080
-0.040
-0.080
-0.040
-0.220
0.100
-0.010
0.260
0.170
0.030
-0.250
-0.310
0.120
0.020
-0.180
0.150
-0.170
-0.190
0.200
0.180
0.360
0.040
-0.010
0.200
-0.020
-0.010
0.100
0.110
-0.280
0.100
-0.060
-0.040
-0.590
-0.140
0.350
-0.030
0.020
0.060
-0.210
-0.110
0.020
0.680
0.250
0.600
0.340
-0.020
-0.350
0.220
-0.120
0.130
0.530
0.080
0.090
0.080
0.010
0.020
0.020
0.050
0.030
-0.080
-0.010
0.050
0.050
-0.050
0.100
0.010
0.020
0.070
0.060
-0.010
-0.030
0.060
-0.030
0.010
-0.060
-0.030
-0.050
0.090
0.060
0.000
-0.090
0.120
