7.910
7.560
7.620
7.290
7.390
7.220
7.090
7.090
7.080
7.060
7.240
7.220
6.910
6.710
6.800
6.730
6.770
6.420
6.430
6.470
6.560
6.370
6.330
6.260
6.110
6.310
6.380
6.330
6.180
6.180
6.310
6.230
6.220
6.280
6.160
6.130
6.210
6.250
6.370
6.000
6.040
6.250
6.230
6.600
6.990
6.800
6.860
6.900
7.120
7.080
7.060
7.220
7.130
7.150
7.080
7.090
7.110
7.350
7.280
7.200
7.310
6.940
6.770
7.110
7.170
7.040
7.500
7.500
7.540
7.630
7.640
7.590
7.600
7.440
7.460
7.540
7.380
7.350
7.460
7.720
7.510
7.490
7.320
7.500
7.220
7.170
7.120
7.320
7.560
7.610
7.340
7.160
7.200
7.140
7.200
6.890
6.670
6.610
6.600
6.490
6.400
6.350
6.550
6.680
6.440
6.430
6.370
6.260
6.160
5.900
6.050
6.040
6.120
5.930
6.040
6.020
6.000
5.980
5.960
5.970
5.550
5.540
5.570
5.450
5.460
5.590
5.830
6.030
6.110
6.110
6.180
6.180
6.210
6.160
5.850
5.820
6.040
6.040
6.120
5.940
5.860
5.670
5.850
5.810
6.030
6.250
6.300
6.240
6.350
6.440
6.310
6.490
6.480
6.310
6.160
6.350
6.150
5.790
5.810
5.750
5.800
5.640
5.570
5.480
5.680
5.550
5.520
5.500
5.270
4.970
5.010
5.040
5.050
5.000
4.980
4.970
4.990
4.900
4.980
4.900
4.720
4.690
4.620
4.600
4.670
4.700
4.690
4.670
4.670
4.590
4.550
4.590
4.710
4.860
4.850
4.860
4.850
4.820
4.770
4.860
4.880
4.870
4.880
4.880
4.880
4.890
4.860
4.880
4.940
4.940
4.990
4.980
4.850
4.810
4.920
4.930
4.920
4.790
4.810
4.790
4.780
4.800
4.770
4.820
4.680
4.860
4.710
4.630
4.930
4.930
4.910
5.000
5.040
5.120
5.250
5.140
4.980
4.990
4.980
4.990
4.840
4.900
4.660
4.600
4.600
4.700
4.760
4.410
4.290
4.340
4.080
4.080
3.970
3.870
3.910
3.790
3.840
3.970
4.060
4.090
4.090
4.070
4.100
4.030
3.920
3.920
3.920
3.920
3.940
3.960
3.960
3.880
3.900
4.020
4.050
4.000
3.970
3.970
4.130
4.130
4.500
4.800
4.800
4.820
4.760
4.750
4.890
4.910
5.090
5.010
5.000
5.060
5.330
5.650
5.980
5.880
5.730
5.610
5.540
5.510
5.700
5.790
5.830
5.660
5.630
5.460
5.570
5.760
5.650
5.850
5.900
6.090
6.150
5.830
5.740
5.610
5.670
5.650
5.470
5.820
6.350
6.580
6.590
6.480
6.710
6.250
6.010
6.030
5.900
6.280
6.360
5.730
5.410
5.140
5.100
4.930
4.650
4.580
4.760
4.690
4.910
4.890
5.350
5.500
5.500
5.150
5.400
5.240
5.250
5.150
5.450
5.500
5.370
5.760
5.000
5.150
4.820
4.990
4.600
4.840
4.410
4.200
5.000
5.200
4.890
4.600
4.740
4.750
4.840
4.660
4.580
4.460
4.480
4.410
4.410
4.450
4.190
4.220
4.300
4.290
4.490
4.500
4.500
4.520
4.410
4.370
4.370
4.830
4.830
4.770
4.800
4.850
4.810
4.770
4.840
4.820
4.650
4.850
4.910
4.910
4.680
4.670
4.580
4.430
4.260
4.280
4.350
4.490
4.490
4.410
4.510
4.540
4.360
4.210
4.640
4.520
4.630
4.660
4.450
4.500
4.450
4.370
4.240
4.210
4.070
4.040
4.110
4.190
4.210
4.190
4.280
4.260
4.060
4.140
4.150
3.870
3.980
4.510
4.440
4.500
4.420
4.200
4.130
4.170
4.450
4.640
4.470
4.200
4.450
4.650
5.200
5.990
6.100
5.830
6.680
6.420
6.550
6.340
6.400
6.400
6.140
6.020
5.840
6.110
6.050
5.500
5.650
6.010
5.900
6.180
6.810
7.230
7.160
6.700
6.580
6.800
6.480
6.200
7.150
8.520
9.420
8.930
9.060
9.480
10.020
9.200
9.150
9.800
10.140
10.100
9.990
10.060
9.880
9.810
9.880
9.900
10.100
9.720
8.590
8.840
8.790
7.800
7.600
8.460
8.080
8.040
7.770
7.710
7.490
7.650
7.460
7.100
7.110
7.150
7.080
7.110
6.880
6.670
6.800
7.390
7.580
7.510
7.680
7.560
7.880
7.800
7.680
7.540
7.300
6.920
7.150
6.980
6.810
7.140
7.180
7.120
6.970
7.240
7.160
6.840
6.680
6.490
6.270
6.430
6.270
6.100
5.980
6.080
6.230
6.150
6.180
6.210
6.050
5.940
5.890
5.830
5.730
5.810
5.830
5.670
5.540
5.650
5.600
5.730
5.700
5.650
5.480
5.550
5.640
5.600
5.500
5.300
5.340
5.360
5.310
5.230
5.380
5.630
5.550
5.350
5.360
5.500
5.470
5.650
5.710
5.610
5.700
5.550
5.320
5.200
5.530
5.730
5.620
5.820
5.830
6.030
6.130
6.280
6.250
6.620
5.990
5.980
6.080
6.080
5.820
5.640
5.720
6.080
5.940
5.700
5.710
5.740
5.520
5.580
5.630
5.500
5.500
5.860
5.710
6.100
5.440
5.190
5.130
5.060
5.070
4.980
4.990
4.780
4.630
4.560
4.610
4.600
4.640
4.770
4.790
4.830
4.630
4.760
4.660
4.700
4.680
4.840
4.700
4.610
4.540
4.450
4.430
4.300
4.290
4.330
4.450
4.490
4.510
4.410
4.490
4.650
4.680
4.790
4.660
4.760
4.700
4.670
4.690
4.510
4.480
4.560
4.400
4.380
4.490
4.460
4.380
4.370
4.520
4.410
4.370
4.370
4.390
4.470
4.420
4.320
4.310
4.190
4.120
4.120
4.150
4.140
4.190
4.380
4.350
4.410
4.420
4.380
4.380
4.340
4.510
4.450
4.400
4.380
4.460
4.570
4.470
4.610
4.280
4.280
4.270
4.300
4.320
4.260
4.100
3.900
3.840
3.490
3.540
3.500
3.550
3.510
3.470
3.460
3.430
3.420
3.500
3.520
