4.740
4.750
4.730
4.610
4.600
4.600
4.650
4.600
4.520
4.510
4.610
4.640
4.610
4.610
4.600
4.550
4.560
4.510
4.540
4.550
4.580
4.460
4.450
4.470
4.460
4.570
4.600
4.590
4.570
4.470
4.520
4.660
4.700
4.680
4.700
4.530
4.790
4.890
4.900
5.000
4.880
4.890
4.990
5.000
5.080
5.150
5.020
4.800
4.720
4.660
4.890
4.960
5.020
4.990
5.280
5.800
5.890
5.830
5.870
6.100
6.280
6.310
6.340
6.180
6.220
6.310
6.330
6.320
6.380
6.410
6.350
6.370
6.290
6.270
6.320
6.320
6.310
6.290
6.250
6.130
6.120
6.120
6.130
6.150
6.100
6.200
6.150
6.190
6.280
6.260
6.270
6.180
6.190
6.190
6.280
6.270
6.380
6.340
6.480
6.180
6.200
6.170
6.220
6.220
6.240
6.300
6.010
6.000
5.960
5.990
5.920
5.910
5.900
5.900
6.210
6.330
6.240
6.280
6.150
6.150
6.180
6.150
6.120
6.210
6.110
6.050
6.070
5.940
5.860
5.970
6.080
6.090
6.020
5.760
5.640
5.550
5.630
5.640
5.800
5.840
5.890
5.820
5.570
5.600
5.640
5.640
5.700
5.700
5.810
5.810
5.760
5.800
5.550
5.330
5.370
5.310
5.330
5.390
5.410
5.310
5.310
5.240
5.140
5.140
5.220
5.100
5.240
5.460
5.410
5.370
5.420
5.380
5.420
5.290
5.270
5.060
5.020
5.010
5.000
4.950
5.110
5.050
4.970
4.960
4.720
4.570
4.680
4.650
4.650
4.630
4.650
4.640
4.560
4.510
4.410
4.420
4.410
4.430
4.340
4.320
4.320
4.350
4.390
4.350
4.330
4.300
4.350
4.420
4.340
4.350
4.380
4.400
4.370
4.370
4.260
4.180
4.200
4.240
4.240
4.160
4.170
4.120
4.100
4.060
4.160
4.180
4.120
4.350
4.230
4.210
4.280
4.290
4.280
4.220
4.250
4.250
4.260
4.320
4.140
4.160
4.180
4.240
4.260
4.180
3.990
4.020
4.020
4.010
3.960
3.910
3.950
3.960
3.910
3.960
3.960
3.940
3.980
3.820
3.860
3.980
4.040
4.090
4.050
4.020
3.990
4.010
3.890
3.880
3.900
3.890
3.930
3.950
3.930
3.900
3.950
4.000
3.980
3.880
3.900
3.890
3.980
3.980
4.160
4.390
4.370
4.380
4.300
4.300
4.350
4.400
4.330
4.330
4.290
4.340
4.630
4.660
4.700
4.840
4.690
4.650
4.570
4.500
4.560
4.430
4.410
4.420
4.330
4.290
4.180
4.180
4.230
4.180
4.250
4.240
4.280
4.250
4.180
4.040
4.090
4.070
4.030
3.980
4.100
4.180
4.200
4.090
4.120
4.150
4.020
3.850
4.030
3.910
4.250
4.200
4.290
4.230
4.170
4.150
4.080
3.960
3.880
4.030
3.970
3.930
3.880
3.960
3.830
3.990
4.100
4.400
4.400
4.350
4.380
4.460
4.330
4.210
4.490
4.290
4.540
4.580
4.760
4.790
4.970
4.920
4.630
5.290
5.380
5.410
5.190
5.380
5.250
5.260
5.320
5.350
5.280
5.180
5.100
5.080
5.060
4.850
4.960
4.970
4.980
5.170
5.170
5.170
5.100
5.080
5.030
5.090
5.510
5.630
5.570
5.470
5.420
5.370
5.280
5.350
5.460
5.250
5.310
5.490
5.360
5.310
5.310
5.310
5.280
5.120
5.140
5.020
5.050
5.060
5.120
5.130
5.540
5.060
5.080
4.930
4.830
4.830
4.600
4.530
4.520
4.400
4.400
4.450
4.470
4.660
4.560
4.520
4.600
4.350
4.480
4.750
4.350
4.550
5.200
5.700
5.490
5.100
4.900
5.360
5.360
6.350
6.650
6.180
5.630
5.210
5.200
6.100
6.560
7.060
6.690
7.600
7.400
6.880
6.200
6.290
6.240
5.730
5.540
5.430
5.700
5.240
5.500
5.510
5.790
5.530
5.300
6.270
6.580
6.370
6.380
6.280
6.350
6.020
5.470
6.500
6.850
6.530
5.760
4.630
5.140
5.990
7.550
7.400
8.300
8.420
7.680
8.510
8.700
8.800
8.510
8.520
9.170
9.250
9.000
9.480
9.360
9.100
9.000
8.750
8.890
9.150
9.000
8.540
8.400
8.020
7.440
7.010
7.600
7.570
7.500
7.270
6.870
6.640
6.650
6.420
6.330
6.570
6.490
6.460
6.560
6.330
6.200
6.400
6.840
7.160
6.940
7.080
7.110
7.110
7.030
7.080
7.060
7.050
6.670
6.740
6.610
6.350
6.750
6.380
6.420
6.100
6.290
6.520
6.400
6.290
6.440
6.260
6.260
5.950
5.820
5.820
5.780
5.990
5.930
5.780
5.710
5.650
5.570
5.520
5.550
5.350
5.280
5.300
5.140
5.150
5.160
5.060
5.160
5.200
5.170
5.160
5.290
5.270
5.270
5.200
5.190
5.010
4.970
5.190
4.980
4.940
5.190
5.060
5.050
4.580
4.700
4.730
4.730
4.570
4.470
4.520
4.420
4.290
4.190
4.290
4.500
4.380
4.500
4.480
4.730
4.720
4.800
4.760
4.530
4.400
4.550
4.530
4.590
4.400
4.350
4.260
4.210
4.480
4.580
4.620
4.680
4.570
4.600
4.520
4.330
4.240
4.380
4.360
4.610
4.610
4.660
4.540
4.760
4.480
4.500
4.450
4.410
4.410
4.250
4.300
4.280
4.230
4.190
4.100
4.230
4.170
4.450
4.390
4.580
4.550
4.580
4.620
4.460
4.510
4.540
4.550
4.420
4.350
4.260
4.410
4.620
4.710
4.480
4.700
4.440
4.380
4.220
4.190
4.080
4.040
3.980
3.960
3.910
3.920
4.020
3.840
3.790
3.880
3.940
3.890
3.710
3.840
3.670
3.610
3.580
3.580
3.580
3.530
3.520
3.500
3.490
3.420
3.340
3.360
3.370
3.500
3.570
3.550
3.620
3.560
3.580
3.550
3.500
3.590
3.650
3.610
3.650
3.430
3.530
3.470
3.490
3.440
3.480
3.500
3.450
3.490
3.570
3.450
3.490
3.300
3.150
3.140
3.160
3.120
3.250
3.280
3.220
3.170
3.060
3.110
3.070
