320844.12
342950.97
494195.19
680329.12
476988.31
166008.33
358831.81
459814.56
144376.56
190895.92
193767.41
136158.48
144711.72
162086.45
160019.12
208121.77
108300.24
139217.31
170305.78
129785.37
173750.00
139053.44
57225.99
90876.62
86082.76
116248.15
80466.62
72766.34
90365.75
96210.12
84776.81
103704.89
73803.61
127270.38
100311.94
142209.39
47219.54
88253.02
161370.19
69209.47
80452.27
185386.69
92919.96
124586.28
136091.55
100055.97
187507.56
146423.05
76618.32
141451.20
104897.06
138767.16
150081.61
179114.92
95442.74
114655.36
179608.77
153559.59
200351.00
200613.55
236904.00
159301.88
196841.91
266428.12
315629.12
427095.44
608451.81
810142.25
1071693.88
992866.75
9121.66
259383.28
232393.36
102045.60
91900.15
96623.42
191522.94
159849.94
190497.92
245958.20
353118.38
202526.52
178003.73
226152.95
94333.60
80420.46
158143.67
110360.31
244236.84
214442.16
310140.62
108566.87
101990.67
99757.66
63677.07
88438.48
153309.30
99548.83
108928.04
125231.72
291696.25
80048.22
90153.16
86740.04
68751.60
108920.39
89139.14
91326.49
98971.46
63026.89
52585.14
115401.02
85744.80
61631.69
85954.17
76468.24
92690.10
36216.16
54583.54
45446.84
85108.53
111590.36
48624.30
56003.27
80542.37
42826.34
64287.36
64073.77
46754.40
115761.22
52193.89
61260.71
66410.56
68906.16
141118.09
85199.23
76236.32
153272.95
104583.32
81769.12
153838.38
119862.40
85089.40
71862.81
165952.23
149729.94
82859.62
33507.35
64137.16
126227.23
74730.65
102575.12
74198.28
98156.35
123348.07
131054.68
167734.00
134983.52
139849.70
197635.52
130086.13
271482.22
157030.41
116471.35
90615.76
80344.67
127126.76
175550.66
75306.85
171791.62
152807.16
102029.58
139450.27
164723.31
111567.20
146809.42
233445.52
194521.16
242837.45
445565.97
701725.81
443296.62
194327.66
200036.97
318396.16
165072.88
286258.69
217321.95
338126.50
258883.50
107336.90
87002.63
135137.48
148576.20
187769.80
173664.52
139456.53
84638.78
61544.02
85188.41
38869.60
40094.82
60020.01
71313.07
87040.19
74665.14
92003.89
40845.81
30724.89
40095.24
43079.23
44839.59
59811.31
40919.34
45780.98
75367.43
74176.95
70826.09
63922.43
95511.37
56184.61
78377.97
143791.56
246860.44
106920.91
157292.98
142998.19
83802.79
75174.90
73354.00
63115.89
78862.23
82226.50
97432.81
198307.59
259427.22
249802.80
105930.59
148817.81
216538.84
94875.25
139013.77
85156.01
99086.42
147930.03
196974.86
142861.88
168090.83
99284.24
83073.83
118293.30
75161.82
136190.22
116854.14
264345.50
139873.77
143399.59
93292.60
62963.03
40061.75
81350.15
56531.31
60411.50
67507.82
87231.91
99581.56
101632.50
85181.75
85212.85
70501.38
88996.57
126352.61
103596.77
85813.53
68267.79
84974.38
71599.07
136726.47
157892.30
112128.95
42799.28
65665.51
95661.77
122593.70
163862.67
126661.05
122418.97
81745.61
197833.41
159191.23
118263.60
130330.56
135192.11
181064.95
124481.90
114106.22
72896.24
91215.93
88310.11
134876.77
237153.62
178078.16
22069.80
107718.64
120176.85
80386.99
85894.06
80274.63
87688.22
127502.71
106059.34
150301.03
130295.44
123440.77
206269.59
133924.12
202603.38
83516.96
98937.18
81294.14
62339.89
75351.70
81593.41
99321.19
177291.62
139176.81
111475.27
121596.46
141914.95
139764.03
287265.44
177647.64
113099.93
116808.24
153478.41
155212.67
93917.26
113338.60
203300.62
137618.25
206823.66
156799.98
165442.30
302554.22
360939.41
180112.33
204185.88
248427.02
143314.56
126522.85
149616.56
103977.21
126013.19
175343.55
190337.16
200054.05
175355.81
268146.53
319441.69
157895.69
178423.27
162654.98
166753.80
134166.66
198776.91
104828.13
130513.67
2628.00
79900.14
76529.04
62942.58
113554.73
142499.98
99221.83
118017.62
101282.41
86440.34
165652.70
145254.34
150736.44
162946.59
111244.14
167324.45
217666.48
118189.09
138191.31
152994.38
169241.06
158472.66
216940.95
154666.12
231768.69
193515.55
212651.41
201334.36
225603.50
313015.78
422121.31
452522.03
352107.66
267426.28
349190.66
372792.12
323456.00
219550.19
161362.41
281712.78
310531.16
349335.72
397257.53
464435.34
707296.62
783945.56
50684.00
431890.78
381179.19
536646.12
412245.09
543980.00
848650.25
535831.50
336703.19
467241.41
394739.25
156858.34
193421.62
211955.16
291677.38
228566.81
200481.25
156127.98
165612.97
211382.05
226749.88
196656.64
224685.52
377915.44
270691.53
338297.34
376197.69
369634.03
327481.25
216157.66
216340.61
238894.84
225064.31
290368.22
424545.78
206637.94
166370.56
206126.55
291613.16
218610.30
219321.88
323621.94
265530.03
306549.62
166468.06
200781.62
194693.16
194673.16
295045.03
186986.84
219085.16
308551.91
214111.50
207003.88
162360.94
103416.75
118302.51
223099.12
181235.09
125290.67
142440.31
215466.77
179955.52
294337.09
414857.62
246636.70
379023.16
431814.75
3768.87
125245.31
119816.94
91506.97
80416.06
48030.25
57637.72
47429.86
81845.04
96847.50
97894.74
106819.17
95265.24
153450.02
106945.34
139412.73
242067.67
169599.16
156659.38
108548.99
100205.80
126326.43
119480.02
92645.49
44963.45
74074.92
65318.32
118481.43
129422.42
210124.34
175464.97
322255.91
158725.61
124240.94
129376.48
214569.17
177535.52
304829.50
244721.20
147259.23
217484.16
117683.30
98973.41
168056.05
153572.91
127205.82
103744.55
113831.99
193842.59
269832.62
134050.27
170545.44
158891.73
132490.20
96857.16
83883.88
144305.27
117911.22
231195.38
131729.45
108852.06
61644.09
98362.59
56357.36
109864.83
57068.74
35293.07
73775.60
54673.44
102182.36
74482.01
110322.14
112338.39
127288.63
161604.86
130278.63
114771.42
95093.50
117827.46
74917.54
67812.92
48323.78
70827.07
112037.45
132165.98
89560.02
128168.76
76124.76
90203.19
102619.83
147977.23
107651.32
202579.23
126377.06
101704.71
118861.77
93211.70
116699.65
272120.22
186755.23
201454.48
109213.40
106991.57
160248.12
230550.52
117195.90
186379.59
282183.38
163226.91
141379.20
119860.25
203623.45
131140.66
104249.08
87419.61
65312.03
65601.34
94421.89
107820.39
93260.01
98277.29
142335.81
162533.81
334384.88
171921.12
164519.88
247533.84
176997.97
165481.45
194033.70
168618.66
207334.52
307813.31
559244.50
543303.50
246252.48
66209.86
120316.65
92700.29
127759.68
54610.69
82672.93
81780.83
48572.12
37382.12
38354.01
43150.20
75349.04
105120.36
122750.76
83120.00
133533.69
191593.16
169634.05
