0.230
0.090
-0.140
0.220
0.140
0.010
-0.100
-0.070
0.260
-0.120
-0.070
-0.010
-0.020
0.130
-0.130
0.000
0.320
0.120
-0.210
0.030
0.000
0.260
0.060
0.250
0.060
-0.310
-0.030
0.040
0.120
0.040
-0.590
-0.260
-0.010
-0.280
0.020
0.230
0.010
-0.040
0.050
-0.170
0.030
-0.290
-0.330
-0.110
0.070
0.110
0.080
-0.260
0.020
0.060
-0.630
0.190
-0.290
-0.990
-0.230
0.320
0.070
-0.050
-0.170
0.400
-0.350
0.080
-0.050
0.290
0.050
-0.040
-0.210
0.040
0.020
0.380
-0.090
-0.300
0.000
0.220
-0.280
0.190
-0.160
-0.100
0.090
-0.440
-0.400
0.200
-0.150
-0.090
-0.280
0.150
0.010
0.060
-0.280
0.210
-0.380
0.940
0.200
0.080
-0.540
0.090
0.120
-0.080
-0.090
0.000
0.010
-0.040
0.460
0.190
0.190
-0.590
0.040
-0.190
0.050
0.070
0.200
-0.140
-0.140
0.380
-0.170
-0.750
0.000
-0.250
-0.500
-0.100
0.010
0.630
0.280
0.270
-0.550
-0.070
-0.240
-0.250
0.420
0.430
-0.170
0.110
0.210
0.120
-0.320
-0.050
0.630
1.200
0.080
-0.070
0.380
0.170
-0.100
-0.170
-0.370
0.300
0.040
-0.200
-0.050
0.220
0.110
-0.090
0.060
-0.140
0.080
0.030
-0.190
0.190
0.060
0.240
0.180
-0.200
0.130
-0.060
-0.040
0.110
-0.160
-0.270
-0.030
-0.170
0.150
0.090
-0.120
-0.080
-0.100
0.210
-0.130
0.390
-0.090
0.100
0.050
0.280
0.040
-0.020
-0.140
0.120
-0.370
0.080
0.010
-0.040
-0.090
0.210
-0.200
0.010
-0.740
-0.140
0.080
0.040
0.100
-0.010
-0.220
0.080
-0.100
0.010
-0.110
0.010
0.020
-0.260
-0.250
-0.230
-0.180
0.150
0.180
0.150
-0.120
-0.110
-0.300
-0.050
0.400
-0.090
0.110
0.080
0.300
0.430
-1.000
0.190
0.130
0.320
0.090
-0.350
-0.030
-0.230
0.070
1.190
0.380
-0.080
0.120
0.140
-0.070
0.010
-0.170
0.080
0.120
0.290
0.140
-0.060
0.090
0.120
0.350
-0.320
-0.110
0.110
-0.170
0.020
-0.080
-0.170
0.040
0.540
-0.460
-0.010
0.010
-0.120
0.030
-0.110
0.460
0.480
-0.150
0.050
0.010
0.010
-0.270
0.270
0.100
0.020
-0.430
0.070
0.110
-0.120
-0.170
0.010
0.170
-0.690
-0.500
-0.080
0.210
0.330
-0.120
-0.180
0.020
0.140
-0.230
0.040
-0.290
-0.930
-0.020
-0.030
-0.150
0.040
0.190
-0.150
0.140
0.040
-0.400
-0.270
0.500
0.220
-0.030
0.440
-0.470
-0.140
0.040
-0.410
0.180
-0.430
0.750
0.540
0.310
-0.360
0.100
0.510
-0.220
0.060
-0.590
0.210
0.280
-0.720
-0.160
0.740
0.520
-0.810
-0.230
-1.410
0.710
-0.160
0.250
0.090
0.420
1.170
0.570
-0.190
-0.460
0.240
0.110
0.310
-0.500
0.360
-1.040
0.520
-1.190
0.180
0.680
-0.130
0.020
1.110
1.010
-0.700
0.260
-0.650
0.290
-1.200
0.000
-1.330
0.340
-0.280
-1.460
-0.370
-0.050
0.250
-0.370
0.150
-0.450
-0.190
-0.180
-0.140
0.390
0.290
-0.050
-0.220
1.430
-0.410
-0.140
-0.180
-0.870
0.010
-0.160
0.120
0.090
0.190
-0.560
-1.800
0.050
0.040
0.430
-0.430
0.260
0.310
-0.670
-0.350
0.250
-0.970
0.330
-0.090
-0.250
1.740
0.300
0.440
0.990
-0.280
-0.390
-0.620
0.680
-0.970
0.630
-0.530
0.430
1.520
-1.670
-0.240
0.780
1.480
1.350
-0.660
0.360
0.620
-0.130
0.920
0.210
0.030
-0.840
0.210
-1.050
0.150
0.290
-0.040
1.190
0.270
-0.890
1.180
-1.320
-1.460
0.070
0.400
1.070
-0.380
-1.320
-1.640
-1.820
-2.030
1.840
1.100
0.000
-1.930
-2.140
-0.610
-2.440
-0.750
-2.800
1.310
2.190
1.500
1.690
0.540
1.890
0.690
-1.380
1.450
1.650
-1.830
-2.030
-0.390
-0.180
1.890
0.150
0.100
1.710
1.550
0.080
1.030
1.300
0.510
-1.400
-0.070
1.280
1.160
1.060
-1.170
-1.300
-0.720
-1.530
-1.700
-1.880
-1.050
-0.310
-2.250
-0.490
2.090
1.630
-1.780
-0.860
1.990
-0.920
-0.700
0.940
0.170
-0.160
-1.510
0.220
1.510
0.350
1.190
0.370
0.920
0.600
-1.880
-0.650
0.190
0.790
1.680
1.530
0.000
0.070
1.380
-1.000
0.110
-0.250
1.360
0.620
-0.120
0.030
-0.670
-1.530
-0.500
-0.390
0.110
1.460
0.380
-0.430
-0.020
1.280
0.390
-1.070
0.380
1.240
0.820
-0.260
-0.230
1.100
1.000
-0.280
-0.010
0.290
0.140
0.020
-0.270
0.090
-0.010
0.300
0.630
0.050
0.040
0.010
0.060
0.010
0.150
0.120
0.110
0.130
-0.130
-0.050
0.030
-0.350
0.050
0.270
-0.410
0.020
0.310
0.020
0.330
0.050
0.230
-0.060
-0.100
0.060
0.290
-0.170
-0.220
0.510
0.120
0.100
0.020
0.030
-0.190
-0.080
0.090
-0.080
0.290
0.050
0.040
0.290
0.260
-0.720
0.110
0.120
0.060
-0.020
-0.400
-0.260
-0.030
0.010
-0.260
0.300
0.490
-0.220
0.180
0.180
0.130
-0.200
-0.110
0.170
-0.220
0.190
-0.260
0.030
-0.370
-0.200
0.510
0.480
0.040
0.200
-0.260
0.280
0.010
-0.020
0.190
0.260
0.590
0.040
0.070
0.060
0.100
-0.050
0.020
-0.030
0.010
-0.140
-0.170
0.430
-0.310
0.090
0.020
0.000
-0.070
0.060
0.120
-0.050
0.040
0.090
0.140
0.060
-0.050
-0.180
0.070
-0.110
0.040
-0.090
-0.190
-0.110
-0.110
0.150
0.100
0.010
0.060
-0.010
-0.010
0.100
-0.110
0.020
0.100
-0.160
-0.100
0.520
0.160
-0.260
0.200
0.040
-0.100
-0.090
0.220
-0.140
0.490
0.050
0.060
0.090
0.040
-0.080
0.020
-0.130
-0.070
-0.050
-0.150
0.240
0.020
0.040
0.010
0.000
-0.060
0.010
0.020
-0.020
-0.080
-0.100
0.020
0.110
-0.060
0.120
-0.090
0.100
0.070
-0.090
0.040
-0.080
-0.150
0.020
0.320
-0.440
0.470
0.380
0.270
0.010
0.160
0.020
-0.010
