7.410
7.490
7.580
7.590
7.050
7.040
7.040
7.040
7.090
6.650
6.700
6.720
6.680
6.650
6.630
6.600
6.690
6.690
6.830
6.870
6.880
6.820
6.760
6.850
6.760
6.750
6.820
6.830
6.650
6.630
6.810
6.980
6.900
7.010
7.130
6.840
6.770
6.830
6.830
7.010
7.060
7.250
7.370
7.650
7.650
7.750
8.050
7.790
7.690
7.690
7.380
7.280
7.530
7.650
7.890
8.200
8.550
8.700
9.250
9.490
8.850
8.580
8.620
7.840
7.180
7.250
7.310
7.400
7.570
7.650
7.290
7.280
7.150
7.180
7.240
7.220
7.200
7.230
7.230
7.240
7.270
7.270
7.310
7.260
7.210
7.240
7.260
7.250
7.360
7.280
7.300
7.390
7.400
7.300
7.170
7.210
7.350
7.450
7.380
7.680
7.260
7.180
7.150
7.240
7.340
7.290
7.370
7.310
7.150
7.020
6.990
7.030
7.120
7.000
7.410
7.530
7.600
7.660
7.510
7.690
7.680
7.810
7.650
6.980
6.680
6.650
6.670
6.730
6.760
6.750
6.710
6.710
6.730
6.730
6.730
6.750
6.750
6.650
6.730
6.610
6.660
6.620
6.470
6.730
6.850
6.830
6.850
6.900
6.890
6.900
6.870
6.910
6.920
6.970
7.110
7.150
7.350
7.010
7.050
7.090
7.100
7.120
7.010
7.000
6.450
6.370
6.410
6.470
6.490
6.200
6.240
6.240
6.190
6.130
5.950
6.000
5.850
5.360
5.480
5.430
5.560
5.450
5.210
5.400
5.780
5.690
5.710
5.850
5.780
5.680
5.300
5.150
5.170
5.230
5.310
5.160
5.320
4.930
4.830
4.940
4.960
5.040
4.950
4.540
4.400
4.260
4.350
4.580
4.240
4.150
4.080
4.060
4.110
4.150
4.210
4.110
4.170
4.240
4.090
4.060
4.050
4.100
4.070
4.070
4.170
4.300
4.210
4.230
4.320
4.110
4.050
4.120
4.180
4.200
4.050
3.860
3.720
3.730
3.720
3.860
3.680
3.700
3.680
3.720
3.750
3.850
3.730
3.740
3.720
3.790
3.820
3.880
3.880
3.920
3.920
3.890
3.890
3.790
3.800
3.800
3.860
3.860
3.910
3.890
4.100
3.970
4.080
3.970
4.060
4.040
3.910
3.920
4.120
4.360
4.370
4.400
4.410
4.380
4.360
4.410
4.490
4.500
4.530
4.700
4.860
4.880
4.860
4.940
5.070
5.270
5.100
5.180
4.820
4.960
4.990
4.980
4.950
4.740
4.630
4.600
4.770
4.610
4.720
4.890
4.880
4.950
4.750
4.620
4.640
4.670
4.780
4.600
4.770
4.900
5.300
5.370
5.260
5.380
5.300
5.190
5.150
5.090
5.000
5.080
5.290
4.820
4.480
4.590
4.210
4.210
4.010
4.250
4.080
4.040
4.140
4.470
4.420
4.500
4.760
4.580
4.320
4.120
4.230
4.370
4.500
4.530
4.800
4.840
4.520
4.400
4.730
4.490
4.500
4.410
4.050
4.060
4.080
3.740
3.750
3.880
3.890
3.870
3.890
3.920
3.870
3.770
3.820
3.710
3.710
3.670
3.650
3.730
3.660
3.670
3.700
3.700
3.770
3.770
3.550
3.630
3.740
3.770
3.760
3.740
3.780
3.780
3.780
3.800
3.840
3.770
3.820
3.910
4.180
3.840
3.850
3.810
3.810
3.710
3.590
3.630
3.700
3.740
3.790
3.760
3.820
3.820
3.790
4.040
3.990
4.020
4.070
4.000
4.030
4.030
4.100
3.960
3.980
3.890
3.910
3.890
4.000
3.870
3.900
3.930
4.050
3.950
3.920
4.090
4.210
3.950
4.350
4.390
4.690
4.980
5.530
6.350
5.800
5.730
5.780
5.510
5.790
5.890
5.600
5.690
5.640
5.580
5.650
5.600
5.160
5.030
5.240
4.900
4.840
4.970
5.020
5.270
4.960
4.730
4.800
4.870
4.500
4.400
4.370
4.370
4.300
4.350
4.390
4.250
4.080
4.100
4.160
4.250
4.120
4.100
4.110
4.080
4.050
4.050
4.030
3.880
3.910
3.910
3.930
3.940
4.100
4.150
3.850
3.880
3.980
4.040
4.060
4.130
4.070
4.020
4.010
3.950
3.740
3.840
4.010
3.990
3.940
3.950
4.100
4.240
4.270
4.310
4.310
4.350
4.180
4.230
4.340
4.300
4.390
4.390
4.750
5.220
5.200
5.050
5.150
4.970
4.630
4.900
4.810
4.420
4.770
4.460
4.470
4.290
4.330
4.250
4.240
4.330
4.310
4.290
4.350
3.960
3.800
3.750
3.790
3.870
3.790
3.790
3.860
3.630
3.570
3.470
3.450
3.470
3.560
3.570
3.620
3.580
3.420
3.380
3.300
3.180
3.230
3.290
3.390
3.460
3.430
3.590
3.690
3.760
3.750
3.690
3.730
3.770
3.760
3.740
3.930
3.800
3.590
3.420
3.390
3.490
3.490
3.530
3.550
3.650
3.610
3.610
3.630
3.660
3.580
3.600
3.350
3.270
3.280
3.260
3.240
3.140
3.120
3.170
3.210
3.220
3.180
3.070
3.090
2.970
2.920
2.970
3.060
3.080
3.090
3.090
3.160
3.150
3.100
3.000
3.010
2.940
2.990
3.050
2.980
3.030
2.950
2.840
2.670
2.720
2.640
2.620
2.680
2.710
2.630
2.610
2.570
2.660
2.610
