-0.050
0.020
-0.060
0.070
0.150
0.020
-0.060
0.190
0.020
-0.030
-0.060
0.000
-0.050
0.050
-0.060
0.080
0.020
0.070
-0.150
-0.060
-0.040
0.290
0.020
0.160
0.080
-0.030
-0.060
0.020
0.180
0.020
-0.130
-0.270
-0.100
0.060
0.070
0.330
0.020
0.030
-0.210
-0.150
-0.120
-0.050
-0.150
-0.010
0.010
-0.060
0.140
0.230
0.070
0.260
-0.330
0.140
-0.110
-0.180
0.020
0.050
-0.250
-0.030
-0.250
0.130
-0.350
0.040
-0.160
0.280
-0.140
-0.420
0.020
0.070
-0.880
0.960
0.880
0.130
0.240
0.130
0.010
0.020
-0.250
0.080
-0.370
-0.040
0.180
0.010
0.000
0.240
0.080
0.030
-0.140
-0.190
-0.090
0.140
0.250
-0.050
-0.020
0.140
-0.060
-0.070
-0.080
0.050
0.000
0.010
0.420
-0.090
0.060
0.020
-0.080
0.010
0.000
0.000
0.090
0.000
-0.040
0.100
-0.070
0.020
-0.040
0.080
-0.190
0.000
0.010
-0.050
0.040
0.240
0.090
0.110
-0.140
0.050
-0.220
0.060
-0.010
0.220
-0.080
0.050
-0.140
0.030
-0.090
-0.060
0.010
-0.090
0.030
-0.070
0.180
-0.100
-0.090
0.040
-0.070
-0.190
0.070
0.050
0.030
-0.260
-0.030
-0.170
-0.080
0.050
0.100
-0.150
0.010
-0.070
0.000
0.370
-0.160
0.500
0.070
0.280
-0.030
-0.120
-0.240
-0.280
0.040
-0.150
-0.330
0.040
0.020
-0.180
-0.030
-0.110
0.370
-0.150
0.100
-0.120
0.410
0.520
0.000
-0.220
0.140
0.020
0.330
-0.040
0.300
0.410
-0.120
-0.090
0.060
0.000
0.130
0.120
0.100
0.160
0.000
-0.300
-0.040
-0.030
0.050
-0.070
0.110
0.020
0.220
0.060
-0.010
0.050
-0.070
0.010
0.100
0.130
0.010
-0.170
-0.020
0.190
0.020
-0.140
-0.070
-0.140
-0.430
0.060
0.040
-0.110
0.150
0.150
-0.060
-0.040
0.070
-0.070
0.050
-0.160
-0.290
0.200
0.120
-0.020
0.040
0.080
0.000
0.120
0.040
-0.180
-0.030
0.140
0.020
0.110
0.200
-0.200
0.000
0.060
0.010
-0.060
-0.220
0.230
0.120
0.160
0.000
-0.010
0.190
-0.030
-0.150
-0.270
0.010
0.210
0.020
-0.030
0.320
0.110
-0.320
0.170
-0.670
0.130
-0.180
0.100
0.090
-0.010
0.250
0.370
-0.120
-0.110
0.160
0.080
0.180
0.070
0.170
-0.150
-0.310
-0.700
-0.080
-0.050
-0.420
0.270
0.240
-0.050
-0.350
0.180
-0.280
0.210
-0.020
0.300
-0.700
0.150
-0.110
-0.630
-0.150
0.030
0.090
-0.310
-0.080
0.210
-0.180
-0.030
0.310
-0.090
0.390
-0.090
0.080
0.090
0.010
-0.040
0.000
-0.220
0.210
-0.150
0.120
0.090
0.070
-0.090
-0.860
0.090
0.110
-0.090
-0.140
0.090
0.200
-0.150
-0.110
0.040
0.080
-0.220
0.090
-0.240
0.760
0.190
-0.100
0.310
0.210
-0.050
-0.140
0.050
-0.230
0.050
0.070
0.300
0.240
-0.810
0.480
0.090
0.010
0.250
-0.060
0.060
0.250
0.070
0.200
0.020
0.140
-0.040
0.080
-0.360
0.210
-0.180
0.030
0.200
0.090
-0.230
0.600
-0.130
-0.660
0.030
-0.050
0.150
0.420
0.180
-0.340
-0.260
-0.390
0.530
0.340
-0.240
-0.760
-0.840
-0.580
-0.350
0.340
-1.000
0.350
0.360
0.030
0.230
0.190
0.390
0.250
-0.050
-0.400
0.420
0.040
-0.750
-0.900
-0.140
-1.110
-1.230
1.030
0.020
-0.520
-0.100
0.040
0.850
0.310
0.230
0.030
0.660
0.100
-0.240
-0.010
0.090
0.360
0.370
0.280
-0.410
-0.380
-0.470
0.070
-0.290
0.740
-0.360
-0.160
0.160
0.150
0.180
0.480
-0.360
-0.050
0.210
-0.710
0.880
0.190
0.240
-0.230
-0.370
0.130
-0.070
0.320
0.200
0.210
0.090
0.000
0.030
-0.090
-0.250
0.040
-0.170
0.400
0.150
0.080
0.200
0.010
-0.160
0.130
-0.100
0.140
-0.070
-0.220
0.060
-0.330
0.680
0.040
0.140
0.520
0.000
0.070
0.160
0.010
0.170
0.010
0.110
-0.020
-0.060
-0.130
-0.200
0.140
-0.130
-0.010
0.060
-0.200
0.160
0.210
-0.070
0.140
0.170
0.230
-0.390
0.090
0.110
-0.170
0.130
-0.300
-0.100
-0.060
-0.050
0.270
0.150
-0.010
-0.250
0.080
-0.040
0.190
0.280
-0.100
0.160
-0.120
-0.110
0.010
0.020
0.090
0.100
0.030
0.160
-0.400
0.010
-0.280
0.070
0.080
0.070
-0.100
-0.130
-0.050
0.230
0.100
-0.090
-0.010
0.110
-0.040
0.220
0.040
0.020
-0.070
0.070
-0.170
0.110
-0.190
-0.080
0.000
-0.090
0.170
-0.090
0.000
0.110
0.220
-0.150
0.010
-0.020
-0.170
0.210
0.060
-0.200
-0.180
0.160
0.000
-0.140
-0.220
0.060
-0.080
0.060
0.170
0.130
-0.050
0.310
0.200
0.130
0.120
0.040
-0.010
-0.260
-0.040
0.120
0.190
0.060
-0.030
0.010
0.190
0.020
0.070
0.040
0.130
0.010
-0.040
-0.160
-0.140
0.000
-0.110
-0.030
0.300
-0.020
0.060
0.070
-0.130
-0.060
0.090
-0.010
0.010
-0.200
0.230
0.510
0.120
-0.010
0.070
0.020
0.100
0.050
-0.020
-0.100
0.050
0.010
-0.040
0.030
-0.070
-0.060
0.010
0.030
0.050
0.030
0.160
