30.300
30.600
30.570
30.300
29.400
29.390
29.410
29.730
29.690
30.110
31.500
30.100
29.400
29.700
29.970
30.000
31.180
30.940
31.510
30.150
30.250
28.420
28.820
28.880
28.090
30.490
30.120
30.600
29.880
28.910
31.370
32.410
31.040
34.010
34.000
32.170
32.000
31.000
31.000
32.990
32.050
37.100
35.800
36.400
40.800
41.000
35.000
35.290
36.190
40.020
44.300
40.270
36.610
33.280
30.250
27.500
24.100
23.900
24.300
24.710
24.800
24.800
23.810
23.600
23.880
23.430
24.290
24.200
21.380
21.770
21.900
21.690
22.700
23.080
22.870
22.730
23.460
23.850
23.650
23.710
24.590
24.000
24.200
21.350
21.290
20.620
21.200
20.500
20.800
20.710
21.520
20.420
20.780
20.600
19.470
19.250
19.800
19.910
19.700
19.800
20.030
19.160
19.300
18.600
18.300
17.940
19.160
20.160
20.480
21.300
21.000
21.450
22.950
22.650
22.900
23.560
23.690
23.130
23.300
23.550
22.850
25.890
28.200
24.490
21.800
23.400
23.000
21.800
20.990
20.340
22.970
22.880
23.100
22.530
22.200
21.250
22.800
22.550
22.330
23.740
24.020
24.430
25.800
26.400
26.130
26.550
26.800
26.700
28.110
30.220
30.120
25.610
23.200
19.900
20.300
20.000
19.120
17.380
15.000
14.500
14.540
14.040
14.680
14.630
14.220
14.340
14.710
14.250
14.200
13.640
13.220
13.500
13.070
12.600
12.130
12.640
12.490
12.710
12.380
12.800
13.150
12.400
12.000
12.750
13.100
14.790
14.200
14.950
14.540
14.330
14.650
14.050
13.500
12.910
13.960
13.910
14.150
14.100
14.610
12.790
11.600
11.800
12.400
12.100
12.040
12.340
12.570
12.110
11.500
12.600
11.600
13.140
13.110
13.810
14.800
15.360
15.400
15.000
18.190
18.320
17.830
17.660
18.190
18.180
19.300
18.600
17.950
17.250
17.860
17.500
17.260
16.950
16.390
17.330
18.130
18.600
17.570
17.300
17.050
16.690
17.100
17.010
17.400
19.120
18.980
19.050
19.200
18.100
17.840
17.500
18.490
18.300
16.930
16.810
17.580
17.400
16.500
16.250
16.130
16.380
15.410
14.750
14.970
15.690
15.860
15.250
15.670
16.400
15.450
14.450
16.430
16.870
16.700
15.600
14.120
14.050
13.900
13.230
12.700
12.690
12.210
12.070
12.010
12.170
13.010
12.630
12.650
12.950
12.100
11.800
12.060
11.060
11.350
13.690
13.390
13.080
12.750
11.260
11.400
11.080
13.120
15.100
14.150
13.800
14.400
14.990
17.090
19.310
22.500
21.300
26.110
24.900
24.880
23.070
25.010
25.300
24.350
23.840
25.010
26.080
24.540
30.300
29.200
30.980
30.110
24.300
27.300
27.670
23.200
22.130
19.450
18.190
16.430
15.280
18.000
19.200
17.700
15.700
12.920
14.350
15.940
21.000
19.680
23.900
25.750
25.000
30.800
31.000
31.290
30.700
30.450
32.000
37.420
36.450
40.990
42.210
40.090
38.010
35.400
35.400
31.650
31.880
31.900
32.540
31.590
28.780
29.500
29.850
28.250
28.250
28.010
27.550
24.550
23.100
22.540
22.680
23.500
23.530
24.040
23.410
23.050
22.200
21.450
21.720
22.500
25.150
25.420
25.010
24.200
23.550
22.700
21.270
20.550
18.380
17.400
17.090
16.600
18.000
17.810
17.950
17.300
18.740
19.200
19.970
18.000
16.090
15.700
14.970
14.940
14.850
14.900
15.400
15.550
14.980
14.700
14.750
14.700
14.000
13.960
13.900
13.440
12.310
12.080
11.950
11.700
11.700
11.540
11.830
11.720
11.610
11.450
11.420
11.500
11.110
11.130
10.900
10.920
11.000
10.710
11.030
11.000
11.350
10.730
10.610
10.480
11.060
11.000
11.160
11.350
11.380
10.860
11.090
10.620
10.190
10.200
10.640
11.200
10.140
9.890
9.900
10.120
10.280
9.810
9.560
9.350
9.370
10.010
10.150
10.080
9.520
9.420
9.660
11.180
10.850
11.100
11.520
11.340
11.100
11.290
10.880
10.660
11.600
11.510
11.440
11.450
12.080
12.100
11.910
11.500
11.150
11.250
11.300
11.330
10.870
10.940
11.000
10.800
10.300
10.470
10.280
10.040
10.770
10.640
11.110
11.050
11.480
10.610
10.230
10.240
10.240
9.830
9.460
9.410
9.580
10.080
10.360
10.480
10.520
10.260
9.630
9.520
9.810
9.380
9.670
9.760
9.700
9.360
9.200
9.160
9.260
9.130
9.100
9.230
9.140
9.150
8.930
9.430
9.390
9.100
9.170
9.100
8.930
9.050
9.000
8.710
8.580
8.330
8.170
8.430
8.420
8.850
8.940
8.680
8.850
8.800
8.750
8.600
8.460
8.590
8.600
8.400
8.300
8.310
8.550
8.570
8.570
8.450
8.550
8.500
8.670
8.560
8.700
8.360
8.440
8.720
8.430
8.360
8.200
8.460
8.600
8.210
8.120
8.170
8.150
8.500
9.000
