8.160
7.840
7.910
7.780
7.750
7.750
7.710
7.760
7.700
7.540
7.630
7.560
7.830
7.360
7.480
7.430
7.520
7.510
7.370
7.410
7.480
7.550
7.260
7.260
7.170
7.140
7.440
7.380
7.360
7.300
7.160
7.270
7.270
7.340
7.440
7.340
6.790
6.790
6.900
7.240
7.170
7.190
7.240
7.360
7.400
7.470
7.420
7.380
7.300
7.350
7.600
7.760
7.860
8.150
8.420
8.540
8.890
8.930
9.230
8.400
8.530
8.550
8.650
8.640
8.510
8.600
8.750
9.130
9.050
8.970
9.150
9.280
9.440
9.350
9.350
9.240
9.050
9.140
9.300
9.260
9.390
8.780
8.980
9.050
8.230
7.520
7.460
7.450
7.560
7.770
7.610
7.520
7.470
7.390
7.420
7.400
7.420
7.450
7.460
7.400
7.430
7.240
7.260
7.260
7.250
7.210
7.190
7.220
7.260
7.200
7.070
7.120
7.120
7.480
7.630
7.720
7.810
7.920
7.960
7.950
8.050
7.870
7.600
7.600
7.630
7.700
7.710
7.660
7.800
7.870
7.860
7.740
7.750
7.780
7.730
7.680
7.680
8.160
8.290
8.150
8.140
8.140
8.070
8.280
8.350
8.360
8.450
8.550
8.500
8.620
8.700
8.660
8.620
8.700
8.750
8.800
8.760
8.770
8.600
8.540
8.600
8.620
8.550
8.580
8.600
8.670
8.830
8.880
8.860
8.980
8.670
8.680
8.690
8.730
8.710
8.760
8.690
8.620
8.620
8.750
8.560
8.290
8.340
8.340
8.300
8.640
8.830
8.850
8.860
8.850
8.800
8.810
8.950
9.120
9.450
9.400
9.470
9.380
9.370
9.370
9.480
9.490
9.560
9.500
9.540
9.590
9.770
9.940
9.880
9.680
9.710
9.770
9.870
9.740
9.640
9.800
9.840
9.840
9.560
9.680
9.800
9.540
9.470
9.800
9.990
10.220
10.910
10.910
10.850
10.650
10.350
10.450
10.320
10.400
10.790
10.850
10.780
10.480
10.780
10.880
10.990
10.430
10.540
10.350
10.550
10.660
10.870
10.740
10.720
10.690
10.880
10.760
10.980
10.940
11.150
11.440
10.400
9.470
10.030
10.360
10.500
10.270
10.150
9.490
8.960
8.420
8.210
8.360
8.160
8.510
8.490
8.580
8.290
8.100
8.130
8.570
8.250
8.170
8.000
8.180
8.130
8.430
9.090
9.130
8.960
8.930
8.760
8.430
8.880
8.140
8.270
8.280
8.600
9.350
9.450
9.120
9.130
9.170
9.200
9.160
9.320
9.140
9.490
9.600
9.350
9.090
9.280
9.390
8.830
8.850
8.690
9.050
8.840
8.830
9.000
8.760
8.480
8.440
8.670
8.260
7.960
8.170
7.980
8.100
8.160
8.560
8.800
8.790
8.320
8.770
9.740
10.800
10.760
10.780
11.700
13.130
13.130
13.170
12.280
12.060
12.390
12.850
12.930
13.200
13.110
13.350
12.660
13.160
12.570
12.400
11.710
11.780
11.900
11.260
10.480
10.150
10.180
10.920
10.650
10.770
10.290
9.540
9.790
9.470
9.430
9.780
9.480
9.230
8.870
8.750
8.400
8.440
8.360
8.660
8.120
7.840
8.440
8.390
8.660
8.390
8.140
7.880
7.980
7.760
7.160
7.000
6.640
6.680
6.760
6.700
6.960
6.980
7.350
6.950
6.850
6.640
6.860
6.240
6.240
7.300
7.050
6.970
7.070
6.720
6.550
6.430
6.850
7.340
7.450
6.840
7.240
7.090
8.000
9.200
10.100
10.360
11.100
11.220
10.800
10.200
9.980
10.370
10.350
9.850
9.100
8.550
8.270
7.840
8.100
8.710
8.560
8.600
9.320
9.800
9.890
9.550
9.390
9.250
8.780
8.300
8.580
7.800
7.250
9.630
9.750
10.650
12.390
12.450
13.850
14.190
15.320
14.390
13.790
14.750
15.300
14.970
15.840
16.230
16.200
14.940
14.690
15.190
15.490
15.480
14.880
15.330
14.030
12.750
11.800
12.400
12.830
11.920
10.990
10.580
10.380
10.480
10.200
10.290
10.420
10.500
9.790
9.250
9.200
8.980
8.600
9.070
9.450
9.550
9.690
9.970
9.600
9.450
9.080
8.980
9.150
9.250
9.200
9.500
9.630
9.470
9.410
9.870
9.190
9.070
9.090
8.680
8.370
8.470
8.420
9.290
8.550
8.400
8.350
8.240
8.430
8.020
8.150
7.710
7.560
7.620
7.850
7.630
7.450
7.500
7.650
7.060
7.250
7.280
7.080
7.000
7.130
7.300
7.240
6.890
6.440
6.330
6.270
6.150
6.180
6.310
6.500
6.500
6.490
6.360
6.530
6.760
6.160
6.010
6.130
6.200
6.190
6.240
6.300
6.320
6.460
6.530
6.480
6.440
6.330
6.250
6.430
6.510
6.250
6.250
6.180
6.190
6.510
6.660
6.770
6.880
7.050
7.140
6.930
6.660
6.640
6.750
6.860
7.130
7.170
7.100
6.930
7.110
7.190
7.190
7.280
7.290
7.120
7.020
7.130
7.230
7.240
7.200
7.250
6.860
6.950
7.010
7.140
7.310
7.450
8.210
7.460
6.780
6.470
6.140
6.190
6.260
5.980
5.960
6.100
6.320
6.550
6.180
6.410
5.920
5.940
5.950
6.140
5.870
5.670
5.820
5.730
