13.640
13.480
13.500
14.130
14.160
14.290
14.250
14.130
13.980
14.170
14.370
13.490
13.550
13.480
13.790
14.120
12.840
12.230
11.650
11.640
11.090
10.830
10.600
10.550
10.570
11.110
11.070
11.000
11.230
11.400
11.890
12.270
12.310
12.460
12.430
12.170
11.890
11.830
12.270
12.330
12.080
12.470
12.830
12.860
12.840
12.520
11.920
11.940
12.040
12.670
12.890
13.180
13.400
14.100
14.840
15.420
15.570
15.190
15.350
15.420
15.370
15.580
15.460
15.170
15.130
15.450
15.480
15.430
15.670
15.670
15.900
16.050
16.090
15.990
16.040
15.880
16.030
15.820
15.870
15.920
16.100
15.950
15.250
15.160
15.230
15.480
15.330
15.220
15.500
15.510
15.620
15.560
15.410
15.600
15.610
15.670
15.820
16.000
16.160
16.200
16.010
15.980
16.110
16.060
15.990
15.960
15.750
15.920
16.020
16.300
16.160
16.240
15.850
16.020
16.860
16.310
16.360
16.700
16.560
16.710
17.590
18.190
18.480
17.800
17.770
18.130
18.670
17.780
17.970
17.790
18.180
18.060
17.900
17.380
16.550
15.760
15.510
15.480
16.290
16.500
16.500
16.080
16.200
15.700
15.530
15.440
16.250
17.110
17.440
17.500
17.440
17.530
17.560
17.760
17.620
17.640
17.450
16.690
16.730
16.760
16.480
16.390
16.090
16.490
16.420
16.620
16.150
16.790
16.410
15.640
15.700
15.910
16.300
16.100
15.640
15.400
16.100
16.220
15.800
15.330
14.980
14.950
14.660
14.480
14.050
14.030
14.400
14.240
14.250
14.450
14.660
14.160
13.830
14.220
14.960
14.300
14.160
13.490
13.410
13.500
13.240
13.180
12.550
12.490
12.300
12.040
12.110
12.200
12.110
12.070
12.060
12.070
12.000
12.070
12.000
11.950
12.040
12.190
12.250
12.230
12.320
11.970
11.900
11.800
12.320
12.400
12.040
12.200
11.620
11.530
11.590
11.590
11.480
11.720
11.990
12.160
12.100
12.060
12.160
12.330
12.290
12.450
12.220
12.250
12.170
12.280
12.160
12.020
12.100
12.700
13.370
14.070
14.810
15.590
16.410
16.210
16.360
16.200
15.830
15.720
15.440
15.050
15.240
15.150
15.180
14.890
14.820
14.110
14.710
15.200
15.870
15.110
14.390
14.880
15.660
16.480
16.660
17.250
18.010
17.150
17.250
17.220
16.950
17.300
17.250
16.450
16.090
15.580
16.300
16.310
15.530
16.310
16.600
16.520
16.750
16.120
15.350
15.820
15.870
15.110
14.830
14.700
14.000
13.630
13.400
13.670
13.060
13.170
12.820
12.950
12.340
11.750
11.460
11.200
11.310
11.130
10.600
10.160
10.300
10.530
10.120
10.560
11.120
11.710
12.330
12.980
12.760
13.380
14.080
14.050
14.040
13.900
14.020
13.950
13.820
13.920
14.180
13.890
13.840
13.590
13.410
13.180
13.210
13.690
13.860
13.850
14.050
13.990
13.320
13.040
12.710
12.520
12.590
13.000
12.590
12.400
12.530
12.100
11.930
11.800
11.890
11.970
11.820
12.080
11.960
11.700
11.670
11.750
11.780
11.370
10.890
10.990
10.970
11.050
10.640
10.500
10.060
10.040
9.760
10.020
10.550
10.050
9.570
9.920
9.630
9.170
9.040
8.840
8.830
8.730
8.720
8.560
8.770
8.610
8.720
8.640
8.390
8.190
8.620
8.360
8.800
9.260
9.700
9.240
8.800
9.120
9.600
10.100
10.630
11.190
10.790
11.360
11.960
12.590
13.250
13.950
14.340
13.660
13.010
12.390
11.730
11.780
11.960
13.290
13.210
14.030
13.520
13.770
13.860
13.220
13.160
13.350
12.880
12.800
12.580
12.500
12.770
12.820
12.990
13.050
12.300
12.330
12.400
13.230
13.250
12.860
12.790
12.700
12.980
12.780
13.060
12.960
13.180
13.070
13.180
13.100
13.820
13.540
13.340
12.600
12.920
13.230
13.710
13.770
14.780
15.000
15.520
15.500
14.830
14.290
14.300
13.450
13.580
13.120
12.020
11.430
11.430
11.600
11.300
10.590
10.600
10.570
10.170
10.120
10.150
10.160
10.130
9.650
9.400
9.340
9.450
9.450
9.990
10.060
9.710
9.700
9.850
9.200
8.940
8.840
9.130
8.940
8.880
8.780
8.880
8.890
8.840
8.660
8.520
8.370
8.290
8.200
8.200
8.080
8.190
8.120
8.350
8.490
8.630
8.460
8.500
8.860
8.540
8.410
8.430
8.500
8.660
