-0.300
0.020
0.460
-0.070
-0.110
0.710
0.460
-0.210
0.870
-0.410
-0.410
-0.030
0.040
0.140
0.080
0.080
-0.020
-0.070
0.000
-0.220
-0.100
0.020
0.810
0.220
-0.020
-0.840
0.070
-0.250
-0.080
0.230
-0.570
-0.610
0.130
0.020
0.430
-0.220
1.100
-0.800
-0.220
-0.470
-0.140
-0.720
-0.210
0.230
-0.010
0.050
-0.170
0.860
0.080
-0.550
0.070
-0.150
-0.320
0.230
0.170
-0.250
0.170
-0.130
-0.300
0.160
0.240
0.090
0.110
-0.060
-0.390
-0.200
0.000
0.640
-0.060
0.070
-0.060
0.100
-0.180
-0.230
0.050
0.170
0.050
-0.330
0.090
-0.610
0.300
0.100
0.550
-0.050
0.020
0.160
-0.820
-0.040
-0.110
0.060
-0.080
0.350
0.210
-0.160
-0.140
-0.020
-0.120
0.400
-0.330
-0.260
0.080
-0.270
0.890
0.130
0.850
0.430
-0.290
0.320
0.780
0.360
-0.160
-0.460
-0.840
-0.290
0.090
-0.170
0.350
-0.060
-0.160
0.060
0.020
0.260
-0.030
0.130
-0.620
-0.210
-0.130
0.270
-0.260
-0.170
0.080
0.020
0.840
0.420
-0.070
0.150
-0.850
-0.020
-0.110
-0.150
0.450
-0.050
-0.160
0.280
-0.850
-0.930
-0.260
0.130
0.060
-0.130
0.040
0.130
-0.980
-0.030
-0.110
-0.020
-0.190
-0.060
0.140
-0.210
0.710
0.180
-0.050
0.100
0.000
-0.310
-0.420
0.000
0.780
0.220
-0.120
-0.360
-0.020
0.000
0.200
-0.330
-0.210
0.670
0.100
0.140
-0.070
-0.230
0.820
-0.220
0.460
0.850
0.100
0.010
0.010
0.010
0.290
0.020
0.280
-0.100
-0.580
0.320
0.360
-0.140
-0.870
-0.070
0.700
0.300
0.780
-0.070
0.050
0.740
0.130
-0.170
-0.030
0.020
-0.210
0.110
0.130
0.000
-0.200
0.340
-0.090
-0.060
-0.120
0.210
0.710
0.140
-0.730
0.260
-0.650
-0.310
0.600
-0.030
0.710
-0.060
0.380
0.420
-0.160
0.080
0.110
0.130
-0.140
-0.040
0.190
-0.080
0.130
0.360
0.030
0.610
-0.010
-0.020
0.200
0.120
-0.280
-0.050
0.200
-0.220
-0.640
0.170
0.280
0.460
0.180
-0.190
-0.110
0.000
-0.150
0.150
-0.440
0.240
0.340
-0.070
0.220
-0.020
0.510
0.220
0.530
0.090
-0.100
-0.560
-0.170
0.020
-0.020
0.180
0.530
-0.560
-0.590
-0.620
-0.300
-0.130
0.100
-0.360
-0.630
-0.570
0.680
0.650
-0.680
-0.710
-0.510
-0.070
1.350
0.170
0.180
-0.710
0.410
-0.390
-0.160
0.200
1.260
1.140
1.040
0.940
0.860
-0.010
0.290
0.270
-0.050
0.230
0.190
0.510
-0.050
-0.190
0.190
0.100
0.240
-0.400
0.150
-0.350
-0.220
-0.850
0.070
0.060
-0.370
0.350
0.330
0.210
-0.650
0.230
-0.290
0.190
-0.580
0.040
-0.990
0.300
-0.740
-1.150
-0.320
0.240
0.400
-0.090
0.120
-0.400
-0.030
0.080
0.090
-0.280
0.290
0.200
0.140
0.050
-0.700
-0.260
0.280
-0.890
0.800
0.000
0.210
0.330
-0.390
-0.320
-1.330
-0.390
0.160
0.240
-0.860
0.090
0.380
0.400
1.210
1.100
1.000
-0.050
-0.080
0.400
0.560
0.430
0.150
0.460
0.050
-0.390
-0.070
0.220
-0.170
-0.130
0.050
0.300
0.250
-0.890
-0.140
0.360
0.010
0.130
-0.310
0.510
0.760
0.450
0.340
0.020
0.060
-0.130
0.200
-0.290
0.110
0.100
0.120
0.260
0.110
-0.200
0.570
-0.500
-0.710
0.120
-0.240
0.300
0.450
0.260
-0.400
-0.540
-0.550
0.570
0.490
0.000
-0.730
-0.810
-0.680
-0.640
0.100
-1.040
0.910
0.000
0.280
-0.270
-0.240
0.370
0.610
0.450
0.080
0.750
-0.600
0.050
-0.240
0.720
-0.520
-0.890
-0.210
0.240
0.320
0.220
0.090
0.610
0.160
-0.830
0.620
0.700
0.640
0.580
-0.640
-0.720
-0.800
-0.890
-0.980
-1.000
0.430
-1.160
-1.290
-0.440
0.350
-0.530
-1.500
-0.170
-0.140
-1.610
1.350
0.170
0.370
0.310
0.020
-0.420
0.080
-0.370
-0.670
0.860
0.050
0.820
-0.180
1.320
0.930
0.170
0.140
1.090
0.560
0.090
0.020
-0.300
0.230
0.250
0.430
0.350
0.130
-0.370
0.190
-0.120
0.220
0.190
0.330
-0.320
-0.110
-0.050
-0.390
0.160
0.120
0.130
-0.330
-0.250
0.600
0.250
0.120
0.020
-0.090
0.430
-0.050
-0.060
-0.020
0.290
0.380
0.000
0.240
0.120
0.040
0.190
-0.030
-0.120
0.040
-0.090
0.480
-0.110
0.000
0.230
0.130
0.120
0.010
0.020
0.130
0.030
-0.020
0.090
0.110
0.050
0.030
0.020
-0.130
-0.080
-0.110
0.040
0.070
-0.070
-0.130
0.010
-0.050
-0.110
0.200
-0.170
0.090
0.400
0.170
-0.180
0.110
0.020
-0.050
0.030
-0.130
-0.020
-0.030
-0.040
0.140
0.090
0.100
-0.130
-0.140
-0.010
0.030
0.070
0.020
-0.320
-0.210
0.000
-0.100
-0.090
0.100
0.070
0.060
0.110
-0.700
-0.390
-0.170
0.250
0.080
0.540
-0.150
-0.050
0.100
-0.070
0.190
0.060
-0.040
-0.080
0.070
0.030
0.020
0.050
-0.030
0.130
-0.320
0.070
-0.100
0.020
-0.040
0.030
0.240
-0.030
0.020
0.050
0.170
0.030
-0.080
-0.210
-0.070
-0.100
0.020
-0.170
-0.050
-0.090
-0.100
-0.150
0.200
0.000
0.160
0.050
0.010
0.060
0.000
0.100
0.090
-0.150
0.080
0.040
0.040
-0.370
-0.010
0.130
0.050
0.030
0.040
0.090
-0.060
-0.060
0.050
0.030
-0.310
0.280
0.030
-0.050
0.010
0.450
-0.020
-0.140
-0.070
0.120
0.130
-0.070
0.090
0.080
0.060
0.020
-0.120
0.110
0.040
0.060
-0.110
0.110
0.050
0.000
0.050
0.020
0.000
-0.210
0.180
0.040
0.010
-0.080
-0.110
-0.110
0.190
0.000
-0.030
-0.210
0.000
