23.600
23.840
23.900
23.760
23.210
23.320
23.150
23.200
22.840
22.630
23.000
23.590
23.810
23.200
23.050
22.980
23.060
22.480
22.650
23.200
23.410
23.000
22.700
22.460
22.020
22.050
23.690
23.810
23.510
23.050
23.750
25.240
25.440
24.600
25.000
24.000
23.800
23.600
23.300
25.060
25.010
26.450
26.700
26.950
27.130
27.320
26.850
26.080
26.380
26.070
25.810
28.240
28.690
28.160
29.600
29.880
31.800
32.500
32.070
32.550
31.000
31.510
31.430
30.200
29.600
29.000
31.200
31.900
31.850
31.380
31.320
31.840
33.100
32.950
32.990
33.030
33.000
33.410
32.850
33.900
34.410
34.800
34.260
33.800
33.000
33.620
33.710
32.280
32.800
33.230
33.160
32.700
32.250
31.570
32.020
33.140
33.030
33.770
33.010
33.110
33.470
31.690
31.380
31.310
31.500
32.100
31.900
32.060
31.890
31.180
30.910
31.250
30.400
29.700
32.600
33.610
34.110
34.820
35.260
34.800
31.880
31.300
30.500
30.500
30.220
30.470
29.900
29.000
29.660
31.000
31.250
29.900
29.600
28.430
28.280
28.050
27.300
27.040
28.870
29.020
28.730
28.440
28.000
28.680
29.380
29.110
29.530
30.310
29.780
30.960
30.500
30.020
29.910
30.010
30.400
29.920
29.500
29.510
28.670
28.380
28.020
28.460
28.090
28.500
28.320
28.310
27.700
28.190
28.000
28.300
27.420
27.400
28.210
28.630
26.600
26.510
27.050
27.530
28.120
27.870
27.610
26.820
26.800
26.660
26.360
27.680
28.410
28.280
28.600
29.060
28.590
26.650
25.820
25.540
26.830
26.100
25.140
24.770
24.930
25.200
25.750
26.210
26.220
25.750
24.960
24.540
24.630
24.000
23.680
23.850
23.670
23.600
23.500
23.050
22.750
22.830
23.180
22.960
22.720
22.570
23.020
22.770
22.490
22.100
22.770
22.720
23.050
24.140
24.010
24.700
24.910
24.760
24.500
24.500
24.530
24.360
24.650
23.960
24.770
24.530
24.600
24.590
24.300
23.800
24.110
23.980
23.380
23.000
22.020
21.780
22.910
22.110
22.900
23.200
23.950
23.850
22.560
22.710
23.240
23.800
24.560
24.380
25.330
23.230
23.310
22.340
22.110
21.800
21.040
21.590
21.050
21.090
20.410
20.860
20.520
21.700
20.850
20.600
20.000
20.680
20.230
21.280
23.640
25.700
25.790
25.700
25.800
26.100
26.520
25.350
25.000
25.580
24.950
24.520
24.900
24.800
25.000
24.060
24.810
24.460
25.120
23.510
23.820
23.560
22.700
22.310
22.770
22.300
22.010
22.790
22.000
22.530
21.950
22.180
22.500
21.820
21.110
21.330
21.020
20.010
19.750
20.110
20.800
22.150
24.110
21.260
22.770
22.420
21.520
19.360
19.510
19.310
20.590
20.450
20.110
19.920
20.170
19.480
18.880
18.000
18.800
18.450
17.680
17.050
17.010
16.270
16.430
16.580
18.160
19.800
19.010
19.300
20.150
19.940
18.320
19.020
18.300
19.410
19.060
19.530
20.530
22.680
24.100
24.830
27.590
30.460
30.250
28.850
27.500
26.390
25.960
26.320
25.960
25.730
26.600
26.500
26.020
25.190
24.430
23.780
24.780
25.460
25.700
25.470
26.310
26.310
24.380
23.610
22.500
22.750
24.680
23.600
23.520
23.500
23.330
22.520
22.510
23.520
22.400
22.810
23.060
22.600
22.030
21.800
21.250
21.230
20.080
20.050
20.720
21.050
21.250
21.540
20.720
20.010
20.030
19.200
19.500
21.000
21.000
20.810
20.810
20.420
19.850
19.310
19.210
19.110
18.930
18.600
18.820
17.620
17.800
17.800
17.600
18.480
17.150
17.180
17.020
15.260
15.370
17.080
18.300
17.880
17.560
16.010
16.100
16.040
17.820
19.510
17.800
15.360
15.550
17.280
19.200
21.330
23.700
23.940
26.600
26.330
25.410
24.200
24.500
23.500
23.270
22.500
22.250
22.500
20.780
19.280
20.100
21.180
19.230
19.850
22.050
24.120
24.500
20.500
18.410
18.410
16.460
14.750
16.290
17.350
16.800
15.100
12.310
13.680
15.200
16.890
18.770
20.850
23.170
21.770
23.770
26.410
27.770
27.160
25.920
28.800
31.310
28.600
30.620
32.880
30.710
28.600
28.880
28.010
27.610
28.430
26.610
27.110
26.610
24.940
23.200
24.600
25.860
25.420
24.980
23.700
23.360
23.000
22.450
21.400
21.020
22.000
21.910
21.380
21.110
19.960
19.120
20.070
20.900
20.380
20.880
20.560
21.300
22.510
21.360
21.660
21.280
20.410
20.200
21.180
20.160
21.580
22.510
23.100
22.920
21.340
18.510
19.900
19.620
19.010
18.330
18.160
18.260
17.880
17.480
17.420
17.010
17.500
17.350
17.210
17.290
17.070
16.720
16.500
16.660
16.800
16.540
16.300
16.400
16.280
16.150
16.110
16.100
15.600
15.310
15.800
15.700
15.600
15.420
15.480
15.240
15.070
14.960
14.860
15.010
15.220
15.310
15.300
15.000
15.150
15.160
15.380
15.000
14.800
15.000
14.810
14.600
14.100
13.870
14.110
14.100
14.210
13.880
13.980
14.800
15.080
14.800
15.140
14.570
14.330
14.380
14.130
14.090
14.100
13.780
13.420
13.500
14.510
15.000
14.990
15.490
15.470
15.410
15.200
14.790
14.640
16.190
16.080
16.950
16.580
17.150
17.180
17.540
17.890
17.480
17.280
17.100
17.040
17.040
16.140
16.720
16.750
16.580
16.630
16.960
17.110
17.100
17.450
17.650
17.500
17.450
17.400
17.600
18.030
17.880
17.720
16.430
16.330
16.400
17.090
17.410
17.060
16.710
17.100
17.320
17.620
17.180
17.750
18.000
17.950
17.680
18.130
17.950
18.040
16.400
15.400
15.250
15.400
15.100
14.740
15.200
15.390
15.020
15.210
15.260
15.060
14.990
14.960
14.290
14.210
14.000
13.860
13.900
14.030
14.410
14.360
14.410
14.510
14.420
14.300
14.400
14.250
14.240
14.220
14.350
14.480
14.300
14.300
14.150
14.360
14.150
14.040
14.020
13.550
13.480
13.500
13.300
13.260
13.300
13.110
12.990
13.200
13.120
13.300
13.500
13.640
13.760
12.820
12.860
12.870
