49.900
49.440
49.700
49.750
49.220
49.330
49.910
50.600
50.200
49.200
49.670
49.020
49.100
48.320
49.000
49.590
50.400
49.750
49.830
48.460
46.460
44.850
43.960
45.210
45.950
45.530
46.000
45.230
44.800
45.580
93.630
93.600
93.750
91.470
94.700
93.500
92.960
91.510
89.310
88.390
88.210
90.010
89.950
89.300
90.410
88.380
93.880
92.290
91.000
90.220
91.950
96.290
93.480
92.950
91.000
91.460
91.500
89.000
89.900
90.600
92.000
93.600
92.500
92.220
87.870
89.110
89.820
87.050
88.010
88.650
89.500
86.920
85.890
82.990
82.640
83.110
83.480
83.450
81.960
81.410
82.160
80.200
78.890
78.060
77.210
78.730
77.520
77.970
79.160
78.300
77.190
76.300
75.990
74.700
76.000
75.400
75.100
76.460
76.120
76.530
76.220
76.340
76.990
77.000
76.520
76.350
76.600
76.000
74.230
74.960
74.340
73.800
73.710
71.420
72.900
72.600
72.910
73.980
74.000
72.880
72.830
72.400
72.480
72.070
71.940
71.270
71.900
72.000
70.750
71.680
71.600
71.060
71.040
71.000
70.300
70.480
70.400
70.380
71.790
72.650
72.850
72.860
72.600
72.000
73.370
73.180
73.660
72.800
74.490
74.120
74.100
74.280
74.510
74.410
73.430
73.250
73.510
72.780
73.390
74.230
74.790
73.990
73.650
74.620
75.220
75.500
74.300
72.900
73.250
73.100
73.650
72.820
71.560
71.120
70.990
69.510
69.830
70.030
70.520
70.000
70.400
68.990
68.930
67.130
67.260
66.930
67.650
67.770
67.980
67.950
67.790
66.300
66.670
67.000
67.000
68.050
67.700
67.790
67.180
66.660
66.900
67.660
67.870
67.880
67.490
67.290
67.570
67.550
67.470
68.000
68.980
69.700
69.080
69.670
68.460
67.290
68.030
68.450
68.040
68.930
68.680
69.010
69.000
68.610
70.470
70.300
68.280
69.200
69.200
68.450
68.600
68.520
68.830
69.990
70.010
70.000
69.900
71.700
68.650
68.500
68.840
67.600
66.410
67.200
66.800
67.660
68.000
68.560
67.880
65.860
66.050
65.350
64.000
64.400
64.100
63.580
65.680
65.180
64.310
65.000
65.690
66.290
66.250
64.520
64.950
65.240
63.640
61.350
61.600
61.200
62.700
64.140
64.000
63.880
64.920
65.380
66.200
66.500
67.000
66.980
66.470
65.980
67.610
70.010
69.870
70.000
68.690
68.080
67.770
67.880
67.750
68.020
67.870
68.100
70.450
70.390
71.480
71.500
70.200
69.730
70.170
69.390
70.300
70.360
69.900
69.440
69.710
70.000
68.540
69.110
68.230
68.280
68.500
69.170
70.740
70.730
69.500
68.780
70.300
70.410
69.290
70.300
69.470
68.460
67.000
68.180
69.100
69.140
67.610
67.330
68.890
68.160
70.500
71.330
73.030
73.370
73.590
73.710
73.450
72.040
69.050
70.800
69.880
68.130
67.500
66.980
65.680
65.080
67.760
70.800
71.140
71.300
70.100
72.000
70.540
71.000
72.400
68.800
71.500
71.300
71.970
74.000
76.200
76.410
75.310
81.900
81.980
81.390
82.000
82.630
83.340
83.180
82.500
82.400
79.980
80.550
79.800
80.480
80.500
78.500
79.880
80.700
77.800
78.780
78.020
77.330
76.000
76.010
75.080
75.850
78.010
78.010
77.300
78.750
78.800
80.000
81.180
77.780
77.460
75.060
76.700
74.990
75.000
75.000
75.850
75.880
76.580
74.470
75.200
75.000
76.550
76.520
74.840
74.900
75.510
73.520
72.650
74.570
74.680
73.730
73.420
71.660
72.390
72.700
71.050
70.200
71.700
69.760
69.180
67.800
68.200
68.310
68.500
70.010
71.080
70.000
70.700
72.600
69.010
70.010
70.660
72.300
73.180
72.500
70.580
69.900
71.470
71.990
78.210
73.880
70.080
68.500
65.050
71.880
75.300
80.000
77.590
86.940
80.600
79.330
77.700
78.600
78.200
77.200
72.990
72.000
69.200
72.390
72.220
70.000
72.490
72.830
73.550
76.020
76.350
76.580
76.800
75.390
73.380
74.550
73.500
75.400
77.150
79.200
76.880
75.690
80.500
75.100
74.500
72.720
73.900
70.000
70.820
67.800
67.900
69.960
70.100
67.070
67.800
66.570
65.450
67.000
68.990
69.310
69.980
70.590
68.390
70.130
70.890
71.630
74.360
75.500
72.340
72.000
73.100
68.840
69.400
70.060
67.630
63.050
64.000
66.070
64.450
63.110
64.050
62.100
62.610
62.020
63.970
64.000
64.660
62.900
63.380
62.800
63.330
64.350
66.470
62.990
54.400
54.000
55.200
54.300
53.300
54.890
54.520
53.480
52.920
53.330
53.390
52.900
52.700
52.400
52.100
52.170
53.350
52.470
51.420
51.200
51.390
51.850
53.290
54.560
54.600
53.000
53.660
54.500
56.500
57.330
56.780
57.850
59.000
56.550
56.800
55.000
57.000
55.130
56.890
56.630
55.010
54.910
55.500
54.000
53.150
52.610
51.510
50.880
51.940
51.000
51.390
50.580
52.000
52.300
53.980
54.150
54.200
56.010
53.750
52.580
52.600
50.500
51.650
52.000
53.080
53.980
54.240
54.200
52.260
51.960
53.040
53.880
51.890
53.570
53.950
55.010
56.350
55.380
55.120
54.110
55.560
55.580
56.960
55.300
56.260
57.300
57.000
57.880
59.120
59.920
60.550
60.780
60.120
59.120
59.180
60.490
60.900
62.380
60.290
60.850
59.200
59.010
59.820
59.000
59.320
60.700
59.610
59.500
60.460
60.570
60.000
59.520
60.590
61.700
61.600
59.820
58.350
56.990
56.000
56.050
55.750
55.600
56.650
55.800
55.840
56.300
56.790
56.230
56.900
55.620
55.980
56.040
56.990
56.550
56.360
56.700
57.270
57.000
54.860
54.360
54.180
53.770
54.260
53.460
54.000
53.840
55.140
55.510
52.900
53.680
53.720
53.500
51.800
52.250
52.650
54.290
52.500
52.620
53.540
53.860
55.090
54.800
54.170
54.350
55.600
55.190
53.140
