0.300
0.660
-0.390
0.290
0.480
-0.020
-0.400
-0.120
0.060
-0.220
0.250
-0.150
0.980
0.530
-0.010
0.060
0.140
0.590
-0.240
0.110
-0.010
0.350
0.020
0.100
0.130
-0.570
-0.020
-0.120
-0.040
0.150
-0.460
-0.670
-0.280
0.150
-0.100
0.280
0.140
-0.120
0.430
-0.220
0.240
-0.490
-0.110
-0.070
0.140
0.100
-0.060
0.520
-0.130
0.000
0.210
-1.090
-0.050
-0.020
-0.800
-0.270
-0.020
0.420
-0.120
-0.080
0.120
-0.040
0.000
0.800
0.090
-0.520
0.290
-0.060
-0.200
0.040
0.180
-0.290
-0.030
0.270
-0.020
0.040
0.150
0.250
0.120
0.170
-0.480
-0.150
0.030
0.390
-0.040
0.240
-0.060
0.230
-0.040
-0.030
0.240
-0.010
0.230
0.070
-0.300
0.420
-0.220
0.080
0.180
-0.060
0.270
0.050
-0.050
0.080
-0.280
0.000
0.450
0.210
0.020
0.060
0.260
-0.040
-0.090
0.170
-0.630
-0.280
-0.310
-0.350
-0.070
0.150
-0.080
-0.040
0.240
0.210
-0.040
0.010
-0.020
-0.140
-0.130
-0.270
-0.110
0.300
-0.070
-0.010
0.210
0.090
-0.280
-0.070
-1.320
-0.370
-0.010
0.080
0.140
-0.140
-0.480
0.190
0.040
-0.420
0.250
-0.280
0.050
-0.330
0.050
-0.140
0.020
0.020
-0.360
0.160
-0.650
0.150
0.030
0.180
-0.290
0.860
-0.060
-0.310
-0.160
-0.350
0.510
0.000
0.700
0.230
-0.260
-0.160
0.090
0.280
-0.260
-0.410
0.170
0.030
-0.010
0.380
0.030
-0.290
-0.090
-0.160
-1.130
-0.230
-0.180
1.170
-0.160
-0.190
-0.450
0.880
-0.740
0.510
-0.030
0.380
0.690
-0.060
-0.300
-0.150
0.430
-0.200
0.240
0.280
-0.390
0.070
-0.110
-0.440
0.540
-0.330
0.370
0.110
0.330
0.020
-0.630
-0.040
0.020
0.250
-0.180
0.880
0.420
0.070
-0.080
-0.390
-0.180
-1.480
0.210
-0.270
-0.110
-0.320
-0.260
1.010
-0.280
0.000
-0.390
-0.330
1.130
-0.200
0.320
1.230
-0.100
0.050
0.410
-0.070
-0.340
0.320
-0.110
0.470
-0.460
-0.650
0.180
-0.880
0.230
0.100
0.060
0.890
0.290
-0.540
-0.910
-0.220
0.150
-0.310
0.020
0.090
1.470
-0.020
0.130
1.330
-0.200
0.000
0.370
-0.200
0.720
0.390
0.460
0.590
-0.080
0.380
-0.150
-0.330
-1.250
-0.130
-0.040
0.110
0.460
0.100
-0.280
-0.260
-0.260
-0.060
-0.660
1.030
0.530
0.260
-0.530
-0.190
-0.060
0.280
-0.350
0.480
0.210
-0.350
0.490
0.320
-0.270
-0.200
0.340
0.090
0.040
0.240
-0.520
0.180
-0.100
0.850
0.400
0.410
-0.220
-0.220
0.460
0.010
-0.300
-0.620
-0.280
0.280
0.170
-0.130
0.990
0.510
-0.680
0.240
-1.090
0.140
-0.100
0.470
-0.050
0.050
0.070
0.360
0.080
-0.200
0.210
-0.010
0.370
-0.080
0.370
-0.580
-0.110
-1.100
0.080
0.170
-0.500
0.020
0.380
0.110
-0.680
0.430
-0.110
0.230
-0.660
0.220
-1.240
0.470
-0.520
-1.400
-0.330
0.080
0.030
-0.550
0.000
-0.140
-0.380
0.330
0.250
-0.330
0.330
-0.140
0.360
0.090
0.540
-0.240
-0.020
-0.490
0.230
-0.390
0.370
0.030
0.110
-0.110
-1.550
-0.100
0.300
0.370
-0.410
0.250
0.380
-0.560
-0.300
0.120
-0.720
0.950
0.300
-0.030
0.200
0.300
0.220
1.000
-0.140
-0.340
-0.290
-0.140
-0.030
0.190
0.100
0.370
0.560
-1.360
-0.220
0.450
0.000
0.280
0.130
0.130
0.650
0.290
0.620
0.070
0.250
-0.410
0.190
-0.560
0.030
0.280
0.110
0.480
0.170
-0.170
1.100
-1.220
-1.350
-0.040
-0.470
0.530
0.610
0.080
0.130
-0.650
-0.260
1.070
0.630
-1.210
-1.460
-1.620
-0.900
-0.640
0.310
-1.940
0.600
-0.220
0.900
-0.690
-0.160
0.820
0.310
1.060
-0.020
1.440
-1.480
-0.010
-0.020
1.530
-1.490
-1.860
-0.650
0.840
-0.090
1.690
0.800
1.230
1.350
1.230
-1.360
-1.420
-1.670
-1.850
-2.060
1.400
-2.130
-2.370
-2.630
0.740
-1.380
-3.000
-0.740
1.630
0.100
0.320
1.190
1.460
0.160
0.030
-0.990
0.860
-0.410
1.360
0.170
1.460
0.210
-2.450
-0.780
0.730
0.220
0.930
0.710
0.740
0.330
-0.480
-1.000
0.850
0.360
0.190
0.500
0.450
-0.650
-0.670
-0.990
0.560
-0.660
1.650
-0.080
-0.160
-0.400
0.920
-0.050
0.490
0.440
1.120
0.220
-0.880
0.070
0.450
0.670
-0.600
-0.510
0.110
-0.130
0.340
0.160
1.040
0.210
0.530
0.080
-0.270
-0.450
0.130
-0.250
0.480
0.260
0.080
0.140
0.450
0.280
-0.410
-0.030
-0.380
-0.060
0.120
-0.020
-0.550
0.550
-0.010
0.500
-0.740
0.300
-0.120
0.620
0.420
-0.130
1.010
0.670
-0.090
-0.430
-0.070
0.050
0.370
0.140
-0.100
-0.290
-0.070
-0.200
1.290
-0.130
0.440
0.430
0.350
-0.850
0.190
0.140
-0.310
0.480
0.040
-0.150
-0.490
0.020
-0.130
0.960
-0.220
-0.800
-0.160
0.110
0.090
0.270
-0.790
-0.590
-0.310
0.590
-0.590
-0.210
0.210
0.090
0.110
0.640
-1.390
0.010
-0.590
0.120
0.390
1.550
-0.130
-0.270
0.130
-0.080
0.330
0.200
0.370
-0.060
-0.380
0.040
-0.140
-0.380
0.290
0.040
-0.600
0.220
0.380
-0.050
0.330
-0.110
0.250
-0.130
-0.190
0.240
0.300
-0.010
-0.030
0.020
-0.590
-0.180
0.250
-0.110
-0.430
-0.210
0.840
0.160
-0.320
0.120
-0.080
-0.040
0.270
-0.010
0.130
0.400
0.270
-0.540
0.350
0.160
-0.010
-0.930
-0.020
0.050
-0.530
0.440
0.390
-0.050
-0.180
0.060
0.040
0.660
0.320
-0.640
0.130
0.110
-0.500
-0.410
0.310
0.130
0.050
0.630
0.080
-0.590
-0.140
0.120
0.120
0.790
0.120
-0.200
0.530
1.310
-0.340
0.170
-0.290
0.050
0.210
0.270
-0.120
-0.240
0.410
0.180
0.000
0.140
-0.330
-0.080
0.480
-0.300
1.170
-0.080
-0.100
