194742.80
150202.62
138735.27
207890.88
154580.02
171581.48
268446.53
139540.45
178255.48
132717.89
199860.23
142555.02
175057.16
130801.64
176788.41
141569.12
191188.64
231244.16
262782.75
456190.38
380935.72
243708.36
307124.81
284809.66
288295.75
324456.69
477896.97
678323.75
430343.47
225724.16
383500.72
258821.95
194977.02
237257.41
197686.64
287305.44
451084.38
654620.06
264461.69
237899.30
333929.53
270336.56
295707.19
323994.66
386671.03
419055.72
546416.38
518144.72
747365.50
671030.88
670677.12
907188.25
685192.00
616527.94
693907.69
768573.56
109854.52
375292.41
633326.38
317216.09
405692.59
431367.12
369462.16
393144.75
550256.50
758207.19
91080.31
68010.87
211663.30
202857.39
373258.34
468570.50
590203.56
414682.75
289084.16
401539.81
240284.73
257443.31
370730.78
730586.19
23539.53
10372.38
9897.62
5559.45
106210.23
86098.17
94717.12
54634.35
97035.19
169293.69
102742.29
101264.03
91845.09
43843.15
68472.30
57464.55
48296.62
135537.92
65095.88
53340.87
41346.97
67991.86
56062.97
64291.59
115605.65
128625.90
72611.25
84451.34
96553.26
39210.85
33929.55
49600.10
31615.50
37988.98
52682.57
42335.44
58784.57
59320.96
61996.67
87728.59
85535.43
106141.50
57696.05
62177.70
119674.38
127956.03
105975.97
84838.81
95299.53
92428.87
164441.27
141021.41
205632.52
253301.50
55162.84
80150.53
119671.49
77963.30
67090.03
81328.16
126693.01
141572.30
64658.28
102710.80
75678.70
97927.39
103818.64
134984.88
92041.70
93736.11
85122.42
101723.55
122974.61
154785.86
239815.20
122182.08
175226.41
253518.30
242394.23
257065.38
401490.72
240302.28
129455.85
111294.82
163081.30
146025.48
231400.31
192342.94
250102.20
398677.41
463985.69
330410.97
332112.62
401809.94
345284.25
659388.62
314057.59
238674.02
53722.91
68833.13
50105.65
24528.66
33061.41
52086.00
49550.51
42299.36
43415.64
42869.15
46145.46
50780.60
68592.78
48025.00
57296.85
54723.00
66208.91
57128.62
44013.13
57288.15
61416.11
59601.52
70198.63
123111.10
104432.51
22189.00
134730.92
133919.33
69252.61
142357.84
76711.08
103409.66
122952.81
93610.45
98676.32
210010.73
149938.28
300261.91
171630.88
210673.55
159775.55
224335.56
227481.83
237547.31
328511.66
471964.50
330956.81
379976.47
249213.62
218470.66
174474.66
77043.33
95401.56
97237.26
99107.25
78183.83
141421.61
142782.19
68293.93
93288.20
111130.03
70461.75
72659.62
97015.34
147859.20
89522.70
117247.28
113854.48
138679.31
117273.70
58096.31
68646.07
120411.61
89189.23
114511.16
86546.20
116830.64
101859.07
93750.39
150803.20
109216.87
162660.11
120948.09
99920.81
115805.62
119763.39
208461.23
114712.66
106215.91
696.00
37389.78
40111.06
68929.73
76716.20
60344.86
72226.05
107352.22
61606.96
54536.15
129932.83
129765.64
101931.55
102028.48
57503.77
104713.25
186965.52
83663.57
64438.76
89415.88
69893.65
86933.65
157501.91
102245.55
144878.52
112163.93
102344.87
101113.73
125887.73
144352.34
193254.86
169852.89
164840.02
146621.38
103631.06
186885.30
175912.88
102705.39
105190.38
213882.25
123998.50
97528.18
77040.33
111220.10
118394.16
182854.73
162516.77
214120.67
235792.91
183487.41
236267.81
225681.73
201298.42
227922.56
13510.95
176326.61
156028.86
169338.72
183695.48
265602.38
246730.38
120476.70
131713.81
123671.57
130276.87
137993.00
178685.81
154736.06
167620.20
168411.72
178595.88
188607.95
154970.03
126606.83
191477.16
244444.97
275205.34
223909.12
196800.06
175523.59
189303.88
264110.97
171329.92
183062.23
246490.81
198424.69
137798.05
146792.70
124896.32
81961.23
93583.96
108084.65
123601.21
111003.67
110856.41
81041.57
71170.77
104157.94
115291.61
99096.14
131850.00
149425.69
149943.50
183048.69
167640.48
228612.80
199857.23
119143.03
157302.73
193147.88
96397.91
138675.41
180045.44
125020.33
94120.96
115179.05
121027.96
154287.20
143727.77
130184.34
92618.53
139828.14
176638.48
135581.88
124850.13
149216.80
156298.73
119479.39
100219.37
129196.05
143698.42
131260.08
156046.88
164495.81
81653.51
84228.71
85700.52
129482.65
72963.52
79958.49
112471.62
226613.11
89310.44
54875.15
52458.90
42490.12
1500.00
40486.21
39161.62
43483.38
27609.57
35868.26
22990.65
22278.08
37934.69
48792.02
50201.20
36466.41
36046.40
42910.96
74353.78
155719.09
96109.33
74130.44
61329.52
61429.72
56894.45
65581.17
95115.26
52666.93
67941.91
120276.78
46814.01
87956.44
99963.91
147955.45
269068.22
104998.72
140290.84
138465.56
270186.69
181461.59
247213.53
161358.59
54411.24
67440.18
102336.87
101638.24
59868.98
83439.75
153322.86
150037.45
92168.93
93398.07
103338.02
182101.02
92925.18
143492.28
120357.17
118204.25
86783.22
94669.07
110699.13
168406.25
234895.48
96970.44
135507.81
33606.47
37808.68
36365.37
44074.75
46524.28
37563.25
40407.91
41124.59
92207.28
75614.25
88097.94
72688.17
81032.12
96427.21
201339.12
95925.85
95566.88
88815.41
57153.57
56472.70
33282.24
66676.54
93665.45
78140.01
81071.48
78750.80
87156.75
75411.77
79824.98
108559.73
76423.52
115525.81
128720.13
108195.77
82766.45
94941.74
106304.28
89822.85
55538.62
53545.47
56472.35
57527.47
77634.73
113465.09
104952.49
84166.20
125900.60
145010.17
87378.49
67131.53
91776.55
75370.22
74087.37
84576.59
32748.58
38265.24
46650.04
79969.18
83566.22
148988.44
71604.67
112959.29
79246.13
80224.08
77735.65
109831.00
133194.41
123816.05
134235.91
175761.77
319308.47
598337.44
219521.05
142778.30
81316.65
72718.33
63857.34
73924.83
117567.28
60633.12
57014.33
59455.62
55473.32
56835.30
54234.13
84094.32
83312.81
96911.96
151296.59
380864.38
249074.88
