11.520
11.400
11.440
11.300
11.260
11.250
11.230
11.430
11.430
11.220
11.380
11.440
11.490
11.410
11.270
11.070
11.040
10.710
10.780
10.940
11.120
11.030
10.970
10.770
10.710
11.210
12.300
12.610
12.550
12.100
13.110
13.480
13.280
13.210
13.510
14.180
14.220
14.220
13.740
14.170
13.970
13.820
13.700
13.940
14.020
13.650
13.340
12.930
13.360
13.210
13.200
13.510
13.380
13.200
14.050
14.290
14.530
14.850
14.550
14.480
14.500
14.690
14.630
14.540
14.450
14.560
15.110
15.500
15.400
15.420
15.380
15.550
15.680
15.770
15.880
15.770
15.720
15.730
15.610
15.800
15.830
16.010
16.160
15.920
15.510
15.790
16.000
16.010
16.160
16.230
16.050
15.580
15.450
15.370
15.500
15.590
15.860
16.010
15.990
15.960
15.980
15.850
16.050
16.110
16.020
16.240
16.110
16.000
15.780
15.500
15.160
15.250
15.030
14.770
14.810
15.670
16.500
17.070
17.480
17.480
17.820
18.000
18.100
17.780
17.730
18.200
17.610
17.310
16.880
17.460
18.100
17.910
17.780
18.080
18.020
17.820
17.800
17.780
18.400
20.010
20.500
20.210
20.060
20.020
20.910
21.510
21.440
22.510
22.500
22.010
21.310
21.300
21.370
21.360
21.340
21.280
21.300
21.090
20.880
20.940
21.080
21.020
21.460
21.500
21.450
21.400
21.410
21.640
21.730
21.890
22.220
21.800
21.620
22.220
22.340
21.900
21.910
21.550
21.810
21.700
21.880
21.500
22.200
22.870
22.750
23.000
22.600
22.470
22.800
22.480
22.640
23.390
22.040
22.820
22.300
22.320
22.450
22.090
23.140
23.110
23.500
23.200
23.600
23.560
23.310
23.100
24.100
23.480
23.150
23.210
22.650
22.730
22.810
22.080
22.020
22.490
22.420
21.830
21.810
22.290
22.210
22.000
21.020
22.010
22.160
22.110
22.010
23.510
22.940
23.470
24.220
24.690
23.850
23.560
24.080
25.010
24.990
25.620
25.750
26.000
26.500
26.400
25.800
25.220
24.390
25.010
24.750
23.600
22.750
21.900
23.270
23.800
23.840
24.300
23.750
24.680
24.200
22.220
21.010
20.000
20.850
18.800
18.090
17.390
17.000
18.510
19.060
18.840
17.920
18.000
17.810
17.910
17.610
17.510
17.650
18.120
17.510
17.300
16.000
15.770
15.550
15.450
15.700
16.280
16.000
16.390
16.600
16.210
16.110
16.430
16.180
15.900
16.320
15.910
16.800
17.520
17.310
16.880
16.280
15.820
15.800
16.350
15.820
15.410
15.430
15.350
15.510
16.500
16.500
17.000
17.110
14.620
14.800
14.990
14.250
14.990
13.810
13.430
13.200
13.350
13.110
12.990
12.320
12.830
12.790
12.210
12.380
12.180
12.010
12.100
12.400
13.500
13.730
12.710
12.980
12.900
12.650
11.900
12.500
12.570
12.960
13.000
13.010
13.000
14.100
15.180
14.300
15.200
16.600
16.940
16.000
16.500
17.850
17.760
17.790
18.150
17.940
17.860
17.750
17.420
17.300
16.550
16.680
16.930
16.920
17.500
17.890
18.210
18.410
17.500
17.280
16.880
17.640
19.080
19.700
19.690
19.400
18.150
17.490
16.660
16.800
16.600
16.810
16.660
17.210
16.510
16.740
16.000
15.130
14.780
14.380
14.300
14.810
14.680
14.800
14.050
14.820
14.300
13.630
14.150
14.920
15.060
15.500
14.980
14.950
15.280
14.570
14.120
13.710
12.840
12.600
12.510
12.400
11.840
12.410
12.400
12.400
11.810
11.800
11.950
11.250
11.250
12.500
13.510
13.000
12.770
11.290
11.300
11.400
12.670
13.900
13.450
12.030
12.000
13.210
14.680
16.300
18.000
17.520
19.090
19.010
19.210
17.810
17.880
18.520
17.950
17.390
16.320
16.900
16.200
16.960
18.250
18.920
16.440
15.020
16.150
16.830
16.450
15.500
13.700
13.670
12.860
11.650
12.280
11.980
10.890
11.720
12.880
14.310
15.690
14.850
15.550
17.280
18.170
18.940
16.580
18.280
20.200
19.620
20.100
21.900
23.020
22.360
21.670
22.800
22.770
22.370
20.610
22.000
22.850
22.650
20.210
19.770
18.700
18.400
17.990
17.480
17.000
17.210
16.960
16.660
17.020
16.700
16.550
16.100
15.690
15.160
14.600
15.510
16.000
16.900
16.600
16.390
16.650
17.150
16.880
17.480
17.410
16.510
16.510
17.450
16.000
17.330
15.820
14.720
14.170
13.630
14.260
14.220
14.240
14.100
13.860
13.670
13.630
13.600
13.780
13.020
12.710
13.180
12.780
12.540
11.800
10.850
10.620
10.310
10.220
10.400
10.310
10.050
10.260
10.300
10.540
10.300
10.180
10.120
9.980
10.000
10.270
10.180
10.100
9.960
9.700
9.420
9.260
9.200
9.280
9.510
9.720
9.630
9.500
9.730
9.720
9.700
10.150
9.480
10.120
10.130
9.400
8.860
8.820
9.120
9.090
9.060
9.020
9.030
9.300
9.200
9.280
9.180
8.930
8.910
8.920
9.160
9.260
9.360
9.330
9.330
9.250
9.710
9.840
9.800
10.100
9.960
10.050
9.600
9.250
9.500
9.460
9.570
10.160
9.950
10.080
9.850
9.950
9.950
10.000
9.900
9.820
9.700
9.700
9.680
9.500
9.380
9.460
9.800
10.040
9.870
9.730
9.770
9.600
9.420
9.430
9.520
9.400
9.540
9.330
9.200
9.150
9.800
9.780
10.130
10.250
10.200
10.040
10.480
10.370
10.390
10.520
10.630
10.700
10.750
10.930
10.880
10.320
10.250
9.790
9.600
9.600
9.770
9.540
9.410
9.610
9.710
9.690
9.720
9.970
9.880
9.700
9.620
9.490
9.320
9.150
8.980
9.230
9.600
9.400
9.230
9.100
9.020
9.200
9.150
9.060
8.960
8.980
9.000
9.150
9.150
9.020
9.480
8.990
9.040
8.810
8.830
8.570
8.410
8.320
8.360
8.580
8.630
8.580
8.500
8.680
8.610
8.480
8.320
8.700
8.710
9.030
8.950
