7.660
7.680
7.690
7.560
7.540
7.840
7.690
7.810
7.990
7.630
7.650
7.620
7.490
7.530
7.580
7.530
7.630
7.850
8.060
7.950
8.090
7.600
7.330
7.380
7.100
7.200
7.410
6.900
6.950
6.770
7.180
7.380
7.350
7.280
7.420
7.370
7.480
7.730
7.750
7.880
7.380
7.520
7.690
7.750
7.830
7.930
7.780
7.700
7.750
7.800
8.000
8.030
8.050
8.080
8.150
8.000
8.460
8.780
8.990
8.340
8.290
8.280
8.010
8.090
7.870
8.010
8.100
8.060
8.070
8.010
8.150
8.070
8.140
8.140
8.330
8.170
8.210
8.690
8.080
8.270
8.400
8.350
8.250
7.990
7.960
8.000
8.020
7.980
8.000
8.100
8.400
8.020
8.120
7.960
8.090
8.150
8.260
8.440
8.180
8.170
8.180
8.580
8.030
7.300
7.270
7.290
7.250
7.320
7.390
7.280
7.150
7.170
7.230
7.520
7.930
7.930
7.470
7.590
7.670
7.760
8.060
7.730
7.610
7.630
7.680
7.770
7.930
7.840
8.000
8.100
8.090
8.150
8.240
8.360
8.170
8.310
8.460
8.880
8.940
8.940
9.090
8.950
9.050
9.550
9.850
10.300
9.920
9.900
9.690
9.770
9.970
9.960
10.100
10.430
10.290
10.220
10.490
10.440
10.500
11.090
11.000
10.660
10.540
11.790
11.610
12.180
9.980
9.390
9.550
9.260
8.930
9.040
9.480
9.100
8.830
9.000
9.190
9.200
9.350
9.450
9.330
9.830
9.730
9.880
9.870
9.700
10.290
10.600
9.820
9.900
9.830
10.000
10.250
10.500
10.790
10.680
10.450
10.370
10.390
10.870
11.100
11.240
10.490
10.440
10.570
10.820
11.320
11.950
11.900
11.730
12.780
12.990
12.000
10.910
9.920
9.480
9.650
10.150
9.700
8.820
8.020
7.440
7.120
6.790
6.900
6.790
7.200
7.790
7.460
7.570
7.480
6.930
6.700
6.880
6.350
6.200
6.230
6.270
6.400
6.360
6.270
6.430
6.460
5.940
5.930
5.850
5.920
6.030
6.030
6.190
6.290
6.450
6.050
5.530
5.550
5.720
5.760
5.970
5.950
5.840
5.830
5.950
5.830
5.660
5.740
5.850
5.980
6.110
6.080
6.230
6.120
6.390
6.190
5.960
6.280
6.090
5.540
5.040
4.880
4.980
4.960
4.750
4.770
4.530
4.740
4.760
4.640
4.730
4.630
4.680
4.340
4.140
4.030
4.090
4.110
4.170
3.940
3.690
3.560
3.600
3.730
4.050
4.110
4.110
4.230
4.460
4.240
4.120
4.260
4.290
4.540
4.540
4.910
5.350
5.580
5.710
5.700
6.410
6.670
6.490
6.610
7.050
7.180
6.800
6.780
6.160
5.640
5.780
5.850
5.620
5.630
5.490
5.690
5.820
5.910
5.800
5.390
5.460
5.520
5.500
5.690
5.440
5.800
6.140
6.150
5.990
5.940
5.480
5.370
5.620
5.640
5.550
5.370
5.340
5.150
5.200
4.990
4.910
4.970
4.880
4.710
4.820
5.150
4.800
4.950
4.950
5.300
4.820
4.430
4.650
4.600
4.660
4.660
4.550
4.430
4.490
4.360
4.140
4.100
3.990
3.970
3.940
4.000
4.100
4.150
4.090
4.210
4.060
4.020
4.170
4.150
4.080
4.700
4.710
4.740
4.850
4.650
4.570
4.660
5.040
5.480
5.200
4.800
4.960
4.800
5.320
6.060
6.340
6.060
6.710
6.420
6.360
6.250
5.980
6.050
5.780
5.390
5.300
5.520
5.450
5.510
5.850
5.700
5.550
5.500
6.210
6.450
6.400
6.420
6.090
5.940
5.790
5.500
5.580
5.070
4.700
6.240
6.110
7.250
7.790
7.840
8.280
8.470
9.150
8.350
8.490
9.150
9.860
9.660
10.170
10.600
10.500
10.350
10.350
10.200
11.030
10.620
9.650
8.870
8.440
8.200
7.990
8.480
8.410
8.400
8.320
8.150
8.000
7.800
7.700
7.090
6.870
6.890
6.730
6.710
6.370
6.350
6.780
7.060
7.150
7.120
7.040
7.390
7.700
7.100
7.160
6.920
6.750
6.870
6.590
6.670
7.040
7.300
6.980
6.890
7.000
7.000
6.860
6.750
6.840
6.820
7.150
6.940
6.600
6.380
6.650
6.790
6.940
6.640
6.640
6.590
6.250
6.150
6.200
6.120
6.160
6.300
5.970
6.000
6.220
6.120
5.850
5.390
4.970
4.970
5.130
4.990
4.990
5.140
4.890
4.850
4.750
4.600
4.490
4.630
4.930
4.860
4.690
4.860
4.970
4.630
4.400
4.550
4.340
4.240
4.190
4.200
4.080
4.090
4.050
4.050
4.040
4.030
4.250
4.340
4.360
4.350
4.370
4.570
4.350
4.290
4.380
4.190
4.170
4.250
4.080
4.120
4.110
4.280
4.350
4.270
4.180
4.200
4.140
4.060
4.250
4.130
4.300
4.280
4.420
4.240
4.280
4.410
4.380
4.500
4.700
4.270
3.930
3.960
3.990
4.020
4.020
3.970
4.000
4.040
4.250
4.290
4.320
4.200
4.180
4.280
4.330
4.280
4.140
4.110
4.050
3.900
4.020
4.060
4.040
4.180
4.230
4.190
4.330
4.560
4.750
4.470
4.060
3.710
3.580
3.540
3.660
3.540
3.580
3.420
3.380
3.430
3.480
3.570
3.560
3.700
3.410
3.130
3.100
3.030
3.000
2.960
2.970
2.940
2.930
2.900
2.870
2.870
2.900
2.920
2.940
2.960
2.990
2.980
2.960
3.010
3.030
2.910
2.890
2.880
2.880
2.870
2.920
2.950
2.940
2.950
3.020
3.030
2.920
2.910
2.890
2.900
2.890
2.830
2.780
2.740
2.760
2.890
2.810
2.810
2.820
2.780
2.630
2.650
2.660
