7.640
7.620
7.590
7.590
7.570
7.640
7.610
7.590
7.350
7.380
7.510
7.480
7.470
7.380
7.430
7.290
7.300
7.150
7.330
7.390
7.480
7.350
7.330
7.260
7.110
7.220
7.340
7.210
7.030
7.030
7.230
7.370
7.360
7.240
7.290
7.140
7.170
7.240
7.390
7.620
7.520
7.830
7.900
7.860
7.860
7.910
7.840
8.000
8.030
8.000
8.220
8.300
8.340
8.480
8.630
8.840
8.910
8.960
9.110
8.930
8.800
8.800
8.880
8.650
8.630
8.620
8.730
8.760
8.840
8.680
8.680
8.790
8.940
8.980
9.030
8.900
8.950
9.050
9.020
9.070
9.180
9.290
9.200
9.160
9.100
9.100
9.060
9.090
9.200
9.130
9.250
9.180
9.180
9.040
9.140
9.070
9.180
9.250
9.190
9.270
9.250
8.870
8.920
8.880
8.890
8.840
8.860
8.840
8.880
8.600
8.610
8.650
8.500
8.930
9.110
9.340
9.470
9.550
9.540
9.480
9.450
9.440
9.410
9.300
9.240
9.320
9.370
9.330
9.520
9.430
9.400
9.400
9.450
9.350
9.290
9.410
9.360
9.770
9.870
10.090
9.800
9.820
9.710
10.080
10.020
10.060
10.250
10.320
10.410
10.800
10.400
10.170
10.060
10.220
10.180
10.300
10.310
10.310
10.330
10.070
10.200
10.140
10.130
10.200
10.160
10.260
10.300
10.510
10.440
10.370
10.320
10.360
10.350
10.500
10.340
10.550
10.530
10.570
10.290
10.400
10.170
10.200
10.160
10.380
10.350
10.330
10.020
10.030
9.960
9.670
9.560
9.580
9.580
9.660
9.930
9.930
9.920
9.790
9.740
9.860
9.950
9.900
10.000
9.970
9.910
9.990
9.990
9.980
10.200
10.200
10.200
10.280
10.210
10.000
9.850
10.070
10.120
10.050
9.890
10.030
9.980
10.050
10.000
10.170
10.570
10.540
11.230
10.770
10.720
10.750
10.720
10.920
10.840
10.960
11.140
11.150
10.990
10.880
10.850
10.880
11.260
11.390
11.280
10.750
10.900
10.930
11.190
10.980
10.620
10.600
10.900
10.640
11.040
11.140
10.480
10.370
9.630
9.650
10.390
10.710
10.680
10.590
10.590
10.300
10.500
9.600
9.570
9.700
9.660
9.800
9.810
9.710
9.470
9.610
10.010
9.910
9.780
9.800
9.770
9.820
9.600
10.000
10.690
10.610
10.540
10.200
10.010
10.260
10.370
10.090
10.190
10.140
10.230
10.890
10.870
10.580
10.780
10.590
10.570
10.690
10.590
10.240
10.700
10.200
10.050
10.210
10.360
9.800
9.920
10.500
9.390
9.680
9.610
9.690
9.680
9.050
8.660
8.820
8.890
8.470
8.380
8.630
8.600
8.840
8.670
9.030
8.970
8.440
8.350
9.110
9.320
10.200
10.050
10.240
10.180
10.030
10.010
9.700
9.100
8.780
9.450
9.210
9.050
8.910
9.150
8.940
8.800
9.490
10.260
10.450
10.220
10.400
10.880
10.470
10.200
10.220
9.210
10.000
9.990
10.690
11.160
11.850
11.860
11.660
13.900
14.100
14.050
13.890
14.280
14.210
14.400
14.790
14.700
14.460
14.600
14.210
14.130
13.760
13.400
14.090
14.000
14.150
14.490
14.630
14.950
14.170
14.400
14.570
15.000
16.300
17.050
16.800
16.580
17.080
17.300
16.720
16.990
17.310
15.730
16.500
15.990
15.660
15.990
16.490
15.350
14.400
13.700
14.800
14.900
15.480
14.960
15.110
15.190
14.540
13.960
13.130
14.400
14.500
13.800
13.680
13.080
13.370
12.940
12.020
11.500
11.290
10.900
10.890
10.290
10.100
11.300
10.310
10.270
10.470
9.480
9.750
9.900
9.340
9.580
11.650
11.430
11.490
11.190
10.400
11.250
10.870
12.900
12.990
12.110
12.320
12.580
13.980
15.530
19.250
20.200
23.010
23.610
23.900
26.370
28.000
27.950
27.790
25.800
26.190
26.190
26.150
26.100
27.250
27.650
25.210
26.090
26.600
26.000
25.000
28.100
29.030
29.910
28.420
28.890
28.700
29.300
29.450
27.200
25.750
25.380
25.100
24.400
24.000
23.080
23.450
22.100
23.900
25.600
23.500
22.100
24.110
20.800
18.800
19.200
19.190
18.420
19.370
19.540
19.180
18.610
18.700
16.550
16.400
17.200
17.950
19.000
17.120
16.320
15.180
15.740
15.800
15.770
14.990
15.100
15.050
15.370
15.000
14.150
13.200
12.670
12.130
11.010
10.560
10.670
10.600
10.950
10.920
10.400
10.600
10.540
10.360
10.470
10.840
10.900
10.510
10.460
10.710
10.850
10.700
10.800
9.950
10.230
9.980
10.290
9.140
9.040
9.030
9.180
9.400
9.310
9.010
9.270
8.900
8.580
8.300
8.700
9.100
8.860
8.990
8.820
8.430
8.390
8.520
8.680
8.330
8.000
7.870
8.370
8.720
8.850
8.880
8.750
8.700
9.500
9.710
9.850
10.160
10.300
10.130
10.200
9.480
9.200
9.900
9.740
9.970
9.850
9.720
9.510
10.050
10.430
10.000
9.800
9.460
9.400
8.940
8.960
9.020
8.720
8.400
8.430
8.710
8.560
9.260
9.300
9.550
9.250
9.410
8.950
8.910
8.750
9.030
8.160
7.850
7.600
7.740
7.620
7.400
7.400
7.130
7.430
7.520
7.590
7.650
7.820
7.800
8.010
7.800
7.780
7.870
8.000
7.700
7.410
7.250
7.310
7.300
7.270
7.450
8.190
8.090
7.960
7.880
7.800
7.850
8.000
7.600
7.470
6.100
5.700
5.650
5.580
5.600
5.300
5.450
5.470
5.470
5.290
5.270
5.110
4.960
5.070
5.030
5.050
5.020
4.990
4.980
4.960
5.000
4.900
4.960
4.880
4.900
4.840
4.820
4.760
4.760
4.870
4.940
4.870
4.890
4.900
5.040
5.070
4.910
4.890
4.840
4.880
4.790
