36000.81
33784.76
16523.10
17934.83
29164.55
18915.63
15382.87
23120.56
42020.62
67702.81
54563.83
39782.85
40654.30
27166.22
26149.58
61605.23
20747.55
33774.43
60914.34
44509.02
101751.36
139890.25
40989.08
53416.33
45314.00
45758.28
55157.21
50727.97
40095.11
45622.39
103516.92
38918.06
28902.08
41591.47
61328.92
52580.58
70612.72
43878.92
44824.95
31906.35
29191.95
30014.46
38819.76
33706.92
30396.17
23392.30
43644.76
50918.96
46866.11
23800.39
47673.42
64254.17
55548.44
62391.33
35958.71
42233.47
60292.31
42645.46
41928.32
49299.02
57491.93
36357.11
52262.30
44648.24
36324.18
62066.08
45232.81
42567.94
52514.62
56713.86
55915.68
57922.30
37152.93
50964.71
62713.38
55038.56
71708.84
52671.44
48158.82
36921.62
55645.10
57454.10
55735.99
116559.47
58690.65
76064.74
101742.24
124324.73
130427.32
83044.00
72124.52
57728.38
64338.73
44852.75
70840.23
55268.76
111809.89
56094.22
53368.43
65245.89
88482.73
62505.31
60564.26
60466.97
42821.41
23.00
58894.82
41379.83
51531.01
61241.00
66579.22
53421.51
73177.05
95300.91
122564.50
117652.35
134865.56
123462.15
133071.30
164705.92
202015.45
279972.28
525049.69
288526.72
30380.09
31937.30
63876.18
57977.64
79882.51
65047.94
84461.97
52740.08
69010.63
77292.68
36137.00
37922.87
42451.85
64898.24
41123.64
48861.07
36216.33
31422.15
50535.86
71440.47
41346.53
37733.07
50855.14
58685.02
40366.46
94608.35
79078.01
80652.00
90315.71
114644.78
99140.83
67334.34
61321.86
61812.80
65985.93
53831.21
71712.11
139049.81
93236.16
70694.63
96230.62
181735.03
154221.27
76243.68
89734.94
95664.73
99749.62
119967.31
161953.16
109808.74
161024.27
164091.72
170783.22
364522.81
10797.83
49383.09
111323.69
102310.05
100264.62
138392.03
144543.03
25716.00
137132.88
164150.38
112483.46
63107.34
82755.00
67344.12
111791.71
107891.79
111497.09
121790.44
98456.56
100525.30
138024.83
169335.23
146459.08
99867.50
105367.48
114430.68
114489.19
104999.53
120963.45
204983.95
130171.25
135179.20
202994.30
169358.05
201172.92
186327.48
184346.06
165647.86
214412.52
308752.47
205593.75
164796.86
256398.75
463634.38
161666.59
156922.78
189517.88
210548.73
279722.50
296857.50
256323.84
262443.62
333561.47
380322.81
246522.69
182856.00
135168.81
224736.31
320317.69
228709.19
211352.02
146409.62
270962.28
259075.06
188209.80
250989.41
171398.70
160603.95
177415.97
280674.50
275210.19
263753.41
2331.00
81450.64
130795.77
95987.67
127372.74
150555.94
112254.94
174291.06
173222.73
110594.67
192843.33
183716.14
165436.38
248754.59
158041.84
199953.36
256795.44
194364.88
243844.19
314348.69
328208.03
376350.78
190162.77
157457.95
201790.69
211603.59
139566.59
143504.31
148670.92
245395.05
231298.97
173889.91
209572.16
219164.19
170405.41
224084.95
208384.27
195134.22
122856.28
210203.80
201923.91
180595.30
207853.94
372767.47
345486.97
452001.84
626778.00
325518.31
285258.78
486324.94
467148.53
552283.31
275650.56
294799.38
499842.78
4103.20
8321.17
143968.86
314349.91
289726.06
217947.64
191857.95
247887.66
218081.64
247026.09
165970.70
173625.14
148212.14
176161.39
215231.56
275314.09
387870.91
271744.44
379321.94
330283.94
414900.03
248364.53
358355.62
371934.62
243552.56
268143.97
328056.00
253769.16
239361.12
342815.16
350211.25
303720.28
267095.34
272743.88
312752.81
296449.22
202276.56
266390.88
209509.70
320918.03
275739.56
185008.80
116721.31
105017.82
114136.19
73746.04
105417.69
119555.63
100630.55
62628.18
111962.63
119432.54
164034.69
134487.16
145147.78
97724.70
83464.74
94388.71
77636.72
88796.85
98462.53
90091.93
89553.40
117656.02
173513.14
166812.16
119747.68
150341.53
139943.27
133673.53
104381.68
133787.98
97196.68
142361.70
171332.22
176373.16
242228.59
374931.78
267820.06
174161.25
146776.14
60662.85
71516.25
83033.33
96082.49
50436.53
58905.82
103519.35
120727.61
100188.91
108794.33
96516.35
58036.78
75627.46
7991.50
168841.52
10533.07
55869.57
57339.52
59522.80
64034.09
31153.84
34834.01
49686.73
42860.65
31603.62
33250.25
38300.41
37447.97
30011.28
59025.52
41908.78
39975.81
24648.17
28395.42
20774.72
45483.53
28820.69
30831.51
22242.34
28819.22
24055.75
29603.82
35169.33
38932.45
30861.04
26730.52
16695.62
21004.48
35826.02
18717.52
20080.24
21444.40
40754.42
37074.37
29535.83
60954.93
48324.59
44897.60
76756.96
62444.25
108748.39
192486.88
39624.83
55638.47
55779.69
40174.26
53297.00
68639.36
27822.56
28987.72
59311.68
40838.17
44691.93
98062.23
89624.73
48478.69
46623.01
60162.83
86172.58
46070.62
29962.77
19721.10
23213.98
34769.51
57494.87
62749.96
50030.27
71754.02
61742.92
123544.10
99517.45
54427.85
49597.55
32990.46
36639.58
37930.51
23312.18
46041.41
40198.42
59981.96
18929.99
32133.93
35613.11
30787.49
28008.94
28420.17
15803.80
33915.41
28883.36
21047.31
14508.94
18789.12
24968.98
40198.19
45611.49
67681.72
142050.38
