6.000
6.050
5.990
6.000
5.960
5.960
5.910
5.920
5.910
5.800
5.790
5.930
5.930
5.990
5.940
5.950
5.940
6.030
6.050
6.060
5.810
5.890
5.590
5.610
5.570
5.450
5.650
5.570
5.460
5.420
5.380
5.570
5.650
5.660
5.690
5.680
5.560
5.540
5.630
5.590
5.870
5.950
6.050
6.150
6.080
6.160
6.110
6.080
6.030
6.020
6.020
6.240
6.170
6.370
6.640
6.710
6.810
6.800
6.830
6.990
6.800
6.780
6.590
6.540
6.380
6.340
6.550
6.670
6.610
6.650
6.520
6.580
6.580
6.470
6.590
6.680
6.610
6.650
6.590
6.600
6.670
6.820
6.940
6.970
6.960
7.040
6.910
6.900
6.940
7.000
7.050
7.030
7.030
6.810
6.830
6.600
6.550
6.610
6.640
6.720
6.670
6.590
6.490
6.500
6.400
6.400
6.400
6.440
6.380
6.350
6.170
6.110
6.130
6.140
6.060
6.420
6.520
6.580
6.700
6.710
6.700
6.770
6.790
6.760
6.700
6.830
6.760
6.890
6.850
6.800
6.630
6.650
6.670
6.560
6.490
6.460
6.410
6.540
6.590
7.040
7.110
7.200
7.170
7.150
7.210
7.490
7.270
7.340
7.340
7.300
7.250
7.270
7.340
7.320
7.260
7.340
7.400
7.450
7.400
7.390
7.280
7.220
7.290
7.280
7.210
7.280
7.260
7.870
7.780
7.600
7.590
7.580
7.570
7.520
7.580
7.790
7.680
7.970
7.870
7.710
7.800
7.680
7.350
7.200
7.200
7.260
7.580
7.910
7.670
7.630
7.640
7.370
7.530
8.030
7.900
7.860
7.880
8.050
7.870
7.510
7.750
7.230
7.250
7.420
7.530
7.590
7.540
7.520
7.280
7.110
7.290
7.320
6.950
6.700
6.760
6.500
6.480
6.290
6.460
6.260
6.390
6.600
6.620
6.530
6.450
6.460
6.380
6.190
6.130
6.070
6.060
6.020
6.000
6.060
6.150
6.080
6.050
6.010
5.850
5.920
5.910
6.000
5.960
5.820
5.890
5.950
5.820
6.000
6.110
6.090
5.680
5.470
5.510
5.600
5.460
5.470
5.550
5.550
5.580
5.470
5.290
5.310
5.330
5.270
5.220
5.330
5.290
5.260
5.310
5.440
5.400
5.340
5.380
5.380
5.380
5.410
5.610
5.910
5.910
5.950
5.710
8.100
8.270
8.340
8.340
8.150
7.700
7.690
8.060
8.070
8.230
8.220
8.180
8.080
8.170
7.800
7.960
8.160
8.190
7.940
7.880
7.830
7.600
7.770
7.640
7.600
7.690
7.620
7.610
7.460
7.170
6.970
7.050
7.080
6.810
6.950
7.050
7.220
7.220
7.050
7.330
7.130
6.750
6.600
7.200
7.130
7.790
7.690
7.750
7.490
7.520
7.640
7.400
7.130
7.270
7.440
7.300
7.300
7.140
7.160
6.850
7.190
7.020
7.660
7.310
7.090
7.350
7.440
7.060
7.000
7.350
7.140
7.350
7.300
8.100
7.980
8.820
8.620
8.800
9.700
9.860
9.850
9.760
9.900
9.820
10.000
10.070
10.120
9.940
10.140
9.450
9.470
9.500
8.880
9.020
9.130
9.080
9.480
9.540
9.670
9.390
9.550
9.310
9.430
10.420
10.710
10.680
10.330
10.500
10.600
10.340
10.680
11.190
11.020
10.750
10.410
10.320
10.200
10.170
9.920
9.990
9.080
9.190
9.940
10.250
9.850
10.160
10.400
10.490
10.180
9.750
10.590
10.710
10.450
10.700
10.350
9.410
8.550
7.770
7.600
7.250
7.160
7.200
7.180
7.080
7.650
7.620
7.680
7.340
6.670
6.460
6.560
6.000
6.370
7.080
6.970
7.090
6.700
6.250
6.150
6.700
7.170
7.660
6.960
6.540
7.270
8.080
8.980
9.690
10.480
10.480
11.640
11.770
11.830
11.620
11.720
11.720
10.650
10.470
10.530
10.080
9.270
9.330
10.090
10.990
9.990
9.080
8.250
7.500
8.330
9.260
10.290
11.430
10.940
12.150
13.500
14.440
13.920
14.840
15.870
15.660
15.400
14.760
14.990
14.920
14.890
13.870
14.360
13.690
13.000
13.290
12.880
11.710
10.950
10.920
11.900
12.170
11.870
11.630
11.130
10.820
10.150
9.870
9.870
10.280
10.570
10.500
10.160
9.750
9.110
9.940
10.450
11.350
10.900
9.910
10.000
10.280
10.030
9.960
10.170
10.040
9.660
10.200
9.400
9.550
9.110
8.630
8.250
7.580
7.730
7.910
7.700
7.630
7.400
7.300
7.510
7.260
7.000
6.910
6.970
7.100
6.950
6.940
7.020
6.500
6.470
6.260
6.200
6.240
6.240
6.130
6.110
6.120
6.230
6.090
6.120
6.100
6.150
5.870
5.880
5.880
5.880
5.780
5.650
5.540
5.570
5.540
5.390
5.560
5.700
5.730
5.650
5.810
5.850
5.890
5.970
5.910
5.660
5.750
5.710
5.520
5.340
5.780
5.700
5.570
5.660
5.520
5.800
5.890
6.060
6.220
6.080
6.030
6.030
6.320
6.280
6.400
5.960
5.720
6.080
6.530
5.940
5.400
5.470
5.590
5.430
5.220
5.030
4.870
5.150
5.090
5.300
5.240
5.190
5.140
5.240
5.180
5.190
5.250
5.160
5.130
5.080
5.100
5.100
5.050
4.940
4.950
5.050
4.950
5.190
5.200
5.360
5.090
5.150
5.140
4.970
4.980
4.960
4.930
4.850
4.720
4.620
4.780
4.970
5.010
4.990
5.120
5.110
5.090
5.160
5.120
5.180
5.230
5.150
5.180
5.080
5.000
5.030
4.960
4.920
4.990
4.900
4.880
4.930
5.110
5.060
5.020
5.070
4.960
4.950
4.990
4.960
4.920
4.900
4.910
4.760
4.810
4.790
4.800
4.940
5.040
5.100
5.150
5.250
4.910
4.460
4.440
4.460
4.400
4.360
4.340
4.510
4.470
4.490
4.430
4.380
4.360
4.370
4.250
4.210
4.190
4.260
4.330
4.250
4.200
4.220
4.330
4.570
4.150
3.770
3.700
3.670
3.770
