0.380
-0.440
0.190
0.150
0.000
0.030
0.100
0.030
0.480
0.230
-0.090
-0.040
-0.310
0.030
0.470
-0.030
-0.150
0.150
0.330
0.100
0.230
0.290
0.080
0.110
0.250
-0.360
-0.150
-0.520
0.350
0.000
0.040
-0.270
-0.130
0.350
0.370
-0.090
0.460
-0.010
0.010
0.010
-0.160
-0.110
0.090
-0.070
-0.100
0.320
-0.180
0.120
0.240
-0.170
-0.120
-0.060
-0.120
-0.110
0.080
0.060
-0.010
0.250
-0.140
-0.140
0.250
0.340
0.310
-0.170
-0.190
-0.110
0.660
0.340
0.450
0.180
-0.250
0.040
-0.010
-0.090
-0.060
0.200
0.100
0.160
-0.080
-0.060
-0.060
-0.020
0.080
-0.050
0.000
0.020
0.000
-0.160
0.040
-0.070
0.000
0.150
0.020
-0.020
0.040
-0.030
0.140
-0.040
-0.020
0.380
-0.040
0.010
-0.070
0.080
0.000
0.050
0.040
-0.040
0.050
0.100
0.090
0.020
0.130
-0.450
-0.260
-0.200
-0.110
0.090
-0.330
0.010
-0.010
-0.050
0.140
0.240
0.060
-0.090
-0.060
0.000
-0.150
0.260
0.560
-0.050
-0.040
0.060
0.050
-0.140
0.110
-0.590
-0.210
-0.110
0.010
-0.020
-0.130
0.000
-0.020
0.120
-0.190
-0.050
0.080
-0.210
-0.020
0.040
-0.110
0.040
0.040
0.040
0.000
-0.040
-0.090
0.090
-0.110
0.200
-0.060
0.060
-0.020
-0.180
-0.150
-0.290
0.400
-0.150
0.250
-0.270
-0.100
-0.040
0.110
-0.290
0.060
-0.350
0.670
-0.150
0.200
-0.290
0.460
-0.030
0.130
0.160
-0.130
-0.110
0.210
-0.140
0.050
-0.090
0.090
-0.240
-0.260
0.000
0.100
-0.130
-0.150
-0.200
-0.390
-0.460
1.020
-0.050
0.000
-0.410
-0.140
-0.330
0.130
-0.600
0.390
0.310
1.360
0.390
0.080
-0.350
-0.040
0.550
-0.090
-0.030
0.020
-0.050
-0.050
0.000
-0.340
-0.130
-0.530
0.180
-0.230
-0.510
0.130
0.520
-0.040
-0.080
-0.170
-0.030
0.310
-0.080
-0.010
-0.190
0.230
-0.210
-0.270
0.260
-0.130
0.180
-0.280
0.320
0.650
-0.120
-0.160
0.250
-0.220
-0.270
0.550
-0.410
0.960
-0.230
-1.270
-0.870
0.150
-0.280
-0.070
0.950
1.620
0.970
-0.830
-0.400
0.690
-0.560
-2.290
-0.920
2.810
1.910
-1.440
-3.060
-3.400
-3.150
-0.430
-0.630
0.010
-0.210
-0.430
0.840
-1.850
1.290
3.510
2.440
-1.190
0.520
3.030
-1.950
-3.400
-3.960
1.020
-4.290
-4.760
4.330
1.100
0.240
1.500
3.680
2.140
-2.970
-4.180
2.890
3.540
3.220
2.920
-3.250
-3.610
-4.010
-4.450
-4.950
-5.500
-1.200
-3.490
-0.310
-0.980
5.540
5.040
1.530
-2.850
0.220
-1.460
-2.110
6.220
5.650
-1.930
-6.490
1.080
1.430
-1.100
-0.390
-1.650
-1.450
-1.020
2.820
4.230
2.720
5.300
0.940
4.730
4.300
1.310
0.860
-1.790
1.920
-0.320
2.130
-3.830
-1.100
-0.800
0.590
4.000
-3.690
3.900
-2.130
3.810
3.470
3.150
2.860
2.600
2.370
2.150
1.960
1.780
1.620
1.470
1.340
1.210
1.100
1.000
0.020
-0.260
0.010
-0.050
0.060
0.730
-0.050
0.550
-0.050
0.330
-0.360
0.080
0.080
-0.210
0.770
-0.040
0.180
0.070
0.400
0.150
0.230
0.070
-0.090
0.070
-0.290
-0.040
0.000
0.020
-0.090
-0.050
0.150
0.090
0.040
-0.080
-0.060
0.030
0.080
-0.120
-0.030
0.230
0.210
0.110
0.210
0.060
0.140
0.070
0.050
-0.140
-0.090
0.020
0.120
-0.010
0.040
-0.130
-0.130
0.010
0.060
-0.070
-0.080
0.250
