76357.43
54577.90
44278.00
36115.59
61574.67
39882.09
64398.58
78474.00
78926.01
94995.63
84375.08
150475.05
59454.21
88248.02
55064.32
75270.36
63656.42
47894.77
52804.72
54581.01
61029.05
88787.22
96816.12
42552.28
58483.86
74485.99
57014.53
118803.67
99240.09
87224.45
108365.88
61539.14
30195.30
51158.74
69489.71
52382.45
37647.81
45757.99
117470.72
93912.72
53278.77
83143.95
70893.16
94193.86
56824.11
62365.95
127405.28
69413.37
56561.52
52525.51
74951.15
50574.45
58055.65
166826.00
143937.19
99394.98
128261.17
158056.44
291666.00
618939.44
251410.41
78474.74
63636.50
64232.41
67750.23
112645.51
64205.40
73064.43
102046.23
67053.64
70748.60
42547.43
48562.84
63780.88
89099.45
76228.12
127465.98
69479.04
79211.32
76019.45
118168.28
191519.59
72771.71
107493.67
66739.71
77135.18
101272.99
95363.94
133556.33
200848.50
98947.71
129058.89
145735.28
157373.69
148583.72
55734.90
85655.50
52922.17
60435.75
60608.94
80441.27
105840.43
68922.47
145640.61
70332.30
18.00
94493.49
47149.50
76526.58
149574.20
88055.79
189644.09
63219.37
69684.59
103492.27
90082.82
54499.48
63207.62
88021.31
155473.48
63030.86
85945.08
41544.75
83030.92
31001.50
39371.98
26301.74
27866.55
38621.82
58052.77
31949.10
42373.46
30374.09
32837.78
39753.21
89741.80
108135.19
60227.85
106186.74
67913.79
88995.58
52605.09
43997.63
80854.84
83165.94
35933.46
43452.63
68955.38
63227.28
64608.28
69172.28
75526.72
71413.63
51398.75
41448.55
46351.55
54310.16
50511.80
76792.06
62035.44
58000.00
75943.22
54460.05
42375.36
58133.86
97027.54
54317.60
77918.30
100807.56
90871.65
79037.42
82688.65
190834.50
146140.27
48854.54
62288.13
38289.00
47479.15
39148.08
75771.60
61939.96
73383.13
42885.36
40924.77
33008.81
55531.68
79818.82
30804.17
52510.44
62540.17
65714.52
68360.66
71207.66
70877.47
113863.81
69078.24
68552.90
166546.89
83585.98
43402.22
79036.04
125985.80
68425.61
136175.38
58531.97
57336.66
62784.89
61503.57
60289.21
113403.66
111887.98
138424.17
148700.92
104318.88
143007.20
75392.10
83837.29
121207.26
65720.81
113444.64
77942.57
162738.50
64610.31
58257.29
112549.61
83794.11
110196.23
186049.48
93119.94
123999.89
191799.30
77402.78
84961.60
132072.00
121752.30
91695.81
115420.93
121554.29
168225.56
176107.34
180523.12
141921.28
191504.88
360254.62
235855.92
175871.69
172038.31
220338.20
266589.12
270164.47
292610.12
204998.98
242562.30
654658.75
219147.14
64637.19
59066.05
85532.25
82137.79
117487.63
94175.14
93631.69
167900.20
119021.28
108695.30
179249.03
182475.69
62937.75
74576.81
90414.09
77309.57
105168.59
153517.38
183437.62
198655.84
247936.00
97093.84
71822.60
103142.77
62821.59
77496.07
58615.98
96602.27
139243.16
129108.95
115573.54
185557.48
217953.97
55185.73
58257.98
42455.68
45757.78
55074.25
77373.29
157623.77
115695.04
75525.21
115391.83
114907.33
169390.38
224986.77
202223.16
244259.05
120650.82
122560.16
217956.98
119943.13
118334.69
141090.97
162552.38
279496.50
327757.38
207592.20
146687.30
318420.94
260587.75
187544.69
86405.97
49316.45
56467.28
84558.57
57406.39
69547.03
107982.80
83853.39
69646.02
131124.84
119003.24
113978.18
123978.12
107264.06
100212.47
134213.27
74219.10
78873.18
101740.74
170102.16
98786.01
120222.47
167429.78
84085.35
65071.47
102992.69
83277.55
126433.65
92596.46
75770.66
85732.08
125114.41
128553.55
84177.00
148278.69
106443.49
134164.72
109819.56
87916.94
144316.95
126035.74
87660.98
94739.14
111865.83
122727.29
26333.00
86805.08
148105.91
112122.07
70562.56
80951.86
75772.42
130168.85
83889.80
106563.68
132868.08
92543.09
150674.56
120786.46
126498.77
70091.01
75047.53
77567.03
101904.89
83520.44
132323.61
131886.83
86875.99
106236.54
87167.51
107213.20
134051.73
192836.31
265445.34
222116.80
316354.50
247213.78
325386.72
435365.84
158024.47
266808.03
456569.62
146679.09
235757.16
309336.62
235333.66
242110.73
280063.59
250043.88
197961.41
186780.88
157810.45
164487.02
192657.27
192763.23
293101.03
383659.03
219276.59
190684.23
235256.56
263052.50
187150.41
228515.70
237069.73
266539.28
328290.56
244091.09
292415.56
250926.45
248830.12
6783.71
190269.06
98004.54
88155.30
149779.45
159230.86
157872.38
258286.11
280001.53
165392.09
274346.94
245200.31
237066.34
237449.52
297159.66
383758.31
301873.12
205675.56
250343.27
353896.19
386551.38
467575.62
370791.12
346742.88
463581.41
157802.08
212172.95
271126.97
295797.00
359052.03
472618.72
455734.59
302295.62
349339.28
424526.66
573879.62
536478.00
333915.56
331655.72
671131.06
546567.94
391604.38
712789.75
588865.12
452009.91
434280.50
465587.38
564771.25
489761.72
547944.19
643418.06
579553.38
350263.62
687092.44
9182.29
154477.77
317459.34
271923.53
298783.00
271527.75
276527.66
283196.97
189359.61
264444.94
242845.78
178298.20
191084.50
141093.77
247763.19
249955.12
366035.44
292481.47
234674.44
183443.02
209850.34
263477.44
286745.25
263576.06
284282.78
338962.06
373057.03
490321.75
563827.81
556510.38
591149.69
498903.47
611463.12
473567.97
456994.78
310111.25
411306.22
308010.53
292639.22
383927.59
584448.94
490278.28
333222.62
63137.45
85274.18
97242.28
106630.19
118056.66
118899.99
152709.34
158316.98
147749.36
183870.73
151457.69
151985.56
148849.19
105833.08
101111.46
137012.52
145958.77
165213.06
160175.59
185705.52
165253.64
170004.53
203236.88
154311.41
144810.42
145217.48
130380.52
116213.87
235515.69
306784.62
240179.06
177633.53
163650.58
148183.73
281311.84
402036.16
158265.73
133168.98
80843.88
55075.13
60672.98
59915.77
66070.58
89328.77
111534.19
96468.68
91671.19
126569.64
115096.45
84727.85
1186.63
35626.86
47243.10
45280.56
30867.11
38813.85
34381.17
30937.02
63743.05
51481.33
64615.83
50712.41
41972.55
40911.13
58131.04
81855.88
85822.24
67116.44
98628.34
162854.69
137794.66
120119.76
86211.85
118587.52
170224.66
50203.11
64627.63
67125.86
125212.59
62682.59
64494.85
71568.25
119022.30
70217.59
65365.37
54881.03
84492.46
89241.11
94015.50
99449.45
66513.19
60889.53
69718.64
47920.62
97399.90
150462.36
235256.16
302060.19
278679.50
148075.59
110989.82
110027.95
172991.44
122097.60
77351.91
85261.34
107946.50
173783.98
90219.66
56698.09
97327.06
78106.26
87432.92
85468.75
95935.86
109365.24
183966.23
146787.81
157391.36
65926.11
71619.52
105567.59
76314.74
105846.28
66061.52
141658.95
116965.69
78511.89
56455.24
98316.03
87692.91
126326.70
127035.04
104627.44
129815.87
52748.25
79387.04
79109.60
64097.80
102570.17
96282.58
49204.74
62803.78
84506.97
84491.40
135673.61
86153.59
106044.52
131504.72
54247.89
86144.34
129879.07
183180.92
169321.73
137239.86
69033.44
78429.01
81881.48
96734.20
126643.54
114298.45
91401.54
29778.54
44890.23
71302.57
41893.70
51530.24
39881.97
58683.22
74199.82
106360.54
127812.77
27801.35
31260.08
43380.98
63034.44
75486.70
94197.32
53539.28
80768.34
57539.37
70869.92
65719.21
119573.06
91944.52
51940.03
59535.65
42511.97
36164.60
37143.83
42053.35
55509.20
30236.78
38624.49
77057.65
52752.70
76216.82
51324.52
91196.39
98637.76
72803.16
