13283.78
15790.03
19684.72
20920.95
20740.60
11265.30
27372.59
18978.37
18601.10
27608.22
14018.11
14937.08
15501.05
12071.65
12142.50
10917.36
15837.55
18872.73
16269.54
13471.42
16640.32
21220.40
12487.21
7618.25
9167.22
15876.40
11643.90
16587.82
23549.06
17081.72
16510.78
18827.02
10836.39
16905.98
10235.50
16069.33
8559.33
12759.72
19626.68
18510.86
16471.19
18920.57
14496.36
17765.19
16876.29
24383.93
36858.00
50733.68
51943.52
56890.43
32798.88
31888.22
51220.36
28405.50
24430.64
24894.67
25086.62
24318.32
56829.96
26074.27
32900.44
28838.81
21343.48
30574.61
27517.95
42079.10
26802.90
41404.90
85539.62
24822.73
29142.37
23571.54
24647.32
25991.86
22733.08
18419.26
13977.05
19404.73
21118.72
21471.98
21064.17
17515.45
20913.97
49493.37
17409.34
19518.01
25747.47
28875.76
35803.23
27336.19
25930.13
24609.92
27352.47
41205.98
18644.35
16682.08
35979.81
16236.63
18611.07
19012.24
20491.25
24162.40
15323.42
20978.19
12148.70
8.00
12215.60
12364.34
18806.62
17472.21
15435.65
12362.74
10571.92
17062.53
25679.09
17597.68
12329.81
17522.18
20686.83
29562.47
20344.70
24380.43
34268.13
37927.77
24524.18
23993.31
38229.92
72249.04
24246.22
20154.56
30357.08
34838.70
24613.16
18419.10
22575.15
28300.67
25404.59
36779.29
41378.02
20738.33
23110.79
29409.54
26074.27
30936.74
56328.18
38124.15
63970.63
70449.41
93439.22
74507.74
104752.50
68907.23
33374.99
20381.64
13917.00
23010.01
25415.70
21629.83
23960.19
17203.68
19464.03
31746.57
23326.12
34503.63
24086.51
34559.02
27337.44
17880.14
21140.80
27612.54
27194.17
48015.22
20118.00
18457.89
15315.83
19811.27
18153.11
17794.79
17359.64
17142.79
21823.26
30042.99
16285.53
13680.87
18244.69
16136.65
20765.45
14327.99
11882.37
11683.38
11563.58
11466.53
11036.25
14738.45
38808.38
19603.03
17690.19
30844.69
32702.57
27230.93
24386.34
30209.02
21211.13
14901.32
21549.82
38404.41
56165.84
15511.16
19881.95
14239.23
17762.42
18538.15
22215.49
18648.21
27497.50
11819.89
16912.82
15312.41
15990.63
17313.83
16210.05
17801.60
13300.66
21736.65
34700.30
24932.44
32261.89
55225.05
28281.26
15665.88
30829.85
30792.64
28742.19
23207.43
40116.69
31443.08
18195.62
30610.12
45504.51
58874.89
39626.15
55065.76
53300.39
52240.20
45918.33
45434.84
67833.52
64926.25
93543.30
48563.98
69251.15
43056.99
49432.26
43836.17
46672.69
66140.87
62528.24
57163.16
55825.22
44555.31
39521.18
35879.98
46913.30
18781.18
29598.07
41726.03
50442.89
16283.48
15227.33
17395.85
15333.27
16191.52
27351.78
25920.57
23118.99
38565.88
20521.42
33724.74
32988.23
21440.22
25626.27
28589.35
37353.80
33241.87
25559.45
44274.60
52936.43
22776.86
19480.19
21588.91
16131.43
24117.40
16288.69
27052.20
52835.13
23202.17
44339.01
28008.68
31055.27
43286.92
26321.46
37604.50
24549.37
37644.27
31785.03
44180.29
20909.12
29147.09
26370.34
27842.08
30897.30
23724.21
34251.63
33950.91
50745.23
49080.77
71624.49
44639.65
24700.74
29392.18
47171.30
17221.94
22373.96
26033.80
27796.71
22286.86
35233.70
37651.46
45073.42
35447.99
36606.06
33954.94
60619.48
48956.81
57214.98
29487.59
21693.48
49728.28
43089.15
45533.08
30858.24
44486.48
46172.12
50154.95
56191.87
51877.92
51621.62
55684.23
52003.91
59399.48
46617.46
64416.74
68271.49
54715.94
82587.41
102784.52
114086.70
23250.00
74992.42
133030.42
72474.97
85409.91
61685.77
70646.37
109401.49
77067.68
101918.55
107908.33
83098.88
93322.72
157848.98
140706.03
132124.86
103792.07
95217.25
123682.63
239864.23
246717.30
169695.70
137693.53
266736.81
179965.55
248684.38
339573.84
387162.38
409944.94
97091.50
85950.45
122387.62
136493.77
140135.42
113682.14
159445.59
246045.53
230696.70
237655.48
153429.92
139266.59
183709.62
187338.92
101788.37
140318.20
144396.33
141841.06
111069.45
140447.52
124056.70
166317.80
258863.83
322892.50
237813.38
302429.19
397318.22
460408.00
288381.94
396866.34
610151.00
353075.59
5757.00
520890.62
156080.77
207952.94
151141.20
176597.92
213706.20
245379.95
199518.27
220605.22
211712.67
285769.25
192171.06
144494.39
76708.42
107708.85
132341.33
117838.24
86966.65
98334.78
52894.22
60676.24
51409.97
53576.14
69211.23
46150.81
43886.91
88272.46
96318.30
87222.01
100822.96
120024.31
94156.93
101440.82
90067.78
80487.07
101438.64
128581.59
127379.28
96171.58
133697.09
155365.88
202964.11
172027.58
156262.11
85087.12
89357.56
108414.13
68187.89
102052.70
94628.73
98393.17
80889.18
66806.42
79361.34
89154.35
80085.06
91223.69
46758.51
40028.72
42484.82
56546.73
42503.12
57787.04
37786.80
37332.68
60107.18
55622.13
57028.58
29303.13
29547.54
1329.28
39388.49
41163.10
36648.79
22223.49
27092.93
27153.80
35704.69
45088.58
47520.29
37102.34
36932.78
39740.88
39161.86
52493.19
64537.87
71180.29
56380.05
78761.76
93373.50
125171.73
156940.84
186586.95
120583.21
47572.48
66748.60
43462.06
47476.87
56032.02
48888.33
56559.16
90829.83
104786.03
27087.13
36455.28
40453.91
39225.20
38524.10
40003.67
40527.35
57004.61
57745.91
43669.06
67846.81
61143.39
77801.39
54616.27
64107.51
59034.11
108824.92
98753.95
100409.66
70139.34
76905.27
81285.74
98402.12
67786.85
67558.52
45831.46
64378.90
76360.37
42321.62
22367.31
27706.53
40363.75
34733.02
38831.30
44715.47
43451.11
84044.21
85716.38
94199.31
37824.12
42857.14
58115.85
68134.19
49910.33
64051.57
53261.01
43079.77
23690.16
25508.39
41857.19
28982.07
30794.78
32830.90
49490.74
59348.54
41506.47
42388.48
60436.62
62560.44
82740.97
74333.80
58208.87
81407.91
36832.20
53679.47
65724.67
37081.71
29921.33
39325.18
29048.95
45578.92
68550.85
60386.72
63045.11
60617.16
62111.01
41306.06
49006.74
66419.66
55271.83
63374.63
47546.04
22289.75
23358.00
30316.83
44291.18
29550.08
38424.45
34977.68
32723.52
36934.06
54076.92
29999.94
29592.22
28587.85
27768.44
30495.92
24215.72
41916.56
42804.65
46584.61
29060.18
38916.16
27061.61
42651.40
38232.70
34733.87
25626.03
25042.80
36495.91
15219.30
13106.91
13720.00
14875.08
18247.91
26006.61
22245.53
20897.63
14671.00
27532.44
22980.59
