28.540
28.430
28.430
28.900
29.150
28.960
29.050
29.150
28.930
28.670
28.010
28.290
28.140
28.320
28.300
27.080
26.880
27.260
27.200
27.180
27.400
26.830
26.340
26.210
26.570
26.570
25.620
25.600
25.600
25.480
25.000
25.810
26.100
26.010
26.270
26.250
26.000
25.020
24.500
23.490
23.770
24.100
24.320
24.570
25.190
25.300
25.310
25.260
25.390
25.000
24.970
25.650
26.230
26.730
26.560
26.700
26.320
26.710
26.050
25.700
25.430
25.900
25.920
25.940
25.800
25.860
26.610
27.200
27.070
27.180
26.890
27.150
27.650
27.590
27.580
28.060
27.260
27.200
27.490
27.520
27.470
27.700
28.010
27.910
27.990
27.610
27.780
28.030
27.950
28.440
28.720
28.160
27.850
28.080
26.250
26.430
26.120
26.110
26.550
26.490
26.580
26.580
26.550
26.480
26.030
26.130
26.150
26.030
25.770
25.500
25.490
25.180
24.980
25.120
24.740
25.460
27.150
27.330
27.670
27.870
27.870
27.900
28.080
27.380
26.710
26.620
26.870
26.940
26.820
26.580
27.080
27.100
26.880
26.580
26.630
26.360
26.310
26.830
26.720
28.300
29.460
29.490
29.570
29.360
29.400
30.000
29.730
29.900
29.960
30.130
29.520
29.510
29.650
29.930
30.230
30.110
30.010
30.000
29.800
30.220
30.280
29.710
29.430
29.400
29.650
29.560
30.020
30.500
31.350
31.170
31.330
31.650
31.610
31.310
31.390
31.650
31.250
31.850
32.410
32.330
32.880
33.150
33.010
33.080
33.020
32.600
32.770
33.140
32.200
31.600
31.380
30.860
30.650
31.890
31.150
32.270
32.690
31.720
31.920
31.330
31.560
31.850
32.230
31.540
31.560
32.250
32.400
32.680
32.650
32.110
32.740
32.700
33.510
33.300
33.240
33.180
32.300
32.170
32.450
32.280
31.330
31.040
31.670
31.770
31.190
31.980
32.150
31.900
33.710
32.810
32.040
32.200
32.000
31.860
32.700
32.150
32.650
32.170
31.800
30.850
30.930
29.780
29.690
29.700
29.990
29.540
30.180
28.830
28.700
28.050
27.730
28.300
28.700
28.220
28.590
28.980
28.490
28.830
28.210
29.040
29.310
29.120
29.350
29.550
29.150
29.260
28.540
27.640
28.390
28.350
27.930
29.020
29.200
29.300
28.900
28.660
29.970
29.950
30.270
28.630
28.650
28.200
28.360
28.290
29.570
29.210
29.360
28.300
27.600
27.880
28.150
26.570
24.150
24.600
24.890
26.310
26.330
26.050
26.120
25.880
25.570
26.050
25.340
26.000
26.260
26.440
24.040
23.770
23.910
23.200
24.060
24.250
23.910
24.590
24.660
24.450
23.630
22.730
22.190
22.530
22.790
22.230
22.150
22.710
22.200
22.140
22.090
22.830
22.800
21.800
21.340
22.900
23.180
25.760
25.880
26.110
25.830
25.100
25.310
25.000
24.000
23.720
23.730
23.120
23.330
22.950
25.380
24.740
25.400
25.500
27.100
27.000
26.700
27.750
27.290
26.750
25.620
26.010
25.340
26.080
25.940
28.020
26.890
29.790
29.280
30.160
33.500
33.540
33.330
33.500
33.660
33.610
34.250
33.450
33.850
33.210
33.960
34.770
34.790
34.520
33.990
34.580
34.020
34.370
36.050
35.860
35.260
35.100
34.000
34.370
33.200
34.110
35.200
34.410
34.100
31.410
31.550
30.850
31.700
32.480
32.270
33.360
32.640
31.230
31.450
31.100
29.930
29.880
28.680
28.510
29.410
29.990
29.520
30.360
30.120
30.400
29.080
27.800
29.160
28.810
29.220
29.330
28.350
28.500
28.380
27.020
26.730
25.900
25.680
25.860
26.490
26.220
27.100
26.710
27.440
27.580
26.770
26.160
27.180
25.000
25.560
28.300
27.960
29.050
28.610
26.940
26.030
26.300
28.010
29.500
28.170
25.610
28.050
31.170
34.630
38.480
42.750
38.900
38.590
35.080
35.050
34.750
35.400
35.870
34.450
33.690
34.300
35.210
33.600
33.470
32.950
34.020
32.530
32.810
36.460
37.810
36.220
36.480
35.850
35.590
33.000
32.490
54.450
49.500
45.000
50.000
50.000
53.000
54.890
56.650
51.500
54.760
60.720
62.080
62.000
61.550
64.770
67.000
66.520
67.380
71.290
70.000
69.850
69.560
69.070
70.750
72.000
73.310
70.880
67.290
65.000
65.250
69.250
71.000
70.650
69.400
68.710
66.790
66.260
66.000
62.830
62.830
63.500
63.400
64.630
61.770
56.150
55.800
55.000
56.040
53.440
53.490
52.350
57.440
55.920
57.150
54.260
53.700
52.080
54.300
55.330
54.850
57.890
58.310
56.000
53.640
55.000
57.000
55.310
54.890
54.650
54.000
54.820
52.210
51.720
52.720
51.500
52.080
52.090
51.550
52.210
51.960
51.100
48.630
48.050
44.500
45.520
44.030
43.790
45.170
45.410
44.720
43.950
42.410
42.490
42.580
41.640
41.560
41.610
41.120
40.670
40.360
40.190
40.010
40.000
40.100
40.980
41.610
41.110
41.350
41.970
42.000
42.310
42.600
41.760
42.180
42.120
41.340
40.300
40.870
40.770
40.620
40.830
40.050
39.950
40.500
40.580
41.310
40.240
39.600
39.100
38.620
39.650
39.500
39.670
39.300
39.300
41.610
42.050
42.330
42.960
43.500
42.700
42.550
42.500
41.610
42.070
42.000
42.700
42.690
41.830
41.790
41.430
41.970
41.630
41.960
41.480
41.450
41.400
41.130
41.450
41.600
41.730
41.390
42.000
41.810
42.650
42.000
42.410
41.590
41.390
42.230
42.590
42.530
42.280
41.890
41.690
42.080
44.340
43.990
44.400
45.730
45.280
45.780
45.500
44.180
44.740
44.100
44.220
44.800
42.400
42.430
42.950
43.020
42.750
42.510
42.200
43.040
43.100
42.300
41.920
42.590
42.820
42.660
43.520
43.620
43.840
42.960
42.970
42.890
42.680
42.730
42.580
43.140
42.000
42.590
41.660
41.210
41.280
41.820
41.530
40.750
40.330
40.700
41.100
41.400
41.250
40.600
40.890
41.410
41.570
41.320
41.000
41.200
41.120
40.600
39.800
40.000
39.800
39.960
39.800
40.010
40.110
39.750
41.280
40.800
40.000
40.300
40.790
41.500
