6.180
6.190
6.000
5.990
5.870
5.860
5.770
5.780
5.770
5.650
5.640
5.750
5.850
5.840
5.780
5.830
5.780
5.800
5.730
5.740
5.750
5.760
5.660
5.660
5.620
5.480
5.610
5.590
5.620
5.530
5.460
5.600
5.730
5.770
5.800
5.860
5.800
5.530
5.570
5.680
5.770
5.740
5.820
5.830
5.840
5.890
5.960
5.940
6.040
6.190
6.100
6.180
6.170
6.160
6.270
6.380
6.420
6.580
6.660
6.480
6.390
6.490
6.560
6.510
6.340
6.290
6.450
6.510
6.590
6.530
6.460
6.520
6.710
6.700
6.700
6.830
6.750
6.780
6.870
6.840
6.920
7.010
7.050
6.920
6.870
6.860
6.970
6.980
6.850
6.990
7.060
6.950
6.900
6.880
6.670
6.740
6.720
6.870
6.880
6.850
6.850
6.680
6.640
6.710
6.680
6.800
6.670
6.740
6.130
6.140
6.090
6.000
6.080
6.190
6.190
6.600
6.650
6.700
6.840
6.840
6.710
6.740
6.770
6.700
6.680
6.670
6.570
6.670
6.680
6.570
6.710
6.770
6.780
6.770
6.720
6.660
6.630
6.550
6.550
7.040
7.070
7.170
7.140
7.150
7.130
7.300
7.290
7.370
7.550
7.360
7.390
7.390
7.470
7.450
7.410
7.490
7.490
7.540
7.570
7.400
7.340
7.270
7.320
7.260
7.260
7.240
7.240
7.260
7.390
7.340
7.410
7.310
7.260
7.370
7.200
7.290
7.180
7.310
7.310
7.340
7.350
7.350
7.040
7.060
7.110
7.170
7.050
7.190
7.170
7.100
7.090
7.100
7.030
7.020
6.890
7.200
7.270
7.250
7.260
7.210
7.120
7.160
7.260
7.260
7.270
7.260
7.320
7.540
7.670
7.570
7.630
7.520
7.540
7.510
7.420
7.300
7.210
7.360
7.430
7.370
7.180
7.310
7.230
7.290
7.240
7.480
7.580
7.580
8.140
8.110
8.050
8.160
8.190
8.260
8.300
8.150
8.270
8.090
8.060
8.000
8.120
8.120
8.160
8.260
8.240
8.130
8.210
8.200
7.950
7.860
7.710
7.920
7.830
7.640
7.880
7.810
7.850
7.770
7.480
7.560
8.400
8.440
8.660
8.590
8.440
8.450
8.320
8.000
8.070
8.300
8.130
7.390
7.350
7.170
6.910
6.900
7.160
7.380
7.190
7.210
6.900
6.840
6.440
6.800
7.210
7.170
7.250
7.130
6.990
6.910
6.280
6.170
6.290
6.180
6.330
6.830
6.800
6.930
6.990
6.960
6.860
6.970
6.870
6.890
7.120
6.930
6.600
6.630
6.650
6.370
6.610
6.790
6.330
6.560
6.440
6.580
6.320
6.010
5.820
5.930
6.050
5.780
5.830
5.880
6.080
6.110
5.970
6.130
6.130
5.830
5.580
6.070
6.270
6.970
6.900
7.060
6.970
6.760
6.890
6.670
6.060
6.230
6.310
6.210
6.220
5.930
6.010
5.660
5.920
5.920
6.580
6.460
6.210
6.700
6.650
6.160
5.910
6.400
6.090
6.560
6.430
6.840
7.030
7.810
7.600
8.040
8.930
9.180
9.170
8.910
9.250
9.290
9.560
9.290
9.450
9.410
9.820
9.560
9.530
9.470
9.230
9.230
9.490
9.950
10.290
10.560
10.030
9.930
9.800
10.130
10.290
11.430
11.290
11.770
11.740
12.620
12.760
13.910
14.790
14.600
14.380
13.380
12.630
11.950
12.280
12.480
11.880
12.050
11.480
11.220
11.210
12.450
12.480
11.950
11.800
12.120
12.110
11.010
11.460
11.580
10.680
10.080
9.530
9.600
9.500
9.430
9.400
8.860
8.650
8.120
8.100
8.310
8.280
8.280
8.090
7.350
6.680
6.570
6.560
5.960
6.160
6.160
6.050
6.280
5.810
5.280
5.110
5.680
5.420
5.830
5.300
5.170
5.740
6.380
7.090
7.880
7.360
6.690
7.250
6.910
6.810
6.600
6.840
6.640
6.180
5.880
5.990
6.120
5.570
6.100
6.180
6.390
6.010
6.610
7.340
7.540
7.310
7.230
7.260
6.840
6.220
6.020
5.470
6.080
6.750
7.500
8.330
9.250
9.040
10.040
11.150
11.260
11.150
11.590
12.860
13.000
11.820
12.580
13.040
12.320
11.600
10.590
10.290
10.670
10.750
11.330
10.980
9.980
9.070
8.590
8.880
8.360
8.190
7.810
7.100
7.060
7.060
6.550
6.250
6.190
6.090
6.120
6.040
5.720
5.540
5.880
6.140
6.410
6.330
6.420
6.040
6.320
6.320
6.500
6.260
5.690
5.380
5.680
5.690
5.610
5.700
5.670
5.410
5.160
5.320
5.430
5.320
5.230
4.980
4.930
4.990
4.880
4.850
5.030
5.070
4.870
4.620
4.700
4.640
4.610
4.630
4.440
4.370
4.130
4.090
4.120
3.950
4.030
4.080
4.010
3.920
3.860
3.860
3.790
3.910
3.820
3.740
3.730
3.700
3.590
3.540
3.530
3.590
3.620
3.710
3.730
3.700
3.760
3.750
3.780
3.800
3.810
3.750
3.830
3.820
3.700
3.360
3.660
3.620
3.580
3.640
3.570
3.700
3.720
3.800
3.790
3.780
3.710
3.690
3.850
3.930
3.960
3.950
3.890
3.900
4.020
4.110
4.280
4.130
4.080
4.050
4.070
3.940
3.880
4.040
4.030
4.210
4.160
4.150
4.130
4.040
4.100
4.050
4.080
4.030
4.010
4.030
4.080
4.020
3.960
3.910
3.990
4.060
3.980
4.170
4.030
4.160
4.250
4.160
4.000
3.980
4.020
4.000
3.980
3.890
3.880
3.920
4.060
4.200
4.050
4.020
4.050
4.240
4.180
4.160
4.220
4.320
4.250
4.210
4.420
4.410
4.230
4.330
3.940
3.580
3.760
3.800
3.770
3.860
3.930
3.920
3.890
3.970
3.960
3.930
3.940
3.860
3.850
3.710
3.690
3.730
3.950
3.700
3.640
3.700
3.680
3.750
3.790
3.710
3.690
3.720
3.800
3.780
3.580
3.470
3.460
3.560
3.570
3.500
3.460
3.560
3.590
3.570
3.530
3.420
3.490
3.490
3.550
3.530
3.500
3.570
3.610
3.600
3.820
3.900
3.920
3.860
4.020
