27163.76
20880.02
42663.22
26387.26
26875.39
24335.24
30577.97
38091.43
41388.20
46483.66
41846.28
58005.30
23473.32
30813.40
70209.39
19848.74
21766.23
25709.39
28845.62
35493.07
48765.72
42935.29
22679.18
34173.25
33985.32
57270.69
19063.14
17936.68
23547.09
34953.34
41098.80
30189.62
16349.20
23060.21
37561.50
46080.61
53790.16
54775.57
89836.37
21006.94
36983.99
20419.20
25550.91
30802.49
12015.51
13124.70
23106.45
23121.17
19480.99
19957.23
40235.62
36530.09
38577.84
30115.03
15812.22
26198.44
22111.26
52676.78
29695.51
32529.41
37159.20
21434.18
27130.46
50176.12
29498.01
35504.52
20987.14
24704.52
19000.39
22700.31
35179.98
40472.00
21013.11
14043.23
28721.54
44186.48
21795.37
19745.11
17778.92
10239.07
15938.75
19403.22
22671.93
20192.30
22970.81
20456.64
17091.22
13429.57
32490.84
30027.16
46617.77
39881.46
35825.83
86786.45
20415.99
23836.57
19887.02
26384.99
23733.48
14231.32
17919.02
16791.30
20623.92
19767.68
11989.01
35.00
15522.16
14396.97
20932.50
21626.03
12710.30
16722.70
14417.26
28473.04
50579.40
65978.10
12414.52
24602.00
13903.12
23935.38
20903.60
41664.65
48638.49
40270.82
17777.27
15825.47
12172.21
15890.04
21114.74
24286.82
16585.39
35879.07
35118.39
16619.04
31152.83
26663.67
47680.68
52021.86
87537.64
82279.02
15034.01
27076.86
24674.77
21158.81
32268.42
33349.59
22721.13
30564.65
34959.36
48937.79
35122.67
35493.79
50054.47
27371.66
38189.12
36542.03
27722.88
29463.55
42978.83
55135.32
54948.31
64151.82
43075.80
31015.03
33748.89
63568.52
34769.91
59420.34
22138.11
30627.86
34974.78
28499.92
38653.16
27783.79
32010.47
37165.54
52422.68
53169.70
23194.58
57703.60
47926.54
95145.92
37015.06
47267.73
65001.55
38536.12
74545.11
68024.29
85654.45
28972.35
33472.55
27458.97
68562.92
46423.03
73135.35
50013.07
73334.03
29053.71
37887.70
26759.00
30875.19
26753.72
41139.71
31650.27
64198.83
55672.13
42896.45
62681.48
43037.59
48389.32
40264.02
73690.87
62851.06
78355.68
87351.33
83031.86
53842.52
31089.60
51047.76
53293.24
42251.49
74854.07
33456.05
42731.94
77427.13
64112.28
87552.14
165835.38
95921.43
73067.70
44384.28
31213.85
33949.55
92387.63
65085.92
81327.05
74250.02
129111.76
116633.66
70779.73
119999.50
46159.09
44615.07
60621.86
65107.66
80179.57
138698.09
48856.00
80005.96
51023.51
84071.83
42690.17
42523.78
53960.39
45250.02
71563.52
38875.12
58028.22
72605.77
89428.52
103687.74
35554.17
48998.52
75258.01
54798.24
91207.47
63332.63
42313.51
47366.53
59850.61
89381.79
40238.14
74971.89
75652.26
85032.37
96744.51
84989.98
91712.10
111466.66
63978.95
85968.75
60434.61
81354.20
111931.76
79799.61
100158.30
152511.00
126875.42
174245.28
163721.12
282931.62
216322.80
94191.74
48027.70
98849.80
76645.11
84037.38
47539.59
56018.40
86027.92
63862.77
68077.86
74238.62
112557.76
157446.25
219760.36
96258.47
64167.11
51766.12
90166.57
81918.07
52026.28
75084.75
61537.17
95254.89
117136.77
111487.41
58852.62
48449.34
45250.88
79990.30
43355.64
56921.31
117806.95
70065.00
80312.04
85133.05
68797.41
89023.33
57599.65
90513.04
130027.44
135497.03
51340.45
48456.92
68466.73
78582.41
64516.37
94200.61
63095.06
46827.71
41663.18
80680.59
70461.68
100931.65
154109.73
86868.84
39540.41
55056.29
51569.52
26961.72
34643.08
72761.71
80209.10
58648.86
74090.24
50692.44
56658.36
55430.41
86758.01
74231.23
90441.38
20562.53
55801.77
114697.57
60951.49
52261.80
79844.85
64734.11
80784.20
42472.25
73650.97
156863.41
87920.19
137089.41
232615.19
281880.59
56820.67
50779.42
57020.04
47623.84
73708.33
61347.28
83194.46
91882.58
119474.10
97879.34
108643.49
79947.51
124106.37
146881.56
98545.72
140719.45
132862.55
229850.41
63679.46
52108.99
68872.82
102608.90
66388.52
88333.32
129773.63
121719.64
101998.51
149623.12
135499.20
167209.88
112378.36
52459.94
69512.97
87986.82
70496.58
86070.40
92253.62
118356.86
189587.73
126013.89
184349.73
86675.94
96161.84
107829.30
119410.11
109036.11
112324.24
167581.70
77563.43
105000.26
933.95
49375.26
46815.12
47860.02
54993.09
60306.72
80675.44
92344.33
95251.68
60580.44
116861.82
142627.41
108642.37
108271.23
124655.57
91898.02
153157.45
112722.34
153605.86
215321.67
243748.20
223577.33
240930.38
286366.16
286722.34
304274.69
159833.41
322733.81
426869.47
472877.59
545740.50
339385.53
92741.24
76281.68
97282.53
152364.27
146400.34
70286.79
68160.94
106352.34
123450.40
140128.98
130414.56
158434.42
159076.44
257778.84
263480.06
220009.16
235501.69
170483.69
176220.52
217652.80
230837.83
214007.94
252812.61
24008.01
9627.06
184859.52
190081.31
147124.30
123429.79
137724.94
131606.44
171319.80
145805.48
86774.35
95785.58
85235.02
102827.96
69202.93
68067.64
112855.69
124699.00
124094.18
92750.60
87500.14
70873.20
108241.69
108702.28
107962.47
141372.83
131244.36
112889.75
126301.55
128402.99
91165.81
87462.16
95869.68
89797.16
88880.19
106826.00
90221.09
125705.16
81099.27
70446.32
99165.44
155573.08
193313.05
192248.33
92124.72
102331.00
106516.18
122993.52
105156.30
128990.66
243816.12
125978.32
94196.45
153725.62
71917.97
77502.34
120157.82
112202.68
74133.26
94029.66
99940.86
131190.70
86559.65
88355.13
104182.06
84744.28
75741.68
101746.39
65842.65
67835.48
85786.13
49878.45
59495.77
101474.31
120005.53
79046.90
78085.37
78203.68
99102.43
130791.83
140806.72
151029.89
192934.91
78192.96
98507.10
64377.53
78723.49
82497.49
105529.09
174902.02
165096.66
55233.71
56882.02
91659.62
623.00
36372.40
49237.40
43381.71
31386.10
27153.33
33362.07
26153.34
33320.14
47746.77
35396.41
32665.59
32177.34
43251.12
43897.45
43405.67
63333.08
72754.01
57387.62
83234.13
91993.08
62569.27
86598.78
43256.46
31298.12
41671.82
63724.61
41064.69
59787.14
52144.25
49212.47
116330.31
63085.89
43313.53
61535.92
75594.94
49708.86
56375.02
45937.42
54748.49
109352.00
64845.01
54375.88
71035.69
69286.35
99885.72
73225.08
75001.42
101058.18
122652.62
88697.95
112619.02
131902.95
118688.14
77985.30
81741.41
72112.04
63314.86
60514.47
64238.65
51748.52
28962.00
31037.47
39322.56
29856.53
42739.39
30454.27
42742.22
35996.73
56577.55
49221.14
47700.28
66134.10
73526.66
69225.81
56344.20
63850.23
79284.12
89502.73
106669.85
70882.53
104143.75
45833.79
39885.80
55268.34
58729.42
62198.00
131070.16
103343.79
79610.52
65291.38
52923.89
83508.19
144560.52
54802.32
66641.58
47005.23
60604.23
40236.33
37816.01
30472.31
42550.10
74179.14
40226.47
70944.42
57368.41
33923.67
78560.30
37342.33
48517.57
90545.25
57062.20
65836.40
61084.93
52987.31
40500.00
52257.52
85315.76
55153.71
129094.65
59339.60
62581.76
76363.05
54734.56
47875.69
29169.35
29531.88
39383.31
31256.78
44432.36
35450.53
44853.89
39688.31
41122.51
50616.32
70884.57
35548.89
33948.78
46507.66
50472.72
40312.53
45509.34
40779.15
39271.06
21388.05
24495.70
27896.61
60045.82
40338.18
41415.33
51170.26
38846.21
65832.60
48770.73
