23.600
23.670
23.620
23.590
24.650
25.010
25.680
22.550
22.580
21.400
22.350
22.550
22.460
22.500
22.520
22.120
22.280
22.080
22.230
22.500
22.700
22.350
22.200
22.060
22.050
22.510
23.500
23.280
22.940
22.800
23.590
24.080
22.990
22.800
23.080
22.500
22.360
22.650
22.190
22.910
23.480
23.700
24.040
23.870
23.910
23.520
23.300
23.000
23.080
22.670
23.100
22.900
23.290
23.000
23.290
23.260
24.250
23.800
23.740
23.100
23.340
23.400
23.050
22.600
22.480
23.000
23.510
23.300
23.440
23.790
23.790
23.710
24.000
24.100
24.410
24.400
24.270
24.640
24.800
24.410
24.440
24.550
25.000
24.880
24.250
24.080
24.000
23.770
24.090
24.140
23.980
23.950
23.710
23.650
24.180
23.930
24.390
24.370
23.150
23.060
22.790
22.650
23.000
22.840
23.100
23.050
22.830
22.620
22.760
23.040
22.800
22.810
22.750
22.310
22.990
24.290
23.940
23.970
24.230
24.250
24.890
24.730
24.240
23.780
24.100
24.170
24.230
24.350
24.610
24.750
24.170
24.010
24.200
24.080
23.890
23.420
23.950
23.480
25.620
26.700
27.170
26.600
26.770
26.500
27.400
27.000
26.800
27.650
27.550
27.760
28.300
27.630
27.490
27.300
27.450
27.480
27.490
26.880
27.000
27.020
26.950
27.080
26.990
26.890
27.240
27.080
27.510
26.870
26.990
27.370
27.350
26.980
27.380
27.210
27.880
27.830
27.680
28.000
28.170
27.600
27.780
27.820
27.900
28.450
27.750
27.650
28.310
28.480
27.990
27.510
27.630
27.560
27.670
27.500
27.000
27.180
26.490
26.380
25.910
26.170
26.120
26.600
26.530
26.430
26.190
26.370
26.660
26.670
26.650
27.180
26.990
27.010
26.900
26.640
26.180
25.870
26.250
26.510
26.170
25.920
26.190
26.080
26.180
25.930
26.310
27.000
26.500
28.350
27.780
27.730
27.990
28.050
27.960
27.500
28.500
28.910
28.780
28.870
29.600
30.150
29.300
29.330
29.430
29.790
29.310
29.740
29.710
30.000
30.000
29.320
30.950
29.200
28.400
28.700
28.250
28.700
28.900
27.200
27.410
27.160
27.660
27.540
28.020
27.700
26.680
26.880
25.330
26.000
27.240
26.900
26.790
26.480
25.300
24.370
24.900
25.800
26.000
24.970
24.970
25.190
25.450
25.200
27.000
29.160
30.050
30.100
28.360
28.310
29.000
28.870
28.600
28.300
28.100
29.300
31.630
29.560
28.620
27.890
27.500
25.660
26.000
25.220
25.300
26.330
25.710
24.750
25.150
25.650
24.720
25.320
24.760
24.640
25.200
24.710
25.000
25.050
24.050
22.730
22.850
22.270
21.750
21.240
21.780
21.430
22.020
22.120
23.270
23.530
22.400
22.320
24.690
25.300
28.170
28.800
29.200
29.660
28.660
28.900
29.000
27.690
25.810
27.200
26.700
25.680
24.760
24.280
22.330
23.830
25.500
27.380
27.800
27.050
27.300
27.320
26.650
25.000
26.200
23.800
27.250
25.860
27.170
29.080
31.400
32.500
31.610
38.620
39.300
39.170
38.010
39.890
39.610
39.270
41.380
41.150
40.310
41.700
40.910
38.360
36.960
35.060
37.140
38.190
36.950
36.260
36.820
37.550
37.250
36.200
37.460
34.640
36.190
35.000
33.600
33.070
36.740
34.500
31.700
30.630
30.690
30.000
29.100
29.540
27.730
28.430
28.350
28.710
29.000
29.750
29.890
29.300
28.430
27.340
30.900
30.010
30.800
31.200
28.030
29.000
28.300
25.560
25.000
24.800
27.990
23.970
25.680
29.100
26.410
31.990
33.050
38.000
37.260
37.800
39.250
44.600
44.850
49.500
49.400
44.360
44.520
43.160
44.000
46.930
44.100
44.700
44.520
43.080
39.850
40.200
44.900
46.030
45.000
44.500
48.020
42.190
41.520
40.080
38.510
39.200
39.800
39.970
41.000
40.550
38.000
39.100
38.980
39.350
37.700
36.020
32.280
34.790
32.570
31.800
33.500
30.000
27.900
26.800
27.210
25.280
27.580
28.310
28.250
27.550
28.660
30.750
30.560
30.900
28.200
26.700
25.680
28.150
29.300
24.980
23.470
22.280
20.110
19.750
19.410
18.240
18.450
18.000
17.560
17.800
17.450
16.990
16.580
17.050
17.100
16.760
17.330
17.220
17.050
16.970
17.390
17.580
17.280
17.000
16.990
16.410
15.990
16.200
16.490
16.250
15.550
15.760
15.340
15.480
15.710
15.900
15.800
15.750
15.500
15.910
15.820
16.000
15.160
15.440
15.200
15.300
15.680
14.950
14.830
14.880
14.810
14.980
14.350
14.310
14.160
14.340
14.700
14.700
14.550
14.190
14.200
14.930
15.290
15.420
15.830
16.250
15.620
15.500
15.190
14.650
15.600
16.190
17.000
16.530
16.480
16.400
17.100
17.160
17.400
17.950
17.800
18.190
17.860
17.500
17.140
17.310
17.400
16.800
16.980
17.010
18.480
18.790
18.610
18.250
18.530
19.100
18.020
17.920
17.400
17.700
17.390
16.650
16.800
17.200
16.590
16.280
16.190
16.550
16.360
16.470
15.720
16.150
16.160
15.840
15.900
15.990
15.870
15.360
15.540
15.140
14.850
14.940
14.810
14.570
14.770
15.300
14.900
14.860
14.890
14.980
14.850
14.790
14.680
14.560
14.330
14.150
13.950
14.410
14.370
14.410
14.550
14.460
14.800
15.130
15.330
15.000
14.590
14.560
14.780
14.920
14.860
15.030
15.150
14.280
14.150
14.050
14.310
14.060
14.150
14.150
13.930
13.460
13.890
14.370
13.720
14.490
15.180
15.010
15.500
14.800
14.540
14.780
14.460
14.600
13.800
