7.000
7.030
7.060
6.900
6.970
6.790
6.750
6.740
6.650
6.650
6.740
6.780
6.820
6.800
6.810
6.830
6.810
6.710
6.660
6.790
6.860
6.890
6.600
6.570
6.520
6.670
6.770
6.690
6.700
6.600
6.880
7.090
7.160
6.990
6.920
6.860
6.790
6.790
7.020
7.310
7.370
7.230
7.390
7.500
7.560
7.460
7.390
7.370
7.410
7.410
7.670
7.750
7.950
7.980
8.170
8.310
8.450
8.530
8.580
8.590
8.660
8.710
8.740
8.780
8.560
8.730
8.840
8.720
8.740
8.770
8.880
8.860
8.870
8.960
8.940
8.990
9.010
9.090
9.040
9.020
9.120
9.140
9.130
9.130
9.090
9.150
9.190
9.240
9.150
9.240
9.200
9.230
9.290
9.130
9.250
9.160
9.350
9.320
9.330
9.170
9.190
9.170
9.190
9.260
9.340
9.980
9.350
9.180
9.100
9.150
8.980
8.950
9.080
9.090
9.560
9.620
9.630
9.690
9.870
9.960
10.270
10.280
10.280
10.380
10.250
9.960
10.060
10.370
10.260
10.460
10.570
10.600
10.730
10.840
10.190
10.230
10.180
9.290
9.200
9.240
9.210
9.230
9.290
9.130
9.190
9.190
9.150
9.220
9.340
9.180
9.260
9.360
9.330
9.280
9.470
9.370
9.580
9.100
9.130
9.070
8.950
9.010
9.100
9.140
8.900
8.940
8.940
9.050
9.070
9.100
9.200
9.250
9.330
9.400
8.790
8.720
8.730
8.690
8.790
8.830
8.880
8.730
8.580
8.450
8.440
8.430
8.640
8.710
8.720
8.790
8.640
8.630
8.600
8.680
8.820
9.020
9.070
9.180
9.020
9.000
9.000
9.050
9.060
9.100
9.090
9.170
9.060
9.190
9.190
9.420
9.650
9.480
9.430
9.440
9.350
9.110
9.200
9.190
9.200
9.300
8.960
8.960
8.980
8.990
9.090
9.200
9.320
9.940
9.850
9.730
9.770
9.890
9.850
9.770
9.770
9.800
9.780
9.840
9.630
9.740
9.840
9.980
9.890
10.200
9.600
9.640
9.780
9.970
9.390
9.060
9.110
9.150
9.190
9.290
9.240
9.330
9.410
9.550
9.110
9.750
10.040
10.140
10.240
10.230
10.200
10.360
10.010
9.260
9.290
9.400
9.710
9.900
9.630
9.400
9.650
9.980
10.260
10.180
10.340
10.270
10.450
10.420
11.250
12.690
12.660
12.990
13.140
12.790
13.130
13.490
13.470
12.970
13.260
14.790
15.200
16.890
18.770
20.860
44.090
40.500
38.370
39.070
40.300
39.600
38.380
38.870
38.990
37.680
37.600
38.800
37.000
34.480
35.180
38.350
35.090
32.580
31.250
31.580
30.580
34.400
34.700
31.780
29.690
27.150
26.020
25.880
25.790
25.900
25.350
25.520
26.800
24.970
23.000
22.020
20.220
20.300
21.400
21.540
19.870
20.090
18.260
16.850
17.000
17.000
17.600
17.690
17.260
17.800
17.220
17.240
17.250
17.590
18.000
18.550
17.600
17.150
16.970
17.500
16.200
16.570
16.110
16.290
16.080
17.090
17.430
16.930
15.390
14.510
15.080
14.840
13.760
13.720
13.990
13.970
13.770
13.730
13.930
13.430
13.390
13.780
14.160
13.900
13.280
12.710
12.040
11.950
12.030
12.040
11.980
11.150
11.250
11.390
11.600
11.440
11.730
11.470
11.340
10.780
10.570
9.860
9.700
9.670
9.530
9.380
9.480
9.560
9.560
9.720
9.780
9.450
9.100
9.010
9.050
9.100
9.110
9.130
9.050
9.250
8.950
9.170
8.940
9.070
9.370
9.480
9.600
9.610
9.620
9.700
9.750
9.880
9.570
9.850
9.090
9.030
9.000
9.050
9.060
9.070
9.200
8.750
8.810
8.860
8.760
8.660
8.680
8.770
8.740
8.780
8.800
8.820
8.920
9.000
9.020
8.960
8.630
8.720
8.710
