6.060
6.050
6.030
6.010
6.000
6.080
5.950
5.940
5.910
5.850
5.920
5.970
6.040
6.010
6.060
5.990
6.020
6.170
6.240
6.200
5.950
5.950
5.620
5.620
5.570
5.630
5.670
5.670
5.500
5.440
5.610
5.680
5.710
5.750
5.750
5.680
5.610
5.600
5.630
5.930
5.990
6.080
6.190
6.230
6.160
6.210
6.150
6.100
6.060
6.110
6.290
6.340
6.420
6.590
6.780
6.800
6.950
6.890
7.000
7.060
6.840
6.950
6.630
6.550
6.410
6.530
6.790
6.760
6.720
6.670
6.600
6.620
6.620
6.600
6.690
6.720
6.670
6.670
6.680
6.700
6.840
6.950
7.040
7.050
7.110
7.150
6.990
6.980
7.040
7.050
7.070
7.190
7.050
6.890
6.930
6.640
6.660
6.680
6.740
6.740
6.750
6.600
6.540
6.520
6.440
6.400
6.530
6.510
6.450
6.450
6.200
6.150
6.180
6.170
6.450
6.560
6.660
6.690
6.730
6.740
6.800
6.850
6.790
6.800
6.880
6.850
6.900
7.140
6.900
6.900
6.670
6.730
6.670
6.620
6.530
6.580
6.550
6.600
7.080
7.150
7.240
7.200
7.250
7.270
7.580
7.540
7.350
7.370
7.370
7.330
7.310
7.340
7.350
7.340
7.340
7.410
7.480
7.470
7.440
7.400
7.350
7.280
7.310
7.320
7.330
7.350
7.520
8.020
7.830
7.630
7.630
7.620
7.630
7.590
7.880
7.810
8.030
8.280
7.880
7.750
7.800
7.680
7.430
7.320
7.360
7.600
7.890
8.000
7.780
7.700
7.900
7.670
8.590
8.280
8.080
7.980
8.180
8.230
8.040
7.710
7.780
7.380
7.490
7.550
7.640
7.590
7.800
7.600
7.420
7.400
7.650
7.450
6.960
6.920
6.790
6.580
6.540
6.430
6.500
6.450
6.750
6.680
6.640
6.560
6.590
6.590
6.450
6.230
6.170
6.100
6.120
6.040
6.120
6.180
6.250
6.090
6.090
6.010
5.990
5.970
6.070
6.180
6.050
5.930
5.990
5.980
6.080
6.100
6.150
6.250
5.740
5.510
5.710
5.640
5.500
5.550
5.590
5.620
5.640
5.470
5.330
5.350
5.350
5.360
5.320
5.350
5.300
5.370
5.500
5.480
5.400
5.410
5.400
5.470
5.470
5.610
5.940
5.920
6.000
6.000
5.770
8.290
8.380
8.340
8.340
8.440
7.840
8.100
8.160
8.260
8.300
8.280
8.260
8.190
8.180
8.010
8.200
8.220
8.190
8.000
7.930
7.840
7.810
8.200
7.680
7.790
7.760
7.770
7.680
7.500
7.200
7.160
7.110
7.170
6.880
7.230
7.170
7.230
7.300
7.410
7.760
7.180
6.790
7.170
7.400
8.000
7.790
7.800
7.880
7.550
7.730
7.640
7.430
7.220
7.460
7.500
7.350
7.370
7.350
7.280
7.230
7.250
7.600
7.670
7.310
7.450
7.580
7.460
7.210
7.400
7.400
7.460
7.440
8.000
8.400
8.680
8.860
8.880
9.800
9.900
9.980
9.860
10.100
9.940
9.950
10.290
10.250
10.240
10.180
10.360
9.580
9.540
9.550
9.090
9.270
9.200
9.490
9.680
9.640
9.780
9.570
9.630
9.510
10.390
10.860
10.850
10.700
10.640
10.650
10.640
10.880
11.400
11.450
11.790
10.840
10.740
10.500
10.460
10.330
10.400
9.990
9.380
9.880
10.270
10.460
10.530
10.280
11.000
10.780
10.400
11.000
10.700
10.750
11.150
10.710
10.350
9.410
8.550
7.830
7.600
7.500
7.570
7.350
7.280
7.660
7.960
8.000
7.880
7.340
6.770
6.800
6.600
6.250
7.180
7.150
7.300
7.180
6.780
6.580
6.950
7.270
7.610
7.660
6.970
7.420
7.480
8.550
9.720
10.400
10.680
11.700
11.850
11.970
11.850
11.980
12.600
11.720
10.810
11.050
11.090
10.200
9.940
10.000
11.500
10.990
9.990
9.080
8.250
9.130
9.050
10.350
11.780
11.560
12.300
13.170
14.400
14.650
15.290
15.960
16.490
15.950
15.980
15.200
15.210
15.270
15.260
14.480
14.980
14.000
13.450
13.800
12.880
11.780
11.250
12.080
12.290
12.310
11.970
11.770
11.290
11.170
10.200
10.090
10.240
10.700
10.600
10.560
10.370
9.790
10.000
10.630
11.590
11.790
10.900
10.120
10.510
10.400
10.200
10.380
10.570
10.060
10.500
10.250
9.500
9.790
9.450
8.900
8.330
7.750
7.990
7.950
7.730
7.660
7.470
7.740
7.650
7.320
7.090
6.980
7.150
7.150
7.000
7.130
7.150
6.630
6.480
6.310
6.300
6.300
6.290
6.140
6.150
6.200
6.360
6.170
6.160
6.190
6.150
5.950
5.900
5.940
5.920
5.820
5.650
5.600
5.590
5.590
5.580
5.800
5.780
5.740
5.800
5.990
5.860
5.990
5.990
5.920
5.740
5.760
5.710
5.520
5.690
5.820
5.710
5.700
5.660
5.740
5.960
6.070
6.230
6.280
6.110
6.150
6.310
6.460
6.480
6.440
6.070
6.080
6.970
6.530
5.940
5.550
5.700
5.690
5.450
5.230
5.060
5.180
5.220
5.310
5.300
5.240
5.210
5.300
5.240
5.230
5.290
5.250
5.290
5.140
5.100
5.150
5.140
5.060
4.980
5.070
5.050
5.240
5.210
5.360
5.600
5.230
5.180
5.140
5.010
5.040
4.990
4.940
4.880
4.730
4.810
4.990
5.060
5.040
5.170
5.210
5.120
5.170
5.160
5.180
5.260
5.280
5.240
5.270
5.080
5.080
5.050
4.980
5.030
4.990
4.950
4.930
5.140
5.140
5.060
5.160
5.130
4.990
5.020
4.990
5.000
4.930
4.940
4.910
4.860
4.870
4.850
4.940
5.050
5.190
5.140
5.190
5.290
4.910
4.530
4.470
4.470
4.420
4.380
4.500
4.560
4.520
4.520
4.570
4.380
4.480
4.380
4.270
4.220
4.290
4.480
4.400
4.260
4.280
4.320
4.750
4.570
4.150
3.770
3.720
3.760
3.780
