9.050
9.080
9.040
9.100
9.320
9.560
9.730
9.810
9.640
9.270
9.380
9.640
9.670
9.830
9.610
9.420
9.440
9.230
9.230
9.210
9.010
8.740
8.520
8.470
8.180
8.300
9.060
8.880
8.660
8.300
8.580
8.900
9.300
9.330
9.500
9.000
9.110
8.960
8.550
9.170
9.460
10.350
10.600
10.300
10.630
10.450
9.510
9.400
9.430
9.510
9.360
9.960
10.290
10.220
10.630
10.620
11.410
11.510
11.500
9.400
9.410
9.480
9.430
9.260
9.290
9.360
9.550
9.640
9.700
9.640
9.700
9.640
9.890
9.870
9.940
9.940
9.800
9.880
9.800
9.710
9.790
9.860
9.830
9.610
9.330
9.510
9.610
9.770
9.740
9.820
9.800
9.830
9.940
9.810
9.710
9.880
9.870
9.860
9.920
9.990
10.060
9.310
9.250
9.130
9.110
9.300
9.210
9.110
9.020
8.790
8.720
8.950
8.910
8.870
9.850
9.940
10.130
10.140
10.050
10.100
9.980
9.810
9.540
9.570
9.800
9.880
9.900
9.780
9.880
9.870
9.870
9.800
9.960
9.900
9.790
9.960
9.700
9.650
10.480
10.480
10.480
10.490
10.500
10.550
10.530
10.560
10.780
10.710
10.610
10.550
10.670
10.950
11.010
11.020
11.060
11.040
11.070
11.030
11.110
11.010
10.540
11.000
10.700
10.980
11.210
10.920
10.840
11.230
10.680
10.410
10.200
10.100
10.300
10.410
10.120
10.310
10.180
10.130
9.700
9.170
9.100
9.620
9.430
9.160
8.890
8.770
8.790
8.790
8.760
8.350
8.550
8.530
8.640
8.560
8.950
8.970
9.060
8.780
8.820
8.800
8.830
8.820
8.790
8.760
8.850
8.800
8.860
9.010
9.180
9.200
9.060
9.010
9.050
8.950
8.520
8.620
8.930
9.050
8.700
8.870
8.800
8.710
8.620
8.600
9.240
9.230
8.940
9.500
9.620
9.310
9.100
7.980
8.530
8.600
8.640
8.710
8.550
8.350
8.450
8.530
8.530
8.490
8.430
8.300
8.220
8.180
8.200
8.000
7.960
7.740
7.990
7.930
7.950
7.800
7.890
7.990
7.800
7.770
7.820
8.410
8.590
8.670
8.720
8.590
8.710
8.300
8.230
8.250
8.000
8.400
8.380
8.530
8.340
8.600
8.500
9.170
9.000
9.120
8.900
9.290
9.590
9.560
10.130
10.600
10.350
9.950
9.880
9.900
9.800
9.530
9.560
9.800
10.340
10.100
10.370
10.410
10.210
10.100
10.050
9.810
9.670
9.410
9.700
9.900
9.710
9.460
9.550
9.450
9.250
9.680
9.980
10.010
9.160
9.310
9.260
8.900
8.680
8.610
8.570
8.560
8.350
8.340
8.570
8.700
8.960
8.400
8.960
8.030
7.710
7.670
8.190
8.650
9.340
9.240
9.400
9.090
9.360
8.810
8.510
7.910
8.250
8.310
8.300
7.960
7.800
7.360
7.400
7.600
8.370
8.840
8.430
8.700
8.810
8.550
8.000
8.330
8.500
9.000
9.300
9.830
10.010
10.950
11.680
11.300
12.180
13.380
13.210
12.800
13.090
12.650
12.590
12.550
12.900
12.500
12.800
13.120
12.750
12.500
12.000
11.890
12.390
12.800
12.900
12.890
13.240
12.850
13.130
13.310
12.310
12.850
13.780
13.500
13.000
12.890
12.370
12.060
12.570
12.430
11.500
11.940
13.200
12.800
12.500
11.610
11.380
11.110
10.270
10.190
10.350
10.550
10.560
10.870
10.300
10.760
10.450
9.200
9.350
9.810
10.250
9.910
8.800
8.800
8.300
7.910
7.480
7.110
6.860
6.830
6.750
6.620
6.720
6.980
6.900
6.980
6.550
6.510
6.600
6.160
6.090
6.770
7.280
7.250
7.030
6.400
6.350
6.080
6.690
7.320
7.500
6.750
7.040
7.820
8.690
9.630
10.670
10.190
11.030
11.910
11.860
11.110
10.580
10.800
9.890
9.630
9.350
9.160
8.750
8.550
9.110
9.550
9.060
9.710
10.790
11.900
11.760
11.500
11.200
11.140
10.030
9.100
10.080
10.980
9.980
11.090
12.320
13.100
12.000
13.330
14.810
16.180
16.940
16.140
17.930
19.600
19.710
20.310
20.900
19.780
18.370
18.480
18.020
16.710
16.910
16.030
16.510
16.270
15.710
14.600
15.730
16.910
16.410
16.300
16.250
16.550
16.200
16.000
15.500
14.210
14.810
14.560
14.340
13.850
13.600
13.200
14.000
14.080
14.790
14.500
13.770
13.700
13.810
13.550
14.160
14.760
14.440
13.750
13.310
12.300
12.960
12.250
12.120
12.220
12.350
12.310
12.200
12.320
11.850
11.990
12.000
12.530
12.420
12.100
12.110
12.000
11.870
11.610
12.050
11.750
11.100
10.950
10.910
10.010
9.700
9.560
9.720
9.660
9.470
9.270
9.320
9.140
9.000
8.830
8.710
8.680
8.560
8.700
8.910
8.950
9.130
8.840
8.610
8.610
8.700
8.820
8.860
8.660
8.550
8.670
8.330
8.080
8.010
8.620
8.600
8.490
8.460
8.500
8.250
8.580
8.670
8.320
8.540
8.420
8.550
9.500
10.200
10.800
10.930
10.420
10.560
10.930
10.980
9.900
9.580
9.550
8.950
9.590
9.500
9.320
9.300
9.750
9.720
10.010
9.910
9.880
9.090
8.920
9.100
9.130
8.780
8.320
8.210
8.160
8.130
8.310
8.160
8.210
8.160
8.190
8.320
8.110
8.130
7.880
7.850
7.680
7.760
7.740
7.980
7.900
7.860
7.680
8.100
8.180
8.290
8.460
8.180
8.180
8.170
8.160
8.200
7.840
7.690
7.690
7.690
7.610
7.590
7.500
7.380
7.980
8.080
8.010
7.970
7.970
8.170
8.300
8.250
8.210
8.080
8.040
7.990
7.970
7.970
8.000
8.080
8.050
8.020
8.020
7.990
8.190
8.270
8.230
8.200
8.010
7.970
7.740
7.820
7.700
7.720
7.670
7.800
7.760
7.900
7.240
6.970
6.910
6.910
6.900
7.100
7.100
7.200
7.200
7.340
6.980
6.740
7.000
6.940
6.990
6.650
