7.580
7.450
7.410
7.360
7.290
7.310
7.210
7.290
7.010
6.910
7.050
6.980
7.070
7.060
7.030
7.070
7.120
7.180
7.010
6.960
6.850
6.850
6.730
6.710
6.660
6.590
6.650
6.430
6.250
6.240
6.320
6.360
6.570
6.580
6.600
6.430
6.480
6.440
6.300
6.520
6.410
6.350
6.400
6.650
6.840
6.820
6.840
6.800
6.860
6.880
6.770
6.860
6.780
6.760
6.770
6.680
6.880
7.060
7.000
6.980
7.050
7.020
7.100
7.090
7.080
7.050
7.200
7.280
7.270
7.110
7.090
7.160
7.200
7.170
7.250
7.240
7.240
7.220
7.180
7.120
7.080
7.220
7.270
7.210
7.180
7.200
7.290
7.240
7.350
7.430
7.580
7.550
7.560
7.340
7.280
7.330
7.380
7.550
7.620
7.670
7.590
7.380
7.400
7.280
7.380
7.370
7.280
7.280
7.060
7.110
7.050
7.010
7.000
6.750
6.570
6.840
6.860
6.950
7.080
7.020
6.900
6.900
6.660
6.640
6.640
6.620
6.680
6.680
6.560
6.610
6.760
6.750
6.750
6.660
6.610
6.450
6.580
6.400
6.400
6.770
6.800
6.800
6.800
6.710
6.810
6.900
6.880
7.100
6.880
6.700
6.670
6.640
6.610
6.590
6.630
6.680
6.720
6.580
6.580
6.710
6.730
6.660
6.720
6.630
6.870
7.070
7.080
6.900
6.900
7.000
7.020
6.970
6.830
6.880
7.050
6.990
7.050
7.060
7.210
7.150
6.800
6.460
6.100
6.010
6.200
6.300
6.240
6.450
6.440
6.510
6.180
5.910
5.770
5.810
5.770
5.760
5.670
5.580
5.450
5.510
5.520
5.450
5.520
5.700
5.780
5.770
5.690
5.650
5.760
5.800
5.790
5.650
5.620
5.630
5.650
5.720
5.650
5.720
5.560
5.420
5.440
5.380
5.520
5.560
5.540
5.550
5.470
5.410
5.430
5.480
5.220
5.150
5.200
5.250
5.280
5.120
5.010
4.960
4.730
4.770
4.720
4.640
4.510
4.660
4.550
4.570
4.520
4.530
4.600
4.390
4.400
4.490
4.650
4.750
4.860
4.820
4.820
4.830
4.650
4.630
4.710
4.600
4.710
4.670
4.730
4.600
4.610
4.650
5.080
5.000
5.100
5.040
5.030
4.940
4.920
5.080
5.320
5.340
5.280
5.210
5.270
5.450
5.350
5.250
5.130
5.010
5.270
5.260
5.280
5.390
5.370
5.180
5.030
4.900
4.950
4.720
4.660
4.580
4.580
4.500
4.370
4.620
4.740
4.760
4.780
4.890
4.910
4.810
4.690
4.710
4.690
4.670
4.500
4.540
4.540
4.650
4.760
4.630
4.710
4.580
4.260
3.970
4.080
4.050
4.360
4.350
4.360
4.260
4.260
4.150
4.050
3.900
4.050
4.030
3.920
3.920
3.840
3.850
3.800
3.800
4.050
4.370
4.280
4.330
4.490
4.390
4.210
4.340
4.400
4.450
4.430
4.510
4.600
4.780
5.150
4.810
5.070
5.590
5.740
5.530
5.510
5.570
5.420
5.550
5.540
5.450
5.450
5.370
5.330
5.350
5.170
5.210
5.270
5.260
5.360
5.530
5.530
5.500
5.390
5.340
5.100
5.330
5.780
5.870
5.880
6.030
5.570
5.520
5.560
5.380
5.450
5.610
5.610
5.610
5.590
5.670
5.610
5.570
5.300
5.240
5.170
5.090
5.060
4.860
5.030
4.980
4.790
4.730
5.060
5.020
4.960
4.750
4.800
4.840
4.680
4.540
4.460
4.390
4.340
4.360
4.360
4.340
4.480
4.460
4.510
4.290
4.330
4.410
4.180
4.030
4.410
4.830
4.800
4.690
4.430
4.480
4.180
4.410
4.800
4.700
4.360
4.440
4.760
5.290
5.870
6.340
6.000
6.150
6.400
6.380
6.210
6.300
6.390
6.010
5.840
5.540
5.690
5.550
5.520
6.000
6.250
6.060
5.850
6.060
6.390
5.810
5.280
4.850
5.250
5.830
6.480
7.200
6.890
7.660
8.510
9.260
9.100
8.610
9.570
10.230
10.150
9.800
9.810
8.900
8.560
8.120
8.190
8.310
8.360
7.800
8.170
7.950
7.370
6.770
7.200
7.810
7.960
7.460
7.430
7.310
7.250
7.050
6.270
6.200
6.360
6.360
6.500
6.210
6.000
5.970
6.250
6.650
6.660
6.610
6.380
6.380
6.780
6.760
6.910
6.520
6.200
6.270
6.400
6.190
6.260
6.350
6.300
5.620
5.600
5.610
5.720
5.450
5.420
5.240
5.200
5.150
5.130
5.090
5.240
5.070
5.160
5.120
5.010
4.890
4.790
4.770
4.700
4.610
4.630
4.580
4.490
4.540
4.650
4.510
4.460
4.430
4.430
4.280
4.300
4.360
4.310
4.360
4.280
4.210
4.160
4.120
4.100
4.160
4.210
4.360
4.430
4.400
4.460
4.280
4.360
4.350
4.230
4.200
4.210
4.200
4.010
3.960
4.090
4.040
4.040
4.010
3.990
4.120
4.180
4.180
4.110
4.030
3.990
4.040
4.100
4.150
4.160
4.090
4.080
4.130
4.110
4.160
4.160
4.240
4.260
4.200
4.050
3.930
3.990
4.040
4.010
4.080
4.020
3.990
3.980
3.960
3.960
3.930
3.920
3.910
3.870
3.870
3.900
3.870
3.850
3.820
3.800
3.850
3.860
4.010
3.960
4.040
4.080
4.010
4.030
4.000
4.050
3.990
3.920
3.790
3.860
3.850
3.960
4.020
4.030
3.970
4.180
4.170
4.260
4.240
4.220
4.190
4.140
4.140
4.150
4.120
4.150
4.140
4.020
4.020
4.010
3.940
3.900
4.030
4.000
3.970
3.990
3.960
3.970
3.920
3.910
3.930
3.900
3.830
3.820
3.920
3.820
3.490
3.470
3.470
3.500
3.500
3.490
3.490
3.440
3.400
3.380
3.400
3.380
3.360
3.400
3.420
3.410
3.380
3.380
3.350
3.360
3.340
3.300
3.230
3.140
3.150
3.140
3.150
3.160
3.150
3.230
3.210
3.190
3.170
3.150
3.170
3.210
