60746.88
35285.27
33807.57
44059.69
53034.33
126470.42
98654.30
126437.41
115962.00
41058.03
54584.60
42956.37
22584.55
29358.12
28447.75
28632.15
33801.87
22610.50
18749.95
27587.70
32864.20
36732.57
38899.27
29763.73
38704.60
64971.76
37929.90
31699.19
41335.41
61560.95
44259.59
27974.70
26802.40
45238.25
38243.58
44691.98
71793.96
74461.00
69707.20
111439.21
47171.54
54435.40
75314.69
52630.00
49603.10
69645.12
146454.41
70090.88
103035.88
116403.05
114751.84
132477.09
107523.80
206176.73
355309.28
232394.73
201529.48
233952.88
168986.59
145313.09
187382.41
270883.31
187463.92
383172.88
251273.80
130623.64
100178.76
116109.14
174476.52
102476.00
83333.73
69605.02
106570.60
138002.27
87357.86
81595.55
119553.13
79743.25
89988.54
129495.48
244411.05
176965.16
184733.64
115467.37
153072.67
161438.48
197782.23
183951.77
192048.94
304568.97
322428.25
304459.75
281819.09
241729.28
360359.56
371024.12
484559.03
565877.38
694336.31
471869.72
5.00
399678.56
559432.81
323628.97
63576.63
42199.79
43939.01
44269.48
48080.92
99650.92
51279.40
77407.30
96045.20
206446.00
115314.61
159220.77
279501.03
65153.43
43650.59
26993.60
33523.86
48762.28
75400.77
70641.35
85032.54
160428.23
96801.30
49406.63
37171.32
30398.75
30506.42
28315.98
33151.51
45139.09
42930.03
23079.96
25428.05
19564.45
35860.67
54986.11
23857.49
26086.52
37893.69
31257.48
33119.24
40295.44
38228.82
40380.49
45213.24
31127.04
34611.73
53551.26
57139.45
87573.95
98393.38
38963.66
35237.54
29393.10
26018.87
28695.98
25782.27
36682.08
54502.83
55206.34
37765.31
35992.01
49910.38
52975.38
94451.11
91613.01
41657.41
63770.14
37386.84
62818.42
78207.29
34845.94
31887.69
32060.38
22457.76
23297.44
32930.53
75382.48
41748.64
57575.81
41405.08
67489.00
44287.12
81478.86
134020.03
215649.52
131193.80
86779.45
87783.60
120360.47
49697.62
60041.41
69181.74
59751.52
74610.04
134478.30
202180.84
229973.80
305877.94
275385.69
3295.68
91270.83
48917.84
60648.20
83920.63
59729.64
54312.92
80617.48
71458.12
53769.15
74984.45
90317.94
110087.58
43970.23
68577.65
54964.25
79111.10
81701.26
43862.69
57006.05
49337.21
72762.22
95384.75
82378.26
36424.51
49589.66
57812.11
57556.13
55850.11
43491.36
68404.40
52806.99
85230.30
82209.23
72236.45
59536.07
41647.52
60568.42
50501.57
28480.15
36714.02
47460.09
72244.20
65743.19
86048.39
69692.80
46795.22
38375.93
52581.69
63767.60
77627.93
52661.75
50803.92
61660.81
34876.33
49249.18
56639.99
51678.71
38499.58
47120.04
44334.31
37842.34
47495.41
37185.71
56509.89
40167.80
71737.84
66579.76
42583.48
63573.93
86400.66
76796.07
78946.03
81041.54
117880.11
70657.19
77077.29
76921.88
107274.29
156643.95
37759.00
170928.05
196374.59
129952.03
125904.61
131312.39
59496.06
85188.61
53410.95
65199.14
115572.21
69422.16
105393.47
91661.30
88679.76
50009.15
56243.39
38420.94
44646.51
59148.68
68728.21
77200.23
79415.47
80152.18
76420.52
64750.97
83423.42
123396.16
155798.08
86684.80
111370.35
77815.37
113119.58
146167.16
78661.01
115498.12
298713.78
113147.98
157349.88
162791.73
112889.43
125441.22
149229.88
146310.47
191074.27
177394.41
201700.34
337047.03
119452.98
146714.95
280864.78
134113.91
136636.25
118404.36
89317.98
151032.03
123360.66
111901.98
128287.68
101003.44
128163.48
90660.05
106449.72
92748.57
79913.66
4587.13
53392.07
55889.36
62963.42
68193.14
84626.96
79986.58
100461.28
89585.30
78513.77
116221.51
83672.79
81612.20
103019.40
74931.66
86598.67
102592.99
80602.32
67665.91
81403.36
93682.94
103008.51
149476.19
133247.73
153449.48
56942.64
66950.67
150793.55
211457.41
217951.59
303568.72
241765.38
224731.20
157062.86
175230.19
239428.42
161079.02
104459.25
72213.89
129677.90
120726.94
113506.03
110189.75
181447.59
116815.00
183017.73
219104.14
241355.44
232481.34
219163.48
169240.12
204218.91
171126.06
152583.62
129995.55
279154.47
159803.95
65701.16
159477.52
273715.25
56025.98
173332.22
122208.86
159095.62
114120.46
138437.52
118083.08
87707.45
93098.60
110344.05
99733.37
103089.12
169974.44
93416.59
117906.16
181925.77
184945.83
103885.46
126594.45
150375.83
229004.53
178185.48
128549.34
148580.25
160407.02
172828.27
195761.81
221807.30
290506.56
288800.44
223518.72
170608.78
159028.94
162181.02
144747.64
155920.73
220652.11
168144.06
159496.06
168171.91
200287.09
109087.23
138613.58
169540.80
81256.54
95877.13
93829.65
130361.65
148085.31
150427.62
197624.06
162877.98
123091.47
185772.31
186013.89
140711.78
156374.64
330060.62
191857.86
192823.34
160664.91
162646.41
174594.05
212932.78
279023.53
116428.23
206513.39
130998.05
121799.78
167968.27
262479.28
172032.91
153290.62
110810.12
157531.41
146654.62
158276.98
118359.23
104652.94
122831.08
125236.40
116228.72
66107.17
86398.01
88551.94
104386.22
93692.65
82679.73
84816.74
51027.44
54467.18
1026.92
37601.14
40878.40
43778.89
30038.67
23120.45
30687.40
23901.42
38770.96
48007.90
39714.74
33614.71
55251.60
56745.66
58595.27
78598.73
102867.58
67671.25
69668.20
108519.77
72792.64
58457.88
85120.61
72289.50
48996.11
38661.49
47324.69
85370.63
89678.23
72972.70
84165.70
117922.04
137803.91
265413.41
171377.44
89158.78
113310.96
81595.97
93398.36
124053.97
236957.52
289214.03
134482.45
156279.30
212742.95
204568.55
282073.62
377364.34
299123.94
204502.62
250672.06
273079.31
135351.83
96272.48
67849.95
111903.72
111112.38
138001.19
102913.71
148658.70
91324.95
59400.98
61570.56
52079.57
46327.28
60245.55
54330.77
69429.03
99909.31
123571.75
86223.65
123365.92
97505.20
75589.07
111923.61
119882.18
182100.73
304043.22
236454.94
166141.61
78673.80
69869.42
94089.31
100176.44
91024.49
75928.75
135807.28
182531.72
119757.35
169533.72
123482.35
194917.56
134697.03
121945.33
159039.73
193044.64
144594.33
178583.73
236754.23
202649.98
97830.67
129098.54
190539.44
130219.96
193553.91
169060.28
213196.97
167370.09
129208.83
168142.66
120496.01
151903.00
142088.17
150698.97
94195.54
122611.73
86971.66
76272.69
121796.80
160613.73
171626.69
335971.34
113936.16
152449.83
101513.81
90261.79
113198.13
72140.43
88298.82
82798.99
52612.96
82080.39
90865.79
65165.55
49502.51
94289.80
61374.95
51479.23
51640.93
40053.59
55132.29
81629.78
96982.58
152217.59
226176.16
61794.09
105348.13
69419.13
