16.750
16.350
16.310
16.540
16.680
16.610
16.160
16.090
15.880
15.430
15.280
15.500
15.450
15.800
15.400
15.200
15.040
15.020
15.000
15.180
14.950
14.850
14.700
14.610
14.270
14.210
14.430
14.510
14.650
14.530
14.500
14.680
15.020
15.280
15.280
15.440
15.140
14.860
14.870
14.730
15.080
15.200
15.200
15.650
16.070
16.160
16.460
16.500
16.310
16.470
16.340
16.800
16.900
16.650
16.460
16.220
16.100
16.390
16.320
16.660
16.680
16.880
16.980
17.050
16.850
16.700
16.650
16.900
17.100
17.430
17.350
17.200
17.310
16.780
16.640
16.970
16.950
16.730
16.730
16.800
17.360
17.620
17.600
17.340
17.530
17.210
17.580
17.540
17.640
17.920
18.610
16.920
17.070
17.000
16.520
16.750
16.610
17.050
17.270
16.690
16.750
15.970
15.870
16.000
15.580
15.680
15.730
15.500
15.470
15.690
15.320
15.220
15.280
15.240
15.320
15.520
15.760
15.910
16.180
16.110
15.550
15.650
15.440
15.410
15.290
15.190
15.300
15.190
15.180
15.220
15.540
15.690
15.300
15.300
15.200
15.080
15.130
15.350
15.000
15.990
16.100
16.260
15.870
15.890
15.700
15.660
15.510
15.540
15.740
15.750
15.610
15.880
15.930
15.880
15.960
16.130
16.130
15.700
15.740
15.400
15.560
15.450
15.730
15.670
14.930
14.520
14.530
14.870
14.770
14.600
14.660
14.500
14.340
14.500
14.600
14.680
14.530
14.670
14.660
14.750
14.290
14.150
13.750
13.790
13.590
13.770
13.800
14.250
14.230
14.170
14.200
14.320
14.270
14.300
14.390
14.770
14.650
14.780
14.700
14.640
14.870
15.020
14.870
14.960
14.980
15.070
15.100
15.060
15.090
15.020
15.420
15.630
15.500
15.620
15.330
14.990
14.860
15.190
15.240
15.090
15.080
14.960
14.870
15.020
14.980
15.420
15.060
14.800
15.860
15.760
15.570
15.790
16.460
16.810
16.890
16.950
17.020
17.360
17.480
16.830
16.320
15.890
15.550
15.580
15.530
15.400
15.380
15.480
15.850
14.860
14.670
14.990
15.350
15.230
15.550
15.460
14.480
14.900
14.520
14.610
15.840
16.030
16.370
16.770
16.600
16.700
16.550
15.900
15.800
15.880
15.800
16.020
16.490
16.470
16.300
16.040
17.070
16.320
40.480
40.930
39.580
41.600
40.790
44.000
44.750
43.480
43.480
42.130
42.010
42.700
42.640
44.070
47.270
48.000
46.950
47.250
47.850
46.650
47.240
47.650
46.320
47.890
47.620
50.100
52.380
51.980
51.680
53.780
50.860
48.810
49.600
48.860
47.450
49.910
51.970
51.200
48.900
48.100
47.000
47.130
48.030
45.500
44.900
43.420
41.860
38.050
38.000
37.450
38.220
39.420
43.800
42.500
45.230
46.490
45.090
40.990
41.280
40.100
36.740
36.550
34.890
38.770
37.620
41.800
38.150
42.130
38.300
36.000
40.000
42.090
41.670
41.000
45.000
41.400
43.400
42.980
44.120
40.450
39.540
37.270
33.880
30.800
28.000
27.410
27.460
26.980
27.750
27.630
27.980
26.960
27.550
27.390
28.060
30.900
31.800
31.310
31.130
31.390
30.880
30.440
31.180
31.900
30.200
29.990
30.450
30.110
30.080
30.150
29.850
29.560
28.080
28.160
28.710
29.400
29.890
29.350
29.330
28.240
27.230
25.990
28.420
27.990
28.560
28.800
27.840
28.290
28.000
27.280
26.980
25.530
25.760
25.470
26.470
25.330
26.430
25.640
26.500
26.010
24.220
24.310
25.460
23.250
23.990
26.650
26.690
27.200
26.870
25.090
23.690
24.930
27.700
28.660
27.300
26.400
24.550
27.280
30.310
32.550
34.900
34.520
38.350
36.990
37.400
36.660
37.410
36.780
34.850
33.860
34.600
34.600
32.000
33.550
32.040
33.500
31.100
34.560
38.400
39.180
36.510
34.490
35.900
34.220
31.400
30.000
28.700
26.090
23.720
26.360
25.300
28.100
31.200
34.300
32.050
35.610
39.570
40.040
39.880
41.050
45.610
48.520
47.780
49.610
49.220
48.800
48.920
45.510
41.370
43.930
43.780
43.990
45.150
42.300
40.390
36.730
37.690
37.550
35.600
35.160
33.750
33.000
32.600
31.610
30.330
30.790
31.610
33.690
34.700
34.420
33.850
35.950
36.470
36.170
34.990
34.730
33.940
35.680
36.520
36.180
35.320
35.320
34.000
32.540
34.050
33.980
32.260
32.110
31.890
30.740
30.950
31.220
29.680
30.010
29.750
30.670
30.070
29.520
29.900
28.750
28.450
27.690
27.530
27.440
27.700
27.620
27.400
28.470
28.560
27.500
27.890
27.360
27.260
27.600
27.900
27.820
26.830
26.700
25.910
25.650
25.750
26.490
26.290
26.250
25.700
25.970
25.900
27.290
26.710
27.380
28.310
27.140
26.760
27.380
27.400
26.400
24.780
24.190
23.680
23.530
22.840
22.210
23.080
23.170
23.440
23.450
22.500
22.410
21.910
22.620
23.520
22.830
22.840
22.500
22.270
23.950
24.790
26.000
26.120
25.440
24.360
24.790
24.020
26.690
27.980
28.190
28.650
29.730
28.290
27.980
27.600
27.930
27.650
27.950
28.490
27.790
28.890
29.030
30.900
33.120
33.570
31.660
31.520
31.670
30.580
31.370
32.920
33.530
33.190
32.320
32.550
32.260
33.110
33.000
33.760
34.190
33.850
34.550
35.270
36.330
36.260
36.390
34.930
34.450
34.900
35.950
36.570
36.760
36.740
37.390
36.400
34.350
34.040
36.350
35.590
34.050
33.720
33.380
32.730
32.600
32.910
33.590
33.450
31.180
30.190
30.990
30.150
30.030
30.800
29.030
28.100
28.260
28.260
27.300
27.370
27.750
28.020
28.030
27.750
27.540
28.140
28.150
28.040
27.920
28.680
29.120
28.330
28.150
26.920
27.100
26.700
27.630
27.350
27.370
27.770
27.260
28.020
28.630
28.600
29.300
29.750
29.080
