23.000
22.870
22.670
22.680
22.000
20.770
21.180
21.700
21.500
21.230
21.660
20.800
20.380
20.200
20.690
20.360
20.750
20.100
20.110
20.140
20.120
20.070
18.620
18.800
18.100
18.510
18.640
18.440
18.250
18.550
19.670
20.000
20.430
20.520
20.950
20.380
20.300
20.000
19.550
20.300
19.700
20.450
20.840
21.020
20.840
20.730
20.280
19.950
19.990
19.560
20.000
20.500
20.400
20.180
20.010
20.780
21.390
21.610
22.100
22.320
22.550
22.880
22.890
21.400
22.000
24.180
24.200
24.030
23.650
24.110
23.960
23.900
25.500
23.020
22.970
23.230
23.470
23.060
22.180
22.000
21.910
21.940
21.930
22.170
22.160
22.040
21.600
20.840
20.720
21.140
20.970
21.450
21.710
21.090
21.320
20.950
20.820
20.590
20.330
20.300
20.600
20.450
20.350
20.630
20.510
19.870
19.780
20.080
19.900
21.640
22.970
23.270
23.340
23.700
23.590
24.210
24.310
23.850
23.830
23.880
23.900
24.210
24.500
24.120
24.890
24.570
24.290
23.360
23.850
23.360
22.900
23.810
23.530
25.980
26.510
26.850
26.470
26.580
26.200
27.250
27.270
27.250
28.420
30.410
31.990
31.360
31.430
32.450
32.350
31.260
30.850
31.170
30.750
30.380
30.100
30.500
31.860
31.090
33.280
33.200
32.390
33.140
33.400
32.750
32.650
32.020
32.600
32.340
32.330
31.800
32.570
32.500
32.390
32.860
33.460
33.950
32.950
30.010
30.500
28.900
27.800
28.800
29.490
28.980
28.380
28.230
28.220
28.200
26.800
26.980
29.500
30.430
29.950
30.080
30.540
29.230
29.680
27.820
27.930
28.410
27.900
28.580
29.000
28.030
26.600
26.960
27.840
28.370
27.350
27.860
27.640
28.900
28.880
29.910
32.700
32.420
31.250
29.970
29.940
30.670
30.940
30.680
30.810
32.580
33.500
35.190
31.910
32.400
32.250
31.930
31.960
32.080
32.120
31.800
32.900
32.850
31.320
31.310
32.270
30.850
30.800
32.110
31.510
31.930
31.300
31.250
31.900
27.560
26.150
27.110
27.260
26.870
25.500
27.580
26.800
27.200
26.850
29.000
26.300
24.300
24.560
26.580
27.950
28.600
28.180
28.790
28.690
26.490
26.480
26.500
23.520
22.000
24.390
23.740
23.210
22.500
22.660
21.390
22.380
24.390
26.500
27.000
26.350
26.300
26.100
24.600
23.110
25.570
23.000
26.100
25.390
27.400
29.300
31.200
32.260
31.310
38.500
39.600
38.200
38.080
36.590
36.810
36.050
37.420
36.940
37.200
39.750
38.930
38.300
37.700
35.350
36.100
35.720
36.000
38.100
39.720
39.010
36.280
36.590
36.170
36.450
39.050
40.590
42.080
41.900
41.000
40.470
42.100
42.600
39.020
40.400
39.580
33.530
33.300
32.010
31.470
32.210
30.300
30.000
31.000
32.200
32.400
33.600
33.990
35.980
34.460
31.400
32.720
30.230
30.050
30.440
29.200
29.700
29.110
27.800
27.310
27.510
27.850
27.650
27.500
24.400
26.020
25.800
23.510
24.560
20.450
21.010
21.500
19.440
19.900
23.800
22.790
22.700
21.750
18.900
18.250
17.700
20.980
22.990
21.400
21.410
22.070
23.540
26.520
31.700
32.900
31.300
37.200
37.050
38.610
35.900
37.880
39.000
37.300
34.870
31.000
34.300
31.700
32.800
37.000
41.500
41.400
41.530
48.890
52.940
51.000
45.400
43.000
43.950
41.000
42.770
49.500
49.000
57.690
47.390
59.110
61.180
71.200
65.500
63.430
66.800
68.170
66.990
63.180
63.980
65.380
64.620
62.750
61.600
74.000
73.810
63.470
62.310
56.000
50.010
48.900
53.800
56.800
56.550
53.220
60.200
51.020
49.340
50.000
48.610
43.060
45.200
46.000
44.700
42.800
39.000
38.050
37.450
38.000
36.200
35.000
32.300
34.170
34.010
33.100
34.700
33.000
32.160
34.130
33.520
31.500
35.650
33.860
33.580
32.310
34.010
36.030
38.010
33.400
33.250
33.200
32.180
34.800
32.000
31.000
29.770
27.060
23.200
20.590
19.900
20.120
20.500
19.770
18.500
19.330
17.500
15.950
16.000
15.710
15.210
14.500
14.150
14.080
14.000
14.370
14.350
14.530
14.410
13.850
14.010
13.410
13.100
12.880
13.500
13.880
13.400
13.010
12.910
12.800
12.700
12.860
12.890
12.700
12.840
12.850
12.510
11.500
11.450
11.660
11.650
11.890
11.500
11.640
11.660
11.740
11.730
11.350
11.350
11.360
11.620
11.790
12.050
12.120
11.650
11.490
12.240
12.680
13.020
13.460
13.350
13.200
12.780
12.690
12.300
13.150
13.530
14.240
13.900
14.180
13.940
14.160
14.300
14.660
14.660
14.250
14.450
14.190
14.070
13.640
13.680
13.600
13.550
13.600
13.240
13.990
14.090
14.430
13.830
14.000
14.160
14.080
14.120
14.000
13.760
13.280
13.100
12.200
12.580
12.570
12.630
12.720
12.700
13.200
12.950
12.960
12.780
13.030
12.870
12.570
12.250
12.350
12.150
12.360
12.000
11.900
11.800
11.850
11.750
11.750
12.120
12.350
11.750
11.940
11.980
11.860
12.000
11.780
11.630
11.650
11.080
10.760
10.820
10.640
10.850
11.140
11.190
11.240
11.500
11.250
11.250
11.340
11.300
11.320
10.880
10.830
10.710
10.630
10.850
10.980
10.860
10.720
10.830
10.480
10.700
9.900
9.310
9.470
9.690
9.700
9.480
9.420
9.470
9.650
9.460
