105598.20
105196.69
137380.92
138664.27
195368.66
148122.88
76870.59
62472.35
72877.45
105665.24
118942.71
154864.16
83247.09
33617.10
59510.38
70695.38
54913.45
92172.36
66815.16
60021.16
51279.87
85388.90
96050.16
44735.78
43585.90
40408.72
30601.84
33376.46
45242.98
62406.81
45373.08
32592.68
39012.59
31562.92
60594.29
60322.59
30424.05
38286.06
38618.43
29793.58
40167.66
32397.85
33120.49
36200.88
45728.79
40118.77
57787.24
42327.85
29652.62
27637.33
36327.24
20434.91
31649.34
42252.52
40917.30
71508.28
47021.25
31072.26
51779.01
65431.79
60071.90
35519.81
50925.93
72559.40
63710.65
159781.88
68748.68
88966.27
62320.33
82879.10
82495.82
111437.60
209496.05
130971.54
53134.41
65441.78
88307.87
163753.19
145512.81
65509.63
42664.67
46074.60
41887.58
67050.39
119228.87
87495.41
132398.69
104023.01
44409.82
51984.33
32161.76
55840.17
39517.31
63473.58
62019.75
88290.69
93636.59
34708.39
40837.37
22527.75
87.00
65879.51
30859.89
27966.21
52714.87
66924.65
42214.93
45217.63
93250.98
103629.04
85112.65
50262.77
31909.25
48757.08
45502.22
66093.60
54241.57
62111.59
31042.83
44503.25
33096.86
43423.80
34773.48
46319.07
77199.95
123903.56
85314.43
100321.32
42425.45
81847.46
64868.33
70041.83
93306.43
154449.62
82330.63
82467.43
73542.98
57142.44
76349.60
114686.57
87326.05
147648.98
246733.56
315345.41
476270.38
155085.81
64689.03
78481.20
58055.30
132986.89
42487.20
53389.74
46408.98
71266.61
54202.82
105901.66
84503.58
150550.50
185969.48
97917.08
131778.66
124889.70
173283.30
184718.42
95494.30
117440.63
85556.41
108962.96
126675.11
156791.73
173732.09
111444.87
173497.12
200099.66
281501.31
463396.44
230212.61
155251.12
157891.09
232704.23
115885.13
137229.75
121344.78
142481.14
190920.84
91554.27
103897.65
121716.66
143219.69
128055.61
191385.56
234253.11
98260.24
118957.29
199830.91
204233.42
177209.52
165577.28
62067.63
94097.08
119577.06
110981.25
141653.25
227276.16
89537.42
98569.43
123148.21
104824.80
89184.28
103918.53
120507.25
102568.03
84448.28
171015.77
209741.28
133855.16
282153.47
179192.38
104234.49
156320.45
129809.73
150147.95
262203.03
360657.91
308155.06
378034.38
468900.03
152056.31
166219.77
121753.31
163941.80
126621.14
178050.69
207973.30
316619.28
231804.09
261812.20
150306.12
247241.45
259287.73
187730.84
265287.56
262218.59
396688.19
232277.02
227456.69
364343.12
253261.23
183949.28
110144.62
108629.90
154192.77
85891.13
127555.85
105271.45
145076.95
134391.95
210796.11
163348.19
146787.19
154260.42
133750.09
161551.80
259692.86
152389.44
144472.55
175443.45
212604.14
182539.31
168666.30
123315.32
64259.13
67613.61
104775.91
91818.28
106457.68
91188.45
112214.97
111236.33
148476.41
120329.07
99002.19
118237.63
158477.30
143988.97
158184.30
141845.31
151809.52
146098.72
144567.12
175827.83
121413.95
200283.84
34657.14
199118.86
170055.64
127480.52
156145.70
270536.47
119129.22
220782.98
70922.89
75648.17
94861.52
76163.66
122953.78
149651.95
152822.59
137255.98
163331.97
86069.64
74084.23
93044.88
82054.39
114002.08
127272.06
194856.61
192227.59
119207.71
154344.42
208699.06
168694.12
193213.06
199687.48
179989.52
254577.70
220274.64
269422.66
309905.94
286986.38
396537.97
426617.38
292740.12
223004.72
311842.09
241167.02
228248.98
246263.42
121694.55
172901.88
127990.84
117351.63
144913.73
206291.20
202584.31
238517.20
271659.62
327552.12
272199.53
151030.20
159555.53
143536.00
150160.34
196959.34
230739.98
195299.41
219665.67
4062.00
214649.86
303239.97
167216.69
229037.45
309630.22
333801.78
300657.44
144066.98
123502.06
216699.83
159190.19
150314.06
169396.61
195962.81
211256.86
288169.22
199690.66
222076.06
165218.95
110028.13
188271.64
244980.09
276350.06
259376.61
94194.31
47451.01
178319.44
112945.77
130156.32
139045.39
90741.35
119537.23
132616.94
145843.73
252895.09
203546.14
232013.20
160100.45
222567.56
272950.09
123813.55
183318.11
200851.09
307334.66
180942.55
116932.20
172785.22
164433.88
185253.33
154307.41
196429.44
233122.16
201454.55
141876.23
333595.59
144486.41
204928.97
161513.38
80387.78
141561.16
160516.75
127222.57
149012.33
116021.33
157187.03
158274.52
143687.81
131876.59
133805.86
119054.88
153823.55
215213.72
199458.95
185126.53
214548.30
197929.91
196000.59
136666.56
208511.20
187835.12
174730.38
198826.53
236222.23
169189.95
152499.61
148086.02
182822.52
187778.00
166640.61
167312.91
192509.31
264686.81
192468.77
103195.81
159764.72
155405.88
180020.02
205095.67
184628.25
111456.53
134520.98
179029.94
230453.00
233736.12
103561.64
133163.20
144378.50
172950.89
170260.31
211818.06
135361.64
142136.06
237933.38
243415.08
244836.28
253984.16
181775.05
245279.23
277871.66
389497.78
364415.22
548202.44
66559.21
352333.66
75143.96
268990.72
193734.28
178122.59
272871.84
359874.81
551794.44
447711.12
262010.22
185600.12
123946.83
157229.64
227373.48
270597.12
228642.47
99708.91
84489.22
104649.78
1389.00
121518.81
128749.47
175416.67
141589.02
130724.37
62265.74
66083.47
128052.06
288351.75
240009.95
236734.55
91934.23
156216.02
54657.15
71178.84
81699.50
78252.11
103169.99
119569.37
261501.45
186648.94
111955.98
104202.85
38046.32
41520.87
77703.90
51594.68
69147.14
73478.47
87988.56
94826.97
60711.53
53406.36
79013.33
61771.36
49685.73
43335.18
80733.51
43442.66
87712.33
102091.47
74257.92
85371.90
83630.01
113437.04
97304.63
82755.93
85342.15
149696.30
134548.77
175845.75
114917.82
146826.36
94541.26
114148.94
86059.00
163173.53
111017.19
267912.00
87340.06
89533.26
66560.14
94619.88
27719.19
49236.77
56131.73
62656.36
61753.15
99329.61
73837.54
73510.97
90298.08
69175.06
75206.87
70864.53
97313.93
187692.06
144701.27
164936.56
140737.81
167572.31
79571.47
73119.88
59580.62
61068.48
105945.53
159686.91
54937.90
114558.17
123811.71
109222.24
142488.05
114937.94
180925.34
86520.33
104441.68
104529.34
140796.44
58023.95
98272.82
53495.26
41045.70
62728.50
172649.14
159682.45
204735.94
111443.07
90545.01
129982.32
116212.94
190194.80
209578.16
181209.30
156361.88
66897.16
47735.02
77643.77
73083.68
70626.22
73816.59
164659.89
80316.43
162991.69
102249.22
89248.33
140597.33
170779.58
225188.45
98209.50
91982.10
91591.57
140426.44
117525.29
194802.55
174674.59
203815.41
403866.12
503329.03
115796.71
38241.39
28584.31
49489.95
58123.54
63265.23
37704.60
44582.05
68351.41
51916.97
