0.050
-0.120
0.150
-0.020
-0.010
-0.060
0.150
-0.340
0.380
-0.130
-0.890
-0.030
0.390
0.010
0.150
-0.150
-0.450
0.150
-0.150
-0.840
0.070
0.620
-0.290
-0.930
0.780
0.190
-0.330
0.000
1.200
1.090
0.990
-0.100
-0.660
0.190
-0.350
0.320
0.170
0.560
0.230
-0.190
-0.830
0.230
-0.470
-0.620
0.220
-0.460
0.340
0.290
1.000
0.190
0.000
0.150
0.350
-0.230
-0.260
0.250
0.040
-0.200
0.240
0.000
0.100
-0.080
0.110
-0.090
0.370
-0.050
-0.090
-0.040
-0.120
-0.070
0.040
-0.100
-0.100
-0.020
-0.010
-0.070
0.040
0.140
-0.030
0.030
-0.080
-0.110
0.000
0.000
0.050
-0.030
-0.070
-0.010
-0.030
-0.020
0.120
-0.040
-0.010
0.170
0.080
-0.100
0.010
-0.060
-0.010
0.100
0.000
0.120
0.020
0.010
0.040
0.010
0.000
0.010
0.030
0.020
0.080
0.110
-0.020
-0.010
0.050
-0.390
-0.150
-0.070
-0.070
0.010
0.000
-0.070
0.000
0.160
0.150
-0.060
0.070
-0.100
-0.010
-0.030
-0.140
0.070
0.050
-0.080
-0.020
0.110
0.170
-0.150
0.240
-0.990
-0.100
-0.120
0.050
0.020
-0.060
-0.360
0.100
0.030
-0.170
-0.040
0.110
-0.140
0.020
0.100
-0.050
0.100
-0.110
-0.010
0.090
0.050
0.130
0.190
-0.160
0.040
0.090
0.020
0.050
-0.150
-0.110
0.040
-0.100
-0.060
0.040
-0.080
0.080
0.070
0.180
-0.160
0.090
-0.040
0.030
0.020
0.450
-0.100
0.040
-0.100
0.140
-0.270
-0.160
-0.010
-0.010
0.050
0.130
-0.100
0.050
-0.460
-0.140
0.010
-0.050
0.240
-0.010
-0.010
-0.080
-0.060
-0.190
0.240
0.050
0.260
0.060
0.030
-0.270
0.000
0.020
-0.120
0.220
0.140
0.160
-0.210
-0.020
0.350
0.080
-0.190
0.080
-0.060
0.020
-0.290
-0.030
0.030
-0.770
0.190
-0.200
-0.160
0.340
0.000
0.070
0.040
0.010
-0.010
-0.010
0.140
-0.070
0.070
-0.080
-0.100
-0.090
0.150
-0.050
0.240
0.020
0.220
0.480
-0.320
0.180
0.260
-0.200
0.160
-0.130
0.240
0.310
-0.090
-0.620
-0.060
-0.130
0.210
0.130
0.120
0.020
0.480
-0.100
-0.080
0.050
-0.100
0.190
0.170
0.120
0.040
-0.360
-0.040
0.180
-0.140
-0.140
-0.050
0.010
-0.780
-0.690
0.060
-0.020
0.350
0.030
-0.140
0.030
0.130
-0.220
0.130
-0.040
-1.160
0.050
-0.430
-0.070
0.080
0.210
-0.390
0.280
-0.230
-0.550
0.980
0.230
-0.150
-0.170
0.350
-0.220
0.080
-0.040
0.000
-0.040
0.050
0.530
0.420
0.360
-0.190
-0.230
0.320
-0.060
-0.280
0.080
0.070
0.170
-0.900
-0.180
0.300
0.110
-1.310
-0.030
-0.800
-0.280
-0.840
-1.670
0.370
-0.250
0.140
-0.160
-0.070
0.510
0.380
0.490
0.160
1.060
-0.160
0.330
-0.400
-0.690
0.670
0.100
0.280
-0.540
0.310
0.650
-1.180
-0.500
0.000
0.450
0.180
0.440
0.470
-0.120
-0.300
0.540
0.360
0.530
0.040
0.000
0.100
0.170
0.220
0.650
0.010
-0.750
-0.050
0.030
-0.540
-0.300
0.000
0.270
0.680
-0.350
0.120
0.580
0.160
0.370
-0.400
0.480
0.690
0.350
0.490
0.840
0.160
-0.410
0.130
-0.500
0.280
-0.140
0.080
0.500
0.260
-0.300
0.870
-0.940
-0.970
0.250
-0.070
0.510
0.480
0.110
0.430
-0.980
-0.620
0.810
0.120
-1.070
-1.180
-1.320
-1.440
0.300
0.080
-1.580
0.050
0.700
0.340
-0.740
0.260
0.830
0.430
0.070
-0.250
0.890
-0.370
-0.300
-0.590
0.960
-0.460
-1.550
-0.610
0.290
1.440
1.310
1.190
-1.310
-1.270
0.900
-1.510
-1.680
-1.400
0.430
-0.100
-1.980
-1.270
0.100
-2.080
-0.270
0.890
1.310
0.770
0.030
-0.460
0.710
1.600
-0.700
-2.130
0.520
0.280
1.350
0.180
0.020
0.200
0.530
-0.810
0.490
0.370
-0.010
0.130
1.070
0.300
0.080
-0.180
-0.400
-0.500
-0.190
0.800
-1.490
-0.430
0.020
1.410
1.600
1.450
-0.640
0.140
0.180
0.740
1.020
0.110
0.070
0.620
0.320
-0.230
-0.360
0.480
0.010
0.220
-0.160
0.240
0.050
-0.260
0.870
0.460
0.110
0.250
0.070
-0.010
0.090
0.030
-0.040
0.170
0.090
0.000
-0.280
-0.240
-0.170
0.070
0.200
-0.170
0.040
-0.330
-0.040
0.040
0.380
-0.200
0.070
0.360
-0.480
0.130
0.620
-0.020
0.520
-0.350
-0.250
-0.250
0.370
0.100
0.070
0.020
-0.200
0.030
0.430
0.140
0.330
-0.100
-0.800
-0.360
0.080
-0.390
0.190
0.100
-0.060
-0.070
0.350
-0.500
0.260
-0.470
0.080
-0.250
0.510
0.010
-0.230
0.040
-0.390
-0.220
0.500
0.230
-0.330
-0.100
0.250
0.230
0.310
0.010
0.440
-0.430
0.250
0.200
0.640
0.030
-0.260
0.040
-0.140
0.180
0.040
0.260
0.130
0.040
-0.290
-0.040
-0.200
0.300
-0.130
-0.110
0.210
-0.050
0.020
-0.120
0.000
0.110
0.060
0.030
-0.010
0.060
0.110
0.140
-0.230
0.060
0.000
0.030
-0.340
0.160
0.110
-0.080
0.020
0.080
0.050
0.060
0.000
0.050
0.110
0.010
0.110
-0.110
-0.130
-0.100
-0.050
0.060
0.090
0.010
0.140
0.010
0.100
0.060
-0.040
0.110
-0.020
-0.090
-0.030
0.140
0.110
-0.130
0.100
-0.070
0.070
0.080
0.090
0.020
0.030
0.060
-0.070
-0.050
0.070
-0.110
-0.050
0.070
0.030
0.140
-0.170
0.110
