7.840
7.700
7.870
7.820
7.830
7.750
7.790
7.900
7.680
7.550
7.650
7.600
7.660
7.590
7.570
7.460
7.400
7.280
7.370
7.460
7.470
7.320
7.260
7.340
7.100
7.300
7.620
7.450
7.260
7.120
7.400
7.640
7.610
7.600
7.640
7.260
7.290
7.310
7.550
7.760
7.690
7.830
8.130
8.300
8.510
8.450
8.460
8.230
8.230
8.200
8.220
8.240
8.280
8.250
8.250
8.400
8.600
8.600
8.800
8.890
8.740
8.700
8.670
8.460
8.590
9.070
9.040
8.920
8.750
8.600
8.760
8.690
8.830
8.500
8.540
8.410
8.430
8.150
7.900
7.860
8.020
8.000
8.110
8.010
8.000
8.020
8.000
7.860
7.630
7.550
7.530
7.290
7.290
7.260
7.340
7.380
7.380
7.440
7.300
7.270
7.180
7.200
7.260
7.230
7.180
7.210
7.170
7.150
7.180
7.150
7.080
7.020
7.000
7.000
7.180
7.300
7.420
7.650
7.530
7.390
7.460
7.550
7.400
7.370
7.440
7.350
7.510
7.540
7.350
7.460
7.560
7.660
7.570
7.550
7.390
7.320
7.080
7.070
7.340
7.310
7.490
7.450
7.370
7.650
7.450
7.540
7.470
7.460
7.350
7.320
7.210
7.470
7.380
7.370
7.430
7.490
7.620
7.540
7.600
7.470
7.360
7.400
7.250
7.170
7.130
7.140
7.220
7.200
7.260
7.350
7.250
7.030
7.020
6.760
6.750
6.680
6.770
6.780
6.800
6.790
6.770
6.660
6.610
6.630
6.640
6.600
6.730
6.780
6.680
6.700
6.680
6.650
6.650
6.750
6.770
6.880
6.900
6.830
6.790
6.830
6.760
6.850
6.880
6.860
6.770
6.850
6.810
6.910
6.900
7.050
7.040
7.090
6.880
6.800
6.720
6.600
6.770
6.820
6.700
6.650
6.640
6.590
6.650
6.680
6.740
6.710
6.670
7.160
7.110
7.080
7.240
7.310
7.270
7.300
19.060
19.070
19.150
19.310
19.150
19.040
19.130
19.110
19.030
19.210
18.500
18.880
18.730
18.880
18.240
17.650
17.850
17.870
17.600
17.880
17.850
17.660
17.510
16.800
17.130
17.980
18.100
17.850
18.000
18.090
17.650
18.020
16.620
16.600
16.880
16.780
17.130
16.960
16.700
16.300
16.000
16.420
16.810
16.310
16.400
16.610
17.290
17.100
17.740
19.310
19.180
19.390
19.150
19.290
19.800
18.990
18.780
18.940
18.630
18.500
19.700
19.730
20.000
20.470
20.040
18.900
17.840
17.500
17.400
18.000
18.220
17.600
18.350
19.000
18.400
18.380
16.180
15.200
15.780
15.520
15.060
14.650
14.980
14.680
15.300
15.160
15.900
15.480
14.150
13.700
14.730
15.060
16.750
17.290
16.990
16.300
15.890
16.480
15.300
14.600
14.080
15.150
14.810
14.030
13.550
13.800
13.010
13.670
15.100
16.290
16.390
16.640
16.750
17.690
17.040
16.260
16.310
15.700
17.600
16.100
19.460
20.800
22.100
22.300
22.000
25.970
25.280
25.860
25.760
26.660
26.250
26.190
27.300
27.110
27.420
26.530
25.580
25.720
25.700
25.050
25.800
26.460
26.780
27.200
25.700
25.300
24.150
24.930
25.500
25.040
26.790
27.620
27.010
27.850
26.930
26.870
26.980
26.560
27.020
25.400
26.900
27.570
26.740
27.100
26.960
26.320
28.140
28.650
31.830
35.370
35.380
39.010
39.030
36.400
36.400
33.660
31.110
32.280
32.500
29.850
29.500
27.810
25.220
25.590
28.250
28.990
29.440
27.980
28.220
28.500
25.580
24.300
23.750
22.000
22.450
21.010
20.930
20.450
18.600
17.920
19.410
20.700
20.900
20.980
20.510
21.980
22.600
22.200
22.320
21.800
20.880
22.500
22.030
21.140
21.240
21.380
21.380
20.900
21.250
21.000
18.600
17.710
18.030
17.980
17.750
18.000
16.800
17.120
15.800
15.950
15.990
15.380
14.950
14.550
14.500
13.750
13.310
13.460
13.400
13.770
13.810
13.820
13.170
12.850
13.830
13.580
13.320
13.350
12.930
12.900
12.320
12.160
12.190
11.880
11.100
11.150
11.500
10.880
10.970
10.980
10.530
10.280
10.490
10.560
10.700
10.500
10.090
10.300
10.250
10.180
9.700
9.510
9.330
9.580
8.940
8.710
8.850
8.940
8.950
9.030
8.900
9.090
8.940
9.000
8.930
8.720
8.380
8.180
8.530
9.270
9.600
10.040
10.380
10.400
10.070
10.060
10.300
10.100
10.650
10.010
10.800
11.020
11.130
10.570
10.260
10.500
10.610
10.450
10.360
10.300
10.020
10.420
10.670
10.610
10.530
10.480
10.400
10.250
10.660
10.530
10.720
10.850
10.680
11.160
11.190
11.450
11.500
11.680
11.590
11.300
11.150
11.650
11.520
11.800
11.690
11.400
11.160
11.060
12.100
11.330
11.140
11.200
11.160
11.350
11.090
10.750
11.200
11.000
10.520
10.240
10.190
10.150
9.800
10.280
10.130
9.950
10.110
10.230
10.380
10.300
10.110
10.020
10.050
9.540
9.060
8.760
8.600
9.290
8.720
8.530
8.500
8.350
8.250
8.150
8.280
8.390
8.390
8.290
8.480
7.980
8.020
7.870
7.770
7.740
7.750
7.840
7.690
7.850
7.760
7.850
8.000
7.910
7.810
7.910
7.850
8.080
8.120
