11.630
11.280
11.200
11.200
11.130
11.010
10.970
11.180
11.050
10.810
11.040
11.230
11.220
11.150
11.130
10.840
10.670
10.500
10.600
10.700
10.790
10.500
10.340
10.300
10.060
10.500
10.730
10.630
10.450
10.460
10.900
11.240
11.280
11.190
11.240
10.900
10.860
10.750
10.980
11.390
11.200
11.300
11.600
11.660
11.730
11.760
11.520
11.630
11.890
11.810
12.390
12.610
12.520
12.710
12.930
13.090
13.520
13.570
13.700
13.220
13.470
13.590
13.580
13.330
13.310
13.680
13.830
13.820
13.970
13.830
13.960
14.230
14.240
14.360
14.600
14.080
13.810
14.100
14.070
14.170
14.280
14.300
14.230
13.990
14.000
14.350
14.320
14.220
14.270
14.250
14.210
14.330
14.140
14.120
13.800
13.700
14.030
13.930
13.800
13.940
13.860
13.700
13.870
13.740
13.730
13.750
13.540
13.380
13.660
13.600
13.320
13.340
13.430
13.260
13.830
14.280
15.130
15.040
15.350
15.190
15.170
15.720
15.740
15.710
15.560
15.950
15.940
15.180
15.280
14.800
14.620
13.800
13.800
13.740
13.780
13.440
13.700
13.800
14.770
14.820
14.900
14.730
14.760
14.630
15.190
15.280
15.240
15.450
15.610
15.860
15.700
15.800
15.650
15.550
15.610
15.720
15.580
15.370
15.310
15.380
15.350
15.570
15.550
15.670
15.770
15.850
15.650
15.330
15.340
15.600
15.380
15.210
15.670
15.400
15.340
15.250
15.700
15.550
15.740
15.700
15.940
15.530
15.220
15.230
15.170
14.920
15.100
15.350
15.500
15.000
15.350
15.230
15.010
14.980
15.500
15.990
16.220
16.130
16.180
16.080
16.340
15.840
15.600
15.540
15.430
15.480
14.700
14.470
14.980
15.150
14.960
14.560
14.710
14.630
14.530
14.390
15.110
15.150
15.380
16.900
16.840
16.520
16.650
16.390
16.020
16.410
15.700
15.430
15.400
15.300
15.370
15.240
15.400
15.560
15.180
14.910
14.280
14.530
14.380
14.630
14.400
14.100
13.860
14.050
13.100
13.490
13.450
13.260
13.250
12.510
12.690
13.100
13.150
13.340
13.380
13.380
13.240
13.330
12.650
12.570
12.580
12.600
12.650
12.720
12.560
12.330
12.500
12.800
12.760
12.600
12.670
12.500
13.080
12.970
13.480
14.280
14.010
13.910
13.650
13.560
13.650
13.770
13.520
13.600
13.450
13.780
14.980
14.970
15.180
15.350
15.250
15.100
14.770
14.790
14.500
15.210
15.190
14.710
14.960
15.230
14.560
14.860
14.850
14.500
14.900
14.700
14.640
14.600
13.800
13.410
13.550
13.510
13.280
12.950
13.540
13.020
13.270
13.250
13.900
13.800
13.120
13.050
14.200
14.720
15.800
15.580
16.020
16.200
15.320
15.530
15.990
14.280
13.480
14.440
14.180
14.050
12.990
12.850
12.200
12.980
13.300
14.700
14.800
14.100
14.010
14.300
13.930
13.230
13.300
12.680
14.020
13.930
15.010
16.000
16.750
16.480
16.200
19.350
20.000
19.400
18.010
19.150
18.200
18.100
18.590
18.700
18.260
18.840
18.700
19.040
18.100
17.780
17.400
16.650
16.300
16.660
16.590
16.500
16.150
16.600
16.550
16.700
17.600
18.530
17.800
16.900
16.900
16.720
16.050
16.520
17.200
16.270
16.560
17.240
16.670
16.800
16.520
16.500
16.100
15.190
15.450
15.080
15.510
15.620
15.600
15.850
15.930
15.300
14.000
15.700
14.700
15.100
14.990
13.920
14.290
13.860
13.400
13.000
12.980
12.460
12.680
12.150
11.930
12.760
12.680
12.420
12.980
11.900
11.840
11.980
10.750
11.410
13.300
12.820
12.800
12.670
11.500
11.550
10.850
12.890
13.000
12.640
12.290
12.900
12.740
14.550
16.790
17.020
16.120
18.780
18.500
18.460
17.430
17.170
17.600
16.850
15.400
14.600
15.600
14.220
15.000
15.350
16.300
15.500
14.750
17.470
19.000
17.970
17.800
17.210
17.480
16.500
15.240
16.310
16.900
15.390
13.990
11.250
11.560
13.200
17.440
15.900
19.570
21.460
19.700
23.900
24.000
27.170
26.530
24.900
26.660
28.490
27.200
28.500
30.300
30.280
30.700
29.920
29.900
31.680
33.000
31.100
32.540
30.200
26.000
32.100
35.900
36.390
34.380
35.800
34.800
28.900
27.800
27.400
26.310
26.270
25.670
24.900
25.010
23.440
21.630
21.300
21.190
22.380
21.830
21.510
21.020
22.350
22.210
22.500
22.700
21.970
20.950
21.880
22.610
22.010
24.940
23.000
22.910
21.900
22.690
23.160
23.010
22.600
21.500
20.300
20.220
20.280
20.010
21.690
21.100
20.090
18.950
18.760
18.860
18.720
18.940
18.200
17.110
17.020
17.400
16.960
16.660
17.010
17.400
17.280
17.980
17.860
17.200
17.700
17.000
16.200
16.300
16.100
15.940
16.080
14.700
14.850
15.000
15.100
14.930
15.050
14.600
14.450
14.500
14.500
14.810
15.040
14.950
14.890
14.880
15.000
14.240
14.000
13.880
14.070
14.400
13.580
13.350
13.320
13.280
13.520
13.220
13.180
13.400
13.690
13.800
13.880
13.690
13.880
13.500
14.270
14.590
14.690
15.000
15.390
14.800
14.680
14.580
14.090
14.690
14.630
15.250
15.020
14.990
14.730
15.400
15.290
15.400
15.280
15.130
15.270
15.030
15.020
15.060
14.700
14.380
14.350
15.180
15.040
16.210
16.340
16.250
16.180
16.380
16.500
16.610
16.950
16.800
16.680
16.190
15.770
15.850
16.500
16.280
16.250
15.760
15.570
16.010
16.300
16.170
16.600
16.850
16.900
16.620
16.320
15.810
16.190
16.380
16.040
16.000
16.550
16.720
16.340
16.300
17.170
17.250
16.800
16.680
16.660
16.840
16.800
16.350
16.500
16.410
15.620
15.300
15.550
15.420
16.510
16.510
15.880
15.800
15.800
15.050
14.700
14.620
14.790
14.550
14.480
14.070
14.050
14.150
13.950
14.510
14.050
13.700
13.720
13.280
13.050
12.750
12.720
12.870
13.380
13.280
13.250
13.230
13.480
14.210
14.560
14.400
14.000
13.750
13.700
13.430
