0.200
0.110
0.060
0.080
-0.140
0.010
-0.390
-0.150
0.490
0.000
-0.280
-0.210
-0.130
-0.100
-0.280
0.190
-0.110
-0.120
0.010
1.120
0.010
0.330
-0.060
0.190
-0.460
-1.240
0.000
-0.190
0.510
0.080
-0.730
-0.320
1.190
0.080
0.210
0.120
0.040
-0.170
0.220
0.230
-0.010
-0.400
-0.350
-0.130
0.110
-0.090
0.020
0.010
-0.290
-0.520
-0.810
-0.390
-0.160
-0.840
-0.110
-0.570
0.180
0.190
0.220
-0.010
0.360
-0.030
0.100
0.210
-0.570
-0.400
-0.010
0.270
-0.150
0.030
-0.230
-0.220
-0.020
0.110
-0.190
0.230
-0.150
-0.070
0.060
-0.330
-0.200
-0.200
0.270
0.070
0.100
-0.400
-0.230
-0.400
1.550
0.030
0.030
-0.130
0.120
-0.080
-0.160
0.050
-0.420
0.440
-0.150
-0.050
0.200
-0.110
-0.290
0.170
-0.160
-0.030
-0.250
0.000
0.210
0.050
-0.100
-0.040
0.100
-1.790
-0.600
0.170
0.070
-0.180
0.230
-0.170
0.000
0.080
0.420
-0.070
-0.230
-0.140
0.100
-0.090
0.160
-0.060
0.100
-0.270
-0.510
0.450
0.040
-0.600
0.170
-1.050
-0.140
-0.190
-0.120
0.760
0.000
-0.110
-0.230
-0.190
-0.250
0.100
0.560
0.310
-0.020
0.930
-0.100
-0.010
-0.020
0.120
0.060
0.310
0.010
0.100
-0.570
-0.070
-0.030
-0.230
-0.080
0.090
0.050
-0.440
-0.310
0.110
-0.150
0.060
-0.130
-0.290
0.200
0.070
-0.110
-0.280
-0.130
0.910
1.010
-0.190
-0.470
0.550
0.200
-0.290
0.030
-0.100
0.110
-0.060
0.160
-0.340
0.230
-0.690
-0.140
-0.160
-0.050
0.360
0.360
-0.370
-0.150
-0.190
-0.300
-0.210
0.040
0.570
0.040
0.100
-0.600
0.120
-0.190
-0.030
0.020
-0.080
1.780
-0.520
-0.410
0.020
-0.240
-0.470
1.100
-0.140
0.390
0.300
-0.390
-0.280
-1.680
0.300
-0.150
-0.540
-0.660
0.590
0.230
0.100
-0.510
0.110
0.140
-0.770
-0.500
-0.500
0.920
-0.360
0.340
-0.360
0.020
-0.570
-0.410
0.080
0.430
2.060
-0.780
0.200
-0.390
1.520
0.060
1.350
1.700
-0.590
-0.950
-0.380
0.170
-0.350
-0.190
0.460
0.010
0.550
1.330
1.220
-0.480
-0.180
-0.390
0.810
0.330
0.300
-0.440
0.370
0.650
-0.200
0.570
-0.670
-0.880
-0.540
0.580
-0.090
-0.420
0.110
-0.080
0.270
1.090
0.120
0.600
0.240
-0.800
-1.140
0.170
-0.540
-0.490
-0.020
-0.400
0.130
1.090
-0.390
0.530
1.440
0.280
-0.090
-0.650
-0.060
-0.540
0.500
0.390
0.430
-0.720
-0.120
1.070
1.270
-0.320
0.070
0.500
1.130
-0.710
-0.190
0.710
0.410
-1.230
-0.380
-1.410
-0.750
-0.190
0.290
-0.150
-0.310
-0.220
0.370
0.780
0.440
0.230
0.060
1.230
-0.580
0.670
-1.300
-1.230
-1.640
-0.990
1.080
-0.990
0.780
1.500
1.160
-1.130
0.170
-1.150
0.380
-1.730
-0.960
-2.030
1.170
1.160
-1.990
0.420
1.780
1.060
1.520
1.380
1.250
1.140
0.710
0.190
-0.030
0.940
-0.820
-1.160
0.540
-0.110
1.010
0.530
0.040
-1.060
-1.180
0.670
1.010
0.320
-1.090
-1.210
-1.340
-0.880
-1.420
0.000
-1.750
0.500
0.490
0.820
0.220
-0.380
0.960
0.430
0.750
-0.280
0.990
-0.970
-0.470
-1.140
0.810
-0.460
-1.690
0.030
1.000
0.230
0.360
1.390
0.620
0.160
1.080
1.100
-0.970
-1.330
-1.480
-1.640
-1.820
0.790
-1.940
-2.150
-1.250
1.500
-0.200
-1.850
-1.160
0.070
-1.580
-0.930
0.970
-0.230
0.990
0.050
-0.750
0.010
-0.940
0.230
1.110
1.950
0.810
-0.650
0.510
0.530
2.030
0.010
1.380
1.720
0.010
0.790
-0.680
0.010
-0.310
0.420
0.150
0.810
-0.290
0.110
-0.930
0.500
-0.020
0.180
-0.750
0.570
0.110
0.580
-0.040
1.030
-0.050
0.140
0.060
0.030
-0.240
0.290
0.300
-0.630
1.370
-0.180
0.190
-0.130
0.100
0.100
-0.090
0.190
-0.340
0.140
0.400
0.450
-0.030
0.550
0.100
0.050
0.500
0.110
-0.130
-0.230
0.610
-0.100
-0.290
0.720
0.290
0.400
0.710
-0.010
0.090
0.010
0.060
-0.200
0.370
0.090
0.280
0.020
-0.110
-0.150
0.060
-0.050
0.280
0.160
-0.010
-0.090
-0.220
0.100
0.100
0.050
-0.130
0.020
0.230
0.220
-0.150
0.200
0.040
0.190
0.210
-0.240
-0.070
-0.010
0.040
-0.020
0.360
0.110
-0.270
-0.180
-0.070
0.090
0.210
-0.040
-0.570
-0.280
-0.030
-0.270
0.040
-0.150
0.520
0.310
0.240
-0.620
-0.240
-0.590
0.060
-0.200
-0.190
0.160
0.420
0.010
0.220
0.050
0.040
0.030
0.070
0.120
0.040
0.190
-0.130
-0.150
0.160
-0.370
0.050
-0.250
0.090
0.200
-0.140
0.040
0.080
0.000
0.110
0.180
0.020
-0.090
-0.260
0.050
-0.260
-0.010
-0.450
-0.280
0.920
0.050
0.030
0.080
-0.130
0.000
0.010
0.350
0.010
-0.090
0.380
0.160
-0.130
0.180
0.050
0.140
-0.480
0.000
0.080
-0.150
0.020
0.090
0.180
0.100
0.000
0.250
0.100
0.080
-0.230
0.140
-0.400
0.480
0.180
0.250
-0.040
0.190
0.060
0.030
0.060
-0.030
0.100
0.060
0.020
-0.080
0.040
0.070
0.120
-0.140
0.080
0.040
-0.050
0.080
0.140
0.010
-0.030
0.060
-0.040
0.010
0.100
-0.140
-0.040
0.060
0.160
0.030
-0.090
0.020
