20951.04
20171.50
20185.86
39284.50
51155.62
21238.02
30359.78
56732.37
20023.45
16260.04
20814.50
19069.00
14313.00
14795.44
13809.72
23263.17
21348.40
13400.12
36199.24
24269.48
20987.82
37702.15
18186.18
15188.83
22561.82
30634.82
32387.90
16076.62
17970.34
20617.74
37641.42
27437.49
14891.05
16575.49
36783.66
24031.72
14660.02
30176.87
53325.20
32336.30
44239.00
21174.04
33325.04
47955.02
74623.61
22743.19
41624.00
37457.10
24050.00
42529.65
80352.33
131549.00
48111.00
42673.02
58202.90
63047.04
65868.02
80512.42
71937.02
92924.04
98868.86
117873.03
165021.59
134908.95
88447.40
44295.13
83859.02
73890.53
51681.02
48598.00
69360.08
68418.23
58537.25
41994.02
57931.09
31340.00
43360.60
72763.49
92718.24
117303.39
65891.29
103250.90
41337.36
38017.10
82840.61
47677.05
108077.97
78846.26
67172.55
92577.35
137206.05
145388.19
260840.56
119138.90
66932.87
65889.83
83376.17
88502.26
91253.12
51393.47
81876.00
1.00
72440.42
108665.49
246614.80
157174.67
48469.45
42680.32
66675.55
78641.13
106817.80
59195.14
87336.41
90943.71
94526.48
101779.22
112143.59
147671.52
159514.52
120136.16
178232.36
225952.59
145106.75
203389.52
213858.81
365784.53
208124.28
316613.09
313616.88
413552.56
453204.59
423865.44
610375.56
412047.84
485292.59
381475.19
491074.16
569533.56
596919.00
171541.69
8284.40
3897.52
1948.26
76424.82
37089.54
52169.23
51500.98
53391.83
50050.85
60813.88
65119.43
37862.51
82482.55
56016.75
34004.63
45021.32
47971.82
80323.14
83971.11
102578.06
110929.00
67916.73
96232.47
111699.58
80952.71
145048.62
216264.73
134189.66
222949.23
157577.48
112857.19
219544.06
170164.81
233673.16
191081.91
225117.33
176976.31
82816.54
120921.91
93033.34
127245.79
176060.23
149379.41
141894.94
185260.52
191145.12
255586.08
305893.31
47425.13
72532.15
80694.41
110800.98
110715.18
114775.79
83162.05
37114.69
34155.97
53361.47
35206.93
36272.76
37192.11
61991.32
63632.21
69737.31
123710.36
84708.07
74008.07
61225.91
77774.88
97687.22
78288.88
72481.45
80540.28
59179.78
104723.27
83120.54
70951.94
50622.31
71332.48
93732.27
62384.24
86616.63
89926.07
60394.95
80241.11
80298.17
93101.93
95916.57
104633.34
141619.83
79332.38
107205.86
98901.62
104379.44
89750.57
82307.67
73213.31
85898.63
111926.40
19857.00
131097.53
114004.85
79873.19
139131.27
56441.90
57324.58
127664.72
102930.15
169724.64
82666.00
85739.99
64934.73
38920.68
38385.09
43555.89
51204.91
40836.59
56084.54
28627.91
36893.93
53815.97
76955.11
69213.96
40792.77
55931.96
65028.45
54411.18
50667.85
55899.65
87664.93
74028.23
130735.31
187299.52
93350.71
88474.34
130944.90
145511.38
118539.89
87405.76
50159.50
68909.89
105664.77
124891.31
152850.58
151664.20
254806.00
226292.12
138327.80
160230.55
134742.23
273012.72
158726.19
164958.81
231561.89
319834.16
308533.56
88087.12
125703.59
963.00
71555.19
98640.49
158332.09
156385.81
123583.44
144556.98
280646.66
227934.05
200109.77
189549.39
168495.77
119128.68
89697.13
60149.97
108142.22
111107.65
60264.33
60259.39
71783.43
69853.59
79449.38
102759.26
81428.58
107371.43
56610.06
49499.00
80069.21
84369.37
145376.94
182490.48
106385.35
144088.34
155498.94
293382.81
310402.66
195335.05
157840.38
120775.11
240952.19
302170.06
281197.53
435083.59
204107.06
281280.06
185835.06
286352.03
113806.68
70000.03
70871.97
106485.20
87094.42
54321.65
69932.05
68940.02
139463.69
109350.97
69775.45
80542.90
239434.08
35158.04
114538.57
77600.35
74257.67
79254.19
108927.10
119716.06
77595.66
116679.71
85964.86
95491.89
75218.98
55258.93
92021.60
88203.80
93816.87
103206.35
75231.59
65482.79
81532.25
145571.42
118026.98
78877.31
133822.56
97134.67
77023.64
103651.59
151757.77
169046.53
139121.47
98059.81
105191.36
146161.20
220308.12
163307.95
154095.77
153449.98
87472.27
69860.95
56113.93
62015.31
61302.60
13352.40
25622.72
18840.26
22547.87
27739.44
38789.73
46317.56
65218.50
72273.59
65377.18
55090.63
28798.41
34966.03
26897.38
27579.68
29505.48
35027.30
45303.65
55908.58
45315.93
60544.54
41543.24
49369.61
63926.50
78577.83
86654.11
32837.17
21842.44
42304.70
66044.10
73981.94
89654.32
56738.20
45892.10
64903.53
65066.74
92792.68
126628.53
37877.58
14785.01
13763.17
18252.18
35967.21
35062.14
33992.58
26521.52
38908.81
32333.95
31572.95
14153.69
361.00
22227.10
27243.04
28242.37
29830.72
14717.33
13310.95
19812.01
44615.31
24869.42
38656.36
11192.77
9878.39
14907.95
9850.01
15469.73
35300.20
16013.66
17131.23
22236.61
29740.27
20041.23
21981.17
20168.23
24410.23
12309.83
22025.25
21451.99
17487.11
26937.07
27754.94
26606.33
36703.65
27240.02
32531.65
58270.37
93964.17
23368.35
6304.81
7728.61
17070.79
14874.82
17932.48
14288.45
16320.57
20337.75
17147.18
21990.44
25468.22
31707.16
19600.22
30564.40
20654.26
18125.78
25386.20
25984.37
15916.59
19521.90
16498.79
15251.18
30238.24
9408.73
6394.86
10252.41
6538.43
11188.87
10532.16
11317.03
9293.69
17420.91
18718.41
28047.19
13234.03
31374.21
36558.27
78766.53
8414.60
9537.01
12782.42
14727.10
18617.00
26613.43
39380.59
10605.64
18879.30
41987.32
29105.49
26255.14
19475.87
22500.09
32473.87
25836.52
24168.60
38601.98
22211.00
35142.51
57905.85
74535.28
57768.04
30932.13
60362.10
24566.12
24519.03
18429.97
32563.63
35115.19
25368.30
15551.66
13101.14
21988.60
20606.31
34923.93
52280.19
72263.93
42781.30
43530.83
64697.70
88730.09
169381.11
2154.07
