11.300
11.270
11.250
11.310
11.500
11.970
11.500
11.360
11.370
10.460
10.540
10.280
10.000
10.080
10.200
10.340
10.290
9.980
9.950
9.880
9.920
10.390
10.300
9.930
9.850
10.550
10.920
11.150
11.230
11.690
11.150
11.170
11.130
11.080
11.290
11.180
11.680
12.450
12.550
13.000
12.300
12.380
12.230
12.210
12.270
12.290
13.590
13.780
14.200
14.670
14.100
14.910
14.980
15.600
15.750
15.200
15.300
15.120
14.840
14.620
14.840
15.220
14.870
15.220
14.700
13.870
14.110
14.370
14.290
14.050
14.050
13.930
14.200
14.050
13.860
13.900
13.970
13.740
13.680
13.700
14.750
14.800
14.690
14.540
14.660
14.500
14.830
14.870
14.760
15.320
15.800
15.530
15.630
15.540
16.040
16.140
16.400
16.500
16.600
15.090
13.730
14.300
14.320
13.020
11.890
11.430
11.440
11.350
11.230
12.020
12.350
12.760
12.870
13.680
12.970
12.850
13.220
12.130
11.950
11.860
11.980
11.970
12.240
12.230
12.140
12.160
11.390
10.860
10.820
10.630
10.620
10.630
10.740
11.380
11.510
11.800
11.670
11.780
11.710
11.910
12.030
12.020
12.280
12.300
12.220
12.430
12.610
12.540
12.560
12.410
12.580
12.680
12.630
12.930
12.750
12.060
12.050
12.070
12.130
11.980
12.110
12.190
12.400
12.800
12.420
12.460
12.400
12.670
12.760
12.780
12.000
12.220
12.360
12.470
12.400
11.880
11.850
11.650
11.440
11.370
11.390
11.800
12.260
12.360
11.980
12.250
12.450
12.500
12.990
13.190
12.720
12.470
12.450
12.600
11.940
11.940
11.940
12.080
12.190
12.620
13.160
12.420
12.760
12.270
11.360
11.200
11.160
11.110
11.120
10.980
10.860
11.080
10.800
10.520
10.720
10.950
11.090
10.950
10.950
10.930
11.150
10.890
10.640
10.850
10.420
10.760
10.780
10.950
10.050
10.050
10.050
9.950
10.260
10.160
10.270
10.410
10.330
10.140
9.760
9.510
9.590
9.630
9.460
9.090
9.380
9.480
9.660
9.480
9.400
9.340
8.960
8.580
8.960
9.230
9.780
9.740
9.640
9.650
9.280
9.440
9.460
9.350
8.950
8.960
8.820
8.650
8.630
8.500
8.620
8.460
8.870
9.480
9.670
9.670
10.080
9.890
9.970
9.590
9.900
9.250
9.860
10.150
10.860
12.520
13.200
13.480
13.290
14.090
13.580
13.360
12.700
12.890
12.720
12.600
13.160
12.770
12.740
12.660
12.500
12.140
12.120
11.800
11.710
12.150
11.990
12.170
12.220
11.950
11.660
11.350
11.510
11.570
12.790
12.800
12.850
12.320
12.680
12.520
11.910
12.120
12.550
11.680
11.800
11.940
11.500
11.460
11.580
11.730
11.700
11.440
11.300
11.440
10.720
10.650
11.000
10.270
10.090
9.930
9.630
10.270
10.280
10.170
10.180
9.990
10.000
9.710
9.720
9.350
8.990
9.260
8.740
8.580
8.800
8.800
8.850
8.720
8.890
8.760
8.440
8.800
8.150
8.090
9.380
9.120
9.200
9.100
8.590
8.150
8.550
9.030
9.900
9.810
9.090
9.960
9.880
11.330
12.890
13.770
13.300
14.730
14.100
13.090
12.650
13.150
12.980
12.100
11.170
10.940
11.300
10.990
11.000
11.540
12.120
11.360
11.450
12.710
13.160
12.570
11.940
11.440
11.520
11.000
10.680
10.880
11.500
10.450
9.500
8.640
8.100
8.600
11.260
11.370
12.640
14.460
14.310
15.800
16.490
18.240
18.080
17.490
18.990
20.530
19.280
19.950
21.450
20.470
19.490
19.800
19.980
21.570
20.120
20.100
20.400
20.270
19.380
18.600
19.990
20.300
18.860
17.800
16.590
16.250
16.300
15.760
15.990
16.270
15.550
15.500
15.360
15.150
14.160
13.700
14.720
14.310
14.350
14.320
14.750
14.970
14.800
14.980
14.630
14.220
14.590
14.850
14.790
15.050
16.300
15.180
13.850
13.330
13.510
13.570
13.410
13.140
12.320
12.400
12.600
12.830
12.700
12.880
12.380
12.350
12.300
12.350
12.100
12.100
11.840
11.700
11.970
11.930
11.700
11.300
11.540
11.340
11.290
11.140
11.160
11.210
10.920
10.950
10.770
10.770
10.750
10.610
10.460
10.380
10.460
10.290
10.480
10.600
10.550
10.450
10.470
11.040
11.080
11.320
11.230
11.030
11.050
11.110
10.810
10.520
10.740
11.000
10.700
10.660
10.460
10.790
11.180
11.390
11.480
11.650
11.650
12.470
11.860
11.080
11.300
11.380
11.110
11.590
12.600
12.890
11.950
12.220
12.390
11.880
12.250
11.780
11.000
10.840
11.060
10.850
10.530
10.280
10.290
10.400
10.580
10.630
10.660
10.500
10.150
10.070
10.150
10.200
10.130
10.100
10.080
10.150
10.120
10.150
10.270
10.570
10.620
10.650
10.750
10.750
10.980
11.340
10.850
10.580
10.110
10.000
10.180
10.290
10.360
10.260
10.310
10.900
11.030
11.100
10.680
10.950
10.650
10.410
10.650
10.650
10.300
10.300
10.370
9.830
9.550
9.630
9.680
9.250
9.680
9.660
9.550
9.400
9.350
9.350
9.090
9.150
8.970
8.860
8.590
8.390
8.730
8.900
9.150
9.130
9.010
9.500
8.810
8.940
8.700
8.720
8.880
8.750
8.740
8.680
8.560
8.580
8.570
8.380
8.160
8.530
8.760
8.690
8.670
8.660
8.590
8.810
8.870
8.940
9.090
8.390
8.550
8.330
