215102.70
258345.64
125856.27
206621.20
143718.77
133342.06
167783.56
185054.52
296012.00
478300.81
276593.00
373613.31
216518.52
141818.22
177869.78
230412.20
125372.84
185324.41
127474.89
153551.28
98274.19
97136.12
128500.07
127980.08
158961.41
99900.05
123389.95
176234.95
149686.44
195125.56
208717.36
133233.38
210384.58
194139.38
255481.28
193131.94
206697.52
347765.72
172906.88
254713.80
307340.91
371208.28
378501.28
504908.53
976282.50
96413.61
61385.16
70578.33
68890.04
112992.52
111811.08
134312.48
77331.67
81322.17
79973.28
91160.13
52762.00
54378.84
66275.78
70581.33
73103.00
72605.57
62194.17
43754.27
52134.66
47810.90
28607.04
141.00
33663.71
29727.92
47192.36
48336.00
59838.51
43852.98
51774.63
39484.64
106256.40
72376.11
79189.37
112923.82
102958.10
224851.78
187670.31
117283.20
124507.36
88681.20
96257.53
78860.70
73150.96
99743.37
87753.30
97267.29
109135.61
110263.34
179650.41
191456.64
99250.00
137433.66
130235.22
158795.56
142805.97
95215.53
90830.86
54508.89
74753.86
82456.95
78193.58
65940.60
83042.98
112826.01
125161.46
94793.60
261579.81
102242.31
168688.80
151673.11
216946.88
122502.55
126069.98
101926.61
131806.94
147763.00
85208.17
107270.71
119281.40
86121.10
159609.80
143177.36
163144.12
188400.94
278797.94
319212.12
767187.88
248377.41
169321.45
187041.50
344346.47
219683.83
182244.30
199301.62
162924.09
177051.45
103885.24
188702.95
112497.50
235221.56
143429.81
128860.32
101103.33
170948.44
86923.31
73068.87
70804.64
54809.04
71621.33
135011.12
193012.69
106618.19
179437.88
85733.33
121293.10
73274.55
103184.25
101926.32
125665.36
109978.93
234866.39
113102.01
145660.45
207971.23
124187.84
159513.75
126747.36
158528.31
247593.59
235423.52
136437.81
67503.78
151989.91
132155.30
276277.09
102232.48
83792.58
150945.44
115180.40
172197.06
210977.67
126258.46
104173.35
195735.36
121210.82
86558.60
68220.76
96296.47
176287.97
114307.92
111073.68
120353.55
177017.86
329013.69
196892.75
207860.92
101415.96
157087.77
168550.53
265786.38
199178.98
109933.42
136998.03
164602.94
216537.56
193159.75
233746.22
194602.84
184777.94
378912.69
235158.73
245679.41
402626.66
237445.06
222302.80
155864.08
117153.00
169807.72
403668.03
281008.50
204261.55
353456.22
393567.38
394971.09
410791.84
433964.81
232286.41
264765.31
610349.50
433247.28
140923.69
164431.62
188647.05
314559.16
147486.66
265775.44
212776.20
117605.63
96172.27
135090.31
79434.73
153081.31
139265.19
60095.63
84238.22
97032.59
66117.23
69071.46
109281.12
103434.64
233451.31
103731.47
106854.60
156954.94
154585.80
208861.45
222860.19
232155.20
277515.44
297657.84
600140.38
305776.66
155125.38
140749.52
120903.40
105510.15
142321.56
82550.88
169644.92
129480.94
197423.25
197776.98
194156.05
144983.59
70151.04
92634.83
164273.12
57869.45
65104.45
115436.07
113860.80
103698.88
147864.02
127601.59
159010.45
116802.85
172802.33
162174.55
254517.91
139807.62
149658.84
137033.34
112225.55
140294.39
126759.84
156140.47
90525.51
103268.03
105893.05
104067.81
138834.98
132612.23
167355.48
167258.50
320388.03
181924.94
142008.61
151722.41
246425.95
207459.42
208926.66
260522.62
281781.12
316365.47
209894.81
262781.97
286015.75
308187.44
74436.00
226423.23
381606.38
278350.56
325505.28
356204.75
239908.83
452595.03
489894.69
715329.88
244553.45
168393.77
293056.31
208026.70
383790.25
136705.17
116431.10
126400.71
106492.03
124322.97
183475.44
182631.52
180391.69
279808.41
203958.02
160110.91
189850.59
277138.97
378882.78
364076.28
342256.62
288553.16
420450.94
262025.48
205764.77
277750.75
376867.00
223156.28
243969.19
347794.56
233661.23
401964.62
410606.69
420541.59
380565.66
295895.88
133534.55
189351.77
235770.12
294820.19
473496.28
449224.19
422149.25
242660.92
218629.95
326146.72
343436.25
254003.86
257390.41
220398.84
236289.94
282292.44
349841.19
176819.62
340805.25
3840.61
222645.16
446133.91
123526.83
163077.94
144692.12
175541.52
295451.78
208142.64
159584.92
368099.91
237575.06
217108.73
272745.59
157776.31
210590.56
312020.50
176013.27
246620.47
431125.62
241895.56
271975.31
387714.72
269079.16
385633.78
637181.06
217008.33
273279.47
242483.41
415135.72
469092.81
317812.75
340602.31
356022.12
394698.06
681679.38
457811.84
302085.09
219358.09
342145.44
389651.50
446857.25
288402.59
373162.19
393881.12
609998.75
588574.94
682000.44
665826.81
543825.25
542689.69
653308.44
594098.56
572511.12
940093.25
20892.31
479126.91
488047.03
557099.38
593638.00
527115.00
387296.56
522897.91
418759.94
356891.06
352216.59
438942.16
353652.72
383234.97
472322.66
594528.56
442452.47
507213.97
653998.38
882704.06
1387990.62
953317.19
897953.12
928963.44
1226195.75
1106464.00
1077256.12
522134.78
377909.81
352746.25
398960.12
546447.94
430714.50
421518.50
304188.97
237884.95
303960.50
314397.88
243319.39
491436.12
319593.06
422112.28
460799.03
477586.28
578830.69
502652.66
412448.12
194618.36
206873.22
211545.27
346342.91
468577.38
334626.00
417841.41
306493.44
317169.34
272361.78
303424.09
249995.67
209973.52
127058.53
168696.84
131020.07
174415.97
218467.95
152687.05
173145.94
116055.40
112730.14
111496.39
136577.73
165464.86
180298.34
56068.81
86886.17
94432.49
58854.93
54948.95
85483.69
64294.68
90650.19
107406.86
71928.85
53716.55
51632.59
961.00
74402.11
82621.22
113050.82
75865.04
146274.67
76698.94
63259.14
105730.76
82206.63
83776.57
84722.14
149236.70
156055.75
183259.67
317534.56
214383.88
63035.99
56831.97
56339.21
79443.57
85244.93
110331.17
98842.15
106934.48
113829.00
96613.63
98476.06
75274.05
79960.18
108275.59
106174.16
52997.14
65514.92
54629.22
109275.89
52256.55
68995.75
29632.61
40624.45
69082.59
54480.94
25868.70
58168.55
33478.07
47757.93
59486.16
59455.28
51499.48
60131.42
58064.07
68994.26
46380.50
47071.93
67939.88
38834.69
47945.84
72357.81
109586.02
94660.17
74792.77
100492.76
111721.57
108708.48
98735.71
60393.33
94609.53
71145.36
68312.99
115653.71
51811.17
55673.58
61761.13
58288.32
98708.68
101138.50
117996.76
175358.44
114106.36
99139.99
104544.40
60074.63
29806.66
41646.14
101443.54
69872.90
47231.47
64039.81
68883.59
72501.19
