0.670
-0.080
-0.100
0.380
-0.040
0.330
-0.170
-0.200
0.270
0.210
0.450
-0.070
0.210
0.310
0.360
0.110
0.050
0.280
-0.280
0.050
0.180
0.370
0.220
0.180
-0.090
0.320
0.120
-0.100
0.290
0.220
-0.970
-0.060
-0.340
0.250
0.300
0.480
-0.110
-0.130
-0.590
-0.340
0.010
-0.310
-0.200
-0.110
-0.300
-0.100
0.060
0.390
-0.130
0.200
-0.350
-0.510
-0.540
-0.100
0.280
-0.120
-0.450
-0.060
-1.280
0.930
0.050
0.090
0.110
0.700
0.250
-0.840
-0.200
0.390
0.010
0.390
-0.050
0.070
0.270
0.520
-0.310
-0.070
-0.260
0.030
0.100
0.180
-0.020
-0.680
-0.440
0.400
0.090
0.040
0.230
-0.190
-0.010
0.120
-0.050
0.020
-0.300
0.490
-0.320
0.320
-0.250
0.530
0.510
-0.240
0.240
-0.050
0.080
0.280
-0.330
0.000
0.180
-0.010
-0.090
0.410
0.390
-0.180
0.000
0.170
-0.290
0.020
-0.100
-0.200
0.080
0.350
-0.130
-0.060
0.490
0.100
0.360
0.020
-0.070
-0.050
0.260
0.210
0.150
0.220
-0.050
-0.200
0.090
0.100
-0.210
0.080
-1.010
0.040
-0.120
0.120
-0.060
-0.140
-0.420
0.000
0.250
0.040
0.010
-0.090
-0.080
-0.110
0.090
0.180
-0.040
-0.140
-0.110
0.240
-0.040
0.100
0.150
-0.180
0.190
0.100
-0.030
0.070
-0.190
-0.200
-0.090
-0.060
0.050
-0.040
-0.360
0.090
-0.160
0.480
-0.140
0.040
0.140
-0.070
-0.130
0.090
0.110
0.350
-0.120
-0.020
-0.210
-0.060
-0.040
0.000
0.040
0.210
-0.100
-0.050
-0.510
-0.240
0.190
0.180
0.170
0.170
-0.300
0.020
-0.270
-0.070
-0.030
-0.160
-0.230
-0.170
0.570
-0.260
0.730
-0.370
0.050
0.140
0.300
0.130
-0.160
-0.180
-0.070
0.340
-0.150
0.000
0.500
0.070
-0.430
-0.050
-0.240
-1.420
0.250
0.140
-0.660
0.010
-0.100
-0.010
-0.100
-0.330
-0.180
0.240
-0.060
-0.500
0.690
0.010
0.240
0.170
0.300
-0.390
0.140
-0.150
0.140
0.390
-0.110
-0.530
0.390
-0.390
-0.100
-0.200
1.370
1.740
0.030
-1.250
-0.260
0.590
-0.190
-0.180
0.550
0.030
0.560
-0.170
0.650
-0.190
-0.280
0.330
0.480
0.210
0.180
-0.880
-0.240
0.430
0.020
-0.430
-0.140
0.040
-1.000
-0.450
0.030
-0.140
0.490
0.100
-0.050
-0.070
0.230
-0.290
-0.260
-0.680
-0.690
-0.020
-0.580
-0.570
1.460
0.240
-0.330
0.180
0.180
-0.150
0.210
0.370
0.270
0.430
0.500
-0.840
-0.460
0.010
-0.180
0.020
-0.340
0.510
0.870
0.380
-0.510
-0.100
0.880
-0.370
-0.690
0.450
0.490
0.710
-1.090
-0.250
0.910
0.240
-1.590
-0.880
-2.210
-0.180
0.980
0.330
0.000
-0.360
-0.190
0.900
0.460
0.260
1.710
-1.080
-0.340
-2.180
-0.420
-2.470
0.600
0.140
-2.650
-0.380
-0.050
1.550
0.020
0.370
-0.060
0.340
-0.380
0.240
-0.550
0.790
0.130
-0.160
0.610
0.480
-0.190
-0.830
-0.210
0.120
-0.430
2.290
-0.730
0.540
2.100
-1.550
-0.850
0.580
0.650
-0.940
2.100
0.820
-0.730
0.010
0.260
-0.880
0.890
-0.260
-0.080
0.380
0.520
-0.260
1.050
0.430
-0.180
-0.150
-0.100
-1.130
-0.210
1.350
0.170
0.710
-2.050
0.340
-0.730
1.510
1.760
1.600
0.480
-0.300
0.340
-0.730
0.300
-0.230
0.680
0.810
0.020
-0.250
1.350
-1.450
-1.640
0.080
-0.290
0.700
-0.500
-1.850
-2.050
-2.280
-0.390
0.230
0.370
-2.250
-1.220
2.110
2.190
-0.440
1.130
1.930
0.420
0.240
0.970
0.040
0.210
0.690
-0.460
-0.030
0.450
0.120
-0.250
0.050
0.490
0.060
0.400
0.330
-0.300
-0.040
0.120
0.110
-0.360
0.020
0.010
-0.220
0.280
0.530
-0.200
-0.100
-0.170
0.460
0.040
0.270
0.440
0.200
0.210
-0.570
0.010
-0.210
-0.180
0.460
-0.060
0.160
0.020
-0.280
0.090
0.470
0.120
0.020
0.920
0.400
-0.420
0.040
0.450
-0.190
0.400
-0.610
-0.350
0.130
-0.110
0.090
0.250
0.020
-0.320
-0.480
0.220
-0.090
0.330
-0.690
-0.470
0.280
0.040
-0.260
-0.320
0.120
-0.310
0.760
0.620
0.030
0.260
-0.320
0.080
0.310
0.150
-0.460
-0.050
0.160
-0.180
0.230
-0.010
0.130
-0.200
0.540
0.160
0.120
-0.090
-0.240
0.270
-0.770
0.100
-0.320
0.240
-0.090
-0.050
0.350
0.110
0.010
0.040
0.260
0.230
0.210
-0.390
-0.480
-0.390
-0.180
-0.020
-0.050
0.170
0.080
-0.390
-0.360
0.150
0.160
0.020
0.160
-0.010
-0.080
0.440
0.100
-0.490
-0.020
-0.050
0.010
-0.720
-0.100
1.340
0.170
-0.110
-0.060
0.160
-0.120
-0.190
0.090
0.120
0.410
-0.270
0.170
-0.270
0.260
0.410
0.230
0.030
-0.160
0.240
0.290
0.050
-0.090
0.110
-0.060
0.190
-0.340
-0.240
0.200
0.120
-0.210
-0.050
-0.080
0.290
0.140
-0.110
0.220
-0.030
0.350
0.030
0.110
-0.060
-0.470
0.020
0.960
0.060
-0.010
-0.220
0.590
