18.010
18.160
18.800
19.350
19.590
19.340
18.810
17.930
17.680
16.800
16.500
16.450
16.240
16.180
16.200
16.150
16.050
15.830
15.180
15.170
15.210
15.260
15.170
15.210
15.290
15.950
16.800
17.060
17.130
17.200
17.710
16.750
19.680
19.680
19.750
19.600
19.730
20.080
20.290
20.030
20.050
20.050
20.080
20.420
20.500
20.420
20.160
20.160
20.220
20.340
20.350
20.560
20.410
20.470
20.570
21.190
21.490
21.150
21.220
21.650
21.750
21.980
22.000
22.120
22.780
23.080
22.500
21.660
20.960
20.380
20.810
20.400
20.260
19.870
19.340
19.260
19.250
19.500
19.400
18.880
19.200
18.100
18.130
18.130
18.150
18.230
18.300
18.290
18.260
18.090
18.140
18.280
18.250
18.090
18.150
18.340
18.470
18.500
18.690
18.870
18.740
18.900
18.730
18.750
18.990
19.400
18.890
18.880
18.830
19.440
19.900
19.810
19.790
19.470
19.480
19.860
19.420
19.750
19.780
19.760
19.850
19.650
19.630
19.850
20.000
19.650
19.870
19.990
19.880
19.850
19.870
19.800
19.250
19.500
19.560
19.800
19.940
19.890
20.440
20.700
20.920
20.890
21.080
20.250
20.240
20.660
21.000
21.250
20.460
20.590
20.760
21.200
21.670
21.800
21.970
21.910
21.970
21.410
21.250
21.690
22.000
21.920
22.200
21.480
21.390
21.500
21.950
21.990
22.500
22.400
22.400
22.200
20.180
20.080
20.520
19.950
19.760
20.250
20.450
20.600
20.680
21.500
20.800
20.700
19.100
17.900
17.970
17.500
16.920
16.990
17.060
16.990
16.200
16.100
16.240
16.700
16.770
16.790
16.490
16.650
16.360
16.330
16.330
16.400
16.340
16.400
16.450
16.570
16.710
16.860
16.620
16.900
16.640
16.750
16.870
16.980
17.280
16.440
15.680
15.680
15.780
15.680
15.650
15.670
15.700
15.850
15.780
16.200
16.230
16.250
16.290
16.260
16.340
16.450
16.730
16.650
16.650
16.500
16.440
16.600
16.590
16.770
16.810
16.960
17.040
17.300
17.200
16.880
16.690
16.350
16.030
16.100
15.780
15.970
15.960
16.080
16.400
16.510
15.500
15.620
16.010
15.980
16.100
16.390
16.600
16.650
16.180
15.890
15.920
15.940
16.450
16.500
16.380
15.950
16.110
16.200
16.250
16.310
17.000
17.560
17.960
18.380
16.980
17.600
34.450
34.170
33.970
34.290
34.350
34.520
34.900
36.630
35.450
36.150
35.200
35.170
35.200
35.280
35.420
35.880
35.160
35.240
35.920
36.370
36.380
37.570
37.280
37.100
35.990
35.390
33.010
32.980
33.300
34.380
35.350
34.200
35.250
35.500
34.700
33.300
31.730
31.300
31.790
31.670
30.800
31.000
30.800
30.880
29.660
29.000
29.190
29.210
28.400
27.500
27.190
27.550
27.560
27.550
26.590
26.560
24.750
23.630
23.800
23.760
23.380
23.700
23.430
26.260
26.460
27.470
28.480
28.310
28.280
27.800
25.590
24.280
25.200
25.200
27.510
28.800
29.900
30.700
31.000
32.360
32.660
32.700
32.500
33.500
34.100
34.380
34.350
34.160
34.150
34.810
34.980
36.000
36.000
36.500
36.180
36.800
33.790
35.200
35.500
35.270
36.400
35.510
35.450
33.880
32.990
33.980
33.990
32.680
31.500
31.500
30.990
31.800
33.000
33.050
35.090
34.300
31.950
30.400
30.000
30.500
31.300
31.480
29.790
28.050
28.090
28.130
28.870
28.300
28.870
28.080
28.500
31.200
31.580
33.190
30.500
29.850
30.870
29.200
29.350
30.400
32.000
32.000
31.270
29.220
26.950
24.940
22.710
20.720
20.500
20.370
20.120
20.270
19.270
19.250
19.470
17.800
16.940
16.200
15.510
15.480
15.460
16.250
18.080
40.060
37.270
37.200
36.460
42.600
48.490
50.500
51.480
55.600
55.900
57.500
56.970
54.870
53.350
53.500
51.000
49.780
49.070
47.390
46.890
47.880
49.280
49.000
49.980
55.480
57.570
56.900
56.880
56.100
51.770
47.060
47.000
54.450
49.500
50.790
51.990
57.980
63.850
61.270
60.700
64.280
68.800
69.000
65.450
66.220
71.900
70.530
71.600
76.000
75.900
76.990
73.200
75.250
76.000
72.500
72.500
71.350
71.280
66.100
64.500
65.790
67.550
66.800
63.460
63.350
57.590
54.440
49.680
50.000
47.950
49.900
50.600
49.200
47.890
47.080
46.190
47.990
49.020
50.260
50.080
50.750
51.980
53.780
53.650
54.650
54.300
50.030
50.500
51.570
48.500
48.700
49.980
50.900
49.940
47.990
49.750
50.500
51.500
49.200
45.080
43.650
43.900
44.200
44.110
46.460
43.120
39.840
40.100
40.830
42.800
39.910
37.500
37.000
36.790
35.860
34.850
34.500
34.550
34.030
31.900
30.290
29.160
29.000
28.540
29.430
29.200
29.750
29.100
29.280
29.120
28.200
27.900
27.580
27.000
27.000
28.410
29.200
28.000
26.910
26.180
27.190
27.710
27.710
27.190
27.580
26.970
26.050
26.590
26.150
26.520
26.800
26.570
27.090
27.160
27.150
27.800
28.550
29.500
29.550
27.380
27.490
27.550
26.950
27.150
26.920
27.100
26.910
27.330
27.190
28.110
27.900
28.800
28.300
28.270
28.350
28.540
29.180
29.180
29.300
28.750
27.500
26.600
27.000
28.130
28.790
28.290
27.650
27.870
26.840
27.000
27.400
28.860
28.770
28.600
27.980
28.680
28.630
28.670
28.390
28.400
26.700
26.680
25.350
25.200
26.290
26.900
26.300
26.490
26.500
24.700
25.370
25.220
24.650
23.690
23.670
23.030
22.570
22.600
22.590
22.870
23.130
23.290
23.600
23.880
23.800
23.100
23.290
23.680
23.450
22.890
21.100
20.650
19.760
19.900
20.200
19.760
18.980
19.280
19.180
18.440
17.800
17.920
18.220
18.370
17.890
17.890
17.940
18.280
18.770
18.790
19.370
19.520
20.030
20.060
