8.770
8.720
8.700
8.730
8.750
8.690
8.670
8.730
8.670
8.410
8.470
8.620
8.560
8.510
8.460
8.460
8.370
8.260
8.260
8.380
8.240
8.080
8.050
8.040
7.810
7.870
8.130
8.200
8.000
7.890
7.990
8.230
8.400
8.320
8.350
8.060
8.230
8.120
7.920
8.210
8.270
8.280
8.620
8.610
8.660
8.620
8.570
8.390
8.300
8.310
8.160
8.810
8.880
8.620
8.890
8.970
9.120
9.300
9.370
9.450
9.480
9.330
9.380
9.460
9.070
8.920
9.080
9.130
9.220
9.140
9.030
9.080
9.080
9.120
9.270
9.250
9.210
9.080
9.060
9.080
8.940
8.900
9.010
8.480
8.450
8.610
8.580
8.530
8.510
8.560
8.580
8.620
8.440
8.380
8.410
8.410
8.390
8.390
8.410
8.450
8.430
8.200
8.240
8.150
8.130
8.210
8.170
8.160
8.140
8.030
7.820
7.830
7.760
7.620
7.450
8.000
8.380
8.900
8.950
8.890
8.920
9.060
9.010
8.910
8.850
8.840
8.920
8.860
8.610
8.910
9.020
9.000
8.900
9.050
8.950
8.870
8.880
8.890
8.830
9.300
9.430
9.330
9.330
9.300
9.550
9.810
9.780
9.820
9.960
9.810
10.000
10.120
10.150
9.950
9.950
9.720
9.870
9.620
9.800
9.650
9.660
9.570
9.800
9.720
9.830
9.820
9.810
9.800
9.650
9.650
9.730
9.670
9.600
9.670
9.700
9.640
9.640
9.820
9.860
9.720
9.760
9.670
9.650
9.710
9.660
9.560
9.260
9.430
9.380
9.300
9.360
9.290
9.190
9.170
9.230
9.700
9.480
9.300
9.150
9.220
9.140
9.320
9.350
9.380
9.280
9.190
9.020
9.210
9.220
9.140
9.130
9.170
9.200
9.230
9.070
8.940
9.010
9.150
9.130
8.900
9.030
9.050
9.070
8.930
8.820
9.020
9.010
9.220
9.820
9.720
9.750
9.850
10.050
10.020
10.140
10.100
10.070
10.060
9.750
10.150
10.090
10.110
10.250
10.160
9.960
10.030
10.030
10.010
10.020
9.610
9.300
9.810
9.780
9.820
9.900
10.100
9.950
9.740
9.070
9.310
9.520
9.470
9.100
9.000
8.880
8.760
8.390
8.330
8.380
8.320
8.520
8.500
8.550
8.200
8.360
8.290
8.840
8.720
8.620
8.000
8.300
8.300
8.280
8.980
9.190
9.420
9.100
8.010
7.990
8.190
8.120
8.080
8.000
8.070
8.380
9.130
9.060
9.250
9.230
9.230
9.070
9.180
8.950
9.050
9.140
8.830
9.000
8.990
8.470
8.360
9.080
8.320
8.100
8.100
8.210
7.580
7.300
7.080
7.010
7.080
7.090
6.780
7.170
7.050
6.750
6.990
6.990
7.210
6.820
6.600
6.820
7.090
7.170
7.320
7.350
7.620
7.430
7.430
7.180
6.990
6.610
7.070
6.930
6.710
6.660
6.520
6.180
6.280
6.540
7.220
7.910
7.700
7.940
8.000
7.950
7.300
7.550
7.650
8.330
8.800
8.740
7.890
8.690
9.290
8.790
9.760
10.800
10.790
10.250
10.320
10.300
10.120
10.250
10.160
10.070
10.110
10.100
10.040
10.050
9.800
9.650
9.580
9.650
9.900
10.180
10.280
10.170
9.810
10.090
9.600
10.400
11.520
11.590
11.170
10.720
10.720
10.710
10.800
10.900
10.670
9.730
9.800
9.780
9.500
9.400
9.470
9.430
9.270
9.200
9.070
9.200
9.330
9.420
9.350
9.590
9.330
9.000
9.270
9.930
9.810
9.700
9.600
10.670
11.860
19.060
18.470
17.080
17.380
17.580
17.000
17.000
16.650
15.280
15.090
16.180
16.600
15.830
15.210
14.240
14.300
14.970
14.700
14.510
14.200
13.690
13.680
14.010
13.500
14.450
14.390
14.010
13.820
13.380
14.300
14.960
14.170
14.100
13.920
14.110
13.810
13.480
13.680
13.370
12.400
12.860
12.270
12.240
11.790
11.750
11.640
11.310
11.390
11.510
11.650
11.160
11.240
11.210
10.780
10.840
10.820
10.970
10.780
10.540
10.650
10.580
10.470
10.310
10.210
10.100
9.880
9.880
10.110
10.460
10.430
10.160
10.020
10.300
10.120
10.250
10.200
10.070
10.060
9.940
9.630
9.470
9.210
9.980
9.850
9.910
9.780
9.710
10.000
10.010
10.160
9.910
9.690
9.910
9.810
10.300
10.650
10.320
10.130
10.050
10.630
11.220
11.560
10.930
11.200
11.120
11.080
9.980
9.530
9.860
9.910
9.700
10.350
10.160
10.160
10.160
10.220
10.040
10.010
10.000
9.930
9.950
9.650
9.530
9.480
9.350
9.200
9.350
9.500
9.440
9.900
10.010
10.110
10.200
10.200
9.760
9.680
9.870
9.950
9.890
9.640
9.490
9.460
9.700
9.800
9.780
9.620
9.980
10.100
10.290
10.250
10.500
10.510
10.460
10.410
10.390
10.290
10.110
9.930
9.750
9.720
9.780
9.920
9.680
9.900
10.180
9.960
9.790
9.820
9.600
9.610
9.470
9.430
9.190
9.130
8.870
9.080
8.630
8.710
8.840
8.740
8.590
8.740
8.730
8.760
8.750
8.680
8.410
8.150
8.030
7.940
7.950
7.960
7.840
7.830
7.880
7.900
7.750
7.740
7.650
7.450
8.020
8.190
8.520
8.310
8.230
8.330
8.390
