377825.62
483060.41
273730.56
254353.72
124948.97
263311.59
113187.29
127917.35
155906.77
140059.09
126829.00
133245.84
120682.82
110532.09
91046.27
118992.59
82903.50
148491.19
125931.73
87553.06
141884.88
190501.02
80993.00
119611.04
143400.70
116365.90
100599.99
77444.73
125529.91
94089.57
101868.63
96640.34
85262.10
133335.00
135273.62
224561.08
278278.00
95237.00
182067.77
118265.05
83119.03
96494.02
108025.99
124467.81
95074.00
121889.00
132729.20
264198.62
200441.48
116454.94
118192.54
100601.35
111854.67
156063.00
157686.59
113594.16
188733.00
241367.08
370867.44
152995.94
131362.52
146488.42
216475.12
167217.00
100623.70
177667.41
138801.62
97908.86
182222.70
127619.95
137707.25
291126.47
90317.13
118471.39
167133.50
124594.87
105362.27
163652.20
159482.27
149982.66
181144.84
211853.42
396287.69
189557.41
173528.08
219238.64
223228.72
376267.31
226266.16
255764.28
588851.94
263950.75
229698.06
311343.75
192128.92
149024.03
259273.72
158688.23
234389.78
350802.41
488022.25
179809.80
185445.84
170714.08
163430.42
24.00
522194.41
281921.34
80414.93
122805.08
112604.13
132119.38
169078.52
411140.12
272464.28
103905.67
88506.09
119090.03
150948.81
236859.52
94696.75
118949.52
130338.15
76420.08
83255.45
172455.22
82235.00
101979.21
108833.04
98036.42
102151.12
122674.13
148620.70
112101.97
114180.38
125046.76
193758.78
190321.23
307414.59
209425.42
181264.00
129682.62
112153.59
151413.72
230605.44
150529.98
222677.16
385159.47
705136.00
244873.77
262991.44
213932.77
184308.80
187765.05
194900.12
255150.69
221311.00
330241.59
672997.12
280807.16
215388.23
253527.72
224262.12
142441.45
154044.66
181797.80
163695.42
266752.09
458158.88
189015.77
319735.69
163639.52
167727.95
263065.88
150883.30
149605.58
140817.06
140927.23
128591.51
187079.64
180960.92
341384.03
106821.50
133459.56
84800.55
129349.41
200447.23
158908.27
165740.55
113959.06
105546.15
137847.83
148377.52
240567.02
319474.53
186049.70
160228.95
239878.12
229655.22
184824.33
186410.41
196602.20
169936.09
192384.98
191474.47
220123.12
372515.56
287424.50
377572.34
302936.53
366495.09
272745.38
289184.06
294494.62
260533.75
137776.97
183851.31
180430.28
271371.91
291427.78
228185.00
226072.77
196876.59
168857.91
302251.69
196883.52
316383.00
623989.88
283689.09
249792.59
370414.34
340482.06
333170.62
386853.72
658265.50
440305.53
612619.19
393816.88
442378.84
473953.66
398776.53
445366.97
498977.69
649215.94
538598.94
447266.75
527875.94
826530.75
549448.31
488239.47
682320.50
615332.31
416346.66
558776.44
462255.75
484596.12
706522.81
684386.25
565120.75
975094.06
649304.69
823609.31
784644.75
1307458.00
820283.50
1365460.25
1326433.50
903716.88
1337423.25
2753589.50
1109949.62
722661.38
988777.31
556931.19
525175.69
769019.38
1247748.25
1067370.00
962146.06
990190.38
797751.06
661586.19
514773.34
777964.00
673911.56
956033.38
1045873.88
1177756.88
1119901.38
631486.69
266268.16
252019.52
273901.12
407862.09
619883.81
326305.22
325746.19
350330.47
464424.41
668838.06
420474.72
519989.59
520985.59
768566.06
907521.88
810055.88
466908.09
628162.19
508730.91
532551.00
836683.81
1201916.62
511471.34
616384.69
520417.53
759203.31
738525.94
475790.56
284658.62
304962.72
434140.28
226312.69
278558.62
294626.84
493196.16
393374.84
565575.19
575809.62
492753.44
421216.78
448557.53
609789.81
697906.75
451210.69
542535.06
663635.00
719078.19
675124.06
1033620.69
648313.75
308594.47
350533.75
449525.31
419533.84
469892.88
418214.25
572684.12
429543.09
606624.25
615104.94
540891.56
535856.81
632326.88
895335.25
894706.50
571273.62
620933.31
650973.56
606859.88
557031.00
637460.00
895589.94
170040.00
549733.12
647704.62
463139.41
390888.97
443453.25
665177.25
632296.06
374530.03
645147.19
987059.75
805373.00
537560.00
738954.12
877699.31
801282.31
591639.50
714040.00
553455.62
893124.50
764114.25
643225.88
791898.75
1560881.00
1304671.88
730771.69
740092.94
914640.81
1195163.38
1137702.75
1813807.25
940178.88
1065242.12
1594724.75
1354698.25
595766.62
872295.00
854268.81
1027381.75
936974.94
1524651.12
1140805.25
974828.75
1399736.25
772933.75
923810.94
725967.19
815078.12
570902.50
671462.25
799688.62
731508.69
979363.75
1028776.62
1027096.38
954075.62
682602.31
1152439.25
599300.25
583781.19
508771.72
424329.03
747284.88
645022.81
923450.69
23694.00
775335.31
779495.38
568804.06
967524.44
1199082.12
1185349.50
1170667.25
412558.69
416490.47
1064929.88
590926.06
488646.38
805029.19
524227.66
561838.88
934656.62
775363.12
609395.38
568619.44
864308.69
622914.62
811764.75
831661.50
1095334.50
785728.88
429419.16
1541541.88
2604707.50
1894366.62
1238418.12
816976.00
928919.25
701463.06
678197.62
982860.94
818567.25
585771.38
426740.41
648482.38
632745.81
612953.56
488047.91
816414.00
821242.56
980463.25
894748.94
1138883.62
924567.38
840713.62
848757.75
1262348.12
1120800.62
1303219.38
314241.22
68241.00
736637.81
595507.69
577178.69
676063.50
907880.00
661224.56
456747.88
641596.38
602584.06
685610.38
641617.19
926200.56
932830.31
760110.62
824890.06
1002760.19
1094411.88
1177956.50
678459.06
769756.12
1059725.00
1187971.88
1874738.62
1258826.12
1241392.12
1306583.12
1279588.12
1279858.88
973230.56
1354212.00
983558.06
733938.06
863284.69
1007070.19
774996.75
625364.31
462886.50
453007.75
549443.94
547480.94
431750.50
570899.31
517956.47
571633.56
470505.16
614747.44
691946.12
742715.56
654016.62
716967.50
1269622.62
1027256.19
711785.56
852745.00
646585.88
499313.72
666451.38
738235.12
855001.81
640214.44
687282.81
788349.69
763851.62
732170.62
937214.31
446700.69
565280.44
653129.06
479045.50
814508.69
985637.25
1253136.38
1145768.38
698192.94
868497.00
811265.25
1062793.12
1296935.50
1219537.00
1798581.12
419872.34
456647.44
831424.62
345447.31
451795.12
668024.94
644133.88
338560.28
238347.05
359089.31
282301.72
15627.01
515642.47
170341.95
241766.78
220984.47
103908.90
125160.35
152590.27
210350.42
233708.52
160990.39
166689.45
187831.67
202313.89
179869.66
230492.30
294743.06
276335.69
334568.44
486243.62
1074393.62
364345.38
337963.88
193846.77
172218.38
163103.38
170310.97
280278.69
207959.12
263196.78
356817.28
299956.56
359102.41
353048.81
492601.19
402055.41
335279.66
247915.52
269685.66
287748.41
552735.19
622540.62
1014127.94
1779509.75
620129.88
441114.00
537419.12
706587.25
436432.59
792263.06
565847.06
812380.12
946256.56
792567.25
886734.81
837443.94
516321.06
737292.00
425416.81
493536.44
467429.94
392645.53
348905.28
505349.31
455401.78
266325.38
403305.31
420784.72
542160.25
669023.31
697217.25
643545.94
584726.62
1107691.75
1085910.38
393332.88
428662.34
522392.69
514049.34
327271.09
215638.06
252440.83
441522.44
588321.00
1047353.44
405706.47
520392.72
584660.94
617316.19
479346.50
587287.94
790338.56
1321538.50
975674.44
1763709.12
2061854.75
3264480.25
2399843.50
3375812.75
1385558.62
641678.88
510273.66
562543.88
947976.06
1436995.88
615607.06
685530.69
929053.62
1075361.38
839341.44
806821.75
1350127.88
1029311.44
1227690.38
542067.44
724305.38
1226051.12
2313880.25
885747.88
423432.00
428581.38
555595.50
644267.81
1066959.88
569814.38
706680.19
1269839.50
1419788.88
2672520.25
675812.50
350145.84
650641.31
722394.94
957204.75
486970.94
827316.56
562473.06
873860.50
868511.00
810298.50
790651.38
1042446.62
1082997.50
846870.38
970275.00
842376.44
775223.88
1097018.75
1776966.38
1477231.75
1239178.00
1542047.12
1761750.12
1975263.62
