4.810
4.830
4.790
4.790
4.780
4.780
4.760
4.800
4.810
4.750
4.870
4.880
4.900
4.950
4.810
4.820
4.830
4.850
4.790
4.930
4.690
4.830
4.860
4.920
4.940
4.910
4.900
4.930
5.080
5.160
5.170
5.200
5.230
5.260
5.230
5.250
5.240
5.280
5.330
5.330
5.400
5.480
5.510
5.590
5.680
5.660
5.780
5.830
5.960
5.690
5.710
5.720
5.740
5.750
5.690
5.790
5.860
5.890
5.940
5.900
5.940
5.980
6.020
6.010
6.140
6.240
6.150
6.040
6.140
5.880
5.810
5.860
5.890
5.880
5.850
5.870
5.840
5.840
5.870
5.840
5.810
5.820
5.810
5.750
5.790
5.780
5.860
5.970
6.060
6.150
6.070
5.960
5.950
5.900
5.930
6.110
5.840
5.760
5.750
5.730
5.710
5.620
5.620
5.610
5.750
5.860
5.890
6.010
6.010
6.000
6.150
5.930
5.920
5.840
5.780
5.810
5.810
5.810
5.780
5.870
5.860
5.870
5.790
5.770
5.780
5.780
5.770
5.800
6.100
6.070
6.200
5.940
5.960
6.040
6.200
6.190
6.190
6.230
6.230
6.240
6.290
6.330
6.330
6.300
6.320
6.340
6.380
6.320
6.350
6.350
6.320
6.240
6.260
6.190
6.210
6.250
6.250
6.420
6.250
6.240
6.290
6.320
6.350
6.290
6.230
6.260
6.160
6.210
6.270
6.280
6.300
6.260
6.160
6.190
6.220
6.110
6.300
6.340
6.370
6.390
6.550
6.550
6.460
6.540
6.560
6.690
6.780
7.070
6.440
5.850
5.840
5.880
5.840
5.850
5.850
5.910
5.900
6.060
5.990
5.980
6.010
5.950
5.840
5.880
5.810
5.700
5.770
5.860
5.760
5.750
5.670
5.750
5.660
5.670
5.610
5.710
5.760
6.110
6.090
6.080
6.080
6.130
6.150
6.090
6.120
6.210
6.210
6.250
6.150
6.130
6.140
6.080
6.060
6.200
6.020
5.960
6.000
6.100
5.980
5.960
5.830
5.880
5.850
5.930
5.940
5.900
5.610
5.620
5.470
5.710
5.820
5.800
5.850
5.900
5.930
5.790
5.770
5.580
5.650
5.570
5.560
5.580
5.610
5.520
5.540
5.650
5.780
5.730
5.870
5.800
5.980
6.000
6.270
6.780
6.930
6.860
6.700
6.690
6.590
6.460
6.520
6.500
6.750
6.940
6.970
6.550
6.340
6.660
6.240
6.170
6.220
6.120
6.370
6.270
6.140
6.060
6.180
6.070
6.000
6.190
6.050
6.090
6.130
6.210
6.170
6.030
5.810
5.770
5.670
5.740
5.490
5.640
5.660
5.750
5.640
5.830
5.950
5.620
5.380
5.680
5.710
6.230
6.270
6.300
6.330
6.210
6.190
6.050
6.100
5.630
5.800
5.820
5.650
5.740
5.590
5.610
5.710
6.190
6.790
6.970
6.980
7.100
7.110
6.970
6.750
7.170
7.170
7.340
7.370
7.960
8.450
8.780
8.980
9.170
10.080
10.430
10.380
10.340
10.800
10.560
9.920
10.210
10.170
10.040
9.600
9.360
9.270
9.290
9.110
9.000
9.140
9.200
9.460
9.530
9.630
9.700
9.740
9.610
9.680
10.080
10.190
10.400
10.380
9.520
9.230
9.190
9.410
9.860
9.560
9.880
9.220
8.380
7.620
7.040
8.170
9.260
9.980
9.490
10.460
10.580
10.690
10.480
10.550
10.260
10.200
9.820
9.550
9.650
9.630
9.080
9.220
9.850
9.690
9.620
10.620
11.150
11.050
10.630
9.660
8.780
9.300
9.880
10.540
11.660
11.590
12.200
12.900
13.970
14.160
13.730
13.900
15.480
15.560
15.750
18.350
16.680
15.160
14.000
14.970
14.340
14.700
14.090
13.540
13.550
13.650
13.240
13.000
12.600
12.900
12.680
12.130
11.880
11.380
10.970
11.630
11.950
11.490
11.690
11.670
12.360
12.100
11.350
11.230
10.900
10.370
10.150
9.980
10.170
10.360
10.440
10.500
10.300
10.750
10.790
10.880
10.510
10.210
10.330
10.460
10.540
10.540
10.600
9.790
9.860
9.980
9.730
9.790
9.750
9.790
9.140
9.210
9.360
9.400
9.350
9.210
9.170
9.200
8.770
8.850
8.730
8.750
8.580
8.570
8.570
8.570
8.360
8.230
8.230
8.160
8.150
8.350
8.470
8.520
8.490
8.350
8.680
8.800
8.760
8.690
8.630
8.650
8.660
8.680
8.580
8.650
8.500
8.310
8.290
8.330
8.210
8.330
8.260
8.390
8.240
8.110
7.930
8.220
8.300
8.410
8.480
8.470
8.350
8.660
8.940
8.930
9.000
9.340
9.240
8.990
8.780
8.740
8.460
8.340
8.470
8.570
8.530
8.090
8.260
8.440
8.560
8.660
8.750
8.630
8.700
8.550
8.250
7.580
7.850
8.150
8.330
8.090
8.090
7.980
8.070
8.080
8.050
8.010
7.930
7.950
7.940
8.010
8.030
7.870
7.870
8.060
8.130
8.170
8.370
8.390
8.680
8.920
8.950
