48625.55
85030.81
34069.55
34510.03
19198.49
21904.29
30794.53
28158.52
23406.51
55013.62
50252.17
54302.14
43462.40
63672.70
43251.15
26668.35
15821.76
30380.66
23937.96
34378.99
40839.04
18495.49
36464.65
47863.20
31951.69
35642.79
36652.02
54107.36
67283.84
29186.51
48974.17
54359.09
24393.85
32937.33
36838.91
28177.27
41987.56
30151.59
22194.12
52046.06
39768.83
75571.26
33803.66
24328.15
40062.01
52070.77
74652.18
126415.72
180383.69
108845.82
46252.32
71735.07
26242.55
29725.17
29777.18
25736.41
54711.89
66978.80
45138.28
40353.24
49747.84
48217.27
41189.33
64834.89
70681.07
111865.05
114867.38
68316.06
100269.38
121309.45
50439.00
51499.55
37631.17
46866.23
76602.58
128585.16
105416.07
35738.10
21058.98
28992.35
40212.92
34122.38
35676.00
36811.41
67138.05
71860.07
95888.78
29923.81
34394.00
35457.35
27494.02
34499.88
36878.83
42501.96
31978.81
55925.49
57429.38
32908.68
36215.53
41456.60
39999.56
58083.66
42133.12
18359.58
1.00
46881.19
66833.36
18974.02
34982.18
30668.82
43711.00
32675.63
41945.29
86166.77
53204.62
68189.10
68378.68
63267.87
104857.87
64969.79
149022.19
177391.70
115570.05
129970.45
122466.46
159726.05
310074.16
161149.73
223436.69
229029.59
101799.71
113376.87
121196.60
143948.45
146765.41
205622.05
152898.73
125288.80
34426.56
46338.01
79220.65
127280.92
70947.89
58259.15
65953.44
95643.40
72288.04
57528.39
87228.65
133079.62
251854.95
232601.95
84840.55
91640.27
93518.19
118872.57
184334.58
208946.70
323698.84
452402.81
495451.53
357936.09
246001.59
371836.00
32605.38
62257.36
61828.40
28982.31
63842.43
107146.55
130486.66
41985.39
55651.95
81721.31
72908.12
101530.25
106845.60
177327.70
60274.61
50616.58
58528.98
31354.95
41422.10
41950.01
31432.33
22637.17
34199.06
35290.09
26560.27
40488.55
39306.70
35101.60
42187.65
44145.05
28389.45
31357.12
32783.07
21567.16
33979.72
39268.41
36347.83
40685.21
55706.38
45255.96
39410.90
45296.67
62002.40
53745.80
63237.84
129748.55
204903.36
77964.41
63493.98
75281.85
59491.51
99208.74
118865.24
93240.92
124567.89
28939.89
39748.12
63026.78
54342.84
56438.85
27906.59
73213.68
71588.29
71287.81
63881.69
52287.97
54101.80
61284.19
90148.19
130269.51
83125.45
28969.18
31965.00
44586.10
52904.18
53943.02
90311.67
110108.01
105294.27
73492.38
73130.59
99175.66
123256.19
7574.00
40823.23
32054.36
43598.74
65212.90
85283.81
71977.69
96791.77
174386.80
41549.37
61700.46
64350.95
61431.83
58096.31
50065.21
38667.20
48707.97
100667.55
68594.65
93457.69
103965.52
115136.65
53340.10
82385.26
76880.69
74389.82
70329.45
50117.84
83190.67
87348.73
63737.61
782.00
16301.01
21317.41
29951.30
49417.06
46850.18
69914.26
71014.23
52000.61
43602.51
87323.56
73769.83
86631.84
85011.79
97571.19
133874.45
120615.34
82313.63
115765.30
80616.96
77926.51
67256.58
85223.30
64944.24
90315.53
64783.42
24800.60
61229.88
69123.04
86079.29
90505.01
129143.87
91268.71
99520.58
114243.39
65704.76
96998.55
67743.01
72180.81
61424.44
72200.57
37763.64
41987.68
62424.44
68954.67
71248.05
56538.29
86358.48
97406.52
86871.56
64327.29
82650.02
71719.31
60848.49
62224.33
86951.75
37545.50
31329.58
47837.75
152497.27
17378.00
65642.39
54708.63
39648.37
55311.32
62974.35
74141.82
47627.53
68823.96
76208.66
47516.93
36087.41
30341.98
53596.69
55161.53
48198.81
55712.38
62835.22
54504.72
70412.28
62781.66
60236.59
51446.85
52269.30
50619.84
53416.86
61518.59
117716.98
75556.99
79363.39
73560.78
60173.50
53815.68
37783.76
43225.34
26092.88
46995.00
51740.00
88462.02
89993.04
76277.64
42976.66
51137.70
78991.73
104087.42
65062.76
88162.59
108944.93
139538.27
54772.14
45112.42
64498.49
34011.09
23071.34
32124.12
36517.25
25318.59
31126.37
40433.26
49703.22
36722.28
53050.83
54602.33
73986.31
64666.33
61164.89
85891.08
32569.25
37175.01
28774.03
43288.30
62677.93
67213.20
47062.26
47704.18
43184.03
85451.38
89582.70
47016.39
52114.69
90713.56
37279.46
34228.50
31802.34
33869.61
56596.44
23838.00
29471.35
36958.76
54279.42
33891.56
13421.43
123.00
9893.69
19712.07
21642.95
13279.04
14303.84
19697.23
11509.62
24613.08
22483.17
15518.23
20960.59
14468.59
17983.00
24512.81
34017.25
58829.24
24483.99
30799.42
40450.86
63640.00
35133.29
35327.44
20885.43
17362.24
9723.70
17176.33
21339.83
14330.96
21330.47
29319.95
16554.86
31356.30
17047.62
25485.85
25499.55
35239.24
44512.40
25543.34
25879.34
73935.05
31989.35
17088.01
26162.93
31885.85
54272.69
31282.17
40507.78
80734.18
73420.27
52352.91
91730.95
101926.24
75659.84
55755.78
69992.25
57323.44
69028.04
71861.84
63489.14
109733.57
122114.49
105514.16
34955.18
32073.42
27683.81
17998.21
68262.69
44135.20
72079.51
38467.27
48794.57
52249.92
45030.84
100718.21
157947.52
145684.27
114687.39
91080.32
47901.19
17282.76
40452.31
46408.89
26938.31
47925.56
64215.02
53692.45
36662.03
35379.31
42898.85
68104.47
43074.33
34367.79
40800.61
37255.01
46418.27
27134.59
57685.95
88149.57
78375.95
58076.63
70249.39
125310.94
199297.83
232829.59
75162.18
3935.15
23235.49
34731.11
33061.49
69755.26
29613.78
65386.58
32024.97
36246.17
27307.49
38386.36
50954.43
44416.86
51294.01
51530.19
61066.41
91651.29
186118.44
105849.59
80776.00
98466.22
34006.10
44902.02
45660.86
22230.29
39195.22
45348.23
71257.62
45032.26
78289.05
50710.53
60219.30
18382.98
18270.20
14872.24
21365.36
30031.62
41405.54
