19.160
19.200
19.050
18.560
18.800
18.540
18.780
18.760
18.380
18.310
18.240
18.330
18.330
18.070
18.180
17.900
17.800
17.680
17.500
18.180
18.140
17.990
17.890
17.020
17.400
17.830
17.900
18.100
17.980
18.060
18.270
19.000
19.190
19.200
19.250
18.440
18.380
18.320
18.640
18.530
18.740
18.570
18.660
18.460
18.280
18.270
20.400
20.400
20.000
19.400
19.790
19.960
19.480
19.300
19.270
19.080
19.480
19.380
19.660
19.540
19.970
19.680
19.890
18.980
18.750
19.090
19.520
18.970
19.250
19.020
19.110
19.110
19.310
19.110
19.490
18.820
18.800
18.520
18.130
18.100
18.250
18.580
18.530
18.370
17.970
17.880
18.080
17.880
18.140
18.130
18.310
18.500
18.510
18.280
18.480
18.150
18.380
18.160
17.540
17.580
17.380
17.170
17.200
16.950
17.090
17.020
17.150
17.000
17.000
16.910
16.500
16.390
16.290
16.020
16.650
16.890
17.080
17.400
17.450
17.440
17.740
17.380
17.390
17.310
17.360
17.260
17.330
17.250
17.240
17.500
17.450
17.460
17.170
17.890
17.720
17.610
17.600
17.660
18.510
18.530
18.800
18.490
18.530
17.950
18.010
18.000
17.910
18.080
17.930
17.860
18.150
18.500
18.300
18.480
18.660
18.480
18.090
17.830
18.190
18.390
18.580
18.360
18.380
18.190
18.430
18.250
18.600
18.660
18.800
18.800
19.120
19.370
19.060
19.000
19.300
18.840
19.050
19.360
19.360
19.020
19.070
18.350
18.580
18.500
18.280
18.030
18.460
19.000
18.860
18.680
18.460
18.230
18.280
17.560
17.200
17.650
17.620
17.300
17.010
17.080
17.050
17.330
17.150
16.950
17.050
17.170
17.290
17.290
17.220
17.450
17.450
17.620
17.740
17.160
16.900
16.720
17.130
16.840
16.800
16.880
17.010
16.850
16.810
16.830
16.690
16.900
16.860
17.950
17.730
17.570
17.530
17.660
17.800
17.630
17.400
17.410
17.660
17.530
17.860
18.000
17.940
17.980
18.260
18.710
17.850
18.160
18.570
18.640
18.410
17.260
17.010
17.050
16.830
17.260
16.900
17.120
17.450
16.560
17.070
17.140
17.790
18.020
17.890
17.650
17.000
17.350
16.600
16.350
16.660
16.590
17.100
17.460
17.600
16.880
17.040
17.020
17.500
16.100
16.450
15.660
16.530
15.340
15.030
15.890
15.720
15.890
14.850
15.060
15.000
14.770
14.400
14.030
13.620
13.520
14.520
14.750
14.590
14.950
14.750
14.770
14.330
14.550
13.840
14.300
14.300
13.860
13.800
14.100
13.800
13.340
13.660
13.580
13.890
13.820
13.950
14.100
13.500
12.900
13.360
13.300
13.160
12.310
12.680
12.900
12.600
12.570
12.110
12.100
11.470
11.100
11.610
11.500
12.600
12.430
12.600
13.110
11.880
12.140
11.800
11.120
10.800
11.450
11.450
11.160
10.720
10.950
10.310
10.850
10.700
11.050
11.200
10.850
10.660
11.000
10.600
10.040
10.520
9.850
10.400
10.120
10.990
11.730
12.390
12.450
12.300
14.330
14.910
14.270
14.090
14.610
14.530
14.460
14.700
14.880
14.560
14.790
14.530
14.450
14.210
13.580
13.550
13.440
13.460
14.150
14.060
14.280
14.140
14.270
14.210
14.100
15.210
15.800
15.990
14.920
15.370
14.670
13.990
14.400
14.790
13.710
14.510
14.550
14.000
13.620
13.550
13.150
13.250
12.430
12.530
12.230
12.620
12.550
12.850
12.890
13.000
12.590
11.980
13.300
12.890
13.240
13.490
12.100
12.730
12.440
12.000
11.840
11.620
11.180
11.180
11.010
10.910
11.560
11.550
11.000
11.500
10.800
10.560
10.430
9.710
9.800
11.020
10.950
10.840
10.940
9.860
9.890
8.810
10.700
11.400
10.800
10.500
11.100
11.060
12.890
13.670
14.020
13.300
15.250
14.820
15.600
13.800
14.110
14.050
13.700
12.620
11.970
12.380
11.460
11.600
12.140
12.900
12.160
11.730
13.960
14.800
14.450
14.140
13.960
13.870
12.310
11.010
12.720
11.560
10.510
10.160
12.420
11.630
14.100
15.000
13.360
16.210
16.700
18.830
18.500
18.490
20.200
22.900
22.580
24.100
23.800
23.750
24.170
23.800
23.090
24.200
25.820
23.800
21.260
20.880
19.690
19.500
21.210
21.650
20.700
20.010
22.120
19.610
18.400
17.950
17.490
18.280
17.960
17.510
17.900
17.210
15.890
16.480
17.210
17.090
17.070
17.520
16.950
17.790
17.650
18.000
18.310
18.740
17.540
18.190
17.670
17.530
19.290
20.100
20.000
20.450
18.200
19.900
36.670
37.880
35.500
32.460
28.660
29.280
28.290
29.800
28.210
28.050
26.530
26.220
26.200
25.060
24.550
23.900
23.400
23.810
24.600
24.100
23.560
24.080
24.650
24.270
24.660
23.650
22.880
22.110
21.360
21.600
21.410
21.080
20.860
21.100
20.330
19.640
19.860
20.200
20.160
20.450
20.310
19.500
19.920
20.030
20.300
20.300
19.900
20.200
19.850
19.830
18.800
18.040
18.920
18.900
19.050
18.420
18.600
18.340
18.300
18.540
17.710
17.300
17.670
18.090
18.500
18.560
18.400
18.150
18.360
19.240
19.700
20.000
20.150
20.180
19.480
19.370
19.320
18.860
19.090
19.520
20.230
20.180
20.130
19.880
20.500
20.200
20.360
20.430
19.470
19.450
19.140
19.280
19.400
19.380
19.000
18.750
19.200
18.810
19.700
19.470
19.790
19.600
19.600
20.200
20.480
20.440
20.680
20.610
20.200
20.000
19.930
19.980
20.180
20.470
20.190
20.300
20.320
20.210
20.290
21.100
21.550
21.500
21.420
21.100
21.010
21.290
21.640
21.460
21.180
21.540
21.490
21.400
21.080
21.880
22.250
22.380
22.040
22.020
22.240
22.190
22.430
22.920
23.010
22.640
22.000
22.000
21.660
21.750
21.750
20.830
21.250
21.250
21.500
21.850
21.570
21.600
20.700
20.690
20.500
20.020
20.430
20.450
20.350
20.320
20.430
20.260
20.250
19.680
19.310
19.250
19.360
20.010
19.560
19.600
19.430
18.890
19.980
20.380
20.570
20.200
20.650
20.870
20.460
