30.220
31.020
31.900
31.400
31.300
31.300
31.210
31.150
29.760
29.010
29.400
29.600
30.010
29.890
30.830
30.640
30.850
30.810
30.770
31.060
31.050
28.830
28.610
28.310
27.090
27.140
27.950
27.150
26.950
26.130
26.210
27.020
28.010
27.730
26.290
25.350
25.360
24.930
27.330
27.620
26.800
26.850
26.260
28.780
28.680
29.170
28.920
28.250
27.780
28.000
26.600
27.450
27.180
26.410
26.620
27.100
27.360
28.200
28.230
27.930
27.250
27.720
28.030
27.580
27.410
27.600
27.750
28.030
28.410
28.240
28.600
28.400
29.400
28.980
29.050
29.700
29.670
29.580
28.900
28.200
27.650
28.300
28.800
28.820
28.600
28.500
28.690
28.530
28.910
27.200
26.650
26.380
26.100
25.550
25.400
25.180
25.800
26.030
25.800
26.200
26.610
25.900
26.100
26.050
26.050
26.580
26.190
25.590
25.430
25.180
24.240
24.180
24.480
23.560
22.580
24.950
25.200
25.950
26.130
26.030
25.900
26.100
25.770
25.660
26.080
26.280
26.280
25.860
25.320
25.750
26.180
25.300
25.090
25.070
25.280
25.210
24.710
24.710
26.000
27.050
27.870
28.000
28.360
27.800
28.210
28.420
28.720
28.380
29.000
28.530
28.540
29.000
28.050
27.630
27.370
27.330
27.800
26.890
26.800
26.750
26.810
26.530
26.980
27.020
26.720
26.400
26.490
26.960
27.210
27.350
27.270
27.230
27.270
27.150
26.790
26.780
26.800
26.970
27.220
27.100
27.160
26.910
26.730
26.800
26.850
26.610
26.700
26.870
27.020
26.900
26.880
26.740
26.410
27.050
27.180
28.550
28.390
28.450
28.000
28.200
28.090
28.300
28.330
28.560
28.180
28.350
28.050
28.740
28.700
28.830
29.320
29.460
29.530
29.620
28.500
28.410
28.860
29.110
28.210
27.680
28.090
28.210
28.310
28.280
28.000
28.110
27.800
29.230
32.080
31.930
32.520
32.510
32.740
32.420
33.200
33.080
32.900
31.230
30.300
30.850
30.320
30.300
31.400
31.250
31.020
31.500
31.010
31.610
29.490
27.910
26.950
27.630
27.460
27.480
27.600
28.800
28.650
27.500
27.610
28.370
30.700
30.900
31.150
31.020
30.800
31.000
29.530
29.100
29.830
29.010
30.100
29.900
30.280
28.610
28.750
28.000
29.770
29.200
28.210
27.110
29.050
29.820
29.960
32.800
34.210
34.030
32.790
33.300
34.100
34.530
34.000
33.000
33.950
33.700
36.020
39.860
38.880
39.840
40.210
40.600
39.680
41.550
43.910
133.100
123.000
119.010
115.000
116.110
102.110
96.200
102.580
98.210
100.110
96.310
89.330
90.200
85.560
79.910
78.700
80.250
80.000
76.990
80.100
84.520
76.050
76.600
73.880
80.400
77.000
71.000
75.310
80.230
87.200
93.970
99.000
96.000
95.010
100.750
88.000
78.000
80.580
85.100
86.770
85.000
78.110
68.410
76.010
66.600
71.400
78.910
83.500
75.900
84.330
93.700
103.020
109.550
105.790
117.540
126.200
130.010
134.480
138.380
146.000
142.100
132.440
131.030
125.490
128.880
129.510
129.000
136.160
119.000
100.500
99.000
100.520
102.000
98.030
97.000
98.500
95.220
92.570
94.900
93.080
100.330
96.350
98.130
91.330
87.500
83.710
83.600
80.600
80.110
83.650
79.600
78.000
83.210
83.270
86.000
84.010
76.410
75.790
79.020
78.780
83.280
82.000
78.700
72.280
65.710
59.740
54.310
48.820
47.130
46.000
47.910
48.270
48.500
47.790
48.320
48.320
48.050
47.610
48.500
51.400
50.420
50.300
49.010
48.550
47.300
46.000
47.480
49.600
52.820
54.750
53.100
54.370
54.680
57.200
57.470
58.000
57.300
54.320
54.000
51.520
49.600
48.950
48.860
47.400
48.060
49.750
49.360
52.190
52.110
51.680
51.800
50.050
49.800
50.000
50.680
50.920
47.900
45.580
46.390
47.000
48.410
48.200
47.500
48.000
51.420
50.880
51.800
52.000
52.200
52.400
50.900
50.950
50.180
49.860
50.500
50.680
51.000
50.600
49.950
49.600
49.540
51.900
52.430
52.180
52.360
52.100
52.470
52.170
51.980
51.820
51.980
51.160
51.060
51.650
52.350
51.600
54.980
53.500
51.830
51.200
51.800
51.820
52.550
49.320
48.480
48.110
47.370
47.060
47.200
47.150
46.550
46.440
46.300
47.710
47.010
46.850
45.630
44.580
43.700
44.580
45.450
44.780
44.520
44.550
46.300
46.990
47.210
49.500
49.700
50.920
52.800
