6.930
6.870
6.880
6.970
7.170
6.950
7.080
7.010
6.950
6.540
6.480
6.490
6.330
6.260
6.340
6.070
6.130
6.000
6.150
6.150
6.250
6.180
6.160
6.080
5.830
5.960
5.940
5.880
5.820
5.700
5.870
6.060
6.060
6.080
6.170
6.060
6.360
6.150
6.070
6.010
5.840
5.750
5.950
5.970
5.890
5.900
5.820
5.790
6.170
6.280
6.500
6.470
6.290
6.180
6.250
10.870
10.680
10.640
10.500
11.090
11.680
11.700
11.640
11.580
11.570
12.110
12.300
12.160
12.050
12.180
12.380
12.480
12.430
12.530
12.610
12.400
12.600
12.750
12.070
12.000
11.500
11.750
11.610
11.400
11.340
11.600
11.550
10.970
11.180
10.750
10.710
10.630
10.250
10.110
9.900
9.750
10.000
10.060
9.980
10.100
10.100
10.000
10.030
9.930
9.860
9.880
9.780
9.700
9.980
10.080
9.730
9.830
9.850
9.680
10.190
10.710
11.320
11.320
11.420
11.430
11.600
11.460
11.350
11.360
11.330
11.500
11.550
11.570
11.300
11.480
11.690
11.670
11.600
11.630
11.460
11.390
11.410
11.360
12.200
12.200
12.310
12.240
12.000
11.800
12.110
12.180
11.890
11.990
12.130
11.900
12.300
12.650
12.900
12.670
12.580
12.500
12.450
12.060
11.980
11.980
12.000
11.960
11.930
11.840
12.050
11.890
11.840
11.620
11.610
11.700
11.620
11.560
11.700
11.600
11.640
11.480
11.590
11.630
11.630
11.640
11.680
11.450
11.270
11.240
11.340
11.190
11.480
11.540
11.540
11.490
11.530
11.430
11.470
11.490
11.500
11.810
11.820
11.820
11.630
11.660
11.720
11.630
11.760
11.790
11.730
11.740
11.750
11.780
11.720
11.930
12.000
12.050
12.020
12.120
11.670
11.450
11.630
11.820
11.710
11.530
11.810
11.640
11.690
11.630
11.730
11.970
12.290
12.800
12.940
12.700
12.280
12.280
12.280
12.160
12.280
12.520
12.500
12.410
12.120
12.190
12.170
12.280
12.310
12.410
12.030
12.280
12.350
12.410
12.100
11.580
12.010
11.750
11.500
11.930
11.700
11.680
11.790
11.250
11.500
12.400
12.600
12.850
12.920
12.860
12.700
13.020
24.400
23.510
23.850
23.690
23.090
22.950
22.970
22.390
22.240
22.800
22.910
22.440
22.460
22.450
23.110
22.800
23.600
24.970
24.910
24.800
24.030
23.910
24.240
24.630
24.360
25.090
23.800
24.200
26.500
26.080
26.000
26.690
27.000
26.450
26.210
25.910
25.920
27.100
26.900
26.700
26.580
27.620
26.680
27.320
27.900
29.000
29.000
25.550
26.020
25.800
24.430
23.260
23.590
23.860
23.600
22.650
23.340
23.400
24.500
24.200
26.190
26.880
24.500
23.570
24.300
24.050
26.450
26.580
27.200
27.220
26.520
26.740
26.400
25.230
24.590
25.700
25.600
24.760
24.100
24.630
22.710
23.150
24.000
26.420
26.950
26.450
25.800
26.390
25.600
24.100
25.800
23.400
26.480
25.750
28.000
29.000
31.290
31.850
30.100
36.770
38.350
37.900
36.460
36.390
36.340
36.100
36.940
36.560
36.510
37.980
37.580
38.590
37.500
35.780
37.000
35.390
34.240
35.220
34.540
35.100
34.200
34.560
34.720
35.050
38.000
40.120
37.520
36.900
37.520
37.200
36.290
36.420
38.290
35.600
37.800
40.500
38.500
38.450
38.440
34.400
35.120
32.980
33.480
33.000
33.490
34.180
34.710
33.700
33.640
33.280
31.500
35.490
34.100
36.150
33.500
31.590
31.500
30.020
28.520
28.460
27.000
26.000
25.900
26.350
25.960
28.380
28.200
26.700
27.900
25.810
25.720
25.580
23.150
23.900
28.090
26.120
26.800
26.320
24.050
24.030
21.180
24.590
27.900
24.200
22.960
24.800
25.110
29.600
32.500
33.000
31.240
36.200
36.800
37.500
36.010
36.900
37.990
37.000
34.920
34.750
36.800
34.640
32.800
32.020
34.730
33.150
32.300
36.500
40.200
38.810
37.550
36.700
37.180
33.200
31.500
37.950
35.570
32.340
29.400
28.000
33.330
31.500
38.000
41.400
34.610
43.790
45.100
48.920
49.170
48.400
50.800
55.900
52.000
56.000
63.000
62.220
62.520
62.280
61.400
62.200
65.700
67.150
70.200
67.000
62.700
62.290
61.400
63.990
61.000
62.640
73.770
70.000
69.000
58.100
55.790
54.750
58.700
58.600
62.470
58.650
52.210
52.000
52.420
53.850
55.800
54.570
52.500
56.290
55.820
55.000
57.080
55.050
50.680
53.800
54.570
53.220
59.100
62.950
64.100
67.000
61.000
63.400
61.900
62.500
63.020
63.000
60.950
65.500
66.000
76.520
71.110
62.350
57.600
53.000
48.000
48.000
48.300
103.970
99.200
96.770
98.870
90.500
83.090
85.570
88.010
81.720
81.670
78.210
80.850
75.500
71.910
65.380
65.370
59.430
54.030
47.650
47.800
48.590
48.170
45.700
45.650
44.800
45.000
45.850
44.010
44.530
44.650
46.200
45.290
43.750
42.910
42.700
42.200
43.810
43.580
43.070
41.970
40.590
43.300
45.200
45.320
46.670
48.300
45.900
45.440
45.000
44.610
44.900
47.120
48.600
49.290
49.820
50.400
50.990
48.010
49.460
45.760
44.590
44.530
44.120
44.870
44.060
43.690
44.100
45.000
44.710
43.030
43.960
43.950
44.200
43.950
43.780
43.600
43.020
43.450
44.810
43.790
43.180
42.890
43.100
43.100
43.000
43.590
43.000
42.960
43.280
43.800
44.600
46.000
44.100
44.180
43.800
43.030
42.920
43.200
43.300
43.400
43.080
44.010
43.430
43.320
43.210
44.300
43.900
44.800
44.500
44.050
44.510
45.960
45.350
44.480
44.200
43.400
42.950
43.800
43.010
45.000
45.810
44.200
43.800
44.940
44.480
43.590
43.000
43.460
44.330
45.470
45.000
44.200
43.950
43.500
43.170
43.320
44.000
45.010
45.000
44.000
42.970
40.930
41.850
42.400
40.660
40.710
40.400
40.600
42.600
43.430
43.500
43.600
43.010
44.560
44.800
