3.360
3.370
3.360
3.330
3.290
3.290
3.410
3.420
3.430
3.480
3.590
3.610
3.610
3.610
3.650
3.490
3.580
3.530
13.050
13.070
13.150
12.420
12.670
12.290
11.960
12.250
12.470
12.250
12.150
11.970
12.300
12.730
12.690
12.660
12.510
12.160
12.280
12.110
12.250
12.500
12.310
12.430
12.260
12.410
12.290
12.450
12.410
12.860
12.940
12.920
13.150
13.070
13.050
12.890
12.980
13.080
13.300
13.270
13.430
13.420
14.140
14.590
14.670
14.730
14.270
14.800
14.920
15.000
15.060
15.160
15.030
15.170
15.400
15.080
14.880
14.680
14.610
14.810
14.760
14.500
14.630
14.830
14.870
14.550
14.350
14.600
14.490
14.390
14.600
14.530
14.510
14.500
14.320
14.100
14.410
14.350
14.630
14.730
14.490
14.650
14.430
14.340
14.350
14.200
14.190
14.180
14.210
13.960
14.170
14.160
13.960
14.020
14.080
13.700
14.850
15.050
15.000
15.270
15.220
15.000
15.350
15.910
16.000
16.000
16.370
18.100
17.180
16.880
17.010
16.900
16.680
16.190
16.100
16.110
15.880
15.810
16.210
16.500
17.030
17.000
17.230
17.140
17.090
17.080
17.070
17.290
17.260
17.750
17.800
17.720
17.940
18.030
17.700
17.490
17.340
17.510
17.180
17.200
17.200
16.800
16.900
17.200
17.130
17.110
17.200
17.250
17.410
17.310
17.000
17.380
17.460
17.520
17.520
17.810
17.930
17.850
17.660
17.720
17.850
17.670
17.890
17.740
17.600
17.700
17.850
19.170
19.100
18.620
18.280
18.200
18.580
18.360
18.100
18.090
18.100
18.440
18.670
18.670
18.650
18.000
18.280
18.850
19.080
18.890
18.960
19.150
19.300
19.870
19.670
20.000
20.100
19.920
20.990
20.840
20.280
20.230
20.020
20.180
20.010
19.350
19.050
19.180
19.490
19.280
19.800
19.720
19.330
20.370
19.800
19.810
18.900
18.240
18.340
18.130
18.500
18.700
18.450
18.350
18.610
18.610
18.610
18.020
18.190
17.390
17.530
17.160
17.290
17.450
16.290
16.240
16.500
16.150
16.000
16.290
16.450
16.170
16.460
15.760
16.060
16.610
16.430
16.610
16.950
16.800
17.150
17.180
16.620
16.570
16.500
16.540
17.240
17.410
16.960
19.410
19.700
18.610
19.200
19.250
18.380
18.250
17.680
17.740
18.610
19.010
18.650
18.640
17.270
17.190
17.290
17.000
16.890
17.900
17.180
17.000
16.700
16.730
15.780
16.240
16.500
16.220
16.810
17.000
17.260
17.060
16.270
15.100
15.400
14.920
14.600
14.380
14.660
13.900
14.390
14.380
14.900
15.430
14.600
14.300
14.750
15.000
16.510
16.660
17.130
17.310
17.180
17.800
17.300
16.900
16.300
17.000
15.390
15.240
15.130
14.870
14.000
14.160
15.350
17.130
17.690
17.010
17.500
18.550
17.820
17.300
18.080
16.330
18.300
17.860
18.080
18.000
18.100
18.550
16.970
19.310
20.500
20.480
20.800
21.850
19.860
18.050
16.410
14.520
13.800
12.010
11.550
11.770
13.790
15.400
14.780
13.500
13.240
14.710
16.340
19.800
66.690
58.800
63.500
66.000
80.470
65.000
65.700
63.110
58.800
52.000
47.770
49.000
45.390
45.910
52.120
58.000
59.780
57.690
72.880
67.200
60.000
57.930
57.500
49.910
61.420
64.490
76.100
75.300
78.910
79.000
84.000
82.500
83.090
95.830
91.630
90.770
88.200
80.400
83.350
77.700
81.550
81.400
79.500
75.500
73.990
84.000
80.900
83.000
80.210
89.120
81.020
73.650
66.950
60.860
55.330
50.300
45.730
41.570
37.790
34.350
31.230
28.300
27.480
27.620
27.490
27.580
28.360
29.000
27.400
24.600
26.150
26.040
26.780
27.180
26.020
25.100
25.690
24.810
23.500
23.280
23.300
22.950
22.180
21.930
22.550
22.950
23.300
23.800
23.520
23.240
22.780
22.700
23.200
23.020
23.000
23.300
22.440
23.580
24.110
24.740
25.640
25.630
23.770
23.670
23.210
22.210
23.910
24.150
26.000
26.650
26.720
26.580
26.410
27.440
27.520
26.760
25.990
26.200
25.650
25.510
25.190
24.540
24.290
24.260
24.820
23.800
24.810
24.610
25.690
25.670
25.450
24.990
24.900
25.400
25.200
23.400
23.570
23.340
22.640
22.510
22.970
23.130
22.880
22.340
22.890
23.400
22.700
22.800
22.740
22.140
22.300
21.550
21.450
21.050
20.410
20.100
19.810
21.120
21.300
21.440
21.300
21.550
21.220
21.380
21.300
21.640
21.510
20.760
20.560
20.960
21.000
21.260
21.120
19.930
20.090
20.000
19.860
19.770
19.960
20.300
20.740
20.660
20.580
20.550
20.530
20.470
21.100
21.150
21.070
20.950
21.050
21.000
20.150
19.710
20.900
22.080
21.890
22.090
20.750
22.000
23.000
23.380
22.380
23.310
23.250
23.350
23.000
