0.640
0.050
0.390
0.100
-0.610
-0.560
0.100
-0.240
0.270
0.140
0.000
-0.210
1.160
-0.100
0.140
0.060
0.070
0.410
0.280
-0.080
0.120
-0.370
-0.160
-0.060
0.200
0.080
0.290
0.390
-0.180
0.140
-0.090
0.080
0.110
-0.200
-0.480
-0.010
-0.090
-0.400
-0.140
0.500
-0.200
0.130
0.080
0.210
-0.230
0.210
0.230
0.100
0.120
0.080
0.120
-0.380
0.280
-0.070
-0.370
-0.240
0.730
-0.210
-0.220
0.230
0.130
0.550
-0.120
-0.140
-0.100
0.190
-0.150
0.050
-0.110
-0.220
0.250
0.040
0.170
0.340
0.050
-0.150
-0.260
-0.130
0.080
-0.020
-0.180
-0.110
0.000
0.150
-0.790
0.200
-0.030
-0.060
0.200
0.010
-0.180
-0.370
-0.240
-0.140
0.500
0.100
-0.070
0.020
0.230
-0.610
0.230
-0.340
0.560
0.270
0.220
0.030
-0.090
-0.180
0.010
0.710
-0.190
0.420
-0.120
0.060
-0.360
-0.190
0.010
-0.640
0.160
-0.170
-0.520
-1.700
0.200
1.530
-0.090
0.490
-0.090
0.100
-0.100
0.110
0.750
0.050
0.240
-0.110
0.060
-0.170
-0.130
0.480
-0.070
0.200
-0.380
0.150
-0.090
0.220
-0.480
-0.240
0.500
0.560
-0.080
-0.600
0.140
-0.080
0.050
-0.210
0.740
0.370
0.590
-0.010
-0.280
0.080
0.100
-0.130
0.430
0.450
0.000
-0.690
-0.310
0.530
-0.010
-0.320
0.020
-1.210
-0.050
-1.540
-0.310
0.560
0.280
-0.220
0.460
-0.400
0.160
0.750
-0.220
1.300
1.180
1.080
0.980
0.890
-0.030
-0.040
0.160
-0.140
0.240
0.020
0.470
-0.210
0.060
0.230
-0.010
0.250
-0.210
0.210
-0.160
0.020
-0.620
0.170
0.290
-0.510
0.070
0.360
0.200
-0.500
0.270
-0.510
0.040
-0.970
0.270
-1.050
0.240
-0.370
-1.180
-0.370
0.120
0.280
-0.520
0.150
-0.160
-0.230
-0.140
0.290
0.540
0.300
0.260
0.060
0.170
0.000
-0.370
-0.460
1.080
0.210
-0.220
0.490
-0.170
0.060
-0.150
-0.980
-0.280
0.460
0.060
-0.050
-0.040
0.390
-0.360
-0.330
0.240
-0.360
-0.200
0.420
0.320
0.200
0.320
-0.210
0.670
-0.190
-0.560
0.050
0.610
-0.480
0.280
-0.050
0.970
0.340
-1.040
0.240
-0.260
0.380
0.300
-0.250
0.200
0.550
0.070
0.440
0.070
0.070
-0.390
0.350
-0.890
0.440
0.830
0.110
0.310
0.080
-0.320
0.730
-0.820
-0.920
0.300
-0.360
0.350
0.730
0.240
-0.410
-0.560
-0.770
0.790
0.410
-0.940
-1.040
-1.160
-1.120
-0.600
0.740
-1.390
0.430
0.170
0.510
-0.540
0.040
0.840
0.370
0.410
0.210
1.050
-1.080
-0.540
-0.360
0.960
-1.280
-1.420
-0.640
0.510
0.210
0.270
0.030
0.870
0.320
-1.400
1.270
1.160
1.050
0.960
-0.530
-1.120
-1.250
-1.380
-1.540
-0.130
0.620
-1.660
-1.840
-1.710
0.560
-0.780
-2.260
0.000
-0.260
-0.110
1.510
1.160
0.080
0.090
-0.860
1.790
-0.120
-0.850
-0.910
0.880
1.210
0.600
-0.180
-0.710
0.850
0.600
1.620
0.420
0.400
0.460
0.070
-0.740
-0.440
1.220
0.160
0.880
0.660
-0.570
-0.250
-0.500
-0.070
0.520
0.350
-0.360
-0.110
-0.560
0.400
0.200
0.470
-0.270
-0.080
-0.090
-0.660
-0.150
-0.160
0.820
-0.600
-0.570
0.240
0.880
0.100
0.970
1.180
0.060
0.230
-0.390
-0.180
0.390
-0.150
-0.110
0.130
0.410
-0.110
0.980
0.000
0.170
0.570
0.090
-0.030
0.260
-0.110
0.030
0.680
0.180
-0.110
-0.030
0.290
0.010
0.020
0.160
0.130
-0.200
-0.080
0.070
0.000
-0.090
0.070
0.020
0.150
-0.380
-0.050
-0.230
-0.990
0.170
0.640
-0.030
0.070
0.160
0.000
-0.130
-0.070
0.240
0.110
-0.250
0.100
-0.290
0.020
-0.380
0.090
-0.090
-0.260
0.120
-0.370
0.100
0.400
0.020
0.180
0.280
-0.020
-0.280
-0.150
0.700
-0.210
-0.340
0.240
0.140
0.130
0.180
-0.090
0.120
-0.040
0.510
0.080
0.150
0.170
0.100
-0.190
0.070
0.010
0.090
-0.390
0.200
0.190
-0.070
0.120
0.010
0.010
0.150
0.000
0.110
0.090
0.140
-0.100
0.030
-0.210
-0.130
0.020
-0.040
0.090
0.020
0.080
0.060
-0.100
-0.040
0.130
0.090
0.040
-0.110
0.060
0.100
0.060
-0.060
0.000
-0.130
0.400
0.030
0.000
0.010
-0.110
0.110
-0.100
0.040
-0.080
-0.160
0.020
0.180
-0.140
0.250
-0.160
-0.220
