27.650
26.950
26.900
26.790
26.800
26.670
26.460
26.960
26.650
26.460
26.200
26.490
26.760
26.890
26.600
26.360
26.320
25.520
25.050
25.600
25.430
25.660
25.360
25.020
24.910
24.550
25.200
25.210
25.050
24.890
24.710
26.070
26.650
26.770
27.150
27.020
26.680
26.770
27.150
27.640
27.730
26.450
28.020
27.310
27.280
27.090
26.910
26.840
27.350
28.070
28.330
30.370
30.560
30.700
31.200
31.500
32.200
32.410
32.690
33.100
31.860
32.190
31.560
31.800
31.370
31.190
32.090
32.550
32.510
32.400
32.340
32.500
32.250
32.240
32.540
33.010
32.750
33.910
33.900
33.560
33.280
33.780
33.830
34.090
33.980
33.630
33.260
32.790
32.670
33.150
32.910
33.040
33.020
32.870
32.450
32.350
32.180
32.880
33.150
33.130
33.300
33.350
32.520
33.120
32.900
32.000
32.890
32.430
32.110
32.550
32.440
31.780
31.820
31.910
31.340
32.900
33.300
33.800
33.800
34.490
33.230
33.430
33.140
32.870
31.980
32.260
31.770
32.070
32.120
32.670
33.150
33.210
32.890
33.350
33.410
33.650
33.300
33.930
35.500
36.710
36.300
36.900
35.960
36.320
35.940
36.490
36.770
36.450
35.250
35.240
34.970
35.440
35.460
35.190
35.180
35.480
35.770
35.860
35.780
35.500
35.200
34.910
35.340
35.080
35.190
35.450
35.420
35.650
36.180
36.050
36.330
36.580
36.530
36.600
36.850
36.780
35.590
35.540
35.890
36.080
36.080
35.850
34.950
34.890
35.030
35.040
34.500
35.900
36.320
36.440
36.060
36.160
35.910
36.070
36.000
37.900
38.200
38.320
38.500
38.000
38.170
38.800
38.900
39.120
38.780
38.480
38.030
38.530
38.520
38.410
39.240
39.280
39.870
39.320
39.270
38.220
37.890
39.260
39.120
39.200
38.100
39.100
38.900
39.020
38.920
38.390
38.780
38.250
41.270
40.850
42.530
44.240
44.260
44.260
45.460
45.700
47.170
42.880
38.980
35.540
37.400
36.220
37.500
37.410
37.310
37.510
37.020
35.930
36.630
37.370
36.440
35.360
36.400
36.780
35.180
35.650
35.300
35.810
36.510
36.120
36.500
35.750
32.500
30.570
31.490
30.650
29.300
29.690
30.610
31.070
31.240
30.950
32.110
31.820
30.270
29.500
31.930
31.290
34.380
32.780
33.570
33.120
32.610
33.230
32.360
31.060
31.100
31.470
30.660
30.520
29.330
30.000
28.630
30.500
29.480
32.750
33.110
30.970
33.230
33.730
32.190
31.470
32.170
30.010
31.270
30.940
34.380
35.180
39.090
38.100
39.380
43.760
45.470
45.800
43.800
46.960
45.780
45.170
46.520
47.200
44.920
40.840
39.160
39.270
39.220
38.700
41.290
41.460
37.690
39.510
38.860
39.620
38.840
39.150
40.560
41.790
43.400
42.630
41.770
41.780
43.000
42.600
41.310
43.600
42.950
42.690
42.990
41.950
42.030
40.960
40.990
39.870
39.750
37.960
37.600
38.160
39.180
39.190
41.620
37.840
36.900
36.030
34.440
38.270
37.620
38.420
37.340
35.440
36.500
35.320
33.410
33.100
31.280
31.170
28.980
30.130
29.630
31.400
30.330
30.000
30.470
28.400
28.110
27.870
25.340
28.160
31.290
31.650
31.600
31.040
29.950
30.960
34.400
38.220
38.540
35.040
33.460
37.180
41.310
45.900
49.520
52.820
48.060
53.400
53.180
54.400
54.410
53.800
51.010
49.440
49.000
49.080
44.620
49.580
49.620
49.040
44.580
44.960
49.960
50.000
48.900
47.660
49.450
45.000
40.910
38.350
42.610
38.740
35.290
32.080
29.160
30.870
34.300
37.170
41.300
45.890
50.990
46.580
51.320
57.020
59.910
58.290
53.000
55.680
60.110
58.230
64.590
68.550
65.910
65.490
65.400
64.880
69.710
68.700
70.800
76.300
71.340
64.850
62.680
67.850
61.680
56.070
50.970
49.870
49.530
49.810
49.800
50.890
48.200
45.750
47.120
45.440
44.270
43.350
42.790
44.300
46.500
45.360
45.180
44.860
47.560
47.320
46.910
47.030
46.920
45.350
42.450
41.340
40.740
42.900
43.920
43.040
42.400
44.700
46.350
45.880
46.050
46.750
44.940
43.730
43.510
44.000
42.590
43.310
43.610
43.230
43.020
44.570
44.670
44.550
42.350
42.320
40.220
37.910
38.030
38.600
36.500
37.000
37.370
37.890
37.790
37.150
36.930
38.250
37.670
35.630
35.410
33.830
34.120
33.600
33.000
33.280
35.280
36.400
36.900
35.800
36.220
36.060
37.010
37.990
37.670
38.500
39.710
37.500
37.380
36.520
36.230
35.190
35.100
31.910
31.130
32.490
33.410
33.260
33.950
32.570
32.000
30.650
32.180
33.450
34.020
33.160
31.850
34.100
36.980
40.270
39.570
43.970
48.860
54.290
52.350
51.630
53.460
53.690
54.510
54.890
54.750
54.900
53.630
54.850
54.400
54.350
54.920
54.750
52.400
53.320
53.840
55.050
55.400
55.500
55.050
56.150
59.800
61.120
56.080
57.300
57.090
57.200
56.450
55.970
56.100
57.480
56.930
56.580
55.600
56.810
56.210
57.000
60.280
60.200
60.570
59.600
59.890
60.850
62.810
61.220
61.200
60.650
60.680
60.450
56.260
57.240
56.880
58.780
60.930
62.660
62.980
58.750
55.340
55.180
55.500
57.840
58.060
57.300
57.000
58.330
58.700
58.000
58.210
58.850
61.650
58.270
59.000
58.810
54.860
54.180
58.450
58.570
61.240
55.670
59.850
66.500
69.080
67.770
71.780
65.580
64.650
68.400
