11.100
11.040
10.870
11.060
10.980
10.660
10.430
10.220
10.260
10.110
10.120
10.440
10.470
10.550
10.550
10.400
10.390
10.370
10.100
10.340
10.270
10.470
10.330
10.380
10.280
10.190
9.990
10.080
9.810
9.810
10.160
10.380
10.240
10.230
10.300
10.350
10.200
10.320
10.540
10.410
10.250
10.210
10.000
10.180
10.580
10.710
10.670
10.600
10.610
10.250
10.160
10.630
10.700
10.530
10.450
10.630
11.230
11.580
11.720
11.670
11.620
11.880
12.080
11.720
11.460
11.450
12.060
11.950
11.980
12.210
12.360
12.430
12.810
12.760
12.500
12.810
12.610
12.600
12.630
12.330
12.700
12.690
13.050
13.350
13.400
13.770
13.980
13.410
13.220
13.520
13.640
13.190
13.290
13.060
13.300
13.600
13.300
13.500
13.460
12.950
13.080
12.970
12.640
12.560
12.560
12.500
12.550
12.180
12.370
12.530
12.380
12.130
12.120
12.140
12.190
12.860
13.150
13.160
13.430
13.520
14.190
13.880
13.680
13.550
13.550
12.990
13.030
13.290
13.080
13.300
13.830
13.980
13.540
13.700
13.340
13.350
13.050
12.900
13.840
13.510
13.380
12.950
12.990
12.410
12.650
12.640
12.480
12.610
12.800
13.050
12.840
13.040
13.020
12.900
12.630
12.540
12.520
12.570
13.180
12.990
13.000
13.660
12.700
12.700
12.600
12.860
13.310
13.040
12.870
12.550
12.300
12.120
12.450
12.210
11.770
11.570
11.760
11.460
11.480
10.880
10.720
10.440
10.230
10.000
10.000
9.810
10.120
10.370
10.400
10.440
10.440
10.010
10.000
9.990
10.170
10.070
10.160
10.130
10.040
9.900
10.020
10.130
10.280
10.470
10.490
10.480
10.610
10.490
10.350
10.450
10.540
10.440
10.420
10.420
10.270
10.230
10.570
10.670
10.500
10.160
10.260
10.000
9.870
9.760
9.970
9.980
10.010
10.650
10.530
10.510
10.970
11.370
11.690
11.240
11.220
11.230
11.380
11.450
11.530
11.510
11.900
11.750
11.830
11.800
11.320
10.950
10.850
11.090
10.410
9.970
10.360
10.200
9.950
9.760
10.120
10.010
9.880
9.350
9.160
9.180
9.070
9.220
9.220
9.420
8.560
8.380
8.080
7.950
7.940
7.900
7.990
7.880
7.820
7.680
7.540
7.790
7.880
7.550
7.500
7.640
7.680
7.610
8.130
8.510
8.430
8.530
8.270
8.240
8.350
8.440
8.380
8.470
8.490
8.430
8.950
9.010
9.340
9.200
9.220
8.870
9.030
8.820
8.880
9.100
9.130
8.970
9.080
9.200
8.910
9.170
9.050
9.110
9.430
8.710
8.900
8.620
8.280
8.030
8.170
8.280
8.060
8.080
8.440
9.000
8.730
8.450
8.600
8.250
7.730
7.530
8.280
8.220
9.130
8.920
9.070
9.000
8.970
8.490
8.560
8.400
8.020
7.800
7.500
7.540
7.260
7.520
7.120
7.590
7.750
8.610
8.590
8.390
8.670
8.650
8.270
8.140
8.620
8.440
9.380
9.920
11.020
10.580
11.750
10.900
10.820
12.000
12.300
11.700
12.210
11.100
10.590
10.570
11.050
10.780
10.880
11.020
10.700
10.400
10.370
10.100
10.410
10.480
10.830
10.650
9.680
9.680
9.500
9.460
9.410
9.550
10.560
10.530
10.380
10.240
10.550
10.480
10.250
10.800
11.130
10.480
10.410
10.390
10.670
9.700
9.760
9.650
9.510
9.040
9.130
9.740
9.830
9.800
9.650
9.680
9.580
9.530
9.280
10.310
10.430
10.090
9.750
9.590
9.750
9.060
8.700
8.500
8.170
8.100
7.980
8.250
7.990
8.510
8.190
8.220
8.060
7.330
7.280
7.480
6.800
7.300
8.110
8.180
8.220
7.470
7.100
6.830
7.190
7.990
8.410
7.750
7.390
8.060
8.950
9.940
10.200
11.120
11.020
12.240
12.010
11.950
11.580
12.120
11.660
10.600
10.300
10.210
10.280
9.450
10.500
11.150
11.320
10.810
11.960
11.620
10.560
9.600
8.730
7.940
7.220
8.020
8.870
9.860
10.960
11.990
11.470
12.740
14.150
15.550
22.950
22.800
25.330
27.170
25.220
25.500
26.940
27.000
27.480
28.600
26.960
28.440
28.040
25.490
26.320
26.320
23.930
21.750
23.180
22.730
21.930
19.940
19.550
19.160
18.880
18.630
19.560
20.140
19.330
19.750
19.390
18.600
18.090
18.340
19.130
20.190
20.190
20.210
19.130
20.210
20.170
20.790
19.990
19.700
19.120
19.490
19.450
17.680
18.660
17.830
17.680
17.460
18.040
18.520
18.100
18.290
18.200
18.200
17.740
17.710
17.610
16.010
16.160
16.420
16.110
17.130
17.050
16.700
16.700
16.420
16.440
15.750
15.980
15.840
15.950
15.740
16.190
16.100
16.070
15.740
15.810
15.470
15.700
15.470
15.580
15.420
15.150
15.070
14.860
14.690
15.080
15.460
15.870
15.790
15.550
15.550
16.290
16.000
16.690
15.170
14.920
14.990
14.720
14.430
14.070
14.400
14.000
14.090
13.820
13.700
14.220
14.520
14.750
14.300
14.190
13.820
13.440
13.900
14.130
14.370
14.090
13.700
13.880
14.900
15.470
15.090
15.540
15.720
15.390
15.150
15.200
14.850
16.500
16.790
16.860
16.600
16.130
15.850
16.410
17.000
16.850
16.790
16.230
16.100
16.120
15.820
16.530
16.160
15.550
15.290
15.910
15.820
16.740
16.000
16.470
15.560
15.540
15.180
14.920
15.130
15.210
14.440
13.950
13.730
13.970
14.790
15.440
15.660
14.980
15.340
15.310
14.800
15.080
15.370
15.700
15.500
15.520
15.490
15.490
15.560
15.270
15.190
15.120
15.030
14.690
14.770
14.510
15.370
15.470
15.460
15.720
15.630
15.810
15.140
15.150
15.360
15.250
15.240
15.250
13.860
13.960
14.150
13.890
13.830
13.710
13.760
13.450
13.120
13.420
13.850
13.620
13.490
13.440
13.790
13.690
13.690
13.420
13.810
13.790
14.120
13.780
13.580
13.380
13.370
13.540
12.870
12.760
12.640
12.310
12.880
13.280
13.030
12.870
12.980
12.950
