12.590
12.250
12.000
11.430
11.300
11.280
11.300
11.360
11.310
11.400
11.830
11.700
11.610
11.700
11.520
11.450
11.200
10.380
10.470
10.600
18.470
17.670
17.400
16.970
16.310
17.090
17.350
17.180
17.360
17.290
18.110
18.530
18.650
18.500
18.600
18.230
18.350
18.350
18.440
19.130
18.050
19.160
19.100
18.900
19.230
20.170
20.000
20.030
19.900
20.280
20.170
20.460
20.600
21.380
21.920
21.860
22.380
22.200
22.400
22.680
22.850
22.620
22.730
21.330
21.360
21.660
22.170
21.780
21.700
21.740
21.560
22.010
22.040
22.530
23.490
22.810
22.780
22.770
22.480
22.300
22.880
23.670
23.340
23.000
22.490
22.180
22.380
22.500
22.300
22.100
21.990
21.960
21.680
21.280
21.590
21.620
21.960
22.020
21.810
22.080
21.620
21.620
21.740
21.410
21.760
21.650
21.540
21.290
21.480
21.410
20.890
20.990
20.960
20.600
22.330
23.870
24.460
24.430
24.590
24.400
24.110
24.500
23.970
23.930
24.120
23.920
24.270
24.400
23.790
24.450
24.800
24.750
24.500
24.700
24.800
23.800
24.300
24.360
26.400
27.150
27.660
27.300
27.320
26.990
27.980
27.990
27.800
28.210
28.390
28.480
29.000
29.510
29.950
29.310
28.750
29.090
28.540
28.220
28.240
28.560
28.400
29.100
29.250
28.750
29.070
29.260
29.900
30.100
29.940
30.510
30.760
30.700
31.350
31.650
31.700
30.350
30.910
29.680
30.430
29.970
29.940
29.120
29.170
28.650
28.610
28.560
29.450
29.230
29.090
28.230
28.700
27.620
28.060
28.140
29.280
30.410
30.480
30.440
27.010
26.680
27.400
28.050
28.100
27.930
28.090
28.100
28.800
28.990
28.220
28.900
29.180
29.100
29.020
28.790
27.990
27.370
28.540
29.120
29.400
29.000
29.300
28.660
29.030
28.550
28.400
28.370
28.550
30.500
30.030
30.520
32.000
32.650
32.350
31.430
31.810
32.640
32.450
32.200
32.040
33.190
35.560
35.210
33.760
33.550
33.180
34.500
34.800
34.800
35.920
35.610
35.500
35.540
35.350
36.230
36.710
37.220
36.530
31.480
32.200
33.300
33.120
31.400
29.540
29.880
29.400
27.620
26.420
26.050
26.000
25.980
26.320
26.220
24.490
23.520
23.390
23.630
24.800
24.000
23.100
22.760
23.870
24.170
25.000
26.350
26.250
26.530
25.700
26.580
25.690
25.580
24.950
24.890
24.480
25.060
27.400
27.950
27.300
26.430
26.110
25.870
26.450
26.700
26.670
26.680
26.650
25.770
26.200
26.400
25.050
25.950
26.390
26.410
26.060
27.000
26.750
26.720
25.260
23.700
24.990
24.710
24.100
22.500
22.980
23.300
23.640
23.850
24.820
24.990
23.760
22.930
23.980
24.790
26.100
25.900
25.950
26.300
25.380
25.840
24.300
22.950
22.680
23.800
23.220
22.700
22.160
22.340
20.810
23.000
24.110
26.150
27.600
26.010
25.400
26.800
25.550
25.300
25.000
22.500
23.510
23.080
24.250
24.950
27.000
26.690
25.100
29.900
31.560
30.730
29.680
31.220
31.420
32.100
31.200
31.600
31.430
31.600
30.800
30.800
30.010
28.850
30.680
31.800
29.800
30.000
28.720
29.000
28.530
28.170
30.290
30.600
33.320
32.980
32.530
31.510
32.300
33.200
31.400
33.510
35.230
33.100
32.730
34.000
33.990
35.500
31.890
29.200
29.980
27.000
26.330
25.370
27.500
28.000
27.600
27.870
26.680
26.240
24.100
27.750
27.000
27.150
26.420
26.060
26.620
25.500
26.910
24.600
23.000
22.110
21.520
20.680
20.290
21.000
19.510
16.150
17.150
19.410
19.330
20.230
20.020
17.660
17.600
17.020
20.020
20.260
19.400
18.000
16.600
18.390
21.450
23.980
26.000
25.000
29.600
30.380
27.600
27.000
28.000
27.880
26.610
26.130
24.200
25.000
23.300
22.320
22.950
25.000
23.300
21.830
25.990
28.550
28.590
26.380
25.600
26.000
24.940
22.800
24.280
26.190
24.230
22.900
24.400
19.200
23.160
23.500
20.500
23.600
24.110
28.470
27.920
28.480
28.300
25.730
23.390
21.260
18.660
18.910
19.320
19.110
18.810
19.490
18.880
17.880
17.880
18.100
17.900
17.320
17.690
18.050
17.990
16.990
16.660
16.110
15.980
16.370
16.670
16.740
16.990
17.220
16.550
16.900
17.240
17.320
17.700
17.620
17.030
17.620
16.760
16.200
15.420
15.800
15.550
15.580
16.150
15.570
15.350
15.380
15.410
15.580
14.980
15.330
14.650
15.130
15.980
16.130
15.900
15.500
15.300
16.430
17.880
17.790
18.380
18.960
18.410
18.080
17.490
17.000
18.010
18.980
21.390
22.830
22.440
21.260
20.570
20.520
20.690
21.200
21.070
21.500
21.780
20.660
20.450
21.020
21.130
22.730
22.650
23.400
23.100
23.140
23.590
24.000
24.800
25.340
24.500
21.900
21.700
21.020
22.600
22.000
22.350
21.300
20.090
20.910
21.880
22.000
20.990
20.980
20.780
20.800
22.040
19.640
18.670
19.200
19.700
17.250
16.500
16.150
16.430
16.080
16.250
16.000
14.880
14.790
14.490
14.260
14.000
14.130
14.050
14.480
14.780
14.600
15.180
15.310
15.290
14.710
14.530
14.720
15.220
14.750
14.440
14.100
14.550
14.120
14.260
14.010
14.510
14.550
14.760
14.350
14.280
14.320
13.800
14.450
12.890
13.030
12.930
13.030
13.400
13.650
13.260
13.130
13.300
13.480
13.400
