9.430
9.250
9.260
9.280
9.230
9.400
9.190
9.540
8.830
8.300
8.600
8.570
8.240
8.250
8.280
8.100
8.100
7.690
7.890
7.970
8.100
7.900
7.690
7.530
7.310
7.820
8.340
8.490
16.740
16.760
17.730
18.010
17.940
18.050
17.650
17.100
17.360
17.370
17.110
17.730
17.190
17.800
18.570
18.500
18.600
18.800
18.590
17.950
17.860
17.720
18.210
17.710
17.450
17.910
17.890
17.750
18.700
18.510
18.790
18.650
19.200
19.190
19.340
19.060
19.870
20.450
20.100
19.700
19.720
19.940
20.000
19.820
20.120
20.250
20.560
20.540
20.680
20.890
20.100
20.100
20.340
20.820
21.270
20.520
20.380
20.000
19.460
19.760
20.550
19.680
19.530
19.080
18.180
17.850
18.270
18.020
18.060
18.380
18.500
18.370
18.070
17.880
17.680
17.700
17.950
17.130
17.080
16.800
16.680
16.200
16.040
16.890
17.300
17.280
17.500
18.120
18.400
18.550
18.300
18.650
18.880
18.720
18.530
18.650
18.400
18.310
18.730
18.340
18.760
18.990
18.550
18.460
18.300
17.990
18.000
18.220
18.180
19.250
19.730
19.810
19.490
19.300
19.400
19.680
19.600
19.810
20.160
20.160
20.400
20.310
20.700
20.360
20.450
20.400
20.590
20.740
20.740
20.850
20.540
20.500
20.480
21.200
21.650
21.530
21.600
21.790
20.850
20.800
21.160
21.050
21.510
21.380
21.350
21.250
20.800
20.760
20.690
20.720
21.010
20.470
20.800
20.210
20.170
19.620
19.410
19.610
20.190
20.100
20.080
20.200
20.220
19.660
18.960
19.050
19.900
19.950
19.900
19.400
19.360
19.690
20.120
20.270
20.180
19.960
20.180
20.670
21.500
21.640
21.660
21.500
21.520
21.660
21.090
20.600
19.930
20.950
20.810
20.690
19.870
20.590
20.530
21.100
20.850
20.810
22.100
21.830
24.040
22.510
23.000
23.000
22.500
22.750
22.520
21.810
21.290
20.600
20.110
20.340
20.900
21.000
21.000
19.610
19.910
19.470
19.600
20.450
20.050
20.200
19.920
20.390
20.000
18.200
18.650
18.380
18.380
18.500
16.460
16.330
16.350
16.750
16.560
16.720
16.590
16.210
15.710
14.870
15.160
15.580
15.340
15.670
15.470
14.590
14.120
13.990
14.080
14.300
13.710
13.700
13.350
13.990
13.800
14.980
16.100
15.540
15.780
15.310
15.150
15.590
15.890
15.590
15.900
13.840
13.900
14.540
14.490
14.850
15.000
15.190
14.900
14.990
15.280
14.620
14.460
14.250
13.960
14.000
14.360
14.090
14.000
13.960
13.700
14.800
13.750
13.890
13.950
13.390
13.050
12.870
13.080
12.980
12.380
12.990
12.950
14.300
13.280
13.300
12.180
11.340
11.030
11.760
11.750
13.050
12.950
12.800
12.830
12.470
12.750
12.660
12.200
11.020
11.630
11.320
10.800
10.250
10.600
10.190
11.090
11.760
13.000
12.800
12.660
12.550
13.460
12.790
12.300
12.290
11.590
12.450
12.190
13.000
13.620
14.300
13.830
13.410
16.100
16.800
16.620
16.270
16.580
16.580
16.080
16.900
17.290
17.800
17.250
16.910
16.090
16.090
15.280
16.020
16.310
16.250
16.300
15.320
13.350
13.150
13.000
12.680
13.300
14.290
14.100
13.980
13.820
14.400
13.970
13.310
13.260
13.600
13.020
13.880
13.970
14.000
13.610
13.590
12.900
13.400
12.950
12.200
11.800
11.950
11.990
12.540
12.320
13.100
12.850
11.770
11.020
10.950
10.860
10.960
10.490
10.340
10.080
9.890
9.410
9.480
9.100
9.040
8.820
8.890
9.470
9.520
9.420
9.180
8.400
8.450
8.310
7.700
8.030
9.350
9.260
9.290
9.130
8.430
8.340
8.120
9.470
9.900
9.390
9.020
9.780
9.680
11.090
12.650
13.390
12.980
14.750
14.670
14.230
13.260
13.700
14.310
13.520
13.130
12.290
12.120
11.310
11.530
11.880
12.290
11.800
11.400
13.410
14.600
13.630
13.350
13.200
12.960
11.860
10.950
11.240
10.220
9.700
12.590
11.960
14.260
15.190
14.010
17.200
17.900
19.700
19.500
19.500
20.730
21.760
21.760
23.000
23.220
23.350
22.710
22.620
22.740
23.780
23.570
20.750
20.250
19.150
18.450
18.900
20.990
21.420
21.000
20.220
19.300
18.790
19.150
18.350
18.020
18.760
18.500
18.520
18.500
18.860
17.590
17.100
16.450
16.770
16.150
16.780
16.040
16.840
17.170
17.250
17.240
16.500
16.070
16.800
16.880
16.620
17.280
17.980
18.000
17.900
17.660
18.050
18.020
18.600
18.500
17.540
16.660
17.250
16.000
14.300
13.910
14.110
14.040
14.090
13.650
13.380
13.500
13.120
12.980
12.900
13.230
13.130
13.010
13.460
13.020
12.780
12.590
12.430
12.320
12.210
12.360
12.390
12.270
12.100
11.840
11.760
11.700
11.890
11.660
11.610
11.650
11.730
11.620
11.460
11.810
11.990
12.200
12.060
11.850
12.500
11.910
11.580
11.250
11.310
11.340
11.180
11.150
11.240
11.510
11.650
11.890
11.650
11.520
11.100
11.340
11.310
11.650
11.340
11.010
10.820
11.130
11.800
12.130
12.150
12.310
12.280
12.300
12.350
11.900
11.600
12.200
12.140
13.200
13.400
13.160
13.070
13.220
13.400
13.310
13.560
13.250
13.980
13.660
13.550
13.120
12.360
12.860
12.860
13.090
13.200
12.980
12.410
12.370
12.200
12.440
12.590
12.760
11.800
11.560
11.500
11.690
11.770
12.190
12.200
12.290
12.170
12.030
11.580
11.890
12.220
11.770
11.950
11.950
12.240
11.480
11.300
10.820
10.760
10.060
9.830
9.430
9.540
9.570
9.440
9.400
9.370
9.120
9.000
8.980
8.950
9.250
9.380
9.520
9.500
9.550
9.440
9.320
9.190
9.330
9.260
9.320
9.270
9.220
9.450
9.300
9.510
9.160
9.430
9.450
9.450
9.270
9.090
8.850
8.910
9.130
8.860
9.300
9.240
9.060
9.340
9.070
9.240
8.800
8.710
8.900
8.590
