7.280
7.140
7.160
7.100
7.200
7.180
7.150
7.120
7.020
6.980
7.050
7.130
7.120
7.070
7.090
6.920
6.910
6.720
6.810
6.860
6.930
6.750
6.700
6.580
6.570
6.830
6.780
6.760
6.610
6.620
6.880
7.100
7.150
7.220
7.110
6.900
6.930
7.040
7.180
7.580
7.440
7.600
7.600
7.590
7.690
7.500
7.500
7.500
7.680
7.660
7.940
7.980
8.090
8.270
8.470
8.810
8.700
8.630
8.710
8.600
8.700
8.820
8.870
8.960
8.600
8.800
8.840
8.910
8.910
9.030
9.020
9.230
9.300
9.200
9.240
9.180
9.130
9.200
9.160
9.110
9.320
9.550
9.600
9.410
9.350
9.600
9.360
9.320
9.450
9.490
9.400
9.440
9.400
9.250
9.500
9.350
9.560
9.390
9.270
9.220
9.250
9.160
9.190
9.040
9.200
9.160
8.940
8.950
8.950
8.840
8.710
8.650
8.730
8.650
8.860
9.280
9.200
9.150
9.210
9.150
9.570
9.650
9.590
9.500
9.420
9.470
9.630
9.500
9.400
9.800
8.960
8.990
9.030
9.030
9.010
9.070
8.890
9.010
9.910
10.010
9.950
9.860
9.630
9.550
9.720
9.460
9.630
9.750
9.790
9.710
9.830
9.860
9.840
9.750
9.930
9.880
10.050
10.200
10.320
9.900
10.250
10.300
10.200
10.100
10.360
10.300
10.240
10.070
9.900
9.910
9.940
9.950
9.990
9.860
10.140
9.620
9.640
9.600
9.420
9.310
9.180
9.210
9.210
8.950
8.740
8.880
8.800
8.680
8.560
8.680
8.670
8.530
9.200
9.100
9.050
9.270
9.330
9.450
9.350
9.480
9.630
9.700
9.660
9.700
9.480
9.600
9.400
9.070
9.130
8.700
8.750
8.810
8.830
8.620
8.580
8.330
8.440
8.210
8.420
8.160
8.160
8.260
7.950
8.010
8.160
8.360
8.410
8.500
8.400
8.490
8.270
8.020
7.960
8.080
8.090
8.120
8.090
8.060
7.860
7.990
8.200
8.400
8.200
8.360
8.170
8.480
8.600
8.900
9.400
9.520
9.600
9.520
9.550
9.580
9.640
9.710
9.540
9.480
9.710
10.210
10.120
10.280
10.400
10.320
10.120
10.160
9.580
9.710
9.930
9.780
9.560
9.600
9.710
9.500
9.540
9.720
9.550
9.900
9.910
9.980
9.740
9.980
9.020
9.020
8.940
8.790
8.730
9.110
9.120
9.500
9.580
9.840
8.960
8.350
8.080
8.700
9.180
9.730
9.630
9.890
9.700
9.560
9.890
9.900
9.710
9.010
9.400
9.380
9.030
8.960
8.740
8.260
8.910
8.850
9.390
9.030
8.710
8.910
9.000
8.540
8.280
9.100
8.680
9.550
9.700
10.540
10.800
11.300
11.320
11.000
13.110
12.930
13.050
12.710
13.180
13.150
13.000
12.770
12.440
12.200
12.650
12.610
12.700
12.700
11.750
11.810
12.460
12.020
11.700
11.230
11.150
10.960
10.800
10.900
11.150
12.300
12.360
12.100
12.120
12.450
12.270
11.850
11.800
12.400
11.380
12.200
12.090
11.800
11.300
11.200
11.270
11.220
10.650
10.920
10.800
11.350
11.590
11.720
11.020
11.780
11.000
9.610
9.720
9.560
9.600
9.700
9.250
9.110
9.070
8.810
8.430
8.250
8.080
7.960
7.910
7.950
8.270
8.180
8.090
8.180
7.800
8.000
8.090
7.340
7.570
8.650
8.490
8.690
8.520
7.830
7.850
7.280
8.400
8.750
8.020
7.670
7.900
8.020
9.090
9.900
10.200
9.680
11.600
11.250
11.000
10.410
10.760
11.020
10.350
9.990
9.880
9.900
9.100
9.400
9.900
10.350
10.200
10.050
11.950
12.840
12.250
12.400
11.810
11.630
10.340
9.820
10.670
9.700
9.200
11.940
11.500
13.500
13.000
12.310
14.590
15.000
17.100
17.300
16.680
17.600
18.420
17.200
18.450
18.790
18.870
18.600
18.790
19.700
18.790
17.300
16.540
16.800
15.890
14.650
14.600
16.850
16.750
15.900
14.900
15.020
13.980
14.060
12.330
12.260
12.760
12.740
13.060
12.700
12.000
12.080
14.120
12.300
12.500
11.360
10.200
9.260
9.290
8.900
8.650
8.780
8.850
8.850
8.780
8.710
8.160
8.240
8.420
8.230
8.010
8.260
8.070
7.930
7.800
7.210
6.920
6.870
6.840
6.850
7.640
7.370
7.410
7.070
6.950
6.950
6.500
6.300
6.400
6.390
6.300
6.330
6.280
6.500
6.540
6.500
6.590
6.430
6.390
6.290
6.480
6.400
6.400
6.350
6.100
6.000
6.360
6.380
6.400
6.620
6.670
6.370
6.270
6.200
5.990
6.300
6.190
6.520
6.550
6.280
6.250
6.450
6.450
6.460
6.460
6.410
6.490
6.250
6.270
6.250
6.380
6.140
6.400
6.880
7.210
6.870
6.540
6.040
5.920
5.800
5.610
5.570
5.370
5.330
5.240
5.250
5.050
5.200
5.160
5.120
5.210
5.100
4.820
4.880
4.890
4.820
4.880
4.830
4.910
5.010
5.000
4.880
4.890
4.610
4.650
4.630
