19769.12
13046.38
17267.35
21293.21
18398.79
25530.81
11901.74
14540.61
12935.65
14245.66
14122.75
15358.60
11490.42
12324.00
12314.00
15326.03
11055.00
12893.26
15290.68
17957.46
15281.01
24734.00
47465.13
72071.26
27879.13
18433.00
21750.57
8741.72
14923.53
13005.62
18764.69
17521.70
8568.84
8725.43
15320.95
12569.46
7873.29
8327.65
13738.81
13987.99
13991.21
30653.95
10958.09
17079.64
21116.55
13996.64
21479.96
33652.23
11370.03
20573.04
18948.91
19434.31
29635.88
17157.59
13440.43
12721.89
21268.84
17132.55
14389.99
22039.22
38669.35
32847.74
32708.99
46271.17
27121.21
55234.95
26339.59
28740.58
27065.04
50618.68
93040.93
87086.85
33543.68
27002.27
35129.84
34743.50
61708.83
29285.80
20059.26
15565.80
21263.07
25449.01
23321.96
18110.25
20964.09
31554.16
16324.05
17807.73
23955.87
26040.47
42375.13
20554.38
34578.51
21112.50
33198.10
30859.66
57020.09
20465.75
33256.66
23876.89
40016.85
24091.61
17345.71
19721.80
12545.82
1.00
16068.41
13893.03
17065.91
26414.17
27416.31
39024.01
25650.16
47178.87
78343.91
26635.33
45075.03
61523.64
82536.28
101589.68
87296.54
70856.93
74653.99
67198.11
52364.59
62470.48
86627.26
78355.68
80610.47
122205.15
154741.50
283736.22
232701.80
51704.02
50228.63
54394.66
61298.32
34169.19
55231.66
42611.68
34004.99
31847.43
14901.70
19531.91
31496.33
28846.41
36230.28
43800.58
44606.41
45188.00
45211.96
38654.48
43210.25
48358.13
26546.83
36680.68
36581.39
26902.91
28528.64
22278.14
26859.30
26323.92
18472.58
20399.23
24715.52
35254.53
18560.33
25537.15
16337.13
37145.01
19240.40
22665.48
21474.25
15790.11
18451.06
26483.10
22613.90
19384.55
15720.02
17806.85
25549.28
27791.95
12979.66
15343.00
15572.63
18640.24
22079.71
16591.43
14409.79
14387.67
14585.24
14624.93
16638.99
20733.27
39249.43
27438.20
25694.51
39847.97
65628.42
101038.31
65775.64
26785.74
18984.04
23230.98
29135.83
40928.97
48230.02
81671.19
217646.06
94593.91
76101.14
46072.00
25162.77
24780.40
28418.50
13768.50
13976.08
14314.43
13578.83
18102.72
17157.05
13597.31
17614.26
14714.49
18909.37
16827.40
24572.18
56847.61
32260.55
24875.76
26344.01
25599.87
24263.95
23619.90
52920.25
34084.75
42962.53
64873.97
67496.39
47925.40
58872.67
95312.12
60598.14
61255.15
46636.27
37050.28
54827.22
70592.22
58329.51
42731.55
46579.32
36395.82
35169.53
41595.22
31483.22
42369.93
73201.12
46820.28
33094.13
47570.77
38246.62
50863.10
55327.03
69466.81
110497.04
90155.70
78347.82
51273.16
96156.20
183620.88
35706.54
21892.83
26062.22
23179.81
25652.99
33375.16
31795.94
29487.83
32586.42
47991.15
104906.21
184377.31
113178.98
89447.14
63346.23
52787.22
52398.70
37623.74
50624.88
69819.64
153852.45
74467.02
44552.81
83834.51
116626.11
167511.83
148014.91
183974.92
59354.46
109058.68
113363.43
74443.79
52872.12
88983.88
90413.63
135717.33
174770.19
51185.41
47102.80
47490.14
55198.75
46139.72
69757.73
64684.93
74983.78
130812.71
142989.41
74011.06
58750.23
79805.31
57828.94
29754.66
33782.05
37139.00
48452.16
44761.14
52119.62
59103.12
61145.87
41490.18
48857.40
43287.14
84997.90
96146.54
163558.41
77400.13
48208.50
64094.05
55551.15
57632.91
35880.12
47836.67
44911.19
42329.83
40715.74
38239.16
54520.92
51903.93
83715.26
127378.76
170076.66
35747.55
53639.37
57779.51
65321.26
61114.99
60264.72
66997.90
48656.63
55500.70
65325.71
75228.55
25205.00
74727.16
123697.87
115986.78
127095.58
99910.75
74425.51
110159.26
93958.04
98431.45
218866.62
65484.51
82083.38
100830.06
193566.91
82157.08
97291.62
93121.74
88154.19
53182.52
49822.65
81143.37
81970.55
61132.61
60049.24
50079.63
61374.21
91542.10
110330.10
128108.61
124700.32
164919.69
186885.17
215853.42
178531.47
73496.91
74028.87
63690.02
99420.58
126138.54
143605.30
87713.85
103916.19
87576.85
123888.93
113559.81
47380.00
64450.88
70733.24
58565.75
73059.16
123732.02
152572.45
227388.84
160207.81
196554.95
145444.70
174812.28
245149.36
188403.02
202363.98
201454.44
295173.16
36439.98
23634.82
2155.92
73178.22
31822.27
43164.08
43743.92
66925.15
65539.81
83730.87
58161.20
44976.97
78264.31
62240.10
58028.80
110489.26
43472.49
59418.69
90955.85
54970.86
54294.94
65301.30
66244.37
125810.55
51774.86
80544.70
101966.42
45533.97
45803.69
57064.21
46862.46
73075.84
80639.07
61411.71
64019.21
55754.36
79415.07
100820.08
100653.54
69354.42
54144.66
102253.41
90320.69
87087.92
73837.34
76499.92
92829.78
126050.22
177548.73
214910.44
93446.99
77755.15
94407.72
128364.05
152624.09
166373.38
133937.06
292289.56
150641.39
194587.38
180711.30
113278.68
83386.98
61913.87
57684.05
63242.02
71355.16
75199.00
63914.86
90499.76
107324.23
188311.34
94986.73
69997.62
82619.70
93697.41
153646.95
150127.98
103261.08
176733.59
135246.16
102721.18
119937.62
142377.42
131265.22
155344.00
246690.31
9632.60
4707.68
198465.64
137476.11
197768.19
127301.38
88868.26
105522.49
181272.80
84105.53
87135.33
129693.82
90100.42
116554.85
141046.30
193462.33
179239.69
222790.55
404110.84
295444.09
173879.52
126217.55
167881.12
177124.02
282659.00
274121.84
286725.97
502399.59
226508.62
310187.09
266470.22
264996.72
249891.72
108997.68
81500.20
63866.51
35939.33
59279.63
62598.11
35910.11
73798.00
78125.79
32227.99
35014.73
36569.97
30100.35
22647.93
22991.86
43679.39
813.00
22582.36
28082.92
42412.99
49345.86
22898.73
17072.07
41063.92
62463.32
44581.44
48074.91
45382.28
47642.52
31885.75
42933.48
71759.33
62441.41
66627.12
110673.14
92321.67
142577.06
194954.50
188639.30
155045.05
79971.98
69646.95
22228.57
29690.55
34344.11
47062.51
32705.28
55120.97
74317.69
14910.67
11785.95
18758.03
27130.93
46290.36
15624.58
8881.95
22371.37
11781.35
9188.96
13346.12
16754.86
20383.45
11065.61
11870.03
20060.72
39362.85
30463.22
61390.92
53153.45
16897.96
10887.76
16429.90
18187.02
17648.33
21601.69
14940.44
14143.85
9212.59
9472.28
6920.80
12119.30
13729.02
14941.30
15594.36
29813.01
35398.08
7409.90
12921.16
12935.72
16110.75
24980.92
17406.17
25830.16
26578.40
27124.78
36187.28
35760.52
25176.05
27382.78
20198.79
26242.84
32610.91
42765.50
57716.96
61183.51
54301.89
63529.60
66242.00
89119.11
45976.08
15069.10
12850.15
12753.66
12200.30
16240.04
18000.57
36136.55
21149.71
11948.24
20133.32
28293.07
13385.05
14855.96
29509.49
32900.04
31782.74
14112.66
19965.97
16180.23
13190.06
12514.13
9816.53
7499.01
11056.06
27058.47
22461.43
20910.80
17821.11
22575.62
21527.26
24806.11
16691.70
20319.27
20309.16
25821.35
17597.84
13343.95
24860.48
34214.49
31327.08
51733.67
23428.16
16986.14
21773.30
20826.02
29708.99
10011.78
12175.63
14391.87
16815.54
51521.42
84896.38
13884.56
13849.85
13943.66
10584.76
13787.23
17539.23
