16.120
16.360
16.590
17.180
17.180
17.360
17.380
17.390
15.940
17.400
18.810
19.410
19.000
19.260
20.590
20.240
20.550
20.730
21.840
21.520
20.350
19.760
21.140
20.750
20.990
19.470
17.700
18.330
20.370
19.740
17.130
15.570
14.800
14.920
14.420
14.090
14.780
14.880
14.190
13.460
12.750
11.590
11.650
11.600
11.550
11.240
11.140
11.300
11.480
11.230
11.830
12.240
12.180
12.350
12.490
12.930
12.800
12.180
12.280
12.660
12.750
13.070
12.940
13.590
13.380
58.070
57.210
59.350
60.840
67.600
62.680
60.010
59.800
66.440
60.400
58.700
57.700
56.640
53.940
52.500
55.140
53.570
48.700
49.970
45.900
46.530
44.530
40.480
40.750
40.950
39.330
41.790
41.100
44.320
44.450
45.980
47.400
48.950
44.500
43.550
44.390
41.430
37.660
34.240
32.890
29.900
30.850
30.680
30.790
30.790
29.300
29.550
29.100
28.650
27.750
27.600
27.550
27.960
27.300
27.690
28.100
27.000
25.600
27.660
27.520
26.030
26.400
26.830
25.880
25.530
24.290
24.800
24.280
24.310
24.110
24.700
25.040
23.350
22.210
23.300
23.720
22.850
22.770
23.370
24.740
26.060
27.750
29.320
29.040
29.080
27.700
28.070
28.890
29.040
28.410
27.900
27.550
28.920
31.400
31.780
32.180
31.740
30.640
30.230
31.260
31.100
28.850
29.930
30.390
29.340
28.800
28.690
27.260
27.610
29.200
28.780
29.700
28.300
27.900
27.500
25.750
24.300
24.500
24.350
23.390
22.920
22.850
23.310
23.400
23.290
24.060
24.530
23.100
23.610
26.230
27.180
30.200
30.400
30.800
30.930
31.550
30.980
29.090
27.420
27.900
28.200
26.470
25.820
24.660
26.500
25.250
27.190
28.230
30.950
30.810
30.070
30.950
31.400
30.770
29.600
29.950
28.200
27.460
27.010
30.010
30.720
34.130
32.880
35.730
39.700
39.760
39.050
41.220
45.800
45.000
42.880
40.900
39.990
38.950
39.510
39.400
38.800
36.340
35.940
37.000
37.100
36.400
35.810
32.550
33.400
32.810
36.460
35.420
32.200
35.170
33.700
31.000
31.010
32.010
29.100
27.390
27.600
28.510
27.000
28.600
29.050
27.660
28.550
26.700
24.270
24.950
23.350
22.730
24.710
25.170
25.000
26.840
27.380
26.120
25.040
22.780
23.960
22.410
22.920
20.900
20.010
20.160
20.460
18.930
18.340
17.610
17.500
17.300
17.930
17.580
19.220
18.520
18.450
18.640
18.070
20.010
22.230
23.240
25.820
28.690
31.880
31.060
28.240
25.700
25.000
22.900
23.440
23.400
22.230
24.700
24.690
25.700
26.800
27.250
28.650
27.900
28.800
29.190
29.000
28.850
29.570
29.560
27.840
27.600
28.500
29.960
29.290
28.530
30.900
31.910
29.990
30.610
34.010
34.670
33.600
31.980
29.980
28.550
25.950
25.000
22.850
20.770
18.880
19.500
20.680
22.980
25.530
27.430
25.750
28.610
31.790
32.650
32.000
35.560
39.510
43.900
42.500
44.330
46.630
47.300
43.000
43.200
48.000
50.700
48.690
48.000
47.530
47.680
46.000
44.790
44.000
43.900
43.560
43.150
40.590
36.900
33.940
33.800
33.500
35.050
33.550
33.870
30.790
29.800
27.800
29.180
28.900
29.940
27.550
25.240
24.590
25.520
23.200
23.800
24.680
23.740
22.820
23.810
23.370
23.200
23.900
25.070
24.050
23.000
22.740
20.670
18.790
17.080
15.530
14.120
13.440
13.160
12.740
12.800
12.660
12.520
12.690
12.300
12.650
12.790
12.480
12.440
12.100
12.220
12.210
13.570
15.080
16.760
16.750
17.000
16.640
16.580
17.000
17.200
17.080
17.430
17.190
16.700
16.570
16.990
16.500
16.170
16.220
16.090
15.990
16.390
16.030
15.570
16.010
16.020
15.800
15.480
15.210
15.070
15.660
15.860
15.720
15.910
16.000
15.600
16.180
16.250
18.050
18.250
17.940
17.860
