0.490
-0.120
-0.040
0.150
0.200
-0.160
-0.290
0.350
-0.230
-0.180
-0.250
-0.160
0.320
0.000
0.300
0.110
-0.020
0.240
0.200
-0.020
-0.200
0.330
0.310
-0.160
0.510
-0.920
0.170
-0.020
-0.190
-0.190
-0.600
-0.170
0.010
-0.100
0.000
-0.190
-0.240
0.200
-0.780
-0.230
0.750
-0.280
-0.370
-0.100
-0.110
-0.030
0.360
0.690
-0.120
-0.460
-0.410
-0.490
0.050
-0.020
0.610
0.280
0.160
-0.120
-0.300
-0.090
-0.300
0.310
0.030
0.380
0.330
0.040
-0.300
0.170
-0.290
0.000
1.600
-0.390
0.040
-0.170
-0.400
-0.120
-0.710
-0.400
1.420
0.000
-0.060
0.680
0.040
-0.040
0.100
-0.370
0.310
0.410
-0.240
0.040
0.230
-0.050
0.160
-0.160
-0.080
0.060
-0.230
-0.090
0.390
-0.080
0.020
-0.150
-0.100
-0.220
0.040
0.330
-0.010
0.080
0.130
0.220
-0.020
-0.210
-0.200
-0.430
-0.290
-0.380
-0.130
-0.040
-0.150
-0.240
-0.500
0.720
-0.060
0.110
-0.070
-0.030
0.020
0.060
0.420
0.090
0.170
-0.170
-0.180
-0.090
-0.100
0.480
0.110
-0.690
-0.180
-0.090
0.020
0.300
0.030
-0.390
0.090
-0.130
-0.080
-0.150
-0.010
-0.130
-0.020
0.060
-0.130
-0.070
-0.170
0.310
0.060
0.010
-0.200
0.010
0.140
0.080
-0.370
-0.610
-0.030
0.460
-0.100
0.120
-0.390
-0.030
0.170
-0.170
0.040
-0.160
0.130
-0.370
-0.220
-0.160
0.800
-0.160
0.390
0.020
0.000
-0.250
0.050
-0.290
-0.250
0.640
-0.100
-0.370
0.240
0.080
0.140
-1.040
-0.070
-0.180
0.010
0.140
0.400
0.150
-0.060
-0.020
-0.230
0.500
0.250
-0.260
-0.110
0.030
-0.010
0.810
-0.010
0.030
-0.100
0.200
-0.130
-0.250
0.900
0.790
-0.540
0.060
0.070
-0.230
-0.880
-1.630
0.450
-0.140
0.500
0.070
-0.950
-1.520
-0.190
0.500
0.800
-0.400
0.150
-0.250
0.170
-1.120
-0.040
-0.170
-0.330
-0.310
1.240
2.010
-0.160
-0.690
-0.290
0.960
0.360
0.970
1.720
0.210
0.080
-1.880
-0.340
-0.390
1.470
0.050
-0.340
0.080
-0.210
0.350
-0.080
0.030
1.650
0.390
-0.040
-0.210
-0.360
0.390
-0.080
0.340
0.190
-0.050
-0.420
-0.620
1.300
0.420
0.120
-0.160
-0.790
-1.690
-1.830
0.160
-0.140
0.750
0.030
-0.640
-0.520
0.610
-0.770
-0.520
-0.630
-1.050
0.540
-2.350
0.380
0.750
2.850
-0.760
0.790
-0.700
-1.690
1.410
0.470
-1.560
0.500
1.140
-1.470
0.700
-0.700
-0.150
-1.070
-1.700
0.770
0.100
1.700
1.050
-0.310
2.720
-1.540
-0.120
-1.570
2.000
2.590
-2.870
0.020
0.870
0.890
-3.000
-3.330
-0.840
3.100
2.820
2.570
2.330
2.120
1.930
1.750
-1.950
-2.160
-2.400
0.730
-0.450
-0.930
2.190
-2.500
-1.610
-1.100
0.400
-2.000
0.420
-0.050
1.280
-1.650
2.100
1.370
0.530
2.300
-0.600
1.110
-2.500
-0.590
-2.840
-3.160
0.490
-3.450
-3.840
-2.620
3.100
-0.800
0.480
-2.590
0.240
-4.510
4.100
0.190
2.510
0.150
1.470
-1.500
-0.840
-0.900
3.620
3.300
3.000
-0.720
-2.740
-0.850
1.450
0.170
-1.070
1.060
2.970
2.700
0.490
1.720
-1.750
0.040
1.030
1.210
1.950
-0.110
-0.920
-0.050
-1.090
-0.930
1.420
0.510
0.090
0.660
0.450
0.810
0.710
-1.830
-0.900
0.070
-0.900
0.230
-0.150
1.270
-1.120
-1.600
0.370
-0.450
0.530
-0.060
0.330
-0.480
0.270
2.300
2.090
1.900
0.310
-0.710
-0.280
0.270
-0.210
0.020
-0.440
1.820
0.470
0.240
-0.140
-0.340
0.080
1.080
1.540
1.400
-0.380
-0.150
0.450
-0.100
-0.830
-0.730
0.830
0.490
-0.510
-0.080
0.430
-0.700
0.540
0.480
-0.870
0.000
1.200
1.260
1.150
0.470
0.060
-0.030
0.010
-0.560
-0.180
0.200
-0.220
0.440
-0.100
-0.590
0.190
-0.500
0.000
0.580
0.520
-0.670
-1.320
0.640
-0.240
1.160
-0.370
0.120
-0.440
1.120
1.020
-0.130
-0.380
0.590
0.920
0.060
0.030
-0.060
-0.170
0.000
0.190
0.000
0.000
-0.110
0.020
0.040
-0.200
0.130
0.040
0.020
0.080
0.210
-0.230
-0.160
0.030
-0.190
0.010
-0.070
0.170
0.050
-0.140
0.130
0.110
-0.280
0.190
