0.260
0.020
-0.040
0.050
-0.050
-0.090
0.220
0.070
0.090
-0.100
-0.020
-0.040
0.070
-0.040
0.030
-0.040
0.140
0.150
-0.150
-0.010
-0.050
0.120
0.140
0.250
0.070
-0.260
-0.070
0.140
0.140
-0.160
-0.150
-0.250
-0.160
0.110
0.020
0.050
0.160
0.160
-0.170
-0.180
-0.120
-0.420
-0.130
-0.380
-0.080
-0.230
0.160
-0.050
0.050
0.040
-0.660
0.020
-0.420
-0.290
-0.120
-0.610
0.230
0.130
-0.120
0.450
-0.170
0.540
-0.050
0.150
0.020
-0.420
-0.130
-0.260
0.220
-0.250
0.100
0.190
-0.030
-0.060
-0.060
0.010
0.280
-0.070
0.440
-0.050
-0.180
0.060
0.070
0.080
-0.340
-0.070
-0.120
-0.040
-0.050
-0.120
0.470
0.210
0.220
-0.010
-0.030
0.130
-0.150
-0.020
0.050
-0.120
-0.020
-0.080
0.310
0.080
0.150
-0.010
0.080
-0.110
-0.070
0.150
0.110
-0.260
0.110
0.130
-0.180
-0.370
0.090
-0.110
0.120
-0.080
-0.140
0.170
0.040
0.020
-0.050
0.050
-0.030
0.170
-0.040
-0.050
-0.110
0.080
-0.130
0.160
-0.020
-0.260
0.400
-0.230
-0.320
-0.110
0.040
0.020
-0.160
-0.490
0.080
0.110
-0.090
-0.080
0.220
-0.230
-0.340
0.070
0.050
0.150
-0.380
0.080
-0.030
0.100
-0.370
-0.250
-0.750
1.290
-0.060
-0.160
-0.380
0.250
0.890
-0.110
-0.120
0.010
0.220
0.050
-0.200
-0.010
0.020
0.080
0.370
-0.110
0.050
-0.180
0.190
-0.360
0.090
0.010
-0.290
0.070
-0.420
-0.340
0.180
0.210
0.080
-0.100
0.290
0.130
-0.820
-0.260
-0.080
0.190
-0.080
0.030
-0.170
0.050
0.150
0.080
0.030
0.100
-0.180
0.010
0.270
-0.290
-0.130
-0.020
-0.190
0.240
0.110
0.000
-0.460
0.610
-0.070
-0.820
0.040
-0.320
0.110
-0.020
0.150
-0.550
0.300
-0.120
0.420
-0.610
-0.140
-0.320
-0.650
-0.070
0.030
0.070
-0.320
0.110
-0.240
1.280
-0.520
0.410
0.950
0.000
0.280
0.370
-0.400
-0.010
-0.100
-0.250
1.270
-0.020
-0.120
-0.560
0.120
-0.710
0.650
0.520
-0.110
0.580
0.210
-0.240
0.750
-0.270
0.030
0.030
0.450
-0.080
-0.200
0.150
-0.790
-0.090
-0.170
-0.420
0.250
0.200
-0.500
0.770
0.850
0.000
0.420
-0.180
-0.790
-0.200
0.210
0.400
0.950
0.080
-0.460
0.370
-0.220
0.100
-0.170
0.990
0.310
0.250
-0.200
-0.060
-0.260
0.180
0.060
0.290
0.370
-0.130
0.010
0.080
0.030
-0.090
0.220
-0.090
0.000
0.000
-0.430
-0.210
0.190
0.060
0.210
0.090
0.130
-0.500
0.070
0.230
-0.170
-0.710
-0.500
0.640
0.130
0.440
0.290
0.590
-0.460
0.140
-0.550
0.120
0.310
0.030
0.070
-0.190
-0.190
0.140
0.810
0.320
0.210
0.090
0.170
0.070
0.180
-0.560
-0.210
-0.280
0.160
-0.080
-0.230
0.150
0.200
0.000
-0.860
-0.250
-1.000
0.910
-0.250
0.850
0.220
-0.670
-0.180
0.120
0.240
-0.190
0.000
0.050
-0.220
0.100
0.090
-0.180
0.030
0.240
-0.120
0.580
0.130
-0.110
0.080
-0.290
0.200
-0.020
0.070
0.140
0.180
-0.250
-0.750
0.000
0.230
-0.040
-0.160
0.090
0.150
-0.120
-0.240
0.480
-0.320
0.000
-0.190
0.300
-0.080
0.240
0.060
0.290
0.140
-0.230
-0.050
-0.190
0.180
-0.040
0.100
0.240
0.130
-0.400
0.040
-0.160
0.090
0.220
-0.010
-0.090
0.490
0.290
0.240
0.030
0.040
-0.200
-0.040
-0.080
0.140
-0.240
0.080
0.220
0.040
-0.080
0.560
-0.460
-0.580
-0.050
-0.280
0.290
0.220
0.000
0.030
0.000
-0.330
0.500
0.220
-0.550
-0.880
-0.980
-0.170
0.100
0.170
-1.070
0.150
-0.340
-0.150
0.240
0.990
0.420
0.230
-0.170
-0.290
0.330
0.230
0.110
-0.180
0.330
-0.060
-0.990
-0.140
0.310
-0.200
0.140
-0.120
0.530
0.190
-1.020
-0.680
0.990
0.900
0.820
-0.330
-0.950
0.070
-1.040
-1.160
-0.840
0.670
-0.810
-1.400
-1.050
0.230
-0.110
-1.030
0.040
0.020
-0.230
0.060
0.440
0.250
-0.130
-0.220
0.320
0.660
-0.180
0.030
0.630
0.720
-0.210
-1.500
0.510
0.270
0.190
0.510
0.130
-0.150
0.120
0.500
-0.330
0.200
0.160
0.030
0.330
0.360
-0.180
-0.450
-0.750
-0.400
-0.790
1.360
-0.420
0.320
-0.040
0.240
0.350
0.340
-0.330
-0.040
0.700
0.010
-0.090
0.360
0.230
-0.360
-0.290
0.450
0.230
0.260
0.090
-0.190
-0.050
0.120
0.050
-0.320
0.330
0.280
-0.100
0.100
0.110
0.040
0.360
-0.030
0.350
0.020
-0.060
-0.150
0.220
-0.220
-0.030
-0.050
0.250
0.060
0.270
-0.210
0.040
-0.060
0.100
0.280
-0.130
0.040
0.070
-0.020
-0.220
-0.230
-0.260
0.150
-0.030
-0.260
-0.220
-0.070
-0.330
0.160
-0.200
0.590
0.480
0.220
-0.410
0.410
0.180
-0.340
-0.120
-0.030
-0.300
-0.350
0.490
-0.160
0.830
0.280
-0.710
0.290
0.090
0.150
-0.190
0.180
-0.080
0.010
-0.120
0.410
-0.300
0.080
-0.610
0.230
0.520
0.180
-0.330
-0.160
0.090
0.390
0.890
0.180
0.090
-0.100
-0.040
0.090
0.140
-0.020
0.110
0.150
-0.270
0.130
-0.090
0.040
-0.160
0.080
0.030
0.050
0.050
0.050
0.140
0.020
0.050
-0.220
-0.170
-0.060
0.010
-0.220
0.010
-0.090
-0.130
0.180
-0.180
0.110
-0.030
0.180
0.000
0.090
-0.080
0.090
0.050
-0.320
-0.150
-0.130
0.530
-0.100
0.200
0.020
0.020
-0.040
-0.260
0.150
0.030
-0.020
0.090
0.110
0.140
-0.030
-0.080
-0.130
-0.140
0.000
-0.130
-0.010
-0.020
0.090
0.100
-0.290
-0.030
-0.120
-0.040
0.300
-0.260
0.150
0.180
0.170
-0.420
0.560
-0.170
0.170
0.220
0.190
0.200
0.110
0.200
-0.140
-0.040
0.100
-0.030
-0.090
0.080
0.150
0.060
-0.120
0.010
