10.720
10.510
10.410
10.360
10.270
10.280
10.300
10.210
10.300
10.130
10.010
10.420
10.480
10.590
10.560
10.070
9.910
9.990
9.500
9.790
9.760
9.840
9.700
9.410
9.340
9.160
9.650
9.750
9.800
9.770
9.730
9.850
10.350
10.390
10.390
10.030
9.860
9.900
9.870
10.970
12.190
12.290
12.220
12.200
12.440
12.420
12.520
11.380
11.070
10.640
9.670
10.240
10.500
10.480
10.880
11.130
11.510
12.000
12.040
12.210
12.370
12.120
12.070
12.180
11.910
12.020
12.400
12.190
12.160
12.100
12.060
12.200
12.510
12.620
12.540
12.770
12.800
12.410
12.520
12.530
12.460
12.640
12.720
12.830
12.760
12.830
12.700
12.870
12.630
12.770
12.820
12.740
12.630
12.440
12.250
12.360
12.240
12.520
12.600
12.560
12.780
12.690
12.340
12.300
12.230
12.290
12.280
12.000
12.000
12.570
13.200
12.860
13.100
13.430
13.680
15.200
14.800
15.000
15.060
15.130
14.690
14.830
14.910
14.930
14.500
14.700
14.400
14.140
14.120
14.350
14.420
14.900
14.820
14.190
14.280
14.030
13.650
13.770
13.320
14.280
14.520
14.750
14.310
14.360
14.850
14.860
14.860
15.490
15.390
15.200
15.650
15.500
16.170
16.310
15.870
16.080
15.800
15.500
15.950
16.020
15.390
15.330
14.430
13.880
13.980
14.330
13.780
22.470
22.740
22.660
23.100
21.530
21.390
21.750
21.380
21.270
21.000
21.030
20.900
21.200
21.830
21.260
20.820
20.800
20.980
20.880
20.860
21.840
22.000
21.890
22.090
22.320
22.150
23.280
22.580
23.330
23.900
23.110
22.380
21.800
21.700
24.100
24.800
24.990
24.090
23.750
24.700
24.590
22.700
22.020
22.000
21.750
21.890
21.600
20.840
20.600
20.610
21.200
21.730
21.970
21.990
22.000
21.610
20.760
20.700
20.160
21.350
22.480
22.480
22.700
21.400
20.650
21.010
20.220
20.300
20.840
20.490
20.100
20.000
20.270
21.000
21.180
20.170
20.460
19.770
19.540
20.000
20.480
20.430
20.920
20.250
19.930
20.710
20.090
21.000
21.000
21.390
21.770
20.750
20.220
18.380
18.010
18.040
17.380
17.570
17.240
16.730
16.020
16.750
16.780
17.040
17.500
17.620
16.020
15.420
15.040
16.280
16.200
15.200
15.000
14.970
15.120
15.170
16.660
17.480
17.440
17.580
17.210
17.500
17.170
16.980
16.870
16.780
16.730
17.240
19.160
19.000
19.240
18.210
17.920
17.740
17.690
17.410
17.630
18.020
18.320
17.440
17.620
17.840
17.340
17.850
18.150
17.120
18.100
17.090
17.310
16.770
16.100
15.540
15.690
15.950
15.440
15.450
16.060
16.710
17.060
16.180
16.480
15.900
15.150
14.740
16.380
17.280
19.200
18.600
17.480
16.630
16.330
16.310
16.250
15.360
15.750
15.700
15.360
15.360
14.650
14.530
14.100
14.950
14.710
16.070
15.940
15.210
15.970
16.100
15.300
14.680
15.560
15.010
15.160
16.120
17.910
18.240
20.270
19.810
21.020
23.350
22.710
22.450
21.560
22.640
22.300
22.040
22.820
23.220
23.800
24.290
23.180
23.100
23.390
23.150
23.680
25.010
26.250
25.530
23.210
21.930
22.080
20.800
19.660
20.210
22.440
22.300
21.470
21.550
21.600
20.900
20.370
21.790
21.960
21.800
22.400
23.070
23.150
23.910
24.930
22.880
22.970
20.920
21.600
22.130
20.180
19.630
19.130
18.680
17.180
16.450
15.510
16.770
16.070
16.500
15.950
15.000
15.470
15.090
14.340
13.630
13.000
12.870
12.790
13.250
12.910
13.700
13.550
13.570
13.660
13.150
13.190
13.380
12.470
13.850
15.200
15.220
15.500
14.260
13.800
13.640
15.140
16.580
16.640
15.130
16.810
18.680
20.750
23.050
24.690
22.450
20.900
23.220
21.180
19.300
18.460
18.600
18.800
18.150
16.500
16.180
16.150
14.940
16.600
16.090
16.260
14.780
16.210
18.010
18.700
17.230
17.510
15.920
15.620
14.200
14.270
13.110
11.920
13.240
14.710
16.340
18.160
20.180
19.080
21.200
23.550
24.200
22.420
21.600
24.000
26.000
26.330
29.250
31.020
28.200
28.630
28.300
27.250
27.790
28.390
29.740
28.040
27.470
25.910
26.800
26.610
27.780
27.820
27.000
28.790
30.480
28.990
26.940
25.760
23.420
22.820
23.140
23.010
20.920
19.020
17.290
18.230
19.500
18.710
17.010
15.460
14.050
14.370
14.190
13.560
13.190
12.930
12.520
12.480
12.080
11.980
12.080
12.200
12.080
12.100
12.250
12.020
12.110
12.350
12.190
11.650
11.510
11.680
11.640
11.430
11.230
11.000
11.170
10.980
10.940
10.800
11.230
11.250
11.270
11.080
11.110
11.390
11.340
11.250
11.320
11.190
11.490
11.450
10.820
10.480
10.680
10.650
10.660
10.760
10.660
10.550
10.520
10.610
10.750
10.660
10.350
10.230
10.550
10.460
10.580
10.390
10.030
10.100
11.100
11.660
11.690
12.130
11.940
12.100
12.300
12.870
12.740
12.250
12.390
12.400
12.390
12.450
12.390
12.190
12.080
11.960
11.850
11.820
11.600
11.510
11.720
11.640
12.250
12.160
12.530
12.510
12.480
12.390
12.300
12.310
12.390
12.240
11.890
11.740
11.620
12.010
12.120
12.190
12.050
12.580
12.920
12.800
12.810
12.760
13.010
13.080
13.020
13.000
12.920
12.830
12.940
12.860
12.670
12.710
12.610
12.260
12.430
12.780
12.990
12.880
13.240
12.840
12.660
12.840
12.950
12.600
12.500
12.230
11.980
12.550
12.460
13.100
13.380
14.100
12.820
13.700
12.900
11.730
10.660
10.430
10.330
10.310
10.150
10.130
10.240
10.140
10.090
9.880
10.030
9.950
10.030
9.850
9.490
9.310
9.550
9.800
9.690
9.890
9.930
9.550
9.720
9.650
9.320
9.600
9.020
9.330
