4.620
4.620
4.690
4.660
4.550
4.570
4.580
4.610
4.590
4.560
4.650
4.680
4.730
4.760
4.740
4.610
4.640
4.780
4.410
4.420
4.450
4.450
4.350
4.380
4.340
4.320
4.410
4.370
4.330
4.280
4.410
4.580
4.750
4.600
4.640
4.460
4.420
4.400
4.450
4.650
4.630
4.820
4.930
4.960
5.020
5.010
5.020
5.050
5.060
5.100
5.330
5.480
5.530
5.610
5.900
6.090
6.170
6.170
6.180
6.180
6.190
6.220
6.190
6.160
6.070
6.130
6.190
6.190
6.200
6.200
6.230
6.210
6.250
6.200
6.250
6.250
6.230
6.280
6.280
6.320
6.380
6.390
6.400
6.320
6.330
6.460
6.460
6.470
6.550
6.500
6.490
6.510
6.610
6.800
6.240
6.250
6.280
6.230
6.230
6.220
6.250
6.350
6.160
6.160
6.130
6.140
6.180
6.090
6.050
6.080
6.080
6.300
6.520
6.660
6.720
6.760
6.740
6.830
6.960
6.760
6.720
6.680
6.700
6.760
6.800
6.800
6.920
6.970
7.020
7.040
7.060
7.080
6.930
7.050
7.050
7.270
7.300
7.320
7.270
7.280
7.320
7.360
7.370
7.410
7.510
7.520
7.450
7.520
7.610
7.590
7.620
7.690
7.730
7.850
7.780
7.950
7.650
7.520
7.550
7.580
7.640
7.650
7.750
7.690
7.860
7.890
8.090
7.810
7.690
7.680
7.880
7.640
7.210
7.200
7.230
7.270
7.310
7.390
7.390
7.220
7.260
7.270
7.290
7.330
7.360
7.410
7.460
7.530
7.580
7.650
7.690
7.800
8.220
8.440
25.880
25.980
25.870
27.420
27.780
28.090
27.800
28.150
28.390
28.140
28.370
27.980
29.370
29.420
27.940
28.780
27.980
27.100
26.770
25.460
25.270
24.960
23.960
24.150
23.970
24.190
24.470
24.160
24.790
24.380
26.070
26.190
26.270
26.480
26.970
27.280
27.380
27.000
26.320
24.480
24.790
24.210
24.680
25.110
26.270
25.570
24.500
23.680
23.690
23.960
24.490
23.700
23.830
23.880
23.850
23.830
24.550
24.140
24.170
23.480
21.850
20.960
21.870
22.000
22.210
21.840
21.850
21.200
21.300
20.420
20.290
20.780
20.290
20.500
21.640
21.800
20.850
20.390
20.550
21.010
21.290
20.950
20.550
20.090
18.320
18.400
19.310
19.290
19.270
18.730
18.280
18.290
18.480
18.400
18.560
18.560
19.360
19.480
19.090
18.890
18.950
19.290
19.230
19.980
20.050
19.550
19.610
19.950
19.950
19.200
19.230
19.050
19.200
19.980
19.430
20.330
19.480
20.050
18.900
18.090
16.880
16.970
17.430
17.600
17.180
17.540
17.230
17.690
18.650
17.850
18.560
17.610
16.100
16.180
15.970
16.380
16.010
15.650
14.670
15.280
15.420
15.120
15.650
14.900
15.220
15.680
16.500
17.430
17.190
16.430
16.790
17.140
17.390
17.100
18.550
19.050
21.610
21.890
22.500
21.000
21.000
21.700
19.990
20.900
20.530
20.110
20.090
20.370
20.170
20.280
20.750
20.450
20.510
20.790
20.900
20.500
19.850
19.880
19.590
20.470
21.290
21.790
22.000
22.150
21.940
22.200
22.890
23.060
23.240
24.180
23.990
22.540
20.780
19.730
19.840
20.400
21.150
21.100
21.070
20.740
19.540
19.900
21.100
20.480
19.940
19.980
19.460
18.990
17.600
17.200
17.620
17.690
18.020
17.290
16.500
18.180
17.920
18.190
18.190
18.250
18.650
18.280
18.060
17.400
16.180
14.750
14.800
15.090
14.680
15.400
15.880
15.930
16.100
15.300
15.480
15.980
15.840
15.600
17.250
17.500
17.520
16.900
15.500
14.870
15.790
16.910
17.690
17.400
15.860
15.350
16.000
17.000
19.800
21.380
20.550
22.660
22.490
21.430
21.200
22.290
23.800
23.890
23.000
23.200
23.310
22.560
23.400
24.400
27.300
27.000
26.080
24.920
24.300
24.780
23.460
21.330
19.390
17.630
16.650
17.760
19.300
17.790
18.480
19.640
18.030
17.800
18.600
19.450
18.170
17.300
18.600
19.920
18.940
19.500
20.750
21.230
20.500
20.950
20.620
21.170
22.700
21.320
19.810
19.720
18.860
18.640
20.660
19.690
18.400
17.410
17.500
16.460
16.400
16.370
16.980
17.530
16.090
15.850
14.970
14.350
14.300
14.690
14.500
14.570
15.230
15.580
15.250
15.090
15.520
15.550
14.570
14.680
13.850
12.800
12.930
12.710
12.850
12.970
11.800
11.630
11.470
11.360
11.420
12.000
11.030
10.210
9.740
9.830
9.850
9.090
9.190
9.230
9.480
9.450
9.200
9.290
9.400
9.710
9.570
9.450
9.370
8.920
9.000
8.830
9.010
9.030
8.980
9.340
9.720
9.760
9.900
10.120
10.420
10.490
10.540
10.230
10.080
10.080
10.100
10.100
10.130
10.440
10.660
10.760
10.480
10.560
10.700
9.810
9.910
9.880
9.850
10.030
10.120
10.310
10.000
9.920
9.740
10.100
10.240
9.920
10.150
10.110
10.140
10.470
10.800
10.640
10.600
10.890
11.200
11.400
10.930
10.040
10.170
10.410
10.730
10.900
11.080
10.400
10.700
10.330
10.250
9.890
10.010
10.220
9.890
9.230
8.920
9.050
8.950
8.890
8.500
7.860
7.880
7.860
7.870
