0.020
0.450
0.220
0.230
0.040
0.000
-0.110
-0.240
0.070
0.110
-0.540
-0.140
0.530
-0.200
0.020
0.010
0.320
0.660
-0.440
-0.060
-0.460
1.620
-0.080
0.720
-0.390
-0.700
0.150
-0.320
-0.050
0.140
-1.380
-0.900
0.030
-0.400
0.160
1.440
-0.140
-0.170
0.470
-0.210
0.370
-1.100
-0.940
0.700
-1.010
0.350
-0.030
0.540
0.670
0.370
-1.500
-0.250
-1.460
0.400
0.150
-0.320
-0.850
1.350
-2.750
-0.280
0.450
1.170
1.020
2.380
0.820
0.140
-0.640
0.410
0.380
-0.150
0.150
-0.270
-0.390
0.230
-0.320
0.510
-0.180
-0.180
0.700
0.460
-0.280
0.160
-0.290
0.010
1.430
0.450
0.050
-0.300
-0.140
-0.070
0.210
0.210
0.330
-0.020
-0.340
0.050
-0.620
0.150
0.090
-0.120
0.350
0.090
-0.160
0.140
0.040
-0.750
0.120
0.030
-0.140
-0.010
0.490
-0.100
-0.350
0.190
-0.780
-0.360
0.010
-0.020
-0.270
0.600
-0.340
-0.200
1.200
0.310
0.110
-0.110
-0.130
-0.220
-0.320
-0.350
-0.030
0.070
0.310
-0.200
0.020
0.220
-0.200
-0.230
-1.110
-0.050
0.150
-0.030
0.180
0.200
-0.060
0.000
0.040
-0.260
-0.020
0.170
-0.400
-0.200
0.310
-0.290
0.050
0.010
0.380
0.270
-0.110
-0.140
0.430
-0.460
-0.080
-0.030
-0.500
-0.060
-0.760
-0.310
0.090
0.200
0.100
-0.010
-0.250
0.080
-0.280
1.050
0.340
0.410
-0.350
0.030
0.040
0.690
0.460
-0.100
-0.010
0.160
-1.740
-0.300
0.220
-0.140
0.170
0.320
-0.750
-0.670
-0.970
-0.320
0.570
-0.450
1.620
0.150
-0.140
-0.210
0.200
0.100
-0.160
-0.300
0.180
-0.100
-0.760
-0.100
0.290
-0.220
-0.190
0.930
0.340
0.140
-0.810
-0.170
-0.180
-0.030
-0.170
0.750
-0.260
-0.230
0.650
0.060
-0.240
-1.380
0.110
0.200
-0.750
-0.900
-0.300
0.240
-0.110
1.270
-0.150
1.010
-0.440
-0.920
-0.830
0.510
-0.400
0.580
0.450
-0.010
-0.630
0.410
-1.110
0.200
-0.180
-1.010
0.920
-0.550
0.440
0.100
-0.220
2.500
0.750
-2.250
0.590
0.140
1.460
-0.490
0.430
0.500
1.400
-0.110
-0.860
0.370
-1.010
0.350
2.160
0.040
0.210
-0.400
-0.880
0.390
1.000
1.950
0.500
-0.830
0.280
-1.180
0.400
-0.230
0.930
0.810
0.110
1.700
0.320
-0.120
0.420
-0.660
-1.110
-0.130
0.180
-0.180
0.230
0.160
-0.490
-0.010
-0.370
-0.270
0.060
1.260
-0.330
-0.550
0.970
-0.490
0.230
-0.190
0.010
-0.380
-0.320
0.250
0.130
1.440
-0.290
0.690
0.570
0.840
-0.260
-0.830
0.480
0.800
-0.300
0.170
1.370
1.240
-1.080
0.250
-1.470
0.320
-0.060
0.280
0.020
-0.190
0.420
0.580
0.160
-0.510
0.280
0.050
0.370
0.140
0.750
-1.340
-0.540
-0.520
0.020
-0.710
0.170
0.600
0.280
-0.670
1.250
0.030
0.130
-1.490
0.270
-1.630
0.250
0.090
-1.750
-0.380
0.160
1.280
-0.680
-0.010
-0.410
-0.480
0.430
-0.070
0.100
0.530
-0.200
0.130
0.460
-0.860
-0.710
0.750
-0.450
0.440
-0.510
0.600
0.150
-0.360
-0.230
-1.990
0.050
0.050
0.440
-0.620
-0.260
1.100
-0.830
-1.040
0.210
-0.360
0.660
-0.320
1.400
0.750
0.130
-0.270
1.410
0.140
-0.910
-0.370
0.040
-0.270
-0.380
0.790
0.900
0.940
-1.840
-0.270
1.700
-0.160
0.790
-0.760
0.320
0.570
0.220
1.090
0.530
-0.410
-0.450
0.960
-0.300
-0.310
0.480
-0.400
0.970
0.500
0.470
1.220
-1.360
-1.510
0.760
-0.540
1.350
1.230
-0.390
0.850
-1.310
-0.120
0.860
1.130
0.550
-1.190
-1.320
-1.470
-0.680
0.110
-1.700
0.570
-0.240
0.650
-1.010
0.250
0.440
-0.100
1.490
1.360
1.230
-1.270
0.840
0.550
1.110
-0.840
-1.320
-0.190
0.170
0.440
-0.110
0.340
0.940
0.540
-1.240
0.610
1.070
0.970
0.880
-0.980
-1.090
-1.210
-1.340
-1.150
-1.160
1.370
0.550
-1.320
-0.970
0.560
1.420
-1.570
-0.760
0.410
-1.030
-1.000
0.180
0.600
0.570
-0.800
-1.990
0.590
0.370
0.280
1.310
2.320
1.710
-0.910
-0.330
0.870
0.680
-0.400
0.920
-0.350
0.820
0.770
-0.580
0.790
0.210
0.880
0.970
0.500
-0.700
-0.880
-1.220
1.020
-0.340
0.580
-1.340
-0.320
-1.010
1.140
0.500
0.570
0.490
0.420
0.550
-1.360
0.040
0.720
0.590
-0.890
-1.130
-0.110
-0.130
-0.560
1.930
0.800
0.050
0.110
-0.750
-0.220
0.500
0.610
-0.120
-0.260
0.390
-0.080
0.580
0.090
0.210
-0.460
0.300
0.040
-1.780
0.310
0.020
-0.300
-0.470
0.330
-0.490
-0.630
0.000
2.100
1.910
0.960
0.250
0.050
0.260
-0.520
0.030
0.170
0.870
0.540
0.260
-0.640
-0.370
0.120
-0.340
1.510
-1.030
0.150
0.050
0.850
-0.630
0.290
-0.210
-0.430
1.040
1.440
0.520
0.080
-0.140
0.160
0.510
0.090
-0.110
-0.440
-0.090
0.130
0.320
0.050
-0.940
-0.300
-0.110
-0.540
0.030
0.040
0.060
0.300
0.480
-0.460
-0.160
-0.460
-0.040
0.180
0.170
-0.480
-0.800
0.050
-0.170
0.320
0.370
0.380
-0.010
0.240
-0.190
0.210
0.280
-0.670
0.050
-0.740
0.090
-0.060
-0.060
0.140
-0.520
-0.100
-0.450
-0.180
0.500
0.470
-0.010
0.250
0.100
-0.160
-0.400
0.350
-0.490
-0.520
-0.430
-0.840
0.320
-0.300
1.400
-0.320
-0.060
0.490
0.050
0.150
0.520
0.250
-0.150
0.210
0.080
-0.490
-0.940
-0.220
0.070
-0.250
0.360
0.660
-0.340
-0.090
-0.070
0.320
0.570
-0.090
-0.370
0.280
-0.070
0.120
-0.240
-0.990
-1.040
0.320
-0.020
-0.200
0.180
0.000
0.480
0.300
0.330
-0.710
0.330
-0.400
-0.310
-0.650
-0.280
-0.030
1.240
0.710
0.360
-0.840
0.100
1.620
0.250
0.410
-0.230
0.170
0.470
1.380
-0.240
-0.090
0.280
1.260
