26.700
26.200
26.080
26.150
25.880
24.880
24.880
25.070
24.740
24.670
24.570
24.700
24.860
25.500
25.540
25.850
25.550
25.340
24.990
25.430
25.250
25.460
25.350
25.450
25.000
24.600
24.950
25.080
24.780
24.540
24.300
24.890
25.850
25.800
26.110
25.780
25.210
24.800
25.600
25.850
26.360
26.000
26.280
27.640
27.780
27.560
27.480
27.390
27.500
27.550
26.930
27.530
27.120
27.070
27.550
27.490
28.030
28.500
28.900
29.050
29.750
30.380
30.090
30.550
30.040
29.930
30.510
30.600
30.420
31.080
31.800
30.150
31.000
31.110
30.680
30.410
30.580
30.400
30.100
30.190
30.160
30.000
29.260
29.060
28.890
28.700
28.840
28.540
28.420
28.280
28.270
28.470
28.000
28.120
28.180
28.650
28.500
28.420
28.410
28.290
28.060
28.060
27.620
27.580
27.390
27.890
27.890
27.010
26.670
26.520
26.510
25.850
26.300
26.600
26.280
28.390
28.540
29.190
29.390
29.300
29.900
30.180
30.180
29.940
29.950
30.230
30.810
31.700
31.260
31.790
31.150
31.280
30.740
30.530
30.610
30.200
30.090
29.900
29.910
30.580
31.330
31.500
32.210
32.070
30.470
30.220
30.360
29.840
29.880
29.900
30.100
30.090
29.750
29.640
29.690
29.470
29.630
29.680
29.490
29.490
29.110
29.110
29.180
29.730
29.590
29.570
29.550
29.190
29.200
29.090
29.570
29.690
29.340
29.370
29.650
30.050
29.790
29.210
29.390
29.330
29.000
29.340
28.950
28.750
28.910
29.330
29.990
30.040
30.400
30.400
30.320
30.400
30.020
30.250
29.810
30.700
31.040
31.550
30.260
30.140
30.090
30.170
30.450
30.450
30.200
30.200
30.090
30.590
30.350
30.460
30.600
30.280
30.600
31.200
30.960
30.210
30.020
31.370
32.110
32.080
31.670
31.550
31.300
31.070
30.970
32.350
32.150
32.780
33.450
33.700
32.300
32.080
32.510
32.610
31.420
31.540
31.530
31.030
30.710
30.190
30.980
30.980
31.500
31.450
31.290
31.150
31.460
31.430
31.650
31.440
30.460
30.200
30.190
30.000
30.580
30.500
30.560
30.880
29.480
29.410
31.800
31.980
32.280
32.010
32.380
31.600
29.650
28.320
28.920
29.050
27.760
27.630
28.130
28.000
27.610
27.630
28.910
28.650
28.190
28.400
28.300
28.700
28.500
28.850
30.860
30.560
30.780
30.060
29.930
30.000
30.630
30.320
29.730
28.820
29.060
31.150
31.910
32.100
32.500
32.030
31.200
31.780
31.470
32.950
32.660
32.690
32.100
32.070
33.090
32.100
31.950
32.370
33.200
34.200
34.050
34.680
33.880
31.330
30.050
29.590
29.120
26.730
26.950
28.470
28.450
27.930
26.950
28.290
28.500
26.650
26.270
29.180
29.180
32.420
34.100
33.900
33.770
34.450
33.620
33.410
32.000
31.380
32.450
31.330
30.370
28.090
29.130
27.570
30.630
32.310
35.900
35.800
34.060
34.880
36.450
34.920
34.070
34.600
33.000
33.540
31.980
35.530
34.920
38.800
37.800
41.420
46.020
47.930
46.400
46.750
46.470
43.050
43.200
43.160
44.380
44.400
45.690
45.300
44.730
45.500
45.050
42.680
43.000
44.780
47.000
46.950
42.680
41.070
43.960
39.960
41.150
44.620
45.080
40.980
40.340
41.010
39.960
37.000
34.040
35.460
33.000
34.530
35.880
35.800
35.850
34.800
32.760
32.400
30.290
31.150
34.300
35.050
36.000
35.990
35.490
35.390
35.190
34.270
38.080
36.400
35.540
32.310
31.740
32.640
32.800
32.480
31.200
31.900
31.370
30.900
30.690
27.900
29.000
29.000
29.710
27.010
25.650
25.650
26.160
24.290
25.900
28.780
28.990
27.420
26.470
25.690
26.800
28.250
30.450
31.690
28.810
26.190
27.930
31.030
34.480
37.550
40.750
38.260
42.480
41.000
38.390
37.800
37.960
34.510
34.200
35.810
33.990
34.270
35.600
33.840
30.760
27.960
26.770
24.340
22.130
20.120
18.290
19.780
21.980
24.420
27.130
30.140
33.490
31.720
35.240
39.150
40.560
38.100
40.190
44.650
47.480
45.950
49.730
50.980
48.840
48.200
45.330
45.710
48.800
49.000
49.040
44.580
41.180
40.370
39.050
43.000
44.000
43.300
43.390
45.490
44.650
43.770
42.480
40.260
36.890
38.830
39.770
39.100
36.590
33.300
33.150
32.060
34.010
32.950
31.550
30.530
31.380
30.260
31.510
32.000
31.140
30.120
31.250
31.750
32.510
34.800
34.000
34.390
32.900
30.030
30.790
29.570
30.030
27.300
26.640
26.190
26.560
26.150
26.870
27.860
27.300
26.060
25.500
25.730
25.100
25.350
24.710
24.150
24.200
24.230
23.640
23.260
24.310
24.640
24.270
24.660
24.990
24.510
24.800
25.500
25.430
25.650
24.410
24.410
24.460
23.450
22.760
23.010
24.020
24.110
24.450
23.010
22.850
21.850
21.670
22.240
22.390
22.020
23.000
23.270
23.400
22.640
22.680
21.380
21.410
20.970
20.060
20.900
20.840
20.620
21.220
20.670
20.350
19.900
21.310
22.790
22.270
22.000
21.770
23.120
25.690
26.340
25.010
24.050
24.050
22.510
22.230
22.390
21.740
24.150
25.100
24.620
22.380
22.500
22.260
22.950
22.020
20.530
20.720
19.300
19.400
19.600
19.870
18.500
18.050
18.030
18.050
18.400
18.380
18.970
18.960
18.720
18.350
18.720
19.070
18.850
19.000
19.480
19.460
18.880
18.820
19.000
19.270
19.800
19.490
18.720
18.980
19.620
19.440
19.850
20.050
19.960
18.880
18.820
18.940
19.230
19.200
18.580
17.420
16.900
17.230
16.640
16.590
16.440
17.120
17.140
17.200
17.380
16.970
17.060
17.060
16.950
16.860
16.640
16.320
15.950
16.100
16.000
16.480
16.560
16.470
17.080
17.050
17.170
16.620
16.480
16.780
16.770
16.830
16.440
16.210
16.370
16.050
15.900
15.810
16.160
16.150
16.290
16.000
15.730
15.780
16.500
17.120
16.800
17.090
17.150
17.600
18.000
17.210
16.880
16.890
16.880
16.880
