8.170
8.120
8.050
8.040
8.050
7.950
7.950
8.020
7.870
7.710
8.010
8.090
8.100
8.090
7.990
7.710
7.700
7.570
7.630
7.660
7.730
7.650
7.370
7.330
7.200
7.360
7.550
7.530
7.470
7.320
7.660
7.840
7.780
7.800
7.800
7.630
7.700
7.640
7.730
8.010
7.930
8.210
8.440
8.520
8.490
8.540
8.440
8.700
9.190
9.510
9.750
9.860
9.980
10.020
10.030
10.050
10.260
10.270
10.310
10.240
10.310
10.180
10.210
10.050
9.980
10.100
10.220
10.190
10.240
10.250
10.220
10.200
10.360
10.480
10.630
10.560
10.510
10.570
10.560
10.540
10.710
10.960
11.090
10.900
10.650
10.710
10.700
10.850
10.820
10.900
10.820
10.780
10.730
10.590
10.780
10.700
10.940
10.900
10.800
10.650
10.460
10.220
10.220
10.060
10.470
10.450
10.450
10.310
10.510
10.380
10.380
10.240
10.270
10.150
10.600
10.690
10.910
11.170
11.130
10.820
10.700
10.700
10.430
10.240
10.300
10.240
10.390
10.300
10.120
10.190
10.240
10.270
10.000
10.000
9.930
9.720
9.700
9.680
10.460
10.550
10.680
10.590
10.550
10.330
10.740
10.750
10.780
10.930
10.830
10.850
10.920
10.940
10.900
10.900
10.970
11.090
11.020
11.010
10.940
10.830
10.700
10.840
10.850
10.740
10.800
10.760
11.010
11.010
11.170
11.150
11.120
10.950
11.130
11.070
11.190
11.130
11.260
11.180
11.400
11.230
11.220
11.080
11.160
11.050
10.960
10.850
10.760
10.820
10.950
10.830
10.930
10.900
10.780
10.910
11.000
11.390
11.370
11.380
11.380
11.620
11.370
11.510
11.470
11.560
11.820
11.580
11.460
11.760
11.850
12.110
12.140
11.980
11.920
11.840
11.590
11.410
11.750
11.770
11.750
11.120
11.310
11.300
11.260
11.120
11.820
11.690
11.710
12.030
11.450
11.530
11.830
11.700
11.910
11.480
11.730
12.360
12.670
12.290
11.840
12.070
11.850
11.760
11.650
11.600
10.400
10.700
10.610
10.720
10.420
9.990
10.260
10.240
10.100
10.270
10.410
10.010
10.130
9.750
9.850
10.500
10.730
10.940
10.900
10.910
10.830
10.900
10.590
10.300
10.230
10.150
10.700
10.580
10.100
9.820
9.890
10.120
10.290
10.080
10.090
9.760
10.220
10.120
10.960
11.470
11.340
11.370
10.980
11.350
11.660
11.890
11.810
11.750
11.690
11.780
12.820
12.980
13.150
13.290
13.200
12.940
12.940
12.250
12.490
12.880
12.680
12.350
12.500
12.740
12.520
12.660
13.000
12.990
12.800
12.700
12.980
13.030
12.320
11.730
12.100
11.870
11.690
11.700
12.520
12.800
12.300
12.260
12.500
12.760
12.100
10.990
11.780
11.250
12.460
11.980
12.430
12.500
12.100
12.390
12.200
11.630
10.800
11.570
11.550
11.300
11.030
10.650
10.100
10.080
10.650
10.990
10.620
10.650
10.980
11.000
10.650
9.810
10.100
9.100
10.090
10.070
10.980
12.150
12.900
13.060
12.130
14.930
15.680
16.680
15.300
15.250
14.880
14.700
15.290
15.150
15.480
15.520
14.340
14.270
13.840
14.320
14.880
15.000
14.600
15.070
14.990
15.000
14.750
14.530
16.000
15.890
16.510
16.730
17.000
14.750
14.000
13.430
12.210
11.120
10.880
10.380
10.280
10.410
9.920
9.870
9.700
10.110
10.300
10.800
10.400
10.750
10.600
9.500
10.350
10.300
9.850
9.690
10.000
9.160
8.480
8.260
8.010
8.010
7.730
7.630
7.580
7.690
7.890
7.850
7.900
8.210
7.840
7.610
7.820
7.150
7.500
8.010
7.960
8.030
7.820
7.230
7.050
6.470
7.490
8.000
7.480
7.200
7.080
6.980
8.190
9.150
9.920
9.500
11.050
10.680
11.080
10.620
10.810
11.100
10.680
10.500
9.700
10.400
9.550
10.300
10.780
10.500
9.250
9.300
11.000
11.500
11.200
11.800
10.940
9.530
8.350
7.500
8.130
7.390
6.810
9.100
8.500
10.400
10.710
10.040
12.100
12.290
13.750
13.430
13.590
14.660
15.850
15.600
16.280
17.650
17.370
16.520
16.580
16.980
18.600
16.900
15.370
14.760
14.150
13.790
15.300
15.450
14.500
13.830
14.350
13.700
13.480
13.170
13.500
14.000
13.650
12.410
11.880
11.850
11.860
12.000
11.590
10.950
11.590
11.830
11.750
12.550
12.500
12.150
11.700
11.470
12.070
12.030
11.310
10.750
10.500
10.300
10.340
10.070
10.300
10.060
10.580
10.400
9.800
9.880
9.500
9.460
9.380
9.160
9.400
9.910
9.780
9.700
10.100
9.990
9.300
9.280
8.600
8.420
9.080
8.250
7.530
7.500
6.800
7.160
7.100
7.390
7.450
7.200
7.310
7.160
7.140
7.240
7.230
7.090
6.570
6.470
6.560
6.670
6.820
6.740
7.080
7.040
7.210
7.220
7.110
7.300
7.370
7.420
7.460
6.830
6.530
6.700
6.580
6.300
6.420
6.420
6.200
6.170
6.350
6.300
6.320
6.450
6.250
6.230
5.960
5.910
5.870
5.760
5.700
5.740
5.730
5.700
5.950
5.790
5.780
5.820
5.800
5.800
5.790
5.730
5.750
5.850
5.830
5.630
5.650
5.600
5.470
5.430
5.350
5.360
5.370
5.340
5.380
5.380
5.410
5.000
5.100
5.010
5.080
5.080
5.100
5.180
5.250
5.220
5.150
5.100
5.050
5.120
