24.150
24.680
24.210
24.170
24.720
24.660
24.800
24.950
24.890
23.390
23.490
23.550
23.530
23.290
22.990
23.000
22.650
22.590
23.040
23.330
23.740
23.690
23.540
23.880
22.880
23.560
24.500
24.600
23.190
22.960
23.320
23.480
24.020
24.980
25.700
26.300
26.300
26.690
27.900
27.740
28.360
28.480
28.400
28.530
27.990
28.380
28.790
28.840
29.300
29.050
29.300
29.750
29.760
29.400
28.970
29.380
30.190
30.370
30.960
30.350
30.550
30.450
30.570
30.390
31.000
30.360
30.770
28.810
28.700
28.970
28.980
29.290
28.850
28.750
28.200
27.500
27.000
27.240
27.600
27.700
26.960
27.160
26.770
26.420
26.530
26.460
26.670
27.470
27.750
28.000
27.680
27.050
27.410
27.580
27.860
27.880
28.300
28.820
29.080
28.430
27.900
27.150
27.630
27.900
29.610
30.670
30.600
30.460
31.420
31.890
32.300
32.800
32.440
32.220
32.880
32.580
32.250
32.590
32.650
33.800
33.700
32.000
30.600
31.750
31.950
31.880
32.500
29.990
30.150
30.890
31.450
29.270
29.510
29.390
29.200
29.250
28.770
28.710
28.590
28.650
28.760
29.280
28.660
28.470
27.640
27.540
27.300
27.270
27.170
27.450
27.500
27.540
26.870
27.120
27.180
27.450
26.770
26.590
26.520
26.540
26.580
27.260
27.460
27.540
27.800
27.470
27.990
28.180
28.090
27.300
27.300
26.400
26.200
26.450
26.290
26.440
26.330
25.670
26.490
25.890
26.170
26.250
26.450
25.960
26.200
26.850
27.340
27.600
27.280
26.940
27.360
27.070
27.270
26.680
26.510
26.380
26.390
26.640
26.780
26.500
26.480
25.590
25.890
25.800
25.660
25.590
25.450
25.340
25.350
25.300
25.660
26.450
27.300
27.090
26.860
27.300
27.150
27.240
27.410
28.270
27.870
27.750
26.900
26.880
28.380
27.430
26.680
26.800
26.990
27.080
26.720
25.850
25.720
25.630
25.870
24.970
24.920
25.150
25.350
25.870
26.080
26.390
24.480
23.280
23.080
23.200
22.950
22.990
22.590
22.430
22.760
22.680
22.350
22.370
21.790
22.100
22.500
22.500
22.090
22.250
22.730
23.550
23.350
21.690
21.530
22.290
22.390
22.680
23.980
24.050
24.250
24.250
23.770
23.820
23.890
23.570
23.880
23.460
24.090
24.450
24.430
24.210
25.070
25.290
27.050
24.750
24.640
23.890
23.340
23.490
23.420
22.460
23.000
22.770
22.400
23.130
22.380
22.950
23.660
23.580
23.300
22.580
22.050
21.580
20.880
20.960
19.960
20.480
20.440
21.270
20.430
20.900
21.570
20.800
19.780
20.490
20.840
22.900
23.150
24.280
24.730
23.980
24.670
24.700
24.450
23.560
23.570
22.770
22.270
22.180
21.150
20.980
20.680
20.740
22.300
22.610
22.300
23.500
23.170
22.980
21.960
22.200
21.580
22.180
22.580
24.400
26.960
28.000
28.790
28.810
31.650
31.490
30.750
29.600
30.860
31.500
30.860
32.170
31.560
30.590
29.570
29.450
28.580
28.790
27.870
29.800
31.540
31.870
32.670
35.870
35.620
32.880
33.250
34.000
33.110
31.670
31.920
30.740
31.000
31.280
28.550
26.480
26.600
25.750
26.800
27.100
25.880
26.230
25.150
25.830
24.200
23.800
25.240
25.100
25.600
25.790
25.390
24.390
24.770
24.560
23.000
23.600
23.990
22.390
22.800
22.900
23.900
23.660
23.300
23.890
23.420
21.640
21.980
21.800
20.410
23.300
23.300
22.650
23.300
22.470
21.560
22.000
22.430
22.600
22.300
21.200
21.100
20.600
23.250
25.280
25.990
25.880
27.250
27.600
28.140
28.020
28.690
29.700
29.350
27.190
26.500
26.710
25.490
25.910
28.880
30.600
28.200
28.580
34.200
32.820
31.000
32.780
29.800
27.090
24.630
22.600
21.040
21.000
20.960
20.800
20.750
20.870
20.890
20.250
19.990
20.150
19.430
19.760
19.640
19.680
20.240
20.600
20.990
21.470
21.370
21.070
20.660
20.690
20.780
22.590
23.080
22.600
22.710
22.550
23.140
23.320
23.250
23.100
23.480
23.760
24.170
23.350
23.000
23.000
23.150
22.540
21.900
22.300
22.500
22.900
23.200
23.600
22.990
23.120
23.560
23.560
23.590
23.600
23.760
23.490
23.320
23.480
23.680
23.840
24.150
24.180
23.900
24.420
24.330
24.820
24.920
25.290
26.340
26.600
25.320
25.500
24.530
24.350
24.450
24.610
24.970
24.080
23.190
22.800
23.310
23.320
23.500
23.400
22.950
23.250
23.480
22.590
22.100
22.160
22.200
21.880
21.350
21.350
21.500
21.600
21.780
21.720
22.840
22.560
22.850
23.000
22.250
22.420
22.130
22.080
21.030
21.120
20.920
20.990
21.570
21.680
22.180
22.100
22.100
22.280
22.100
22.280
22.300
22.130
21.080
20.480
20.160
20.500
20.270
20.680
20.100
19.470
19.090
18.850
