17866.86
11274.51
11728.13
18264.37
13983.87
13318.93
10005.86
13133.66
13711.39
21380.31
16048.61
18776.66
22083.25
14438.84
17566.98
29150.63
23513.17
13983.10
25986.00
24087.40
19427.73
23655.63
10459.55
19103.14
16717.09
22337.93
20593.28
15710.59
19470.22
19940.64
17137.02
18646.33
17078.28
22907.77
27448.43
30104.28
19333.27
24146.37
26317.30
19859.82
25385.92
25528.92
15755.69
21747.01
15334.34
17781.45
11515.17
18462.45
15909.10
18226.89
15957.49
13251.60
20115.06
25183.03
22115.33
20984.99
12878.88
16456.09
14900.30
25476.03
19249.77
22657.35
16852.08
17342.32
27927.71
28622.19
17045.87
20263.42
19831.41
17853.35
31286.40
31874.51
31609.97
48092.96
69562.33
17552.69
19687.43
30780.75
22157.69
26031.33
25258.17
17044.97
30650.50
21043.21
22194.12
28626.86
16800.82
15308.42
20901.06
10981.31
16700.69
14648.71
20994.51
28814.72
13229.53
13949.12
15531.00
10327.71
16818.66
10171.93
12326.39
9518.41
14191.93
15197.81
10563.09
1.00
11115.21
15294.58
25243.59
21302.71
15024.81
13451.18
13223.06
21558.34
23396.98
16777.41
15636.98
13476.38
9793.65
12262.21
10102.73
14470.22
20623.32
20480.73
25697.21
9422.24
12571.76
12981.25
12847.07
14547.15
10266.01
13993.52
19972.33
11100.91
14117.09
17462.21
16392.92
21465.23
27269.00
16715.78
12588.08
9997.28
22243.24
17372.61
20559.37
30003.65
15432.55
18324.96
30042.74
29437.17
27779.18
37296.04
40072.92
26773.31
35015.50
21884.38
23632.62
31019.69
40907.87
24534.49
40939.37
35158.40
26928.26
32228.23
43190.92
76923.48
50732.58
31837.01
34467.27
50298.39
49208.82
72354.16
110045.88
66877.03
65913.01
51565.85
82531.21
61333.66
54004.83
108192.61
47272.46
39074.74
20762.55
36236.86
40381.08
40886.36
52827.55
65404.68
70044.42
58494.26
151199.80
125086.87
48250.37
60897.09
61401.73
63198.31
38204.48
30461.79
32932.13
18502.70
24361.86
44715.13
60798.27
28160.19
36909.69
27936.13
28076.22
29340.13
32958.85
33646.45
28138.53
54171.28
46659.22
26982.14
38166.70
10517.08
15895.08
18368.95
22060.49
18083.36
21651.00
18055.82
21163.62
22833.02
23633.45
20725.99
45426.64
96843.87
69681.81
27647.87
39890.65
62797.76
78119.82
39268.85
42794.79
52054.73
86933.80
41816.81
48220.72
40740.38
46912.26
71557.49
76377.21
105468.87
138248.94
141456.42
59990.09
90214.05
74173.39
61498.42
93178.21
91045.74
84191.45
122815.88
96084.64
128622.76
146855.67
150080.94
125745.75
164947.94
357218.94
189758.52
194184.78
114249.03
47811.82
61451.30
42510.24
22150.52
32643.91
56891.70
21042.99
19562.86
24925.73
23449.64
31022.15
35718.58
25645.06
26917.85
22153.55
30351.48
27112.21
29270.91
53163.14
74056.23
41547.20
44136.16
57683.70
23963.85
45241.04
50810.19
43385.50
33656.78
43066.85
65143.39
121851.28
103894.08
143776.27
130639.22
81556.31
82821.23
72177.16
89458.41
57880.23
97673.41
108933.31
85213.57
55035.51
67672.23
65539.77
53733.25
103084.54
135905.45
73434.69
81987.92
97131.22
187896.84
179550.44
66682.56
83857.85
91036.80
51201.09
61337.60
34370.64
47661.48
63551.04
57298.23
39934.86
40841.07
52872.35
63560.60
78476.11
53504.28
73560.50
55434.86
72593.68
96652.08
80445.54
38780.98
51896.79
45531.18
39242.05
42286.32
40837.14
48699.39
51409.48
73011.36
106743.77
142129.48
119697.32
194002.73
174605.59
65065.18
59167.07
83083.68
62875.80
66642.75
93841.07
122340.73
201416.20
50188.13
234111.34
327626.59
361076.00
9029.16
4782.01
3603.13
773.20
41576.97
37850.35
31659.48
45834.22
43984.91
41378.32
71949.11
78327.30
51341.71
84941.67
65178.85
72748.36
127035.96
30965.42
58150.76
37729.08
29000.20
39082.71
47453.26
27728.42
38628.46
32039.06
34203.85
40227.39
48610.76
46921.25
71637.71
79141.99
51779.33
48027.28
60859.26
125544.20
88644.17
82771.09
36129.94
42657.29
40309.48
34566.10
34385.43
50609.96
68882.52
66215.66
66786.85
93121.56
81704.63
52688.91
41391.52
60718.22
55093.70
75243.98
89460.40
131173.58
89173.11
25928.68
83570.68
161168.98
34566.41
84610.65
71335.22
59048.58
67897.99
74959.82
69959.94
53882.01
94116.65
61810.17
74358.67
55424.34
84278.88
62952.44
68671.41
92126.38
101422.25
84110.25
63503.94
72781.19
108705.05
97613.38
109801.71
75244.22
95637.04
79656.96
96504.03
117701.78
139777.11
139715.02
98791.85
121770.22
121002.99
138029.44
109875.19
85373.26
72026.14
87992.67
93070.33
66536.23
64950.46
58813.55
63941.67
95115.51
111436.28
186433.52
168153.73
83164.56
154050.14
165341.58
80942.91
130583.90
143422.28
53556.02
92758.97
64463.65
46575.78
59638.28
83756.48
70665.73
51317.71
92555.28
146615.00
156475.02
121996.86
123967.20
103838.94
87104.22
132065.12
153859.30
156387.66
156902.47
164628.09
142695.91
162647.86
203160.11
150554.27
117738.41
50993.50
45020.83
96671.25
130253.28
61533.06
29098.65
31962.13
41966.68
42970.22
46049.56
57150.87
34032.44
22309.51
17752.32
718.00
22628.75
34759.70
23217.49
24576.84
17395.83
11055.00
17646.88
17769.90
27550.44
28396.34
28630.48
41075.92
78426.37
18714.47
26848.10
23220.87
22604.37
18048.03
26792.40
37563.87
25628.78
27080.72
19661.89
15572.24
8631.00
12051.31
13047.80
16582.41
16409.86
24609.96
30975.77
21281.09
13047.43
16363.10
16803.75
12633.09
20380.35
13996.51
14150.15
30620.21
23841.32
17879.23
28545.37
19863.36
27422.16
15507.87
21666.50
24318.64
54676.61
58561.68
43181.36
48678.03
36093.13
27688.53
57254.26
27927.36
41172.01
43105.39
42475.18
20180.51
14850.41
11306.48
12920.75
10760.33
16169.99
10504.02
21015.22
16970.30
31308.95
28972.33
27635.11
22159.73
17994.24
31488.11
28333.93
31305.96
30217.59
31065.41
39777.03
23767.41
15236.27
22981.17
13783.32
15579.84
20958.70
28430.64
32641.07
23669.18
31609.81
56286.10
43828.64
49231.33
58660.98
56297.61
75042.25
79883.42
56849.47
35887.56
42768.84
34994.96
35496.19
41466.78
40062.94
60710.00
62733.36
33780.35
38632.45
34237.64
30313.11
43019.69
40069.24
37548.48
50257.58
44798.16
20176.52
19555.86
25152.22
28248.46
15484.89
27051.67
23037.49
23674.96
35985.59
67324.46
25841.29
21756.97
21620.17
34695.61
24456.90
17092.54
29186.43
21612.80
27494.12
22883.49
23114.48
21276.45
32385.74
27241.05
22227.15
15152.57
10783.16
10498.45
14050.83
11360.86
12800.26
10515.75
21226.71
30364.26
48477.57
63173.96
53954.44
42409.79
47592.31
