9.050
9.020
9.050
8.940
8.780
8.910
9.030
9.110
9.160
9.050
9.250
9.290
9.190
9.220
9.250
9.440
9.380
9.400
9.230
9.210
9.270
9.330
9.300
9.450
9.170
8.990
8.900
8.790
8.790
8.920
8.860
8.930
8.790
8.800
8.740
8.600
8.510
8.520
8.470
8.590
8.730
8.800
8.980
8.970
8.860
8.850
8.950
8.810
8.770
8.670
8.700
8.680
8.630
8.610
8.870
8.950
8.940
8.910
9.040
8.860
8.920
8.630
8.590
9.060
8.940
9.000
9.050
8.890
8.830
8.960
8.940
9.050
9.320
9.390
9.260
9.410
9.420
9.480
9.320
9.480
9.530
9.500
9.810
9.960
9.630
9.350
9.260
9.400
9.560
9.250
9.070
9.320
9.420
9.490
9.580
9.860
9.640
9.010
9.160
9.380
9.010
9.170
8.930
8.980
8.570
8.600
8.570
8.290
8.330
8.110
8.030
8.230
8.190
8.240
8.130
8.150
8.060
7.950
8.000
8.170
8.530
8.440
8.460
8.440
8.420
8.210
8.290
8.370
8.340
8.260
8.350
8.390
8.520
8.490
8.550
8.590
8.830
8.710
8.790
8.600
8.370
8.410
8.840
8.560
8.590
8.250
8.290
8.260
8.230
8.240
8.140
8.080
8.330
8.240
8.090
8.180
8.270
8.290
8.300
8.300
8.600
8.430
8.510
8.590
8.200
7.890
8.070
7.850
7.910
7.860
7.650
7.610
7.620
7.530
7.660
7.390
7.520
7.490
7.330
7.260
7.390
7.130
7.160
7.020
7.260
7.430
7.320
7.330
7.360
7.360
7.380
7.280
7.090
7.170
7.160
7.150
7.090
7.140
7.070
7.160
7.150
7.320
7.170
7.160
7.150
7.270
7.220
7.580
8.050
8.100
8.100
8.130
8.050
7.990
8.310
8.380
8.350
8.150
8.320
8.360
8.380
8.320
8.610
8.670
8.980
8.340
8.300
8.060
8.330
8.370
8.330
8.240
8.060
7.980
8.010
8.160
8.140
8.330
8.480
8.320
8.440
8.260
7.960
7.950
8.120
8.280
7.960
8.170
8.280
9.010
8.950
8.850
8.790
8.750
8.220
8.130
7.950
8.040
8.070
8.000
8.170
7.590
7.810
7.360
7.270
7.040
7.130
7.150
6.970
7.090
7.190
7.250
7.300
7.440
7.680
7.940
7.660
7.520
7.390
7.460
7.290
7.770
7.820
8.020
7.840
8.680
8.400
8.370
8.490
7.790
8.480
8.710
8.640
8.640
8.990
9.010
9.260
9.550
9.470
9.390
9.300
9.420
9.170
9.200
9.240
9.150
9.420
9.560
9.970
10.080
10.180
10.350
10.180
10.130
10.480
10.930
10.900
10.550
10.360
10.700
10.590
10.480
10.600
10.830
10.430
10.570
10.840
10.910
10.980
10.890
10.470
10.330
9.750
9.470
9.650
9.940
10.080
10.140
9.990
10.200
10.010
9.850
10.310
10.440
10.750
10.480
10.140
10.270
9.980
10.310
9.500
9.150
8.820
8.830
8.880
9.080
9.390
9.440
9.390
9.840
9.250
9.210
9.380
9.240
9.200
10.200
10.080
10.270
10.300
9.940
10.100
9.650
9.890
9.970
10.090
9.480
10.100
10.100
11.500
12.960
13.810
14.000
15.170
15.550
15.080
14.230
14.570
14.140
14.150
13.600
13.570
13.740
13.630
13.240
12.680
13.270
12.690
12.500
13.880
14.680
14.380
14.100
13.170
13.180
12.940
12.360
12.690
14.360
14.190
12.900
11.730
11.480
11.160
13.440
13.680
15.400
17.180
16.480
16.090
16.640
18.480
17.750
16.380
17.430
18.580
18.310
18.550
18.900
19.290
19.200
20.500
20.680
19.400
19.500
17.900
16.800
17.000
15.550
14.720
16.070
16.280
15.300
15.190
14.790
14.300
14.350
14.080
13.880
14.140
13.760
13.500
13.540
13.440
13.270
12.830
13.600
14.640
14.900
15.170
14.450
15.000
14.830
14.100
13.880
13.160
12.460
12.690
12.590
12.130
12.490
12.600
12.940
12.810
12.370
12.330
12.590
11.980
11.960
11.630
12.170
11.650
11.680
11.120
10.860
11.310
11.190
10.870
11.150
10.740
10.580
10.420
10.440
10.030
10.130
10.140
10.020
10.200
10.260
10.350
10.430
10.600
10.500
10.460
10.220
10.280
10.240
10.480
10.440
10.260
10.460
10.310
10.350
10.400
11.120
10.520
9.580
9.470
9.990
9.900
9.180
9.390
9.340
9.350
9.350
9.160
8.840
9.310
9.580
9.390
9.640
9.560
9.580
9.990
10.250
10.150
10.750
10.260
9.380
9.290
9.550
9.430
9.270
9.120
9.480
9.990
9.300
9.340
9.400
9.460
9.090
9.200
9.110
9.080
9.690
9.580
9.800
9.880
9.450
9.090
9.180
8.900
9.080
8.740
8.690
8.520
8.260
8.280
8.280
8.350
8.590
8.590
8.500
8.470
8.690
8.470
8.450
8.460
8.690
8.740
8.740
8.790
8.530
8.430
8.250
8.190
8.360
8.380
8.390
8.580
8.530
8.590
8.990
9.020
9.130
9.200
8.860
8.550
8.570
8.770
7.980
7.910
7.970
7.940
7.760
7.810
7.830
7.800
7.720
7.950
8.070
7.980
7.760
7.720
7.820
7.780
7.730
7.800
7.620
7.470
7.420
7.540
7.380
7.580
7.680
7.760
7.780
7.840
7.980
7.780
7.780
7.830
7.940
7.820
7.850
7.770
8.040
8.100
8.210
7.860
7.830
7.600
7.640
7.550
7.770
7.800
7.320
7.120
7.000
6.970
7.030
6.940
6.960
7.050
6.910
6.920
6.740
6.820
6.950
