11.330
11.280
11.230
11.140
11.110
11.110
11.260
11.220
11.140
11.280
11.720
11.780
11.740
11.820
11.750
11.440
11.440
11.200
11.520
11.690
11.780
11.380
11.460
11.530
11.330
11.550
11.600
11.430
11.330
11.300
11.390
11.630
11.950
12.000
12.200
11.860
12.150
12.230
12.150
12.680
12.350
12.500
12.760
12.730
12.800
12.780
12.740
12.650
12.600
12.460
12.820
13.140
13.140
13.130
13.380
13.550
13.810
13.990
13.850
13.820
14.070
14.080
14.010
13.930
13.980
14.300
14.500
14.900
15.120
15.250
15.500
15.210
15.280
15.200
15.350
14.600
14.800
15.000
14.900
14.930
15.100
15.260
14.900
14.930
14.660
14.900
14.990
14.920
14.760
14.420
14.600
14.550
14.430
14.450
14.640
14.590
14.800
14.800
14.790
14.950
15.250
14.600
14.800
14.660
14.840
14.840
14.520
14.380
14.140
14.040
13.960
14.630
15.440
15.250
15.050
15.000
15.180
15.150
15.100
15.100
14.700
15.200
15.360
15.270
15.250
15.250
14.850
14.820
15.260
15.380
16.340
16.410
16.280
16.260
16.120
16.020
16.320
16.200
16.110
16.280
16.340
16.200
16.230
16.430
16.300
16.310
16.550
16.700
16.500
16.460
16.400
16.400
16.500
16.600
16.160
16.240
16.130
16.260
16.410
16.720
16.870
17.000
16.800
16.660
16.800
16.600
17.010
16.800
17.070
17.260
17.560
17.500
17.400
17.320
16.620
16.500
16.690
16.570
16.130
16.810
16.900
16.680
16.940
16.550
16.710
17.030
17.170
17.930
17.980
18.250
17.850
18.010
18.050
18.300
18.250
18.460
18.250
18.390
18.300
18.420
18.370
19.110
19.210
19.300
18.950
18.790
17.720
17.730
18.000
18.120
17.880
17.500
17.730
17.640
17.500
17.560
17.850
18.000
18.110
19.350
18.950
18.950
19.870
20.070
19.910
20.170
19.310
19.900
19.330
19.480
19.220
19.550
19.560
19.790
19.940
20.230
19.200
20.790
20.090
18.560
17.800
17.160
17.500
16.940
16.720
17.300
17.250
17.490
17.350
16.420
16.700
17.800
18.350
18.470
19.070
17.190
17.190
17.280
16.570
16.610
16.620
16.610
16.590
16.740
16.200
15.800
16.100
16.480
16.740
16.730
17.310
17.310
17.880
17.680
18.720
19.320
18.970
19.000
18.290
18.700
18.790
19.520
19.170
19.400
18.100
18.370
19.640
19.010
19.020
19.970
19.380
18.700
18.300
17.150
17.280
17.800
17.610
17.180
17.300
17.360
16.210
16.680
17.200
16.490
16.860
16.980
17.400
17.410
16.300
15.530
15.810
15.930
15.400
14.900
15.810
15.600
15.230
15.300
16.350
16.380
15.500
15.980
17.300
17.800
19.490
19.600
20.900
21.480
20.890
21.490
21.050
20.180
18.880
20.800
20.450
19.960
19.150
18.520
17.600
18.500
19.050
20.900
20.600
20.400
20.800
22.900
20.200
18.790
19.100
16.880
18.990
17.550
18.900
20.250
21.440
22.010
21.180
25.300
27.000
27.210
24.300
24.490
23.200
21.700
22.700
22.820
22.100
22.200
21.400
21.370
20.960
20.110
20.790
21.350
22.300
21.260
20.870
20.680
19.980
21.030
21.920
22.280
24.280
24.650
23.500
23.140
23.000
23.300
22.520
23.640
24.120
23.100
24.700
24.870
24.900
24.490
22.230
20.920
21.260
19.920
20.180
19.900
20.550
21.600
22.300
20.660
22.150
21.500
18.880
19.500
19.420
19.020
18.380
16.710
15.190
13.810
12.150
14.650
15.480
15.150
13.550
15.080
14.630
17.020
18.500
20.100
19.050
22.600
23.250
22.900
22.620
23.000
20.910
20.500
19.700
19.150
19.270
17.480
18.600
20.000
20.500
18.550
16.520
18.600
19.190
19.380
17.560
16.510
16.000
14.290
13.130
17.680
16.070
17.500
16.230
18.800
20.700
21.890
24.320
27.020
30.020
31.800
31.380
33.950
35.020
30.300
29.560
26.270
24.330
24.160
26.280
25.720
24.850
23.010
23.200
23.000
23.330
23.180
21.800
21.600
21.700
19.520
19.530
18.810
17.830
17.600
17.460
18.320
18.410
18.710
18.900
18.620
19.200
19.390
19.620
18.720
18.350
17.620
17.760
17.460
19.890
20.000
20.440
20.000
20.480
21.500
19.770
17.970
16.340
14.850
13.500
12.270
11.150
10.140
9.260
9.500
9.270
9.370
9.250
9.190
8.980
8.650
8.950
8.920
9.310
9.240
8.980
8.900
9.160
9.170
9.210
9.170
8.970
9.030
8.890
8.750
8.640
8.740
8.690
9.100
9.200
9.100
8.900
8.800
8.790
8.930
8.920
9.120
9.060
9.400
9.250
9.360
9.360
9.530
9.680
9.630
9.670
9.710
9.430
9.290
9.450
9.280
9.170
9.310
9.120
8.940
8.830
9.280
9.210
9.000
9.090
9.000
9.010
8.870
8.800
8.750
8.580
8.510
8.300
8.710
8.850
9.350
9.400
9.390
8.900
8.850
8.830
8.650
8.550
8.580
8.760
8.840
8.720
8.710
8.820
8.630
8.680
8.620
8.370
8.210
8.320
8.360
8.270
8.220
8.180
8.200
8.000
8.080
8.030
8.200
7.990
8.080
7.530
7.440
7.260
7.250
7.490
