10.480
10.410
10.320
10.290
10.250
10.260
10.210
10.250
10.080
9.980
10.420
10.510
10.500
10.450
10.160
9.890
9.960
9.490
9.780
9.710
9.890
9.600
9.390
9.340
9.130
9.600
9.870
9.710
9.790
9.600
9.770
10.300
10.380
10.250
9.980
9.860
9.900
9.900
10.300
12.290
12.200
12.100
12.170
12.550
12.350
12.600
11.200
11.410
10.640
9.710
10.150
10.440
10.530
10.880
11.130
11.480
12.020
12.060
12.190
12.310
12.140
12.040
12.250
11.930
12.200
12.390
12.260
12.240
12.110
12.050
12.130
12.430
12.630
12.530
12.710
12.670
12.440
12.580
12.520
12.490
12.620
12.750
12.750
12.660
12.770
12.720
12.820
12.600
12.740
12.770
12.750
12.690
12.500
12.560
12.380
12.260
12.510
12.600
12.550
12.750
12.610
12.350
12.300
12.230
12.350
12.290
12.020
12.000
12.570
13.200
12.860
13.010
13.290
13.330
15.000
14.790
14.920
14.840
15.060
14.690
14.820
14.880
14.890
14.640
14.610
14.260
14.160
14.300
14.270
14.530
14.750
14.950
14.200
14.250
13.950
13.700
13.690
13.200
14.200
14.460
14.750
14.500
14.350
14.600
14.860
14.800
15.300
15.350
15.200
15.500
15.500
16.120
16.310
15.800
15.670
15.510
15.420
15.610
15.870
15.320
15.400
14.410
13.910
13.930
14.300
13.550
14.050
22.730
22.570
23.090
21.600
21.400
21.600
21.480
21.330
20.800
20.960
20.880
21.200
21.610
21.300
20.850
20.850
21.140
20.880
20.900
21.720
22.190
22.030
22.200
22.400
22.090
23.080
22.760
22.580
23.840
23.120
22.360
21.890
21.800
23.760
24.500
24.300
23.950
23.750
24.500
24.000
22.700
20.700
22.090
21.770
21.700
21.520
20.900
20.610
20.420
21.050
21.640
21.810
21.700
22.000
21.510
20.690
20.500
19.850
21.350
22.470
22.500
22.450
21.090
20.680
21.000
20.330
20.300
20.680
20.500
20.120
19.960
20.050
20.600
21.520
20.170
20.330
19.780
19.240
20.080
20.490
20.440
20.520
20.250
19.970
20.700
20.130
21.100
21.000
21.400
21.800
20.290
20.000
17.940
17.970
18.180
17.380
17.350
17.260
16.700
16.020
16.400
16.720
17.160
17.770
19.380
17.010
15.220
15.090
15.760
16.060
15.200
14.820
14.760
15.300
15.000
16.350
17.600
17.440
17.550
17.180
17.350
17.080
17.000
16.700
16.800
16.460
17.250
19.300
19.060
19.000
18.220
18.010
17.770
17.770
17.590
17.400
18.170
18.040
17.320
17.570
17.940
17.370
17.700
18.490
17.000
17.900
17.090
17.300
17.000
16.250
15.750
15.800
15.980
15.770
15.080
16.060
16.100
17.450
16.500
16.520
15.920
15.120
14.740
16.360
17.700
19.200
18.400
17.490
16.820
16.060
16.640
16.160
15.450
15.010
16.000
15.360
15.100
14.540
14.560
14.100
15.030
15.390
15.900
16.000
15.410
15.540
16.100
15.200
14.100
15.500
14.100
15.450
15.840
17.310
18.800
19.900
19.870
19.300
23.400
22.790
22.400
21.600
22.410
22.100
22.180
22.880
23.230
23.750
24.090
23.270
23.550
23.250
23.000
23.890
24.610
25.800
25.290
23.900
21.930
22.300
20.280
19.650
20.300
22.410
22.250
21.320
21.300
21.400
20.800
20.280
21.810
22.380
21.500
22.180
23.010
23.070
23.380
24.700
22.850
22.800
21.000
21.800
21.800
19.800
19.700
18.760
18.600
17.450
16.490
15.350
16.870
15.870
16.680
16.000
15.090
15.380
15.010
14.350
13.680
13.400
12.980
12.830
12.830
12.990
13.700
13.650
13.300
13.600
13.150
13.100
13.300
12.470
13.400
15.660
14.950
15.060
14.500
13.700
13.700
13.950
15.850
16.630
15.360
16.500
16.820
18.680
21.800
23.100
22.610
19.850
23.210
20.920
19.400
18.180
18.100
18.800
18.150
16.600
16.000
16.150
15.290
16.500
15.650
16.260
15.300
15.010
17.790
18.700
17.100
16.660
15.720
15.500
14.310
14.190
14.420
13.110
12.370
15.800
15.350
18.100
19.800
17.350
21.900
22.000
24.370
22.690
21.610
23.110
26.150
26.750
29.020
30.360
28.230
28.280
29.410
27.290
28.120
28.550
29.000
28.450
27.490
25.880
26.800
26.690
27.600
27.550
26.600
28.770
30.480
28.540
26.740
25.780
22.880
22.460
23.120
22.560
21.440
20.000
17.900
18.000
19.390
20.000
18.710
16.280
15.460
14.370
14.200
13.500
13.180
12.920
12.550
12.550
12.080
12.000
12.030
12.240
12.140
12.060
12.290
12.020
11.990
12.320
12.100
11.670
11.470
11.700
11.660
11.480
11.350
11.000
11.150
11.250
10.870
10.780
11.160
11.250
11.390
11.060
11.020
11.300
11.320
11.200
11.320
11.190
11.480
11.400
10.860
10.470
10.430
10.770
10.550
10.700
10.600
10.600
10.530
10.610
10.680
10.860
10.360
10.230
10.430
10.470
10.590
10.400
10.060
10.070
10.900
11.630
11.700
12.130
11.930
11.980
12.160
12.640
12.840
12.200
12.360
12.400
12.400
12.440
12.340
12.700
12.080
11.960
11.870
11.750
11.610
11.500
11.730
11.610
12.280
12.150
12.510
12.470
12.410
12.390
12.330
12.310
12.420
12.250
11.880
11.680
11.610
11.870
12.130
12.110
12.000
12.410
12.720
12.770
12.800
12.780
12.990
13.080
13.020
13.050
12.910
12.790
12.950
12.860
12.680
12.740
12.560
12.300
12.400
12.770
12.690
12.760
13.180
12.720
12.660
12.830
12.950
12.600
12.550
12.320
12.020
12.500
12.340
13.000
12.970
14.650
12.720
13.010
13.500
12.900
11.500
10.440
10.310
10.300
10.200
10.180
10.170
10.140
10.090
10.020
10.000
9.960
9.880
9.780
9.410
9.280
9.530
9.750
9.700
9.880
9.810
9.580
9.900
9.650
9.330
9.410
9.190
9.280
9.390
