10.180
10.140
10.150
10.020
10.020
10.180
10.720
10.670
10.620
10.450
10.580
10.550
10.340
10.320
10.440
10.350
10.540
10.540
10.570
10.600
10.790
10.840
10.660
10.590
10.510
10.760
10.630
10.630
10.460
10.140
10.450
10.520
10.620
10.810
11.030
10.830
10.340
10.320
10.190
10.450
10.390
11.330
11.790
11.930
11.940
12.110
11.830
11.840
12.050
12.190
11.960
12.140
12.670
12.990
13.360
13.700
15.550
14.770
15.460
14.050
12.770
11.610
10.550
9.590
8.950
8.970
8.790
8.820
8.940
8.940
8.970
9.010
9.080
9.070
9.320
9.390
9.370
9.330
9.280
9.180
9.040
9.130
8.870
8.870
8.670
8.710
8.720
8.630
8.750
8.890
9.090
9.220
9.100
9.040
8.850
8.710
8.800
8.840
8.460
8.470
8.350
8.170
8.220
8.200
8.190
8.930
8.180
8.150
8.220
8.130
8.040
7.940
7.840
7.720
7.810
7.880
7.840
7.940
7.990
7.970
7.940
7.970
7.930
7.980
7.920
7.840
8.070
8.170
8.140
8.190
8.370
8.470
8.580
8.670
8.670
8.680
8.680
8.640
8.940
8.980
9.010
9.060
8.940
9.010
9.240
9.400
8.880
8.780
8.850
8.620
8.500
8.640
8.590
8.680
8.670
8.580
8.590
8.650
8.660
8.750
8.620
8.550
8.400
8.390
8.270
8.150
8.220
8.250
8.250
7.880
7.760
7.780
7.740
7.790
7.870
7.780
7.810
7.810
7.830
7.850
7.690
7.710
7.880
7.890
8.050
8.100
8.040
7.930
7.930
7.730
7.800
7.600
7.510
7.430
7.400
7.700
7.780
7.730
7.670
7.760
7.670
7.870
8.080
7.880
7.780
7.830
7.910
8.170
8.150
8.290
8.320
8.730
8.370
8.600
8.900
8.120
7.490
7.630
7.810
7.880
7.410
7.300
7.240
7.120
7.020
7.030
7.030
7.230
7.300
7.120
7.110
7.130
7.170
7.170
7.250
7.310
7.320
7.250
7.030
7.010
6.970
7.050
7.170
7.040
6.930
6.820
6.730
6.750
6.720
6.730
6.860
7.150
7.110
7.170
6.920
6.880
6.770
6.710
6.570
6.750
6.860
6.870
6.900
6.880
6.840
6.840
6.820
6.690
6.720
6.730
6.770
6.780
6.800
6.710
6.720
6.680
6.780
6.740
6.750
6.700
6.810
6.800
6.880
7.180
7.240
7.140
7.140
7.010
6.990
7.050
7.000
7.060
7.090
7.150
7.450
7.400
7.440
7.530
7.480
7.450
7.330
7.360
7.320
7.580
7.580
7.630
7.320
7.380
7.380
7.400
7.670
7.810
8.000
7.640
7.670
7.790
7.660
7.420
7.370
7.500
7.620
7.370
7.690
7.640
8.030
8.280
8.480
8.950
8.140
7.620
7.270
6.910
7.390
7.430
7.530
7.560
7.310
7.420
7.170
7.150
6.950
7.240
7.350
7.390
7.170
6.900
6.860
6.950
6.980
7.460
7.570
7.500
7.630
7.800
7.920
7.620
7.880
7.870
7.950
7.790
7.960
7.950
8.290
8.440
8.560
9.530
9.840
9.970
9.820
10.160
10.110
10.430
10.610
10.550
10.780
10.950
11.250
10.700
11.370
10.760
10.690
11.310
11.440
10.760
10.840
11.100
11.590
11.620
10.870
9.880
10.280
10.870
10.860
10.780
11.250
10.700
10.020
10.120
9.510
9.060
9.300
9.640
9.610
9.440
9.780
8.990
8.790
8.580
8.400
8.510
8.490
8.550
8.710
8.750
9.090
8.780
8.270
8.720
8.760
8.650
8.660
8.290
8.250
8.290
8.320
7.910
7.820
7.590
7.550
7.560
7.760
7.890
7.780
7.740
7.940
7.780
7.690
7.950
8.050
7.720
8.620
8.600
8.720
8.730
8.570
9.130
8.980
8.800
8.410
8.060
7.720
7.950
7.540
8.750
9.740
10.630
9.880
10.890
10.760
10.950
10.540
10.600
10.940
11.080
10.580
10.640
11.200
11.400
10.790
9.860
10.280
9.850
9.670
10.850
10.880
10.170
10.180
10.340
10.390
9.970
9.660
10.300
10.190
9.260
8.900
11.100
11.300
12.660
13.390
12.510
11.860
12.180
13.050
12.220
12.000
12.990
14.330
13.980
14.830
14.850
13.800
13.670
13.770
28.600
27.830
25.500
24.850
24.990
23.250
22.220
20.900
22.800
22.790
22.940
22.620
22.320
21.150
21.180
20.600
20.340
20.790
20.910
20.840
20.860
21.070
20.750
20.530
21.460
22.900
24.690
24.050
22.450
22.680
22.200
22.960
23.400
22.670
21.960
22.470
22.170
21.880
22.780
23.430
23.800
23.550
23.200
23.590
23.800
23.800
24.110
23.300
22.480
21.880
20.200
18.900
18.670
19.230
19.170
17.900
16.390
16.550
16.260
15.900
15.820
15.840
15.760
15.330
15.320
15.250
15.430
15.600
15.910
16.560
16.170
16.350
15.890
16.100
15.930
15.580
15.800
15.090
15.530
15.310
15.490
17.160
16.820
16.690
16.560
17.460
15.870
15.070
15.250
14.190
13.830
13.550
13.900
14.530
14.600
15.210
15.190
14.960
15.000
15.700
15.850
14.660
15.550
14.410
13.900
14.000
14.220
13.200
13.190
12.670
11.960
11.820
11.760
12.080
11.060
11.170
11.570
11.430
11.650
11.120
11.040
10.840
11.110
10.910
10.990
10.980
10.920
11.040
10.940
10.830
10.620
10.870
10.370
10.290
10.460
10.650
10.780
10.870
10.820
10.840
10.980
10.950
11.230
11.200
11.050
10.900
10.980
10.680
10.740
10.710
10.940
10.920
10.880
10.760
10.830
10.910
10.850
10.790
10.740
10.780
11.200
10.560
10.810
11.040
11.060
10.720
10.650
10.410
10.250
10.260
10.250
10.330
10.500
10.570
10.750
10.780
10.800
10.910
10.920
10.880
11.200
11.000
10.910
10.760
10.820
10.840
10.980
11.060
11.070
11.070
11.480
11.660
11.480
11.400
11.300
10.820
10.600
10.580
10.330
9.970
10.150
9.980
9.900
9.790
9.590
9.770
9.920
