115203.24
82944.48
68280.36
82876.94
124243.27
185660.02
292867.00
284483.12
459087.62
800632.50
75081.35
54491.12
66714.13
67987.02
56523.23
90911.32
46221.21
57384.24
85370.45
122453.97
110910.06
209401.28
29607.78
40213.14
63687.34
75242.88
63987.55
173111.48
41504.64
43831.70
99204.38
59979.18
62446.19
59701.82
109464.30
84268.06
41514.00
35914.06
38142.04
60518.36
28917.02
30874.49
37443.24
48659.05
32434.21
30614.39
22587.62
41759.29
22810.01
35871.43
58587.55
20960.83
28154.01
43599.06
41334.70
64829.56
61481.94
48424.99
65233.21
130024.77
62280.35
38827.83
57611.05
40715.36
36337.03
67439.11
55476.12
26775.61
46139.19
56865.33
92647.31
85498.33
141010.44
133923.73
70038.43
38262.08
38848.26
33226.98
42849.53
57315.20
68333.70
62853.26
44354.08
101103.36
50369.23
45853.87
71009.22
46919.34
51108.21
56762.06
80143.09
78537.50
70214.20
61228.98
58318.42
108166.90
60405.79
74657.87
110923.14
70380.01
50108.51
34779.00
31680.15
26040.51
19803.30
25.64
42978.07
17292.72
25696.31
31408.01
31660.14
33769.28
48336.44
127461.53
44368.01
66399.16
56762.39
84463.02
61212.33
58325.70
54803.20
55154.45
58123.40
36825.74
28311.56
43118.55
56019.78
51104.90
58660.02
58386.02
32623.63
49578.94
57947.78
72091.79
93845.53
108147.06
213348.20
137481.66
141343.27
220634.92
200777.16
270339.56
272090.72
503821.19
320751.91
136811.16
108843.05
124272.09
69394.25
116495.40
208156.88
75487.14
88332.74
125022.20
124815.69
134574.98
136767.19
109539.68
62713.63
72019.89
48339.23
71516.31
45085.38
78505.29
88718.04
61241.52
48552.81
57210.23
82306.06
121003.66
78134.73
68731.05
124436.97
99958.87
58256.80
51598.19
79526.72
88481.40
62253.40
60338.40
40876.61
36841.08
29563.64
50882.61
68506.62
69376.36
65116.10
61364.47
118759.06
269616.72
34788.17
31112.06
85429.22
81151.57
62361.45
94900.72
103949.71
32997.48
39540.92
48197.37
46840.56
72909.69
40400.18
48867.51
73466.70
75070.86
101514.67
66907.49
73627.55
71739.90
80095.53
122990.36
106254.94
52225.21
59874.78
62812.72
81100.52
56502.68
64662.86
63163.84
60477.57
59685.07
76714.63
82634.01
125387.38
212051.06
87471.69
113643.52
132584.06
137709.41
144246.89
167077.14
162619.41
196271.66
150405.70
232197.06
279138.81
212381.88
174251.81
207688.48
248557.36
491050.78
271205.53
266716.59
254098.23
237890.56
191304.70
145753.05
160246.86
152764.75
189624.86
215738.59
125702.95
222813.86
362630.66
141237.25
125275.41
243011.70
208327.89
102177.15
133899.80
232479.94
148954.70
192711.44
203728.17
83011.58
105083.05
125724.54
178312.73
145409.75
91839.68
74930.25
82629.35
110408.27
97524.63
112933.10
85354.11
97796.30
81813.65
104816.00
143680.20
195624.47
123834.22
185035.09
300436.16
71335.35
116141.34
129737.21
106201.39
143258.73
100792.80
134650.95
221475.70
105257.61
147461.20
151477.25
204223.84
265342.88
229251.50
206727.34
185744.09
252989.69
325792.59
249926.39
247965.56
361207.25
339272.72
305266.28
361382.25
396093.78
634908.94
336978.81
416156.38
427367.41
493168.91
325489.50
134962.20
140177.66
173267.84
87976.04
126315.09
166053.23
222727.16
155206.66
204711.69
273869.47
201845.42
136957.44
158476.27
151164.06
255910.11
266716.66
217995.52
207379.56
152758.02
255961.67
278342.75
216350.36
108245.04
125057.44
193075.95
154328.09
182414.05
137405.39
190640.78
163257.95
212468.30
215753.05
149526.45
176309.66
328413.41
465243.12
601924.75
256962.69
398716.09
327298.19
152219.09
187836.56
150545.05
168847.30
46765.00
157002.59
185951.22
131774.11
169166.34
112543.22
126883.32
180845.94
134286.12
126119.09
188945.58
144321.83
164021.52
275240.66
529895.19
280569.16
240085.11
251867.94
126055.97
135762.12
150672.75
185715.03
225949.89
224026.47
223490.69
150990.69
174487.80
262545.78
350016.78
423967.88
568524.62
164640.59
245021.03
273908.62
206834.45
263101.88
358877.28
276024.06
512429.12
795521.88
636359.75
439752.41
424121.44
359933.00
522876.81
398092.62
436102.41
517263.12
467970.19
625424.88
699223.69
539192.38
766017.00
666889.81
703334.62
726570.06
632553.19
885846.25
849575.75
866954.00
1189518.50
700198.62
657642.44
501469.72
667249.06
13902.39
420371.03
287946.06
286650.97
577716.94
737266.75
647743.38
626905.12
653065.19
532312.69
681455.38
494633.84
425152.28
558710.19
488765.19
729287.19
676362.12
483802.44
408455.66
457071.34
760382.06
377188.28
352737.66
299588.94
320466.50
161148.28
165894.66
273517.62
272390.34
362787.94
404808.28
379666.09
717151.00
868019.88
50409.45
11816.91
357571.38
455122.22
363535.53
322461.47
206038.20
259461.44
276899.25
225160.50
234287.23
234257.17
342593.44
323315.62
347079.69
300879.94
370470.81
610020.69
801047.75
371667.94
486337.25
372522.00
392701.66
533975.00
528922.31
536815.56
762209.62
707013.56
706670.81
758741.38
1108368.50
723606.12
451610.47
406937.66
575628.31
751809.81
1092721.38
989457.44
856062.38
513321.94
190734.16
193097.03
230398.52
272322.19
183514.06
240279.55
250915.05
376617.44
326313.84
425934.88
554957.00
584921.19
471693.44
890718.31
1108062.38
563337.94
840717.25
730763.38
454187.66
503426.94
856014.50
1154767.75
404880.03
450389.47
589378.06
313343.97
324635.25
433295.28
177927.19
279766.94
282085.41
422276.97
385554.06
309444.38
371223.16
350135.38
325819.28
232240.77
129434.35
166196.59
221764.94
227461.61
166295.84
190078.84
369972.31
396825.69
655430.00
400209.59
159905.05
120820.26
117322.25
2444.00
153366.05
132323.77
140975.77
122458.98
99557.86
86356.04
156364.84
165338.73
153389.78
159824.06
107140.27
127472.51
235818.88
329736.19
340121.78
675990.31
391483.22
419403.03
273007.72
277952.38
141230.47
206517.05
353558.09
148445.38
248252.17
133336.72
130387.30
202118.62
468784.31
446415.62
150710.61
129514.56
128591.64
135142.36
135659.88
124333.63
107290.28
94837.74
215158.34
223971.47
264105.50
426692.34
233503.95
252067.77
251789.47
160018.28
163303.64
201838.14
427036.38
431710.66
684573.06
579766.44
336465.78
235433.20
194372.94
265807.28
316383.00
263311.62
440169.69
336890.59
478247.31
493557.28
323396.75
589214.44
372474.38
195636.11
335009.91
299233.50
592147.38
767501.31
847939.50
800905.06
327209.88
484232.25
261910.36
278044.09
410227.22
793795.38
616497.75
96211.81
165724.66
96681.33
178182.31
191099.59
101813.69
185712.73
166172.84
147080.05
260466.94
148134.34
265031.28
261522.59
209653.08
169483.70
234804.20
388933.47
624269.19
166013.52
215112.38
146861.47
132038.56
90895.44
173096.78
303401.47
153345.45
255249.72
257285.12
235621.38
562136.50
278622.16
253415.48
199225.30
191333.61
93095.04
120008.90
328446.09
78629.97
100866.59
105145.93
139665.83
211749.06
167114.69
231337.38
97623.61
66870.95
127934.54
124539.12
154249.73
140298.80
136025.14
153775.58
136171.41
111812.79
147972.98
183345.31
149098.05
132974.98
233093.16
125853.04
108240.26
205398.78
149934.23
193400.86
147747.98
288241.62
215304.55
130191.31
208149.06
169720.09
196632.78
198340.80
436991.25
438115.12
