36009.34
47062.08
28843.02
25522.80
37654.44
32044.68
36550.80
36632.92
57376.46
35963.02
57968.00
60410.64
47864.33
38515.00
64017.24
126219.16
56687.97
79163.05
71258.75
85525.18
202655.70
238755.91
35253.22
67702.48
54708.80
65079.76
79832.97
81850.10
63465.06
37889.87
39350.79
31104.19
52701.82
113967.09
39755.97
34729.29
21489.36
21997.64
40885.08
20704.96
17887.53
29493.00
24174.68
22508.03
21462.00
20477.00
30648.67
44176.55
22688.08
18624.58
36703.76
20419.12
23953.74
40176.12
44730.49
37516.45
41195.75
40852.60
39934.06
56300.40
107591.53
46656.63
47468.58
39910.15
49260.25
93994.55
60398.04
72747.07
71376.01
80644.60
114158.10
94790.26
111717.26
149684.33
192055.92
101383.40
77494.48
112149.30
103772.07
187601.02
139076.67
185013.34
108177.81
168327.23
164850.30
93180.35
142848.91
86946.68
112603.84
178014.95
169249.69
63601.15
85564.76
72346.00
101847.67
60216.70
106433.75
75242.95
124864.76
146208.27
235823.81
102308.56
98372.06
79379.12
109041.59
1.00
174184.44
195018.58
89059.33
87488.50
105259.11
122940.22
86330.00
157623.72
154939.94
119597.18
104672.17
98849.79
168350.31
149513.77
279012.22
264581.69
400460.56
258992.00
290565.09
380165.91
555045.50
365192.88
158097.73
28399.61
17962.97
18162.70
14550.82
17077.49
24141.14
21074.75
27438.55
40173.21
85826.03
54907.48
42393.79
57956.20
124877.87
160345.16
27839.08
32201.59
15628.42
17887.27
24201.49
24285.72
32959.78
43511.35
34667.55
46600.05
30575.95
43726.31
44811.01
34523.73
56526.86
57468.20
33639.06
34671.85
35362.12
22224.10
34214.79
38842.03
32884.65
41991.71
45092.72
31166.50
21662.23
30830.76
24068.15
23726.03
22089.26
32258.27
20890.87
24972.95
21127.23
35356.86
24716.90
39675.55
24516.06
20058.23
24877.00
35771.09
53171.03
24268.02
51414.39
23558.05
19828.60
36324.71
27686.76
31638.62
58934.61
56556.56
45423.65
127458.24
67526.76
49664.08
79959.12
45409.76
51336.50
72541.69
41007.20
38221.59
44242.98
51753.91
35285.37
63749.66
70292.86
139019.36
153942.73
123883.98
107549.33
54565.54
63435.29
65493.05
72526.95
85232.27
36931.66
35923.60
36526.07
40031.24
113766.30
57792.90
105590.97
180981.59
51585.62
54867.42
40566.65
55261.49
86396.41
105217.60
64272.49
54377.30
85933.67
141948.69
110653.66
103293.14
64234.85
112857.13
78994.22
108193.94
104350.89
122142.88
106324.35
140109.67
106534.59
112451.53
151400.98
163300.50
150618.47
176111.73
106136.85
115384.23
125878.57
140752.69
106941.03
127577.87
173356.53
124540.35
125367.17
182172.59
204506.44
132512.73
117922.51
43076.30
63377.56
118350.75
147951.83
56942.44
78178.20
72072.39
57363.56
59576.05
66227.33
71118.98
36470.04
60421.97
40102.49
56256.91
54061.88
122865.08
52120.53
70568.99
73384.48
51622.85
55796.42
57453.40
46003.94
88104.88
61783.69
57946.93
120489.54
86333.93
64211.60
111522.01
157209.44
113033.02
102380.84
64765.03
75911.67
95994.98
111456.73
85130.51
68076.81
120101.64
121713.57
77567.47
92742.94
104411.61
142086.41
128625.37
102391.26
176662.03
116554.60
113069.27
78879.27
83606.82
80528.93
45498.97
57605.81
52463.64
77752.05
59830.92
72012.53
65059.18
87789.22
51168.78
60988.93
58874.39
103563.23
111565.37
124120.79
90341.26
78273.15
109886.91
86730.65
72739.83
52385.82
62769.16
90157.77
75896.13
100568.08
84280.13
103428.92
138453.89
195987.45
173065.06
111126.89
72161.99
76859.20
81325.92
108829.14
68556.84
70928.03
76136.73
73327.49
85893.87
93253.66
127080.48
28914.50
111727.84
117881.42
87751.69
123393.82
189843.94
182748.14
80653.53
53066.64
88362.07
75057.13
66339.20
86547.65
82233.72
116510.46
77366.33
108015.07
163612.66
89230.76
106045.06
118336.35
92516.68
123687.65
171792.53
89641.03
114923.59
144516.00
138065.38
178642.52
286739.28
193903.33
149122.06
128017.06
106112.28
151533.41
160449.73
158414.89
125977.93
78100.18
92331.85
90998.55
86648.63
110478.97
81559.88
78399.50
106720.85
86751.45
81786.77
126139.28
79132.28
73564.16
46102.94
59491.14
39066.01
23853.43
685.83
25959.91
37888.51
39557.38
65338.83
43362.01
93010.26
71558.08
76816.03
63317.60
89753.59
87150.08
43791.71
40761.30
44667.86
78678.98
80605.41
44048.97
45016.61
54149.11
49674.48
74543.74
75136.58
66818.24
111519.60
54436.73
24563.00
58285.07
56073.03
69858.23
109359.54
72423.16
85256.30
88230.65
115324.42
163779.58
43571.91
132051.97
77320.31
132358.33
138653.45
50837.51
93046.24
204878.80
84729.79
105485.70
117143.94
71201.71
121292.90
150597.50
1541.12
10867.00
116328.80
95862.11
98150.34
86058.54
125888.10
19036.00
53950.30
91652.84
61568.57
78658.38
71472.58
68890.64
92758.46
100617.90
120671.71
50697.30
100436.76
98788.18
49046.34
76196.23
78597.95
138427.23
160252.50
156102.94
94231.61
111179.37
145943.31
162553.27
186825.56
195068.75
207618.75
306673.44
100225.10
166973.66
187758.11
108415.93
1385.90
1247.70
509.37
126865.42
95433.76
56943.52
66793.36
2236.00
127547.60
157093.86
112544.11
26563.73
24087.32
15481.51
21179.19
35101.08
69074.91
37941.04
37634.15
45977.42
41098.91
67296.17
62521.27
44013.07
64335.79
110857.78
68788.62
96178.49
81644.19
36952.60
48583.45
45892.79
38349.54
50829.10
45586.69
67335.58
24930.02
44199.71
40752.69
38932.08
34771.99
59182.23
70432.19
18839.99
33572.04
19912.36
25340.38
61684.44
55061.11
46520.67
62422.38
42599.66
76161.68
37973.83
46336.70
101585.20
111401.43
66889.88
143533.84
68439.18
102092.01
67363.84
64394.24
72271.91
157072.14
219789.47
127413.77
59122.16
58947.40
119574.41
94164.82
157466.42
141281.02
31144.04
40525.58
51612.87
86238.05
55279.52
112508.37
113327.63
280055.44
203672.45
173876.69
177489.09
202736.50
229213.06
237752.16
203577.42
195418.88
206298.73
65366.00
54907.23
42994.15
67211.41
52616.17
42630.60
45641.18
46773.55
39822.80
77378.34
73133.81
109054.55
84577.01
74737.99
68238.39
63553.58
78248.70
109562.72
99759.08
60540.17
97035.27
123966.47
246967.86
188028.66
206766.00
100797.47
200690.86
59114.36
183232.73
205460.02
42493.49
34390.80
20377.68
41170.06
35020.39
56535.69
33103.76
53670.71
77828.97
48567.08
36172.42
50556.56
44807.40
42883.19
54628.32
53352.01
34899.34
34264.03
39232.38
33332.13
34052.55
30227.35
54530.41
35051.89
69131.39
44891.37
33938.71
37443.37
30638.49
33143.90
40440.12
30021.60
32485.37
51303.26
90857.43
56497.86
35730.25
75981.94
35996.46
30772.77
25196.14
