6.250
6.150
6.170
6.180
6.150
6.240
6.320
6.150
5.870
5.910
5.730
5.730
5.770
5.800
5.810
5.680
5.640
5.660
5.610
5.650
5.690
5.680
5.600
5.640
5.650
5.680
5.820
5.760
5.720
5.720
5.900
5.970
6.000
6.040
6.160
6.140
6.090
5.990
5.980
6.050
6.050
6.090
6.110
6.150
6.240
6.230
6.220
6.180
5.940
5.980
5.880
5.900
5.940
6.040
6.160
6.180
6.140
6.160
6.160
6.180
6.250
6.360
6.420
6.420
6.350
6.520
6.540
6.500
6.630
6.520
6.610
6.550
6.530
6.620
6.720
6.860
6.690
6.620
6.600
6.690
6.770
6.730
6.900
6.970
7.220
7.260
7.300
6.730
6.770
6.770
6.780
6.540
6.790
6.280
6.330
6.350
6.360
6.390
6.380
6.340
6.470
6.330
6.330
6.350
6.350
6.510
6.350
6.350
6.380
6.340
6.220
6.160
6.210
6.250
6.300
6.400
6.470
6.480
6.530
6.460
6.370
6.260
6.240
6.190
6.190
6.240
6.280
6.340
6.250
6.320
6.310
6.340
6.310
6.260
6.370
6.320
6.100
6.150
6.480
6.440
6.420
6.410
6.490
6.320
6.390
6.410
6.470
6.610
6.620
6.580
6.580
6.640
6.660
6.650
6.820
6.860
6.980
7.000
6.910
6.980
6.960
6.940
6.960
6.950
7.010
7.160
7.380
6.870
6.950
7.050
6.750
6.630
6.520
6.530
6.520
6.530
6.590
6.960
7.070
6.470
6.530
6.490
6.440
6.380
6.410
6.490
6.670
6.580
6.630
6.620
6.540
6.660
6.330
6.290
6.300
6.390
6.250
6.250
6.220
6.180
6.100
6.180
6.190
6.190
6.220
6.270
6.340
6.280
6.280
6.320
6.660
7.020
6.520
6.550
6.650
6.370
6.430
6.470
6.570
6.500
6.350
6.190
6.250
6.280
6.630
6.550
6.610
6.740
6.850
6.820
6.820
6.980
6.930
7.050
7.400
7.120
7.190
7.150
7.180
6.650
6.750
6.560
6.370
6.380
6.440
6.200
6.220
6.320
6.450
6.400
6.630
6.550
6.800
7.180
6.690
6.200
6.720
7.680
23.420
21.840
20.750
20.380
20.700
20.160
20.180
20.460
19.690
19.920
21.190
21.450
21.600
22.180
21.180
20.370
20.580
21.110
20.740
22.180
22.570
21.790
21.730
21.220
21.000
20.300
21.180
20.600
21.700
20.660
20.460
18.850
18.860
17.790
17.100
17.120
17.560
16.850
17.490
17.190
18.750
18.080
17.990
17.590
15.990
14.800
16.000
16.600
16.200
16.670
16.380
15.270
14.650
15.190
14.450
14.420
14.240
13.760
12.900
12.580
13.090
13.120
13.330
13.800
13.580
13.740
14.590
14.370
14.570
14.300
13.570
12.700
13.580
14.060
15.580
15.850
15.790
14.620
14.770
14.770
13.770
15.400
16.240
16.420
16.390
17.000
17.980
18.390
17.280
15.710
14.400
14.690
14.970
14.680
14.340
13.290
12.820
12.880
12.940
13.300
13.350
13.360
12.850
12.690
12.660
12.840
14.260
14.580
14.490
14.150
14.660
14.190
13.920
14.190
14.500
14.190
15.080
15.160
14.770
14.190
14.080
13.720
13.690
13.600
13.030
13.450
13.840
13.950
12.990
12.460
12.500
12.110
11.760
12.510
12.660
12.780
12.560
12.590
12.470
12.180
12.130
11.200
11.180
10.310
10.360
10.350
10.560
10.570
10.780
10.580
10.810
10.690
9.850
10.350
9.570
9.200
10.610
10.580
11.150
10.500
10.130
9.560
9.700
10.020
11.490
11.450
10.900
11.780
11.810
13.600
15.540
16.210
16.550
17.750
18.040
18.370
18.110
18.180
19.500
18.040
16.400
14.910
16.410
15.860
18.800
21.000
20.000
21.390
22.100
24.600
24.990
25.950
28.020
29.180
28.780
28.100
29.500
29.970
30.300
30.850
30.000
32.800
32.300
30.520
29.280
27.300
24.830
23.430
24.000
24.140
24.370
23.910
23.920
22.780
22.450
21.970
22.500
23.090
21.200
21.280
21.750
21.710
21.120
20.100
20.140
20.350
20.980
22.920
21.880
24.630
23.000
22.900
23.180
21.090
19.570
18.060
18.560
18.580
18.460
17.620
17.450
17.980
17.650
16.940
17.060
17.150
17.350
17.760
18.170
17.390
16.830
16.980
16.490
15.450
15.830
14.700
15.190
14.980
15.050
15.310
14.250
13.770
13.460
12.930
13.200
12.890
12.980
13.000
12.620
12.390
12.190
12.120
11.940
12.020
12.370
12.690
12.580
12.490
12.500
12.510
12.660
13.010
13.180
12.700
12.600
12.700
12.780
12.290
12.080
12.060
11.990
12.100
11.860
11.500
11.740
11.970
12.200
12.070
11.690
11.770
12.120
12.350
12.450
12.450
12.470
12.230
12.940
13.240
13.600
13.830
14.260
13.180
13.290
13.120
13.400
13.420
13.530
13.520
13.640
13.450
13.450
13.450
13.400
12.810
13.110
13.500
13.650
13.290
12.180
11.770
11.770
12.500
12.000
11.830
11.550
11.770
11.840
11.480
11.690
11.890
11.340
10.640
10.560
10.750
11.050
11.090
11.190
11.200
11.540
11.700
12.060
11.040
11.030
11.080
11.040
11.270
11.290
11.090
11.530
10.820
10.110
10.200
10.270
10.340
10.140
10.810
10.550
10.500
10.610
10.590
10.380
10.320
10.140
10.300
10.080
9.960
9.760
10.230
10.490
10.130
10.140
10.190
10.130
10.260
10.430
10.360
10.530
11.650
11.370
10.450
10.180
9.860
9.940
9.750
9.550
9.580
9.150
8.950
9.270
8.990
8.840
8.730
8.600
8.540
8.500
8.430
8.480
8.520
8.540
8.580
8.730
8.290
8.100
8.220
8.310
