16.410
16.250
15.810
15.530
15.250
16.010
16.730
16.630
16.510
16.590
16.600
16.530
15.800
15.550
15.640
15.540
15.370
15.140
14.630
14.850
14.600
14.850
15.090
15.230
15.000
15.010
14.710
14.510
14.070
14.430
14.530
14.330
14.520
14.270
14.610
15.050
15.030
15.210
15.460
15.320
15.140
15.210
15.150
14.880
15.000
14.730
14.790
14.500
14.420
14.510
14.490
14.210
14.530
14.360
14.530
14.670
14.580
14.100
14.220
14.180
14.050
13.590
13.550
13.630
13.850
13.830
13.790
13.810
13.870
13.920
13.940
13.760
13.710
13.320
13.260
13.160
13.500
13.670
13.840
13.740
13.810
13.990
14.050
13.950
13.910
14.620
14.490
14.600
14.380
14.470
14.300
14.650
14.920
15.170
14.860
14.810
14.530
14.770
14.510
14.600
14.930
14.940
14.850
14.530
14.240
14.110
14.260
14.350
14.350
13.720
13.800
13.580
13.500
13.600
13.440
13.960
13.940
13.840
14.580
14.510
14.730
15.350
16.700
15.200
15.090
14.850
14.730
14.830
14.520
14.660
14.040
13.900
13.820
13.770
13.660
13.900
13.860
13.620
13.520
13.350
13.000
13.900
13.530
13.620
13.510
14.050
13.760
13.130
13.150
13.440
13.590
13.620
13.820
13.800
13.210
13.150
12.460
12.040
12.370
12.040
12.540
12.300
12.190
11.610
11.650
11.350
12.470
12.420
12.010
11.750
12.300
12.410
13.140
13.840
15.310
14.820
14.420
14.750
14.350
14.590
14.300
13.800
13.410
13.160
13.020
11.840
10.760
9.780
8.620
8.800
8.850
8.700
8.640
8.480
8.260
7.910
8.400
8.200
7.910
7.900
7.650
7.510
7.700
7.360
7.800
8.500
8.040
8.180
8.470
8.220
7.850
7.970
7.800
8.220
8.590
8.770
8.970
9.470
10.170
9.700
10.650
11.830
12.020
11.700
11.720
12.170
11.870
12.250
12.380
12.060
11.660
11.540
11.320
11.170
10.730
10.900
10.970
11.220
11.290
10.570
10.520
10.350
10.020
10.300
9.880
10.430
11.490
11.310
11.010
11.300
11.240
11.080
11.020
11.380
11.140
11.220
11.660
11.480
11.100
10.710
10.720
10.710
10.370
10.140
10.510
10.550
10.430
10.380
9.900
10.340
9.600
9.230
9.370
10.050
9.950
9.970
9.510
9.710
9.590
9.270
9.050
8.920
8.750
8.590
8.580
8.580
8.640
9.300
8.010
8.100
7.660
7.610
7.800
7.410
7.420
8.240
8.700
8.800
8.870
7.970
8.010
7.700
8.280
8.870
8.810
7.900
8.440
9.380
10.420
11.510
12.590
11.440
12.560
13.300
13.200
12.460
12.810
13.040
12.710
12.200
11.000
11.570
10.610
10.390
11.200
12.000
11.020
11.480
12.760
14.000
14.100
13.600
13.280
13.500
12.930
11.350
12.610
12.750
12.390
11.220
9.200
9.090
10.100
11.220
12.470
13.850
14.610
13.410
14.900
16.560
18.100
19.090
18.300
20.330
22.060
21.100
21.800
20.790
20.200
19.720
19.450
19.810
18.910
18.580
18.280
19.880
19.890
19.000
16.540
18.300
18.300
18.400
17.890
16.250
15.500
15.280
14.700
14.680
14.700
15.420
14.390
14.200
13.880
13.150
13.090
13.540
13.800
14.100
13.860
13.550
13.510
13.820
13.600
14.500
13.900
13.600
13.230
13.800
13.500
13.830
14.430
14.750
14.000
13.530
14.390
15.110
13.900
13.840
12.800
11.840
11.820
11.670
11.520
12.030
11.510
11.580
11.900
11.700
11.350
11.220
10.750
10.530
10.210
9.900
9.810
9.720
9.670
9.510
9.430
8.980
8.870
8.780
8.900
8.670
8.710
8.620
8.520
8.440
8.420
8.520
8.540
8.280
8.570
8.600
8.530
8.460
8.380
8.810
8.670
9.120
9.680
9.320
9.110
9.280
9.090
9.020
9.080
9.180
9.030
8.800
8.920
9.050
9.020
9.320
9.310
9.600
9.510
9.690
9.700
9.870
10.020
9.760
9.680
9.350
9.180
8.990
9.310
9.510
8.970
8.830
9.200
9.170
9.140
8.700
8.700
8.700
8.860
8.760
8.360
8.270
8.140
7.960
7.880
7.850
7.950
7.950
7.790
7.920
8.080
7.830
7.900
7.770
7.740
7.770
7.670
7.640
7.550
7.470
7.370
7.330
7.420
7.410
7.650
7.700
7.640
7.660
7.640
7.620
7.550
7.550
7.540
7.540
7.490
7.430
7.420
7.480
7.380
7.310
7.260
7.330
7.320
7.090
7.070
7.050
7.010
7.020
7.070
7.030
7.100
7.110
7.200
7.210
7.140
7.130
7.060
7.060
7.120
