20.050
19.150
19.180
18.670
18.390
18.600
18.680
19.200
19.050
19.000
18.790
19.630
19.430
19.840
19.090
18.800
18.470
18.070
17.830
18.410
18.000
17.950
17.580
17.500
17.390
16.830
18.280
18.520
18.600
18.480
18.360
19.670
19.680
19.660
20.360
19.740
19.380
19.650
20.190
19.610
18.640
18.600
20.300
21.160
21.500
20.940
20.600
20.530
20.650
20.380
20.100
21.160
20.250
20.350
21.540
22.190
24.620
24.980
25.890
26.620
24.930
24.720
24.910
25.130
24.700
27.300
27.560
26.480
27.300
25.190
24.080
23.840
24.620
24.510
25.470
26.030
25.430
25.830
25.930
25.730
26.100
26.900
25.810
25.720
25.420
26.100
26.650
27.720
27.350
27.190
26.860
26.840
27.460
27.250
28.180
29.810
29.000
28.550
29.130
30.240
30.390
27.630
26.480
27.100
26.810
25.880
25.340
25.420
27.080
26.880
27.750
28.010
31.120
28.290
25.720
27.730
25.210
25.730
27.580
25.070
22.790
20.720
19.800
19.120
19.100
19.540
19.320
20.080
20.780
20.790
20.200
20.370
21.020
21.540
22.660
22.900
21.480
21.960
21.130
19.710
19.250
19.720
19.790
19.050
18.890
19.510
19.470
19.960
20.310
21.090
22.300
22.430
21.800
21.600
21.690
22.390
22.360
22.900
22.860
23.660
25.440
24.830
27.590
28.800
28.790
26.790
25.920
22.400
24.590
25.350
23.200
22.000
21.210
20.880
20.400
19.650
19.600
19.740
19.370
18.560
17.250
17.010
18.900
18.800
18.150
18.120
17.300
17.200
17.240
17.630
17.590
17.480
17.610
16.010
14.550
14.270
14.200
14.300
14.270
14.000
14.170
14.390
14.010
14.150
14.420
14.260
14.370
14.380
14.160
13.890
13.650
14.150
14.280
14.070
13.730
13.950
13.800
13.840
13.650
14.230
14.770
13.910
15.180
14.910
14.700
15.060
15.160
15.420
15.130
15.600
16.090
15.730
15.640
15.740
15.900
16.150
15.290
15.260
15.020
14.800
15.030
14.980
15.410
15.500
15.000
14.970
15.290
15.020
15.580
15.410
15.290
14.670
13.440
13.760
14.420
14.170
14.170
14.020
14.040
14.140
13.620
12.380
12.410
12.310
12.400
11.740
11.830
11.650
10.890
10.950
11.460
11.370
11.110
11.450
11.800
11.830
11.900
13.010
13.720
12.980
13.010
12.680
12.640
12.460
12.630
12.400
12.290
12.130
12.480
13.310
13.220
13.610
13.450
13.080
12.930
13.150
13.150
12.800
13.300
13.100
12.690
12.850
12.190
11.660
12.420
13.000
12.380
12.510
12.360
12.400
11.810
11.250
10.820
11.000
11.210
10.720
10.930
11.390
12.230
12.520
12.470
13.530
13.980
12.710
12.840
12.090
10.990
12.210
12.340
12.480
12.480
12.450
11.320
10.980
10.520
10.140
10.400
10.130
10.180
9.580
9.580
9.210
10.200
10.760
11.950
11.570
11.460
12.720
13.230
12.710
13.320
14.800
13.960
12.690
12.640
11.490
10.720
11.910
13.230
14.700
16.160
17.950
17.810
19.790
18.760
18.500
17.510
17.150
16.790
15.260
14.570
14.970
15.440
14.040
15.600
16.290
16.500
15.000
16.160
17.950
18.500
16.950
15.410
15.470
14.700
13.360
13.890
15.430
14.540
13.220
12.020
10.930
10.830
12.030
13.370
14.850
16.500
18.200
17.510
19.450
21.610
23.380
22.830
24.480
27.200
27.930
28.520
29.410
30.220
27.480
24.980
24.990
25.000
25.300
24.600
24.270
22.880
20.800
19.160
19.620
21.800
20.200
19.590
18.620
17.600
16.980
16.740
16.760
16.260
15.400
16.000
16.250
15.680
15.060
14.670
15.200
15.600
15.900
15.770
16.200
15.670
16.900
16.590
16.960
16.790
16.980
15.640
15.820
16.090
14.630
14.920
15.070
14.660
14.410
15.000
15.620
14.860
14.450
14.070
13.790
13.920
13.790
13.180
13.190
13.270
13.330
13.100
13.270
13.130
13.100
12.890
12.640
12.300
12.290
12.350
12.280
12.320
12.560
12.240
12.200
12.320
12.130
12.120
12.170
12.320
12.240
11.810
11.450
11.240
11.120
10.980
11.050
11.150
11.300
11.380
11.460
11.240
11.100
11.250
11.240
11.380
11.390
11.170
11.450
11.040
10.850
10.470
10.780
10.690
10.400
10.380
10.240
10.510
10.580
10.390
10.600
10.040
10.110
10.340
10.410
10.680
10.790
10.540
10.200
10.440
11.540
11.980
11.900
12.290
12.420
12.790
12.810
12.500
12.160
13.510
13.270
12.820
12.930
12.660
12.680
13.090
13.560
12.330
12.120
12.110
11.940
11.600
11.530
11.560
11.600
11.370
11.530
11.900
12.390
13.770
13.780
13.410
13.510
12.810
12.740
12.850
13.350
13.680
13.260
12.740
12.670
13.100
12.870
12.650
13.020
12.190
12.420
12.850
13.200
13.190
13.340
13.630
14.050
14.060
14.000
13.090
12.310
12.300
11.700
10.980
11.140
10.980
10.560
10.530
11.120
10.690
10.310
10.510
10.150
10.250
10.450
10.180
10.300
10.070
9.880
9.440
9.700
9.550
9.720
9.820
10.140
10.240
10.210
10.130
10.240
9.900
9.670
9.700
9.640
9.420
9.390
9.630
9.870
9.530
8.660
8.950
9.010
8.730
8.620
8.440
8.440
8.800
8.600
8.550
8.630
8.570
8.520
9.260
9.050
9.200
9.130
8.620
8.440
