12.530
12.500
12.610
12.510
12.510
12.440
12.160
12.290
12.220
12.050
12.160
12.280
12.240
12.140
12.090
12.040
11.890
11.730
11.680
11.900
11.840
11.480
11.380
11.370
11.150
11.200
11.750
11.980
11.810
11.530
11.760
12.180
12.480
12.660
12.780
12.300
12.500
12.580
12.150
12.450
12.440
12.560
12.770
12.830
13.110
13.300
12.980
12.200
12.600
12.600
12.800
13.230
13.460
13.710
13.800
14.330
14.420
14.730
14.550
14.360
14.600
14.860
14.980
15.080
14.630
14.190
14.130
14.230
14.550
14.810
14.350
14.410
14.600
14.110
13.910
13.800
13.600
13.780
13.870
13.710
13.590
13.680
13.210
12.950
12.880
13.060
13.150
12.980
12.930
13.520
13.540
13.510
13.460
13.190
13.130
13.300
13.260
13.430
13.650
13.440
13.700
13.680
13.680
13.310
13.320
13.490
13.070
13.240
13.260
13.280
12.990
12.600
12.810
12.540
12.030
12.900
12.940
13.000
12.980
13.180
13.190
12.810
12.710
12.370
12.200
12.300
12.090
12.040
11.760
12.140
12.190
12.360
12.320
12.300
11.910
11.730
11.230
11.080
11.120
11.880
11.880
11.700
11.800
11.430
11.300
11.500
11.540
11.770
12.100
11.730
11.810
12.050
11.760
11.700
11.250
11.180
11.160
11.170
11.110
11.180
11.080
10.910
10.850
10.820
10.750
10.420
10.240
10.150
10.150
10.360
10.600
10.670
10.500
10.610
10.450
10.700
10.640
10.700
10.770
10.500
10.020
9.310
9.540
9.560
9.420
9.330
9.330
9.580
9.610
9.500
9.420
9.410
9.320
9.320
9.300
9.630
9.700
9.610
9.440
9.410
9.420
9.450
9.700
9.780
9.770
9.710
9.600
9.830
9.830
9.850
9.850
9.980
10.040
10.020
9.750
9.250
9.230
9.310
9.250
9.120
9.060
8.980
9.000
8.960
8.820
9.320
9.310
9.330
9.800
9.700
9.700
9.700
9.710
9.700
9.610
9.700
9.750
9.620
9.460
9.740
9.880
9.910
9.640
9.560
9.350
9.320
9.320
9.370
9.320
9.160
9.020
9.400
9.410
9.200
8.680
8.660
8.800
8.570
8.600
8.690
9.060
9.190
9.180
9.080
8.960
9.020
8.610
8.510
8.600
8.420
8.590
8.600
8.720
8.440
8.530
8.450
8.890
8.710
8.760
8.600
8.820
8.950
8.940
9.600
9.910
9.860
9.610
9.720
9.540
9.630
9.490
9.300
9.510
9.430
9.670
10.590
10.630
10.900
10.710
10.820
10.590
11.000
11.030
24.600
23.650
22.800
22.410
22.260
20.030
19.660
20.130
19.990
20.100
19.530
18.800
18.720
17.780
17.200
17.110
17.420
17.330
16.620
16.900
17.000
16.820
17.610
17.230
18.160
17.180
16.400
16.700
15.530
15.950
17.200
17.420
17.550
16.850
16.850
16.850
16.300
15.820
16.610
16.600
16.030
15.830
15.550
14.980
15.150
15.650
16.300
18.410
18.220
18.800
18.750
19.270
19.680
21.740
23.030
21.570
22.950
25.400
25.600
25.340
25.750
26.100
25.780
26.030
25.880
25.610
25.850
26.090
25.810
25.620
24.610
24.480
24.480
24.280
24.560
25.510
25.360
25.120
24.500
25.750
23.960
23.310
25.460
25.500
24.850
24.770
24.740
24.160
24.050
24.350
23.520
24.180
25.500
25.030
23.930
23.350
23.420
23.200
22.500
21.930
22.290
22.100
22.320
22.500
22.820
23.060
22.580
21.160
20.900
20.520
20.420
20.810
20.500
20.510
20.350
19.540
18.850
18.370
17.910
17.910
17.760
17.600
17.750
18.300
18.220
18.630
17.560
17.780
17.880
16.650
16.220
17.460
19.030
19.200
19.220
17.100
17.100
16.010
17.000
18.880
18.560
17.300
16.300
17.500
19.440
21.590
23.350
22.400
24.480
26.510
26.650
26.230
26.700
27.390
26.590
25.210
24.000
24.690
22.700
22.200
24.610
23.550
21.820
21.100
23.360
25.720
26.010
24.780
25.500
23.600
21.850
18.900
20.400
21.600
21.380
19.410
15.810
15.350
17.060
18.960
21.070
23.410
26.010
23.750
26.390
29.320
31.730
31.400
29.480
32.740
34.550
31.500
33.330
36.010
36.300
33.150
32.020
32.350
32.230
32.000
31.000
32.180
30.160
29.020
27.000
27.850
28.900
26.910
25.500
25.840
24.760
23.600
23.130
22.700
23.020
23.740
22.510
22.570
22.300
21.360
21.100
21.210
21.280
21.520
21.980
21.700
21.400
22.420
22.010
22.900
23.070
22.010
21.030
21.350
20.520
21.680
21.790
22.220
21.760
21.250
21.100
21.860
19.660
18.850
18.390
18.390
18.790
18.500
18.390
18.390
17.880
18.160
18.010
17.800
17.880
17.650
17.370
17.110
17.040
17.020
17.230
16.970
17.110
17.200
17.080
17.020
16.780
16.530
16.270
16.250
16.740
16.560
16.620
16.660
16.200
16.150
15.810
15.900
16.440
16.470
16.610
16.530
16.250
17.750
17.110
17.400
17.720
17.560
16.850
16.700
16.020
15.400
15.010
15.360
15.320
15.260
15.180
14.580
15.320
15.150
15.190
14.930
14.820
14.570
14.520
14.700
15.270
15.310
14.830
14.000
14.320
14.980
15.230
15.610
15.850
15.650
15.600
15.500
15.260
15.200
15.760
15.700
16.690
16.280
16.400
16.780
16.590
16.340
16.270
16.210
15.980
15.700
15.570
15.720
15.710
15.440
15.410
15.430
15.480
15.310
15.900
16.150
16.110
16.160
16.250
15.990
15.900
15.950
15.570
15.190
15.010
14.980
15.020
15.290
15.530
15.390
15.160
15.700
15.730
15.930
15.200
15.590
15.310
15.180
15.180
14.800
14.560
14.390
14.390
14.020
14.020
14.110
14.660
14.490
14.500
14.410
14.380
14.230
14.260
14.190
14.150
13.920
13.630
13.520
13.720
13.730
14.360
14.300
14.190
14.500
14.870
14.250
14.060
13.960
14.230
14.420
14.300
14.180
14.130
13.950
13.820
13.710
13.800
13.710
13.860
13.150
12.900
12.780
12.580
12.670
12.560
12.550
12.820
12.810
13.000
13.010
12.790
12.530
12.550
12.500
12.490
