-0.110
-0.050
-0.080
-0.020
0.080
-0.030
-0.080
0.130
0.240
-0.070
-0.050
-0.100
0.020
0.010
-0.140
0.220
-0.070
0.030
-0.090
-0.070
0.190
0.070
0.090
0.080
0.040
-0.060
0.110
0.060
0.190
0.040
-0.250
-0.120
0.020
-0.080
0.050
0.110
0.010
0.020
0.070
-0.110
0.080
-0.130
-0.140
-0.100
-0.010
-0.250
-0.060
0.250
0.180
-0.040
-0.260
-0.020
0.040
-0.170
-0.100
0.060
0.060
-0.070
-0.160
0.270
-0.120
-0.010
0.270
0.110
0.130
0.000
-0.100
-0.040
0.040
0.020
0.010
-0.240
0.140
-0.310
-0.050
0.030
0.030
0.240
0.050
0.050
-0.140
-0.100
0.210
0.040
0.080
-0.090
0.130
0.040
0.050
0.130
0.020
0.140
0.110
0.120
-0.080
-0.020
-0.190
0.210
0.040
-0.010
0.080
0.020
-0.020
0.020
0.020
0.710
0.030
0.010
-0.010
0.040
0.100
-0.080
-0.040
0.050
-0.230
-0.220
-0.020
-0.020
0.000
-0.030
-0.130
-0.010
0.040
-0.030
0.070
0.100
-0.070
-0.090
-0.210
-0.100
0.360
0.170
-0.050
-0.040
0.000
0.030
-0.060
0.050
-0.330
-0.040
-0.070
0.060
0.010
-0.110
-0.110
0.080
-0.050
-0.120
-0.040
0.030
-0.120
0.150
0.030
-0.040
0.090
-0.030
0.000
-0.010
0.040
0.040
0.110
-0.040
0.050
-0.060
-0.030
0.040
-0.080
-0.320
-0.060
0.030
-0.020
0.040
-0.040
-0.090
-0.070
0.030
-0.090
-0.040
0.540
0.090
0.200
-0.290
0.010
0.030
-0.110
0.250
-0.190
-0.190
0.220
0.030
-0.010
0.170
-0.120
0.030
-0.360
-0.100
0.060
-0.050
0.070
-0.020
0.040
-0.210
0.130
0.010
0.030
-0.060
-0.270
-0.130
-0.100
0.060
-0.170
0.240
-0.080
0.020
0.300
0.330
-0.210
-0.210
-0.010
0.170
-0.020
-0.050
0.270
0.140
-0.170
-0.080
0.200
-0.550
0.020
0.150
-0.110
-0.200
0.040
0.170
0.240
-0.330
0.610
0.120
0.160
-0.050
0.040
-0.060
-0.090
0.050
0.260
0.000
-0.060
0.030
0.120
0.110
-0.130
0.090
0.080
-0.070
-0.020
0.070
-0.130
0.190
0.010
-0.630
0.020
-0.190
0.570
0.020
0.050
0.000
0.380
-0.060
-0.080
0.090
-0.040
-0.140
0.070
0.010
0.060
-0.350
0.060
0.020
-0.080
-0.050
-0.140
0.020
-0.480
-0.360
-0.050
0.010
0.400
-0.130
0.050
-0.080
0.200
-0.140
0.110
-0.160
-0.830
0.090
-0.370
-0.120
-0.050
0.250
-0.330
0.080
0.300
0.070
-0.110
0.600
-0.250
-0.130
0.490
-0.640
-0.770
0.800
-0.330
0.030
-0.240
0.330
0.740
0.570
-0.300
-0.220
0.210
0.170
-0.720
-0.450
-0.690
-0.660
-0.020
0.690
1.300
0.430
1.140
0.210
-1.250
0.180
-0.030
1.120
0.000
-0.190
0.340
0.600
-0.220
0.030
0.210
0.630
-0.290
0.480
-0.710
-0.350
-1.180
0.160
0.360
-0.250
-0.260
0.920
0.160
-0.600
0.410
-0.350
0.100
-1.130
-0.050
-1.320
0.240
-1.160
-1.620
-0.160
0.000
0.130
-0.530
-0.480
-0.610
-0.140
0.670
0.200
-0.460
0.670
-0.280
0.290
0.370
-0.510
-0.840
0.010
-1.140
-0.410
-0.250
1.100
-0.390
1.390
0.210
-1.690
0.980
0.590
-0.040
-0.630
0.430
-0.150
0.900
-0.230
0.230
-1.080
-0.870
0.650
-0.230
1.180
0.470
-0.340
1.220
-0.150
-0.970
0.320
0.100
-1.200
-0.200
-0.090
1.430
1.420
-1.700
0.990
0.190
1.000
0.510
-0.300
0.150
0.900
-0.020
1.240
0.220
0.630
-0.420
0.570
-0.810
0.490
-0.300
0.020
1.110
0.070
-0.350
1.030
-1.150
-1.280
0.170
-0.520
0.580
0.660
0.050
0.450
-1.260
-0.180
1.170
0.260
-1.260
-1.400
-1.560
-1.360
-1.610
0.120
-2.050
-0.060
0.930
0.950
0.290
-0.350
1.700
1.280
-0.660
-0.900
1.020
-1.290
0.270
-1.250
0.690
-1.710
-2.180
-0.170
1.040
-0.620
0.360
0.550
1.190
0.350
-2.120
1.930
1.750
1.590
-1.770
-1.510
-1.010
-0.540
-0.680
1.940
-2.170
-2.410
-2.250
0.060
0.370
-2.490
-1.170
1.680
-2.280
-3.350
-0.300
0.240
0.780
-0.850
-2.320
0.960
0.680
0.990
3.030
1.300
-0.990
-1.470
-0.510
1.990
-0.480
-0.040
-0.070
-0.430
-0.180
2.530
0.600
-1.060
0.720
2.580
2.350
2.130
0.740
0.000
-1.150
-1.140
2.080
0.640
-1.060
-0.620
-0.860
0.800
0.970
1.590
-1.100
1.980
-0.330
-3.130
-1.870
0.270
1.100
-1.250
-2.360
2.590
-0.730
-1.140
-0.310
-1.220
1.730
3.480
-3.860
2.650
3.270
2.980
1.950
-0.200
0.950
-1.180
1.350
0.430
2.220
2.200
0.740
0.900
-0.660
-0.890
-0.120
-0.990
1.750
0.520
0.020
-2.310
0.090
0.080
0.190
-0.350
-0.170
1.200
2.010
-1.270
-2.040
1.120
-0.470
2.070
-0.300
1.120
-0.200
-1.000
1.130
1.270
-0.240
1.720
0.840
1.490
-1.090
0.730
-0.010
0.820
-0.030
-0.300
-0.190
-0.060
-0.380
-0.460
0.800
0.190
0.330
0.690
0.170
0.790
0.380
-0.560
-1.450
-0.880
0.310
-0.430
-0.270
0.690
-0.110
-0.310
1.100
-1.600
-0.130
-1.790
0.580
0.430
0.010
-0.710
0.260
-0.450
1.110
1.520
0.800
-0.310
0.290
0.570
-0.180
0.250
-0.230
0.050
0.380
-0.650
-0.150
-0.020
0.190
0.570
0.110
0.140
-0.460
-0.430
1.230
0.360
0.060
0.280
0.000
-0.630
-0.230
0.490
-0.350
0.180
-0.440
-0.050
0.610
0.960
0.090
0.090
0.410
-0.010
-0.210
-0.340
-0.140
0.730
0.030
0.030
0.020
0.060
-0.380
-0.350
0.220
-0.220
-0.380
0.240
-0.010
0.370
0.630
0.130
0.110
-0.120
-0.130
0.990
0.440
-0.040
0.060
-0.280
-0.060
-0.170
0.110
-0.080
-0.280
-0.010
0.440
0.150
0.060
-0.130
0.300
-0.010
0.210
-0.200
-0.080
-0.010
0.110
-0.090
-0.470
0.110
-0.190
0.120
0.230
0.090
-0.100
0.880
