42.440
42.090
42.700
39.910
39.580
37.210
36.080
35.710
33.900
32.750
32.250
31.710
31.890
31.720
31.660
31.020
30.670
30.420
30.500
30.670
30.900
30.720
30.210
30.080
28.620
29.600
29.800
29.610
28.620
27.880
28.270
29.230
29.010
29.480
29.600
28.800
28.700
27.700
27.050
28.330
28.710
30.000
30.330
30.950
31.200
31.170
31.350
30.680
30.900
30.700
29.810
30.520
30.620
30.200
30.250
31.910
32.500
32.540
32.300
32.220
32.840
35.120
35.210
34.850
34.590
34.500
34.850
35.080
35.830
35.380
34.850
34.500
33.400
33.060
33.580
33.760
33.500
34.010
34.340
33.310
33.600
33.330
31.650
31.030
30.110
30.320
30.500
30.400
30.560
30.610
30.240
30.300
29.400
29.220
29.200
29.130
29.150
29.300
29.160
29.220
29.740
29.590
29.400
27.780
27.060
27.030
26.910
26.660
26.710
26.740
26.400
26.350
26.480
26.100
25.300
27.030
27.380
27.810
27.710
27.760
27.680
28.080
27.260
27.200
26.900
26.740
26.790
26.810
26.220
26.910
27.210
27.430
27.370
27.470
27.370
27.190
27.310
27.320
27.300
28.480
28.820
28.890
28.780
28.800
29.100
29.530
29.390
29.450
29.780
29.260
29.590
30.110
30.080
30.120
30.040
29.970
30.410
30.010
29.990
29.600
29.510
29.010
29.700
29.550
29.850
30.000
29.900
29.910
30.100
30.420
30.600
30.700
29.830
29.370
29.380
28.650
28.810
29.020
29.070
29.150
29.200
28.690
28.290
28.410
28.410
28.100
28.300
29.020
29.270
29.110
29.040
29.190
28.810
28.830
28.720
29.710
29.910
30.240
29.520
29.720
29.650
29.850
30.050
30.220
30.070
30.300
30.300
30.280
30.100
30.100
30.360
30.070
30.210
30.080
28.850
28.470
28.630
29.350
29.200
28.870
28.960
28.660
28.430
28.350
28.010
28.680
28.930
31.520
31.100
31.340
31.600
31.480
31.100
30.370
31.090
31.550
31.150
31.910
32.400
31.880
32.250
32.200
32.220
31.630
31.010
30.330
31.480
31.020
31.200
31.270
32.150
32.430
30.600
30.280
31.330
31.620
31.730
32.330
29.560
29.000
29.060
27.110
26.710
27.520
27.000
27.950
28.150
27.400
26.780
27.850
26.660
27.720
27.100
26.300
27.330
27.180
25.500
26.310
25.680
27.310
26.540
25.120
24.900
26.750
27.050
29.370
30.400
30.180
30.100
30.050
29.800
29.190
26.000
26.770
26.250
25.510
24.980
24.600
24.110
23.890
23.360
24.500
26.720
25.870
26.200
27.400
27.250
26.140
26.400
24.800
26.000
25.520
25.800
26.350
29.040
31.530
30.020
33.350
37.000
36.800
36.490
36.980
37.310
37.190
37.370
37.150
37.600
38.250
36.940
36.720
35.850
34.250
34.700
35.100
34.000
35.000
35.480
35.120
35.110
33.670
34.700
32.900
34.020
37.130
37.500
37.780
36.790
38.010
36.650
36.510
37.010
36.000
37.070
38.300
39.820
38.810
37.300
37.680
37.000
36.000
35.060
35.000
36.300
36.360
38.200
38.300
38.090
38.260
35.810
35.000
32.710
32.700
32.680
31.420
31.330
31.650
30.620
28.300
27.700
26.920
26.350
26.800
26.500
26.080
28.010
27.360
27.670
26.030
26.000
26.080
24.200
23.960
26.620
28.910
28.520
29.020
26.210
26.510
24.030
25.020
26.830
25.710
23.380
25.380
28.200
31.330
34.750
36.660
34.000
35.800
39.200
39.500
38.330
38.200
39.030
37.890
36.800
36.200
37.350
35.500
34.080
35.500
36.630
35.660
33.600
37.310
41.110
40.510
39.960
39.500
38.760
36.300
32.800
36.060
40.070
36.430
33.120
33.400
32.200
33.800
33.700
28.580
31.760
35.290
38.500
40.700
37.610
40.410
44.300
44.420
45.200
50.120
51.020
52.110
50.580
50.280
50.230
52.990
51.470
55.500
53.410
51.800
48.370
50.960
55.770
55.500
54.020
53.500
54.270
55.030
52.150
49.100
49.220
51.500
50.600
51.200
47.400
44.300
43.890
43.880
43.900
46.000
47.150
45.520
47.170
61.390
57.800
54.500
58.450
57.140
55.000
55.030
51.900
49.420
49.130
48.480
48.540
50.000
47.010
46.550
45.930
45.610
44.810
44.890
43.500
40.680
40.000
40.900
41.580
40.050
40.200
42.690
40.030
39.100
38.700
39.630
38.300
38.700
41.010
40.300
38.300
35.530
34.020
33.910
31.980
31.850
32.500
33.270
33.480
32.200
31.250
31.800
33.360
33.650
34.310
33.900
33.490
31.480
31.170
29.730
27.900
27.800
27.820
27.870
27.990
26.690
27.080
27.050
26.960
26.960
26.020
26.030
25.890
27.500
28.300
28.660
28.440
28.280
28.000
28.890
29.920
30.010
31.150
29.910
29.350
28.810
28.680
28.030
28.500
28.780
30.150
29.580
30.310
30.100
29.700
29.400
29.800
29.070
28.770
29.090
28.970
28.300
28.300
28.100
27.350
28.210
29.910
29.800
28.830
28.720
28.950
29.410
29.370
30.310
30.030
29.920
29.500
29.310
29.810
30.830
30.390
29.440
28.610
29.320
29.310
29.550
29.310
30.280
29.900
30.610
31.230
30.630
29.100
28.530
28.100
26.650
26.570
26.800
26.630
26.670
26.850
27.900
27.850
27.860
27.900
28.380
28.360
27.400
27.720
27.250
26.430
25.860
25.800
25.990
25.880
26.780
26.900
26.860
27.170
27.580
26.850
26.110
26.060
25.920
25.470
25.210
24.640
24.630
24.750
24.580
24.650
24.810
24.900
24.300
24.110
23.400
22.860
22.300
23.850
25.010
24.720
25.010
25.000
25.440
25.370
25.050
25.870
25.770
25.910
27.880
