20263.00
18092.64
20179.64
31779.04
20523.41
24577.07
20934.00
21677.93
24376.00
45238.60
71468.25
75744.77
27066.51
39111.07
34152.69
47336.71
37286.46
32000.04
38570.91
63241.96
82656.70
57802.61
43435.37
62204.19
41612.15
64059.62
63279.12
93678.03
48346.87
58202.04
110145.13
77474.29
95937.16
151699.86
73007.16
70799.05
64853.16
68966.97
82468.72
134094.19
67363.84
70213.54
101966.89
133639.98
84301.98
74698.90
43503.64
58434.31
46431.65
52900.62
57394.50
52087.23
119736.88
138994.41
122172.48
91201.74
106416.71
97470.32
117711.98
211569.86
181519.20
37373.66
49913.27
68339.22
59022.69
68869.44
97058.24
40847.65
57593.60
88617.55
76680.53
40388.10
32281.01
48324.64
45649.37
24393.39
18011.06
22962.84
28512.08
18115.45
22343.22
21014.10
19062.00
35425.12
25595.14
33548.53
33225.73
32725.75
49537.92
63434.87
62211.18
86092.14
44310.90
45121.02
39991.84
56363.36
41887.74
54259.12
69056.04
121807.47
63721.74
18122.12
19191.20
25826.23
13166.41
3.00
14852.35
27494.16
23268.35
16333.37
26819.66
16495.22
12609.36
15606.92
30916.42
24318.74
23103.58
32182.06
33328.13
39013.84
32360.34
39610.08
39639.30
50350.09
24591.26
53366.14
53888.00
63650.29
20768.60
22648.88
27050.50
21307.16
20567.33
34504.67
27612.36
30412.19
45750.83
25754.17
40064.92
18747.83
13246.59
21976.60
18058.82
19290.85
27684.06
17285.36
23067.24
29872.40
37885.90
27413.25
26629.35
31749.37
48985.47
36903.84
74119.35
41558.33
57088.28
111492.28
30184.81
77978.07
26551.29
35019.58
23316.84
32168.12
25641.88
33895.15
36407.24
49874.51
38360.12
32961.53
51094.78
47185.70
37234.25
42787.00
66519.04
45153.15
57937.32
64264.33
88619.87
52066.34
63366.31
99163.07
53284.53
56981.46
49656.08
89032.14
113387.13
192139.28
212868.69
178932.64
295470.56
212165.47
255945.44
49658.69
58180.17
55350.95
80215.10
116565.85
82283.72
29850.02
36038.10
27507.40
23602.33
35059.34
54890.05
23615.62
28340.78
41479.47
48779.07
36741.22
26997.12
28017.17
34208.00
31032.09
41950.32
23267.08
50530.68
17054.35
17407.17
17083.40
21515.36
15622.84
25930.72
14293.69
21635.82
17489.24
31815.53
67258.03
86182.97
24521.61
26549.65
29625.07
46083.69
21899.01
32682.07
42821.36
47377.10
85330.33
41274.00
39794.09
37997.26
49191.19
50861.83
88055.49
84418.18
26169.45
38390.52
34705.57
49081.15
36355.72
42282.97
26928.96
28050.17
34879.38
36894.44
31900.79
35658.02
36538.11
28647.75
44702.60
38467.64
30641.48
40692.96
41652.71
35335.66
50767.20
56590.25
33010.13
35400.75
39278.34
36943.25
36983.54
46338.86
40585.33
50390.58
39816.33
47202.29
32868.48
40838.57
50730.47
70048.06
96557.84
135237.31
31065.53
42151.36
44297.12
26673.63
43245.26
36943.19
39466.89
31212.38
44373.23
50150.13
69425.26
43453.01
50188.66
71582.37
59146.01
50264.30
40303.29
38549.78
40866.38
68018.15
70150.39
65992.87
68176.74
40970.61
30556.70
26837.62
40210.71
40117.28
43149.61
46343.16
42727.35
55804.48
59801.94
60618.13
52128.74
30610.79
38567.11
23972.08
22673.10
33448.08
43696.83
32986.79
70708.77
51943.07
53272.66
56789.32
47662.10
55997.27
57024.70
55814.92
60789.69
48878.01
37858.86
55759.41
63385.17
54520.08
36695.86
38330.23
63861.78
58564.79
66240.31
57601.90
72286.98
48296.68
75117.46
127202.54
62439.19
50602.03
37799.33
48334.83
51914.24
38615.31
37167.58
46469.29
49085.98
65448.71
40986.80
85039.18
5891.01
34666.32
58856.46
28208.95
40072.40
50056.36
35631.63
36573.97
20677.74
22179.43
29920.01
35151.51
53320.15
74264.41
60990.16
36681.57
39617.12
41246.22
33708.81
78752.78
69480.14
70805.76
35698.82
37419.63
32285.52
39588.06
48364.04
71995.96
72826.06
76414.25
71386.14
91042.65
80374.87
84330.05
90842.89
137252.02
106729.58
90669.83
186901.77
173247.95
86275.61
165859.62
121232.66
74952.06
85828.22
53375.94
28105.03
34222.30
34450.93
44780.24
75763.13
96906.48
71273.70
63569.42
61789.65
71787.75
66628.72
86287.87
111778.80
78254.61
101119.46
81642.71
97490.00
95304.93
92655.97
1890.00
112950.12
119038.90
131749.44
139405.55
131791.34
148350.12
36826.54
32918.30
30195.64
47388.64
40827.81
49352.37
55868.53
29729.52
40403.67
53013.20
26441.62
40736.24
44643.42
66820.79
75570.12
73758.95
75708.12
79718.78
43811.00
31112.00
78513.36
111568.85
92483.03
90910.55
123987.17
129107.97
91773.47
99906.54
77216.18
65149.13
67539.35
48368.44
69821.48
49513.84
62462.80
86243.37
127159.27
46074.88
51759.80
72214.82
81355.71
93677.00
110344.38
115322.85
87973.19
51118.23
71543.77
47051.44
118574.04
153649.06
112665.36
143600.64
200278.00
9477.63
78917.26
90343.90
103968.32
93010.40
75719.19
49749.93
62719.04
64288.83
66856.18
70698.76
74666.06
72576.76
102641.78
83708.79
81735.33
83834.89
52921.47
55577.73
45802.86
74680.09
64117.87
47506.45
60958.40
69870.14
90158.53
68180.65
100042.14
94488.95
65822.81
67144.29
62274.51
58715.74
79943.44
75341.91
57264.61
47256.65
72565.97
146304.70
79503.65
39963.01
32260.41
31997.37
26866.51
32601.96
38306.87
41897.34
39214.66
64323.71
53297.27
76520.51
73214.70
84164.14
80625.79
99827.73
59489.49
46124.55
62767.36
105385.08
86628.15
62354.41
71676.98
85283.94
79170.66
89847.52
79929.73
101842.69
119754.84
111528.40
140688.16
81512.34
71618.83
64976.19
53786.14
55195.30
47031.07
43267.06
55320.83
53933.22
17990.29
29873.25
27602.28
23750.03
23226.34
30196.16
53469.61
26937.88
41604.82
34230.56
31247.44
42517.28
43196.25
1377.00
32741.98
24347.57
27311.79
14739.44
14181.12
17913.25
16528.48
17252.45
19340.38
23232.51
30957.74
19489.09
32945.06
39346.90
56136.31
39268.70
22549.15
31013.36
28923.78
36983.80
34480.77
71139.30
35905.44
32162.93
13419.26
13067.57
19256.61
19687.09
18170.80
31373.14
26484.16
26497.48
17266.80
17162.09
31034.47
22813.25
23747.74
33723.98
32369.20
47367.53
35587.91
26084.61
41814.21
32732.94
61359.43
35005.20
50701.58
39232.09
48169.77
80415.15
80537.26
54588.24
57157.45
51008.21
51529.05
56176.97
64370.93
60133.24
37281.84
45714.29
69229.36
33868.42
30886.69
33705.10
39316.59
50267.32
68707.56
129957.40
176042.77
69986.11
59024.78
37429.24
31574.15
37901.55
54099.84
33310.79
29711.29
35517.03
32081.89
21874.66
18218.92
36005.19
25339.33
24481.38
23458.83
37424.38
41736.04
21896.50
24790.29
49003.99
33509.17
45934.69
35135.46
33771.60
34492.09
29822.65
51886.24
93364.41
24073.52
34915.93
30950.73
37592.93
52437.12
42415.89
38702.97
39190.32
47838.51
36231.70
29181.11
34851.87
31304.77
42610.73
43233.50
32900.43
32461.48
52631.27
28211.28
41480.67
38933.91
43539.27
32839.84
32808.92
46305.89
38030.19
46573.12
79508.61
48787.98
21032.55
38486.25
20225.07
24760.08
26027.11
45922.44
44430.45
41585.19
23237.28
42356.81
28853.27
25008.93
12387.91
21358.75
18287.23
25193.73
11738.91
15586.53
19576.15
21846.02
30253.69
29053.89
25734.64
28941.50
41394.86
39648.25
