41.180
41.630
41.550
41.060
41.000
40.820
40.860
41.400
40.490
39.750
40.500
40.400
40.700
41.290
41.200
41.100
39.580
38.600
38.790
38.980
38.980
38.000
37.510
37.440
35.880
37.600
38.510
38.210
37.810
36.660
37.820
38.800
39.950
39.910
39.490
37.700
38.820
39.000
38.840
39.600
38.500
39.290
42.250
42.900
42.050
42.500
43.020
42.240
42.210
42.000
41.690
44.800
43.730
43.380
45.520
45.000
45.350
46.800
46.800
45.100
49.600
49.710
50.020
49.200
49.180
49.000
52.140
52.500
52.780
54.140
52.420
52.290
52.270
53.030
52.620
52.210
51.570
48.500
47.710
48.700
48.800
49.550
48.960
48.580
49.200
50.690
50.640
51.100
50.440
50.870
50.990
51.510
51.900
51.120
52.300
51.100
50.780
54.130
52.960
54.850
53.500
52.300
51.500
50.400
50.800
51.400
51.050
52.000
51.510
52.820
50.640
50.410
53.690
52.720
46.500
47.520
46.800
46.300
42.000
41.330
43.100
44.210
44.500
44.000
44.000
45.160
45.050
45.500
43.010
44.280
47.580
45.110
43.400
43.410
43.000
42.020
41.300
40.910
43.880
46.600
46.310
45.140
45.110
44.280
44.980
47.040
46.800
46.800
48.300
47.990
49.500
50.740
54.950
55.500
51.000
44.630
45.210
42.130
41.860
41.740
40.190
40.150
37.510
36.970
37.060
37.270
37.280
35.800
35.920
35.970
36.430
36.300
36.030
35.950
35.580
35.230
35.200
35.040
35.500
35.460
35.500
35.100
34.740
34.550
34.660
34.170
34.500
35.210
35.600
35.420
35.360
35.120
34.700
35.300
35.330
37.310
37.610
37.420
36.730
37.310
37.200
37.710
37.600
38.150
37.510
37.480
36.300
36.500
36.030
36.150
37.250
37.450
37.650
36.400
35.350
35.510
35.570
36.010
35.480
34.880
35.340
35.300
35.050
35.010
34.500
35.350
34.800
35.120
36.920
36.450
36.840
37.800
37.800
37.220
37.400
38.000
38.800
38.780
37.720
37.110
37.880
38.380
37.860
37.860
37.110
37.300
37.510
37.770
36.150
35.010
34.320
36.110
34.450
34.720
34.400
34.800
34.690
33.000
33.000
33.280
36.400
36.310
36.300
36.830
36.600
33.280
31.400
31.210
31.700
31.000
32.710
33.000
33.000
32.180
32.800
32.400
34.350
33.310
33.650
32.000
30.240
33.290
34.120
35.530
38.780
38.910
36.300
35.850
35.030
36.120
36.580
35.440
36.180
35.100
34.560
38.090
37.800
38.240
37.380
38.180
37.770
38.800
39.720
39.080
39.600
35.700
33.700
30.900
29.920
29.420
30.020
29.510
29.720
30.440
30.520
30.700
29.380
28.100
27.850
28.500
27.900
27.060
28.660
29.010
27.490
26.800
26.130
28.400
27.030
25.810
27.110
29.200
31.110
30.930
29.700
29.420
28.800
29.100
29.050
28.000
26.980
28.130
27.750
27.030
26.940
26.500
25.800
25.640
24.530
26.310
28.920
28.060
28.520
29.610
29.000
27.010
27.980
28.180
30.310
33.680
37.420
41.580
41.720
42.210
42.460
43.550
44.510
47.310
49.500
46.210
41.010
41.000
39.400
38.340
37.460
38.000
34.820
33.640
34.190
30.660
30.410
30.250
29.700
29.610
28.720
29.700
31.700
31.420
31.110
31.200
31.900
31.360
31.530
32.330
30.820
31.000
32.000
32.080
32.050
30.800
31.000
31.060
30.450
29.350
29.000
29.880
29.750
30.150
29.310
30.610
29.790
28.440
28.120
28.880
28.720
28.760
28.050
27.950
28.200
27.630
27.280
27.000
26.330
26.010
25.650
25.010
25.000
25.800
25.720
26.370
25.200
25.010
25.020
23.450
23.000
25.150
27.400
28.060
28.550
26.600
26.410
24.550
26.690
29.500
29.700
27.020
28.980
32.200
35.780
39.000
41.800
36.300
40.160
42.000
40.410
39.150
40.200
40.200
39.870
38.680
39.010
39.030
36.300
35.400
35.300
33.800
31.000
29.410
32.310
35.610
35.500
35.530
35.910
36.900
35.220
31.030
32.880
35.600
35.200
33.000
27.520
24.170
26.860
29.840
33.160
36.450
37.250
32.390
34.730
38.590
40.820
40.660
37.900
39.950
43.180
41.710
43.200
46.000
48.600
46.500
44.310
42.600
42.950
45.010
38.030
40.600
39.610
36.400
33.860
35.560
36.050
35.480
34.530
34.220
33.850
33.330
32.100
31.510
31.670
32.500
32.170
32.210
31.360
30.400
29.780
30.010
30.050
30.680
31.340
31.300
31.300
32.000
31.620
32.100
31.680
30.690
30.560
32.360
31.550
32.500
33.940
32.960
30.300
30.030
31.130
31.500
30.000
29.510
29.000
28.900
29.450
29.010
28.810
28.650
28.020
29.050
29.430
29.180
29.010
29.000
27.250
26.980
26.850
27.020
27.000
26.600
26.740
27.040
24.350
24.310
23.860
23.980
23.900
23.730
23.900
23.630
23.320
23.010
22.930
22.750
22.640
22.600
22.680
23.460
23.610
23.850
23.410
23.440
23.430
23.160
23.610
23.460
23.460
23.580
23.400
22.600
22.300
22.810
22.350
22.550
22.210
22.210
22.600
23.230
23.020
22.500
22.160
22.230
22.160
22.200
22.830
22.800
22.500
22.270
22.220
23.150
24.000
23.950
24.500
24.380
24.020
22.660
22.410
22.440
23.100
22.700
23.900
23.190
23.100
22.800
23.020
23.370
23.380
23.160
23.000
23.000
22.880
22.880
22.730
22.500
22.100
22.410
22.320
22.260
22.980
22.910
22.850
22.900
23.360
23.180
23.190
23.000
22.730
22.590
22.050
22.000
21.990
22.270
22.980
22.980
22.750
23.390
23.250
23.170
23.120
23.700
23.650
23.280
23.400
23.160
22.960
23.010
23.150
23.050
22.920
22.660
22.320
22.000
22.000
22.650
22.200
22.260
22.430
22.390
22.350
22.460
22.320
22.150
21.740
21.600
21.630
21.870
21.940
22.240
22.380
22.560
22.780
22.820
22.920
22.540
22.610
22.510
22.480
22.430
22.240
22.730
22.800
22.730
22.500
22.550
22.900
22.680
22.590
22.100
21.240
20.850
21.000
20.910
20.400
20.390
20.360
20.620
20.610
20.710
20.410
20.400
20.400
20.550
