-0.120
0.030
-0.030
0.010
0.000
-0.020
-0.030
-0.040
0.050
0.080
-0.050
0.000
-0.050
0.000
-0.090
0.050
-0.130
0.010
-0.020
0.020
0.210
0.120
-0.010
-0.090
0.400
-0.040
-0.030
-0.190
0.390
0.000
-0.210
-0.010
-0.010
-0.060
-0.010
0.020
-0.030
-0.010
-0.050
-0.040
-0.030
-0.140
0.050
-0.080
0.150
-0.010
0.110
-0.050
-0.070
0.010
-0.260
0.000
-0.010
-0.020
0.120
-0.030
-0.080
0.010
0.020
0.010
0.040
-0.070
0.120
0.050
-0.010
-0.060
-0.050
-0.160
0.030
-0.110
-0.040
-0.130
0.030
-0.120
0.090
-0.050
-0.020
-0.020
0.070
0.330
-0.050
0.070
0.050
0.080
-0.060
-0.060
-0.020
0.070
-0.030
-0.040
-0.030
-0.040
0.030
0.070
-0.100
0.000
-0.010
-0.040
-0.050
0.080
-0.020
0.070
-0.030
0.000
0.010
0.000
-0.030
0.100
0.130
0.030
0.040
0.030
0.010
0.010
-0.120
-0.080
0.000
0.010
-0.030
0.140
0.010
0.010
0.060
-0.010
0.120
-0.130
0.010
-0.030
0.000
-0.060
0.010
0.270
-0.020
-0.040
0.000
0.020
-0.070
0.010
-0.120
-0.030
-0.080
0.120
0.030
-0.050
-0.170
0.100
-0.020
0.100
-0.010
0.060
0.040
0.090
0.020
0.000
0.010
-0.020
-0.050
0.030
0.000
0.030
0.080
-0.050
0.020
-0.020
-0.010
0.040
-0.050
-0.020
-0.010
-0.030
0.030
0.030
-0.040
0.030
-0.030
0.100
-0.100
-0.020
0.030
-0.050
0.040
-0.240
0.010
-0.060
-0.080
0.290
-0.130
-0.130
0.170
0.010
-0.030
0.080
0.060
0.130
-0.220
-0.050
0.030
-0.060
0.030
-0.090
-0.040
-0.220
0.140
-0.080
0.050
0.070
-0.100
-0.150
-0.040
0.160
-0.100
0.130
-0.080
-0.090
0.170
0.400
-0.040
-0.080
0.050
0.120
-0.060
0.190
0.020
0.080
-0.040
-0.050
0.020
-0.230
0.110
0.010
-0.040
0.000
-0.020
0.000
-0.110
-0.040
0.020
0.080
0.090
-0.050
-0.030
-0.070
0.030
0.060
0.110
0.020
-0.020
0.000
0.060
0.100
-0.070
-0.030
0.040
-0.050
-0.020
0.050
-0.060
0.110
0.030
-0.160
0.000
-0.070
0.010
-0.010
-0.030
-0.040
0.190
-0.070
0.170
-0.010
-0.020
-0.120
0.120
0.030
0.060
-0.230
-0.070
0.010
-0.060
0.090
0.040
-0.070
-0.110
-0.210
0.050
-0.060
0.210
-0.020
-0.050
-0.030
0.050
-0.060
0.100
-0.040
-0.310
-0.020
-0.170
-0.030
0.050
0.080
-0.100
0.120
-0.100
-0.170
0.000
0.130
0.030
-0.140
0.180
-0.370
-0.080
0.280
-0.090
-0.100
-0.040
0.220
0.130
0.110
-0.050
-0.260
0.320
-0.240
-0.460
-0.120
-0.310
0.160
-0.150
0.110
0.760
0.340
0.410
0.000
-0.490
0.010
0.020
0.130
0.000
-0.110
0.110
0.230
-0.130
-0.060
-0.010
0.160
0.140
-0.060
0.140
-0.160
0.140
-0.250
0.080
0.090
-0.310
-0.240
0.250
0.060
0.040
0.120
-0.110
0.190
-0.160
0.280
-0.710
0.300
0.000
-0.770
-0.150
0.020
0.180
-0.240
-0.030
-0.180
-0.260
0.080
0.120
-0.150
0.380
-0.090
0.100
0.250
-0.080
-0.180
0.100
-0.390
-0.100
-0.240
0.800
0.000
0.580
-0.100
-0.720
-0.020
-0.020
0.070
0.020
0.020
-0.040
0.160
-0.140
0.170
-0.380
0.170
0.470
-0.070
0.150
0.120
0.130
0.310
0.040
-0.280
-0.070
0.040
-0.170
-0.130
0.010
0.200
0.080
-0.290
0.120
-0.310
0.470
0.170
-0.170
-0.120
0.400
0.200
0.240
0.040
0.010
-0.270
0.200
-0.550
0.120
-0.450
0.010
0.210
-0.500
-0.880
0.520
0.750
-0.280
0.710
0.650
0.210
0.140
-0.590
-0.120
-0.250
-0.500
0.510
0.290
0.000
-0.750
-0.840
-0.900
-1.030
0.590
-0.280
-0.130
0.920
0.840
0.250
-0.010
0.340
0.440
-0.160
-0.310
0.330
0.010
0.110
-0.410
0.320
-0.340
-0.860
-0.110
0.320
0.140
-0.100
0.040
0.390
0.190
-0.860
-0.650
0.840
0.770
1.410
1.170
-1.430
0.510
-1.540
-1.580
-1.460
0.960
-0.430
-1.990
-0.040
0.340
0.320
-1.750
-1.270
1.070
-1.450
-1.950
2.240
2.030
1.850
-0.110
0.450
0.700
1.340
-0.180
1.150
0.210
-0.220
-0.250
0.420
-0.090
0.700
0.380
0.400
-0.330
-1.050
-0.320
0.350
0.620
-0.640
0.220
1.340
0.010
0.800
0.270
-0.290
0.020
0.100
-0.550
-0.390
-0.140
-0.170
0.020
0.600
0.160
-0.150
-0.010
-0.070
-0.580
0.830
1.180
-0.030
0.630
-0.310
-0.130
0.200
0.050
0.110
-0.370
0.320
0.620
0.020
-0.350
0.140
0.120
0.980
0.460
0.470
0.800
0.030
0.070
0.110
-0.060
0.030
0.200
0.040
0.210
0.050
-0.090
0.080
-0.010
-0.260
-0.110
0.180
0.030
-0.130
0.090
-0.030
-0.100
-0.070
0.090
0.020
0.090
0.220
0.170
-0.640
-0.070
0.210
0.030
0.010
-0.290
-0.050
-0.270
0.060
-0.100
0.270
0.380
-0.120
0.170
0.150
0.070
0.070
-0.050
-0.220
-0.150
-0.120
0.220
0.010
0.000
-0.070
0.100
0.210
-0.560
0.270
-0.310
0.190
0.250
0.100
-0.150
0.310
0.030
-0.020
-0.010
0.400
0.080
-0.050
0.020
-0.160
0.040
0.000
0.010
0.100
-0.110
0.040
-0.230
0.080
-0.010
0.080
0.010
-0.060
-0.030
0.070
0.240
0.030
0.000
-0.230
0.010
-0.010
0.020
-0.060
-0.200
0.000
-0.110
-0.020
0.110
0.010
0.150
0.050
0.120
-0.150
-0.040
0.030
0.250
0.020
0.090
-0.080
0.130
-0.240
0.070
0.010
0.220
-0.010
0.010
0.090
0.050
0.130
0.070
0.040
0.060
-0.070
0.010
-0.160
-0.050
0.040
-0.020
0.030
-0.080
0.050
0.040
-0.060
0.000
-0.060
0.000
0.000
-0.050
-0.040
-0.060
0.150
-0.090
-0.020
-0.090
0.310
0.040
0.040
0.300
-0.020
0.060
-0.030
0.140
-0.070
-0.040
0.070
0.080
0.080
0.010
-0.120
0.000
