12.480
12.200
12.220
12.150
12.100
12.150
12.100
12.090
11.950
11.860
12.120
12.270
12.480
12.400
12.360
12.370
12.800
12.650
12.900
12.180
12.830
13.880
13.920
13.710
13.660
13.950
13.910
13.820
13.780
13.500
13.300
13.630
13.770
13.630
13.220
12.040
11.800
11.700
11.500
11.800
12.130
11.970
12.000
12.160
12.200
11.970
12.000
12.360
12.420
12.500
12.010
13.210
12.660
12.570
12.850
12.870
13.170
13.160
13.120
12.910
12.300
12.450
12.860
13.350
12.890
13.070
13.040
13.230
13.150
12.880
12.490
12.400
12.840
12.830
12.840
12.990
12.810
12.960
12.550
12.770
12.800
12.850
12.700
12.550
12.500
12.540
12.520
12.470
12.520
12.480
12.430
12.450
12.410
12.200
12.220
12.140
12.190
12.440
12.330
12.410
12.480
12.330
12.310
12.410
12.330
12.420
12.180
12.200
11.970
12.000
11.720
11.610
11.720
11.420
11.110
12.200
12.670
13.150
13.170
13.240
13.180
13.260
13.110
13.300
13.300
13.370
13.660
13.680
12.650
12.680
12.700
12.540
12.300
12.280
12.270
12.000
11.970
11.930
12.000
13.170
13.250
13.270
13.290
13.190
13.350
13.600
13.560
13.700
13.910
13.610
13.900
14.120
14.100
13.920
13.830
13.830
13.970
13.770
13.780
13.680
13.580
13.300
13.610
13.550
13.460
13.210
13.320
13.430
13.530
13.480
13.620
13.520
13.360
13.510
13.540
13.210
13.220
13.390
13.370
13.300
13.360
13.020
12.830
12.920
12.880
12.730
12.800
13.240
13.300
13.250
13.220
13.240
13.200
13.160
13.150
13.790
13.750
13.810
13.480
13.500
13.450
13.580
13.440
13.500
13.400
13.530
13.260
13.620
13.600
13.620
13.720
13.880
13.840
13.820
13.640
13.330
13.400
13.680
13.650
13.200
13.500
13.610
13.550
13.420
13.300
13.820
13.880
14.200
15.330
15.250
14.940
14.920
15.000
14.940
14.860
15.180
15.300
15.190
14.710
15.110
14.910
14.800
15.010
15.060
14.800
15.050
15.050
15.030
14.770
14.010
13.660
14.430
14.210
14.300
14.200
14.180
13.810
13.150
13.300
13.510
14.510
14.400
14.580
14.250
14.050
14.080
13.360
13.150
13.500
13.060
13.340
13.320
13.160
12.710
12.850
12.760
12.890
12.640
12.600
12.220
12.690
13.010
12.900
13.960
14.770
14.960
14.310
14.320
13.870
14.430
14.280
14.000
14.200
14.460
15.020
16.210
15.630
16.000
15.710
15.580
15.100
15.570
15.100
15.730
16.080
15.700
15.200
16.000
15.460
14.630
15.330
15.310
15.130
14.180
14.190
13.910
12.040
11.460
11.180
11.500
11.400
10.850
11.020
11.300
10.900
11.450
11.030
11.830
11.060
10.500
10.890
11.870
12.390
13.300
13.380
13.790
13.000
13.100
12.830
12.310
11.530
12.300
12.360
11.810
11.520
11.120
11.010
11.010
11.150
11.990
13.100
12.400
12.750
13.500
13.010
12.130
12.550
12.050
12.460
12.880
14.040
14.670
16.190
16.720
17.240
19.150
20.700
20.410
18.150
18.500
18.420
18.140
19.000
18.590
18.890
18.610
18.500
18.300
17.630
16.600
16.240
15.550
15.480
15.600
15.600
15.920
15.820
15.500
15.360
14.540
15.850
17.570
17.670
17.270
17.300
17.410
16.520
16.100
16.120
15.520
15.530
16.320
16.700
16.110
15.650
16.080
15.500
14.700
14.500
14.800
14.960
15.180
15.250
14.680
15.420
15.060
14.500
14.830
16.200
15.830
15.870
14.250
14.490
14.610
14.320
13.040
12.160
11.860
11.610
11.500
11.580
11.300
12.300
11.980
12.150
11.210
11.100
10.990
10.010
9.950
11.060
12.010
11.820
11.790
10.510
10.280
9.820
10.790
11.990
12.060
10.710
11.780
13.090
14.540
16.160
17.950
16.330
18.100
18.880
18.540
17.760
18.020
18.380
18.160
16.800
16.000
16.210
15.080
15.130
16.200
17.800
16.050
15.140
16.820
18.500
18.100
17.320
17.330
17.000
15.360
12.660
13.970
14.810
13.800
12.300
10.310
10.490
11.660
12.950
14.390
15.990
17.260
16.160
17.950
19.940
21.830
23.490
20.840
23.160
25.650
25.300
25.580
28.300
29.160
28.680
28.110
28.500
29.410
31.560
28.100
28.020
29.200
28.000
23.940
24.380
25.010
24.700
23.600
24.600
23.300
22.880
22.000
20.860
20.850
21.040
21.500
21.690
21.700
20.050
18.690
17.800
18.280
18.060
17.710
16.800
17.120
18.330
17.850
17.540
17.710
16.680
16.380
16.870
15.500
16.550
17.500
17.840
17.250
16.800
17.850
18.330
18.500
18.350
18.030
17.490
17.600
17.100
17.100
17.000
15.400
15.190
14.900
14.820
14.560
14.490
13.350
13.170
12.980
13.060
12.760
12.210
12.310
12.650
12.950
12.930
12.410
12.050
11.960
12.100
12.200
11.980
11.960
11.730
11.600
11.260
11.000
11.100
11.300
11.560
11.530
11.310
11.080
11.220
11.400
11.730
11.310
11.160
11.070
11.290
11.180
10.720
10.510
10.600
10.510
10.490
10.350
10.200
10.470
10.420
10.420
10.180
10.010
10.100
10.050
10.400
10.180
10.200
10.180
10.030
9.990
10.400
10.940
10.780
10.860
10.700
10.640
10.330
10.120
10.110
10.650
10.660
11.110
10.870
11.130
11.120
11.450
11.340
11.380
11.160
11.170
11.130
11.110
11.090
11.020
10.700
10.740
10.780
10.850
10.650
11.500
11.610
12.140
12.020
12.110
12.330
12.280
12.510
12.350
11.800
11.650
11.820
11.650
11.450
11.540
11.400
11.150
11.810
11.640
11.700
12.060
11.910
12.010
11.980
11.710
11.670
11.510
11.620
11.660
11.160
11.110
10.950
10.450
10.230
10.360
10.910
10.600
10.510
10.570
10.460
10.450
10.450
10.410
10.330
9.910
9.700
9.650
9.790
9.710
10.170
10.320
10.080
10.000
9.950
9.790
9.700
9.710
9.760
9.830
9.860
9.700
9.610
9.670
9.510
9.350
9.320
9.420
9.320
9.410
9.270
9.090
9.130
9.100
9.110
9.030
9.150
9.250
9.240
9.750
9.610
9.520
9.600
9.820
9.680
