14.850
14.940
14.520
14.440
14.300
14.230
14.350
14.290
14.360
14.220
14.150
14.420
14.560
14.280
14.260
14.280
13.980
14.100
14.150
14.200
14.190
14.280
13.980
13.880
13.910
13.850
13.710
13.300
13.420
13.220
13.320
13.520
13.640
13.630
13.950
13.850
13.680
13.470
13.500
13.610
14.140
14.100
14.260
14.530
14.580
14.380
14.490
14.580
14.360
14.270
14.450
14.360
14.300
14.330
14.400
14.600
14.710
14.800
14.910
14.930
15.830
15.800
16.030
15.810
15.730
15.530
15.490
15.610
15.670
15.810
15.520
15.500
15.670
15.470
15.470
15.620
15.500
15.480
15.650
15.820
15.960
16.100
16.130
16.300
16.290
16.190
15.890
16.090
16.230
16.480
16.390
16.200
15.540
15.430
15.310
15.530
15.470
15.490
15.550
15.130
15.340
15.170
15.470
15.550
15.840
15.660
15.660
16.080
16.200
16.230
16.210
16.190
16.130
16.120
16.140
16.350
16.280
16.930
17.060
17.050
16.730
16.840
16.910
16.530
16.180
16.250
16.420
16.480
16.800
16.500
16.620
16.830
16.500
16.880
16.690
16.640
16.800
16.290
15.800
16.250
15.920
15.900
15.780
15.660
15.840
16.020
15.770
16.040
15.950
16.050
16.180
16.340
16.470
16.490
16.420
16.390
16.330
16.400
16.660
16.600
16.690
16.360
16.400
16.710
16.460
16.610
16.700
16.370
16.570
16.750
17.050
17.180
16.950
16.860
17.060
17.210
17.130
17.110
17.150
17.450
17.030
16.430
16.280
15.500
15.850
15.960
15.590
15.830
16.200
16.180
16.180
15.710
15.870
16.130
16.060
16.570
16.110
15.920
16.090
15.530
15.410
15.450
15.650
15.650
15.970
15.890
15.680
15.530
15.770
15.700
15.510
15.750
15.770
15.350
15.460
14.790
14.560
14.830
14.910
15.020
14.740
14.800
14.410
14.340
14.020
13.780
13.680
13.650
14.000
14.640
14.610
14.510
14.300
14.410
14.270
14.480
14.580
14.560
14.490
14.480
14.590
14.600
14.670
14.560
14.610
14.340
14.320
14.330
14.380
14.180
13.800
14.140
14.280
14.000
13.800
13.790
13.880
13.600
13.150
13.080
13.690
13.860
13.620
13.800
13.710
13.590
13.660
13.190
13.180
13.090
13.150
13.150
13.280
13.220
13.070
12.970
13.190
13.260
13.210
13.210
13.200
12.950
13.100
13.620
14.100
14.130
14.130
13.700
13.720
14.170
14.490
14.200
14.340
14.350
14.590
15.300
15.410
15.790
15.990
15.690
15.580
15.700
15.130
15.390
15.490
15.220
14.700
14.560
14.320
13.890
14.240
14.050
14.110
14.400
14.300
14.490
14.180
13.730
13.330
13.530
13.690
13.250
13.110
13.250
13.620
13.550
13.180
13.690
13.730
13.180
12.820
13.660
13.590
14.970
14.970
15.230
14.970
14.910
15.090
14.470
13.910
14.300
14.940
14.930
14.940
14.470
14.470
13.900
14.490
14.800
15.950
15.380
15.270
15.770
16.380
15.890
15.910
16.400
15.820
16.760
16.540
17.480
16.880
18.400
18.050
17.660
18.870
19.360
19.080
18.900
19.120
19.040
19.060
19.090
18.970
18.730
18.920
18.490
18.450
18.520
18.110
18.250
18.440
18.240
18.850
19.010
19.220
18.690
18.410
18.430
18.120
19.390
19.680
19.680
19.950
19.810
19.990
19.510
19.540
19.750
19.330
19.880
20.180
20.080
19.190
19.490
18.730
18.800
18.380
17.740
17.650
18.280
18.650
18.400
18.140
18.480
19.670
19.080
19.190
19.290
19.010
19.060
19.300
18.550
18.290
18.120
17.900
17.880
18.020
18.070
18.470
18.500
18.790
17.960
17.410
17.440
18.210
16.730
17.200
18.770
18.650
19.000
18.590
18.200
19.260
18.510
19.210
20.690
20.110
18.890
18.500
19.170
21.300
22.000
22.110
21.500
23.670
22.840
23.120
22.740
23.270
24.020
22.960
22.750
23.230
24.030
22.870
21.840
21.300
22.070
21.220
19.910
22.110
22.960
22.100
21.980
21.930
22.150
20.970
19.910
22.100
22.880
20.800
19.030
17.300
17.280
19.200
18.230
18.540
20.600
22.400
20.940
23.270
25.850
26.300
25.890
25.600
26.700
28.200
28.230
29.610
28.350
26.410
26.870
25.900
25.810
26.540
26.360
27.000
27.780
27.880
25.970
24.920
24.720
24.740
23.780
23.510
23.410
22.550
22.730
22.840
21.580
21.250
21.300
21.350
21.000
20.450
20.340
20.310
20.360
21.400
21.680
21.950
21.170
22.100
22.400
20.490
20.630
20.450
19.630
19.840
19.800
19.610
20.720
20.780
20.880
20.330
21.800
20.480
19.580
19.190
19.750
18.950
18.900
18.280
18.430
18.640
18.760
18.710
17.880
17.430
17.340
17.070
16.780
17.240
17.440
17.610
17.500
17.960
18.400
18.250
17.700
17.750
17.890
17.660
17.900
17.800
18.040
17.900
17.060
17.080
16.890
16.570
17.130
17.750
17.990
17.950
17.320
17.370
17.360
17.550
17.670
18.280
17.810
18.190
17.990
17.860
16.860
18.000
17.240
17.710
17.490
15.900
15.700
16.120
15.680
15.800
15.050
14.800
14.740
14.970
15.020
14.600
15.090
15.300
15.520
14.780
14.770
14.570
14.250
14.550
14.070
14.050
14.410
15.250
15.240
15.230
15.390
15.280
15.400
15.600
15.310
14.600
14.510
14.270
14.240
14.360
14.240
14.180
14.280
14.380
14.250
14.530
14.660
14.830
14.760
14.660
14.840
14.780
14.980
15.020
14.890
14.570
14.410
14.530
14.780
15.050
15.300
15.020
15.080
15.300
15.190
15.570
15.750
16.050
16.130
15.800
15.700
15.550
15.740
15.850
15.660
15.450
15.810
15.680
15.740
15.510
16.160
16.440
16.300
16.580
15.800
15.660
15.840
15.460
15.340
15.160
15.100
14.650
14.880
14.700
15.100
15.290
14.700
14.750
14.710
14.840
14.660
14.620
14.690
14.850
14.440
14.320
14.360
14.270
14.280
14.310
14.230
14.480
14.460
14.710
14.590
14.180
14.420
14.810
15.090
14.660
14.640
14.500
14.370
14.360
