13.900
13.810
13.700
13.700
13.640
13.700
13.660
13.960
13.740
13.300
13.400
13.210
13.200
13.120
13.030
13.010
13.110
12.810
12.790
12.650
12.620
12.200
12.100
12.130
11.510
11.600
12.160
12.280
11.920
11.900
12.110
12.320
12.760
12.800
12.870
12.320
12.350
12.220
12.010
12.660
12.920
13.210
13.560
13.750
13.810
13.510
13.430
13.030
13.500
13.640
13.600
13.620
13.380
13.530
13.770
13.370
14.290
14.830
14.780
14.900
15.120
15.150
14.910
14.610
14.490
14.580
15.300
15.350
15.300
15.750
15.600
15.710
16.120
15.780
15.830
15.660
15.460
15.800
15.890
15.900
16.000
15.950
16.120
16.030
15.990
16.300
16.090
16.000
16.000
16.400
16.130
16.200
16.170
16.000
16.180
16.110
16.110
16.400
16.500
16.150
15.830
15.710
15.820
15.790
15.650
16.040
15.150
14.880
15.020
15.050
14.760
14.600
14.980
14.410
15.210
16.880
17.300
17.770
17.720
17.680
18.250
17.930
17.800
17.850
17.720
17.970
18.000
18.230
18.100
17.800
17.700
17.970
17.860
18.050
17.400
17.000
16.540
16.920
16.910
17.720
17.410
17.300
17.110
16.810
17.090
17.330
17.280
17.940
18.670
18.300
18.520
17.910
17.650
17.560
17.320
17.300
17.460
17.670
17.210
17.130
16.760
16.450
16.580
16.430
16.390
16.360
16.470
16.520
16.400
16.600
16.790
17.120
16.880
17.280
17.100
17.000
16.870
17.220
17.000
16.670
16.650
16.240
16.180
15.980
15.910
15.830
15.880
16.370
16.150
16.070
15.980
16.000
15.580
15.550
15.870
16.450
16.500
16.360
15.980
15.910
16.160
16.150
16.050
16.030
15.970
16.090
15.910
15.800
15.300
15.330
15.810
15.810
15.750
15.720
15.550
15.130
15.270
15.550
15.520
15.080
15.150
15.220
15.120
15.010
15.010
15.600
15.500
15.520
16.430
16.530
16.480
16.160
16.100
15.910
16.000
16.110
16.180
16.310
15.800
16.300
16.260
15.750
15.820
15.840
15.530
15.410
15.330
15.280
15.030
14.660
14.520
14.950
14.700
14.640
14.540
15.100
15.080
14.410
14.160
14.300
15.390
15.400
15.600
15.460
15.340
15.300
14.470
14.180
14.560
14.000
14.700
14.270
14.250
13.900
14.010
13.680
14.850
13.850
13.900
13.400
14.200
14.810
15.300
16.880
18.520
18.500
18.200
18.020
17.670
18.600
18.450
17.030
16.550
17.020
17.110
17.900
18.450
18.570
17.650
17.510
16.760
16.330
15.710
16.380
16.460
15.750
15.680
15.950
15.440
15.030
15.790
15.850
15.700
14.750
14.650
14.600
14.520
13.900
13.580
13.570
13.210
12.800
13.200
13.730
13.600
13.850
13.200
13.170
12.350
11.880
12.090
13.070
13.470
14.540
14.360
14.110
13.810
13.950
14.070
13.230
12.400
13.010
12.810
12.180
11.800
11.500
11.560
11.560
11.430
12.700
13.940
13.610
14.080
14.910
14.180
13.660
14.010
13.400
14.060
14.400
16.000
16.600
18.440
19.380
19.130
21.230
21.530
21.510
20.350
20.320
19.390
19.200
19.460
19.260
19.550
19.810
18.880
18.420
18.560
17.810
17.660
17.280
17.210
17.320
17.000
16.720
16.150
15.580
16.050
15.180
16.560
18.100
17.250
16.320
16.680
16.700
15.850
15.820
16.300
15.010
15.410
16.110
16.010
15.560
14.870
14.860
14.320
13.750
13.510
13.510
13.810
14.060
14.380
13.580
14.010
13.330
12.740
13.080
13.630
13.600
13.470
13.150
13.340
13.300
12.600
12.110
12.020
12.220
11.800
11.760
11.600
12.110
12.000
11.480
11.500
10.850
10.680
10.740
10.550
10.900
12.110
13.350
13.620
12.500
13.650
15.170
16.850
18.720
19.210
17.850
19.830
22.030
24.010
25.180
23.870
26.200
28.100
26.580
28.000
29.830
31.530
30.880
29.080
29.300
26.580
27.450
26.070
26.510
25.750
25.300
23.090
25.650
27.800
28.520
23.900
24.160
24.700
23.500
22.600
20.800
20.310
19.950
19.720
19.300
18.700
16.990
16.000
16.400
16.230
17.310
17.030
15.770
15.530
16.160
15.890
16.280
15.630
14.100
13.850
13.980
13.750
14.250
15.090
15.150
14.020
13.610
13.820
13.600
13.270
12.820
12.580
12.610
12.760
12.540
12.420
12.400
12.180
12.820
12.220
12.120
12.120
12.220
12.160
12.100
12.180
12.000
12.060
11.580
11.380
11.230
11.180
11.000
11.370
11.380
11.320
10.710
10.640
10.460
10.500
10.460
10.270
10.050
9.870
10.100
9.980
10.410
10.360
10.450
10.450
10.390
10.380
10.540
10.380
10.260
10.250
9.920
9.880
9.500
9.110
9.100
9.070
9.060
9.000
8.920
9.210
9.290
9.200
9.140
9.130
9.110
8.900
8.600
9.170
9.160
8.710
8.360
9.290
9.130
9.480
9.630
9.890
9.530
9.410
9.280
8.970
9.060
9.580
9.600
10.150
9.830
9.970
9.980
10.220
10.080
10.320
10.100
10.010
10.050
10.110
9.800
9.750
9.700
9.610
9.620
9.550
9.600
9.850
9.830
9.800
9.720
9.880
10.230
10.240
10.200
10.230
9.730
9.480
9.510
9.530
10.160
10.170
10.160
9.990
10.100
10.080
10.200
10.010
10.410
10.520
10.350
9.730
9.400
9.200
9.250
9.250
9.080
9.070
9.050
8.750
8.780
9.030
9.370
9.300
9.300
9.350
9.330
9.300
9.430
9.460
9.160
9.160
9.130
8.760
8.710
8.850
9.000
8.770
8.700
8.810
8.630
8.650
8.530
8.580
8.650
8.560
8.300
8.330
8.350
8.500
8.480
8.290
8.310
8.350
8.410
8.280
8.220
8.130
8.000
8.540
8.670
8.550
8.260
8.250
8.280
8.260
8.200
8.060
8.050
8.230
8.260
