24162.01
28882.86
22769.32
12924.84
18385.73
16926.57
13645.00
21376.53
26876.79
44970.77
24613.95
30877.84
25773.10
24784.84
13850.28
18673.92
18446.89
22321.10
37077.08
34838.31
45152.54
38451.71
19622.05
36212.19
32124.00
35023.42
42499.74
36578.94
31204.63
26995.36
47351.30
79426.24
53943.41
34231.71
34676.52
24339.68
21673.71
21550.23
40551.10
27388.06
22886.77
25171.45
36264.62
26957.54
34570.39
33101.19
37660.45
61659.89
45463.25
110168.75
45426.37
29387.36
35738.41
64155.06
40911.11
53061.99
39069.28
41986.03
55057.60
53716.59
44678.28
38864.17
41458.32
49415.33
23324.64
44400.50
25893.59
26429.07
33702.41
30495.31
36036.47
39845.39
27813.72
31638.87
48553.45
32254.06
18620.17
27613.27
42727.84
32775.49
37721.04
38444.94
48833.79
32482.87
53060.01
53115.31
38872.96
27697.63
42791.85
48420.32
68562.71
76797.67
93901.75
58193.90
77977.31
48661.64
78586.43
32005.07
75859.24
61401.43
24762.36
30356.43
16574.76
22681.18
20807.61
146.00
17293.18
18113.83
14255.99
16357.90
21268.00
18005.00
16876.31
25731.01
40863.08
29232.80
36216.33
32940.68
28898.05
65336.21
30770.07
38644.84
31401.87
20391.10
19690.61
16186.51
16272.39
16971.38
24372.83
26788.73
54201.73
54833.70
26481.27
26307.10
29321.09
25222.88
27964.93
31364.96
92661.91
70394.06
37301.83
53234.98
34616.78
51160.06
129254.44
214343.45
69870.96
63159.31
66438.60
86465.47
58822.04
50483.81
46046.34
52794.98
75129.99
124435.41
85241.80
87237.31
60262.24
46860.07
60391.57
68757.57
31940.69
44293.94
45737.73
33316.23
31864.32
37096.82
50228.72
60495.11
151434.95
67698.74
88072.32
38865.00
33587.52
45637.15
47436.17
29028.00
32864.87
47884.44
25673.05
20952.59
21264.32
24100.86
28629.02
23689.74
29738.48
27341.91
19820.53
18647.28
32607.75
22928.67
53328.03
41650.07
33894.10
79567.40
78176.38
76823.91
37962.14
44054.45
25611.18
28105.10
42210.54
44753.37
70422.59
54174.36
63864.61
52144.50
61773.90
76283.36
51532.23
81598.12
106974.84
49160.33
38945.34
40649.42
58996.35
37735.76
27306.12
25060.41
30785.66
45678.67
43022.01
72163.63
45285.23
99497.44
30922.31
32724.37
46516.60
66380.84
32539.94
44958.48
54037.38
60249.70
49027.28
93955.80
92371.76
67395.37
75498.52
120665.27
69256.84
82475.50
93507.44
73845.86
92888.86
46728.22
51451.09
60704.15
77519.82
40620.84
36595.24
43954.90
38485.50
43299.75
32020.58
43870.55
33046.94
51417.20
37275.36
30301.10
57199.76
95490.15
58006.30
76756.01
86533.32
22580.54
44625.19
45733.14
49336.34
62209.50
69170.26
38338.80
48110.36
106895.30
105370.96
64595.38
75579.76
103330.68
69464.68
43004.57
69493.82
97978.13
64442.54
112954.02
60833.22
35349.38
42381.48
56564.76
38765.78
56641.89
100097.95
45344.63
90452.06
42149.45
136300.08
48768.39
68576.30
108210.15
64665.53
160311.50
51364.46
71547.81
77696.85
138696.16
134388.59
229278.16
126296.78
94762.85
173692.66
58389.30
94176.56
70205.00
70366.54
139233.38
109624.43
108759.82
59778.97
56979.95
93649.99
45282.42
42504.97
58310.92
88509.97
80072.86
70369.89
81041.09
94575.97
106287.64
81404.05
55738.35
81692.62
56915.16
48075.51
57180.63
32898.45
55719.51
56339.79
103060.43
34004.42
52789.01
69847.22
53950.85
91683.06
69213.36
100034.18
72877.63
88865.36
114951.73
73847.92
116553.32
118156.13
224262.30
254722.58
54022.77
46176.66
57149.70
65395.55
43573.37
82996.09
79222.68
21770.00
76940.96
92878.84
60037.88
85812.79
75704.74
38034.94
82283.26
66676.11
63026.85
93107.63
64718.81
109215.67
167613.66
78387.57
47363.47
41913.32
36513.83
37788.08
32571.29
39939.79
49498.60
60503.28
61314.30
50343.81
67068.28
67382.77
81123.85
108746.07
94959.75
100470.62
142255.70
143178.50
150792.20
297023.19
146038.97
157880.34
117350.64
87730.68
109457.88
105591.89
93686.61
142209.72
167536.69
153056.59
98693.55
45526.61
72821.08
66350.28
82354.09
149886.36
83121.51
109410.14
119970.02
72534.27
135152.77
131121.70
159153.69
161425.25
91131.94
68336.04
79803.65
119671.37
46239.18
53699.28
249.00
24058.83
26805.42
22423.22
49121.56
47576.48
51592.94
67565.33
50229.72
26623.34
56772.62
64694.77
58052.82
48956.03
28711.23
41352.85
71845.80
59772.15
64157.95
114965.08
65752.31
73877.85
126904.01
76548.35
92801.08
170321.09
147881.33
98162.98
63652.49
100591.85
185947.94
198919.84
109688.83
61352.71
88652.03
123558.14
139439.55
73891.29
54054.30
106105.03
119847.24
161669.09
68655.95
116374.63
135826.27
195180.42
189369.36
234739.61
228885.33
176721.44
148081.44
151851.80
164627.06
155002.22
217224.31
296068.81
463944.75
337224.16
190288.05
553494.19
150401.19
322407.19
242141.50
253387.77
295872.50
212902.09
213051.41
217166.69
161984.92
186829.59
185754.73
167059.66
149834.31
175801.56
206668.77
233057.38
239168.73
208819.75
205571.09
314566.59
359078.56
282192.00
239583.80
301012.09
398304.38
232498.20
205144.59
265529.59
254870.42
262899.12
364448.25
383714.88
255397.69
300196.47
183991.81
118473.20
224929.66
233118.00
199130.69
223776.42
170369.48
145650.11
185861.17
251610.44
490114.72
198739.73
113253.47
136701.30
143736.61
150981.53
164326.95
173563.53
248331.06
218377.97
368336.56
157397.34
98403.65
113331.72
146110.45
187735.56
79198.98
124516.79
175438.91
180308.97
130072.47
132088.53
135973.30
92672.15
134017.69
91636.51
107882.84
97070.13
151824.58
110104.89
90898.41
85177.04
126735.63
78439.02
70443.52
49013.35
54229.07
57901.60
49583.94
56961.97
79873.59
54097.80
87537.09
211818.56
233675.52
76012.94
61471.16
141033.00
821.00
61321.86
64697.73
76290.93
76930.21
142173.59
130768.17
156069.25
213029.33
96109.04
136698.14
155110.08
237407.56
213226.48
45704.85
63485.05
135342.95
42416.74
61363.41
41696.71
77222.23
44145.26
63102.76
61716.27
21735.77
18133.21
32499.68
41922.12
41008.94
50858.50
40440.95
56342.94
69711.92
29203.09
39669.10
41621.58
46521.79
39912.32
38972.49
33940.53
81510.88
54742.66
61277.92
70100.84
72055.75
82215.75
82978.99
91285.34
85179.05
141906.86
103586.45
171825.89
147456.64
209067.81
87655.96
73832.89
123214.47
109181.34
162341.66
92084.00
85824.69
87102.25
50186.04
41154.54
44630.70
45893.98
65208.27
116482.34
69216.13
177837.98
156298.55
158333.61
57784.54
48847.13
55020.44
100687.32
62700.57
62360.72
73075.41
67880.86
72893.37
42811.23
40293.11
34727.00
45291.82
150026.73
64741.11
128005.82
68746.02
83359.13
98452.13
160990.75
78740.97
143221.38
61332.97
115525.37
79222.93
152226.84
59662.80
70190.47
72266.34
65237.95
64398.88
58389.53
83860.24
67511.32
151374.95
99367.50
37263.78
69017.58
66628.75
69098.08
73436.33
70591.38
47810.31
39767.96
43673.98
33689.18
64656.59
71934.29
31050.61
36802.93
39514.53
62916.41
50699.59
51388.45
100707.75
161975.20
113083.58
46815.75
70951.50
108916.32
118720.35
74042.70
46681.97
52886.65
40950.55
87737.31
52259.83
68518.27
51816.16
38647.88
23926.82
38906.12
22830.88
17237.09
19454.91
44623.67
26432.47
25509.40
26774.38
19530.62
22360.11
16582.75
