11.760
11.840
11.920
12.100
12.110
12.090
12.050
12.200
12.050
11.740
11.910
12.180
12.100
13.310
13.100
12.780
12.700
12.480
12.390
12.620
12.520
11.830
11.580
11.500
11.170
11.250
11.960
11.800
11.520
11.160
11.390
11.920
12.460
12.540
12.320
11.600
12.080
11.470
11.250
11.550
11.940
12.020
12.510
12.590
13.100
13.030
12.710
12.500
12.190
12.000
11.900
13.100
13.100
13.020
13.400
13.480
14.710
15.580
14.160
11.520
11.140
11.140
11.060
11.000
10.660
11.040
11.490
11.520
11.610
11.560
11.130
10.900
11.070
11.070
11.230
11.280
10.910
10.900
10.610
10.650
10.630
10.800
10.930
10.870
10.780
11.030
11.370
11.050
10.980
11.210
11.410
11.290
11.080
10.630
10.640
10.810
10.800
11.080
11.150
11.110
11.230
10.970
11.010
10.860
10.800
10.700
10.740
10.620
10.250
9.760
9.820
9.660
9.380
9.300
9.830
9.800
9.900
10.060
9.820
9.760
9.740
9.630
9.350
9.300
9.460
9.470
9.530
9.270
9.420
9.160
9.220
9.150
9.310
9.260
9.180
9.220
8.950
9.000
9.670
9.820
9.740
9.560
9.510
9.640
9.730
9.620
9.850
9.980
9.800
10.040
10.140
10.200
10.260
9.950
9.830
9.910
9.920
9.650
9.540
9.140
8.940
9.080
8.960
8.940
8.810
8.930
9.030
9.080
9.080
9.070
8.820
8.760
8.770
8.800
8.730
8.720
8.760
8.830
8.860
8.800
8.590
8.690
8.720
8.510
8.440
8.500
8.750
8.760
8.660
8.650
8.740
8.700
8.550
8.460
8.840
8.750
8.640
8.440
8.490
8.440
8.540
8.450
8.540
8.450
8.510
8.410
8.520
8.500
8.530
8.650
8.740
8.670
8.670
8.420
8.300
8.180
8.110
8.070
7.900
7.950
7.930
7.870
7.820
7.720
7.900
7.820
7.890
8.300
8.270
8.280
8.400
8.330
8.320
8.360
8.410
8.440
8.460
8.190
8.170
8.200
8.200
8.180
8.170
7.950
7.930
7.970
7.910
7.770
7.700
7.590
7.840
7.820
7.830
7.810
7.840
7.820
7.680
7.700
7.730
8.110
8.130
8.170
8.180
8.120
8.120
7.860
7.790
7.830
7.720
7.850
7.830
7.880
7.750
7.780
7.760
7.800
7.750
7.770
7.680
7.820
7.950
7.950
8.500
8.810
8.800
8.560
8.510
8.440
8.870
8.830
8.760
8.870
8.930
8.910
9.590
9.520
9.820
9.800
9.470
9.280
9.360
9.160
9.280
9.300
9.100
8.970
9.260
9.150
9.030
9.020
8.970
9.100
9.280
9.320
9.270
8.860
8.610
8.570
8.620
8.490
8.110
8.320
8.700
9.390
9.170
8.900
8.850
8.760
8.400
8.000
8.340
8.430
8.120
7.970
7.770
7.710
7.680
7.700
8.420
9.220
8.900
8.950
9.130
8.940
8.450
8.710
8.430
9.000
9.390
10.430
10.720
11.750
12.460
11.910
13.190
14.650
15.150
14.730
14.860
15.420
14.710
15.030
14.250
14.010
14.110
14.000
13.570
13.200
12.300
12.310
12.280
12.220
12.460
12.810
13.020
12.820
12.310
11.600
10.900
11.620
11.570
11.310
11.100
11.400
11.380
11.000
11.370
11.330
10.600
10.900
11.220
10.960
10.810
10.450
10.300
10.120
9.650
9.560
9.620
10.080
10.030
10.020
9.660
10.040
9.400
9.070
9.020
9.700
9.650
9.670
9.360
9.360
9.380
8.940
8.530
8.410
8.210
8.070
8.050
8.030
8.210
8.480
8.420
8.380
7.800
7.750
7.900
7.520
7.550
8.390
9.060
9.320
9.310
8.460
8.830
7.880
8.750
9.510
9.510
8.600
9.550
10.610
11.790
13.100
14.310
14.050
15.330
16.370
15.600
15.530
14.950
16.610
18.450
19.500
20.080
18.440
20.480
22.190
20.360
22.090
21.690
23.500
22.980
20.820
19.700
19.610
19.000
18.780
19.090
18.530
16.850
14.890
16.290
14.780
14.110
13.390
13.480
13.070
13.220
12.550
12.050
11.450
11.330
11.220
11.460
11.000
10.700
10.840
11.060
11.280
11.880
11.860
11.780
11.700
12.340
12.020
12.000
11.800
11.360
11.700
11.760
11.380
11.580
12.120
11.730
11.500
11.410
12.100
12.140
11.930
11.860
11.720
11.770
11.630
11.540
11.100
11.170
11.000
11.230
11.200
11.210
11.170
11.110
11.500
11.080
10.970
11.040
10.630
10.400
10.400
10.370
10.240
10.140
10.100
10.050
9.860
9.900
10.120
10.100
9.990
9.960
9.600
9.360
9.270
9.220
9.200
9.540
9.450
9.240
9.100
9.240
9.330
9.510
9.520
9.410
9.500
9.530
9.340
9.130
9.020
9.910
9.740
9.690
9.540
9.550
9.930
9.870
9.910
10.030
10.070
9.900
9.460
9.330
9.330
9.070
8.940
8.970
9.300
8.950
9.220
9.170
9.470
9.330
9.240
9.140
8.800
8.550
8.340
8.250
8.570
8.450
8.310
8.280
8.300
8.410
8.330
8.250
8.140
7.940
7.970
8.010
8.050
7.950
7.860
7.870
7.890
7.830
8.180
8.240
8.170
8.230
8.240
8.450
8.330
8.040
8.030
7.730
7.580
7.480
7.440
7.450
7.600
7.510
7.280
7.460
7.480
7.460
7.410
7.580
7.550
7.580
7.480
7.400
7.350
7.320
7.280
7.240
7.210
7.250
7.170
7.130
7.170
7.310
7.260
7.230
7.190
7.190
7.230
7.200
7.160
7.130
7.000
6.850
6.850
6.940
6.940
7.080
7.050
7.030
7.180
7.190
7.200
7.140
7.130
7.210
7.200
7.080
7.000
7.100
7.030
6.740
6.650
6.600
6.610
6.610
6.640
6.510
6.420
6.350
6.330
6.350
6.300
6.410
6.370
6.290
6.290
6.210
6.180
6.050
6.060
6.130
