6.780
6.590
6.550
6.600
6.580
6.580
6.560
6.630
6.560
6.500
6.660
6.790
6.860
6.660
6.670
6.710
6.680
6.670
6.490
6.550
6.550
6.620
6.510
6.350
6.310
6.180
6.320
6.370
6.340
6.170
6.160
6.460
6.420
6.480
6.530
6.530
6.360
6.270
6.300
6.520
6.700
6.670
6.830
6.930
7.000
6.920
6.980
6.930
7.150
7.200
7.830
8.070
7.990
8.070
8.220
8.220
8.250
8.390
8.550
8.560
8.540
8.680
8.640
8.410
8.220
8.180
8.420
8.450
8.560
8.580
8.450
8.350
8.470
8.420
8.440
8.560
8.510
8.590
8.660
8.650
8.580
8.680
8.820
8.450
8.380
8.290
8.370
8.360
8.350
8.220
8.150
8.250
8.230
8.200
8.190
8.000
7.970
8.010
8.030
7.990
8.030
7.970
7.940
7.950
8.100
8.290
8.180
8.220
8.100
8.110
7.980
7.900
8.000
7.960
8.400
8.610
8.710
8.780
8.810
8.810
8.770
8.840
8.690
8.630
8.640
8.730
8.800
8.840
8.770
8.930
8.730
8.630
8.680
8.780
8.720
8.690
8.900
8.800
9.300
9.380
9.520
9.500
9.450
9.550
9.680
9.630
9.640
9.780
9.790
9.920
10.020
9.800
9.840
9.870
9.930
9.930
9.850
9.830
9.830
9.850
9.780
9.940
9.850
9.890
9.990
9.970
10.040
10.100
10.240
10.260
10.370
10.400
10.160
10.140
10.170
10.040
10.070
10.070
10.100
10.230
10.240
10.020
9.970
9.940
10.100
10.040
10.760
10.870
10.650
10.600
10.780
11.000
11.160
11.190
11.510
11.550
11.690
11.560
11.340
11.190
11.180
11.240
11.240
11.110
11.230
11.400
11.490
11.300
11.300
11.510
11.710
11.190
11.170
10.380
10.240
10.070
10.370
10.500
10.440
10.380
10.340
10.200
10.350
10.440
10.090
10.770
12.060
11.560
11.600
11.250
11.240
10.800
10.060
9.930
10.070
9.860
9.800
9.980
9.550
9.180
9.090
9.450
9.340
8.980
8.770
8.830
8.880
8.820
9.100
9.460
9.450
9.430
9.150
9.270
9.290
9.430
9.380
9.260
9.290
9.450
9.910
9.830
10.000
10.090
9.880
9.760
9.910
9.760
9.810
10.010
10.100
9.750
9.780
9.880
9.460
9.700
9.890
9.890
10.050
9.980
10.040
9.780
9.230
8.910
8.840
8.910
8.590
8.620
8.720
9.010
9.000
8.900
9.310
9.350
8.870
8.610
9.190
9.280
9.600
9.580
9.730
9.450
9.390
9.470
9.370
8.990
9.120
9.330
8.970
9.000
8.670
8.980
8.500
9.060
9.140
10.150
10.300
10.100
10.940
11.080
10.690
10.520
10.740
10.060
10.670
11.030
12.250
12.720
14.130
13.850
12.730
13.260
12.680
12.690
12.420
12.730
12.660
12.910
12.840
12.870
12.720
12.980
12.650
12.780
12.360
12.400
12.920
12.410
12.150
12.070
12.000
11.930
11.690
11.970
11.640
11.850
12.840
13.080
12.950
12.780
13.150
13.200
12.850
13.290
13.780
13.150
12.810
13.170
12.880
12.830
12.510
12.180
12.480
11.470
11.560
12.160
12.790
13.100
12.470
12.440
12.540
12.260
11.800
11.670
11.280
10.880
10.450
10.300
10.190
10.320
10.030
10.240
10.260
9.920
10.030
9.440
8.880
9.250
8.470
9.410
10.460
10.580
11.130
10.840
10.400
11.460
11.110
12.340
12.410
11.570
10.520
10.270
11.410
12.680
13.500
14.500
13.600
15.110
15.400
15.710
15.430
16.530
15.050
14.390
14.300
13.870
13.700
12.500
12.850
13.670
13.190
11.990
13.200
14.670
14.430
14.190
14.040
14.300
14.010
13.090
11.900
12.860
11.690
10.630
9.660
8.780
7.980
8.870
9.860
10.950
12.170
12.820
12.690
14.100
15.670
15.320
13.930
14.030
12.750
11.590
10.540
9.580
18.860
18.790
18.280
16.950
16.660
15.840
15.730
15.260
15.100
15.340
15.220
15.220
15.210
14.480
14.450
14.620
14.410
14.240
13.850
13.540
12.790
12.290
12.080
12.040
12.070
12.360
12.370
12.580
12.460
12.450
12.430
12.740
12.840
12.770
12.680
12.880
12.810
12.800
12.520
12.380
12.180
12.130
12.310
12.160
12.060
12.030
12.120
12.170
11.720
11.460
11.560
11.800
12.140
12.360
12.180
11.930
12.150
12.880
12.530
12.530
12.810
12.950
12.780
12.630
12.950
12.740
13.390
13.500
13.970
13.930
14.040
13.940
13.830
13.880
14.110
14.120
14.020
13.960
13.700
13.780
13.680
13.960
13.890
13.990
14.190
13.890
14.690
14.640
14.960
14.760
14.880
15.000
14.450
14.750
14.900
14.770
14.460
14.300
14.270
14.260
14.200
14.820
15.080
14.790
14.590
14.780
14.810
14.520
14.150
14.230
14.130
14.050
14.050
13.820
13.880
14.220
14.090
14.130
14.150
14.850
14.830
14.820
14.790
15.080
14.750
14.520
14.480
14.560
14.400
14.100
14.010
14.200
14.220
14.380
14.450
14.600
14.990
15.320
15.310
14.870
14.760
14.690
14.800
14.700
14.550
14.890
14.840
14.790
14.670
14.750
15.160
15.200
15.150
14.900
15.100
14.950
15.080
15.580
14.480
14.100
14.050
14.380
14.550
14.300
13.590
13.540
13.080
13.400
