40219.31
25531.58
18240.29
22265.62
27605.94
18726.92
18961.00
22621.87
28580.59
15434.95
30866.29
25960.36
24156.65
18721.78
19272.04
22377.89
21867.00
13378.95
20073.95
11192.13
35159.92
25851.32
7943.82
14090.19
39267.73
20320.19
12840.01
25932.66
19247.13
30608.04
22972.42
17410.33
11722.24
28609.25
37267.70
33643.23
15098.16
32084.09
46387.97
58759.25
27770.49
31114.70
17751.66
15826.20
20029.56
26382.96
24612.66
24231.10
12680.00
21545.00
29083.42
18739.62
25455.99
33623.49
34407.00
35388.70
45518.47
45361.02
35248.92
39232.01
52634.19
41599.83
27531.27
31846.70
21827.55
38693.84
45051.13
42066.76
41183.73
39834.42
45105.86
58783.66
70311.97
57059.67
86381.59
54603.86
56286.56
58460.48
27355.56
18709.29
24240.71
32366.19
64835.72
31595.76
26281.60
34065.80
26003.24
25368.63
39409.69
63535.68
37180.36
41406.98
36224.25
50380.82
31385.28
37971.01
62865.15
25589.32
35402.61
42454.67
58458.26
37776.56
15361.00
33333.34
12954.09
2.00
19540.47
23579.85
23856.86
30458.24
33731.71
21085.21
74342.67
57324.05
70808.61
63238.91
19753.49
22323.60
40576.97
106586.23
48707.79
60687.83
30571.62
27025.02
53853.93
61127.83
33610.53
46622.20
58228.26
72331.39
59814.75
107663.06
57838.91
35199.00
70652.67
42714.69
91844.47
56389.58
77189.22
49609.30
45799.38
78030.18
33029.78
41048.07
55465.49
37411.60
51449.20
71010.94
101044.97
76833.27
100049.21
113404.18
83313.75
74775.44
67577.12
116332.17
136082.66
55490.29
105854.61
96785.73
165405.45
80939.99
115512.15
42600.37
60356.28
57665.66
60974.42
59450.22
34886.54
42765.42
68204.98
66977.32
48500.50
30161.57
35456.12
44410.38
63446.93
46113.23
57181.60
111480.74
41763.22
66533.46
58201.83
31586.54
29968.20
50504.92
48467.48
66285.29
79627.91
67882.06
47315.22
86993.07
64817.13
53306.22
105927.97
112996.55
57372.66
116070.54
137854.66
80749.83
64868.65
39841.09
65018.95
39923.88
72992.23
75679.04
57301.16
84336.63
66571.97
126505.80
48629.22
89562.63
103624.07
53697.26
69473.77
28062.44
48313.79
51665.85
55853.03
81421.82
48496.31
56698.97
87711.14
29808.33
41636.68
52735.48
74418.61
96864.23
43837.57
66129.54
71870.18
83706.29
162969.02
145118.28
185905.92
57397.14
66952.12
70481.50
98325.91
111109.44
103007.52
85452.95
156014.86
182182.48
118214.28
156805.78
267982.06
317331.44
111496.40
90506.92
89337.26
71703.07
41223.28
56852.93
43976.56
56816.92
76153.54
60992.88
36541.09
57408.04
68129.30
56115.47
54855.63
58347.04
51934.37
60665.46
61030.14
44223.46
37586.73
62942.49
35098.94
36292.84
71234.85
80626.24
66995.67
73916.89
63879.06
74570.04
67604.74
110625.49
231134.12
58517.40
95655.52
133106.05
88029.00
126216.50
92625.27
120492.01
165857.77
114503.37
58343.29
73689.61
97633.30
85116.57
165185.59
153083.16
138625.44
70638.67
103436.20
151759.27
158546.53
166991.25
112585.14
113700.05
137379.53
125697.67
93705.90
108003.37
71222.04
46912.42
80318.91
52471.18
86783.54
53537.53
87820.31
164726.12
7489.94
32348.70
34583.22
36385.42
38445.42
47364.96
66052.30
42492.52
35948.99
51417.38
37263.82
60219.59
74456.75
90933.49
111821.63
45146.32
69746.48
64489.76
78441.26
31002.08
51192.40
39614.78
44684.50
55007.64
43515.43
47581.28
67315.78
132680.55
89575.90
88370.85
107846.99
148962.42
171434.34
107975.81
111510.31
112780.38
120730.92
117230.31
166762.73
163460.19
376447.97
11815.94
7467.30
1679.00
1385.72
110937.41
90219.64
153460.00
115701.91
80743.54
62205.26
80960.54
105996.20
135390.81
111247.89
130382.89
156375.69
209182.53
216700.92
201631.56
170769.11
206482.98
314780.09
78789.56
45776.95
55365.22
74962.05
50923.76
68389.76
54374.62
54223.25
70163.96
86544.57
42481.19
46997.14
66670.77
65750.53
79533.21
76205.87
54431.33
112523.63
87028.23
112277.27
67837.81
75923.46
68810.73
96602.59
131885.73
88402.83
62553.03
86485.75
75547.00
73397.55
68128.35
84065.96
78866.80
101582.34
42516.58
49940.96
91684.77
61865.85
68898.28
69656.05
66679.67
46169.26
54630.85
62158.98
90042.33
56288.33
89584.39
65279.56
96337.53
96835.79
97044.06
64491.66
84099.94
48029.47
50441.81
103880.80
137719.23
67115.20
47590.53
70301.37
74294.72
58805.83
72257.55
37884.53
79935.22
65861.51
84723.10
38222.29
56779.48
44972.14
77103.21
70309.60
54642.57
44471.89
56063.88
46891.05
41083.94
28660.55
36782.23
36491.70
45081.64
41581.29
46479.79
55718.60
64516.68
78544.50
83255.75
40518.70
40178.15
37861.00
993.00
45498.62
65617.51
85842.32
49823.42
16985.85
23635.70
26679.12
63147.90
69323.88
98277.64
59578.89
63200.44
110531.74
77902.72
63010.83
41225.27
62597.85
79033.17
85445.18
36944.86
36001.34
33303.57
21835.06
18684.90
23485.44
23006.07
26166.02
22696.88
28606.23
23985.39
30603.01
27609.67
62564.93
60821.04
28135.15
52409.34
17058.28
23331.44
25694.13
65795.40
51223.94
133565.41
38364.33
41118.16
53082.13
48272.57
29977.77
45733.08
72224.55
52249.00
82126.03
58515.38
79833.13
81973.80
154395.28
131251.77
44429.39
42833.31
49095.29
58075.96
28399.37
31679.93
18277.80
20745.54
26194.97
16440.25
34463.28
19790.42
40497.31
26383.84
41869.79
34112.46
36118.70
38910.83
73613.38
50214.26
44065.36
60125.65
43585.83
19541.06
25488.12
35201.21
41432.52
43682.34
31961.96
53926.60
32656.01
38597.45
72060.68
72743.52
117278.55
120113.44
84246.69
44622.36
42566.70
32831.16
51311.67
48364.95
35471.83
40088.42
51498.71
44453.31
50190.24
85682.10
65277.12
39510.51
54809.74
35537.80
43075.99
37419.16
55428.73
68628.48
40224.86
66007.83
95447.95
26663.70
22212.03
53543.35
30006.50
38961.50
51354.94
59853.12
132291.30
82459.23
109852.43
45676.83
38059.17
48301.94
62808.50
36338.44
58383.80
58123.01
55831.66
73281.08
38200.04
32057.36
54895.99
57374.58
34615.66
21071.47
38320.65
42493.28
46507.21
49924.58
49341.97
45718.41
40150.70
68622.85
49035.76
56936.56
67592.12
92151.93
133969.94
