8.800
8.810
8.820
8.670
8.610
8.630
8.600
8.620
8.610
8.560
8.540
8.710
8.650
8.650
8.620
8.660
8.600
8.610
8.470
8.520
8.620
8.650
8.570
8.590
8.530
8.480
8.550
8.610
8.690
8.660
8.630
8.790
8.910
8.890
8.970
9.050
8.970
8.880
8.800
8.770
8.910
8.640
8.570
8.590
8.680
8.710
8.690
8.760
8.770
8.820
8.450
8.660
8.460
8.480
8.630
8.740
8.900
9.030
9.050
8.960
9.010
9.060
9.130
9.060
8.970
8.990
9.410
9.530
9.400
9.510
9.480
9.600
9.800
9.800
9.910
10.070
10.060
9.900
9.960
9.850
9.900
9.960
10.000
9.880
9.730
9.900
9.910
9.940
9.900
9.990
10.090
10.160
10.070
9.980
9.850
10.010
9.960
10.200
10.400
10.200
10.350
10.280
10.100
10.130
9.970
10.120
10.110
10.130
10.290
9.920
9.950
9.920
10.410
10.630
10.720
10.550
10.410
10.680
11.110
11.220
11.220
11.800
11.480
11.670
12.200
11.350
10.980
10.810
10.560
10.620
10.490
10.980
10.970
10.760
10.590
10.720
10.700
11.060
10.800
10.560
9.600
9.540
9.470
9.560
9.740
10.060
9.800
9.800
9.900
9.790
9.790
9.940
10.050
10.050
9.960
10.070
10.000
10.000
10.100
10.350
9.410
9.310
9.460
9.440
9.520
9.500
9.250
9.120
9.060
9.080
8.990
9.040
8.980
8.960
9.020
9.110
9.070
9.100
8.870
8.970
8.960
8.930
8.820
8.820
8.620
8.640
8.670
8.770
8.660
8.610
8.580
8.650
8.500
8.530
8.480
8.740
8.700
8.720
8.690
8.640
8.600
8.630
8.770
8.810
8.760
8.810
9.160
9.200
9.170
9.170
9.220
9.080
9.120
9.030
9.010
8.820
8.750
8.910
8.990
8.880
8.730
8.780
8.730
8.750
8.830
9.040
8.730
8.710
8.990
8.820
8.720
9.000
9.020
8.980
9.070
9.030
9.110
9.140
9.230
8.950
8.960
9.050
9.100
9.100
9.090
9.060
8.600
8.630
8.740
8.710
8.780
8.450
8.310
8.180
8.280
8.300
8.280
8.440
8.240
7.880
8.180
8.350
8.370
8.230
8.080
8.060
8.070
7.760
7.830
7.780
7.820
7.800
7.980
7.910
7.930
7.980
8.150
8.280
8.280
8.430
8.670
8.400
8.370
8.840
9.250
9.220
9.350
8.720
8.790
8.950
8.880
8.880
9.000
8.830
8.840
9.300
9.370
9.380
9.530
9.350
9.350
9.340
8.950
9.180
9.090
9.150
9.000
8.650
8.700
8.500
8.760
8.810
9.030
9.080
8.830
8.690
8.480
8.200
8.000
8.160
8.310
8.120
8.060
8.050
8.280
8.170
8.000
8.310
8.190
7.790
7.620
8.260
8.280
9.050
9.060
9.240
9.150
9.210
9.300
9.020
8.460
8.780
8.890
8.570
8.490
8.260
8.460
8.060
8.360
8.240
8.950
8.700
8.430
8.840
8.710
8.400
8.250
8.450
8.280
8.540
8.530
9.300
9.090
10.090
9.970
10.320
11.390
11.540
11.300
11.220
11.650
11.600
11.550
11.870
12.050
11.710
11.500
11.120
11.260
10.850
10.670
10.770
10.950
11.100
11.580
11.550
11.070
11.010
10.670
10.640
10.710
11.630
11.550
11.510
11.510
11.910
12.060
11.460
11.110
11.320
11.120
11.320
11.470
11.600
11.300
11.420
11.020
11.010
10.060
10.040
10.450
10.290
9.980
10.050
10.160
10.130
9.970
9.310
10.340
10.080
10.240
9.840
9.490
9.860
9.600
8.920
8.820
8.470
8.430
8.370
8.640
8.500
8.950
8.830
8.750
8.700
8.390
8.240
8.740
8.020
8.650
9.610
9.690
10.110
9.590
9.430
9.480
9.100
10.010
10.900
9.950
9.850
10.310
11.450
12.720
13.680
13.330
13.100
14.550
14.520
14.550
14.360
14.790
14.560
13.790
13.390
13.620
14.190
13.270
13.720
13.680
14.250
13.800
13.530
15.030
15.600
15.580
16.200
15.270
14.780
13.570
13.050
11.860
13.180
13.320
13.330
14.290
14.700
13.820
15.350
17.060
18.200
17.900
17.200
19.040
19.990
20.200
21.780
21.280
21.080
20.880
20.230
21.130
22.300
20.980
21.580
22.230
22.700
22.550
20.500
18.800
19.620
18.880
18.350
16.680
15.160
14.660
14.500
14.660
15.000
15.410
14.970
14.990
31.900
32.610
32.320
31.780
31.380
28.990
29.660
29.640
29.310
31.060
32.130
31.800
30.000
31.690
32.750
32.860
33.180
31.000
30.740
31.190
30.500
28.580
28.380
25.800
26.050
25.410
25.280
25.890
24.510
22.280
21.720
21.650
21.700
21.550
21.590
21.340
21.830
21.840
22.300
22.830
22.180
21.730
22.130
22.490
22.490
21.650
21.900
22.130
21.830
21.430
21.400
21.400
22.240
22.200
22.400
21.960
21.380
21.740
21.890
21.660
21.280
20.430
21.120
21.120
20.230
19.670
19.860
19.610
19.360
19.580
19.350
19.990
20.110
19.990
20.110
19.920
19.410
20.010
20.330
19.820
19.580
19.440
19.260
19.130
19.990
20.370
20.270
21.100
21.260
20.810
20.670
21.010
20.010
20.610
21.380
22.230
21.980
22.780
22.910
23.240
21.950
22.250
21.650
20.250
19.950
19.650
19.590
19.480
19.440
18.800
18.660
19.270
19.370
19.780
19.870
20.350
20.220
20.000
19.990
19.610
20.100
20.300
20.010
19.620
20.020
20.050
20.700
21.100
21.300
21.250
21.600
21.480
21.620
21.650
21.070
19.990
19.950
19.780
19.810
19.790
19.780
19.820
19.810
19.620
19.620
19.580
19.090
18.870
19.660
19.250
19.080
19.040
19.160
19.330
19.080
19.070
19.070
18.640
18.530
18.540
18.500
18.750
18.870
18.820
18.950
19.170
19.360
19.260
19.400
19.140
19.330
19.390
19.470
19.980
19.060
18.970
19.020
19.400
18.750
18.710
18.630
18.650
18.500
18.040
17.740
17.790
18.210
17.910
18.100
18.090
18.660
19.420
19.590
19.610
19.760
19.680
19.670
