4.070
4.060
4.060
4.040
4.040
4.060
4.060
4.090
4.100
4.010
4.040
4.060
4.080
4.060
4.030
4.010
3.990
3.940
3.940
4.010
4.040
3.980
3.960
3.950
3.860
3.870
4.010
3.990
3.910
3.820
3.900
4.000
4.120
4.070
4.110
4.000
4.010
3.970
3.860
4.050
4.080
4.140
4.400
4.440
4.540
4.750
5.120
4.920
5.270
4.870
4.940
4.980
4.940
4.940
5.160
5.110
5.380
5.330
5.410
5.320
5.160
5.250
5.160
5.000
4.960
4.820
4.820
4.710
4.730
4.670
4.640
4.670
4.710
4.710
4.740
4.730
4.690
4.700
4.650
4.700
4.690
4.770
4.870
4.820
4.810
4.820
4.810
4.790
4.870
4.900
4.940
4.900
4.860
4.730
4.700
4.650
4.660
4.670
4.680
4.660
4.640
4.590
4.590
4.510
4.490
4.400
4.500
4.480
4.500
4.460
4.440
4.440
4.340
4.290
4.210
4.470
4.570
4.560
4.630
4.520
4.530
4.540
4.520
4.420
4.430
4.410
4.400
4.400
4.320
4.420
4.500
4.540
4.480
4.460
4.440
4.320
4.260
4.230
4.270
4.450
4.470
4.430
4.430
4.420
4.510
4.580
4.560
4.620
4.620
4.510
4.680
4.720
4.660
4.660
4.770
4.460
4.410
4.410
4.360
4.330
4.290
4.230
4.280
4.260
4.260
4.230
4.250
4.300
4.340
4.340
4.360
4.370
4.330
4.340
4.320
4.260
4.250
4.260
4.280
4.270
4.250
4.200
4.180
4.190
4.200
4.130
4.130
4.260
4.220
4.170
4.160
4.160
4.120
4.160
4.130
4.280
4.290
4.280
4.210
4.230
4.200
4.220
4.230
4.310
4.300
4.310
4.230
4.280
4.360
4.370
4.330
4.390
4.260
4.240
4.150
4.100
4.130
4.190
4.210
4.150
4.200
4.210
4.230
4.250
4.090
4.190
4.190
4.060
4.200
4.200
4.220
4.280
4.290
4.260
4.280
4.300
4.320
4.380
4.290
4.300
4.160
4.140
4.120
4.090
3.960
4.000
4.000
3.990
3.920
3.860
3.810
8.210
8.210
8.140
8.340
8.260
8.140
7.820
7.900
8.040
8.230
8.040
8.070
8.130
8.090
8.080
7.930
7.570
7.580
7.480
7.600
7.610
7.640
7.450
7.540
7.500
7.890
7.800
7.670
7.380
7.560
7.490
7.450
7.730
7.920
7.930
7.770
7.760
7.680
7.860
7.640
7.810
7.460
7.150
7.080
7.570
7.540
7.660
7.750
7.790
7.720
7.710
7.520
7.650
7.650
7.350
7.220
7.380
7.140
7.000
7.180
7.080
7.120
7.170
7.160
7.100
6.900
6.700
6.660
6.730
6.640
6.480
6.600
6.660
6.580
6.820
6.700
6.700
6.380
6.210
6.140
6.510
6.590
7.100
7.120
7.120
6.980
7.030
6.900
6.680
6.360
6.770
6.790
6.650
6.600
6.500
6.360
6.430
6.280
6.680
7.360
7.140
7.170
7.320
7.150
6.870
7.020
7.020
7.300
7.360
7.630
8.000
8.360
9.080
8.480
9.010
10.000
9.970
9.760
9.960
10.050
9.950
10.250
10.140
10.000
10.000
10.130
10.050
10.040
9.750
9.880
9.880
9.980
10.450
10.730
10.530
10.320
10.160
10.600
10.330
10.060
10.060
10.160
9.950
9.970
10.060
9.980
9.960
10.200
9.960
9.960
9.900
10.060
9.890
9.710
9.710
9.630
9.200
9.100
9.200
9.340
9.430
9.450
9.060
9.470
9.220
8.890
9.150
9.950
9.920
10.010
9.210
9.210
9.150
8.860
8.650
8.580
8.400
8.330
8.310
8.520
8.500
9.060
8.600
8.850
8.300
8.450
8.820
8.120
8.700
9.210
8.760
8.850
9.160
8.450
7.770
7.000
7.380
7.940
7.650
6.980
6.970
7.670
8.520
9.470
10.480
10.150
11.070
11.800
11.600
11.160
11.200
11.480
11.300
10.900
10.590
10.870
10.600
9.920
9.920
10.110
9.420
8.930
9.900
10.810
10.910
10.610
10.500
10.400
9.870
8.580
9.430
10.300
9.910
9.110
8.090
7.350
8.170
8.780
9.750
10.830
12.020
11.320
12.550
13.940
14.660
15.700
14.540
15.900
17.670
17.150
17.500
18.780
18.510
18.400
18.300
18.640
18.710
17.700
16.380
16.990
16.950
16.150
15.580
16.290
17.860
17.210
16.680
16.420
16.200
16.100
15.720
15.560
15.130
15.150
15.380
15.480
15.250
14.900
14.720
14.650
15.260
16.810
16.660
16.150
16.130
17.010
16.880
17.450
17.740
17.460
16.090
15.910
15.000
15.390
14.890
14.860
14.400
14.010
15.010
15.400
15.280
15.110
14.850
14.800
14.910
14.510
14.630
14.820
14.120
14.390
14.480
13.410
13.340
13.120
12.910
12.720
12.620
12.800
12.950
12.680
12.870
12.650
12.630
12.460
12.510
12.430
12.300
12.150
12.210
12.110
12.100
12.020
11.980
11.980
11.760
11.830
11.970
12.110
12.210
12.150
12.000
12.390
12.350
12.440
12.510
12.460
12.360
12.430
12.270
12.050
11.800
12.940
12.870
12.690
12.810
12.850
12.610
12.160
12.450
11.970
11.820
11.860
12.180
12.310
12.550
12.310
11.930
11.780
12.660
13.100
11.720
11.710
12.030
12.000
11.600
11.500
11.210
11.330
11.710
11.760
12.150
12.030
11.990
11.690
11.730
12.020
11.810
11.700
11.680
11.440
11.420
11.400
11.400
11.270
11.170
11.250
11.340
11.290
12.130
12.230
12.150
12.200
12.500
12.040
12.120
12.530
11.320
11.160
11.070
11.110
11.090
11.180
11.190
11.220
11.060
11.470
11.620
11.710
11.660
11.930
12.110
12.150
12.120
12.170
12.160
12.120
11.730
11.700
11.600
11.760
11.640
11.560
11.900
12.210
12.040
12.150
12.200
12.050
11.600
11.560
11.560
11.520
10.850
10.710
10.950
11.100
11.260
11.500
11.510
11.510
11.680
11.570
11.390
11.260
11.510
11.510
11.680
11.510
11.490
11.530
11.520
11.710
11.250
11.160
12.400
13.780
15.310
17.010
17.500
17.730
17.500
16.450
16.500
15.360
14.710
15.130
14.320
14.200
14.800
14.210
13.900
13.330
