-0.160
0.060
-0.230
0.040
-0.170
0.290
-0.100
-0.190
-0.170
0.790
0.190
-0.030
-0.020
0.000
-0.040
0.150
0.200
0.190
-0.330
-0.080
0.090
0.240
0.070
0.050
0.190
-0.440
0.260
-0.240
0.210
-0.110
-0.510
-0.180
-0.060
-0.240
0.010
0.140
0.230
0.060
-0.150
0.070
-0.020
-0.790
-0.450
-0.270
-0.050
0.130
0.320
-0.070
-0.050
0.080
-0.650
-0.180
-0.020
-0.280
-0.080
-0.380
-0.340
0.090
-0.180
0.060
-0.350
0.000
-0.050
0.260
0.030
-0.600
-0.340
-0.110
-0.260
0.460
0.250
-0.330
-0.010
-0.160
0.040
0.120
-0.310
-0.080
0.300
-0.010
0.030
-0.390
0.060
0.090
-0.450
-0.140
0.410
-0.300
1.600
0.010
-0.180
0.160
0.160
0.130
-0.390
-0.040
-0.020
-0.060
-0.240
0.710
0.240
-0.040
0.080
-0.150
0.230
0.000
0.100
0.060
-0.060
0.190
0.300
-0.240
0.080
0.090
-1.150
-0.470
-0.380
0.270
0.130
0.100
-0.240
0.330
0.030
0.170
0.080
-0.150
-0.090
0.050
-0.120
-0.330
0.200
0.120
-0.380
0.650
0.200
0.150
-0.360
-0.080
-1.130
0.020
-0.290
0.270
0.100
-0.200
-0.360
0.120
-0.160
-0.260
-0.200
0.280
-0.350
0.020
0.110
-0.110
0.060
-0.270
-0.060
0.020
-0.310
1.020
0.120
0.120
0.140
-0.120
-0.240
0.020
-0.350
-0.380
0.100
-0.100
0.060
0.010
-0.420
0.270
-0.110
0.230
-0.310
-0.180
0.300
0.080
0.320
-0.200
0.040
0.010
-0.270
0.290
-0.940
-0.510
0.510
0.170
-0.270
0.070
0.020
0.060
-1.100
-0.550
0.280
-0.130
-0.070
0.470
0.440
-1.040
0.590
-0.140
-0.140
-0.730
-1.390
-0.540
2.120
1.920
-0.480
0.310
-0.050
-0.490
0.950
1.150
-0.470
-0.340
0.090
0.620
0.020
0.040
0.360
-0.100
-0.370
0.800
-0.230
-1.150
0.150
0.020
-0.390
0.120
-0.010
0.220
-0.530
-0.310
0.160
0.300
0.200
0.010
-0.070
-0.400
0.030
-0.070
0.200
-0.480
0.290
-0.140
1.750
0.360
-0.240
-0.390
0.090
-0.340
-0.100
0.420
-0.220
0.540
-0.340
-1.980
0.120
-0.640
0.990
1.370
0.100
0.290
0.880
-0.690
-0.430
0.040
0.260
-0.660
0.290
-0.610
-1.910
0.220
-2.240
-2.490
0.030
-0.470
-0.020
-0.010
0.050
-0.080
0.100
0.130
-0.750
0.100
-0.400
-0.670
-0.130
-1.550
0.850
1.710
0.480
-0.390
-0.070
-0.430
-0.080
1.880
-0.240
0.140
0.200
-0.100
-0.160
-0.170
2.090
0.860
-0.200
0.280
1.310
0.790
0.350
1.450
0.960
0.780
0.670
0.790
-0.120
0.420
0.610
-0.360
-0.640
0.370
-0.120
0.280
-0.890
-0.130
0.780
0.350
-1.580
-0.340
-1.800
0.000
-0.320
0.610
-0.420
0.190
-0.130
0.290
-0.550
0.510
0.110
0.940
0.550
-0.410
0.240
0.000
-0.900
-1.920
0.090
0.000
-0.900
0.000
0.550
0.940
0.000
0.670
-0.420
0.110
-1.670
1.220
-2.060
0.310
-1.710
-2.450
0.200
-0.500
0.120
-0.030
-0.290
-1.900
-0.930
0.930
1.760
-0.310
1.800
-0.240
1.900
-0.860
-0.760
-0.590
-1.020
-0.030
-0.090
-0.670
1.160
0.640
2.190
0.220
-0.500
-0.320
1.960
0.360
1.220
0.520
0.010
-0.550
0.150
0.000
0.680
-0.290
0.360
0.060
1.650
0.400
-0.060
0.940
0.010
-0.930
0.180
0.350
-0.590
0.640
0.480
0.580
0.980
-1.370
0.180
0.140
-0.010
0.510
0.230
-0.170
0.760
0.390
0.450
0.170
-0.330
0.510
0.230
-0.530
0.200
-0.250
0.420
0.700
0.240
-0.140
1.030
-1.090
-1.270
0.000
-0.010
0.920
1.070
0.300
-1.150
-1.280
-0.560
1.150
0.450
-1.310
-1.460
-1.620
-1.800
-1.220
0.390
-2.090
1.900
1.730
0.470
-0.330
-0.360
0.690
0.320
0.600
0.410
1.410
-1.560
-0.880
-1.650
0.570
1.020
-0.690
0.060
1.560
0.540
1.370
1.250
1.130
1.030
-1.140
-1.230
-1.410
-1.560
-1.740
0.370
-1.890
-2.100
-1.340
0.370
-1.110
-1.420
-1.320
0.210
-1.380
-2.340
0.340
1.250
-0.380
1.960
1.320
-0.260
-0.890
-0.200
0.340
1.310
-0.230
-1.630
-0.270
0.710
2.080
1.660
0.430
0.260
0.610
-0.320
-1.150
-0.420
2.080
0.640
0.620
0.320
-2.140
-0.350
-0.480
0.220
0.010
-0.600
0.220
-0.280
-0.680
-0.510
0.350
-0.380
1.140
2.070
1.170
-1.000
0.750
1.800
0.500
-0.230
-0.670
0.330
1.640
-0.140
0.640
-0.350
0.140
0.220
-0.030
-0.620
-0.430
0.500
-0.290
0.100
-0.450
0.790
1.480
-0.640
0.000
1.410
1.280
1.160
1.060
0.940
0.870
0.040
0.020
0.100
0.280
0.040
0.170
0.140
-0.060
0.150
-0.010
-0.130
-0.150
-0.160
0.130
-0.040
0.010
-0.100
0.100
0.040
0.190
-0.060
0.060
0.280
0.170
-0.410
-0.030
0.180
-0.010
0.050
-0.110
0.010
-0.150
-0.070
-0.050
-0.040
0.110
-0.200
0.290
0.010
0.360
0.180
0.080
-0.570
-0.290
-0.250
-0.070
-0.040
0.130
0.070
0.040
0.290
-0.440
-0.020
-0.450
0.090
0.170
0.100
-0.280
-0.030
-0.040
0.080
0.030
0.130
0.000
0.150
0.010
0.090
0.070
0.060
-0.100
0.130
-0.390
0.060
-0.240
-0.160
-0.170
0.240
0.310
0.000
-0.170
0.170
0.080
0.290
0.190
-0.240
-0.300
0.380
0.000
-0.170
-0.410
0.050
-0.140
0.060
-0.070
-0.080
-0.020
0.110
0.140
-0.280
-0.280
0.070
0.120
0.330
0.280
-0.090
0.580
-0.030
-0.080
0.430
0.160
0.200
-0.010
0.220
0.000
0.020
0.240
0.260
0.040
0.010
0.000
-0.280
0.010
0.000
0.070
0.090
0.000
0.060
0.100
-0.060
0.000
0.020
0.080
0.010
-0.150
-0.020
-0.010
0.000
0.080
0.240
-0.130
-0.010
0.150
-0.020
0.200
-0.030
0.110
-0.030
-0.080
0.030
0.110
0.000
0.150
0.080
0.020
-0.160
0.010
