12.420
12.270
12.250
12.350
12.240
12.090
12.100
12.140
11.940
11.930
12.240
12.370
12.480
12.480
11.910
11.940
11.550
11.550
11.600
11.780
11.920
11.880
12.150
11.240
11.040
11.470
11.850
11.800
11.980
11.660
11.970
13.100
13.540
13.960
14.300
14.100
13.970
14.050
14.140
14.080
13.860
13.940
13.980
14.070
14.550
13.870
13.800
13.720
13.540
13.800
14.290
14.580
14.040
13.980
14.690
14.790
15.380
15.730
16.100
16.550
17.060
17.230
17.540
17.450
17.490
17.220
16.970
16.750
16.600
16.250
15.900
16.080
16.120
16.130
16.390
16.480
16.250
16.560
16.180
16.160
16.290
16.650
16.740
16.790
17.000
17.390
17.490
17.320
16.760
15.490
15.620
15.660
16.390
15.300
14.250
14.280
14.550
14.440
14.400
14.700
14.800
14.890
14.850
14.450
14.230
14.120
14.090
14.190
14.160
14.070
14.120
14.070
14.160
15.670
16.060
16.280
16.430
16.790
16.350
16.640
16.780
16.990
17.500
16.150
16.180
16.280
16.280
16.230
16.340
16.400
16.360
15.990
16.260
16.430
16.290
16.460
16.520
17.870
18.010
18.280
17.990
17.730
18.000
18.500
18.700
18.500
18.700
18.820
18.520
18.680
19.050
19.530
18.980
19.000
19.080
19.320
19.250
18.700
18.380
18.370
18.370
18.360
18.720
19.050
19.100
19.110
19.340
19.520
19.600
19.660
19.470
19.800
20.190
20.310
20.450
20.700
20.480
20.750
20.950
20.650
20.220
19.770
19.890
20.080
20.050
20.370
20.370
20.280
20.230
20.100
20.090
20.270
20.250
20.460
21.620
21.880
21.940
21.440
21.450
20.620
20.700
21.000
21.090
20.850
21.050
20.680
19.960
19.730
20.150
20.220
20.160
20.450
20.720
20.460
19.490
19.900
20.080
20.080
21.450
20.600
21.370
21.220
20.850
21.900
21.490
21.440
21.860
20.900
21.230
20.980
19.800
19.060
19.280
19.430
20.200
19.900
19.300
18.560
18.900
18.390
18.290
18.240
18.160
18.350
18.580
18.350
18.660
18.310
18.840
18.640
18.680
18.210
19.500
20.790
21.190
21.400
19.530
19.660
19.700
19.570
18.790
18.570
17.500
17.200
17.340
17.160
16.600
17.030
16.900
17.500
16.670
16.550
16.400
18.540
18.470
18.460
20.580
20.960
20.400
20.490
20.200
20.380
19.990
18.200
18.140
18.290
18.170
20.250
20.780
32.970
31.870
31.780
32.030
31.540
30.600
30.010
32.350
32.890
33.250
31.940
32.220
30.700
29.850
31.280
30.080
30.100
29.350
29.330
29.660
29.380
27.210
26.890
27.350
26.780
25.870
25.850
25.920
25.250
24.360
25.490
27.260
26.530
25.300
27.190
28.550
31.160
33.580
33.310
34.200
33.680
33.380
33.350
33.250
31.530
31.580
32.570
30.800
30.000
28.500
28.110
30.080
30.990
34.550
34.300
33.660
34.990
35.030
32.600
31.600
32.500
32.600
35.210
32.010
31.500
29.850
31.190
34.000
34.880
35.500
34.500
36.950
38.670
37.870
40.010
42.630
42.770
43.890
45.370
41.700
43.400
44.850
46.700
48.600
47.840
43.990
41.750
42.700
39.790
39.800
40.950
39.080
35.530
34.200
33.550
33.880
33.330
33.800
34.280
32.450
31.770
29.100
27.390
28.160
29.290
30.630
30.690
28.830
26.480
26.190
25.600
24.890
24.600
23.680
24.600
25.290
25.820
26.100
26.390
26.840
27.550
27.190
29.000
27.190
26.240
24.530
22.580
21.560
20.700
20.920
22.650
23.150
22.500
21.180
20.100
20.300
19.720
17.960
18.320
16.850
17.340
17.450
17.980
17.780
17.360
16.930
17.000
17.260
16.300
16.360
16.200
16.700
18.250
18.300
17.350
15.800
16.140
16.250
17.050
17.840
18.780
19.200
18.600
18.600
18.520
18.350
17.750
17.630
17.300
16.660
16.670
17.650
17.800
17.850
17.280
17.760
17.940
17.400
17.790
17.700
17.310
17.530
17.490
17.640
17.240
17.050
17.080
16.560
16.150
16.390
16.580
16.350
16.240
17.250
17.500
17.080
17.450
18.070
16.800
16.780
17.050
16.800
16.490
16.190
16.100
16.190
15.670
16.120
16.550
16.790
17.050
16.900
16.980
17.240
16.120
16.050
15.990
16.400
16.630
16.240
16.390
16.100
15.050
14.870
15.090
15.150
15.240
15.100
14.890
14.060
14.410
14.960
14.700
14.550
14.590
15.170
15.280
15.630
15.890
15.760
16.130
16.650
16.750
