4.160
4.500
4.790
4.770
4.730
4.730
4.910
4.990
5.020
5.050
5.010
4.930
5.040
4.970
4.820
5.040
5.210
5.130
5.110
5.600
5.610
5.720
5.630
5.570
5.610
5.850
6.070
6.130
6.280
6.050
6.210
6.170
6.150
6.150
6.210
6.220
6.160
6.140
6.040
6.020
5.940
5.950
6.060
6.080
6.120
6.070
6.100
6.140
6.190
6.210
6.210
6.220
6.230
6.280
6.330
6.340
6.340
6.330
6.270
6.260
6.200
6.280
6.350
6.340
6.330
6.430
6.300
6.300
6.200
6.180
6.190
6.170
6.180
6.300
6.340
6.310
6.240
6.180
6.180
6.200
6.150
6.170
6.060
6.040
6.030
5.990
5.870
5.900
5.960
5.810
5.620
6.150
6.140
6.160
6.240
6.280
6.320
6.380
6.360
6.390
6.350
6.350
6.470
6.380
6.160
6.250
6.450
6.440
6.500
6.660
6.630
6.680
6.140
5.810
5.920
6.440
6.560
6.560
6.600
6.400
6.560
6.710
6.730
6.800
7.050
6.900
7.130
7.260
7.300
7.330
7.390
7.470
7.410
7.270
7.340
7.410
7.450
7.250
7.690
7.600
7.780
7.550
7.700
7.580
7.530
7.730
7.800
7.700
7.700
7.560
7.440
7.330
7.370
7.420
7.300
7.120
6.510
6.320
6.330
6.580
6.530
6.600
28.350
28.500
29.190
29.150
30.360
30.320
29.420
28.360
27.560
29.030
29.200
30.110
30.110
30.500
30.380
30.990
30.750
32.260
32.480
33.410
31.710
32.160
31.980
31.510
31.200
30.930
30.630
30.510
29.010
28.310
29.000
29.350
28.110
26.690
27.600
27.710
27.610
27.370
26.030
25.900
25.800
25.750
28.000
27.720
29.250
30.700
30.900
30.310
29.870
30.700
30.670
30.610
29.850
30.710
31.710
31.330
32.500
32.140
31.910
32.300
32.000
33.700
33.600
33.010
31.020
30.820
28.700
27.830
25.300
22.860
22.880
22.300
20.800
20.920
21.000
20.320
19.850
19.400
19.350
19.120
17.620
17.560
18.100
17.350
17.860
17.820
17.150
16.370
16.590
16.360
17.420
17.800
17.660
16.200
17.280
17.210
17.670
19.630
20.700
20.350
18.900
18.960
18.830
19.450
19.650
19.200
19.120
18.950
18.660
20.450
19.960
20.580
21.450
20.770
18.700
19.000
18.630
17.550
17.250
16.000
15.190
15.600
14.700
14.600
15.250
15.400
15.400
15.650
15.820
15.480
15.030
14.450
14.310
12.920
13.860
13.200
13.430
13.400
13.010
13.600
13.140
14.110
13.520
12.810
12.890
13.800
15.020
16.180
15.900
15.710
15.400
15.500
15.200
14.700
13.610
14.600
14.860
14.150
13.900
13.520
13.000
12.870
13.500
14.650
15.920
15.350
15.830
16.880
16.360
15.230
15.600
15.600
16.350
16.030
17.620
18.400
20.440
21.670
21.650
24.060
26.040
25.430
23.550
23.500
24.430
23.000
24.700
24.670
24.690
24.990
25.770
24.800
24.000
23.170
23.600
23.500
22.670
23.400
23.000
23.840
21.990
20.970
23.100
22.910
24.550
27.100
27.280
26.710
26.580
26.800
25.300
25.430
25.130
23.120
23.400
24.890
24.050
24.180
23.480
23.050
22.190
20.450
20.010
20.300
20.500
21.000
22.300
21.200
21.500
19.750
17.140
17.350
18.010
18.000
17.240
16.030
16.160
16.010
15.010
14.060
13.720
13.410
13.050
13.030
12.800
12.960
13.590
13.100
13.420
12.280
12.610
13.220
12.600
13.650
14.900
13.790
15.320
17.020
18.910
20.470
19.020
19.020
17.280
19.200
20.740
19.800
19.280
21.150
19.470
17.700
16.090
17.880
19.870
19.030
21.140
23.490
25.910
27.800
26.490
29.430
32.550
30.300
31.800
34.980
37.900
35.450
33.310
33.800
35.000
35.050
36.710
38.410
38.100
37.200
30.700
31.010
28.610
28.940
27.100
28.780
27.620
25.900
26.330
25.850
25.880
27.480
27.600
28.200
25.610
25.050
24.350
24.900
25.250
25.800
24.800
22.410
23.000
24.580
23.920
25.070
24.810
23.600
24.300
26.300
24.490
24.280
24.500
25.230
25.680
24.560
26.680
27.850
25.800
23.890
22.800
19.440
20.790
20.300
20.090
20.500
18.480
17.330
17.180
17.360
17.680
17.200
17.180
16.410
16.160
16.750
14.720
14.600
14.100
13.710
13.400
12.180
11.070
9.930
9.910
10.060
10.280
10.270
10.060
9.900
9.950
10.480
10.650
10.800
11.220
11.500
11.240
10.950
10.100
10.340
10.850
11.110
11.500
11.150
11.600
11.590
12.170
12.440
12.660
12.800
12.330
12.010
12.180
11.890
11.790
11.700
11.670
11.590
11.970
11.940
12.260
12.700
12.400
12.350
12.400
12.400
12.500
13.010
13.010
12.560
12.230
12.210
12.250
12.800
13.280
12.920
12.500
12.700
12.800
12.950
12.450
13.190
13.530
13.150
13.250
12.700
12.300
11.750
11.440
11.130
11.480
11.640
11.550
11.280
11.500
10.830
10.550
10.660
10.580
10.400
10.520
10.250
9.280
9.050
8.910
8.750
8.700
8.700
8.780
9.100
8.910
8.850
8.970
9.070
9.160
9.070
9.010
8.890
9.010
8.970
8.730
8.740
8.700
8.680
8.600
8.700
8.780
8.850
8.750
8.670
8.590
8.470
8.700
8.890
8.700
8.680
8.490
8.480
8.650
8.620
8.740
8.690
8.670
8.410
