11.460
11.460
11.470
11.430
11.360
11.310
11.270
11.300
11.210
11.180
11.250
11.490
11.350
11.310
11.260
11.220
11.250
11.070
11.160
11.130
11.150
10.960
10.910
10.970
10.830
10.880
11.090
10.820
10.700
10.000
10.820
11.040
11.360
11.440
11.560
11.380
11.540
11.580
11.560
12.000
12.160
12.180
12.410
12.710
12.450
12.320
12.350
12.100
12.300
12.210
12.000
12.280
12.350
12.280
12.520
12.790
13.010
13.100
13.030
12.920
12.980
13.130
13.140
13.000
12.920
12.910
13.110
13.170
13.210
13.010
13.020
13.060
13.180
13.160
13.250
13.330
13.310
13.350
13.320
13.350
13.380
13.450
13.450
13.380
13.200
13.320
13.310
13.320
13.350
13.350
13.260
12.910
13.260
13.120
13.100
13.240
13.300
13.240
13.310
13.280
13.300
13.300
13.250
13.100
13.110
13.170
13.060
13.050
12.990
12.850
12.830
12.960
12.620
12.770
13.220
13.300
13.480
13.570
13.530
13.490
13.720
13.510
13.440
13.320
13.170
13.230
13.400
13.350
13.450
13.370
13.490
13.300
13.290
13.360
13.320
13.300
13.130
13.100
13.770
13.860
13.830
13.870
13.820
13.880
14.070
14.060
14.220
14.360
14.150
14.410
14.500
14.620
14.550
14.510
14.250
14.170
14.050
14.030
14.110
14.100
13.850
14.010
13.780
13.680
13.620
13.650
13.610
13.710
13.800
13.760
13.720
13.600
13.700
13.690
13.690
13.680
13.790
13.840
13.800
13.790
13.640
13.510
13.500
13.500
13.500
13.500
13.730
13.730
13.720
13.680
13.910
13.600
13.890
13.800
13.750
13.700
13.800
13.500
13.610
13.520
13.640
13.740
13.810
13.820
13.820
13.500
13.800
13.870
13.920
14.070
14.110
14.180
14.250
13.930
13.810
13.800
13.900
13.980
13.670
13.450
13.350
13.200
13.130
12.980
13.360
13.300
13.290
13.860
13.730
13.700
13.840
13.850
13.740
13.650
13.820
13.900
14.040
13.510
13.550
13.510
13.570
13.520
13.560
13.420
13.530
13.380
13.310
13.140
13.250
12.870
13.020
12.760
12.730
12.540
12.660
12.600
12.300
12.300
12.390
13.060
13.140
12.910
12.650
12.610
12.760
12.330
12.230
12.400
12.160
12.430
12.440
12.200
12.020
12.080
12.000
12.490
12.400
12.560
12.350
12.990
12.870
13.000
13.800
14.500
14.010
13.560
13.240
13.800
13.760
13.510
13.340
13.550
13.410
13.270
13.750
13.080
13.110
13.250
13.300
13.300
12.730
12.300
12.260
12.420
12.360
12.030
12.150
12.360
12.240
12.750
12.720
13.070
11.810
11.610
11.500
12.070
12.000
12.900
12.910
13.090
12.900
12.910
12.800
12.330
11.880
12.440
12.390
12.090
11.800
11.800
11.650
11.600
11.570
12.330
13.320
12.990
13.010
13.400
13.160
12.720
13.070
13.060
13.530
13.500
14.060
14.400
15.390
16.210
15.450
16.510
18.220
18.170
17.770
18.000
18.530
18.540
18.600
19.120
19.600
19.050
18.780
18.430
18.310
18.150
17.850
18.220
18.010
17.810
17.150
17.030
17.100
16.680
16.700
15.810
16.890
18.540
18.400
18.160
17.900
17.430
17.100
17.100
17.610
17.020
17.400
17.900
18.070
18.050
17.460
17.800
17.210
17.000
16.700
17.240
17.010
16.810
16.820
16.010
16.680
15.810
15.120
15.430
16.660
16.320
14.420
14.400
14.160
13.800
13.900
13.960
14.370
14.420
14.130
14.460
13.600
14.000
14.300
13.500
13.810
14.700
14.660
14.770
14.650
13.720
14.150
12.610
13.550
14.940
15.210
14.360
14.010
14.290
15.880
17.510
18.790
17.310
19.130
20.550
21.400
21.210
21.160
19.020
18.280
17.900
17.540
18.250
18.030
16.880
16.920
17.200
17.190
16.320
18.130
19.920
20.410
20.280
19.590
19.950
19.210
16.950
18.550
20.580
19.950
18.650
16.470
14.270
15.680
14.580
13.960
15.220
16.280
14.960
16.520
18.360
20.000
21.350
20.430
22.700
25.180
24.980
25.000
26.600
28.200
28.220
28.050
27.200
28.300
30.400
28.000
26.520
25.920
25.030
25.100
27.740
76.210
75.500
68.810
68.100
60.100
58.000
54.770
52.790
51.500
51.820
50.270
50.800
48.370
47.600
47.100
47.210
46.500
46.550
48.650
48.110
48.000
51.380
49.020
47.030
45.000
42.580
40.800
41.400
37.690
38.880
40.060
38.840
37.890
36.000
37.500
37.690
35.680
35.400
34.300
34.000
33.780
34.200
34.470
34.060
33.530
33.960
33.700
32.360
31.000
30.810
29.500
29.080
29.170
28.930
28.770
28.200
28.700
28.700
29.020
29.110
28.590
28.500
28.600
28.810
29.200
28.900
28.500
28.650
28.530
28.710
28.780
28.020
27.000
26.790
26.810
26.580
26.130
26.500
26.510
27.000
26.860
25.960
26.000
25.900
25.630
24.750
24.000
26.020
25.770
25.670
25.690
25.950
26.010
26.680
26.800
26.650
25.470
25.050
25.260
25.360
26.050
26.240
25.830
25.250
25.390
25.520
26.320
25.900
26.820
27.170
26.600
25.330
24.640
24.660
25.110
24.890
25.380
24.700
24.050
23.920
24.500
24.940
24.670
24.500
24.400
24.210
24.280
23.950
23.930
23.960
23.900
23.670
24.300
24.170
25.180
25.220
25.360
25.510
25.300
25.000
24.150
23.950
23.880
23.040
22.900
23.100
23.280
23.700
23.600
23.400
22.760
23.260
23.210
23.310
23.140
23.470
24.000
24.030
24.230
23.600
23.320
23.500
23.300
23.080
23.330
23.710
23.300
23.040
23.100
22.650
22.100
21.890
21.520
21.510
21.680
21.460
21.450
21.160
20.920
20.860
20.710
20.680
20.690
21.330
21.370
21.160
21.510
21.460
21.580
21.500
21.180
21.070
20.860
20.620
20.550
20.530
20.850
20.820
20.350
20.330
20.400
20.330
20.160
19.960
19.730
19.690
19.650
19.620
19.720
20.010
20.270
20.260
20.400
20.310
20.220
20.180
20.100
20.040
