6.440
6.480
6.460
6.520
6.450
6.440
6.390
6.480
6.350
6.260
6.230
6.330
6.310
6.210
6.260
6.250
6.200
6.220
6.170
6.280
6.310
6.390
6.250
6.240
6.190
6.140
6.370
6.230
6.320
6.290
6.180
6.250
6.370
6.520
6.650
6.580
6.430
6.380
6.330
6.340
6.620
6.600
6.730
6.830
7.070
6.930
6.630
6.600
6.350
6.380
6.380
6.670
6.670
6.760
6.820
7.020
7.200
7.280
7.370
7.350
7.240
7.600
7.740
7.900
7.760
7.050
7.600
7.880
7.560
15.820
16.320
16.900
16.190
16.200
16.270
16.650
16.190
16.320
16.300
16.130
15.490
15.710
15.780
15.830
15.530
15.190
15.270
15.300
15.140
15.520
15.720
15.690
15.740
15.020
14.810
15.330
15.140
15.700
15.780
15.370
15.360
15.400
15.320
15.570
15.190
15.280
15.270
15.270
14.400
14.510
14.400
14.120
13.820
14.010
13.670
14.650
15.190
15.150
15.820
15.700
15.550
16.200
17.000
15.800
14.360
14.520
14.280
13.710
13.580
13.610
13.780
13.980
13.800
13.750
13.810
13.600
13.550
13.630
13.700
14.380
14.490
14.930
14.140
14.220
14.100
14.480
14.310
14.620
14.630
14.450
14.280
14.600
14.500
14.640
14.140
14.410
13.870
13.700
13.720
13.480
13.530
13.460
13.770
13.440
13.500
13.270
13.220
13.280
13.470
13.490
13.660
13.240
13.140
13.090
13.020
13.020
12.850
13.030
13.010
13.070
13.140
13.130
12.840
12.800
12.690
12.940
12.940
13.240
12.920
12.790
12.800
12.850
12.780
12.800
12.560
12.660
12.900
12.860
12.890
12.690
12.600
12.920
13.240
13.210
13.210
13.290
13.540
13.350
13.200
13.250
13.380
13.420
13.410
13.460
13.070
12.890
12.710
13.070
13.140
13.090
13.130
12.590
12.590
12.680
12.620
12.500
12.930
12.620
13.150
13.400
12.610
12.610
12.210
12.290
12.200
12.250
12.260
12.370
12.170
12.080
11.880
11.840
11.940
11.760
11.690
11.500
11.520
11.600
11.590
11.480
11.310
11.530
11.780
11.800
11.750
11.670
11.300
11.510
11.080
10.920
11.450
11.650
11.820
11.610
11.550
11.550
11.600
10.950
11.150
11.160
11.120
11.100
10.820
10.770
10.330
10.290
10.520
10.640
10.400
10.340
10.300
10.310
10.250
10.530
11.030
11.030
10.950
10.630
10.660
10.660
10.710
10.530
10.620
10.510
10.610
11.310
11.490
11.390
11.430
11.430
11.360
11.240
10.980
10.950
11.110
11.150
10.850
10.950
10.850
10.440
10.720
10.780
10.710
10.920
10.860
11.030
10.890
10.530
10.110
10.300
10.330
10.010
9.940
10.050
10.280
10.310
10.090
10.450
10.480
9.890
9.600
10.190
10.130
11.250
10.780
10.770
10.430
10.430
10.520
10.450
10.020
10.180
10.340
10.220
10.270
9.650
9.750
9.410
9.880
9.930
10.780
10.620
10.550
10.870
10.920
10.550
10.340
10.880
10.510
10.620
10.410
11.510
11.310
12.530
12.180
12.510
13.890
14.030
13.970
13.800
14.390
14.210
14.470
14.360
14.270
13.830
13.980
13.700
13.690
13.680
13.250
13.330
13.410
13.320
13.730
13.630
13.830
13.660
13.660
13.600
13.430
14.690
14.800
14.600
14.270
14.280
14.440
13.970
14.290
14.530
14.120
14.560
14.920
15.170
15.690
15.110
15.030
14.820
13.990
14.130
14.250
14.520
14.290
14.380
14.310
14.650
14.100
12.960
14.200
12.910
12.730
12.730
12.660
12.070
11.840
11.480
11.280
11.180
11.300
11.130
11.720
11.480
11.770
11.650
11.180
10.900
11.080
10.070
11.010
12.230
12.060
12.450
12.060
11.430
11.180
10.970
12.190
12.920
11.980
11.200
11.180
12.420
13.800
15.190
16.030
15.880
17.640
17.100
17.450
17.210
18.460
16.780
15.920
15.100
15.560
15.680
14.430
15.810
15.480
15.850
14.790
14.500
16.110
16.520
16.300
15.140
15.230
15.190
14.190
13.580
15.090
15.040
13.670
12.430
11.300
11.820
13.130
12.700
14.080
15.440
17.160
16.100
17.890
19.880
21.160
20.650
19.720
21.900
23.400
23.250
24.700
25.390
25.390
24.410
22.190
22.320
22.820
22.200
22.800
23.550
22.180
20.720
21.240
23.600
22.760
20.690
20.050
20.280
20.120
19.390
18.440
18.240
18.970
19.190
18.570
18.540
17.680
16.810
17.220
17.500
18.520
18.390
18.200
17.940
18.880
18.760
19.120
18.580
18.130
17.460
18.200
18.210
17.800
19.130
19.680
19.710
20.100
21.210
19.280
18.630
17.990
16.350
16.650
16.170
16.400
16.490
16.180
16.360
15.550
15.100
15.220
15.520
15.520
15.400
15.710
16.100
15.750
15.220
14.900
14.880
14.900
15.190
15.120
15.340
14.910
14.770
14.880
14.560
14.140
14.180
14.840
14.780
14.870
13.520
13.860
14.480
14.420
14.960
14.910
14.210
14.520
14.430
13.730
13.250
13.840
13.410
13.570
13.090
12.660
13.100
13.490
13.100
13.340
13.090
12.630
12.410
12.790
12.890
12.900
12.830
12.470
12.480
13.490
13.700
13.790
14.210
14.580
14.350
14.220
14.000
13.770
13.590
13.670
14.150
13.990
13.760
13.700
14.170
14.460
14.080
14.030
13.950
13.880
13.850
14.150
13.750
13.700
13.470
13.490
14.050
14.170
15.730
15.610
15.470
15.800
15.520
16.390
16.260
16.580
15.770
15.660
15.300
15.130
15.460
16.110
15.910
15.950
16.250
16.300
17.200
16.790
17.310
16.270
16.220
16.730
16.850
16.780
16.770
16.000
16.200
16.270
14.790
15.230
15.140
15.130
15.140
16.820
16.850
16.370
16.800
17.710
16.280
16.210
16.510
15.950
14.500
13.810
12.550
13.420
12.200
11.490
11.000
10.940
11.160
11.200
11.240
11.030
10.160
10.220
10.290
10.320
10.230
10.060
10.240
10.300
10.110
9.950
10.150
10.080
10.150
10.060
9.760
9.570
9.440
9.550
9.460
9.530
9.510
9.630
9.720
9.580
9.500
9.500
9.630
9.670
