8.150
8.040
8.110
8.090
7.950
8.030
7.960
8.250
7.750
7.620
7.730
7.830
8.170
7.460
7.390
7.360
7.410
7.290
7.290
7.360
7.430
7.400
7.310
7.320
7.170
7.260
7.390
7.260
7.230
7.150
7.320
7.530
7.560
7.560
7.620
7.480
7.320
7.280
7.240
7.730
7.720
7.750
7.910
8.040
8.060
8.060
7.950
7.990
8.050
8.130
8.390
8.470
8.630
8.650
8.780
8.700
8.750
8.840
8.870
8.770
8.930
9.230
9.060
9.000
9.400
9.360
9.780
9.360
8.590
8.550
8.530
8.630
8.700
8.720
8.860
8.860
8.880
8.850
8.810
8.860
8.880
8.930
8.990
9.100
9.480
9.630
9.030
8.840
8.850
8.840
8.770
8.810
8.700
8.590
8.660
8.670
8.680
8.740
8.690
8.690
8.660
8.620
8.620
8.620
8.590
8.560
8.500
8.520
8.500
8.420
8.300
8.440
8.430
8.840
8.970
9.050
9.240
9.320
9.300
9.280
9.350
9.360
9.200
9.130
9.230
9.240
9.130
9.080
9.130
9.130
9.100
9.050
9.080
8.960
8.910
8.910
8.900
9.480
9.590
9.630
9.590
9.580
9.570
9.910
9.940
9.970
10.460
10.420
10.500
10.300
10.410
10.360
10.270
10.420
10.350
10.380
10.250
10.340
10.230
10.190
9.920
9.930
10.000
9.820
9.740
9.780
9.880
9.900
10.010
10.090
10.090
9.930
10.150
9.820
9.700
9.820
9.780
9.900
9.920
9.860
9.850
9.760
9.790
9.550
9.520
9.930
9.740
9.800
9.730
9.790
9.920
9.470
9.570
9.740
9.920
9.780
9.830
9.770
9.830
9.870
10.270
9.690
9.630
9.570
9.630
9.560
9.640
9.700
9.970
10.030
10.040
10.050
9.940
9.910
9.800
9.880
9.910
9.940
9.940
9.510
9.540
9.670
9.430
9.500
9.770
10.070
10.870
10.900
10.830
11.010
11.340
11.560
11.340
10.430
10.570
10.680
10.250
10.400
10.840
10.790
11.480
11.280
10.760
10.840
11.090
10.820
10.090
9.500
9.240
9.360
9.360
10.180
9.640
8.850
8.580
8.710
8.710
8.880
8.800
8.690
8.630
8.840
8.880
9.350
10.040
9.790
9.860
9.870
9.900
9.570
9.820
9.800
9.730
9.340
9.400
10.000
9.990
10.100
10.170
10.170
10.090
10.830
10.790
10.800
10.870
11.100
11.200
11.480
11.490
10.840
10.480
9.640
9.850
9.190
8.980
8.960
8.990
8.830
8.450
8.560
8.320
8.260
8.060
7.950
8.050
8.190
7.990
7.980
8.040
7.880
7.540
8.040
8.150
8.830
8.930
9.350
8.580
8.510
8.670
8.300
8.280
7.920
7.990
7.950
7.740
7.740
7.480
7.700
7.360
7.730
8.430
8.520
8.550
8.870
8.900
8.990
8.760
8.990
8.720
8.950
8.910
9.400
10.100
10.500
10.820
11.270
12.680
12.770
12.500
12.460
13.250
13.300
13.490
13.670
13.960
13.980
14.250
14.520
13.400
13.000
12.680
12.950
12.920
13.100
13.100
13.410
13.650
13.100
13.180
12.980
12.360
12.720
12.660
12.250
12.000
12.230
11.960
11.750
12.230
12.680
12.480
12.890
12.110
11.250
11.580
10.920
10.050
10.140
9.820
9.500
9.590
9.900
9.970
10.150
10.190
10.700
10.750
10.500
10.950
10.150
10.300
10.110
10.250
9.960
9.140
9.220
8.800
8.260
7.920
8.050
7.920
7.980
8.250
8.370
8.400
8.070
7.960
7.640
7.980
7.900
7.500
8.490
8.530
8.700
8.790
8.300
8.060
8.070
8.520
9.150
8.990
8.650
9.270
9.190
10.280
11.940
12.290
11.500
12.680
12.640
12.780
12.210
12.280
11.980
11.980
11.460
11.450
11.000
10.010
9.920
10.140
10.590
10.290
10.000
11.060
11.330
11.360
10.620
10.870
10.200
9.350
8.880
8.240
7.490
6.810
7.980
10.250
10.100
11.650
13.300
12.990
14.480
15.200
16.280
16.260
15.980
16.500
17.960
17.750
17.220
18.480
19.200
19.450
18.250
17.950
16.850
16.950
16.830
16.300
16.080
15.250
15.220
16.300
17.000
17.140
17.480
16.100
15.090
14.630
14.600
13.450
13.700
13.790
13.880
13.600
13.390
13.190
12.490
12.500
12.150
12.220
12.430
11.310
11.100
11.350
11.450
11.380
11.500
10.590
10.780
11.330
11.580
11.870
12.330
12.240
12.270
11.330
11.500
10.950
10.420
10.110
9.750
9.590
9.790
9.600
9.880
9.760
9.310
9.220
9.350
9.370
9.080
8.450
8.400
8.250
8.290
8.410
8.470
8.270
8.210
8.260
8.050
7.640
7.380
7.250
7.290
7.360
7.170
7.180
7.090
6.880
6.850
6.610
6.630
6.590
6.610
6.760
6.810
6.750
6.730
6.880
6.930
6.850
6.990
6.940
6.980
6.810
6.780
6.580
6.560
6.590
6.560
6.550
6.570
6.650
6.780
6.760
6.810
6.820
6.650
6.650
6.640
6.700
6.770
6.830
6.730
6.760
6.940
7.070
7.110
7.220
7.370
7.310
7.240
7.150
7.120
7.230
7.280
7.570
7.640
7.560
7.540
7.550
7.680
7.780
7.700
7.520
7.490
7.330
7.430
7.360
7.590
7.620
7.450
7.630
7.010
7.220
7.140
7.250
7.330
7.360
7.440
7.330
7.440
7.530
7.610
7.390
7.450
7.860
7.880
7.740
7.750
7.750
7.680
7.630
7.590
7.500
7.540
7.470
7.530
7.500
7.660
7.640
7.640
7.870
7.810
7.740
7.850
7.930
7.690
7.630
7.490
7.500
7.390
7.550
7.500
7.670
7.730
7.970
8.000
7.980
8.030
8.170
8.000
8.040
8.080
7.880
7.630
7.880
7.980
7.880
7.810
8.050
8.360
8.200
8.390
8.170
8.240
8.250
8.930
8.430
7.660
7.200
6.980
7.400
7.470
6.980
6.510
6.550
6.690
6.690
