12.630
12.630
12.800
12.900
12.950
12.780
12.710
12.830
12.990
12.400
12.310
12.290
12.340
12.310
12.270
12.230
12.030
11.900
11.880
12.130
12.150
12.000
11.850
11.840
11.520
11.600
12.010
11.500
11.810
11.510
11.990
12.490
12.630
12.750
12.820
12.470
12.600
12.400
12.030
12.550
12.380
12.610
13.390
13.880
13.800
14.000
13.670
13.180
13.780
13.800
13.790
14.200
14.500
14.470
14.910
14.870
15.380
15.440
15.530
15.420
15.700
16.010
15.970
15.920
15.790
15.780
16.470
16.780
16.810
16.370
16.510
16.290
16.690
16.600
16.810
16.770
16.790
17.020
16.630
16.730
16.660
16.840
17.020
16.960
17.020
17.200
16.960
16.800
16.750
15.860
15.860
15.860
15.850
15.660
15.700
15.920
16.060
16.070
16.050
15.620
15.500
15.320
15.460
15.380
15.350
15.400
15.260
15.180
15.120
15.080
14.640
14.720
14.870
14.600
14.430
15.950
16.420
16.610
16.360
16.260
16.320
16.240
16.170
16.140
15.960
16.010
16.120
16.110
15.730
16.280
16.400
16.360
16.250
15.950
15.860
15.600
15.660
15.520
16.120
17.170
17.250
17.140
17.100
17.100
17.300
17.630
17.550
17.770
18.000
17.850
17.900
18.230
18.180
18.110
18.150
18.110
18.430
18.320
18.400
18.010
17.760
17.380
17.480
17.290
17.550
17.650
17.750
17.970
18.240
18.240
18.320
18.300
18.290
18.520
18.510
18.250
18.260
18.600
18.420
18.220
18.020
17.510
18.280
18.200
18.280
18.200
18.330
19.200
19.280
19.010
19.050
19.210
19.020
19.200
19.210
20.210
20.650
20.550
20.030
20.110
19.600
19.860
19.940
20.280
20.300
20.550
20.690
22.490
20.590
19.050
19.060
19.200
19.110
19.420
18.830
17.990
17.800
18.270
18.310
17.600
17.810
17.480
17.370
17.280
17.400
17.100
17.010
17.120
18.300
18.200
18.380
18.600
18.460
18.360
18.380
18.940
19.150
18.680
18.300
18.520
18.460
18.500
18.910
18.800
18.500
18.900
18.560
19.000
17.300
16.900
16.200
17.280
17.150
17.600
17.550
17.900
17.650
17.000
17.200
17.790
19.300
19.600
18.850
17.810
17.600
17.370
16.710
16.480
17.310
17.290
17.330
17.410
17.700
17.510
18.380
18.140
20.150
22.390
24.510
24.850
25.100
24.560
25.050
25.000
24.930
24.750
25.020
24.850
24.610
25.830
24.300
26.700
26.400
25.400
25.000
25.500
25.100
25.310
25.610
24.600
24.260
24.040
23.760
23.500
24.210
24.260
22.200
21.500
21.210
20.000
20.530
19.290
18.900
18.000
16.580
16.110
15.590
14.810
14.700
14.350
14.100
13.610
14.120
14.000
13.510
14.450
14.070
15.200
14.290
13.520
14.250
14.780
16.170
17.010
17.490
17.960
17.420
17.910
17.210
17.580
17.500
17.400
17.300
16.660
16.190
16.010
15.820
15.410
15.530
17.260
19.000
18.710
18.600
19.500
18.980
18.010
17.590
17.010
17.510
17.500
17.830
17.000
18.590
20.000
19.850
22.050
23.790
23.500
24.400
24.230
24.230
24.210
26.200
26.500
24.660
24.620
23.350
23.400
22.130
21.500
22.500
22.900
24.020
24.660
24.240
24.730
24.400
22.840
21.500
20.420
21.050
22.010
20.300
19.830
19.080
18.180
18.100
18.100
18.700
18.170
17.450
18.100
18.010
17.700
16.350
15.960
15.860
15.110
14.610
15.050
15.700
15.620
15.570
14.590
15.180
14.420
13.690
13.390
14.510
14.390
14.100
13.950
13.850
13.620
13.500
12.850
12.630
12.550
12.280
11.770
11.880
11.800
12.350
12.120
12.000
11.200
11.250
11.150
10.350
10.270
11.410
12.100
12.320
12.040
10.660
10.290
10.400
11.550
12.700
12.420
10.810
11.790
13.100
14.560
16.180
17.850
16.930
18.810
18.780
17.470
16.450
16.590
16.800
16.910
16.480
15.400
15.500
13.800
14.060
15.020
16.380
15.970
14.900
15.580
16.860
15.300
15.100
14.500
13.200
11.480
11.340
10.310
11.410
12.680
14.090
15.650
15.320
17.020
18.910
20.400
22.010
20.870
22.510
24.500
24.500
25.380
27.000
28.380
26.550
27.180
25.800
24.540
24.200
23.510
25.800
25.600
24.500
22.980
24.860
25.500
25.350
23.150
22.030
21.610
21.780
21.000
20.500
21.120
22.310
20.050
20.210
19.590
18.660
19.260
21.330
21.610
22.000
22.000
21.630
21.930
22.140
22.060
22.710
22.980
22.700
22.010
20.680
18.620
19.190
19.850
17.880
17.480
17.030
17.400
18.210
16.020
16.150
16.000
15.820
15.700
15.500
15.750
15.590
15.500
16.000
16.200
16.350
16.400
15.410
14.610
14.000
15.200
15.460
14.050
12.770
11.610
10.150
8.760
8.610
8.570
8.690
8.440
8.350
8.190
8.020
8.000
7.970
7.930
7.960
8.100
8.220
8.260
8.210
8.260
8.250
8.220
8.150
8.060
8.060
8.060
7.820
7.700
7.480
7.970
7.860
7.850
7.800
7.770
7.930
7.910
7.990
7.800
8.210
7.940
8.120
7.920
8.000
7.690
7.520
7.500
7.370
7.880
8.240
8.450
8.490
8.380
8.300
8.310
8.030
8.100
8.400
8.420
8.900
8.750
8.620
8.610
8.780
8.930
8.850
8.840
8.910
8.590
8.580
8.520
8.450
8.350
8.250
8.350
8.350
8.230
8.650
8.690
8.860
8.980
8.950
8.750
8.680
8.710
8.620
8.530
8.250
8.100
8.150
8.380
8.210
8.270
8.030
8.490
8.720
8.810
8.870
8.830
8.900
8.990
8.830
8.900
8.730
9.060
9.180
9.050
8.820
8.520
8.430
8.130
8.090
8.130
7.820
7.650
7.300
7.290
7.210
7.160
7.130
7.050
6.690
6.640
6.600
6.640
6.640
6.920
6.850
6.770
6.700
6.710
6.680
6.600
6.610
6.620
6.580
6.550
6.470
6.550
6.620
6.650
6.590
6.570
6.370
6.370
6.490
6.370
6.320
6.210
6.190
6.140
6.120
6.100
6.180
6.110
6.080
5.970
5.880
5.850
5.870
5.980
