9.700
9.650
9.630
9.690
9.590
9.650
9.610
9.530
9.500
9.340
9.260
9.200
9.080
9.200
9.190
8.860
8.890
8.820
8.820
9.090
9.050
8.830
8.750
8.500
8.110
8.010
8.650
8.510
18.860
18.450
18.720
19.210
19.170
19.380
19.270
19.010
18.760
18.650
17.920
17.520
17.030
17.780
18.520
18.670
18.590
18.500
18.650
18.210
18.150
17.910
17.800
18.470
18.310
18.040
18.180
17.810
18.720
18.550
18.590
18.850
18.180
19.600
19.500
19.330
19.010
18.780
19.100
19.020
19.680
20.180
19.910
20.230
20.410
20.310
20.350
19.680
19.010
19.310
19.170
18.910
18.900
19.300
19.230
19.400
18.980
18.880
18.620
18.560
18.690
18.900
19.800
17.730
17.310
16.900
16.600
17.200
17.560
17.540
17.430
17.550
17.690
17.650
17.650
17.270
17.260
17.250
17.080
16.980
17.000
17.100
16.760
16.520
16.450
16.000
15.800
17.280
17.290
17.320
17.250
17.200
18.000
18.600
18.320
18.000
17.770
17.900
17.660
17.710
17.510
17.900
17.850
18.150
18.210
18.200
17.820
17.300
17.620
17.170
17.350
17.610
17.740
17.670
16.880
16.770
17.080
16.850
16.400
16.410
16.570
16.300
16.230
16.610
16.710
16.600
16.700
16.700
16.900
16.870
17.150
16.930
16.740
16.400
16.580
16.200
16.350
16.360
16.170
15.800
15.750
15.600
15.520
15.500
15.500
16.030
16.030
16.070
16.190
15.670
15.520
15.310
15.650
15.350
15.150
15.250
15.230
15.020
15.310
15.900
15.960
15.870
15.430
15.670
15.700
15.470
15.340
15.580
16.040
16.130
15.710
15.380
15.080
15.650
15.690
15.730
15.810
15.440
14.890
14.330
14.200
14.210
14.110
14.050
14.010
14.080
13.680
13.650
13.760
14.100
13.690
13.510
13.200
13.360
13.500
13.830
13.330
13.580
13.450
13.900
15.200
15.090
15.240
15.000
14.900
14.740
14.800
14.930
14.910
14.880
14.620
14.900
14.880
14.810
15.190
15.070
14.860
15.030
15.130
15.370
15.300
14.500
14.040
15.010
14.620
14.700
14.930
14.780
14.940
13.960
13.900
14.600
15.890
16.080
16.040
16.200
15.680
14.470
14.010
14.040
14.540
14.260
14.560
14.310
14.400
13.530
13.590
13.450
13.810
13.600
13.520
12.820
13.320
13.230
13.030
14.100
14.450
13.730
13.390
13.530
13.380
13.230
13.210
13.100
12.800
12.810
12.660
13.430
13.130
12.760
12.610
12.360
12.100
12.420
12.300
12.600
12.600
12.030
12.050
12.490
12.360
12.090
12.560
12.300
12.450
12.600
12.600
12.570
12.030
11.570
11.530
11.560
11.530
11.070
11.240
11.300
11.150
11.560
11.320
12.020
11.320
10.930
10.780
11.200
11.710
12.500
13.390
13.610
13.430
13.410
13.290
12.900
12.090
12.810
12.730
12.460
12.230
11.500
11.090
11.010
10.700
11.400
11.920
11.650
11.620
11.740
11.630
11.020
11.200
10.660
11.110
11.460
11.890
12.310
13.410
14.300
14.000
15.260
16.880
17.290
17.000
17.470
18.100
17.700
18.110
18.300
18.540
18.800
18.650
18.540
18.010
17.010
17.500
18.100
17.010
16.700
16.940
17.330
16.320
16.450
17.100
16.410
17.330
19.200
18.410
17.900
18.400
18.700
18.400
18.330
19.510
18.430
17.880
17.950
16.500
16.150
15.920
16.440
16.110
15.890
14.880
14.050
14.700
14.870
14.850
14.750
15.750
15.770
15.200
15.520
14.680
14.360
15.240
14.900
15.050
14.010
13.580
13.050
12.600
12.460
12.200
12.150
12.870
12.350
13.200
13.680
13.300
14.720
16.350
18.020
18.450
18.000
17.170
17.200
16.350
16.320
18.130
20.140
19.000
20.700
19.800
19.740
21.930
23.800
22.810
21.060
23.390
25.950
23.910
25.600
27.080
26.800
26.790
24.700
24.190
23.110
22.600
21.700
22.400
22.990
20.740
18.180
19.490
19.600
19.870
19.270
18.800
18.630
18.210
16.560
16.020
16.000
15.640
15.830
16.010
15.490
14.160
14.000
14.820
14.940
15.740
15.500
15.100
15.350
14.920
14.660
15.050
15.080
14.570
14.580
14.300
13.830
15.370
15.880
16.040
16.500
16.450
15.150
14.550
14.050
13.330
13.020
13.690
13.300
13.310
12.750
12.930
12.020
11.800
11.720
11.400
10.860
10.690
10.590
10.840
10.710
10.700
10.780
10.560
10.430
10.730
10.750
10.530
10.490
10.960
11.560
10.930
11.260
10.720
9.660
9.450
9.580
9.480
9.410
9.470
9.760
9.700
9.860
9.810
9.800
9.810
9.460
9.410
9.200
8.510
8.800
9.250
9.600
9.470
9.030
9.430
9.420
9.810
9.860
9.510
9.560
9.340
9.200
8.820
8.710
8.830
8.900
8.910
8.690
8.870
8.730
8.490
8.560
8.350
8.130
8.110
8.280
8.320
8.160
7.920
7.880
7.550
7.420
7.350
7.350
7.310
7.270
7.500
7.450
7.540
7.510
7.560
7.300
7.220
7.240
7.190
7.310
7.110
7.000
7.020
7.000
7.050
7.020
7.090
7.170
6.770
6.800
6.740
6.370
6.370
6.360
6.200
6.440
6.310
6.340
6.390
6.370
