-0.130
-0.310
0.050
-0.020
-0.020
-0.090
-0.080
-0.100
0.040
-0.080
0.080
0.040
-0.040
0.000
-0.090
-0.060
0.010
-0.090
-0.280
-0.070
-0.070
-0.020
0.090
0.040
-0.220
-0.210
-0.200
-0.010
0.020
0.010
-0.020
0.020
-0.010
0.010
-0.060
0.060
0.000
0.000
0.170
0.060
0.070
-0.120
-0.020
-0.050
0.040
-0.040
-0.010
-0.090
0.000
0.000
-0.050
0.050
-0.050
-0.080
-0.040
0.040
-0.050
0.050
0.070
0.040
-0.020
-0.080
-0.020
0.040
-0.120
-0.030
0.120
0.100
0.030
0.000
-0.020
0.020
-0.070
-0.050
-0.010
0.010
0.100
0.020
0.000
0.000
0.000
0.000
0.190
0.010
-0.050
0.150
0.030
-0.080
-0.070
0.010
-0.120
-0.070
0.070
-0.090
-0.060
0.000
-0.070
-0.060
0.040
-0.010
0.060
-0.130
-0.080
0.220
0.040
-0.140
-0.100
0.010
-0.130
-0.130
-0.110
0.300
0.600
-0.050
-0.400
-0.110
-0.110
0.020
0.030
0.050
-0.180
-0.070
0.000
-0.230
0.010
-0.090
-0.130
-0.100
0.020
-0.060
-0.110
-0.130
0.180
0.080
-0.120
0.000
0.030
-0.230
0.070
-0.160
-0.200
0.280
-0.080
0.100
-0.100
-0.150
-0.010
0.030
-0.310
0.510
0.120
0.090
-0.140
0.250
-0.130
0.290
0.650
0.130
-0.180
-0.190
0.020
-0.420
0.170
-0.890
0.170
-1.120
-1.140
0.200
1.200
2.070
-1.000
-0.360
-0.790
-0.740
0.000
0.470
-0.580
-0.350
-1.120
-1.630
-0.080
-0.730
1.470
1.010
0.300
-2.460
3.150
0.100
0.230
0.590
1.480
0.100
-0.470
-0.410
1.480
0.560
-0.180
0.120
-0.170
0.550
0.520
0.580
0.450
-2.630
0.150
-0.800
-1.450
-0.390
-0.550
1.130
-0.290
-0.260
-0.240
0.450
-0.050
-1.270
0.270
-1.880
1.380
-0.600
0.120
0.080
-1.890
0.550
-0.060
-0.380
3.130
0.840
2.780
2.530
2.300
-1.000
0.600
0.580
1.810
-1.090
0.150
1.100
1.070
-0.220
0.420
0.580
1.300
-0.710
-0.140
0.240
0.130
-0.470
1.700
0.260
-0.070
-0.910
-0.570
0.140
0.110
0.680
-0.230
-0.130
-1.960
-1.570
0.270
0.440
1.460
-0.300
-0.180
-0.510
-0.210
0.470
0.230
0.120
-1.190
-0.580
0.560
-1.320
0.010
1.550
0.680
0.290
0.870
0.680
0.010
1.620
0.480
0.070
1.000
-0.630
-0.340
0.150
-0.470
0.120
-0.440
0.640
0.630
0.440
-0.400
0.630
0.660
0.100
0.090
-0.410
0.120
0.280
-0.750
-0.050
0.720
0.550
-1.240
-0.740
-1.670
-0.470
1.030
0.430
0.010
-0.070
0.150
1.010
-0.120
-0.250
0.150
0.220
0.760
-0.100
0.920
-1.050
-0.580
-1.630
0.160
0.230
-1.200
-0.430
0.990
0.620
-0.870
0.280
-0.330
-0.790
-1.960
-0.860
-2.270
0.510
-1.860
-2.670
-0.180
1.130
2.210
-0.970
-0.170
-0.470
0.070
0.030
-0.100
-1.280
0.760
0.650
0.960
0.190
-0.760
0.760
0.120
0.120
-0.280
0.000
2.180
-1.540
-1.210
-0.940
-1.730
-0.820
0.400
-0.330
0.140
-1.140
2.630
0.720
0.880
0.760
-1.320
-0.740
1.400
-1.000
0.690
1.690
0.890
2.030
0.000
-1.260
-0.670
-0.210
-1.030
0.370
2.100
1.910
1.740
-1.930
0.810
-0.230
1.700
0.330
0.250
0.020
1.100
1.080
0.880
0.070
0.160
-0.730
0.660
-1.100
0.850
-0.400
0.380
0.590
-0.320
-1.360
0.960
-1.520
1.380
-1.530
-1.700
-1.890
-2.100
0.090
1.900
1.730
-1.910
-2.130
-0.480
1.980
-1.590
1.950
1.770
1.610
-1.790
-1.990
-2.210
0.940
-2.350
-2.610
-2.690
-0.750
0.110
-3.270
-1.300
1.800
-2.780
-3.890
2.160
1.420
1.030
-1.250
-2.450
0.940
-3.770
1.870
-0.830
3.610
3.290
0.130
2.820
0.950
-0.030
-0.850
1.730
1.290
0.140
0.550
-1.430
-0.470
-0.580
0.500
2.120
1.280
-0.650
-0.210
-1.080
1.190
0.160
1.980
-1.480
0.250
-1.150
-0.120
0.620
0.810
-2.000
0.580
1.340
-0.220
-0.950
-0.670
0.290
-0.880
-2.030
-0.890
2.720
2.470
2.240
0.840
0.820
0.180
-1.350
1.860
1.830
0.860
-0.580
0.040
0.480
-0.080
0.390
0.550
-0.750
0.820
1.500
-0.220
0.510
1.340
1.220
1.110
1.010
0.150
-0.250
-0.390
0.140
0.140
0.170
0.050
-0.650
-0.200
0.030
-0.410
-0.390
0.030
0.360
0.160
0.780
-0.590
-0.290
-0.580
0.230
-0.190
0.030
-0.570
-0.230
-0.360
-0.010
-0.100
0.700
-0.020
0.070
0.340
-0.160
0.000
0.100
-0.130
0.130
-0.530
-0.210
-0.010
0.120
0.020
-0.250
0.150
-0.510
-0.170
0.250
0.720
-0.140
0.260
-0.630
-0.410
-0.100
0.490
-0.010
-0.240
-0.100
0.290
-0.340
-0.610
0.510
-0.070
-0.060
0.800
0.330
0.780
0.160
-0.120
-0.290
0.200
-0.020
0.190
-0.230
0.850
0.120
0.020
-0.030
0.140
-0.110
0.690
0.920
0.050
0.230
0.030
0.030
0.000
-0.320
0.080
0.140
-0.120
-0.090
-0.120
0.060
0.040
0.090
-0.030
-0.020
0.110
0.240
-0.050
0.000
0.040
0.060
-0.240
0.030
-0.060
0.150
0.050
-0.010
0.070
-0.310
0.160
0.010
0.220
0.080
-0.120
-0.140
-0.060
0.090
0.070
-0.300
0.510
