104079.09
76596.72
55913.47
84971.49
78404.85
74828.95
57875.99
71629.40
90944.64
78346.50
83260.00
54765.39
81992.01
66830.17
67647.09
86049.36
55559.81
53335.11
75366.33
70244.77
79968.06
79390.29
46486.25
66690.93
61763.15
95596.07
65932.00
1.30
129402.97
71593.67
93443.80
126138.03
83715.38
61106.44
67252.10
81748.06
108970.82
55278.20
66987.79
159341.69
80986.88
80254.46
85845.42
68131.56
87292.83
110820.32
85407.73
79585.74
183444.52
187832.58
156054.03
351286.09
323454.34
412092.69
307489.00
655991.25
380545.97
168583.78
151455.73
219629.72
143382.64
152707.03
246643.64
152994.52
131932.14
85034.48
134459.33
91609.16
71425.03
86754.48
99078.47
128085.33
89325.91
85025.09
164320.36
146586.95
85438.06
59842.70
66022.86
83892.63
85587.01
92448.60
77485.22
89706.86
89223.73
66864.95
88156.89
86265.45
77439.11
110272.61
87070.90
138287.80
135165.22
297769.62
90416.92
96628.83
168872.23
106652.23
77146.14
99521.37
176632.64
308447.75
77754.83
59611.56
55347.02
39581.21
137.00
43404.79
40446.36
51431.10
56552.76
55006.18
57394.57
81175.14
83065.46
145615.03
65765.17
78122.69
125159.87
76612.35
80194.66
81142.79
98184.34
107710.52
64297.03
74819.75
63472.32
77284.65
76142.16
87588.76
85671.30
117727.85
111935.35
225346.56
73010.75
88949.38
93381.23
89466.42
104863.25
255460.23
101453.59
94384.27
98461.18
69357.78
86896.82
159885.55
94789.78
128182.70
214722.16
173401.38
155726.14
202301.84
220323.31
205190.00
221543.34
287564.88
601472.81
169850.64
198297.92
306587.00
179331.36
210082.05
237034.62
127342.08
125232.89
215877.41
274228.69
253906.86
402403.34
589100.56
870941.31
246739.67
252010.95
321477.62
254528.64
422100.75
385485.41
358398.16
572541.69
600723.19
1364332.50
1260600.00
801503.75
10867.93
129508.87
106719.89
104755.28
110554.45
152084.33
100830.36
108394.73
113170.84
126816.38
99962.09
101509.82
208940.14
262905.91
164101.12
251699.83
324259.88
193267.95
221126.41
361313.62
118244.88
126760.91
116675.89
195712.64
392900.25
158020.95
191994.06
263665.72
207111.62
344318.56
187976.09
224273.14
271697.66
348381.34
418171.81
510449.62
488173.00
338085.69
331540.62
327002.12
426012.88
408241.47
870631.12
349542.69
587019.75
679339.00
670084.38
428875.56
357873.78
809718.00
297705.94
178340.95
155536.33
219004.80
277841.62
362382.19
466161.97
398154.16
466590.09
226820.88
386711.06
267720.47
421493.38
316104.19
274991.00
312230.34
220158.62
339813.75
313649.16
299881.56
177972.97
211033.94
244298.05
175555.41
226746.28
184101.28
266438.91
259960.12
359519.47
337195.09
158272.12
210093.48
322281.34
399935.56
331619.88
224888.38
265825.75
303672.91
291462.84
385195.00
382174.94
422377.38
92673.08
374795.44
472900.97
304757.34
232416.20
241656.56
250979.22
372226.91
249754.52
333925.06
404754.31
529309.44
347271.12
468538.50
570250.56
347317.38
316211.72
423065.12
305464.97
314303.59
345526.97
492195.19
717758.06
447961.06
446280.78
424545.59
555733.75
764145.81
1106439.50
2312171.00
1286991.50
460382.69
723112.12
780747.12
445378.09
560007.44
874399.06
601035.44
850310.62
1453247.50
1258659.75
1007166.69
1107503.88
915774.38
957353.81
696332.75
550436.12
665682.69
864109.31
746653.19
734485.62
959383.81
1169275.25
1444222.38
1410984.12
1857835.25
1169270.50
1463813.75
1453658.75
1302855.50
1771530.50
1657676.75
1319221.00
871643.94
967014.88
20625.70
622361.12
734738.12
561255.25
1096481.25
908901.00
1202335.50
1018573.44
854454.00
681262.31
1389722.38
1204593.75
982219.25
1151939.12
840908.00
1615900.62
1653394.00
1154265.88
1281878.25
1658788.62
1687556.62
3191488.25
2798146.50
2570658.50
2895448.25
1179690.62
2739678.75
4886247.00
170213.42
966669.25
1106194.88
1089737.38
1152917.12
714170.62
699119.00
1190223.38
1099711.62
720787.75
612084.94
731734.44
787299.75
739782.31
676726.06
964485.75
810192.25
1287946.75
1040558.62
1665925.50
1551739.75
1161825.62
1470116.25
1466166.00
1140811.25
1236730.12
2024648.50
111226.71
50129.84
1439022.38
876235.50
674171.50
777823.50
795662.75
686868.31
513422.81
734617.06
602990.75
628616.25
553505.25
502845.81
797744.31
744384.56
905116.56
998769.56
904826.75
1059414.62
1261293.50
1022623.31
1424338.88
1649599.12
1223412.62
1392023.38
643526.75
1048575.06
1309800.88
1131064.88
1353480.50
1454011.25
1655795.62
1132109.00
1145366.12
685997.31
763112.12
831951.25
1553656.75
1009014.31
1582034.38
805358.38
501317.78
580440.75
527272.25
663179.62
518237.59
655319.00
715466.19
911027.62
906412.75
973114.06
1348068.00
1472367.88
1238572.75
1927450.88
3030476.25
1260379.62
1243043.62
1284212.75
1069528.50
949677.75
1162297.12
1828685.62
1114132.88
981366.69
879128.38
631916.50
664344.56
774218.44
671459.06
1097767.75
1084128.88
928771.75
804296.00
643837.94
907450.81
1037151.56
813674.25
745625.62
381396.97
522543.16
496017.91
537247.31
577187.50
864494.81
1204879.12
1251140.50
2464607.25
869017.31
407734.91
360046.75
368378.06
8592.60
510131.91
652900.19
576146.12
275364.38
226211.94
300242.78
297382.72
353502.69
469911.16
465678.62
338086.69
471178.84
792493.25
1261338.00
530332.44
761863.62
570752.06
826181.25
444249.34
549863.88
512891.12
770049.12
948659.56
530822.44
560671.38
678314.06
625370.88
833238.50
1496625.12
1689762.62
1685134.12
2216152.25
2109192.50
480653.69
574040.69
550374.44
275606.25
278546.09
318006.59
485805.00
518707.31
635267.88
667115.50
832026.62
555613.81
393432.62
731341.94
453862.19
792580.25
647353.81
1003857.06
1128463.12
1108419.38
914014.50
867677.69
1851165.25
2318773.25
406737.06
425810.78
361287.69
196094.20
227566.70
255942.94
442253.09
239561.94
183148.86
338113.56
260117.16
530735.94
401841.78
594776.69
595786.75
323044.12
462186.91
253995.67
407044.03
398067.91
424622.12
216785.83
173441.66
187029.11
286444.50
299567.22
297001.41
249538.56
344153.50
417637.53
326505.22
373265.50
484344.88
816543.50
496798.72
303871.66
259988.27
261166.69
377357.53
631264.69
408183.12
432511.47
378669.59
232304.31
208423.69
286819.69
661360.50
373115.44
327672.91
415456.28
504389.72
492284.66
656327.31
596993.38
799854.50
585489.50
431804.19
379212.41
202425.89
214590.52
315463.69
292342.22
225018.41
268454.66
365604.75
350894.31
753879.81
631710.81
405015.59
452350.62
186918.41
372105.38
220362.77
160367.42
136765.41
175599.95
194777.53
281109.97
158857.89
238456.53
160908.05
172372.77
138787.16
99862.83
130334.24
171495.64
155766.38
348367.19
107351.88
126414.02
288133.94
215488.41
97023.68
190023.66
316911.69
286928.12
