-0.060
-0.030
-0.130
0.690
0.110
0.050
-0.280
0.020
0.330
-0.090
-0.520
0.060
-0.050
0.150
-0.070
0.550
-0.080
0.290
-0.400
-0.060
-0.170
0.180
0.040
-1.130
0.100
0.380
-0.100
0.000
-0.450
-0.190
0.100
-0.770
-0.020
-0.010
-0.140
-0.060
0.120
0.230
0.530
0.480
-0.020
0.020
-0.190
-0.490
-0.170
-0.490
-0.150
-0.110
-0.570
-0.740
0.050
0.040
-0.220
0.270
0.080
-0.950
-0.010
0.020
-0.090
-0.070
-0.100
-0.570
-0.530
-0.290
0.180
0.630
-0.140
-0.080
0.120
-0.290
-0.140
0.130
0.270
0.390
0.010
-0.380
-0.030
0.020
0.300
0.160
-0.260
-0.370
0.210
0.150
-0.320
-0.120
-0.080
-0.180
-0.090
0.100
0.690
0.030
-0.200
0.210
0.040
0.230
0.150
-0.130
0.250
0.070
-0.230
-0.050
0.310
-1.430
-0.680
0.860
-0.520
0.280
-0.110
-0.310
-0.020
0.270
0.080
-0.240
-0.420
0.090
0.100
-0.320
0.370
-0.110
0.270
0.170
0.240
0.060
0.200
0.490
0.030
-1.910
-0.270
-0.180
0.270
-0.100
0.170
-0.430
-0.360
-0.330
-0.110
-0.220
-0.340
-0.470
0.500
0.150
-0.410
-0.550
0.760
0.190
0.070
0.070
0.090
0.250
-0.810
-0.160
-0.110
-0.360
-0.100
1.060
-0.920
0.130
-0.730
0.360
0.090
-0.550
0.340
-1.010
0.300
-1.000
2.600
0.210
-0.050
-0.050
0.340
0.450
-0.320
-0.350
0.530
0.140
0.270
-0.030
0.000
-0.200
0.180
-0.160
0.060
-0.700
-0.420
0.110
-0.760
0.670
0.710
0.510
-0.470
0.060
0.080
-0.060
0.460
-0.490
-0.190
-0.150
-0.960
0.700
-0.130
0.330
-0.080
0.000
-0.020
1.200
0.540
0.320
0.440
-0.480
0.200
0.050
0.380
-0.650
0.140
-0.320
-0.940
0.320
-0.150
-0.260
-2.620
-0.400
0.180
-0.800
1.230
-0.540
-0.250
0.360
0.050
0.220
-0.730
1.300
-0.330
0.140
-0.630
2.530
-0.260
0.340
0.750
-0.380
-0.720
0.070
-0.990
1.170
0.270
-0.150
0.840
-0.230
-1.610
-0.190
-0.120
-0.150
0.220
0.160
-0.370
0.750
1.580
1.030
-0.260
0.500
0.970
0.280
-0.050
-0.240
-1.020
0.420
0.180
-0.700
-0.400
-0.290
1.170
-0.220
-1.040
-0.020
1.500
0.570
0.180
-0.340
1.280
0.420
-0.490
0.330
-0.480
-2.000
0.070
-1.140
-0.200
0.350
0.570
-0.320
0.690
-0.170
-0.970
0.190
0.970
-0.360
-0.030
1.190
-0.590
-0.850
0.390
-1.600
1.180
-0.210
1.390
2.050
1.190
-0.460
-0.310
0.930
-0.010
-0.610
-0.590
0.650
1.800
-1.430
-0.260
1.490
0.110
-2.000
-0.960
-2.330
-0.050
0.070
0.330
0.070
-0.270
0.270
0.970
0.460
-0.450
0.280
0.050
1.110
0.480
1.010
-1.300
-0.400
-2.300
0.630
0.300
-1.290
-0.750
0.710
0.450
-0.150
1.320
-0.720
0.580
-2.430
-0.590
-2.770
0.650
-2.020
-3.230
-0.690
-0.440
-0.310
-1.080
0.230
-1.060
-1.660
2.970
-0.900
-1.220
1.090
0.900
0.280
0.850
-0.550
-2.000
-1.900
-1.600
1.610
0.390
0.680
-1.350
-4.230
0.450
-4.650
4.230
3.840
-0.710
2.440
1.850
2.350
-1.300
1.370
1.030
-1.010
1.940
0.500
-1.130
-0.340
1.340
0.820
2.380
1.130
-2.530
0.100
0.230
-0.630
2.600
1.680
1.020
0.660
-2.510
1.140
-0.900
0.910
1.010
-0.660
-0.040
2.150
0.620
0.780
0.060
0.290
-0.260
0.900
-2.090
1.320
0.230
-0.030
1.800
0.180
-0.650
1.680
-1.860
-2.070
1.400
-0.850
1.450
1.700
1.250
-1.240
-1.890
-2.100
1.910
0.920
-2.020
-2.240
-2.490
-2.110
-2.040
0.070
-3.220
-1.390
2.180
1.490
-2.130
1.410
2.780
2.530
-0.670
0.990
2.270
-2.530
-2.810
-3.120
0.650
-3.390
-3.770
1.630
1.490
-0.140
3.160
2.870
2.610
0.360
2.340
-2.620
-2.910
-3.230
-3.590
2.590
-3.700
-4.110
-4.570
-0.430
0.210
-5.100
-5.670
-1.850
-6.500
0.890
5.830
5.300
3.720
-2.550
-5.760
5.240
4.760
4.330
2.380
3.720
1.550
3.240
2.940
2.680
2.430
2.210
2.010
1.830
1.660
1.510
0.760
0.040
0.040
0.180
0.630
0.860
-0.110
-0.010
0.120
0.160
-0.260
0.150
0.090
-0.120
0.170
0.030
0.170
0.000
0.040
0.100
0.230
0.100
0.190
0.120
-0.060
0.010
-0.250
-0.110
-0.260
0.180
-0.100
0.170
-0.320
0.020
0.050
0.070
-0.130
0.170
0.370
0.360
-0.180
0.120
0.060
0.080
0.110
-0.320
-0.130
-0.120
0.050
0.370
-0.030
0.000
0.130
-0.490
0.010
-0.010
0.230
0.100
-0.830
-0.300
-0.060
-0.280
-0.140
0.320
0.030
-0.280
0.250
-0.310
0.000
-0.660
-0.040
-0.200
0.040
0.000
-0.300
-0.120
0.050
0.240
0.060
0.440
-0.280
0.000
0.090
0.590
0.070
-0.430
0.020
-0.260
0.110
-0.090
0.020
-0.030
-0.480
0.040
-0.180
0.120
0.590
0.330
0.430
0.030
-0.560
-0.240
-0.170
0.510
-0.300
-0.160
-0.030
-0.010
-0.520
-1.460
0.630
-0.090
-0.070
0.730
-0.210
-0.150
0.410
0.150
-0.430
0.480
0.030
-0.040
-0.690
0.000
0.400
-0.310
-0.040
-0.290
1.380
0.230
-0.190
0.240
0.060
0.150
-0.210
0.390
-0.440
0.100
0.030
-0.530
-0.120
0.200
0.240
0.150
0.030
0.000
0.040
0.340
-0.110
-0.130
0.400
0.230
-0.320
0.310
-0.160
0.060
0.230
-0.280
-0.090
-0.340
0.190
-0.140
-0.070
0.240
-0.380
-0.320
0.000
0.000
0.230
-0.040
0.010
