27.790
27.720
28.010
27.680
27.770
27.600
27.780
27.930
28.800
27.820
29.400
28.410
28.440
28.880
29.010
28.600
28.950
28.750
28.900
29.000
29.080
28.700
28.350
28.560
27.010
28.490
29.880
29.030
28.250
27.600
30.880
31.000
31.510
29.990
30.000
28.320
29.570
29.690
29.450
30.550
29.080
31.380
31.000
29.600
30.030
29.060
28.490
27.890
27.300
26.070
28.240
28.280
30.300
33.100
34.200
32.990
34.500
33.030
34.800
34.900
30.460
30.130
30.400
30.200
30.210
31.800
30.950
31.590
32.490
32.520
32.080
31.990
32.260
31.530
31.150
31.140
31.150
30.800
30.780
30.950
30.750
30.990
31.400
30.900
31.100
32.030
32.250
32.450
32.840
31.660
32.510
30.800
31.070
30.500
31.200
30.200
30.750
30.710
31.600
30.990
29.400
29.170
29.080
28.000
28.860
28.750
28.840
28.800
28.000
28.000
27.270
27.100
27.700
26.780
28.550
29.210
29.560
31.060
31.000
30.150
30.480
30.880
30.880
30.510
30.600
30.180
30.490
30.470
28.020
27.520
28.320
28.090
28.100
27.550
26.830
26.260
26.300
26.500
28.350
27.990
28.510
27.930
27.500
27.700
29.330
28.710
29.000
29.500
30.260
30.910
30.830
31.730
30.920
31.500
32.500
31.500
31.500
30.060
30.290
29.720
29.500
29.850
29.630
30.210
30.510
30.250
30.630
29.770
30.020
30.010
30.380
30.020
30.730
31.500
30.860
30.100
31.280
31.590
30.500
31.220
30.800
30.400
29.190
29.650
30.000
30.040
31.800
31.060
29.100
29.500
30.350
30.350
28.330
27.460
25.780
26.750
26.570
25.900
24.760
24.980
24.720
25.050
25.060
25.120
24.380
24.300
24.530
24.580
25.170
24.560
24.550
24.610
25.000
25.100
24.330
24.070
24.200
24.080
23.910
23.590
23.920
23.580
23.150
23.230
23.560
23.960
23.720
25.720
26.100
25.300
25.230
25.500
24.870
24.880
24.950
25.200
25.770
25.230
24.800
25.230
25.160
25.200
25.220
24.800
24.660
23.820
23.700
23.850
23.090
22.230
22.770
22.940
22.500
22.900
22.500
22.610
22.550
21.210
21.210
22.700
22.990
23.300
23.030
22.760
22.410
22.400
21.150
21.150
21.180
21.090
21.640
21.110
20.600
19.990
20.720
21.530
20.900
21.040
21.020
22.270
22.960
24.400
27.000
26.050
25.760
24.280
24.240
25.250
25.220
24.550
24.000
23.510
25.100
27.050
26.380
26.000
25.620
24.500
24.230
24.240
23.890
23.500
24.990
24.580
23.650
22.880
22.610
21.880
22.020
22.500
21.900
22.200
22.550
22.520
22.150
20.900
19.810
20.100
19.600
18.880
18.660
19.300
19.430
20.020
19.600
20.360
19.910
18.660
18.330
20.360
21.830
23.910
23.900
23.330
23.200
22.490
23.100
21.900
21.080
20.170
21.550
21.000
20.860
20.500
19.900
20.010
21.810
23.590
24.450
23.300
23.900
23.900
24.350
22.760
21.950
23.800
22.060
25.660
27.620
29.010
31.300
33.950
32.840
33.000
39.620
38.780
37.180
37.950
37.440
36.880
37.200
37.970
37.270
36.900
34.000
32.920
33.330
32.250
32.390
33.440
32.060
30.590
29.090
28.950
29.570
28.480
28.480
28.980
29.150
32.910
32.120
31.580
28.860
29.930
30.910
29.150
30.610
32.540
28.450
30.460
26.920
26.430
25.770
24.040
23.440
24.010
22.900
22.570
22.710
22.850
22.800
23.680
23.010
23.210
22.130
21.250
24.350
23.440
24.890
24.380
23.120
23.010
22.690
22.590
21.630
21.330
21.230
22.360
23.000
21.850
20.960
20.000
19.520
18.410
17.330
17.370
17.600
16.410
17.470
20.350
19.850
19.500
19.270
17.910
17.860
17.120
20.800
21.890
20.000
18.540
19.050
19.900
22.890
26.020
28.030
27.000
31.110
28.620
27.530
26.800
25.050
26.100
24.350
22.980
22.500
22.390
20.750
22.000
23.160
23.700
21.500
20.810
24.300
26.600
25.700
25.900
24.020
23.000
21.300
19.970
23.660
25.220
24.600
22.450
18.080
20.090
22.800
28.000
24.910
26.300
26.880
26.100
31.700
32.110
34.840
33.150
32.810
34.850
39.700
39.450
36.580
37.000
34.900
33.300
32.500
33.950
32.800
32.000
32.000
32.350
29.760
27.700
27.450
29.000
28.300
27.700
26.680
26.220
25.660
26.140
25.100
24.400
24.720
24.970
23.200
22.400
21.750
20.980
21.420
22.020
22.500
22.350
22.440
22.010
23.360
23.230
23.360
24.210
24.500
23.300
23.000
22.900
22.460
23.890
24.160
23.150
22.350
23.150
24.030
23.670
23.180
23.150
22.380
22.290
21.490
21.300
21.700
20.880
21.630
21.200
20.650
20.600
20.380
20.160
19.680
19.370
19.900
19.690
19.600
19.310
19.910
19.300
19.050
19.420
19.350
19.520
19.550
19.190
19.100
19.050
18.720
18.470
18.490
18.290
18.300
18.300
18.280
18.640
18.910
18.980
18.850
19.390
19.030
18.690
18.500
18.300
18.680
18.800
18.520
18.200
17.900
17.850
16.920
17.350
16.900
17.540
17.820
17.940
17.960
17.320
17.390
17.170
17.450
18.210
18.300
18.470
17.730
17.500
18.800
19.260
19.390
20.190
20.600
20.010
19.960
19.260
18.680
19.210
18.980
20.050
20.180
20.460
19.740
19.800
20.380
20.600
21.650
21.450
21.650
20.290
19.800
19.600
19.780
19.860
20.000
20.290
19.300
19.510
18.060
18.260
18.200
18.000
18.040
17.770
17.500
17.390
17.400
16.900
16.770
16.690
17.000
17.270
17.390
17.190
17.310
17.780
17.900
17.700
18.160
18.520
18.480
18.500
18.300
18.120
17.820
17.980
17.280
16.890
17.220
17.030
17.000
16.400
17.070
16.720
16.400
16.400
16.250
16.280
16.180
16.120
16.270
15.930
15.680
15.700
15.490
15.290
15.800
15.650
15.600
15.280
15.440
15.340
15.180
15.110
15.300
15.420
15.430
15.180
15.130
15.260
15.330
15.080
15.050
14.880
14.980
14.620
14.650
14.430
14.320
14.450
14.550
14.330
14.400
14.320
14.580
14.620
14.790
14.600
14.370
14.400
14.880
14.550
