11.970
11.880
12.250
12.300
12.200
12.090
12.320
12.280
12.100
11.850
12.330
12.180
12.810
13.450
13.380
12.820
12.810
12.500
12.700
12.890
12.580
11.910
11.670
11.550
11.260
11.810
12.050
11.940
11.660
11.310
11.950
12.450
12.730
12.790
12.400
12.000
12.120
11.800
11.550
12.320
11.940
12.500
13.020
12.990
13.240
13.110
12.830
12.520
12.290
12.080
12.900
13.460
13.750
13.250
13.480
14.400
16.290
15.580
14.160
11.640
11.280
11.440
11.090
11.320
11.040
11.490
11.580
11.700
11.800
11.600
11.160
11.090
11.380
11.210
11.480
11.330
10.930
10.900
10.770
10.720
10.890
11.070
11.060
11.090
10.930
11.560
11.450
11.110
11.280
11.430
12.000
11.350
11.160
10.630
10.880
10.910
11.270
11.220
11.500
11.240
11.270
11.050
11.050
11.000
10.960
10.880
10.910
10.720
10.250
9.930
9.880
9.810
9.620
10.040
9.860
10.050
10.210
10.080
9.870
9.800
9.860
9.700
9.400
9.510
9.480
9.640
9.580
9.480
9.700
9.270
9.270
9.320
9.420
9.300
9.230
9.350
9.100
9.660
9.890
10.100
9.750
9.580
9.560
9.800
10.020
9.950
10.180
10.070
10.140
10.200
10.300
10.440
10.700
10.100
10.020
10.050
10.070
9.800
9.580
9.180
9.160
9.130
9.030
8.970
8.900
9.110
9.170
9.200
9.240
9.070
8.850
8.850
8.830
8.880
8.730
8.870
8.890
8.960
8.880
8.840
8.730
8.810
8.780
8.610
8.540
8.810
8.780
8.820
8.660
8.860
8.760
8.960
8.590
8.680
9.200
8.780
8.640
8.570
8.520
8.660
8.540
8.560
8.610
8.540
8.530
8.510
8.640
8.570
8.690
8.830
8.800
8.760
8.810
8.500
8.370
8.370
8.150
8.140
7.960
7.990
7.980
7.870
7.830
7.940
7.930
7.930
8.420
8.340
8.300
8.440
8.400
8.420
8.380
8.500
8.500
8.520
8.520
8.230
8.210
8.230
8.270
8.280
8.220
7.960
8.010
8.040
7.990
7.830
7.700
7.940
7.960
7.820
7.910
7.980
7.870
7.870
7.700
7.790
8.100
8.200
8.210
8.290
8.190
8.140
8.200
7.910
7.900
7.910
7.860
7.950
8.020
7.900
7.770
7.780
7.910
7.950
7.830
7.890
7.800
8.080
8.000
8.450
8.890
8.890
8.820
8.670
8.600
8.780
8.990
8.900
9.030
8.950
9.100
9.720
9.690
9.810
10.000
9.910
9.500
9.580
9.400
9.210
9.500
9.320
9.120
9.310
9.480
9.150
9.150
9.150
9.100
9.390
9.320
9.490
9.450
8.910
8.640
8.840
8.660
8.490
8.280
8.830
9.020
9.880
9.280
8.990
9.080
8.760
8.410
8.010
8.620
8.430
8.250
7.970
8.080
7.760
8.090
8.530
9.200
9.370
9.110
9.050
9.400
8.950
8.510
9.420
8.550
9.870
10.010
11.300
12.160
12.860
12.460
12.310
14.650
15.170
15.200
15.050
15.500
15.420
15.280
15.390
14.250
14.270
14.550
14.000
13.570
13.500
12.300
12.470
12.340
12.490
13.070
13.160
13.060
13.200
13.000
11.730
11.750
12.220
11.580
11.400
11.460
11.670
11.410
11.300
11.490
11.430
10.700
11.300
11.510
10.980
10.970
10.730
10.440
10.260
9.650
9.670
9.880
10.400
10.140
10.100
10.250
10.150
9.500
9.080
10.020
9.750
10.120
10.140
9.390
9.680
9.520
8.950
8.580
8.550
8.240
8.260
8.200
8.300
8.750
8.510
8.540
8.510
7.950
8.000
8.200
7.720
8.090
9.410
9.380
9.640
9.420
8.850
8.850
8.200
9.600
10.200
10.090
9.700
9.550
10.610
12.030
14.000
15.850
14.800
16.280
17.460
16.980
17.350
15.980
19.100
20.500
21.150
20.080
20.200
22.640
22.190
22.340
22.700
23.200
25.000
24.990
22.110
20.160
20.010
20.430
21.000
20.610
18.800
16.850
16.500
16.290
14.900
14.260
13.690
13.690
13.240
13.400
12.650
12.100
11.600
11.380
11.450
11.510
11.050
10.880
11.400
11.500
12.050
11.990
12.140
11.860
12.550
12.780
12.090
12.330
11.860
11.600
11.990
11.790
11.510
12.300
12.370
11.850
11.690
12.200
12.280
12.180
12.040
11.900
11.760
12.240
11.630
11.540
11.200
11.270
11.330
11.240
11.320
11.290
11.250
11.450
11.780
11.300
11.290
11.240
10.720
10.580
10.480
10.650
10.240
10.330
10.150
10.110
9.910
10.150
10.120
10.160
10.050
9.960
9.640
9.500
9.320
9.250
9.520
9.690
9.560
9.330
9.240
9.440
9.440
9.690
9.660
9.480
9.800
9.630
9.350
9.140
9.570
10.020
9.810
9.800
9.580
9.910
9.970
10.000
10.030
10.230
10.170
10.200
9.460
9.500
9.500
9.120
8.980
9.280
9.310
9.290
9.250
9.500
9.640
9.410
9.300
9.440
9.080
8.590
8.410
8.830
8.660
8.480
8.390
8.460
8.460
8.460
8.470
8.280
8.220
7.980
8.040
8.120
8.100
7.950
7.900
8.070
7.900
8.370
8.250
8.400
8.300
8.300
8.560
8.590
8.530
8.080
8.120
7.760
7.610
7.510
7.540
7.620
7.700
7.510
7.450
7.600
7.530
7.500
7.600
7.750
7.660
7.620
7.550
7.420
7.380
7.470
7.320
7.270
7.340
7.280
7.210
7.200
7.500
7.340
7.320
7.270
7.250
7.310
7.250
7.240
7.210
7.140
7.000
6.880
6.980
6.960
7.140
7.140
7.100
7.200
7.240
7.310
7.260
7.140
7.290
7.330
7.280
7.090
7.140
7.210
7.110
6.820
6.690
6.700
6.670
6.620
6.750
6.540
6.480
6.400
6.430
6.370
6.430
6.480
6.380
6.300
6.380
6.210
6.200
6.080
6.150
6.170
