-0.020
-0.010
0.040
0.040
0.000
0.060
-0.040
0.020
0.070
0.010
-0.080
-0.050
-0.050
0.150
-0.010
0.020
0.060
0.050
-0.060
0.020
-0.010
0.090
0.040
-0.020
0.100
-0.180
0.010
0.040
0.050
0.030
-0.080
-0.130
-0.040
-0.040
0.010
0.130
0.010
-0.060
-0.150
-0.110
-0.010
-0.080
0.020
-0.060
0.020
0.120
0.050
-0.020
-0.050
0.030
-0.110
-0.020
-0.010
-0.080
-0.040
-0.050
-0.040
0.020
-0.050
0.040
-0.070
-0.030
0.010
0.060
0.070
-0.180
0.020
0.000
-0.030
-0.040
0.100
-0.110
0.000
0.040
-0.080
0.020
0.100
-0.060
0.000
0.080
-0.070
-0.070
-0.010
0.180
0.000
-0.050
-0.030
-0.020
-0.040
0.030
-0.050
0.020
0.020
-0.100
0.290
0.050
-0.030
-0.040
0.050
0.010
0.050
0.020
-0.010
0.030
0.000
0.000
0.030
0.060
-0.050
0.040
0.060
-0.070
-0.040
-0.010
-0.150
-0.080
-0.090
-0.030
-0.020
0.030
-0.020
-0.030
0.110
0.050
0.040
0.010
-0.050
-0.040
0.060
-0.080
-0.020
0.030
0.050
-0.040
0.080
0.080
-0.030
0.010
-0.240
-0.020
-0.060
0.100
-0.010
0.010
-0.160
0.020
-0.050
-0.110
0.040
0.020
-0.050
-0.030
0.070
-0.010
-0.080
-0.050
-0.050
0.080
0.020
0.030
0.050
-0.090
0.160
0.000
-0.100
0.190
-0.090
-0.140
-0.010
0.010
-0.060
0.070
-0.060
-0.130
0.080
-0.030
-0.140
0.220
0.530
-0.030
0.020
0.080
0.030
0.030
-0.030
-0.060
0.000
0.020
0.000
0.010
-0.040
0.020
-0.010
0.010
-0.170
-0.010
-0.030
0.070
0.050
-0.010
0.010
-0.060
-0.030
0.030
0.000
0.030
-0.130
-0.010
0.040
-0.120
-0.040
-0.040
0.110
-0.030
0.100
0.030
-0.020
0.010
0.180
0.040
-0.040
-0.010
0.030
0.030
-0.030
-0.020
-0.100
-0.360
0.060
-0.040
-0.070
-0.040
0.000
-0.010
-0.110
0.040
-0.050
0.000
0.060
-0.070
-0.090
0.220
0.060
0.030
0.130
0.040
0.030
-0.040
0.130
0.160
-0.110
-0.030
0.110
-0.080
0.050
0.060
-0.100
0.180
0.040
-0.400
-0.120
-0.020
-0.070
-0.040
0.250
0.000
0.340
-0.110
-0.050
-0.070
-0.090
-0.110
0.070
-0.090
-0.090
-0.640
-0.670
0.790
-0.130
0.840
0.190
0.000
-1.050
-0.930
0.760
-0.170
1.210
-0.010
-0.850
-0.350
0.290
-0.620
0.130
-0.430
-1.820
0.120
-0.470
-0.230
0.550
0.100
-0.820
0.090
-0.260
-0.930
1.490
0.760
0.180
-0.080
1.540
-0.950
-0.420
-0.270
1.100
0.370
0.550
0.330
0.740
1.090
-0.330
-0.380
1.540
-0.050
0.200
-0.390
0.230
0.470
-1.220
-0.250
1.030
0.430
-1.660
-0.750
-1.930
-0.730
0.110
0.130
0.080
-0.370
1.060
1.100
0.770
0.040
0.630
-0.800
0.430
-1.880
-2.010
-2.180
-1.150
-0.890
-2.780
-0.620
0.340
1.460
2.420
-2.690
-1.990
2.130
-2.970
-3.300
-1.310
-0.420
1.340
-3.720
-1.320
-0.480
-0.460
1.370
1.090
1.980
1.970
-0.380
-1.720
0.970
-1.470
-1.390
3.370
1.970
0.000
-3.180
2.140
0.690
0.190
-1.540
1.920
1.480
2.460
2.490
-0.210
0.140
1.680
1.050
0.860
0.600
0.710
-0.270
-0.600
-0.610
-0.520
0.250
-1.010
-0.020
-0.830
0.190
-0.070
2.160
0.480
-0.030
0.230
-0.140
-1.090
1.220
1.430
-0.630
-0.370
0.340
1.830
0.180
-0.090
-0.060
-0.370
0.760
0.650
0.010
-0.280
-0.320
1.000
-0.160
-0.060
0.030
1.040
1.450
-0.150
-0.210
0.200
0.440
-0.380
0.160
0.030
-0.030
0.110
0.060
0.230
-0.340
0.040
-0.030
-0.080
-0.410
0.950
0.350
0.070
-0.220
0.130
-0.020
-0.250
0.070
-0.080
0.420
-0.300
-0.140
0.050
0.570
-0.080
-0.120
0.350
0.400
-0.200
0.250
0.010
0.170
0.220
-0.390
-0.190
-0.100
-0.040
-0.250
-0.210
0.680
0.210
-0.500
0.640
0.060
0.200
-0.700
-0.780
-0.130
-0.160
-0.080
-0.110
0.310
0.060
0.130
0.320
-0.510
-0.260
0.060
0.350
-0.170
-0.010
0.050
-0.100
-0.250
-0.070
0.900
0.160
0.010
0.610
-0.060
-0.240
0.370
0.120
-0.120
0.680
-0.490
0.030
0.100
0.190
-0.050
-0.070
0.380
-0.180
-0.080
0.130
0.230
0.200
0.200
0.120
-0.290
0.240
-0.040
-0.530
-0.170
-0.120
0.040
-0.230
0.120
0.580
0.110
-0.150
0.090
-0.110
0.310
0.030
0.050
-0.180
0.140
0.420
0.070
-0.540
0.030
0.070
0.040
-0.130
-0.040
0.230
-0.060
-0.090
0.220
0.020
0.040
0.370
0.050
-0.290
0.530
0.010
-0.070
-0.120
-0.070
0.090
0.130
0.050
-0.120
0.040
0.680
-0.010
0.000
-0.250
0.040
0.020
-0.240
-0.010
0.380
-0.040
0.310
0.110
-0.160
-0.200
-0.140
0.150
0.070
-0.390
-0.490
-0.230
0.180
-0.240
-0.010
-0.450
0.000
