9.700
9.800
9.850
9.470
9.430
9.370
9.410
9.620
9.650
9.600
9.550
9.800
9.810
9.790
9.730
9.750
9.680
9.630
9.510
9.630
9.850
12.390
12.180
12.040
11.910
11.650
12.000
11.700
11.800
11.900
12.100
12.940
13.200
13.230
13.560
13.640
13.530
13.020
13.000
13.410
13.760
13.680
14.410
14.850
13.940
13.990
14.220
13.900
13.930
13.500
13.560
14.720
14.680
15.100
16.150
16.390
16.570
17.010
16.860
17.110
16.800
17.570
18.060
18.470
18.310
18.180
19.230
19.490
19.680
19.790
19.390
18.640
18.760
18.310
19.020
17.290
17.200
17.060
16.990
16.860
17.080
17.260
17.000
17.090
17.030
17.230
17.010
17.030
17.010
16.930
17.100
17.020
17.180
16.820
17.220
16.910
17.210
17.130
17.620
17.890
17.880
18.050
18.260
18.250
18.360
18.420
18.410
17.750
17.850
18.100
17.380
16.980
17.000
17.550
17.040
18.000
18.780
19.590
19.380
19.860
20.540
20.540
20.480
20.510
21.400
21.570
21.600
21.870
21.110
21.620
22.060
22.830
21.720
21.660
21.610
21.300
20.400
19.800
19.980
22.110
21.620
21.750
21.760
20.890
21.000
21.460
21.750
21.670
22.640
23.830
23.490
23.970
22.800
21.920
22.420
23.120
21.110
22.100
20.750
20.170
18.340
17.790
18.130
17.790
18.340
18.160
18.290
17.980
18.080
18.300
18.250
18.180
17.220
16.880
17.810
17.570
17.500
17.740
17.630
17.900
17.300
17.200
16.530
16.400
16.310
16.500
15.800
16.190
16.060
15.790
15.000
15.000
14.630
14.750
14.450
15.310
15.700
15.400
15.580
14.860
14.880
14.700
15.390
15.190
15.560
15.630
15.940
14.860
14.140
14.200
14.570
14.520
14.510
14.700
14.400
14.050
13.810
14.280
14.440
14.460
14.320
14.780
13.940
13.430
13.280
13.220
13.230
13.610
14.630
14.380
14.770
14.720
14.990
15.430
14.890
15.230
15.600
15.040
14.460
14.330
14.680
14.300
14.300
14.280
14.480
14.080
14.230
14.030
14.230
14.300
13.780
14.380
13.740
12.490
12.670
12.810
12.600
12.190
11.680
11.580
12.710
12.800
12.990
12.570
12.770
12.560
12.210
11.660
11.610
11.770
11.970
12.150
12.380
12.250
13.500
15.000
16.670
16.010
14.670
15.100
15.300
14.740
14.700
14.140
13.800
13.670
12.800
12.800
13.450
13.650
13.630
13.800
13.430
13.000
12.420
11.820
13.130
12.270
12.630
12.300
11.730
12.270
11.830
11.040
10.920
10.440
10.380
10.360
10.230
9.990
10.460
10.230
10.560
10.460
9.950
9.790
10.000
9.100
10.100
11.220
10.840
10.430
9.920
9.200
9.000
10.000
10.510
11.000
10.000
10.120
11.240
12.490
13.880
14.290
15.370
15.080
16.750
16.210
16.340
15.780
16.040
16.000
14.920
14.450
14.260
15.050
14.010
15.550
17.200
17.590
17.640
19.600
21.780
19.800
18.000
16.360
18.180
20.200
21.870
24.300
27.000
29.640
28.660
26.050
26.060
24.950
24.450
26.350
25.060
22.780
22.490
22.420
21.580
23.490
23.580
24.000
23.560
22.020
20.880
20.490
22.400
20.510
20.270
18.430
18.390
17.500
17.090
15.540
15.410
15.990
15.040
15.580
15.010
14.540
14.040
15.150
15.280
15.600
15.460
15.830
15.080
15.020
15.280
15.920
15.790
15.280
13.890
13.840
13.920
13.860
14.460
14.460
13.800
13.310
14.110
14.740
14.240
14.290
13.310
12.950
12.980
13.210
13.150
13.220
13.600
14.180
14.180
14.200
13.690
13.790
12.890
12.280
12.140
12.050
11.340
10.310
10.380
10.540
10.390
10.070
10.200
9.720
9.580
9.600
9.740
9.680
9.770
9.500
9.440
9.450
9.160
9.000
8.990
9.010
9.100
9.280
9.070
9.500
9.720
9.770
9.760
9.730
9.420
9.530
9.390
9.260
9.020
9.380
9.340
8.490
8.500
8.500
8.560
8.540
8.630
8.410
8.290
8.070
7.840
7.880
8.130
8.030
7.970
7.630
8.410
9.340
9.590
9.700
9.970
10.100
10.100
9.700
9.680
9.480
9.830
10.040
10.240
10.350
10.440
10.200
10.100
10.210
10.210
10.260
10.240
10.490
10.580
10.550
10.570
10.400
10.350
10.700
10.730
11.000
11.480
10.750
10.410
10.480
10.400
10.630
10.750
10.600
9.850
9.900
9.170
9.170
9.060
9.150
10.110
13.580
14.090
13.150
12.650
12.500
12.370
12.420
12.470
12.590
12.430
12.420
12.110
11.880
11.720
11.720
12.520
12.180
11.520
11.640
11.690
11.670
11.530
11.280
11.220
10.930
10.370
10.310
10.500
10.250
10.620
10.480
10.180
10.280
10.430
10.470
10.210
9.620
9.820
9.590
9.280
9.130
8.990
9.120
9.140
8.940
8.810
8.960
8.820
8.830
8.860
8.730
8.430
8.480
8.660
8.560
8.740
8.770
8.580
8.740
8.880
8.790
8.650
8.600
8.810
