0.760
-0.030
0.280
0.330
-0.050
-0.160
-0.360
0.220
0.000
0.170
-0.730
0.980
-0.030
0.310
0.050
0.020
0.490
0.330
-0.570
0.350
0.120
0.480
0.290
0.110
0.220
-1.300
-0.430
-0.190
0.260
0.070
-1.550
-0.090
-0.270
-0.450
0.760
0.520
-0.220
0.040
0.600
-0.660
0.230
-1.670
-0.870
0.080
-0.240
0.530
0.200
0.150
0.560
0.690
-1.730
0.100
-0.660
-1.990
-0.010
-2.210
0.290
-0.730
0.760
1.980
0.270
0.430
-0.160
0.850
-2.040
1.580
1.720
0.230
1.540
1.400
0.080
-0.390
0.040
-0.070
-0.450
0.160
-0.100
-0.150
-0.050
-0.280
0.150
0.450
-0.210
0.160
0.090
-0.420
0.040
0.150
-0.350
0.010
-0.850
-0.070
-0.240
0.180
0.040
0.010
-0.410
0.030
-0.310
-0.400
0.710
0.150
-0.140
0.550
0.770
0.000
0.170
-0.380
0.410
-0.270
0.550
-1.050
0.150
0.730
-0.710
-0.400
-0.430
-0.900
0.620
1.510
1.370
1.250
0.150
0.390
0.050
-0.210
0.060
0.120
-0.330
0.420
0.110
0.190
-0.010
-0.150
0.300
0.220
-0.210
-0.130
-0.820
-0.130
-0.050
0.200
-0.110
0.160
-0.320
0.160
-0.170
-0.390
-0.060
0.170
-0.200
0.020
-0.040
0.090
-0.280
-0.270
0.090
-0.080
0.040
0.100
0.290
-0.530
0.220
0.040
0.070
0.010
-0.410
-0.230
0.230
-0.370
0.030
-0.150
0.100
-0.210
-0.140
0.020
0.160
0.750
-0.130
0.090
0.560
0.290
-0.200
0.060
-0.130
-0.160
-0.780
0.420
0.090
0.020
-0.200
-0.120
-0.060
0.550
0.180
0.550
0.220
-0.060
0.000
0.200
-0.380
-0.230
-0.080
0.590
-0.140
-0.190
0.550
0.010
-0.120
-0.310
0.220
0.550
0.390
0.010
0.160
0.060
-0.320
0.070
0.030
0.200
0.090
0.060
-0.350
-1.270
-1.410
0.930
0.440
-0.550
0.450
0.340
-0.390
0.220
0.350
-0.160
0.220
0.310
0.040
0.570
-0.390
-0.660
0.040
0.110
-0.990
1.200
-0.210
0.150
0.780
-0.390
0.030
0.010
0.290
0.300
0.210
0.080
0.410
0.730
0.880
-0.040
0.330
-0.400
0.150
-0.370
0.440
-0.150
0.140
0.410
0.100
-0.310
0.690
-0.860
-0.940
0.260
-0.240
0.320
0.540
0.010
-0.530
-1.000
-0.720
0.990
0.690
-0.970
-1.130
-1.260
-0.610
-1.460
0.000
-1.630
1.480
1.040
0.410
-0.060
0.320
1.190
0.540
-0.380
-0.030
1.070
-1.020
-0.630
-0.040
1.130
-1.250
-1.390
-0.070
0.440
0.640
0.220
0.260
1.130
0.350
-1.210
0.640
1.050
0.950
0.860
-0.700
-1.040
-1.150
-1.280
-1.420
-1.580
0.740
-1.670
-1.860
-1.560
0.230
0.350
-2.170
-0.300
-0.370
-0.780
0.930
0.610
1.490
0.370
0.070
-0.210
0.070
-0.370
-0.590
1.350
0.790
1.440
-1.130
-0.280
0.440
1.660
0.660
0.140
0.090
-0.150
0.370
0.210
0.250
-0.260
0.730
0.460
0.310
-0.920
-0.310
-0.520
0.430
-0.130
0.340
-0.680
-0.240
-0.190
-0.080
0.190
0.580
1.390
-0.030
0.120
-0.310
-0.130
0.170
0.160
0.070
-0.430
0.210
0.080
0.040
0.780
0.010
0.000
0.730
0.130
0.000
-0.320
0.210
0.400
-0.140
0.130
0.240
0.200
-0.050
-0.170
-0.140
-0.190
0.250
-0.290
0.720
0.180
0.590
0.090
0.180
0.020
0.130
0.010
-0.060
0.210
0.110
0.170
0.120
-0.020
-0.060
-0.330
-0.200
-0.050
0.250
-0.230
-0.110
0.150
0.080
-0.130
0.160
-0.220
0.340
0.410
0.230
-0.210
0.000
-0.030
0.030
0.020
-0.230
-0.080
-0.160
-0.070
0.230
-0.030
0.120
-0.180
-0.120
-0.030
-0.100
0.160
-0.100
-0.300
-0.290
-0.080
0.380
0.240
-0.130
-0.120
-0.010
0.190
-0.580
0.240
0.540
0.060
0.100
0.220
-0.220
-0.270
0.100
-0.070
0.020
-0.030
0.080
0.000
0.270
-0.040
0.240
-0.030
-0.450
0.100
-0.800
0.030
-0.180
0.110
-0.220
-0.060
-0.150
-0.180
0.400
-0.150
0.650
0.160
0.070
-0.260
-0.050
0.030
0.390
0.250
-0.330
0.000
0.000
-0.270
-0.310
-0.080
0.250
0.170
0.050
-0.040
-0.090
0.380
0.190
-0.340
0.460
0.060
-0.130
-0.740
0.110
0.270
-0.020
0.950
0.120
0.010
0.250
-0.140
0.250
0.180
0.580
-0.290
0.040
-0.350
-0.150
-0.120
-0.020
-0.420
0.870
0.130
0.010
-0.170
-0.270
-0.090
0.190
0.140
0.010
-0.010
-0.340
0.550
-0.340
0.070
0.800
0.730
0.660
-0.100
0.230
0.590
0.050
-0.110
0.010
0.020
-0.120
-0.070
-0.010
0.120
0.060
0.020
-0.040
