0.190
0.090
-0.030
0.180
0.080
0.130
-0.100
0.010
-0.030
0.160
-0.190
0.020
0.020
0.040
0.070
0.070
-0.140
0.320
-0.150
0.050
-0.110
0.210
0.050
0.030
-0.020
0.040
-0.220
-0.020
0.130
0.140
-0.270
-0.230
0.030
-0.050
-0.030
0.390
-0.070
-0.180
-0.040
-0.250
0.170
-0.010
-0.100
-0.090
0.010
0.260
0.020
0.510
0.010
-0.050
-0.320
-0.120
0.000
-0.300
0.020
-0.030
-0.160
0.090
-0.120
0.050
-0.130
-0.180
-0.070
0.340
0.160
-0.180
0.020
0.000
-0.120
-0.040
-0.390
-0.010
0.020
0.020
-0.250
0.060
-0.150
-0.150
0.010
-0.030
0.220
-0.120
-0.060
0.030
0.390
0.050
-0.080
0.170
-0.230
-0.110
0.060
0.120
0.060
0.260
-0.180
0.040
-0.130
-0.030
0.170
-0.080
-0.010
0.000
-0.010
0.290
0.080
0.300
0.270
0.050
-0.280
0.120
0.040
0.210
-0.130
0.300
-0.400
-0.210
-0.110
-0.230
-0.130
0.030
-0.430
0.170
0.930
0.360
0.020
-0.130
-0.160
-0.010
-0.110
0.010
-0.050
0.490
-0.040
0.030
0.070
0.140
-0.330
0.010
-0.680
-0.130
-0.050
0.060
0.080
0.070
-0.150
-0.010
0.060
-0.220
-0.110
0.130
-0.180
-0.190
0.040
0.100
0.020
-0.160
-0.030
0.280
-0.090
-0.150
0.100
-0.190
0.040
-0.300
0.040
0.080
-0.210
-0.210
0.140
-0.240
0.120
-0.030
-0.240
0.000
-0.210
0.350
0.340
-0.010
0.110
-0.070
0.410
0.520
0.150
-0.060
-0.060
0.000
-0.560
-0.340
0.000
-0.030
-0.100
0.070
-0.230
0.060
-0.940
0.180
0.040
0.020
0.950
0.040
-0.290
-0.190
0.070
0.010
0.090
-0.100
-0.200
0.010
-0.250
-0.020
-0.040
-0.300
0.040
0.530
0.290
0.230
-0.430
-0.010
0.070
-0.130
-0.320
0.150
0.010
0.290
0.150
-0.170
0.370
-0.700
0.230
-0.870
-0.660
-0.330
-0.030
0.150
-0.460
-0.060
0.170
-0.010
-0.320
-0.510
-0.610
0.850
0.560
0.410
0.070
0.000
-0.420
-0.060
-0.390
0.150
0.180
-0.290
0.200
-0.400
-0.030
-0.420
0.260
1.270
1.160
0.260
-0.280
-0.180
0.560
0.150
0.230
0.650
0.370
0.110
-0.260
-0.450
-0.450
0.250
0.150
-0.280
0.030
0.120
-0.400
1.000
0.280
0.660
-0.360
-0.220
-0.010
-0.720
0.130
-0.250
0.460
0.050
0.000
0.340
0.250
-0.080
0.160
-0.110
-0.300
-0.360
0.180
0.180
-0.100
0.810
0.320
0.320
-0.130
0.500
-0.260
-0.030
0.340
-0.030
0.080
0.000
0.330
0.690
0.270
-0.050
-0.120
0.240
0.050
-0.130
-0.220
0.140
0.170
-0.290
-0.090
0.320
0.270
-0.540
-0.240
-0.790
0.050
-0.230
0.160
0.170
0.140
0.200
0.380
-0.150
0.010
0.190
-0.100
0.240
0.090
0.420
-0.440
-0.400
-0.800
0.120
-0.170
-0.590
-0.200
0.540
0.170
-0.550
0.450
-0.100
0.130
-0.590
0.380
-0.930
0.160
0.120
-0.990
-0.340
0.230
0.300
-0.250
-0.100
0.200
-0.680
0.050
0.130
-0.320
0.980
0.890
0.660
0.470
-0.240
0.000
0.050
-0.350
-0.070
0.210
0.090
-0.320
0.350
-0.220
-0.370
0.490
0.200
0.020
0.080
0.280
0.110
0.000
-0.110
0.170
-0.270
-0.120
0.070
-0.090
-0.040
0.130
0.090
0.490
0.030
-0.180
-0.060
-0.020
-0.430
0.540
0.010
0.200
0.370
-0.730
0.040
0.110
0.060
0.150
-0.170
0.300
0.630
0.080
0.260
0.050
0.030
-0.130
0.080
-0.230
0.100
-0.200
-0.040
0.190
0.230
-0.050
0.550
-0.350
-0.640
-0.060
0.010
0.160
0.350
0.170
-0.070
-0.480
-0.360
0.460
0.290
-0.070
-0.670
-0.750
-0.550
-0.260
0.210
-0.900
0.220
0.020
0.320
-0.370
-0.080
0.400
0.220
0.110
0.110
0.730
-0.480
0.050
-0.150
0.480
-0.390
-0.860
-0.320
0.310
0.240
0.130
0.180
0.640
0.350
-0.190
0.660
0.600
-0.670
-0.500
-0.800
-0.840
-0.510
0.760
-0.640
-1.030
0.200
0.360
-0.200
-1.100
-0.420
-0.340
-1.310
1.190
0.050
0.230
0.300
0.540
0.020
-0.330
0.260
-0.200
0.320
0.470
0.710
-0.410
-0.300
-0.500
0.210
-0.110
0.040
-0.420
0.120
-0.250
-0.030
0.310
0.330
-0.510
0.080
-0.150
-0.510
-0.290
-0.240
-0.350
1.140
-0.370
0.270
-0.220
-0.010
0.010
0.350
-0.370
-0.500
-0.460
1.150
1.050
0.950
0.720
-0.390
1.000
0.550
1.660
0.330
-0.520
-0.580
-0.040
0.710
0.550
0.120
0.390
-0.060
0.650
0.120
-0.100
0.040
-0.020
-0.010
0.590
0.280
0.030
-0.080
0.880
-0.400
-0.490
-0.310
0.420
0.560
-0.070
0.050
0.010
-1.110
0.330
0.600
0.560
1.020
0.270
0.640
-0.300
0.290
0.120
-0.230
0.130
0.580
0.210
0.030
-0.120
0.220
0.300
0.100
-0.170
-0.230
-0.070
0.060
0.300
-0.070
-0.460
-0.230
-0.170
-0.380
-0.050
0.060
0.370
-0.090
0.490
-0.590
-0.070
-0.650
-0.090
0.150
0.150
-0.130
-0.260
0.030
-0.090
0.430
0.010
-0.030
0.160
0.060
0.590
0.160
-0.220
-0.130
0.320
-0.570
-0.010
0.050
0.530
-0.090
-0.110
-0.020
0.090
0.360
0.200
0.250
0.030
-0.010
-0.130
-0.320
-0.010
0.000
-0.150
-0.250
0.240
0.000
-0.160
-0.220
-0.180
0.220
0.010
0.230
-0.030
0.010
0.020
0.190
-0.040
0.270
0.020
-0.030
-0.630
-0.060
0.000
0.100
-0.030
-0.030
0.090
0.270
0.400
0.100
0.090
0.010
-0.220
0.010
-0.280
0.320
-0.030
0.150
-0.140
-0.020
0.180
0.120
-0.090
-0.100
-0.140
-0.020
0.090
0.160
0.000
0.040
-0.100
-0.200
0.090
0.180
-0.030
0.040
0.110
-0.120
-0.190
-0.050
0.500
0.010
-0.060
0.030
0.140
0.340
0.000
-0.150
-0.080
0.150
