12.030
12.040
11.740
11.730
11.710
12.600
12.740
12.740
12.740
12.580
12.630
12.500
12.290
12.230
12.220
12.000
11.880
11.940
11.960
11.960
11.790
11.860
11.790
11.750
11.500
11.280
11.510
11.720
11.570
11.450
11.360
11.530
11.430
10.930
10.650
10.560
10.280
10.260
10.500
10.850
11.170
11.290
11.170
11.130
11.360
11.390
11.410
11.320
11.000
11.050
11.090
11.370
11.360
11.270
11.200
11.360
11.410
11.600
11.700
11.700
11.600
11.660
11.760
11.660
11.210
11.120
11.470
11.650
11.580
11.680
11.640
11.750
12.140
12.330
12.080
12.090
12.020
11.990
12.130
12.150
12.130
12.200
12.370
12.110
11.820
11.590
11.700
11.540
11.510
11.690
11.650
11.770
11.490
11.260
11.170
11.220
11.140
11.270
11.350
11.210
11.340
11.270
11.340
11.410
11.380
11.450
11.320
11.280
11.250
11.320
11.400
11.190
11.120
11.130
10.940
11.520
11.870
11.960
12.080
12.070
12.120
12.030
12.100
12.020
11.920
12.020
12.120
12.240
12.280
12.330
12.560
12.650
12.530
12.550
12.750
12.610
12.550
12.620
12.530
12.830
12.840
12.940
12.860
12.820
12.790
12.930
13.010
13.020
13.090
13.160
13.080
13.190
13.310
13.160
13.150
13.260
13.320
13.420
13.160
13.130
13.090
12.920
13.080
12.940
13.010
13.040
12.980
13.080
13.320
13.240
13.520
13.550
13.500
13.590
13.610
13.610
13.180
13.230
13.330
13.340
13.360
13.390
13.010
13.000
12.860
12.940
12.830
13.000
13.070
13.090
13.100
13.150
13.100
13.050
13.020
13.670
13.730
13.540
13.680
13.350
13.370
13.420
13.490
13.400
13.250
13.310
13.310
13.600
13.560
13.470
13.730
13.600
13.770
13.680
13.740
13.300
13.180
13.370
13.510
13.320
13.150
13.380
13.270
13.350
13.270
13.380
13.710
14.140
15.250
15.200
15.100
15.270
14.430
14.550
14.130
14.200
14.570
14.380
13.990
13.900
14.130
13.740
13.920
13.800
13.830
13.590
13.830
13.660
13.810
13.640
13.160
13.530
13.250
12.800
12.950
12.980
12.860
13.150
12.770
12.840
13.930
14.000
14.000
14.100
14.170
13.940
14.030
13.060
13.200
13.300
13.160
13.240
13.680
13.680
13.250
12.730
13.290
12.910
12.680
12.810
12.950
13.200
13.300
13.880
14.710
14.590
14.500
14.040
14.280
13.940
14.180
13.960
14.220
13.700
14.190
15.460
15.360
15.750
16.040
15.890
15.700
16.090
15.460
15.660
16.360
16.240
15.740
16.670
17.180
16.560
34.000
33.910
35.570
32.920
29.930
29.150
28.570
26.800
25.570
25.740
26.320
24.950
25.230
25.590
26.090
25.790
24.910
26.490
26.650
25.340
25.500
27.220
26.500
29.440
29.810
29.530
28.940
28.230
28.370
27.770
26.200
26.380
27.510
27.200
27.990
29.550
32.830
32.120
35.010
38.900
39.510
38.770
38.950
39.620
39.550
39.850
41.790
39.480
40.370
41.310
40.880
40.150
39.720
37.750
39.320
39.430
38.670
38.850
36.080
35.750
34.460
35.900
35.810
36.060
39.880
41.330
40.160
39.050
40.330
39.760
37.830
38.400
40.450
39.690
42.300
43.460
39.610
40.190
37.410
35.990
36.970
34.790
35.500
38.540
35.040
34.820
37.200
37.050
34.830
31.660
28.780
30.030
29.810
28.420
28.390
27.210
26.900
26.130
25.760
24.080
26.100
26.280
25.350
25.830
24.090
22.980
22.620
20.560
22.840
25.380
24.740
25.780
24.090
21.900
20.670
22.950
25.500
28.330
25.810
25.480
28.310
31.460
34.950
38.600
38.610
35.100
39.000
38.410
39.350
37.020
38.650
38.720
35.860
32.600
33.630
33.960
30.870
33.780
34.470
37.460
34.880
38.760
43.070
40.960
39.610
39.470
40.160
37.920
34.470
33.550
36.180
32.890
29.900
33.220
36.910
41.010
45.570
48.570
44.160
44.600
45.450
49.010
48.510
47.780
53.090
57.650
56.910
62.500
63.200
57.450
58.100
54.990
55.150
60.770
62.450
61.000
62.780
62.690
56.990
56.880
60.780
63.920
63.300
63.130
66.600
65.570
67.700
62.900
57.180
51.980
54.670
49.700
45.180
41.070
40.150
40.140
44.600
47.190
42.900
39.000
35.450
32.230
29.300
26.640
24.220
22.020
20.020
18.200
17.950
17.910
18.080
17.190
16.790
16.770
17.170
17.840
17.780
17.650
17.430
17.330
18.320
18.810
18.860
19.370
19.750
19.250
18.940
18.860
17.900
19.120
19.500
20.300
20.120
19.660
19.580
20.380
20.350
20.660
20.950
20.220
19.840
19.420
19.850
19.800
19.350
18.820
18.700
19.950
19.900
21.400
21.810
21.820
21.650
22.110
21.850
21.590
22.200
22.300
21.830
21.350
21.800
21.650
21.760
21.650
21.940
21.050
21.280
21.980
22.520
22.410
22.840
23.680
23.100
22.730
22.620
23.150
22.940
23.080
22.810
23.250
23.080
24.320
24.650
24.630
25.510
24.550
22.320
20.290
19.830
19.730
20.600
20.000
20.400
20.850
20.050
19.500
20.010
20.060
19.290
19.120
18.620
19.000
19.020
18.710
18.280
18.480
18.140
17.680
17.640
18.300
18.260
17.970
18.000
17.340
17.000
17.400
17.870
17.580
18.150
18.290
18.050
18.730
19.610
19.400
19.450
19.450
20.450
