9.710
9.780
9.660
9.720
9.670
9.700
9.740
9.980
9.070
9.000
9.190
9.390
9.440
9.320
9.190
9.270
9.010
9.010
8.860
9.290
9.400
9.080
8.750
8.720
8.630
8.440
9.120
9.130
9.130
9.230
9.200
9.460
10.020
10.000
10.120
9.990
9.760
9.790
9.850
9.990
10.150
9.990
10.490
10.800
11.040
10.900
11.050
10.860
10.820
11.000
11.150
11.700
11.610
11.690
11.860
12.120
12.500
12.920
13.070
12.700
12.370
12.830
12.650
12.680
12.300
12.100
12.610
12.800
12.800
12.930
12.880
13.150
13.660
13.660
13.650
13.640
13.410
13.550
13.570
13.780
13.800
13.750
13.830
13.780
13.630
13.550
13.680
13.490
13.330
13.310
13.250
13.300
13.270
13.270
13.200
13.470
13.190
13.130
13.190
13.030
13.230
13.190
13.120
13.060
12.810
12.940
12.940
12.760
12.750
12.810
12.680
12.600
12.600
12.610
12.290
13.390
14.300
14.100
14.180
14.280
14.150
14.250
14.140
13.780
13.640
13.780
13.840
13.850
13.920
13.840
14.080
13.970
13.870
13.880
13.600
13.550
13.430
13.600
13.370
14.210
14.020
14.040
14.030
13.910
14.170
14.190
14.300
14.340
14.830
14.840
14.850
14.900
15.190
15.210
15.060
15.110
15.210
15.250
15.070
15.200
15.090
14.730
14.690
14.600
14.700
14.430
14.600
14.670
15.250
15.290
15.440
15.150
15.070
15.680
15.100
15.130
14.790
14.730
15.020
15.170
15.290
14.380
13.990
14.010
13.850
13.980
13.500
13.810
14.040
14.010
14.010
14.040
13.530
13.300
13.100
13.330
13.450
13.340
13.450
13.140
13.080
13.170
13.400
13.390
13.400
13.400
13.470
13.600
13.560
13.350
13.800
13.630
13.280
13.280
13.050
12.750
12.800
13.020
13.140
13.000
12.730
12.810
12.860
12.510
12.260
12.930
13.520
13.300
14.290
14.470
13.150
13.330
13.220
13.200
13.290
13.100
13.180
12.890
12.840
12.710
12.870
12.950
13.100
13.110
13.160
12.770
12.750
12.790
12.640
12.410
12.150
12.480
12.390
12.040
12.270
12.540
12.020
12.420
11.550
11.280
12.380
12.400
12.290
12.410
12.590
12.050
12.110
11.560
11.660
11.520
11.410
11.300
11.570
11.400
11.160
11.010
11.590
11.550
11.320
11.510
11.590
11.880
11.820
13.100
14.220
13.900
14.060
13.190
13.560
13.910
14.140
13.490
12.970
12.780
13.320
14.310
13.750
14.140
13.830
13.650
13.640
13.520
13.040
13.300
13.840
13.380
13.020
12.910
12.910
12.350
12.960
13.170
13.120
13.330
13.110
13.450
12.790
11.970
11.560
11.610
11.730
11.260
11.300
11.720
12.240
11.610
11.200
11.860
12.000
11.400
11.300
12.550
12.980
14.200
14.030
14.360
14.340
14.560
14.450
13.690
13.430
13.400
13.750
13.700
13.120
12.400
12.400
12.190
13.030
12.280
11.940
10.850
10.500
11.390
11.410
10.600
10.250
11.300
10.760
11.460
11.930
13.260
13.660
15.180
14.350
15.280
16.980
18.260
17.840
19.780
18.030
16.390
14.900
14.770
13.990
13.910
13.870
13.600
13.460
13.480
13.150
13.010
13.530
14.050
13.440
13.160
13.160
12.670
13.200
13.030
13.240
14.330
14.740
14.160
13.980
13.750
13.800
12.660
13.150
12.990
12.310
12.890
13.070
12.440
12.160
12.330
12.110
11.810
10.980
10.800
11.820
12.070
10.970
10.910
10.910
10.930
10.150
9.730
10.810
10.620
10.420
10.200
9.890
10.080
9.960
9.170
8.980
8.590
8.510
8.520
8.800
8.610
8.790
8.580
8.860
8.830
8.510
8.230
8.170
7.430
8.260
8.890
8.560
8.990
8.630
7.970
8.420
9.360
10.400
10.400
9.450
8.980
9.240
10.270
11.410
12.560
13.880
14.300
15.890
15.880
14.440
13.130
12.290
11.890
11.120
10.320
10.440
10.540
9.600
10.600
10.790
10.990
10.080
10.750
11.820
12.140
11.950
11.090
10.080
9.950
9.270
9.370
10.410
9.900
9.000
8.180
7.440
8.150
9.050
10.060
11.180
12.420
13.800
13.270
14.740
16.380
17.200
16.340
17.060
18.950
20.420
19.580
21.400
19.450
18.490
17.540
16.980
17.330
17.930
17.900
18.500
16.910
15.480
14.500
14.800
16.220
15.360
14.730
13.390
12.980
12.820
12.500
12.550
11.980
12.410
12.090
11.680
11.400
11.080
10.750
11.650
11.760
11.710
11.730
11.600
11.570
12.020
11.760
11.910
10.830
10.540
10.210
10.520
10.350
10.270
10.830
11.040
10.640
10.390
10.730
10.770
10.680
10.330
10.100
9.980
10.200
10.010
9.680
9.590
9.650
9.810
9.550
9.630
9.600
9.580
9.460
9.310
9.130
9.310
9.360
9.230
9.150
9.290
9.200
8.830
8.770
8.710
8.690
8.600
8.440
8.380
8.410
8.190
8.140
8.100
8.020
7.980
8.100
8.150
8.270
8.080
8.000
8.060
8.170
8.280
8.250
8.220
8.120
8.270
8.200
7.880
7.580
7.850
7.700
7.640
7.720
7.600
8.000
8.180
8.280
8.170
8.170
8.170
8.090
8.140
8.470
8.500
8.400
8.350
8.800
9.780
10.630
9.760
9.420
9.610
9.480
9.220
9.180
8.900
9.320
9.270
9.280
9.300
8.960
8.960
8.760
8.540
8.430
8.290
8.160
8.100
8.010
8.140
8.070
8.050
8.020
7.930
8.320
8.200
8.970
8.830
8.770
8.870
8.960
8.700
8.740
8.540
8.610
8.340
8.040
8.010
8.010
8.460
8.790
8.770
8.630
8.800
9.030
8.950
8.940
8.570
8.440
8.520
8.260
8.180
7.970
7.930
8.040
7.900
7.820
7.920
7.900
7.840
7.850
8.270
8.230
8.000
8.170
7.900
7.700
7.560
7.590
7.490
7.360
7.210
7.190
7.500
7.070
7.330
7.460
7.360
7.370
7.300
7.360
7.140
7.080
7.080
7.070
7.080
6.960
6.920
7.040
7.020
7.020
6.910
6.910
6.900
6.850
6.810
6.740
6.710
6.860
7.140
6.720
6.730
6.730
6.750
6.630
6.620
6.630
6.510
6.470
6.590
