9.850
9.790
9.760
9.760
9.750
9.800
10.100
9.980
9.070
9.280
9.390
9.460
9.490
9.370
9.300
9.350
9.090
9.070
9.300
9.550
9.470
9.110
8.940
8.800
8.650
9.110
9.340
9.220
9.240
9.250
9.470
10.010
10.150
10.140
10.380
10.090
9.880
9.900
9.940
10.210
10.280
10.490
10.860
10.980
11.060
11.140
11.140
10.930
11.140
11.450
11.740
11.840
11.810
12.050
12.200
12.490
12.900
13.170
13.180
12.700
12.840
12.860
12.780
12.680
12.390
12.670
12.860
12.900
13.020
12.980
13.260
13.620
13.700
13.880
13.850
13.790
13.610
13.660
13.770
13.880
14.070
13.880
13.870
13.900
13.660
13.730
13.750
13.680
13.580
13.430
13.320
13.490
13.370
13.300
13.450
13.800
13.390
13.320
13.340
13.240
13.250
13.210
13.250
13.250
13.100
12.940
12.990
12.940
12.870
12.920
12.750
12.710
12.700
12.690
13.400
14.220
14.700
14.280
14.420
14.440
14.330
14.390
14.330
13.850
13.930
13.900
14.100
13.980
13.950
14.130
14.200
14.010
14.070
14.140
13.740
13.750
13.860
13.700
14.320
14.430
14.260
14.090
14.220
14.180
14.350
14.330
14.460
14.900
14.970
14.930
15.010
15.250
15.340
15.300
15.180
15.270
15.640
15.260
15.260
15.230
15.450
14.940
14.730
14.770
14.960
14.790
14.920
15.300
15.420
15.480
15.540
15.330
15.780
15.680
15.450
15.200
15.140
15.020
15.200
15.260
15.820
14.950
14.160
14.380
13.980
14.030
13.970
14.140
14.420
14.040
14.260
14.110
13.670
13.390
13.730
13.610
13.460
13.480
13.460
13.210
13.240
13.460
13.490
13.550
13.490
13.630
13.580
13.940
13.700
13.980
13.800
13.970
13.760
13.460
13.270
12.940
13.280
13.320
13.490
13.050
13.050
12.940
13.150
12.570
12.810
13.550
13.670
14.440
14.640
14.470
13.600
13.440
13.270
13.250
13.330
13.430
13.250
12.950
12.840
12.950
12.950
13.190
13.380
13.450
13.240
12.840
12.950
12.900
12.770
12.420
12.490
12.640
12.430
12.490
12.430
12.860
12.490
12.420
11.600
12.200
12.470
12.550
12.500
12.600
12.630
12.300
12.150
11.750
11.890
11.540
11.550
11.620
11.740
11.400
11.450
11.540
11.780
11.590
11.620
11.600
12.090
11.970
12.840
14.370
14.270
14.100
14.200
13.460
14.280
14.140
14.700
13.530
12.970
13.450
14.340
14.310
14.250
14.370
13.940
13.960
13.650
13.610
13.200
13.860
14.290
13.480
13.090
13.300
13.060
12.990
13.460
13.330
13.660
13.360
13.380
13.680
13.170
12.060
12.080
11.920
11.960
11.390
11.870
12.300
12.400
11.740
12.080
12.490
12.170
11.550
12.590
13.240
14.670
14.380
14.380
14.600
14.990
14.900
14.790
14.160
13.850
14.060
14.330
13.940
13.490
12.870
12.870
13.450
13.160
13.130
11.940
10.880
11.550
11.730
11.570
10.890
11.330
11.370
11.840
11.970
12.750
14.200
14.700
15.440
14.730
16.750
18.080
19.130
19.140
19.830
18.030
16.390
16.000
14.800
14.160
14.470
14.110
13.960
13.680
13.480
13.250
13.580
13.960
14.490
13.770
13.440
13.210
13.250
13.530
13.440
14.490
14.890
14.880
14.500
14.300
13.950
13.900
13.460
13.660
12.990
12.790
13.420
13.260
12.800
12.280
12.850
12.400
11.930
11.100
11.600
12.570
12.070
11.670
10.990
11.480
11.100
10.250
10.980
10.820
11.050
10.750
10.200
10.090
10.240
10.090
9.250
9.160
8.600
8.650
8.740
8.800
9.380
8.870
8.840
8.970
8.900
8.560
8.770
8.170
8.160
9.500
8.930
8.910
9.230
8.650
9.060
9.550
10.050
10.900
10.400
9.500
9.780
9.860
10.940
12.450
13.700
14.630
15.850
17.300
15.880
14.440
13.460
12.700
11.990
11.220
10.700
10.990
10.550
10.590
11.190
11.550
11.000
11.160
12.390
12.880
12.470
11.950
11.090
10.600
10.180
9.750
10.200
10.890
9.900
9.000
8.180
8.250
8.350
10.950
10.950
12.130
14.100
13.880
15.320
15.510
17.950
17.450
17.150
18.970
20.980
20.550
21.640
21.400
20.130
18.500
18.000
17.550
18.380
18.540
18.530
18.500
16.940
15.600
15.140
16.200
16.700
15.880
14.730
13.950
13.040
13.250
12.660
12.550
12.430
12.690
12.240
11.790
11.580
11.130
11.600
12.190
12.280
11.880
11.900
11.750
12.110
12.250
12.290
11.910
10.900
10.550
10.510
10.790
10.500
10.770
11.050
11.150
10.700
10.770
10.810
10.960
10.780
10.440
10.170
10.250
10.360
10.160
9.690
9.650
9.900
9.830
9.650
9.740
9.650
9.640
9.500
9.330
9.370
9.440
9.590
9.310
9.500
9.300
9.240
8.950
8.770
8.730
8.760
8.600
8.500
8.480
8.430
8.300
8.210
8.120
8.060
8.150
8.200
8.330
8.310
8.110
8.050
8.240
8.310
8.380
8.300
8.230
8.270
8.300
8.250
7.900
7.890
7.900
7.760
7.760
7.730
8.020
8.230
8.300
8.340
8.240
8.280
8.240
8.200
8.590
8.630
8.500
8.650
8.820
9.900
10.600
10.660
9.900
9.550
9.730
9.540
9.270
9.240
9.260
9.600
9.330
9.420
9.550
9.090
9.150
8.840
8.600
8.490
8.290
8.220
8.130
8.190
8.260
8.110
8.160
8.020
8.280
8.440
9.020
8.970
9.120
8.930
9.040
9.150
8.900
9.170
8.720
8.630
8.350
8.150
8.170
8.690
8.860
9.010
8.780
8.900
9.420
9.090
9.220
9.250
8.630
8.520
8.570
8.270
8.190
8.040
8.090
8.040
7.970
7.990
7.960
7.930
7.900
8.300
8.440
8.300
8.230
8.230
8.000
7.800
7.690
7.730
7.630
7.430
7.290
7.750
7.530
7.340
7.460
7.500
7.460
7.580
7.370
7.370
7.150
7.170
7.090
7.130
7.080
6.980
7.050
7.070
7.060
7.040
7.060
6.950
6.970
7.050
6.840
6.760
6.870
7.060
7.390
6.770
6.770
6.760
6.760
6.640
6.650
6.650
6.560
6.660
6.600
