17428.07
13434.03
17445.91
14409.31
11949.21
15729.67
9499.53
11640.38
17537.71
22479.84
14977.40
12682.94
15196.13
11295.03
17240.66
22308.49
15272.67
34978.98
24566.38
20991.51
24705.36
28159.92
12506.90
14745.19
18044.14
24164.79
15155.18
14923.75
32049.51
9254.33
11773.98
9946.51
10970.71
10676.44
23149.59
23920.98
5462.20
6654.03
8872.59
6863.88
7064.41
11296.54
8550.33
4665.44
6408.95
5433.89
5290.91
9191.49
4769.96
9059.99
7935.65
6823.86
6382.71
10203.96
5261.23
5944.26
6891.19
4799.32
6766.98
7127.62
11328.68
6045.75
6979.89
9828.86
8543.73
9789.70
18097.77
6982.19
12263.93
7723.77
13271.20
18829.54
13162.10
24808.87
14401.80
12653.43
10181.67
12070.05
13716.77
24117.45
10589.76
19031.68
7434.96
10057.92
9358.64
11456.59
8635.00
9012.38
15386.97
19874.66
6071.18
5408.86
6674.08
5151.61
7205.77
6300.14
7765.12
7716.89
8041.32
6920.21
12306.45
6553.15
6318.39
7472.03
7448.04
1.00
9838.13
7700.04
10072.43
18654.70
7038.89
7370.24
5333.71
12889.62
15685.22
9494.28
9636.85
5575.22
8409.45
5174.87
9092.14
7893.46
8137.05
5185.29
6541.33
4762.76
5251.85
8995.71
5674.89
4316.64
5147.58
6009.43
5265.53
4695.68
5896.44
7788.73
6425.00
9616.02
16046.01
8628.22
6207.63
10184.93
5747.98
8096.31
15902.37
7751.96
10055.91
10782.27
15423.96
23681.73
18944.13
22171.96
35942.07
53753.21
29257.12
13109.13
15919.72
13887.58
16173.79
31610.41
30853.30
26182.78
20832.67
19770.29
32101.04
32180.65
35670.85
22997.11
17090.00
9207.40
7498.44
11481.96
12108.93
11071.92
15224.39
15502.59
13726.38
25619.26
13726.26
19098.94
38874.89
15593.86
7686.05
12228.89
11050.96
14490.90
16157.19
11310.17
10084.02
5852.15
5792.40
8904.69
8493.82
8046.60
13231.78
15145.22
26538.37
19870.40
16569.93
8560.30
8469.14
10674.95
6435.36
9507.75
8539.20
7494.23
8137.60
8148.14
8021.88
8821.76
6480.88
9017.84
8848.97
8474.09
14921.17
6594.47
10514.08
8461.07
7631.64
6118.72
9058.42
6616.32
7268.68
5607.38
10913.00
10006.30
15613.50
29669.98
15602.39
17615.50
30645.25
23653.22
18498.96
11845.29
12977.00
13287.48
23155.04
19423.78
18904.91
19000.40
16165.76
21132.33
39896.13
22168.13
24653.93
36737.08
48872.78
21761.13
33733.65
18100.19
15558.27
11598.24
10096.20
14220.56
16161.37
11492.60
10452.00
13178.95
10646.93
15845.18
13813.24
16236.00
21883.92
26508.40
14629.19
17921.69
31316.64
8805.70
12799.34
14356.04
16496.40
10817.20
14180.31
12322.78
20018.96
14956.76
13765.14
8614.71
7865.56
12472.51
14788.37
10392.05
20536.82
34616.98
42052.48
14404.30
19497.08
11850.41
14439.55
13113.13
12514.36
11300.39
13711.53
18267.88
37656.89
21580.09
25695.08
22483.15
43002.25
61615.46
28566.05
25323.89
19092.83
24833.27
28844.88
25844.17
30240.48
46174.39
25574.32
21376.91
32301.46
19490.10
30176.18
29493.76
26431.17
45582.26
44902.31
32047.70
15729.54
17192.47
28109.47
10060.69
14998.24
19973.59
19995.29
17532.14
26518.39
26352.10
27162.85
25178.40
33546.76
33894.36
43856.60
29925.95
31727.21
43644.36
54647.41
37691.65
44299.13
33013.98
24307.16
53987.52
28514.06
21226.98
26593.04
20284.69
23478.29
21864.98
32965.46
30133.54
23991.45
24363.79
31774.81
29528.53
37543.06
35288.35
35803.23
39462.07
27630.82
29708.29
34192.04
32818.49
9257.00
29164.64
34938.30
25689.98
28365.64
20261.08
23917.79
42952.70
28189.64
19248.96
41109.01
24299.36
23931.31
44897.61
56064.75
60674.87
37910.30
36193.15
39177.43
66789.12
34954.32
33273.98
41655.60
35843.59
36328.95
49509.71
71676.16
67098.02
55600.72
59342.37
55242.85
72691.28
86320.54
69829.76
33943.51
35293.55
48614.39
31734.06
41800.16
46213.96
49347.23
38705.41
57114.43
39968.53
55372.48
58447.68
53119.00
46856.15
35855.48
33314.96
33141.71
49123.53
49713.33
53150.58
49380.44
57940.41
44896.09
34870.94
55080.76
52337.89
28561.32
33833.90
36713.34
26408.28
26655.41
580.65
17869.18
20358.11
33525.93
27342.92
30807.10
25523.82
32520.19
29332.09
19824.67
28833.55
20315.09
21312.70
20791.23
20790.48
22878.31
38170.89
28504.93
45788.24
56173.79
20693.53
24007.79
32398.94
29299.84
40195.06
26030.59
25035.63
22085.98
23856.72
33452.90
39353.76
26117.54
35668.98
34686.33
34299.12
47273.13
46342.99
40378.55
25977.51
38644.32
35953.48
37653.61
38184.77
49693.67
59464.67
58030.24
86194.11
75366.38
56246.26
54502.19
38398.11
46656.04
35821.83
44814.17
43448.91
74214.97
36780.59
14437.88
49235.53
127606.78
25016.31
67738.05
51367.25
32738.41
41275.87
50534.72
30312.63
27238.54
33630.14
31484.42
32432.52
27426.24
29750.15
29418.59
28642.31
34840.37
34721.23
42045.50
42127.44
54772.94
39299.40
53623.30
66093.64
69570.33
60248.39
71747.31
45516.53
87853.51
60170.27
65660.89
50055.29
67267.15
54337.24
65017.14
54551.01
53986.64
55439.31
66710.30
82292.73
102511.57
76114.60
34967.54
26509.27
33019.37
26881.09
31290.27
59202.21
24863.57
40613.41
42830.60
27991.75
31681.10
29650.60
28156.49
29131.49
26213.73
37110.19
35596.52
37572.19
32381.73
26790.88
37611.92
43739.66
48529.22
35479.86
53206.76
44151.75
39098.33
48451.59
37706.21
64253.22
70618.55
74711.16
58999.59
52842.41
57152.42
58869.29
42204.36
57460.46
29516.00
27040.40
43790.37
30466.70
27526.70
36545.05
25389.07
31682.96
38700.63
57725.27
46959.00
50838.09
47538.48
291.50
37787.31
59698.71
64049.96
31871.65
38264.07
35984.76
41613.07
40853.15
85349.95
58400.76
53368.49
16281.32
21759.72
33986.85
23400.39
21740.71
22854.07
26958.04
26529.05
27629.32
33750.22
36419.16
27411.81
11626.90
14852.34
26432.31
11011.98
11754.58
10576.42
12436.90
18211.68
16961.44
10696.80
15371.29
24735.25
17233.89
17521.89
24175.40
27615.42
23721.41
30532.76
24753.22
23089.03
19347.76
34658.53
26882.44
18080.31
22728.86
42421.68
41566.16
65872.46
44271.34
42406.21
49834.16
55701.13
37711.76
33517.61
38601.62
47445.87
40491.10
27408.91
51699.01
18614.55
23925.45
17726.46
25112.34
24112.84
40587.20
34416.10
43813.71
29235.77
41682.82
56790.34
47278.10
30056.44
39663.55
29565.79
30101.42
28753.68
51207.93
34902.57
21974.91
34308.18
12003.25
16438.54
14043.94
12980.06
11543.50
12848.07
14425.20
23407.12
18763.98
15741.61
21345.71
13507.03
15713.13
14343.40
9998.90
15429.71
16097.86
14301.99
12678.00
23361.98
16663.61
17867.62
24836.26
32855.19
20680.82
24500.96
27694.34
23547.99
15992.55
12320.37
8310.48
9548.89
12831.37
14642.90
14693.17
22111.21
15613.18
29234.52
22157.21
28703.75
20004.05
17559.62
16238.90
25077.54
16858.57
29493.89
13387.45
12226.38
15667.07
9532.08
10656.95
9055.27
10313.30
15575.79
9906.88
6251.39
5959.70
6094.54
5863.23
6899.71
4243.89
6428.29
8938.56
16529.06
7875.81
9597.03
12798.77
16069.58
14627.73
