12.000
11.950
11.740
11.550
11.470
11.420
11.350
11.490
11.410
11.130
11.150
11.760
11.410
11.420
11.520
11.500
11.210
10.620
10.600
10.530
10.560
10.120
10.030
10.020
9.710
9.700
10.390
10.530
10.100
9.910
10.590
11.450
11.390
11.720
11.570
10.550
10.810
10.680
10.400
10.730
10.760
10.550
11.700
12.000
12.120
11.910
11.800
11.250
11.520
11.830
11.720
12.260
12.110
11.900
12.710
13.620
15.090
15.050
15.530
14.900
14.710
15.680
15.940
15.080
15.700
16.510
15.860
16.490
14.860
14.520
14.400
15.150
14.860
14.710
14.910
15.050
15.200
15.740
15.880
16.340
16.200
14.560
14.560
14.500
15.000
14.690
14.550
14.600
14.370
14.240
14.350
14.620
14.860
14.410
14.850
14.850
14.900
15.050
14.520
15.110
16.400
16.000
15.420
15.190
15.210
14.000
14.700
15.170
15.000
15.770
17.520
17.110
16.230
15.700
14.200
14.580
14.320
14.300
12.520
11.680
10.110
9.610
9.000
8.810
8.460
8.420
8.270
8.300
8.360
8.310
8.270
8.200
8.130
8.040
8.030
8.010
8.130
8.750
8.760
8.680
8.640
8.420
8.760
8.810
8.760
8.800
8.910
8.840
9.000
9.070
9.000
8.860
8.900
8.900
8.940
8.920
8.870
8.880
8.730
8.610
8.720
8.620
8.640
8.630
8.640
8.600
8.740
8.750
8.760
8.680
8.650
8.800
8.770
8.770
8.820
8.860
8.830
8.810
8.860
8.760
8.720
8.730
8.710
8.620
8.810
9.360
9.350
9.510
9.170
8.700
8.760
8.550
8.530
8.600
8.500
8.240
8.070
8.170
8.190
8.270
8.350
8.300
8.090
8.060
8.020
8.120
8.100
8.090
8.150
8.120
8.100
8.090
7.920
7.810
7.810
7.970
7.910
7.750
7.850
7.800
7.750
7.680
7.610
7.930
7.960
7.890
8.170
8.150
8.150
8.170
8.080
8.030
8.100
8.140
8.100
8.080
7.960
8.030
8.050
8.000
7.950
7.950
9.600
9.630
9.620
9.560
9.370
9.170
9.150
9.230
9.170
9.160
9.150
9.150
9.000
8.710
8.720
8.710
9.110
9.280
9.310
9.260
9.260
9.280
9.010
8.850
8.920
8.680
8.810
8.790
8.910
8.710
8.730
8.620
9.000
8.800
9.000
8.850
9.130
9.280
9.420
9.760
9.980
9.920
9.710
9.650
9.560
9.730
9.580
9.480
9.520
9.700
9.600
10.110
10.100
10.250
10.290
10.400
10.310
10.400
10.230
10.340
10.520
10.390
10.060
10.100
9.800
9.720
9.970
9.870
9.860
9.950
9.830
9.810
9.040
8.860
8.810
8.790
8.550
8.350
8.550
8.620
8.520
8.610
8.510
8.780
8.400
8.170
8.010
8.600
8.530
9.220
9.360
9.360
9.300
9.330
9.230
9.080
8.770
9.070
8.950
8.730
8.660
8.410
8.360
8.290
8.130
8.500
9.240
8.850
8.920
9.170
9.020
8.650
8.800
8.760
9.080
9.130
9.230
9.600
10.090
10.930
10.300
10.860
11.970
12.060
11.560
11.620
11.860
11.500
11.630
11.670
11.710
11.560
11.460
11.310
11.100
10.610
10.840
10.820
10.830
10.910
11.380
11.300
11.030
10.670
11.020
10.110
10.890
12.100
12.030
11.650
11.460
11.120
10.900
10.860
11.060
10.720
10.900
11.060
11.170
11.000
10.890
10.900
10.780
10.510
10.320
10.400
10.600
10.300
10.050
9.530
9.820
9.610
9.200
9.350
10.100
10.210
10.080
9.770
9.810
9.500
9.380
9.210
9.150
9.010
8.790
8.490
8.330
8.260
8.500
8.420
8.590
8.110
8.140
8.220
7.750
7.560
8.170
8.900
8.750
8.800
8.210
8.260
7.810
8.210
8.960
8.720
8.000
8.160
9.070
10.080
10.270
10.820
9.850
10.850
11.650
11.560
11.350
11.380
11.440
11.220
10.450
9.910
10.150
9.540
9.440
10.180
10.900
9.980
8.930
9.840
10.860
11.010
10.730
10.630
10.730
10.210
9.030
9.640
10.490
10.200
9.180
7.500
6.960
7.730
7.800
8.490
9.590
10.500
10.020
10.950
12.110
13.150
13.870
12.310
13.440
14.740
14.370
15.080
16.220
15.520
15.010
14.650
14.650
14.760
15.500
14.500
15.370
14.480
13.650
12.420
13.390
14.660
14.370
13.230
13.300
12.410
12.100
11.600
11.280
11.360
11.820
11.630
11.620
11.170
10.600
10.450
10.850
11.200
11.710
11.700
11.570
11.700
12.180
11.710
11.870
11.800
11.180
11.120
11.240
10.800
11.150
11.810
11.810
11.320
11.000
11.900
11.860
12.140
11.130
10.000
9.410
9.310
9.130
9.100
9.000
8.730
8.900
8.900
8.760
8.680
8.640
8.530
8.360
8.320
8.300
8.040
7.840
7.990
8.040
8.000
8.050
8.090
8.090
8.060
7.960
8.020
7.940
7.840
7.850
7.720
7.680
7.620
7.790
7.790
7.530
7.490
7.390
7.280
7.330
7.360
7.470
7.470
7.350
7.290
7.290
7.220
7.050
6.920
7.130
7.020
6.970
6.880
6.850
7.160
7.190
7.200
7.150
7.070
6.980
6.980
7.100
7.090
7.140
7.060
7.010
6.950
7.160
7.360
7.340
7.460
7.390
7.310
7.160
7.030
7.010
7.310
7.250
7.610
7.420
7.310
7.330
7.340
7.410
7.370
7.310
7.210
7.110
7.090
7.100
7.110
7.030
6.990
7.010
7.000
6.990
7.320
7.320
7.380
7.430
7.450
7.370
7.220
7.320
7.270
6.970
6.860
6.890
6.840
7.090
7.350
7.190
7.060
7.320
7.260
7.370
7.290
7.430
7.400
7.370
7.310
7.320
7.180
7.150
7.050
6.920
6.910
6.920
6.860
6.830
6.900
7.200
6.990
6.980
6.870
6.930
6.930
6.880
6.870
6.800
6.620
6.470
6.480
6.560
6.550
6.800
6.830
6.800
6.920
6.900
6.810
6.740
6.740
6.780
6.870
6.830
6.760
6.810
6.850
6.930
6.900
6.610
6.260
6.060
6.020
5.980
5.900
5.870
5.970
5.850
5.850
5.850
5.880
5.980
5.950
5.960
5.840
5.790
5.850
5.730
