28.910
28.900
29.160
29.120
28.690
28.660
28.500
28.600
28.560
28.280
28.650
28.790
28.910
28.600
28.650
28.750
28.700
28.910
29.100
29.310
29.140
28.310
28.050
28.280
28.220
28.050
28.420
28.550
28.220
28.250
27.880
28.000
28.830
28.800
29.000
29.030
28.610
28.730
28.660
29.140
29.260
28.880
29.760
29.600
29.750
28.820
29.200
28.710
28.640
28.820
28.540
29.600
29.680
29.230
30.110
30.130
29.900
30.650
30.880
31.040
31.200
31.350
31.800
31.900
31.830
31.500
31.800
31.350
31.560
31.100
31.200
31.090
31.450
31.650
31.350
31.430
31.600
30.860
30.770
30.400
30.110
30.650
30.500
29.850
29.510
29.490
29.480
29.460
30.010
29.830
29.610
29.780
29.500
29.470
29.770
29.170
29.420
29.180
28.710
28.560
28.480
28.250
28.240
28.900
29.580
30.060
29.350
28.460
28.250
28.000
27.050
26.720
26.800
26.660
27.000
28.720
29.210
29.500
29.640
29.400
29.370
29.420
29.100
28.900
28.910
29.500
29.400
29.660
30.000
30.300
30.240
30.200
30.130
30.100
30.000
30.080
29.720
29.610
29.700
30.900
31.500
31.190
31.420
31.510
30.300
30.010
29.460
30.350
31.350
31.010
31.540
31.930
32.560
32.710
32.790
32.210
32.050
31.900
32.010
31.900
32.280
31.750
32.320
32.500
32.610
32.400
32.410
32.380
32.660
33.090
32.900
32.550
32.020
31.660
31.580
31.740
31.550
32.100
32.360
32.410
32.800
31.840
31.530
31.730
32.150
31.140
32.000
32.940
32.700
32.210
32.890
33.540
33.650
35.100
34.050
35.310
34.700
35.050
33.330
33.600
34.200
34.910
35.000
34.210
32.250
32.410
32.280
32.010
32.330
31.600
30.650
30.880
31.460
31.190
30.300
30.000
30.920
31.800
31.600
30.650
31.070
32.430
32.360
32.550
32.350
32.470
32.510
33.060
33.220
33.020
33.160
33.330
33.250
33.530
33.210
34.100
34.500
34.700
34.250
34.300
32.470
32.570
31.120
29.800
29.060
29.010
29.200
29.890
28.990
28.760
27.600
28.650
28.560
28.660
28.580
28.500
27.700
26.400
26.290
26.800
27.400
28.000
28.050
27.850
27.450
27.500
26.270
26.010
26.580
26.570
27.300
27.670
27.340
26.880
27.810
27.700
28.020
27.700
27.800
27.600
27.550
27.980
27.850
28.250
30.400
30.550
29.880
30.080
29.450
29.350
29.520
28.010
27.560
27.790
28.030
30.450
27.600
28.020
28.000
28.100
27.700
28.600
26.490
26.800
27.090
26.260
26.000
26.090
25.710
25.350
26.300
25.900
26.500
26.200
26.600
25.360
24.560
23.610
23.510
23.500
23.200
22.020
22.500
22.350
22.000
22.780
22.240
24.700
24.200
22.350
23.400
25.600
26.710
28.610
28.660
29.230
29.210
29.110
28.890
26.990
25.750
25.900
25.530
25.300
25.260
24.600
24.100
24.400
24.200
25.500
26.890
26.120
26.210
27.300
27.000
25.510
26.200
25.180
26.010
24.990
25.740
26.700
29.100
31.120
30.500
32.200
35.000
35.700
34.700
34.510
35.300
34.210
34.870
34.200
34.010
33.660
32.380
32.100
31.650
30.800
31.100
31.850
33.410
34.000
34.800
35.450
34.220
33.020
34.190
33.010
33.890
35.020
33.530
31.370
32.530
33.420
31.580
31.750
33.110
32.500
34.060
35.400
36.000
33.680
31.900
32.000
31.440
31.720
29.820
29.000
29.860
30.000
31.400
30.900
30.000
31.070
27.410
26.900
24.480
24.030
23.350
23.510
22.350
21.000
22.130
21.530
22.470
22.300
22.350
21.550
21.100
21.980
23.190
22.950
22.920
21.680
21.610
21.120
19.530
19.580
19.770
19.840
19.890
19.700
19.050
18.400
18.300
18.150
17.500
17.420
17.770
17.730
17.670
18.360
18.590
18.300
18.390
18.050
18.130
18.120
18.280
18.250
17.850
17.500
17.120
16.930
16.750
16.200
16.000
16.460
16.580
17.130
17.010
16.900
17.200
16.660
16.220
16.120
16.280
16.320
16.600
16.250
15.650
15.330
15.760
15.650
15.500
15.110
15.190
15.850
15.870
15.720
15.120
15.030
14.950
15.250
16.320
16.850
17.100
16.520
16.280
16.430
18.000
18.600
18.850
18.650
18.480
18.420
17.800
17.250
17.130
17.500
17.400
18.470
18.380
18.610
18.550
19.220
19.520
19.140
19.150
19.500
19.250
19.000
18.140
17.750
17.880
17.200
16.750
16.410
16.310
17.250
17.260
17.240
17.510
17.560
17.500
16.810
16.750
16.560
16.400
16.200
15.750
15.720
15.870
16.310
16.530
16.160
17.250
17.160
17.210
17.110
17.260
17.580
17.220
17.580
17.300
16.820
16.800
16.340
16.010
15.850
15.930
15.700
15.500
15.490
15.610
15.300
15.350
15.280
15.000
15.040
15.100
15.140
15.080
14.670
14.620
14.610
14.510
14.470
14.930
14.980
14.940
15.060
14.980
14.770
14.690
14.690
14.690
14.700
14.600
14.330
14.350
14.450
14.410
14.450
13.810
13.750
13.700
13.450
13.160
13.060
12.970
13.150
12.980
13.220
13.550
13.510
13.460
13.680
13.790
13.620
13.620
13.850
13.930
