400873.53
314736.47
340218.75
168473.88
181674.00
190916.02
252193.00
402909.75
430194.56
603929.56
734803.19
271957.12
158563.48
263251.34
115882.95
118570.05
93596.40
70125.00
91314.00
129108.02
81037.00
88668.35
62189.00
59152.02
70111.15
91894.65
92468.00
60856.00
98888.67
95868.00
121514.17
73406.00
66733.04
101666.21
152956.22
127710.02
75935.00
76676.00
114090.00
113650.49
99380.47
109951.00
167782.00
152431.09
214813.31
154400.55
126543.67
268006.97
160329.95
170458.84
266398.53
170734.30
182839.00
243370.28
236044.59
358923.38
372580.69
403448.03
599370.50
1023526.19
873640.19
669304.94
366494.41
315413.47
301119.59
393009.41
552128.56
373603.59
839123.50
624117.75
170795.64
140953.00
198561.64
135099.59
211948.06
218290.00
106486.00
122177.20
176832.00
252983.80
179487.00
229207.52
145795.45
156399.59
286265.34
357258.97
419390.75
284462.91
235137.44
268797.25
303668.53
394142.84
529013.19
842488.56
1212086.25
516256.09
636207.44
823001.50
737164.31
1196296.88
1714387.38
887627.81
905019.50
227784.58
24108.00
12.00
27008.18
46026.94
56106.70
58667.35
26829.36
24742.57
34341.54
43939.27
82000.63
58580.20
47113.27
73103.64
50924.27
88086.77
87787.75
41471.82
43941.11
59641.37
22332.00
32349.00
32736.02
33442.58
42241.32
53425.90
125004.78
41937.58
48217.31
54700.11
58052.12
44650.12
63569.35
63781.25
93394.16
30883.24
31611.00
35898.08
25220.47
43953.96
51797.60
41295.08
50877.49
59331.17
68011.35
119333.04
98046.00
130030.98
93434.60
69983.47
95346.39
98558.76
200173.88
392645.84
157003.59
158909.81
104161.36
91094.64
74379.38
74984.18
57429.72
88109.26
70918.01
87966.39
72832.65
113107.51
187059.11
101992.30
116162.80
58656.57
83839.39
101712.53
114894.43
71325.08
62991.51
96310.32
103782.85
132074.41
32050.00
39997.45
37272.32
45666.94
69172.33
46828.55
67003.84
56104.53
51626.44
39435.00
67097.03
68686.00
98978.48
113035.07
141374.48
146559.41
195498.81
113997.16
81308.18
102399.63
78922.63
97748.20
74237.86
96328.88
124243.80
61534.26
39305.97
58570.00
72617.07
75178.47
73552.89
128216.37
130610.95
54198.46
66272.31
110718.09
142535.72
72144.90
89175.73
74351.68
64969.14
82757.37
126092.18
79487.42
135788.12
281152.62
165839.48
163824.16
311288.41
112604.00
126112.61
117450.01
145090.45
103587.35
151090.81
140709.62
177128.70
163752.70
120506.14
247217.59
206363.33
275362.19
163635.33
148353.55
130381.81
171717.95
192845.88
304689.03
399579.19
151600.16
122422.81
148728.59
206484.20
183304.42
155026.45
225129.70
203819.31
173980.25
287097.53
97642.47
89992.88
109867.10
146533.20
124411.58
141642.81
56789.59
88123.11
46506.19
47540.40
43230.16
55120.86
34920.30
51029.21
53419.12
49396.57
56187.00
42755.53
48889.63
51606.42
46881.61
92312.17
138664.05
116207.72
119305.73
130560.24
69148.33
84696.02
81071.64
87681.29
85304.50
191729.39
396846.34
133365.38
144028.44
83110.17
82980.41
90430.73
140515.84
88785.59
126641.50
106913.26
151403.48
199242.45
112534.02
84823.50
100712.87
109884.06
112666.39
154825.86
72103.50
114177.61
147583.80
148337.23
226365.23
187877.59
119779.88
124621.36
58199.00
68031.24
42155.99
45931.44
48673.28
95880.29
62398.91
87956.93
135425.17
100486.23
87533.40
94270.67
71225.55
91772.07
76525.77
113139.38
166979.27
116076.52
83859.77
94220.05
72453.68
43282.80
67919.24
77611.46
88796.44
135465.81
32074.61
37263.13
41827.41
67375.18
52973.64
41254.84
45920.37
51520.72
75789.07
58124.33
50929.56
71066.01
48088.16
42689.17
43365.65
84902.18
68407.53
16817.00
62299.02
101660.71
76869.16
60247.05
80966.09
65667.23
73201.42
82136.06
129284.61
138294.31
70470.34
62615.00
68392.16
75136.97
49451.41
43266.46
47674.87
66920.25
74508.92
107696.14
138525.81
57001.08
56303.32
75973.56
51074.68
59488.54
104916.10
100320.84
104271.37
118406.93
117582.52
192541.98
157870.48
106268.19
177739.69
224311.20
67091.58
88931.00
111636.29
117587.55
123991.56
135618.41
93124.76
111147.36
69425.79
48750.25
53701.49
90279.26
86985.17
139617.41
96437.19
98898.42
114639.26
122045.99
149386.31
122642.70
206608.38
228324.69
124680.34
101953.13
78999.41
103811.85
90953.25
74462.09
991.00
35170.60
55026.37
71705.61
120793.51
72393.96
62239.88
88025.76
71770.43
62962.68
88605.73
83043.05
65070.29
64937.42
63081.64
85852.52
121523.95
105597.37
140942.20
86075.57
85616.53
213093.66
303753.34
121118.39
151813.67
241680.38
203268.25
182850.64
140754.09
144634.77
134208.34
117998.87
64809.80
98346.85
100074.22
98803.42
99236.82
156321.59
168958.27
170676.27
166925.27
299596.72
218152.09
178283.84
168507.88
218344.62
141384.94
153929.27
236701.38
778.57
54350.30
213832.00
165037.20
239310.48
248348.94
174723.23
118282.54
77812.99
125557.71
111107.45
98391.90
78410.36
63061.68
87444.37
107352.20
113693.80
141480.53
96703.49
109616.48
109124.92
186807.62
152533.30
214158.66
234407.27
317319.06
387508.41
543853.44
3487.19
2946.78
9814.11
4178.92
1294.25
471.15
637.16
744.21
1526.50
757.60
740.32
581.90
530.52
23509.53
46725.09
44636.73
28349.93
30412.36
31686.51
29809.81
58227.87
95925.70
39197.57
42282.26
47239.63
31027.18
31066.67
36956.51
43631.12
90927.45
57905.09
79990.52
64277.60
66315.45
59079.48
92540.42
61249.17
78220.49
65526.91
77582.45
148449.94
107012.47
117527.41
46738.22
64954.14
56757.96
45776.71
107692.29
64228.49
71068.91
53815.51
105611.90
30127.80
34022.22
43216.48
41345.04
59286.04
58545.58
65878.74
37734.29
29144.27
34658.81
66790.50
47737.47
37575.95
36953.04
70302.17
90329.30
56453.66
46190.21
49602.89
67252.55
75694.87
114920.07
60689.49
80799.70
59013.47
111781.39
97976.61
61439.24
57029.04
53465.81
75093.61
68254.94
102561.16
100816.25
64309.61
103762.92
82429.53
52840.01
46696.17
64421.74
52687.72
54832.68
37334.85
34046.18
50911.95
32436.06
69975.92
88224.72
111815.85
116072.40
64111.86
48211.35
62268.59
63407.22
53455.28
52144.42
45790.41
59597.64
39488.55
55508.89
39343.00
34264.58
44958.98
60104.15
74105.33
48934.63
60389.18
52899.77
38339.28
51044.11
81584.80
127971.73
75728.48
33620.42
28903.34
31387.35
46220.63
37407.76
23507.87
20128.10
38701.87
45480.38
