12.980
12.910
12.810
12.890
12.630
12.760
12.740
12.740
12.380
12.220
12.580
12.580
12.460
12.460
12.490
12.280
12.280
12.020
12.300
12.250
12.100
11.720
11.720
11.360
11.000
11.230
11.410
11.300
11.220
10.900
11.410
11.950
11.880
11.900
11.900
11.700
11.810
11.720
12.000
12.620
12.460
12.400
12.680
12.570
12.520
12.820
12.550
12.310
12.480
12.530
13.270
13.350
13.480
13.630
14.760
14.720
15.200
14.590
15.000
14.590
14.540
15.090
14.770
14.570
14.780
15.290
13.820
13.890
14.240
13.950
13.630
13.790
13.700
13.630
13.800
13.610
13.550
13.630
13.530
13.460
13.690
13.850
13.920
13.850
13.810
14.040
13.950
14.020
14.010
14.250
14.430
14.110
14.030
13.810
14.030
13.700
13.890
13.800
13.780
13.700
13.280
13.270
13.330
13.280
13.330
13.320
13.200
13.150
13.170
13.090
12.940
12.920
13.080
12.800
13.450
13.500
13.490
13.470
13.480
13.410
13.540
13.610
13.560
13.550
13.480
13.480
13.410
13.410
13.150
13.250
13.290
13.210
13.270
13.150
13.100
12.900
12.940
12.920
13.710
13.780
13.930
13.770
13.690
13.650
13.940
13.840
14.100
14.330
14.320
14.430
14.520
14.770
14.980
14.480
14.290
14.290
14.550
14.220
14.130
14.030
13.790
13.870
13.860
13.860
14.000
13.780
13.900
13.660
13.640
13.690
13.680
13.520
13.620
13.520
13.630
13.360
13.450
13.380
13.470
13.330
13.200
13.060
12.960
12.910
12.890
12.910
13.270
13.380
13.450
13.260
13.340
13.340
13.270
13.180
13.320
13.660
13.510
13.390
13.350
13.130
13.020
12.970
13.030
13.030
12.930
12.940
13.040
13.120
13.030
13.240
13.200
13.180
13.190
13.150
12.820
12.660
13.050
12.850
12.710
12.600
12.640
12.660
12.480
12.480
12.590
12.880
12.910
13.610
13.830
13.800
14.050
13.870
13.880
13.780
14.020
14.150
14.330
14.100
14.200
14.310
14.130
14.250
13.370
13.300
13.000
13.160
13.190
13.270
13.160
12.530
12.890
12.850
12.580
12.890
12.760
12.770
12.920
12.540
12.150
12.500
12.450
12.390
12.370
12.200
12.080
12.160
11.680
11.600
11.690
11.550
11.820
11.890
11.800
11.700
11.750
11.810
11.730
11.560
11.680
11.790
12.050
11.800
12.380
13.130
13.130
13.210
12.950
12.410
12.670
12.740
12.540
12.650
12.470
12.690
13.590
13.480
13.800
13.620
13.330
13.150
13.480
12.950
12.870
13.090
13.000
12.580
12.660
12.560
12.140
12.720
13.020
12.810
13.040
12.910
12.700
12.800
12.270
11.910
12.130
12.040
11.680
11.520
11.940
12.080
12.050
11.680
11.850
11.630
11.230
10.900
11.610
11.940
12.850
12.740
12.960
12.720
12.590
12.780
12.290
11.990
11.590
12.300
11.990
11.740
11.550
11.710
11.430
11.850
12.500
12.900
12.520
12.530
12.750
12.630
12.270
11.850
12.590
11.860
12.700
12.710
13.400
14.270
15.000
15.090
14.470
16.800
17.190
16.970
16.630
17.290
17.180
17.480
18.300
17.820
17.700
17.840
17.690
17.360
17.040
16.530
16.860
16.800
16.730
17.180
17.270
16.600
16.150
16.510
16.370
16.110
17.330
18.250
18.130
17.680
18.000
17.290
16.710
17.650
17.360
16.700
17.400
16.700
16.020
16.020
15.880
15.520
16.000
14.850
14.780
14.830
15.300
14.770
15.250
14.930
15.080
14.550
14.300
15.520
15.590
15.850
15.670
15.050
15.400
15.270
14.530
14.360
13.880
13.520
13.440
13.350
12.840
13.410
13.240
13.150
12.600
11.830
11.990
11.900
11.010
11.420
12.950
12.960
12.780
12.500
11.580
11.720
11.100
12.750
13.100
12.950
12.310
12.500
12.550
14.500
15.950
16.000
15.830
18.080
17.870
17.600
17.190
17.520
18.000
17.400
16.560
15.500
15.900
14.950
14.800
15.110
16.130
15.650
15.220
18.300
19.190
18.240
18.450
18.400
17.850
16.500
16.700
18.300
18.980
18.500
16.820
20.500
20.770
23.080
25.640
26.600
27.000
28.000
25.590
23.500
23.970
26.500
31.460
30.070
28.860
30.300
29.100
27.610
26.770
25.980
26.630
25.100
24.330
24.790
24.190
22.830
23.170
24.010
25.380
24.140
24.270
23.860
25.220
26.200
24.520
25.600
25.500
24.300
26.950
28.110
25.490
25.000
26.410
24.250
22.800
23.580
24.120
23.700
22.500
21.440
20.700
21.120
20.400
19.980
19.360
19.580
19.940
19.780
19.680
18.970
18.750
18.920
18.690
18.650
19.080
18.580
18.600
18.150
18.030
17.260
17.110
17.550
17.480
17.200
17.140
17.080
17.120
17.190
16.810
16.610
16.350
16.420
16.110
16.300
16.930
17.320
17.460
16.790
16.730
16.860
17.240
17.550
17.120
16.750
17.090
16.870
16.290
15.860
15.780
16.170
15.870
15.750
16.000
15.600
15.750
16.180
16.340
16.000
15.950
15.460
15.960
16.220
16.260
16.000
15.760
15.780
17.520
17.970
18.000
18.210
18.980
18.910
19.270
17.680
17.180
18.190
18.240
19.380
19.000
18.670
18.100
18.210
17.810
17.270
16.930
16.740
16.770
16.360
16.500
16.460
16.370
16.180
16.240
16.650
16.380
17.230
17.170
17.080
16.820
17.000
17.200
17.270
17.270
17.360
16.900
16.670
16.470
16.040
16.130
16.530
17.300
16.930
17.220
17.450
17.560
17.340
17.850
17.590
17.400
17.140
17.050
17.040
16.900
16.740
16.770
16.650
16.140
14.340
14.110
14.280
14.850
14.760
14.270
13.980
13.810
13.810
13.920
13.830
13.750
13.670
13.430
13.280
13.360
13.360
13.900
14.010
13.730
13.560
13.580
13.630
13.540
13.370
13.550
13.350
13.500
13.200
13.130
13.500
13.550
13.570
13.420
13.000
13.050
12.700
12.810
12.690
12.410
12.150
12.280
11.810
12.070
11.990
11.720
11.790
11.840
11.670
11.570
11.530
11.810
11.700
