36967.87
32706.10
27222.56
42500.91
29329.61
25731.94
31520.00
39881.87
34672.08
29468.55
33634.56
35106.25
31249.30
31207.83
40894.58
54272.16
36404.69
40682.42
60678.16
52298.83
25736.92
50002.73
22543.02
36766.50
34214.71
34233.95
24563.54
15909.55
28736.39
28645.81
25493.58
29687.24
24860.79
31765.65
39974.19
24987.98
33074.86
18608.49
26118.94
15715.53
18340.41
17875.78
28586.82
26007.55
28674.55
26407.18
23283.98
44825.07
22330.79
25629.09
40895.72
44023.55
75150.50
34310.53
31238.44
42462.54
19200.81
25731.33
24421.89
31660.56
36030.52
22448.24
47177.13
37606.00
31078.31
56254.02
32997.17
17508.59
29348.60
24102.22
30020.80
24898.37
20944.66
20832.38
25163.56
27040.66
14453.20
24366.13
34737.71
43889.05
25056.71
20504.79
31758.91
37255.41
29714.01
51074.75
61110.68
34815.47
31016.86
29093.66
31362.93
36900.95
31240.28
51908.54
31555.62
23773.55
31463.23
21760.98
40620.02
36151.19
41789.26
22232.97
14960.81
14286.80
12554.05
16152.18
12977.19
8244.65
17481.09
19683.58
16481.80
15202.22
20219.55
36412.34
26799.85
21770.00
19310.80
36289.20
34526.00
33149.96
38245.35
37290.98
33111.97
22809.28
18128.30
24789.69
26071.59
48018.97
50536.67
35410.07
31333.61
42221.41
32298.00
49666.81
24975.36
18154.59
35746.04
53149.81
122910.55
34069.44
42816.35
38466.41
49959.91
34739.17
46789.66
54246.37
97733.52
53255.55
45850.85
50084.70
71785.66
64131.91
129475.45
158518.88
60125.74
63641.74
116757.49
73007.86
63363.19
96592.01
106356.46
130206.92
157601.05
233716.08
203590.77
210794.80
18275.00
23422.77
29570.01
41497.64
86613.19
20414.45
30743.06
28221.88
31005.83
29937.72
28372.50
48597.30
28430.25
39547.15
40276.89
21429.96
35056.38
53910.56
35411.96
32261.08
22624.22
24158.76
11822.88
17891.33
22995.59
18715.63
33767.44
38153.77
36121.14
36361.78
69010.17
37628.52
36364.51
22182.36
23122.53
19486.88
28402.35
31889.01
38409.68
38710.65
23694.85
39013.21
43797.67
24924.35
36130.51
43034.84
65799.28
63689.19
18174.22
20883.20
28065.30
35295.00
30904.58
16713.79
27538.76
42770.31
32380.58
52559.19
36860.69
58899.92
64956.29
34076.21
67611.38
64402.62
71403.33
128796.63
50215.92
38173.00
76513.27
49030.12
69467.96
115606.54
61877.96
78227.01
91838.79
72298.41
86012.32
67747.03
64835.85
81442.63
139051.91
129992.88
172988.23
181786.62
104481.70
188029.62
210608.84
189781.12
255265.92
379419.94
208518.81
50043.02
88609.06
97662.31
145112.23
77777.95
124752.13
40179.32
48782.56
40411.23
20262.12
23600.03
31122.93
34925.98
36373.94
61799.14
34183.42
61757.96
54704.34
117875.99
33789.24
35703.82
40587.20
58838.17
65228.52
50021.48
73410.60
63326.56
69400.70
102029.05
43523.43
60575.23
58013.58
63174.68
52049.93
59834.34
53821.66
98229.90
54753.63
113027.11
57760.59
52933.61
130575.47
161146.45
121125.37
39255.50
64044.33
42963.68
67623.89
64650.88
66912.54
47631.71
35133.64
50749.51
53004.31
62520.64
43598.85
61362.05
102020.24
69736.29
49473.04
40511.31
29863.62
41356.68
21553.76
25193.75
35065.98
37811.92
53039.53
52202.79
60165.35
70271.14
61092.65
67124.28
54259.37
99326.26
85440.99
108083.23
95149.28
30818.11
44732.66
58197.29
64876.86
50101.75
29491.79
64202.96
66533.20
37812.69
36560.90
51714.37
36982.43
62514.96
50320.65
41178.45
64738.81
61263.72
87027.67
63134.30
56225.85
76674.40
62555.50
44024.43
58921.25
83209.09
65968.19
15856.60
55892.83
89005.80
55385.71
87074.15
78606.31
46404.92
72526.62
37262.82
60749.92
114683.61
80702.90
154465.64
96071.91
137426.52
83262.74
91445.70
43724.69
50666.78
45093.26
43320.70
65801.03
58015.29
62701.32
65466.19
95137.83
77167.33
137282.16
143730.00
109940.72
135341.53
94296.98
138612.30
144603.33
180672.77
141709.75
195819.81
189464.73
347158.25
330460.31
273478.22
476861.28
254496.38
23291.62
6549.20
799.42
657.18
94443.79
137000.72
86418.58
70738.83
78468.91
78509.63
96667.47
105981.88
74540.59
65103.40
81884.54
77008.36
88622.05
108984.47
102390.00
142161.09
82237.34
67890.12
80602.96
85054.89
122540.69
142855.62
114409.70
158898.34
149312.25
91721.66
147549.09
164055.64
180623.19
183480.31
168757.56
129707.01
124247.52
117048.64
133204.64
157914.06
135638.23
128284.70
115814.41
103951.61
145898.86
166487.52
183071.17
94381.34
272729.84
16846.25
761.57
69820.15
127456.11
108561.03
100140.06
94392.15
112113.82
80292.43
73984.49
84626.52
66191.09
60832.82
53600.11
58480.44
88588.29
65074.42
70226.19
93813.97
84256.42
50544.71
92699.44
153218.50
65587.58
66447.74
87753.44
70611.60
92403.17
81184.39
116351.10
92684.79
105691.13
105797.40
118582.71
161615.52
187224.88
264020.56
269913.44
4953.32
3196.39
1215.41
959.17
33982.48
46624.03
41948.22
55994.89
46673.85
32864.12
74042.32
95034.95
42045.33
44657.14
37502.24
26932.93
29971.60
74334.87
35414.31
33187.42
52972.17
120842.30
104023.05
37275.06
19370.88
22427.13
19768.23
730.48
22359.57
16569.22
19077.72
15859.13
8455.13
10375.26
12574.65
14427.98
18145.81
33274.81
12529.67
11066.39
11368.82
11525.50
15822.11
23446.12
23998.96
17536.00
20505.09
35463.53
20469.37
22728.49
11769.91
17332.31
18395.87
16051.08
11281.85
17969.92
13357.74
26616.55
36213.39
19379.76
14337.21
22421.00
13445.99
16444.74
20086.98
20476.92
26151.26
44948.83
25891.26
22917.92
32942.71
25886.33
31815.96
49962.00
55295.07
56323.70
54128.29
39968.38
57468.92
29385.88
36140.56
41451.13
43920.62
54097.30
24726.18
21888.93
15529.07
18717.53
11443.74
11357.08
28869.96
21304.33
25050.44
14793.41
17670.26
15708.30
28936.31
21243.87
15063.86
16901.85
21805.62
29350.45
63396.82
35858.56
26194.80
36997.76
23017.58
9065.66
6292.01
21457.18
25128.07
34639.77
33067.60
17662.83
27927.19
42947.30
48646.20
45557.35
41742.20
44291.66
103585.15
38263.87
47072.55
21315.78
45924.68
51560.86
62878.59
34017.08
34684.00
28698.84
24649.02
84019.93
90901.84
29970.43
46562.01
20241.49
39260.46
46266.73
23277.01
46309.02
71141.62
32670.12
18016.80
18591.05
31655.52
28482.06
13181.08
22442.02
41447.07
52043.11
37178.25
39244.59
54341.56
14129.79
14663.17
16245.93
25853.56
19423.68
9302.69
6874.52
7155.23
15006.69
11798.85
10086.23
6141.17
7225.17
9372.20
5731.56
5179.66
6430.53
5372.30
4124.55
4811.18
3958.26
10426.20
6440.19
6423.75
8412.67
5554.26
6268.47
12140.03
