31.000
30.920
29.030
29.270
30.120
30.130
30.310
30.430
29.510
28.630
28.670
28.790
29.080
28.140
27.420
27.380
27.700
27.880
27.700
26.700
26.900
26.810
26.500
27.700
27.200
26.850
26.910
25.600
25.410
24.920
25.200
27.420
26.480
26.200
26.700
26.130
25.080
24.250
23.460
23.450
22.800
22.720
23.600
22.880
22.850
22.250
22.350
22.220
21.520
21.330
21.210
21.500
21.410
21.250
21.800
22.280
22.600
22.810
23.160
23.190
23.000
23.530
23.550
23.210
22.450
22.000
23.000
24.200
24.220
24.530
24.300
24.170
24.090
23.910
22.380
22.150
22.070
22.130
22.000
22.020
22.020
22.000
22.120
21.880
21.810
22.000
21.940
21.910
22.030
22.150
21.800
21.750
21.710
21.700
22.060
21.950
21.860
21.980
22.300
22.530
22.530
22.390
22.470
22.230
22.020
22.080
21.800
21.690
21.800
21.770
21.520
20.770
21.440
20.800
20.850
23.130
23.970
24.320
24.570
24.120
24.120
24.470
24.820
24.860
24.600
24.450
24.280
23.920
23.660
24.510
24.720
24.700
24.130
24.130
24.680
24.660
25.160
25.000
25.810
28.040
27.890
27.580
26.500
26.190
27.020
27.050
25.600
25.760
26.000
25.020
26.640
27.120
26.440
26.400
26.840
26.800
26.950
26.400
26.360
26.250
26.510
26.260
26.220
26.370
26.510
26.320
26.910
27.000
27.600
27.330
27.160
27.100
27.580
26.860
26.700
26.400
26.100
26.710
27.370
27.510
27.480
27.890
25.860
26.020
26.630
25.010
25.330
25.210
25.210
23.620
23.400
23.310
23.060
23.010
22.950
25.340
25.000
25.000
25.000
24.860
24.900
25.400
24.830
24.730
25.960
26.330
24.200
22.380
22.110
22.140
22.510
22.210
22.000
22.100
21.380
21.410
21.100
21.000
20.510
20.180
20.300
20.790
20.810
20.380
20.000
19.750
20.500
20.440
21.700
21.050
22.600
22.380
22.510
22.090
22.860
22.800
22.970
21.950
21.050
20.590
20.950
20.780
20.690
20.390
19.200
18.060
18.080
18.300
18.000
17.700
17.520
17.450
17.280
17.250
16.780
16.690
16.440
15.910
15.960
16.050
16.560
16.560
16.610
16.450
16.380
16.370
15.700
15.480
15.700
15.350
15.590
15.450
15.430
15.030
15.050
14.500
15.760
15.350
15.200
14.940
15.610
15.500
15.750
17.370
18.440
18.490
18.000
17.580
17.000
17.660
17.180
16.990
17.050
17.330
17.050
18.430
18.120
18.060
17.750
17.550
17.230
17.200
16.780
17.450
17.910
17.550
17.310
17.450
17.240
16.880
17.050
17.310
17.360
17.810
17.880
17.850
18.110
17.150
17.020
16.950
16.670
16.040
16.020
16.280
15.880
15.230
14.580
14.850
13.330
13.020
12.980
13.990
14.670
15.900
16.010
16.290
15.950
16.010
15.900
15.410
14.500
15.300
15.180
14.610
14.520
14.380
13.850
13.980
13.450
14.580
16.000
15.220
15.700
16.190
15.710
15.000
15.220
14.100
14.800
14.850
15.530
16.130
17.130
18.400
17.590
19.460
21.620
22.010
22.080
22.290
21.930
20.820
21.300
21.210
20.200
20.180
20.270
20.080
19.530
18.500
18.960
18.540
18.300
18.440
18.530
18.400
17.800
17.060
17.710
17.010
17.790
19.520
19.160
18.610
18.890
18.750
18.650
18.020
17.960
17.380
17.810
17.950
18.110
17.770
17.250
17.400
17.210
16.690
16.550
16.520
16.510
16.600
16.810
16.320
17.010
16.470
15.250
15.100
16.160
16.010
15.900
15.590
15.650
15.800
15.460
15.110
14.880
14.440
14.470
14.600
14.580
15.210
13.630
13.490
13.670
12.990
12.900
13.000
12.040
11.880
13.200
13.700
13.130
12.910
11.800
11.000
11.500
12.470
13.820
14.000
12.500
13.060
14.280
15.870
17.500
18.050
16.870
18.720
19.440
19.230
18.150
18.280
18.640
17.780
16.520
15.800
16.000
14.780
14.540
15.800
16.870
15.930
15.710
17.460
19.180
19.010
18.400
17.110
17.550
16.580
15.090
16.770
17.700
16.900
15.580
13.000
13.760
15.290
16.990
17.150
17.150
18.180
17.780
19.760
21.960
24.100
25.500
24.000
26.340
28.970
28.530
29.810
32.070
30.100
29.500
29.000
28.700
30.060
28.900
28.080
30.200
30.150
29.200
24.780
26.580
22.940
21.500
21.010
20.600
21.400
20.700
19.670
19.010
18.300
18.640
17.580
17.990
17.310
16.570
16.200
16.850
17.090
16.800
17.000
16.500
16.550
17.650
17.330
17.700
17.810
16.930
16.910
17.500
17.410
18.000
18.780
18.430
17.600
17.010
17.420
18.150
17.620
17.580
16.700
16.160
15.950
15.830
15.900
15.620
15.350
15.920
15.620
15.330
14.850
14.780
14.570
14.300
14.210
14.340
14.540
14.200
14.320
14.150
13.870
13.870
13.970
13.870
14.050
14.110
14.240
13.750
13.600
13.690
13.230
12.760
12.640
12.680
12.690
13.180
13.290
13.070
12.910
12.900
13.030
13.440
13.320
13.310
13.290
13.230
13.160
12.440
12.180
12.310
12.200
12.120
11.800
11.770
12.030
12.070
12.200
12.130
11.860
11.780
11.830
12.120
12.400
12.360
12.080
11.910
11.630
12.650
13.120
13.120
13.510
13.390
13.410
13.090
12.660
12.650
13.110
13.510
14.230
13.750
13.850
13.830
14.100
14.510
14.350
13.920
13.960
13.790
13.780
13.860
13.690
13.410
13.150
13.340
13.830
13.790
14.790
14.690
14.410
14.350
14.650
14.530
14.430
14.750
14.810
14.450
14.010
13.950
13.780
14.160
14.490
14.800
14.450
14.710
15.400
14.730
14.100
13.860
13.610
13.510
13.550
13.130
12.980
12.930
12.620
12.580
12.450
12.860
12.570
12.380
12.610
12.900
12.620
12.520
12.160
12.170
11.950
12.080
12.050
12.030
11.730
11.550
11.670
11.150
11.100
11.350
10.920
10.760
10.920
10.950
10.900
10.720
10.560
10.520
10.540
10.480
10.290
10.320
10.360
10.420
10.400
10.260
10.260
10.160
9.940
9.770
9.630
9.570
9.700
9.800
9.810
9.910
9.820
9.800
9.870
9.680
9.520
9.500
9.490
9.560
