-0.030
0.410
-0.380
0.130
0.420
0.460
-0.500
0.050
0.510
0.140
-0.470
-0.150
0.010
0.280
-0.560
0.080
0.650
0.790
-0.530
-0.010
-0.090
0.810
0.060
0.260
0.910
-0.480
-0.100
-0.070
0.390
0.280
-0.770
-0.910
0.160
-0.310
0.010
0.630
0.320
-0.140
-0.950
-0.610
0.450
-0.750
-0.200
-0.330
-0.130
0.290
0.110
0.230
0.000
0.290
-1.250
-0.390
0.210
-0.690
-0.040
-0.120
-0.800
0.270
-0.550
0.610
-1.160
-0.170
0.030
0.760
0.190
-1.160
-0.480
0.070
-0.680
-3.190
-1.400
0.530
-0.150
2.670
-0.620
1.680
-0.140
0.250
0.560
0.300
-0.300
-0.190
0.150
0.680
0.160
-0.530
-0.190
0.240
-0.270
0.060
0.420
-0.020
0.450
0.380
-0.610
0.140
-0.170
-0.380
0.330
0.150
0.100
-0.120
0.730
0.620
-0.380
0.050
0.570
-0.210
0.210
0.570
0.110
-0.700
0.770
-2.790
-0.190
-0.140
-0.970
-0.030
0.500
-0.890
0.040
0.510
0.340
-0.330
-0.390
0.520
0.160
0.290
-0.950
-0.310
0.110
0.410
-0.540
0.400
0.680
-0.300
0.370
-4.450
0.430
-1.200
0.690
0.110
0.680
-2.180
-1.100
0.860
-0.060
-1.320
-0.880
-1.870
-1.100
-0.530
2.600
4.590
-0.080
-1.430
0.270
-1.850
0.830
0.220
-0.230
0.310
0.490
0.690
-0.170
0.200
1.240
0.400
-0.200
0.080
0.310
-0.230
-0.090
0.220
0.490
-0.700
0.290
-0.200
-0.040
-0.090
0.730
0.000
0.410
-0.080
0.760
-0.490
0.210
0.300
0.020
-0.180
0.600
-0.130
0.450
-1.620
-0.320
0.160
-0.080
0.500
0.150
-0.150
-0.160
-0.010
0.110
0.030
0.450
-0.520
0.030
-0.080
-0.090
-0.140
-1.620
1.000
-0.040
0.860
0.570
-0.300
-0.210
0.230
0.670
-0.480
0.040
0.320
0.340
-0.660
0.150
-0.270
-2.010
0.590
0.160
-0.470
-0.010
0.020
-0.420
-0.280
0.200
-0.330
0.070
0.860
-0.810
0.150
-0.350
2.140
-0.170
0.860
-0.280
0.960
0.150
0.450
0.810
-0.490
-0.450
1.170
-0.540
1.080
0.380
-0.470
1.050
-0.250
-1.350
-0.180
-0.120
0.080
0.400
0.080
0.010
1.220
-0.360
0.060
0.070
-0.160
0.470
0.280
0.040
-0.030
-1.090
-0.060
0.380
-0.070
-0.170
-0.250
-0.040
-1.430
-1.370
0.170
-0.210
1.150
-0.630
0.350
-0.470
1.160
-0.130
0.400
-0.630
-1.470
0.010
-0.700
-0.110
0.470
0.480
-0.490
1.280
-0.450
-0.740
-0.130
0.660
-0.070
0.250
1.600
-1.040
-0.510
0.280
-0.460
-1.810
0.840
1.570
1.110
0.980
-0.360
-0.350
1.260
-0.100
-0.030
-0.810
0.520
0.670
-1.610
-0.020
1.470
0.720
-2.820
0.410
-4.020
0.060
-0.280
0.570
0.190
1.160
0.280
1.370
-0.080
-0.720
0.660
-0.050
1.350
-0.410
1.560
-1.280
0.680
-3.510
0.470
1.090
-1.000
-0.480
1.420
1.060
-1.340
1.690
-1.150
1.030
-3.760
0.530
-4.260
0.860
-1.080
-4.770
-3.030
0.430
0.350
-2.630
2.300
-1.200
0.370
0.520
0.020
-1.880
1.070
2.390
0.090
1.290
-0.120
0.530
0.300
-2.100
-0.220
-1.150
1.860
-1.170
-3.250
4.870
-2.340
1.320
1.930
4.340
0.850
0.500
1.400
-0.850
-0.800
2.310
-1.480
-0.100
0.950
-0.440
0.430
1.420
-0.940
1.180
1.100
0.390
-0.350
1.190
-1.000
0.540
-0.430
1.410
1.630
-2.160
0.430
0.180
0.150
0.950
-0.670
0.020
1.340
0.350
1.110
0.780
0.230
-0.590
0.870
-0.970
0.430
-0.470
0.000
1.300
-0.150
-0.840
2.740
-0.360
-3.190
0.010
-0.780
0.380
2.180
0.210
0.890
-2.000
-1.390
1.690
1.610
0.410
-3.400
-3.780
-1.780
-0.920
0.770
-4.410
1.180
-0.460
0.890
-0.300
-1.000
1.770
1.160
0.170
-1.180
2.380
0.250
1.000
-1.330
1.960
0.490
-4.130
-1.570
1.730
0.230
0.660
-0.640
2.520
2.120
-3.860
-2.450
3.850
3.520
3.200
-1.170
-3.680
0.800
-4.000
-3.710
-1.970
3.710
-2.050
-4.870
-3.920
0.860
1.550
-5.120
-0.140
-0.870
-0.430
-1.210
2.960
1.550
2.160
0.880
-0.700
0.620
-1.310
-1.310
1.540
3.360
1.530
-2.920
0.120
0.890
1.320
0.280
0.600
-0.500
2.740
1.650
-0.260
0.650
0.320
0.710
1.620
1.080
-1.590
-0.810
-1.700
0.790
0.400
0.410
-1.600
0.700
-0.400
0.330
0.710
1.160
-1.730
-0.510
1.150
-1.490
-0.730
2.830
0.710
-1.030
0.930
0.460
0.410
0.800
0.550
-1.310
0.290
0.150
-0.780
0.760
-0.640
1.480
1.170
-0.090
0.210
0.060
0.750
-0.260
0.810
0.550
0.210
0.420
-0.790
0.360
0.450
-0.150
0.170
0.030
0.020
0.480
0.190
-0.050
0.280
0.350
0.050
0.390
-0.020
-0.030
-0.970
-0.180
-0.340
0.100
-0.070
-0.480
-0.140
0.090
-0.240
0.610
0.100
0.010
0.690
0.940
-0.840
0.160
-0.040
0.320
0.160
-0.130
-0.010
0.200
-0.410
0.750
0.520
-0.300
-0.250
-0.560
-0.100
0.080
0.410
0.460
-1.230
-0.780
-0.150
-0.730
-0.320
0.600
0.140
0.210
0.610
-1.280
-0.080
-0.880
0.700
0.480
0.240
0.470
-0.270
0.130
-0.060
0.230
0.370
0.110
-0.380
0.380
-0.070
0.620
-0.030
-0.420
0.470
-0.850
0.290
-0.400
-0.280
-0.480
0.490
0.220
-0.160
0.140
0.280
0.560
0.180
0.140
-0.600
-0.540
-0.650
0.490
-0.560
-0.430
1.290
0.100
0.030
-0.090
-0.310
0.460
0.400
0.490
-0.100
-0.350
0.560
0.510
-0.620
0.420
0.420
0.510
-1.080
0.510
0.400
-0.360
0.140
-0.060
0.350
0.220
0.080
0.330
0.590
0.230
-0.180
0.070
-1.340
-0.450
0.290
0.170
0.510
-0.150
0.600
0.180
-0.050
-0.250
0.000
0.420
0.270
-0.530
0.100
0.080
0.360
-0.060
0.170
0.090
0.100
0.440
0.490
0.200
-0.600
0.170
-0.250
0.080
-0.030
-0.110
-0.080
-0.890
0.340
0.240
-0.800
0.000
