0.040
0.280
0.200
0.390
0.010
0.110
0.180
-0.090
-0.090
0.710
-0.300
-0.030
-0.250
0.010
0.280
-0.160
0.010
0.200
-0.250
0.140
0.570
0.290
0.200
0.000
0.250
-0.320
0.130
0.050
-0.030
0.520
-0.600
-0.630
0.250
-0.220
0.500
0.700
0.000
-0.310
-0.510
-0.900
-0.130
-0.340
-0.040
0.090
-0.270
-0.280
-0.090
-0.040
0.530
0.570
-1.030
-0.330
-0.020
0.000
-0.290
-0.420
-0.240
0.500
-0.510
-0.040
-0.020
0.370
0.150
0.420
-0.310
-0.740
-0.400
-0.300
0.040
-0.230
-0.020
-0.320
1.190
0.320
-0.370
0.290
0.030
-0.010
0.480
0.340
-0.070
-0.170
0.520
0.400
0.030
0.100
0.190
-0.140
-0.230
0.420
0.040
-0.150
0.000
-0.470
-0.030
0.360
-0.490
-0.250
-0.180
0.050
0.120
-0.180
-0.080
0.180
-0.180
0.000
0.560
0.430
-0.160
0.090
0.430
-0.350
-0.170
0.060
-1.760
-0.860
-0.370
-0.400
1.170
0.230
-0.560
0.120
-0.090
0.130
0.150
-0.440
-0.520
-0.350
0.820
0.280
0.160
0.470
-0.010
-0.290
-0.100
0.330
0.390
0.190
-0.280
0.580
-0.430
-0.040
0.000
0.390
-0.520
0.220
-0.760
-0.940
-0.520
0.960
-0.270
-0.380
0.130
-0.580
-0.180
0.200
-0.180
-0.070
0.200
-0.200
0.390
-0.610
-0.580
-0.080
0.320
-0.110
-0.190
-0.050
0.530
-0.280
-0.180
0.720
-0.010
-0.070
-0.370
0.050
-0.840
0.830
-0.010
-0.010
1.160
0.340
0.190
0.170
0.170
-0.070
-0.770
0.680
-0.190
0.390
0.000
0.710
0.350
0.050
-1.670
0.450
0.560
-0.090
0.430
-0.690
-0.470
-0.240
0.750
-0.450
0.400
0.170
-0.490
-0.580
0.200
-0.620
-0.530
-0.250
1.080
2.120
0.020
0.680
-0.680
0.150
1.020
0.010
0.440
0.180
0.430
0.260
-1.310
-0.660
0.670
-0.400
0.660
0.590
-0.790
-0.870
-0.050
0.360
0.500
-0.760
0.150
0.220
-0.480
-1.040
1.990
1.810
1.650
1.500
1.360
0.160
-0.220
0.440
0.010
-1.250
-0.150
0.190
-0.120
-0.130
0.300
0.120
0.750
-0.220
-0.090
0.270
0.090
-0.280
0.010
0.560
0.420
-0.750
0.060
0.420
-0.180
-0.220
-0.520
0.150
-1.250
-1.090
-0.130
0.480
0.810
-0.260
0.170
-0.500
0.350
0.050
0.280
-0.760
-1.690
0.230
-0.640
-0.410
0.940
0.220
1.020
0.600
-0.220
-0.680
0.240
0.740
-0.510
-0.420
0.760
-0.140
-0.780
0.750
-0.750
0.230
-0.770
0.860
1.460
0.840
0.480
-0.050
0.610
0.140
0.110
-0.510
0.180
0.320
-1.360
0.460
0.800
1.140
-1.270
-0.360
-1.450
-0.300
-0.300
0.200
-0.020
-0.720
0.430
0.950
0.640
0.530
1.190
0.210
1.060
-1.180
0.010
-1.310
-1.040
-0.500
1.330
-1.480
0.760
0.040
0.180
1.260
-0.710
0.140
-0.760
0.930
-1.440
-1.600
-0.540
0.760
0.010
0.730
-0.090
1.280
0.430
-1.490
1.360
1.230
1.120
1.020
-1.130
-1.260
-1.400
-1.550
-1.720
-1.920
0.670
-2.050
-2.280
-1.400
0.000
-1.090
-2.810
-0.710
1.330
-2.450
-0.080
0.890
2.650
0.220
0.760
-0.910
-0.070
-1.170
0.590
1.070
1.780
-0.290
-2.720
-0.270
2.500
0.080
0.690
1.080
-0.110
1.310
0.150
-0.650
1.470
1.910
0.410
1.210
0.880
-0.460
-0.570
-0.720
-0.100
0.240
0.660
-1.110
-0.310
0.090
0.670
0.420
0.740
-1.020
-0.500
0.260
-0.810
-0.950
1.060
1.210
-0.540
-0.780
0.050
0.740
1.080
0.110
0.210
0.220
0.260
-1.230
-0.400
0.380
1.610
1.460
-0.110
0.570
0.000
0.550
0.160
-0.100
0.080
0.370
0.240
-0.380
0.070
0.200
-0.190
0.250
0.380
0.120
-0.010
0.060
0.040
0.200
0.060
0.180
0.160
0.140
-0.150
-0.340
0.100
-0.150
0.220
-0.170
-0.050
-0.230
0.190
0.040
0.280
-0.150
0.200
0.230
0.340
-0.320
0.140
-0.010
-0.050
0.170
0.050
0.000
0.000
-0.100
0.150
0.130
-0.650
-1.310
-0.430
0.020
0.040
0.190
-0.260
-0.300
0.420
-0.020
-0.150
-0.170
0.150
0.080
0.090
0.430
-0.890
-0.020
-0.560
0.080
0.010
0.270
-0.050
0.010
-0.140
-0.030
0.240
0.050
0.220
0.050
0.120
-0.040
0.020
0.190
-0.280
0.180
-0.270
0.120
-0.350
-0.190
-0.250
0.030
0.410
-0.220
-0.140
0.070
0.290
0.270
-0.080
-0.150
0.150
-0.120
0.160
-0.440
-0.580
-0.040
0.180
-0.070
0.300
-0.110
0.380
0.010
0.100
0.330
-0.060
0.200
0.210
-0.470
0.160
-0.020
0.090
-0.760
0.080
0.070
-0.290
0.460
0.080
-0.070
-0.040
0.190
0.150
0.270
0.020
0.000
-0.170
0.210
-0.210
0.100
-0.070
-0.160
0.020
0.530
-0.020
0.010
-0.150
-0.120
0.120
0.490
-0.240
-0.280
0.130
0.170
0.440
0.000
0.030
0.290
0.280
0.100
-0.130
-0.590
0.120
-0.170
0.070
-0.140
0.070
0.040
0.360
0.180
-0.090
-0.510
0.220
