13.830
14.030
13.800
13.700
13.640
13.400
13.340
13.850
13.420
13.210
13.180
13.850
13.980
13.890
14.100
14.220
13.910
13.870
13.620
14.230
13.950
13.980
13.570
13.350
13.550
13.200
14.450
14.730
14.280
14.010
14.530
15.370
16.100
16.500
17.130
17.520
15.930
15.860
15.260
15.780
15.580
15.990
15.080
14.940
13.580
13.250
13.320
13.000
12.890
12.750
12.590
13.090
13.070
13.350
14.040
14.240
14.380
14.440
14.150
14.980
15.120
14.520
14.400
13.620
13.140
13.130
13.140
13.300
13.640
13.750
13.830
13.810
14.050
14.220
14.230
14.360
14.190
14.370
14.120
14.000
14.060
14.230
14.580
14.480
14.230
14.200
14.140
14.280
14.390
14.800
14.290
14.110
13.720
13.500
13.470
13.260
13.200
13.470
13.490
13.470
13.560
13.040
12.970
13.070
12.940
13.070
13.070
12.930
12.890
13.030
12.950
12.660
12.830
12.880
12.950
13.620
13.900
14.060
14.240
14.370
14.210
14.220
14.030
13.920
13.800
14.030
14.130
14.130
14.050
14.140
14.560
13.980
13.940
14.060
14.450
14.180
14.130
14.080
14.250
15.280
15.550
15.650
15.640
15.660
15.980
16.300
16.240
16.160
16.180
15.930
15.740
16.050
16.230
16.270
16.200
16.400
16.730
16.600
16.150
16.060
16.290
16.200
16.500
16.460
16.290
16.540
16.550
17.020
17.150
16.500
16.720
16.710
16.550
16.960
16.950
16.780
16.760
16.770
17.110
16.870
16.970
17.300
16.990
16.880
16.280
15.870
15.880
15.100
15.200
15.220
15.120
15.240
15.110
15.250
15.070
15.670
15.980
15.360
15.390
15.030
15.120
15.100
15.590
15.840
15.630
15.220
15.230
15.710
15.620
15.730
16.500
16.870
17.450
16.430
14.940
16.600
32.230
33.800
35.960
34.950
33.840
30.760
31.320
31.480
31.400
30.760
31.370
30.030
31.310
34.000
34.070
34.820
35.120
34.790
34.400
35.790
35.410
34.550
34.710
34.710
32.700
32.970
32.440
29.490
30.500
31.380
32.410
32.360
31.530
31.290
30.410
28.250
26.470
26.940
27.700
25.180
25.450
26.310
27.400
26.650
26.390
28.870
29.350
28.180
27.720
30.800
31.730
35.250
36.230
37.000
34.950
34.310
34.500
33.740
30.700
34.110
37.900
37.060
41.180
45.750
47.780
47.780
46.080
46.980
45.770
47.010
47.520
48.270
49.950
50.590
50.530
49.840
47.510
45.240
44.120
43.550
43.950
45.150
44.570
45.650
43.060
45.180
47.800
48.630
52.090
53.700
51.280
52.400
53.210
52.120
47.380
49.080
48.900
44.450
45.210
46.820
44.900
43.990
39.990
36.350
36.530
34.770
35.080
36.050
35.550
35.910
37.500
38.010
37.500
37.770
37.080
40.370
38.490
38.700
38.590
37.000
37.030
35.400
35.560
35.520
34.100
33.910
33.100
34.210
31.100
33.390
33.240
34.570
33.020
30.020
27.290
26.090
23.720
26.340
29.270
28.300
28.450
27.850
25.370
24.130
23.410
26.010
27.770
25.500
23.400
26.000
28.890
32.100
35.580
34.400
32.890
36.430
37.290
38.000
37.930
38.060
36.560
33.240
32.190
33.350
30.320
33.690
35.000
38.730
36.470
40.500
43.330
39.390
35.810
32.550
29.690
32.890
36.540
40.600
43.290
39.740
44.150
49.050
54.490
56.000
57.100
60.970
63.900
60.900
67.670
72.430
66.310
68.430
62.990
64.610
70.150
74.010
76.770
69.790
69.000
66.500
65.570
72.860
69.460
67.880
69.190
69.180
65.160
59.240
53.850
48.950
50.200
51.690
53.150
52.470
49.700
45.180
44.410
43.500
46.960
48.250
48.290
47.180
51.650
48.380
49.300
50.970
51.480
46.800
51.660
51.130
52.240
55.800
55.240
57.800
55.290
50.260
52.490
52.500
54.900
53.310
51.220
49.160
50.220
48.350
53.280
55.010
55.720
52.900
54.280
50.650
47.850
44.480
42.300
41.080
42.740
40.310
40.720
40.250
43.050
43.430
42.230
44.870
42.850
42.300
42.540
45.180
46.260
43.510
42.450
38.600
36.650
34.800
34.700
34.890
33.490
33.010
33.000
30.000
30.380
31.200
31.250
31.000
31.640
31.880
32.950
32.650
32.500
30.280
28.950
28.750
28.600
29.620
28.330
27.300
28.000
28.050
28.820
26.800
27.000
26.790
27.700
30.450
29.970
29.700
31.500
32.250
32.990
30.860
28.050
25.500
24.800
23.090
25.550
25.950
25.890
26.010
25.900
24.640
25.300
24.950
25.460
25.850
24.650
23.380
23.280
23.060
23.060
22.270
21.750
22.500
23.000
23.080
24.000
24.180
24.100
23.220
23.350
23.450
23.380
23.850
24.190
24.000
23.320
23.230
23.060
24.000
24.130
24.780
24.440
24.600
25.100
25.270
25.830
26.180
24.630
25.020
24.900
25.020
24.820
25.230
25.570
25.870
25.520
25.570
24.180
23.900
23.770
24.390
23.610
23.830
23.160
23.000
21.450
21.390
21.670
22.010
21.590
21.230
20.400
21.860
21.620
22.200
22.060
22.190
21.960
22.700
21.640
20.200
20.180
20.620
21.250
21.180
21.250
20.110
20.260
20.110
20.110
20.100
20.400
20.220
19.880
19.800
20.230
20.900
20.900
22.180
20.520
19.100
18.700
18.750
18.780
19.020
20.000
20.520
20.900
20.900
