7.550
7.540
7.580
7.500
7.270
7.290
7.250
7.290
7.340
7.330
7.380
7.460
7.400
7.200
7.250
7.200
7.000
6.930
6.920
6.920
6.920
6.890
6.800
6.780
6.570
6.730
6.830
6.820
6.820
6.730
7.070
7.230
7.280
7.350
7.390
7.340
7.360
7.340
7.480
7.600
7.580
7.660
7.810
7.860
7.780
7.690
7.690
7.660
7.640
7.610
7.730
7.770
7.780
7.990
8.070
8.100
8.170
8.230
8.300
8.410
8.560
8.520
8.610
8.530
8.510
8.600
8.690
8.800
8.700
8.670
8.680
8.670
8.840
8.780
8.930
8.680
8.550
8.540
8.470
8.560
8.580
8.510
8.540
8.530
8.390
8.390
8.410
8.360
8.470
8.490
8.530
8.550
8.630
8.430
8.390
8.370
8.420
8.490
8.850
8.470
8.500
8.400
8.300
8.200
8.160
8.120
8.190
8.370
8.180
8.210
8.250
8.100
8.100
8.000
8.110
8.270
8.350
8.420
8.320
8.270
8.250
8.270
8.260
8.200
8.140
8.200
8.270
8.300
8.160
8.330
8.310
8.220
8.180
8.080
8.040
8.050
8.060
8.060
8.400
8.470
8.490
8.430
8.420
8.430
8.480
8.480
8.480
8.630
8.660
8.640
8.820
8.950
8.900
8.770
8.790
8.790
8.910
8.830
8.990
9.060
8.860
9.150
8.870
8.720
8.570
8.590
8.590
8.610
8.620
8.710
8.400
8.370
8.230
8.230
8.290
8.270
8.270
8.290
8.260
8.210
8.180
8.160
8.030
8.030
8.050
8.030
8.220
8.250
8.230
8.200
8.210
8.210
8.140
8.170
8.220
8.420
8.390
8.410
8.380
8.290
8.250
8.270
8.290
8.300
8.300
8.310
8.370
8.390
8.380
8.500
8.520
8.480
8.510
8.490
8.500
8.300
8.350
8.430
8.450
8.290
8.290
8.330
8.270
8.260
8.300
8.450
8.570
9.050
9.080
8.980
8.880
8.970
9.010
8.850
8.850
9.110
9.180
8.890
8.750
8.880
8.980
8.930
8.890
9.010
8.970
8.950
9.030
9.140
9.080
9.080
8.880
9.150
8.670
8.880
8.810
8.950
9.120
8.340
8.050
8.470
8.740
8.830
8.440
8.460
8.430
8.380
8.250
8.000
8.010
8.080
8.080
8.090
8.160
8.030
8.020
8.080
8.240
8.160
8.180
8.020
8.350
8.360
8.600
9.250
9.080
9.190
9.160
8.910
9.120
9.400
9.250
9.210
9.160
8.920
9.460
9.480
9.460
9.720
9.750
9.950
9.990
10.240
10.460
9.890
9.360
8.600
8.330
8.450
8.330
8.280
8.590
8.450
8.620
8.890
8.390
8.430
8.260
8.050
7.900
7.980
7.730
7.440
7.600
7.590
7.730
7.710
7.740
7.860
7.770
7.360
7.650
7.790
8.450
8.400
8.530
8.380
8.240
8.370
8.220
8.080
7.790
7.980
7.940
7.770
7.820
7.580
7.660
7.630
7.710
8.300
8.520
8.390
8.840
8.940
8.950
8.740
8.610
8.420
8.590
8.490
9.120
9.660
10.010
10.250
10.350
11.470
11.750
11.770
11.440
11.670
11.390
11.200
11.570
11.550
11.350
11.430
11.650
10.990
10.960
10.760
10.640
10.890
10.830
11.150
11.370
11.450
11.230
11.010
11.070
11.200
12.150
12.820
12.700
12.880
12.180
12.260
12.340
12.190
12.730
12.330
11.430
11.530
11.250
11.090
11.000
10.950
10.800
10.570
10.050
10.300
10.370
10.580
10.890
10.950
11.010
10.100
9.550
10.220
10.450
10.280
10.400
10.350
10.300
9.630
9.550
9.150
8.790
8.120
8.160
8.220
8.370
8.670
8.900
8.810
9.130
8.640
8.040
8.420
7.910
7.680
8.950
9.080
9.470
8.790
7.990
7.700
7.880
8.220
8.800
8.880
8.220
8.490
8.490
9.660
10.740
11.390
11.590
12.210
11.700
12.500
12.000
12.010
10.920
9.930
9.030
8.210
7.900
10.040
10.490
11.400
12.620
12.530
13.300
13.910
15.400
15.350
15.050
15.950
17.230
16.870
17.490
18.460
17.860
17.870
17.400
17.290
17.700
18.000
17.760
18.100
17.360
15.890
15.570
17.200
17.280
17.500
16.710
17.380
16.900
17.170
15.990
14.780
14.840
15.200
15.250
14.490
13.900
12.770
12.900
13.900
13.870
13.260
13.160
26.660
27.390
28.660
27.730
26.490
26.160
25.190
25.510
26.180
26.140
26.700
27.790
28.950
27.400
27.920
29.350
28.940
28.690
26.390
25.870
24.290
24.490
25.120
23.900
23.430
22.900
22.710
21.890
21.150
19.300
19.410
19.130
18.200
18.460
18.400
18.350
18.280
17.670
17.360
17.370
17.220
17.410
17.110
16.550
16.950
16.900
16.720
16.850
16.610
16.300
16.350
15.620
15.640
16.100
16.450
16.100
15.760
15.560
15.940
15.980
16.100
15.930
15.770
15.760
15.800
15.900
15.640
15.650
15.340
15.350
15.590
15.420
14.500
14.860
14.970
15.260
15.150
14.800
14.670
15.090
15.400
15.500
15.500
15.400
15.800
16.340
16.770
17.490
17.740
17.640
17.330
16.710
16.820
16.140
17.020
17.400
17.780
18.250
17.290
17.380
17.440
17.980
17.580
17.480
17.050
15.740
15.580
15.580
15.560
15.470
15.590
15.410
15.480
15.580
15.850
15.990
16.400
16.290
16.270
16.490
16.300
16.030
16.050
15.840
15.710
15.360
15.190
15.250
15.610
15.860
15.870
15.780
16.150
16.330
16.320
16.200
16.250
16.690
16.490
16.280
16.250
16.150
15.960
15.580
15.490
15.660
15.860
15.790
15.780
16.540
16.570
16.120
16.480
16.100
15.770
16.030
15.990
16.060
15.560
15.470
15.190
15.130
15.170
15.640
16.080
16.160
16.190
16.060
16.140
16.280
16.100
15.710
15.800
15.970
15.990
15.840
16.050
16.060
16.380
16.350
17.220
16.300
15.850
15.370
14.980
14.960
15.330
15.490
15.440
14.780
14.940
15.070
15.370
15.250
15.280
14.730
14.690
14.770
14.650
