8.450
8.410
8.430
8.440
8.340
8.380
8.410
8.420
8.390
8.380
8.460
8.510
8.540
8.530
8.500
8.480
8.380
8.380
8.380
8.430
8.480
8.490
8.340
8.340
8.330
8.260
8.430
8.280
8.290
8.140
8.300
8.430
8.430
8.450
8.510
8.470
8.490
8.340
8.490
8.880
8.900
8.870
9.030
9.120
9.110
9.120
9.150
9.320
9.810
9.880
10.050
10.110
10.080
10.100
10.290
10.380
10.580
10.770
10.740
10.580
10.680
10.680
10.890
10.640
10.200
10.340
10.420
10.490
10.500
10.470
10.450
10.510
10.570
10.580
10.760
10.750
10.660
10.690
10.650
10.680
10.740
10.870
10.920
10.930
10.850
10.830
10.770
10.790
10.930
10.940
10.880
10.940
10.820
10.590
10.590
10.590
10.660
10.740
10.730
10.630
10.590
10.480
10.530
10.530
10.510
10.480
10.390
10.400
10.430
10.500
10.280
10.350
10.360
10.680
10.960
11.120
11.260
11.320
11.310
11.480
11.650
11.670
11.480
11.490
11.550
11.330
11.270
11.220
11.330
11.600
11.480
11.440
11.490
11.580
11.330
11.160
11.060
11.570
11.780
11.690
11.750
11.360
11.700
11.940
11.970
12.230
12.330
12.520
12.540
12.620
12.930
13.080
13.180
13.300
12.790
12.550
12.690
12.640
12.480
12.700
12.870
12.000
10.910
10.930
11.050
10.870
10.820
10.890
10.960
10.940
11.080
11.050
10.800
10.920
10.840
10.940
10.670
10.730
10.640
10.680
10.440
10.220
10.250
10.220
10.150
10.360
10.520
10.520
10.300
10.330
10.270
10.280
10.300
10.390
10.760
10.860
10.760
10.470
10.550
10.740
10.770
10.450
10.340
10.310
10.250
10.140
10.260
10.340
10.510
10.440
10.570
10.480
10.430
10.330
10.150
10.090
10.390
10.100
10.160
9.800
9.650
9.630
9.620
9.640
9.820
9.820
10.140
10.120
10.070
10.110
10.200
10.210
10.200
10.220
10.310
10.210
10.190
10.110
10.030
9.940
10.030
10.020
10.100
10.020
9.800
9.830
9.920
9.650
9.570
9.620
9.690
9.670
9.670
9.470
9.560
9.510
9.600
9.270
9.540
9.660
9.680
9.800
9.770
9.660
9.680
9.640
9.310
9.360
9.380
9.500
9.540
9.590
9.460
9.610
9.670
9.710
9.640
9.680
9.640
9.720
9.660
9.770
10.390
10.360
10.320
10.390
10.190
9.950
9.930
9.900
9.850
9.820
10.030
10.710
10.720
10.700
10.970
10.970
11.080
10.840
10.850
10.470
10.740
10.760
10.750
10.400
10.640
10.370
10.230
10.550
10.360
10.480
10.660
10.460
10.560
10.280
9.940
9.680
9.740
9.790
9.420
9.640
9.710
9.850
9.830
9.860
10.090
9.870
9.380
9.880
10.020
10.930
10.980
11.100
11.030
10.750
10.940
10.850
10.600
10.120
10.390
10.410
10.150
10.200
10.110
10.370
10.330
10.580
11.450
11.680
11.590
11.940
12.100
12.110
11.770
11.840
11.800
11.860
11.830
12.440
12.850
13.590
13.790
13.680
15.310
15.850
15.890
15.860
16.560
16.650
16.740
16.580
16.690
16.760
17.180
17.250
17.500
17.450
17.470
17.810
18.040
18.380
18.560
19.000
18.160
17.820
17.000
17.790
17.770
18.130
18.490
17.490
16.080
16.110
16.500
15.290
15.520
15.840
15.470
15.980
16.380
15.680
15.470
15.530
15.620
15.320
15.100
14.590
14.960
14.700
14.750
15.050
14.940
15.450
15.450
15.270
15.550
15.080
14.250
14.080
13.990
13.800
13.700
13.640
12.980
12.780
12.300
12.320
12.310
12.390
12.750
12.810
12.850
13.390
12.820
12.640
12.870
12.430
12.230
13.700
13.950
14.100
14.430
13.840
14.280
13.680
13.250
13.550
13.850
12.900
13.000
12.880
14.370
15.980
16.800
16.890
18.490
18.390
18.470
18.310
18.330
19.640
18.200
16.730
15.970
16.580
16.370
16.570
17.270
18.400
18.150
17.650
19.800
20.360
18.950
18.330
18.390
19.120
18.590
17.730
16.800
15.270
14.440
15.750
17.750
18.000
19.110
20.520
19.650
21.000
21.910
24.790
25.000
24.600
26.180
28.050
28.500
28.950
29.500
30.000
31.210
31.490
29.500
28.400
28.370
28.000
28.600
28.590
27.000
26.350
28.500
29.480
28.660
28.380
27.990
26.150
26.970
25.790
25.120
25.990
27.430
25.920
23.980
23.960
23.680
23.840
25.900
24.540
24.700
25.300
24.200
24.980
25.280
24.880
23.770
24.660
22.900
21.950
21.000
20.760
21.090
21.200
20.990
19.410
19.970
18.470
17.810
17.480
17.640
18.140
17.360
17.230
17.330
17.660
17.710
17.930
18.270
18.460
18.500
18.450
17.980
18.240
16.680
16.950
17.400
17.300
16.780
16.070
15.660
16.170
16.300
16.450
16.420
16.200
15.880
15.770
15.550
15.270
15.950
16.090
15.870
16.150
16.170
15.780
16.200
16.130
16.550
16.750
16.550
15.980
16.220
16.100
15.500
15.380
15.230
15.790
16.490
16.610
16.470
16.180
17.450
16.220
15.490
15.380
14.690
14.800
14.570
13.990
14.090
14.270
14.050
14.060
13.800
13.900
14.080
13.950
13.920
13.970
13.000
12.930
13.160
13.140
13.290
13.700
13.750
13.960
13.960
13.820
13.900
13.950
13.690
13.720
13.750
13.620
13.850
14.000
13.970
13.950
14.160
14.100
14.360
14.500
14.730
14.970
14.920
14.850
14.690
14.660
14.860
14.770
14.790
14.990
15.170
15.070
14.800
15.060
14.750
14.620
14.850
14.750
14.690
14.790
14.930
14.930
14.730
14.500
14.110
14.290
14.280
14.860
15.030
15.100
14.300
14.270
14.270
14.310
14.350
14.590
14.560
14.360
14.400
14.090
14.290
14.670
14.270
14.360
14.140
13.600
13.330
13.390
13.270
12.840
12.800
12.740
12.840
12.930
12.890
12.840
13.200
13.400
13.350
13.180
13.240
13.250
13.190
