-0.110
0.120
-0.030
0.160
0.100
0.050
-0.170
-0.060
0.330
0.050
-0.070
0.140
-0.100
0.050
-0.320
0.580
0.020
0.110
-0.210
0.130
-0.150
0.210
0.340
0.130
0.100
-0.410
0.050
0.000
0.060
0.090
-0.480
-0.270
0.000
-0.080
-0.040
0.150
0.050
-0.160
-0.100
-0.150
0.190
-0.320
-0.190
-0.070
-0.030
-0.120
0.240
0.040
-0.010
0.090
-0.500
-0.070
-0.230
-0.270
0.020
0.150
-0.010
0.020
-0.210
0.150
-0.290
0.060
-0.260
0.140
0.050
-0.190
-0.180
-0.340
-0.300
0.130
0.050
0.210
0.090
0.190
-0.350
0.110
-0.120
0.000
-0.080
0.380
0.000
-0.140
0.050
0.180
0.580
-0.200
-0.010
0.290
0.010
-0.090
0.170
0.000
0.170
0.280
-0.080
-0.020
-0.140
-0.130
0.070
-0.090
0.100
0.000
-0.080
0.100
-0.090
0.000
0.070
0.100
0.150
0.110
0.130
-0.230
0.050
0.200
-0.270
-0.060
-0.270
-0.490
0.090
-0.070
-0.180
-0.180
0.110
-0.020
0.030
0.150
-0.180
-0.010
0.170
0.200
-0.010
0.230
-0.120
-0.190
0.230
0.000
-0.320
-0.240
-0.810
0.040
-0.020
0.120
-0.050
-0.340
-0.340
0.060
0.100
-0.320
0.160
0.060
-0.110
-0.040
0.090
-0.100
-0.220
-0.060
-0.120
0.110
0.480
-0.090
0.160
-0.110
0.000
-0.080
-0.240
-0.130
-0.210
-0.060
-0.020
-0.400
0.180
0.220
-0.220
-0.370
0.260
0.290
0.250
-0.050
0.130
0.190
-0.050
0.210
0.240
0.420
-0.010
0.030
-0.490
0.140
0.000
0.260
0.030
0.030
0.020
-0.040
-0.530
-0.210
0.030
-0.090
0.430
-0.050
-0.360
-0.330
-0.060
0.010
-0.190
-0.010
0.180
-0.070
0.060
-0.250
0.110
-0.190
0.120
0.210
0.400
-0.300
-0.780
0.060
-0.240
0.140
-0.340
0.570
0.330
0.110
-0.440
0.090
-0.490
-1.010
0.300
0.120
-0.770
-0.130
0.570
-0.080
0.840
0.450
0.220
0.450
0.160
-0.100
-0.260
-0.320
0.210
0.190
0.200
0.020
-0.070
-0.230
0.130
0.190
0.890
0.320
0.250
-0.300
0.080
0.210
-0.290
0.500
-0.170
-0.750
-0.310
-0.190
0.020
0.610
0.210
-0.060
0.810
0.230
0.190
0.060
-0.150
-0.340
0.600
0.060
0.150
-0.460
-0.020
0.170
-0.120
-0.130
-0.220
-0.110
-0.700
-0.920
0.350
-0.210
0.780
0.010
0.180
-0.290
0.290
-0.060
0.110
-0.430
-1.390
0.000
-0.560
-0.100
0.450
0.300
-0.290
0.510
-0.380
-0.280
-0.310
0.610
-0.420
0.030
1.210
-0.440
-0.620
-0.150
-0.400
0.600
0.150
0.210
1.260
0.970
-0.380
-0.390
1.400
-0.090
-0.180
-0.410
-0.270
0.450
-0.550
0.060
0.670
0.300
-1.550
-0.940
-1.830
1.090
0.430
0.970
1.440
1.310
-1.430
-0.670
-1.670
0.700
0.190
-1.770
0.070
0.610
0.330
-0.800
-0.450
-2.000
-2.220
-2.460
-0.350
-0.520
0.800
0.210
2.230
-0.500
0.010
-0.570
-0.450
0.290
0.270
0.660
1.240
0.390
0.360
0.230
-0.550
-1.010
-0.140
0.150
1.620
-0.470
-0.150
-0.670
-2.380
-0.960
1.820
0.040
-0.440
0.140
1.060
-1.710
-1.170
0.430
-1.180
0.130
-0.450
2.390
1.790
0.690
-0.450
1.570
0.770
-1.710
1.930
-0.580
-0.730
0.770
0.000
1.800
1.600
-1.600
0.050
1.150
0.280
0.520
0.000
0.680
0.370
-0.330
1.230
0.550
-0.910
1.360
1.240
-1.360
-0.110
0.730
-0.350
1.080
-0.960
-1.480
-1.640
-1.830
-2.030
-2.260
-2.510
-2.790
-3.100
2.090
2.630
1.120
0.990
0.320
-1.590
0.740
0.950
0.860
-1.270
-2.680
2.440
0.650
-0.090
-0.530
0.770
-0.750
2.090
1.960
0.050
-1.120
0.180
1.790
1.370
0.300
0.820
0.480
1.000
0.130
-0.200
0.900
-0.500
-0.310
0.670
0.740
0.840
-0.590
0.030
0.100
-0.770
-0.280
0.500
0.620
-0.560
-0.750
0.070
0.050
0.250
0.340
0.030
0.070
0.000
-0.950
-0.220
-0.040
0.320
-0.060
0.580
1.310
-0.140
0.390
0.310
-0.010
0.040
0.290
0.080
-0.190
0.190
0.440
0.130
1.050
0.050
-0.240
0.130
1.060
-0.050
0.350
-0.120
0.010
0.590
-0.080
-1.100
1.000
0.910
0.830
0.040
0.210
0.180
-0.060
-0.510
-0.050
-0.080
-0.240
-0.070
0.180
0.030
0.110
0.350
-0.360
-0.130
-0.370
0.070
0.210
0.020
-0.110
-0.160
0.010
-0.010
0.290
0.140
0.080
-0.200
0.060
0.030
0.120
0.010
-0.290
0.050
-0.510
0.100
-0.380
0.210
0.130
-0.060
0.110
-0.170
-0.140
0.130
0.110
0.830
-0.040
-0.100
-0.170
-0.150
0.120
-0.270
-0.050
-0.020
-0.070
-0.110
-0.180
-0.080
0.200
0.130
-0.010
0.040
0.160
0.150
0.140
-0.280
0.050
0.140
-0.100
-0.450
0.450
0.040
-0.110
0.050
-0.030
-0.150
-0.050
0.440
0.790
0.220
0.110
-0.170
0.010
-0.150
0.150
0.030
-0.070
-0.040
-0.050
0.080
0.270
-0.090
-0.020
0.080
0.090
0.050
-0.030
-0.050
0.090
0.130
-0.220
0.060
-0.050
0.180
0.150
0.000
0.030
-0.030
-0.050
-0.120
0.070
0.070
-0.130
-0.190
0.080
0.670
-0.040
0.040
0.050
