52.530
52.300
52.900
53.240
50.810
50.290
50.950
51.310
49.710
50.150
50.870
51.500
51.700
50.910
51.000
51.220
51.970
51.600
53.050
54.050
55.000
53.490
54.550
53.930
53.000
53.720
56.020
56.000
57.000
56.010
54.490
52.150
52.500
53.200
53.080
56.000
50.220
49.990
49.150
49.400
50.500
48.600
48.480
50.000
50.800
51.080
49.790
49.700
48.830
48.510
48.150
50.080
51.000
50.200
50.390
50.480
52.000
54.380
54.850
56.110
54.990
56.500
55.650
56.000
55.610
55.850
58.640
58.940
60.600
58.950
58.830
59.030
59.000
58.280
60.400
60.000
59.520
60.610
60.890
63.900
62.520
63.980
63.500
62.120
62.600
66.300
67.060
73.480
66.000
60.430
53.500
47.790
42.980
40.100
40.400
41.290
41.830
42.060
42.180
41.900
42.560
42.480
42.190
42.000
41.840
41.950
43.000
40.350
40.480
39.700
39.360
39.030
39.130
38.200
39.910
41.100
42.050
41.950
42.200
42.630
43.300
43.040
42.250
41.660
41.810
41.580
42.600
41.000
41.220
42.150
42.800
44.000
43.230
44.220
43.000
42.600
45.000
46.200
47.950
46.520
47.120
44.500
44.170
45.500
46.990
46.400
46.660
48.310
49.330
49.660
49.350
49.120
48.870
49.900
50.100
50.480
49.200
49.700
50.800
52.500
52.900
54.200
53.560
54.460
55.000
51.200
49.280
49.570
50.870
50.480
51.800
53.000
52.500
53.900
52.850
54.170
51.020
50.500
51.300
51.920
45.700
45.200
46.720
47.880
46.000
44.300
41.180
39.900
39.200
39.310
38.520
38.630
38.510
38.900
38.700
38.800
39.750
38.550
38.800
40.010
41.460
40.500
40.250
39.720
39.300
39.720
40.000
40.810
42.000
37.810
37.300
37.100
38.000
38.000
36.200
39.490
39.400
39.600
41.900
41.910
41.500
41.290
41.160
43.740
42.290
43.300
45.300
43.990
44.160
44.500
44.800
45.800
45.090
44.570
44.850
46.400
46.590
46.810
44.710
46.000
45.000
50.250
46.070
41.400
37.000
36.860
38.170
40.380
42.000
38.000
39.350
35.770
32.520
29.560
26.870
24.430
22.210
20.190
18.350
16.680
15.160
27.670
26.820
26.000
26.100
26.000
25.370
25.320
25.660
24.860
25.000
24.020
23.350
23.880
22.450
21.950
21.530
22.140
21.850
22.900
21.890
21.930
22.200
21.270
20.540
21.360
22.500
23.850
23.940
24.520
24.190
23.850
24.150
24.000
23.200
22.360
22.980
22.520
21.560
20.770
20.500
18.930
20.600
22.400
23.910
23.800
23.510
23.820
24.300
22.100
21.010
23.000
21.180
24.670
24.200
24.700
27.260
28.900
29.180
26.200
31.600
32.940
31.800
30.880
32.710
32.380
32.000
32.400
31.300
30.700
31.480
30.900
29.570
29.450
28.000
27.910
28.600
29.800
31.380
30.500
29.500
28.980
29.850
30.000
29.300
30.880
31.770
29.800
29.290
29.080
27.980
27.160
27.230
27.710
25.500
27.400
27.600
27.080
26.600
26.200
26.660
26.580
25.140
25.410
23.600
23.400
22.800
22.730
23.050
23.110
22.310
21.640
24.000
24.070
23.500
23.740
22.780
22.980
22.920
23.400
22.900
22.190
21.280
21.220
21.500
20.870
21.900
20.510
19.890
20.400
19.020
19.000
19.000
17.460
18.520
20.800
19.860
20.500
19.800
18.300
18.180
17.560
20.910
22.950
21.620
20.210
22.520
22.460
26.160
27.700
30.200
27.970
32.090
32.800
35.380
31.700
31.160
31.500
30.140
27.410
24.630
24.980
22.150
24.250
24.440
26.040
26.470
25.080
29.910
30.680
29.960
30.800
29.280
29.130
25.150
22.900
38.110
38.000
36.820
33.470
25.600
27.440
31.500
39.000
34.190
33.960
38.800
36.210
41.650
45.000
48.700
48.010
47.000
49.500
50.010
51.330
52.060
58.100
56.960
54.880
54.620
55.590
54.980
56.890
58.000
56.950
56.000
49.750
47.800
52.090
51.880
45.650
45.300
45.620
44.830
42.460
41.500
39.240
39.010
37.940
37.000
37.000
32.650
31.910
32.770
32.880
33.400
32.980
33.400
32.580
35.200
35.000
35.010
36.380
35.990
33.830
33.600
33.910
33.020
34.780
35.250
35.550
32.000
33.000
33.200
31.750
30.700
30.200
29.350
29.310
29.300
28.810
29.700
29.250
28.500
27.790
27.560
27.730
27.460
27.130
26.640
26.250
26.400
26.540
26.220
25.950
26.670
26.100
26.380
25.500
25.100
25.010
24.790
25.050
25.030
25.070
24.780
24.490
24.300
24.270
23.630
24.100
24.490
25.030
25.530
24.920
25.020
26.130
26.100
26.300
26.600
26.300
25.260
25.230
25.060
24.300
24.700
23.950
23.770
23.460
23.030
23.130
23.250
23.260
23.900
23.320
23.490
23.530
25.880
25.430
25.500
24.790
23.860
23.200
25.030
25.880
26.250
27.100
27.000
25.890
25.800
25.520
25.170
26.280
26.600
27.830
28.200
27.630
26.810
27.700
27.760
27.420
27.570
27.270
27.020
26.540
26.600
26.490
26.890
26.300
26.300
27.400
27.010
28.380
27.610
28.110
26.930
26.840
27.660
26.990
26.690
26.390
26.300
25.470
24.910
24.820
25.880
26.200
27.010
26.910
27.140
26.800
27.000
27.060
27.440
26.290
26.930
25.990
25.980
25.660
24.920
25.440
24.790
24.570
24.860
24.710
24.590
24.510
25.280
25.230
24.210
24.750
24.300
24.120
24.370
24.400
24.060
23.700
23.700
22.930
22.910
22.880
23.840
24.100
24.070
24.260
24.050
24.600
24.280
24.250
24.120
23.080
22.590
22.390
22.150
22.650
22.600
22.500
21.780
22.050
21.880
21.720
21.870
21.400
21.220
21.340
22.070
21.780
22.050
22.010
22.190
22.720
23.260
22.730
22.380
22.000
22.610
22.110
