12.120
12.100
12.360
12.350
12.400
12.400
12.420
12.490
12.090
12.140
12.240
12.250
12.360
12.200
12.350
12.210
12.270
12.110
12.290
12.100
12.080
11.780
11.720
11.480
11.500
11.580
11.900
11.700
11.420
11.500
11.570
11.810
11.730
11.710
11.750
11.500
11.520
11.670
11.580
12.190
12.100
12.120
12.260
12.370
12.360
12.350
12.320
12.230
12.120
12.100
12.540
12.570
12.180
12.390
12.390
12.500
12.660
12.620
12.660
12.670
12.740
12.800
12.770
12.570
12.520
12.710
13.000
13.130
13.010
12.900
13.050
13.000
13.000
12.750
12.950
12.750
12.810
12.850
12.710
12.620
12.720
12.840
12.950
12.870
12.770
12.790
12.850
12.800
12.960
13.080
12.780
12.650
12.320
12.150
12.260
12.240
12.260
12.310
12.290
12.440
12.300
12.240
12.310
12.230
12.230
12.170
12.180
12.010
12.160
12.030
11.710
11.750
11.940
11.790
12.260
12.490
12.490
12.580
12.650
12.480
12.580
12.670
12.530
12.410
12.350
12.400
12.400
12.500
12.300
12.500
12.470
12.380
12.430
12.330
12.420
12.230
12.300
12.300
12.910
13.000
13.030
12.900
13.000
12.970
13.310
13.190
13.150
13.170
13.190
13.200
13.300
13.290
13.260
13.280
13.460
13.360
13.330
13.310
13.320
13.320
13.240
13.240
13.230
13.190
13.310
13.240
13.710
13.620
13.640
13.770
13.810
13.700
13.860
13.860
14.000
13.650
13.870
13.800
13.710
13.550
13.600
13.280
13.180
13.210
13.340
13.210
13.540
13.720
13.960
13.420
13.370
13.150
13.060
13.100
13.160
13.250
13.160
13.320
13.030
13.030
13.220
13.310
13.350
13.470
13.500
13.500
13.120
13.150
13.020
13.070
13.120
13.260
13.240
13.220
12.700
12.520
12.790
12.700
12.660
12.330
12.440
12.550
12.320
12.540
12.860
12.960
12.600
13.050
12.790
12.650
12.810
12.670
12.630
12.830
12.880
13.050
13.060
13.140
12.580
12.550
12.650
12.140
12.080
12.260
12.000
12.010
12.100
12.230
12.030
11.620
11.720
11.650
11.510
11.800
11.400
11.320
11.390
10.720
10.670
10.870
10.910
11.060
11.130
11.020
10.850
11.030
10.530
10.600
10.560
10.530
10.700
10.850
10.900
10.670
10.900
11.180
11.540
11.100
11.070
11.100
10.980
10.840
11.210
11.620
11.410
11.490
11.110
11.020
10.920
10.970
10.800
11.050
10.970
11.000
11.610
11.210
11.200
11.300
11.230
11.110
11.130
10.980
11.000
11.230
11.180
11.000
11.150
11.560
11.040
10.850
10.880
10.770
10.810
10.970
10.980
11.110
10.560
10.270
10.450
10.410
10.120
9.950
10.150
10.190
10.470
10.230
10.430
10.270
9.810
9.550
10.010
10.000
10.690
10.670
10.730
10.650
10.450
10.390
10.230
9.940
9.490
9.900
9.730
9.490
9.290
9.570
9.270
9.490
9.590
10.330
10.360
10.300
10.320
10.800
10.580
10.140
10.880
10.060
10.340
10.230
10.950
11.200
11.780
11.900
11.490
13.210
13.360
13.110
12.970
13.460
13.240
13.320
13.430
13.380
12.830
13.080
12.900
12.860
12.780
12.390
12.480
12.530
12.540
12.740
12.760
12.770
12.690
12.640
12.420
12.620
13.640
14.270
13.910
13.810
14.160
13.500
13.220
13.250
13.560
13.010
13.510
13.700
13.470
14.000
12.910
13.080
12.560
12.630
12.600
12.900
12.970
13.240
13.000
13.480
12.560
11.730
12.470
12.100
12.500
12.350
11.800
12.200
12.030
11.790
11.650
11.480
11.070
11.150
10.910
10.860
11.320
11.210
11.090
11.100
10.320
10.590
10.810
10.240
10.230
11.680
11.800
11.900
11.630
11.280
11.350
10.400
12.280
25.700
25.180
23.710
22.600
23.350
25.880
27.000
28.500
28.020
31.990
31.880
32.000
30.680
30.590
31.350
29.450
28.900
27.990
28.000
27.300
25.300
24.590
25.880
24.990
24.740
27.300
29.000
27.900
28.370
27.700
27.160
25.660
23.810
29.350
27.810
26.200
29.110
26.250
27.000
27.660
26.100
26.600
27.820
30.300
30.030
29.460
31.220
32.720
33.000
34.870
34.830
34.550
33.700
33.300
34.340
35.610
35.520
36.250
35.500
34.650
31.600
31.400
32.190
32.880
31.670
30.700
30.410
29.480
30.330
29.880
28.500
29.010
29.560
27.980
28.000
27.330
26.730
26.330
26.770
27.300
27.510
27.800
26.870
27.170
26.930
27.000
27.610
27.100
25.910
26.700
26.900
26.420
27.980
28.500
28.750
27.800
28.900
28.990
26.350
23.950
21.770
19.240
19.210
19.290
18.880
19.250
19.350
18.950
18.830
18.910
19.450
19.680
19.730
20.050
20.300
19.690
19.770
19.630
19.030
19.730
20.010
20.850
20.590
20.360
20.160
20.400
20.810
21.150
21.230
21.100
21.320
20.810
20.830
20.700
20.890
20.700
20.600
21.050
20.900
20.940
20.700
20.810
20.760
21.170
21.630
21.450
21.460
21.670
21.600
21.370
20.990
21.150
21.510
21.710
22.530
22.170
22.350
22.720
21.750
22.290
22.180
22.030
21.670
21.180
20.870
20.990
20.660
20.750
20.750
20.440
20.640
20.380
20.180
20.080
21.170
21.200
21.350
20.860
20.530
20.840
20.930
20.880
21.070
21.000
20.680
20.280
20.330
20.570
20.800
21.120
20.840
21.330
21.500
21.240
21.230
21.120
20.770
21.100
21.300
21.280
21.050
21.490
21.480
21.430
21.080
20.740
20.740
20.350
20.080
19.950
20.010
19.940
20.170
19.990
20.000
19.950
20.120
20.310
20.610
20.500
20.220
20.350
20.850
20.600
