14.100
14.050
13.980
13.880
13.700
13.600
13.570
13.660
13.520
13.520
13.610
13.700
13.810
13.680
13.660
13.410
13.210
13.080
13.010
13.400
13.510
13.430
13.170
12.820
12.360
12.890
13.640
13.620
13.480
13.420
13.510
13.970
14.310
14.510
14.590
13.600
13.950
14.030
13.670
14.100
13.410
13.540
13.980
14.200
14.250
14.230
14.170
13.930
14.010
14.160
14.240
14.750
14.730
14.680
14.960
14.700
14.790
15.130
15.160
15.080
15.350
15.560
15.510
15.300
15.190
15.260
16.030
16.060
16.100
16.100
16.070
16.190
16.410
16.620
16.330
16.230
16.220
16.130
15.840
15.830
15.830
16.030
16.120
16.210
16.160
16.230
15.560
15.450
15.630
15.610
15.520
15.500
15.110
15.000
15.160
15.340
15.400
15.620
15.410
15.320
15.200
15.050
15.140
15.170
15.120
14.950
15.040
15.120
15.000
14.900
14.900
14.950
14.580
13.960
15.490
15.950
16.180
16.110
16.160
16.110
16.430
16.410
16.220
16.300
16.560
16.650
16.880
16.750
16.770
16.570
16.200
16.100
16.180
16.290
16.110
16.200
16.040
15.890
17.400
17.360
17.420
17.280
17.090
17.170
17.010
17.000
17.180
17.220
16.830
17.240
17.250
17.200
17.270
17.320
17.260
17.570
17.220
17.060
16.950
17.070
17.000
17.130
17.450
17.430
17.430
17.500
17.540
17.690
17.470
17.450
17.450
17.400
16.870
16.900
16.850
16.710
17.050
17.050
16.960
17.010
16.980
16.480
16.430
16.510
16.250
16.680
16.780
16.910
16.600
16.550
16.350
16.210
16.360
16.250
17.390
17.540
17.600
17.620
17.560
18.100
18.750
18.350
18.130
17.890
17.950
18.080
18.050
18.120
17.580
17.400
17.510
18.030
17.620
17.120
17.590
17.540
17.690
17.500
17.050
18.020
18.310
19.500
20.240
20.080
20.030
20.250
20.500
20.100
19.770
20.300
20.380
20.370
19.600
20.300
20.200
20.170
20.810
20.950
19.570
19.920
20.140
20.700
20.610
20.560
19.500
20.300
18.410
18.170
16.960
16.520
16.090
15.160
15.020
16.120
17.690
17.730
17.660
17.900
17.650
17.250
16.760
16.550
16.540
16.270
16.140
16.390
16.250
14.550
13.120
12.920
13.630
13.440
13.360
13.200
13.900
14.600
14.810
16.400
17.380
16.920
16.620
16.720
16.680
16.310
16.040
16.610
16.010
15.840
17.090
17.050
18.940
21.000
21.400
21.000
21.290
21.550
21.300
21.810
22.540
22.370
22.810
22.870
21.800
21.590
20.660
21.470
22.460
22.440
24.050
23.400
23.310
22.030
20.610
21.160
19.620
21.110
23.020
21.960
21.700
21.540
22.400
22.020
21.880
23.710
23.800
21.610
20.790
21.330
20.390
18.540
16.350
16.200
15.530
15.300
16.000
16.500
15.500
15.030
14.600
15.160
14.610
13.860
14.310
14.640
14.700
14.900
14.420
14.400
14.510
13.400
12.900
12.700
12.440
12.240
12.050
12.150
12.000
12.630
12.310
12.650
11.880
11.900
11.900
11.080
11.070
12.300
13.350
13.300
13.530
12.100
12.100
11.700
12.750
14.100
14.010
12.800
13.300
14.540
16.160
17.500
18.500
17.780
19.760
21.080
21.510
19.000
19.510
20.310
18.490
17.570
16.100
16.600
14.410
13.710
15.070
16.600
16.470
18.050
20.060
22.100
22.440
22.110
20.860
20.290
19.250
19.140
21.270
22.000
20.000
19.530
21.700
24.110
23.200
25.780
28.640
31.820
34.310
34.000
32.590
32.500
33.660
30.010
26.800
24.660
22.810
23.200
22.370
23.400
22.410
20.160
18.450
16.750
15.780
17.160
17.050
49.800
54.710
53.720
56.650
54.010
47.100
49.730
55.250
54.000
52.430
54.300
49.210
49.360
46.700
41.340
38.100
37.300
35.620
38.360
35.780
32.530
28.050
27.760
28.350
26.320
25.800
25.100
24.620
25.000
25.910
25.770
26.300
24.700
23.580
23.000
22.320
22.000
20.880
21.000
21.660
21.410
21.010
19.820
19.680
19.680
19.220
19.260
19.200
20.160
21.300
21.700
21.500
21.300
21.300
21.860
22.000
21.700
22.200
22.180
21.840
21.360
20.730
21.510
21.300
20.270
20.050
19.800
19.590
19.810
19.980
19.110
18.800
19.100
19.260
18.660
19.580
19.880
18.150
18.000
19.560
19.400
19.360
17.560
17.580
16.750
16.750
16.010
15.750
15.690
16.530
16.380
16.070
15.850
16.080
16.050
16.300
16.240
16.100
16.020
15.800
15.390
15.320
15.570
15.660
15.450
15.350
15.310
15.300
15.180
16.430
16.950
16.850
16.820
16.940
17.100
16.920
16.900
16.830
16.350
15.900
15.950
15.850
16.460
16.740
16.930
16.470
17.060
17.380
17.400
16.560
16.720
16.660
16.880
17.060
17.050
16.600
16.520
15.920
15.610
15.590
15.700
15.580
15.560
15.790
16.110
16.050
16.030
16.300
15.980
15.770
15.310
15.440
15.290
14.900
14.670
14.660
14.760
14.920
15.820
15.670
15.410
15.320
15.060
14.950
14.650
14.620
14.600
14.560
14.660
14.350
14.230
14.180
14.320
14.030
14.020
14.030
13.910
13.880
13.750
13.500
13.360
13.560
13.810
13.530
13.680
13.950
14.580
14.610
14.170
13.910
13.780
13.870
13.890
