2824185.00
2344271.25
1338123.88
1187214.38
1690392.38
575393.00
985536.81
862667.69
910760.88
844539.69
960959.69
896363.38
1401780.50
1028467.75
2278631.00
1288941.75
1942140.38
1708072.00
761180.81
424982.44
570583.38
472233.44
218953.88
330610.25
628207.12
525888.81
302338.53
10.00
343142.56
471770.03
450131.69
446016.91
537236.06
900451.44
358732.47
655733.19
783924.31
310233.53
385610.75
520447.88
633514.19
533074.25
360488.31
546710.06
360317.81
434278.81
560921.50
386797.62
832853.19
790198.50
864072.56
747700.19
740028.88
552130.75
1099523.88
562430.62
704168.81
675984.31
734748.62
1586342.12
1231762.62
1406337.25
979902.19
1112298.50
2698097.00
1219861.12
903496.81
866449.94
735446.88
931365.50
1157582.12
1106648.12
1481041.50
1091102.88
1479193.12
1564999.50
1574718.50
1800849.75
2525771.25
1474944.50
2159480.50
2741097.50
876336.00
1646367.00
2892296.25
2040972.62
1731193.75
1734327.00
2587639.00
2506110.75
4007650.00
2448948.25
1214996.38
1103021.50
422393.41
474734.81
1049983.50
323051.66
296271.62
600493.50
198970.95
292533.31
188355.12
261636.69
128321.26
102115.86
106.00
173915.38
408456.03
261239.72
455321.19
333560.31
251674.52
393447.28
196919.09
168087.23
183050.41
216609.36
357032.62
140476.70
159680.67
176399.00
164633.38
188350.81
177650.56
266019.59
387047.19
245997.05
211479.56
200338.69
198558.12
230903.36
216388.38
299524.44
518861.41
212778.55
286315.69
383545.72
247710.92
271325.38
518014.31
195408.56
277483.72
378303.00
385889.84
364835.19
314434.47
309624.53
421731.88
307320.16
319566.16
425547.28
798976.19
481476.97
761750.81
1418016.12
326649.47
458459.69
225738.20
241281.36
233504.23
321919.09
338770.88
235671.02
215449.38
317024.88
306179.81
376738.22
325810.25
445527.72
458076.84
787175.75
285075.28
216066.67
242436.31
371451.91
362371.25
375084.78
247301.91
240959.23
167068.44
323070.34
386624.91
242492.66
251516.69
191015.48
213144.06
230930.94
284495.56
382524.78
564555.75
371433.16
319598.34
545368.44
543723.56
236116.22
308587.38
458812.09
776141.81
238166.73
308595.44
309025.94
378482.28
284341.41
412553.44
463077.34
479744.25
484533.44
546649.62
913881.81
817839.25
365298.62
514994.62
628338.19
802609.94
550885.88
673497.75
854150.50
394663.31
634393.88
510277.72
517547.22
989854.50
1343235.12
580071.62
849532.81
995155.75
853799.69
925398.88
545355.50
1183962.62
990281.44
780398.00
1013693.69
1470931.12
1438462.38
1919352.00
3462839.50
2222580.25
1449253.12
1340870.88
1126892.25
1781347.88
2896896.75
1375540.62
1298128.25
1788676.62
1335030.75
1996272.00
2280789.75
1883161.38
2333184.75
3568770.75
3984808.25
2369570.50
3633707.75
3195466.75
3625036.00
2627613.25
1416059.50
1915765.00
2570533.00
737044.69
430247.47
591281.06
663439.38
937566.44
1101303.50
723582.94
788903.38
915350.75
922926.56
1367966.12
1399150.38
1180614.75
726777.31
578228.00
729768.81
841446.94
656864.94
678959.19
334325.72
375880.62
200518.23
233531.78
353051.16
263209.25
291589.00
229692.12
318250.69
485657.06
184353.94
238938.94
275634.50
255288.12
444352.06
304461.19
363880.69
436928.34
545720.94
639368.50
489327.03
201144.34
294864.25
284941.50
212893.66
259018.98
192789.64
280279.62
269452.09
332822.81
389506.69
410381.62
350694.12
180880.78
210164.84
232123.16
142105.19
198580.27
269422.50
315241.38
319021.66
421294.00
547622.62
347640.19
271302.22
372494.38
246637.69
443727.25
234441.23
279429.62
259269.94
171531.72
256153.39
215399.12
249956.91
182862.91
171781.69
281617.16
281981.41
238394.31
323859.59
199541.77
225775.80
288992.12
322746.81
203533.27
226954.27
321068.75
290472.53
344939.62
279775.31
424035.97
280494.31
269499.50
332955.84
293732.19
423888.31
107540.20
454060.09
573320.69
331688.50
212523.91
341271.78
286586.12
304691.56
481360.00
307105.94
195775.77
239609.81
276077.59
187716.27
320320.81
244773.14
386697.84
272172.19
404468.22
323954.69
381939.69
602356.81
675452.31
657256.88
570320.25
333328.53
282060.75
487005.50
1198229.75
798023.88
381777.78
482216.34
310615.38
541836.38
791835.25
749711.81
603599.44
443557.19
395817.59
596165.44
560824.38
465167.94
400211.94
561038.94
212636.22
417064.88
502815.75
411726.06
423625.00
324566.69
496069.25
281773.00
431625.50
567440.31
270596.69
350237.12
359374.16
426402.22
410057.56
284653.41
3182.29
120277.97
190980.31
148314.69
261304.94
234421.95
314970.50
297622.91
308129.78
296839.66
455576.00
305815.19
296214.44
386212.75
336016.66
291585.94
591718.00
268622.03
312416.78
414393.06
405299.91
317913.62
447559.50
377345.09
530039.12
589822.12
361062.59
456273.66
365505.00
510526.56
491980.81
300692.28
349767.12
278766.28
367698.34
547209.75
631580.69
354139.16
311074.03
500535.62
515527.09
554032.19
489926.91
668885.19
567884.62
828530.25
1068678.62
1070113.50
554731.06
426571.06
427662.78
527042.62
495188.38
525956.56
630056.25
1069231.25
851871.50
484681.78
439676.81
697467.19
540485.50
679018.94
604024.19
687328.75
528070.56
358406.78
414265.94
523410.00
363345.78
406551.47
487898.53
668673.69
1088758.88
603216.56
542296.75
508586.72
544834.62
800190.81
713364.81
589668.94
680258.00
783439.88
452333.38
516383.72
635493.88
569097.25
637969.81
546042.56
657247.06
469834.38
658490.00
461031.41
423636.03
286841.47
380222.12
390471.19
308339.88
332091.19
186079.80
178104.02
207896.73
292557.62
157516.94
215172.03
209716.27
360265.34
322365.47
368088.66
465446.25
456099.38
345921.97
341549.94
351022.97
325476.94
314196.38
520609.12
548980.44
223709.47
428495.16
433445.31
445160.56
359063.84
518723.06
324701.41
435396.94
352543.75
185188.34
345925.50
425493.50
357074.31
370887.56
274146.59
240426.05
224433.55
187485.45
178468.55
126196.38
258792.83
171684.14
141521.05
166402.48
247127.55
206922.33
193627.17
377229.69
501119.28
205996.11
245402.38
442427.78
2653.10
167994.56
214703.44
289584.12
272851.41
318594.84
222777.66
319800.19
259942.08
288228.38
171973.20
83331.16
83721.87
101722.93
106036.00
107610.20
114208.65
159151.09
216476.91
188662.70
107536.71
174307.11
162204.38
124657.94
137099.80
146820.97
217825.67
338102.31
348309.81
270081.41
350570.72
428931.06
505487.34
343294.94
552066.75
375563.81
336705.81
265926.62
318748.09
346090.56
488953.12
316845.12
272804.38
228589.16
193026.19
145339.56
182194.53
187041.95
111354.26
81115.68
131314.83
86342.11
106999.06
94694.35
199648.67
138431.88
257014.81
117823.39
178831.02
93760.57
147753.38
185862.86
130314.05
216071.73
236675.84
200402.52
152212.31
128649.34
104199.70
148171.55
202765.00
130162.23
113026.37
257400.17
178995.48
163477.31
312104.19
211354.95
277048.47
259587.20
262630.97
180977.92
224774.39
164475.72
266601.25
284829.22
244965.20
225053.62
280392.03
284870.72
554474.81
403276.50
385621.12
319344.19
527576.25
216891.61
206074.22
234438.41
231594.52
206574.09
202323.55
173149.41
88156.06
111512.48
142564.25
343878.88
258301.91
190155.05
201664.36
280028.84
247779.97
174714.94
276533.97
522133.81
433848.94
339629.03
275598.25
287360.59
355260.19
474963.97
199036.36
285101.97
280832.78
215382.16
268836.66
445769.72
444782.81
395197.50
484834.56
