13.190
13.300
13.180
13.210
13.050
12.950
12.900
13.070
13.130
12.800
12.750
12.820
12.680
12.780
12.730
13.050
12.470
12.450
12.340
12.550
12.420
12.570
12.360
12.020
11.890
11.790
12.200
12.150
12.150
12.090
12.000
12.480
12.750
12.750
12.830
12.870
12.720
12.670
12.830
12.930
13.080
12.890
13.210
13.400
13.470
13.500
13.620
13.380
13.340
13.350
13.260
13.760
13.830
14.060
14.330
14.310
14.160
14.170
14.150
14.360
14.210
14.500
14.440
14.700
14.560
14.510
14.700
14.880
15.220
15.520
15.390
15.340
15.130
15.040
14.850
15.200
15.090
15.210
15.210
15.290
14.910
14.910
15.050
15.000
14.820
14.240
14.440
14.450
14.160
14.150
14.240
14.070
14.070
13.900
13.620
13.700
13.720
13.860
13.990
13.920
14.010
13.910
13.910
13.990
13.890
13.980
13.980
13.910
13.810
13.660
13.550
13.420
13.650
13.600
13.400
13.670
13.730
14.000
14.490
14.400
14.470
14.650
14.830
14.720
14.740
14.710
14.560
14.740
14.750
14.580
14.380
14.390
14.160
14.280
14.470
14.240
14.240
14.560
14.800
15.610
15.570
15.590
15.470
15.520
15.860
16.200
16.140
16.040
16.360
16.200
16.140
16.250
16.290
16.200
16.300
16.520
16.580
16.700
16.590
16.110
16.200
16.040
16.150
16.150
16.230
16.470
16.600
16.600
16.660
16.680
17.080
16.900
16.680
16.900
17.270
17.010
16.720
16.470
16.520
16.390
16.200
16.250
16.040
15.800
15.380
15.390
15.360
15.850
15.710
15.710
15.450
15.420
15.390
15.370
15.410
15.940
16.150
16.120
16.210
15.780
15.830
16.190
16.520
16.580
16.570
16.760
16.770
16.590
16.660
16.600
16.850
16.740
16.930
16.810
16.600
16.200
16.500
17.280
17.220
17.460
17.320
17.660
17.090
16.760
16.650
17.090
17.000
17.490
18.500
18.200
18.080
18.850
18.980
18.410
18.490
17.650
17.200
16.980
16.530
16.370
16.470
16.730
17.050
16.840
16.650
16.450
16.430
16.500
16.730
16.600
16.410
15.520
15.200
14.950
15.260
15.180
14.970
15.260
14.760
14.930
15.680
15.990
16.180
16.160
15.550
15.340
15.400
14.590
14.360
14.170
14.110
14.260
14.600
14.000
13.940
13.790
14.250
14.270
14.100
14.220
14.350
14.570
14.680
15.380
16.300
15.950
16.160
15.380
15.370
15.190
15.480
15.190
15.250
15.140
15.570
16.960
16.960
17.520
17.620
17.170
16.870
17.160
16.650
17.030
17.310
17.620
17.010
17.430
17.400
16.190
16.630
17.250
17.400
17.800
17.200
17.050
16.840
15.580
14.610
14.990
15.380
13.980
14.070
14.250
14.660
14.930
14.480
15.030
14.970
14.300
14.000
15.550
16.490
18.320
17.230
16.800
15.830
14.390
13.080
14.510
15.180
16.850
16.150
15.960
17.730
17.660
17.050
16.720
17.520
17.970
19.970
22.190
24.650
25.000
25.520
24.720
24.510
22.280
22.780
22.770
23.340
23.790
23.500
23.230
22.570
21.330
20.940
20.580
20.350
20.900
21.910
22.050
21.900
20.280
20.750
20.900
21.570
23.950
24.910
23.090
23.050
23.490
23.350
22.290
24.000
25.170
24.740
25.920
25.790
26.240
23.850
22.060
21.370
21.820
20.250
19.480
21.190
19.260
19.840
20.570
19.800
19.800
18.000
16.400
18.000
17.950
16.800
16.520
16.000
16.000
15.320
14.950
15.280
14.600
14.050
14.960
13.600
12.360
13.720
13.830
13.100
13.450
12.370
13.330
14.810
16.450
18.280
20.310
22.570
25.080
27.870
31.000
28.910
26.280
25.160
24.170
23.850
25.440
24.700
23.750
22.890
24.160
26.840
24.400
23.750
23.840
24.370
23.600
24.350
22.260
20.300
20.250
21.370
21.190
19.400
18.030
17.730
16.910
16.430
15.430
15.300
15.500
14.600
15.100
15.410
14.740
14.000
13.160
13.750
13.720
13.620
14.390
14.670
14.170
13.550
14.110
14.860
14.790
14.740
14.490
14.150
14.120
14.050
14.050
15.000
15.220
15.260
14.940
15.000
14.420
13.110
13.250
12.860
12.550
12.560
12.520
12.230
12.150
12.340
12.150
11.710
11.580
10.530
10.480
10.720
11.650
10.590
10.640
10.290
10.410
10.400
9.810
9.890
10.990
9.990
9.080
8.250
8.210
8.000
7.820
7.880
8.390
8.440
8.520
8.760
8.830
8.650
8.620
8.510
8.160
8.520
8.650
9.020
8.950
8.740
8.720
8.830
8.990
8.980
8.990
8.700
8.560
8.480
8.680
8.620
8.590
8.470
8.460
8.750
8.700
9.210
9.110
9.490
9.280
9.150
9.210
9.100
9.270
9.410
9.280
9.170
8.340
8.380
8.480
8.650
8.800
8.680
8.950
9.000
9.020
9.090
9.200
9.380
9.460
9.260
9.130
9.140
9.100
8.940
8.790
8.650
8.930
8.880
8.740
8.840
9.290
8.840
8.800
8.910
8.860
8.890
9.040
9.090
8.650
7.860
7.640
7.530
7.700
7.690
7.840
7.690
7.660
7.730
7.770
7.820
7.740
7.470
7.560
7.580
7.500
7.410
7.360
7.390
7.440
7.350
7.220
7.440
7.380
7.430
7.250
7.100
7.100
7.070
7.100
7.150
7.270
7.200
7.130
7.260
7.450
7.370
6.700
6.940
6.900
