7.510
7.510
7.470
7.450
7.250
7.250
7.200
7.260
7.240
7.310
7.220
7.370
7.270
7.140
7.150
7.190
6.980
6.910
6.800
6.920
6.850
6.870
6.760
6.730
6.550
6.480
6.720
6.730
6.790
6.710
6.660
7.050
7.210
7.230
7.350
7.340
7.220
7.250
7.230
7.410
7.550
7.540
7.650
7.770
7.730
7.600
7.670
7.640
7.600
7.560
7.480
7.740
7.730
7.700
7.990
7.960
8.050
8.160
8.200
8.230
8.410
8.480
8.480
8.530
8.370
8.410
8.570
8.680
8.620
8.630
8.630
8.630
8.720
8.780
8.670
8.580
8.530
8.430
8.470
8.380
8.570
8.460
8.480
8.480
8.370
8.340
8.280
8.360
8.300
8.480
8.450
8.500
8.450
8.370
8.270
8.350
8.290
8.420
8.490
8.410
8.430
8.340
8.260
8.190
8.150
8.120
8.130
8.100
8.110
8.160
8.170
8.030
8.050
7.970
7.840
8.170
8.270
8.340
8.300
8.260
8.180
8.230
8.250
8.180
8.100
8.140
8.160
8.240
8.140
8.150
8.260
8.150
8.160
8.060
8.040
7.980
7.900
8.040
7.990
8.380
8.460
8.430
8.380
8.340
8.470
8.450
8.420
8.460
8.630
8.570
8.600
8.750
8.870
8.640
8.690
8.780
8.800
8.780
8.820
8.910
8.830
8.790
8.850
8.660
8.440
8.520
8.500
8.510
8.520
8.600
8.370
8.330
8.220
8.220
8.200
8.260
8.130
8.230
8.250
8.190
8.170
8.150
8.030
7.990
7.990
8.020
8.010
8.210
8.190
8.160
8.150
8.210
8.090
8.140
8.030
8.300
8.380
8.300
8.360
8.190
8.180
8.150
8.250
8.270
8.280
8.230
8.230
8.380
8.330
8.300
8.470
8.440
8.430
8.440
8.450
8.280
8.200
8.360
8.400
8.290
8.210
8.300
8.230
8.260
8.190
8.300
8.440
8.530
9.060
8.880
8.760
8.890
8.850
8.840
8.730
8.880
9.010
8.890
8.740
8.650
8.820
8.850
8.860
8.910
8.950
8.790
8.900
9.000
9.020
9.030
8.700
8.870
8.670
8.440
8.740
8.700
8.880
8.290
7.910
8.000
8.660
8.780
8.370
8.390
8.420
8.270
8.250
7.920
7.940
8.000
8.050
7.920
8.120
8.010
7.920
7.850
8.150
8.160
8.030
8.000
8.060
8.270
8.250
8.750
9.040
9.020
9.160
8.790
8.880
9.130
9.200
9.090
9.080
8.720
8.810
9.360
9.220
9.550
9.720
9.630
9.590
10.020
10.000
9.890
8.990
8.570
8.260
8.300
8.320
8.040
8.250
8.410
8.360
8.740
8.260
8.410
8.200
7.980
7.660
7.830
7.660
7.380
7.390
7.440
7.690
7.570
7.370
7.720
7.700
7.310
7.130
7.650
7.630
8.340
8.380
8.330
8.190
8.190
8.180
8.070
7.720
7.820
7.930
7.750
7.690
7.420
7.550
7.260
7.480
7.580
8.400
8.350
8.200
8.730
8.920
8.630
8.300
8.390
7.990
8.360
8.320
9.240
9.170
10.190
10.010
10.180
11.310
11.760
11.430
11.190
11.270
11.100
11.200
11.550
11.350
11.250
11.450
10.850
10.770
10.750
10.420
10.680
10.730
10.810
11.200
11.140
11.230
10.880
10.910
10.990
11.030
12.260
12.680
12.670
12.180
12.170
12.260
11.660
11.890
12.330
11.210
11.240
11.200
10.840
10.950
10.770
10.500
10.550
9.930
9.860
10.140
10.290
10.290
10.770
11.010
10.040
9.510
9.180
10.200
10.090
10.300
10.320
9.950
9.590
9.360
8.980
8.680
8.090
8.040
8.000
8.320
8.130
8.710
8.670
8.570
8.450
7.900
7.860
7.910
7.190
7.970
8.850
8.900
8.790
7.990
7.470
7.230
7.490
8.310
8.880
8.160
7.760
8.160
9.070
10.080
10.800
11.400
11.090
11.650
11.900
11.770
12.010
10.920
9.930
9.030
8.210
7.460
8.290
9.130
10.130
11.250
12.460
11.600
12.890
14.320
15.020
14.910
14.650
16.260
16.740
16.600
17.940
17.600
17.690
17.060
16.930
16.900
17.680
17.300
17.860
17.300
15.820
14.930
15.200
16.860
17.200
16.580
16.610
16.820
16.290
15.780
14.760
14.280
14.850
14.780
14.200
13.900
12.640
12.200
13.200
13.400
12.860
12.770
26.200
26.120
27.090
27.330
26.270
26.050
25.180
24.000
25.440
25.440
25.120
26.930
27.890
27.250
26.580
27.740
28.430
28.080
26.140
25.530
24.000
23.740
23.920
23.440
23.380
22.660
22.250
21.760
21.150
19.230
19.040
18.930
18.010
18.000
18.400
18.270
18.040
16.980
17.010
17.240
16.960
17.170
17.010
16.490
16.420
16.600
16.600
16.620
16.350
16.250
16.180
15.600
15.300
15.550
15.960
16.050
15.760
15.300
15.500
15.630
15.870
15.680
15.750
15.360
15.710
15.710
15.640
15.060
15.220
15.040
15.080
15.290
14.290
14.560
14.740
14.890
15.080
14.720
14.550
14.400
14.950
15.440
15.440
15.400
14.920
15.850
16.000
16.660
17.450
17.490
17.280
16.660
16.510
15.880
15.540
16.810
16.900
17.790
17.260
17.220
17.130
17.500
17.500
17.380
16.690
15.500
15.560
15.550
15.510
15.360
15.390
15.340
15.170
15.530
15.350
15.810
15.910
16.250
16.080
16.140
16.300
15.540
15.790
15.760
15.660
15.350
15.100
15.040
15.150
15.460
15.800
15.520
15.630
16.160
16.310
16.110
16.180
16.290
16.450
16.050
16.020
16.000
15.720
15.520
15.390
15.250
15.710
15.780
15.640
15.710
16.510
16.070
16.080
16.030
15.580
15.700
15.880
15.920
15.500
15.420
15.190
15.030
15.020
15.040
15.600
16.050
16.150
15.910
15.890
16.070
15.990
15.560
15.530
15.860
15.910
15.770
15.540
15.900
16.020
16.190
16.110
16.110
15.850
15.370
14.880
14.950
14.980
15.310
15.350
14.780
14.590
14.620
14.960
15.130
15.230
14.630
14.380
14.550
14.620
