12.600
12.630
12.320
12.380
12.230
12.300
12.210
12.100
11.810
11.690
11.700
11.660
11.670
11.510
11.430
11.520
11.290
11.400
11.300
11.360
11.330
11.360
11.150
11.090
11.120
11.000
11.330
11.350
11.350
11.280
11.220
11.160
11.400
11.550
11.780
12.020
11.700
11.620
11.590
11.940
12.120
12.180
12.850
12.920
13.180
13.270
13.340
13.380
12.940
13.120
12.530
13.000
12.990
12.810
12.600
12.250
12.460
12.580
12.550
12.470
12.340
12.240
12.420
12.410
12.160
12.030
12.400
12.500
12.620
12.880
12.940
12.430
12.700
12.810
12.890
12.700
12.530
12.610
12.460
12.100
12.100
12.440
12.590
12.460
12.370
12.450
12.510
12.380
12.420
12.610
12.590
12.780
12.650
12.250
12.180
12.500
11.860
12.070
12.010
11.960
12.090
11.950
12.000
11.820
11.820
11.860
11.850
11.860
11.950
11.950
11.200
11.010
10.930
11.030
11.010
11.800
11.950
11.950
12.330
12.600
12.320
12.420
12.610
12.500
12.170
12.120
12.250
12.280
12.400
12.500
12.660
12.770
12.770
12.950
12.890
12.290
11.940
11.950
11.680
12.200
12.300
12.410
12.230
12.180
12.390
12.810
12.790
12.510
12.830
13.050
13.180
13.180
13.310
12.980
13.110
13.160
13.130
13.280
12.960
12.990
13.080
13.000
13.530
13.600
13.500
13.120
13.170
12.780
12.230
12.480
12.230
11.850
11.820
11.780
11.850
11.890
11.730
11.720
11.830
11.650
11.660
11.660
11.510
11.430
11.420
11.420
11.260
11.360
11.370
11.400
11.300
11.380
11.260
11.340
11.290
11.780
11.970
11.700
11.750
11.480
11.440
11.700
11.650
11.710
11.810
11.550
11.550
11.550
11.560
11.590
11.700
11.700
11.760
11.930
11.610
11.550
11.190
11.310
11.360
11.310
11.020
11.060
11.100
11.150
11.060
10.920
10.890
11.030
11.710
11.400
11.390
11.650
11.680
11.700
11.570
11.660
11.740
11.830
11.770
11.620
11.720
11.930
11.300
11.340
11.340
11.130
11.240
11.250
11.250
10.900
10.640
10.840
10.800
10.640
10.790
10.760
10.580
10.770
10.500
10.530
11.280
11.340
11.390
11.400
11.500
11.360
11.220
10.670
10.790
10.840
10.860
10.790
11.080
10.830
10.890
11.050
11.880
23.890
23.640
23.500
23.540
23.780
23.430
24.630
25.920
25.590
25.850
24.920
24.800
24.680
24.780
24.350
24.980
24.260
24.230
26.170
26.000
26.760
27.230
27.120
25.840
23.790
21.630
21.930
22.200
22.200
21.240
21.340
21.380
20.480
21.170
21.140
21.120
21.330
21.330
21.720
21.080
20.150
19.400
19.820
19.600
18.910
18.960
19.170
19.840
20.050
19.760
20.500
20.490
19.560
19.150
20.890
20.960
23.290
22.970
23.520
23.210
23.130
23.400
22.620
21.780
22.090
22.540
22.120
22.490
21.860
21.970
21.000
21.650
20.850
22.510
22.600
22.220
22.810
22.870
22.080
21.170
22.240
20.810
20.930
20.100
22.090
21.960
24.400
24.010
25.180
27.960
28.880
28.100
27.920
28.330
28.060
28.800
29.580
29.720
29.690
29.930
28.610
28.570
28.420
27.860
28.990
28.830
29.660
30.240
30.000
28.800
27.670
28.770
29.000
27.800
29.720
30.970
31.000
29.400
28.670
27.800
26.670
27.510
28.380
27.510
28.520
29.100
28.250
28.360
28.000
26.760
27.230
24.750
24.700
25.600
26.550
26.440
27.930
25.390
25.510
23.190
21.080
23.040
22.310
23.130
23.080
22.150
22.620
22.500
21.380
20.640
19.800
19.830
19.250
19.500
18.840
19.910
19.700
20.030
20.030
18.580
18.490
18.950
17.260
18.170
20.190
20.060
20.550
20.300
19.130
17.890
17.880
18.850
20.580
19.250
17.500
17.140
19.040
21.150
22.800
24.130
23.570
26.190
26.160
26.200
25.560
26.480
25.690
24.180
23.080
23.020
23.090
20.990
23.000
24.970
26.400
24.650
24.260
26.950
27.100
26.450
26.400
25.700
24.500
22.270
20.940
19.040
17.310
19.230
21.370
20.200
22.140
24.600
27.290
26.210
29.120
32.350
34.800
34.230
35.440
39.380
39.600
37.990
37.600
39.260
39.500
37.540
36.030
36.300
38.150
37.950
39.000
37.960
34.510
32.380
31.100
33.530
34.220
33.100
32.800
33.590
30.890
31.060
30.810
30.040
30.700
30.580
28.550
28.000
26.560
25.570
27.250
26.800
26.580
26.850
26.680
26.040
28.000
28.220
26.800
27.020
26.340
25.430
26.670
27.710
28.100
30.000
28.260
27.290
26.890
27.000
26.970
25.860
25.320
24.850
24.660
24.650
24.830
24.900
25.350
24.420
24.680
24.330
23.430
23.570
22.870
22.830
22.480
22.090
22.280
23.160
22.730
22.310
22.240
21.660
20.200
20.640
20.650
19.710
19.850
20.360
20.330
20.680
19.580
19.230
18.800
18.690
18.690
18.900
20.230
20.440
20.830
20.300
20.460
20.760
21.100
21.150
21.500
21.480
20.950
21.060
20.120
18.290
18.130
17.810
18.150
18.630
18.360
18.150
18.060
17.880
17.800
17.090
17.070
16.800
17.240
18.870
18.910
19.100
18.450
19.440
21.600
22.300
22.690
22.400
22.550
23.270
24.490
24.800
24.820
24.780
23.780
23.680
23.420
23.410
22.880
23.060
22.890
23.800
23.470
24.550
24.340
24.440
24.670
24.160
24.870
25.180
25.740
25.700
25.700
24.570
24.040
24.020
24.900
24.900
26.470
26.970
26.620
24.200
23.700
23.010
23.320
22.400
22.680
22.620
22.380
21.450
21.730
21.590
20.920
20.910
21.790
21.400
20.580
20.990
22.450
22.670
22.380
22.590
22.780
22.730
23.030
23.000
23.160
23.350
22.450
21.440
21.190
20.020
19.530
19.210
19.190
19.380
19.400
19.450
18.640
18.240
18.800
18.790
19.180
19.160
19.220
19.260
19.620
19.800
19.300
18.820
18.830
18.700
18.840
18.390
17.480
17.950
18.400
18.250
17.890
18.040
18.500
19.380
19.000
19.080
19.460
19.390
19.380
