23.850
22.820
23.400
22.330
22.850
23.000
20.680
21.100
21.090
20.860
21.500
21.980
22.200
19.740
19.750
17.150
15.670
15.310
15.900
16.000
16.100
15.280
15.560
15.360
15.060
16.380
16.360
16.530
16.720
16.400
17.300
17.220
17.610
19.200
19.330
19.750
20.400
20.690
19.650
21.500
20.500
23.820
24.560
24.000
23.780
23.860
24.290
22.750
23.020
22.190
23.550
23.000
22.490
22.140
21.150
20.200
21.430
20.650
22.500
21.700
19.520
20.190
20.090
19.000
20.370
20.080
18.000
17.490
17.100
15.680
13.390
12.390
12.930
11.800
11.050
10.840
11.000
10.950
10.900
10.840
10.970
10.800
10.830
10.840
11.060
11.600
11.110
11.130
11.050
11.180
11.780
11.900
12.000
11.790
11.670
11.670
11.800
11.850
12.500
12.100
10.900
10.650
10.530
10.350
10.300
10.290
10.600
10.700
10.750
11.850
10.790
11.000
9.500
8.580
8.520
9.300
9.000
8.780
8.060
7.670
7.640
7.630
7.540
7.450
7.390
7.420
7.520
7.620
7.450
7.350
7.380
7.300
7.330
7.340
7.220
7.120
7.220
7.440
7.880
7.830
7.950
7.800
7.780
7.770
7.930
7.870
8.050
8.230
8.100
8.150
8.350
8.290
8.290
8.260
8.350
8.270
8.340
8.450
8.250
8.210
8.200
8.220
8.370
8.700
8.250
8.190
8.180
8.050
8.020
8.140
8.180
8.020
8.140
7.960
7.930
7.800
8.000
7.870
7.960
7.930
7.920
7.850
7.770
7.760
7.830
7.770
8.060
8.100
8.280
8.100
7.870
7.790
7.780
7.780
8.010
8.320
8.230
8.120
8.010
7.990
7.930
8.000
8.120
8.160
8.080
8.120
8.180
8.290
8.200
8.560
8.450
8.390
8.350
8.410
8.330
8.280
8.460
8.380
7.830
7.940
7.850
8.010
7.740
7.560
7.620
7.660
7.650
7.960
7.880
7.620
7.800
7.740
7.750
7.700
7.680
7.830
7.910
7.730
7.630
7.360
7.350
7.500
7.550
7.330
7.240
7.210
7.210
7.160
7.110
6.950
7.120
7.170
6.980
7.050
7.050
6.950
7.000
6.820
6.900
7.020
7.110
7.160
7.250
7.180
7.100
7.020
6.710
6.810
6.790
6.710
6.800
6.900
6.770
6.610
6.640
6.920
7.070
6.980
7.120
7.100
7.290
7.260
7.630
8.020
7.700
7.870
15.640
15.110
15.230
15.300
14.960
15.150
14.800
14.920
16.270
16.340
16.080
16.180
16.080
15.940
15.850
15.850
15.700
15.950
16.100
15.880
16.040
16.340
15.560
15.340
15.720
15.820
15.800
15.800
15.390
15.570
13.690
13.370
13.560
13.750
13.300
12.720
13.420
13.500
13.350
12.980
13.480
13.440
12.180
11.860
12.750
12.950
14.160
13.990
14.180
14.090
13.700
14.000
13.360
12.890
12.640
13.230
13.260
12.720
12.490
12.710
12.470
13.030
13.800
15.020
14.870
14.740
14.600
14.820
14.160
13.750
14.700
13.720
15.160
14.350
14.800
14.900
15.880
15.840
15.410
17.750
18.230
17.750
17.450
18.000
17.710
18.000
18.420
18.050
17.800
17.840
17.550
17.660
17.450
16.510
17.000
17.070
17.200
17.800
17.880
17.800
17.690
17.320
17.150
17.230
19.290
19.700
19.220
19.250
19.250
19.300
18.680
18.890
19.210
18.650
20.000
20.310
19.650
19.360
19.490
19.700
19.000
18.300
19.310
17.800
18.400
18.800
17.100
17.200
17.020
16.700
15.700
18.030
17.210
18.170
17.680
16.980
17.150
16.700
16.100
15.540
15.600
15.390
15.470
15.600
16.300
17.170
17.220
16.880
16.950
15.970
16.550
16.800
15.370
14.950
18.350
16.430
16.180
15.600
14.350
14.250
14.000
16.300
17.600
15.500
15.750
17.420
17.520
19.500
22.300
24.600
21.180
23.670
20.900
20.500
19.100
19.500
20.230
19.300
19.180
18.310
19.300
17.010
16.750
16.910
17.450
16.800
15.950
18.120
20.000
19.600
18.810
18.000
18.450
17.400
16.650
18.880
19.000
18.280
16.750
14.070
13.420
15.720
17.800
15.070
17.800
19.700
18.330
21.720
22.550
23.400
23.280
23.120
24.420
25.050
24.900
25.800
26.850
27.500
28.160
26.800
29.000
33.650
30.590
27.050
25.550
24.990
26.340
23.330
23.320
23.000
23.180
24.000
23.640
23.200
20.550
18.870
19.300
17.400
16.390
16.510
16.350
16.870
16.930
16.900
16.760
16.660
16.180
15.950
15.680
15.850
15.750
15.750
15.190
15.440
15.360
15.000
15.110
15.150
14.910
14.500
14.600
14.490
14.530
14.340
14.270
13.960
14.100
13.910
13.950
14.020
14.330
14.490
14.310
14.300
14.850
15.130
14.780
14.530
14.380
14.570
14.420
14.170
13.760
14.150
14.480
14.070
14.480
14.460
14.490
14.650
15.000
15.060
15.210
15.200
15.250
15.400
15.460
15.140
14.610
14.390
14.810
15.030
15.300
15.380
15.590
16.180
15.850
16.350
16.160
15.120
15.290
14.160
15.010
15.000
15.250
15.110
15.330
15.460
15.770
15.050
14.900
14.700
14.320
14.180
14.280
14.360
14.190
14.230
14.340
14.030
14.910
14.600
14.930
14.750
14.970
15.230
14.400
14.000
12.840
12.390
12.110
11.960
11.800
12.130
12.290
12.270
12.140
12.400
12.690
12.610
12.680
12.670
12.850
12.700
12.670
12.830
12.490
12.160
12.290
12.040
12.060
12.250
11.990
11.900
11.660
12.120
12.120
11.900
11.960
11.800
11.850
11.760
11.640
11.700
11.480
11.230
11.210
11.150
11.050
11.480
11.700
11.660
11.700
11.530
11.600
11.580
11.510
11.410
11.410
11.450
11.330
11.150
11.350
11.400
11.250
11.130
11.130
11.190
11.190
11.250
10.960
10.860
10.960
10.920
10.830
10.950
10.860
11.090
10.850
10.880
10.720
10.690
10.770
11.000
11.040
