13.650
13.550
13.720
13.620
13.460
13.500
13.090
13.110
13.170
12.880
13.290
13.530
13.500
13.380
13.430
13.330
13.260
13.010
13.000
13.000
13.110
12.720
12.670
12.650
11.900
12.810
13.370
13.180
12.800
12.680
12.960
13.980
14.800
14.610
14.700
13.910
15.020
15.170
16.490
17.200
17.500
17.650
17.700
17.700
17.620
17.880
17.760
17.500
18.110
18.250
17.810
18.480
18.510
18.030
18.490
18.200
18.400
18.280
17.710
17.670
17.980
18.240
18.360
17.630
17.200
17.690
18.060
18.210
18.320
18.090
18.160
18.460
18.760
18.750
18.900
18.970
18.660
18.790
18.680
18.930
18.930
19.230
19.230
19.030
18.630
18.860
18.860
18.770
19.350
19.200
19.170
19.150
18.950
18.930
18.860
18.900
18.900
19.230
19.180
19.260
19.280
19.180
19.360
19.300
19.080
19.330
19.350
19.280
19.350
18.850
18.200
17.910
18.280
18.120
17.890
19.880
20.120
19.980
20.680
20.580
21.050
21.050
20.950
20.820
20.560
20.700
21.290
21.740
21.400
22.460
22.910
22.960
23.100
23.250
22.710
22.520
22.460
23.110
23.790
24.550
24.780
25.700
25.040
24.510
24.960
25.420
24.780
24.560
24.990
24.240
23.490
23.510
23.480
23.660
23.820
23.730
24.250
24.010
23.970
23.940
23.950
23.620
24.190
24.250
24.210
24.460
24.500
24.800
24.610
24.460
24.500
24.970
24.900
25.160
25.320
25.080
25.200
25.150
25.540
25.670
25.800
25.110
24.490
24.500
24.640
24.510
24.640
25.000
25.250
25.060
25.180
25.370
24.910
24.610
24.620
25.780
25.570
25.650
25.340
25.890
25.900
26.090
26.030
26.200
26.150
25.800
25.480
25.720
25.820
25.620
26.010
25.440
25.280
25.210
24.610
24.300
24.830
25.100
24.970
24.610
24.650
24.760
24.750
24.450
24.200
24.800
24.710
24.800
26.200
26.080
26.570
26.620
26.520
26.090
26.070
26.690
26.540
26.310
25.900
26.660
26.610
26.820
26.850
26.980
27.210
27.000
26.860
27.560
28.040
27.630
26.750
26.680
25.450
25.600
25.550
25.400
24.900
23.100
23.200
23.680
25.650
25.750
25.400
25.530
25.030
24.880
23.660
23.060
23.910
23.310
23.820
23.810
24.300
23.600
24.110
23.750
25.310
25.150
24.400
23.250
24.150
24.050
23.800
25.700
26.340
26.560
25.090
24.090
23.720
24.780
24.300
24.330
23.500
24.100
24.000
25.550
25.950
26.700
26.680
26.800
26.600
26.220
26.010
25.850
25.750
24.100
22.830
23.620
22.900
22.310
23.400
22.810
23.280
22.720
22.600
22.820
21.300
19.250
18.330
18.700
18.400
17.750
18.050
18.360
18.020
19.150
18.420
19.420
17.800
17.450
17.780
18.850
19.150
20.600
21.420
21.230
20.200
20.280
19.990
19.980
18.280
19.400
19.070
18.300
17.990
17.600
17.400
17.050
16.480
18.230
19.920
19.320
19.700
21.550
20.300
18.850
19.600
18.200
19.010
18.950
19.950
20.000
21.650
23.500
23.020
25.390
28.000
28.010
27.410
27.500
28.050
27.540
28.650
29.120
28.990
29.370
30.050
27.750
27.360
25.250
25.760
26.510
25.000
25.750
26.400
26.560
27.240
26.450
26.280
25.700
28.310
31.170
30.400
30.060
30.300
31.180
30.400
31.150
30.760
30.710
31.620
32.700
29.210
28.000
26.610
26.900
26.400
26.070
25.820
26.300
27.500
26.950
27.800
27.550
26.500
26.250
23.300
23.810
25.680
25.890
23.540
20.390
19.150
18.650
18.160
17.710
17.450
17.030
18.300
17.880
17.300
14.880
15.000
15.000
14.010
14.270
15.860
17.300
17.000
16.750
15.170
15.210
14.510
16.020
17.670
17.200
15.700
15.150
16.810
18.680
20.760
22.400
21.460
23.510
24.400
24.010
23.000
22.700
24.180
23.490
21.550
19.530
20.150
18.020
17.940
19.500
20.940
20.000
22.020
24.470
25.340
23.750
23.380
23.300
22.450
20.250
17.190
19.000
20.640
18.760
20.840
23.150
25.720
24.920
27.690
30.770
33.600
35.600
32.800
33.480
34.710
31.500
34.740
37.500
38.160
37.300
37.000
36.800
37.160
37.810
36.470
39.090
38.300
35.530
32.000
34.510
37.500
37.200
35.070
37.110
38.880
35.500
31.670
57.600
53.300
55.660
56.300
54.200
50.430
49.610
48.600
49.750
49.500
53.800
52.490
52.000
51.840
55.100
49.280
51.700
50.780
46.300
44.210
49.060
41.010
38.410
37.050
36.750
37.950
37.300
35.590
33.700
34.380
36.000
32.520
31.110
31.550
32.370
31.690
31.180
29.000
25.700
26.100
27.230
27.970
26.380
24.800
24.700
23.000
22.300
21.300
21.000
21.000
22.000
21.870
21.330
20.400
20.330
19.880
20.060
19.800
19.630
19.590
19.750
19.870
19.100
18.000
19.450
19.100
18.860
18.650
17.810
17.610
17.340
17.110
16.650
15.860
16.020
17.510
17.600
17.750
17.070
16.180
15.660
16.200
17.960
18.720
18.910
19.330
19.400
19.000
18.700
18.000
19.100
19.130
18.770
19.530
19.320
19.540
19.200
19.400
19.970
19.950
20.090
19.980
19.890
20.330
19.620
19.600
19.320
19.150
19.240
18.920
19.100
19.700
19.850
20.440
20.060
20.170
20.410
20.910
21.280
20.700
20.010
19.370
19.690
19.360
19.490
19.710
19.370
19.020
19.790
20.250
20.550
20.370
20.980
21.000
20.950
20.770
20.810
20.500
20.900
21.150
20.740
21.300
20.640
20.400
19.890
20.580
21.690
21.660
21.650
21.760
21.850
22.480
21.680
21.750
21.720
20.890
20.560
20.350
20.900
20.880
21.130
19.940
19.250
19.240
19.570
19.600
19.570
19.460
19.400
19.980
20.240
19.200
19.020
18.750
18.500
18.010
18.240
18.270
18.150
17.600
17.550
17.350
18.000
18.530
18.030
18.100
18.010
18.150
18.030
18.060
18.500
18.180
18.010
18.000
17.810
