10.670
10.750
10.690
10.380
10.330
10.320
10.440
10.560
10.800
10.800
10.670
10.250
10.290
10.200
10.170
10.280
10.280
9.570
9.650
9.370
9.420
9.600
9.330
9.400
9.330
9.370
9.640
9.170
9.080
9.180
9.890
10.360
10.980
11.150
10.960
10.880
10.990
10.530
10.700
11.260
11.100
12.540
13.800
12.860
12.460
13.170
13.180
12.860
12.780
12.930
12.990
12.600
12.610
13.100
13.870
14.250
14.860
13.720
15.240
17.420
17.710
17.480
18.430
19.240
18.900
18.690
18.770
17.520
17.650
17.670
17.870
17.840
17.650
16.980
17.000
17.320
17.390
17.920
17.900
17.960
17.940
17.640
18.440
18.960
19.470
20.760
19.400
23.880
23.950
21.770
20.680
19.790
17.990
16.800
16.280
16.150
16.090
15.890
15.720
15.800
15.680
15.200
15.240
15.090
15.190
15.160
14.990
14.860
14.630
14.780
14.630
14.540
15.080
14.740
15.120
15.080
15.250
15.040
15.350
15.300
15.230
15.280
15.260
15.000
14.160
14.000
13.340
13.520
13.460
13.540
13.200
13.370
13.370
13.350
13.560
13.590
14.300
14.480
14.640
14.600
14.440
14.580
14.600
14.450
14.600
14.930
15.400
15.800
15.760
16.190
15.950
15.730
15.980
15.500
15.750
16.440
14.950
13.660
13.560
13.550
13.560
13.480
13.690
13.740
13.700
13.900
14.000
14.080
14.190
13.800
13.890
14.130
14.240
14.190
14.400
14.490
14.150
14.300
13.840
13.880
13.280
13.430
13.540
13.520
13.820
14.430
13.500
13.280
13.260
13.170
12.940
12.980
13.300
13.660
13.550
13.610
13.480
13.320
13.340
13.470
13.470
13.600
13.490
13.650
13.550
13.760
13.580
13.700
13.850
13.800
14.090
13.260
13.120
12.750
13.000
13.260
13.350
13.000
13.070
13.100
13.010
12.780
12.880
13.430
13.950
14.750
14.900
14.890
14.380
14.480
14.720
13.400
13.610
13.800
14.280
13.090
12.980
12.980
13.050
13.130
13.190
13.300
13.240
13.090
13.340
13.760
13.090
12.980
13.250
13.000
11.860
12.010
11.860
11.830
11.900
11.930
11.490
12.280
12.850
13.000
13.100
13.270
13.470
12.960
12.680
12.190
12.380
12.180
12.480
12.450
12.670
12.230
12.600
13.670
13.920
14.100
16.990
17.170
17.050
15.930
15.630
16.250
16.250
16.310
15.750
15.870
15.760
15.930
46.680
45.770
46.290
49.200
52.580
54.660
52.840
53.880
54.600
56.560
55.880
57.260
57.780
54.930
50.950
47.300
44.140
43.900
39.910
39.100
38.970
35.430
32.210
29.540
29.680
29.680
30.650
31.000
31.500
30.580
30.200
31.330
30.830
30.500
30.500
30.150
29.380
28.190
28.140
26.380
26.280
25.340
24.930
26.430
27.490
28.000
29.280
29.450
29.580
28.770
29.100
29.350
31.060
31.130
33.180
34.100
34.450
35.340
34.490
37.500
38.400
37.990
36.940
36.430
35.900
35.100
35.840
36.680
36.680
36.900
37.110
36.390
35.870
33.930
34.800
35.500
35.490
35.990
36.950
37.570
35.130
36.600
40.280
40.680
37.140
34.900
33.000
32.590
32.190
32.460
32.450
29.930
30.110
29.300
29.490
29.190
29.710
29.300
29.880
29.080
30.500
29.790
29.550
29.200
29.490
27.450
28.850
28.160
26.180
25.580
24.250
25.300
26.910
27.510
29.850
30.680
28.590
30.050
28.800
33.980
37.440
38.000
39.160
42.800
41.360
38.300
37.990
37.380
37.880
37.980
35.800
35.780
35.600
34.690
32.800
33.000
35.670
37.200
36.800
39.850
38.480
36.800
37.500
34.440
31.800
29.060
27.000
28.000
26.710
24.280
22.070
20.060
18.750
21.000
26.950
27.500
32.000
34.440
32.180
32.850
35.380
37.550
38.010
36.370
37.800
41.000
41.340
42.980
45.990
46.320
45.500
44.950
45.500
45.000
48.350
49.220
48.070
47.400
46.200
43.580
43.700
46.180
45.990
48.030
43.660
39.690
36.080
32.800
31.620
31.840
33.300
33.670
32.880
30.500
31.750
32.260
29.570
30.960
30.800
29.850
29.910
30.000
30.360
32.540
31.500
31.550
30.950
31.100
33.490
33.340
33.330
30.520
29.700
28.900
29.010
28.980
28.280
29.050
30.350
30.170
29.900
29.960
27.490
27.500
26.690
26.130
26.300
27.470
27.980
27.650
26.690
26.820
27.250
28.010
26.930
25.600
26.500
25.110
24.970
24.970
25.180
25.100
25.230
25.420
25.320
26.800
28.850
28.510
26.430
24.060
23.950
25.780
26.600
25.370
25.410
25.880
29.200
26.570
24.150
21.950
19.970
19.660
20.200
19.440
19.380
19.230
19.400
19.700
19.620
19.590
19.370
18.880
18.850
18.810
18.300
18.360
18.490
18.110
18.000
18.720
18.730
18.380
18.380
18.280
18.270
18.400
18.400
17.980
17.350
17.190
16.890
16.980
17.000
16.940
17.110
17.200
16.770
16.830
16.650
16.790
16.140
16.190
16.320
16.420
16.400
16.360
16.450
16.150
16.210
16.170
16.250
15.990
15.950
15.850
15.700
15.850
15.640
16.080
16.080
16.100
16.250
16.250
15.790
15.990
15.920
15.550
15.590
15.790
15.880
