10.970
10.970
10.920
11.030
11.090
11.130
11.030
11.130
11.200
10.920
10.950
11.170
11.150
11.050
10.860
10.880
10.920
10.600
10.440
10.530
10.520
10.590
10.460
10.490
10.550
10.590
10.560
10.450
10.440
10.370
10.440
10.470
10.390
10.500
10.540
10.540
10.440
10.350
10.200
10.240
10.250
10.220
10.350
10.350
10.160
10.160
10.190
10.200
10.290
10.390
10.380
10.550
10.520
9.770
9.730
9.700
9.800
9.830
9.850
9.850
9.950
10.040
10.140
10.150
10.050
10.050
10.370
10.710
10.800
10.850
11.050
11.030
10.900
10.950
11.190
10.820
10.890
10.720
10.750
11.040
10.890
11.170
11.450
11.420
11.370
10.780
11.060
11.350
11.210
11.430
11.600
11.480
11.200
10.310
9.980
10.040
10.140
10.050
10.120
10.000
9.980
9.960
10.140
10.110
9.860
9.830
9.890
9.890
9.850
9.820
9.480
9.500
9.470
9.600
10.090
10.470
10.670
10.890
11.090
11.140
11.150
11.190
11.210
11.040
11.020
11.050
10.940
10.980
11.040
11.040
10.970
11.450
10.510
10.610
10.430
10.360
10.400
10.430
10.920
10.840
10.700
10.720
10.690
10.650
10.640
10.640
10.490
10.740
10.810
10.760
10.950
11.090
11.100
11.170
10.960
10.920
11.020
11.020
11.030
11.070
11.480
10.640
10.590
10.620
10.720
10.740
10.740
10.660
10.700
10.700
10.790
10.830
10.860
10.740
10.670
10.600
10.760
10.570
10.640
10.660
10.600
10.580
10.450
10.390
10.370
10.150
10.420
10.470
10.450
10.450
10.480
10.270
10.210
10.180
10.450
10.780
10.810
10.900
10.870
10.920
11.170
11.500
11.350
11.250
11.460
11.550
11.450
11.490
11.750
11.420
11.730
11.340
11.190
11.240
11.100
11.090
10.920
11.170
11.300
11.220
11.090
11.150
10.700
10.400
10.570
10.770
10.780
10.680
10.290
10.250
10.220
10.380
10.500
10.550
10.450
10.210
10.270
10.430
10.450
10.230
10.260
10.550
10.290
9.980
9.810
9.640
9.540
9.430
9.490
9.190
9.270
9.350
9.390
9.460
9.360
9.450
9.400
9.370
9.240
9.650
9.900
10.090
10.110
10.170
10.000
10.050
9.980
9.680
9.790
9.770
10.040
9.970
10.050
9.990
10.100
10.180
10.480
10.260
9.800
9.730
9.790
9.430
9.800
10.350
10.300
10.320
10.280
10.110
10.260
10.280
10.250
10.410
10.560
11.210
11.850
11.590
11.480
11.340
11.290
11.360
11.360
11.440
11.270
11.510
11.580
11.580
11.210
11.670
11.440
11.730
12.310
12.320
12.220
11.880
11.960
11.780
11.680
10.750
10.870
11.140
11.260
11.000
11.420
11.690
12.190
12.380
12.200
11.900
11.700
11.440
10.830
10.850
11.350
11.390
10.700
10.700
10.570
10.480
10.440
10.450
9.990
9.750
9.740
9.620
9.710
9.530
9.390
9.560
9.820
10.650
10.480
10.290
10.350
10.570
10.060
9.840
10.050
10.240
11.000
11.100
11.350
11.080
11.600
11.810
12.000
13.300
13.540
13.590
13.100
13.300
13.440
13.080
13.380
13.650
12.660
12.280
12.450
12.440
12.270
12.050
11.580
11.650
11.870
12.150
12.530
12.750
12.500
12.000
11.650
11.660
11.360
11.640
11.500
11.610
10.810
10.880
10.450
10.590
10.880
10.520
10.880
11.150
10.870
10.920
10.870
11.100
11.030
11.090
10.740
10.100
9.890
9.950
10.350
10.180
10.490
9.810
9.730
10.250
10.320
10.080
10.060
9.930
10.270
10.140
10.160
9.460
8.780
8.350
8.440
8.700
8.700
8.200
8.170
8.210
8.460
8.280
7.980
8.300
8.000
7.750
8.250
8.170
8.350
8.100
7.630
7.380
7.770
8.080
8.560
8.750
7.990
8.250
7.880
8.960
10.260
10.900
10.770
11.780
11.700
11.550
11.400
11.480
11.780
11.900
11.240
11.080
11.890
11.300
11.770
12.750
13.290
12.580
12.330
12.970
12.500
12.330
13.040
11.850
10.770
9.790
8.980
8.810
8.010
7.710
9.800
9.900
11.490
12.840
12.640
13.500
14.100
15.430
15.220
14.800
15.790
17.000
15.860
15.590
17.080
16.420
14.960
14.490
14.700
14.850
14.490
14.300
14.910
14.910
14.400
14.300
15.490
14.680
13.850
13.480
13.290
12.460
12.600
12.180
12.260
12.200
11.700
11.550
11.700
11.200
10.870
10.660
10.970
11.130
11.380
11.500
11.630
11.980
12.330
12.200
12.070
12.180
11.490
11.120
10.970
10.990
11.150
11.450
11.730
11.300
11.130
11.100
11.130
11.250
11.550
10.740
10.880
10.300
9.600
9.480
9.280
9.140
9.130
9.280
9.490
9.120
8.950
9.150
8.640
8.450
8.320
8.500
8.070
7.940
7.920
7.910
7.880
7.650
7.610
7.570
7.610
7.650
7.850
7.840
8.000
8.280
8.140
8.160
8.280
8.320
8.050
8.070
8.070
7.780
7.640
7.850
7.950
8.000
8.090
7.830
7.820
8.080
8.080
7.930
7.950
7.780
7.690
7.870
7.980
8.200
8.260
8.350
8.600
9.130
8.850
8.470
8.360
8.650
8.150
7.880
7.880
7.560
7.680
7.730
7.900
7.960
8.010
7.910
8.020
8.420
8.450
8.190
8.170
8.500
8.280
8.320
8.340
8.410
7.890
7.840
8.000
7.680
7.580
7.680
7.830
7.810
7.850
7.690
7.810
7.810
7.680
7.690
7.520
7.190
7.260
7.430
7.810
7.870
7.600
7.680
7.870
7.920
7.840
7.790
8.180
8.380
8.080
8.020
8.070
8.090
7.730
7.620
7.500
7.580
7.790
7.950
7.830
7.600
7.520
7.350
7.070
6.850
6.940
6.980
6.990
6.950
6.930
6.870
6.880
6.830
6.750
6.850
6.840
6.920
6.980
6.930
7.070
7.190
7.120
7.160
7.290
7.520
7.390
7.090
7.260
7.110
7.200
7.100
6.960
6.620
6.600
6.750
6.640
6.480
6.670
6.380
6.050
5.710
5.660
5.770
5.830
5.580
5.370
5.430
5.390
5.340
5.340
