8.170
8.000
7.970
7.880
7.720
7.770
7.790
7.790
7.840
7.830
7.830
7.950
7.970
8.060
7.780
7.780
7.700
7.720
7.590
7.770
7.730
7.820
7.540
7.280
7.280
7.160
7.320
7.320
7.310
7.270
7.340
7.660
7.850
7.850
7.990
7.980
7.820
7.950
7.950
8.300
8.340
8.410
8.840
8.880
8.960
9.090
9.090
8.980
8.780
8.820
8.800
8.980
8.940
9.140
9.350
9.380
9.450
9.600
9.740
9.670
9.750
9.980
9.960
10.030
9.860
9.700
9.940
10.060
10.310
10.370
10.030
9.960
9.710
9.760
9.680
9.800
9.650
9.640
9.730
9.670
9.670
9.820
9.910
9.700
9.570
9.680
9.650
9.700
9.660
9.760
9.830
9.390
9.280
9.190
9.130
9.220
9.220
9.440
9.480
9.470
9.370
9.240
9.240
9.280
9.210
9.270
9.270
9.260
9.300
9.370
9.160
9.030
9.000
9.100
9.040
9.680
10.030
10.100
10.260
10.160
10.100
10.160
10.360
10.280
10.280
10.090
10.120
9.940
10.010
9.940
10.110
10.300
10.220
10.090
10.230
9.990
9.950
10.150
10.030
10.580
10.920
11.090
11.060
11.030
11.180
11.460
11.370
11.450
11.550
11.460
11.380
11.700
12.120
12.140
12.380
12.400
12.520
12.330
12.320
12.320
12.210
12.080
12.260
12.240
12.400
12.380
12.320
12.430
12.620
12.660
12.770
12.800
13.080
13.510
13.450
13.590
13.520
13.900
14.000
14.090
14.000
13.490
13.270
13.480
13.340
13.490
13.450
13.480
13.080
12.600
12.450
12.490
12.630
13.020
13.230
13.350
13.160
13.000
13.000
13.130
13.220
13.260
13.350
13.330
13.300
13.470
13.260
13.220
13.480
13.480
13.710
13.980
13.890
13.870
13.710
13.840
13.420
13.490
13.270
12.800
12.600
12.650
12.320
13.130
13.620
13.280
14.000
13.310
13.120
13.400
12.860
12.730
12.580
12.680
12.650
12.800
12.850
12.750
12.860
12.840
13.290
13.230
13.090
13.050
12.290
11.910
11.650
11.380
11.280
11.520
11.550
11.040
11.400
11.030
10.980
11.050
10.570
10.490
10.930
11.220
11.220
10.850
10.710
10.610
10.460
9.860
9.980
10.050
10.160
10.270
10.090
9.700
9.640
9.750
10.100
9.940
9.950
10.150
10.080
10.220
10.240
10.870
11.000
11.100
10.830
10.000
9.940
9.690
9.610
9.730
9.970
9.840
10.210
10.850
10.920
11.200
10.970
10.700
10.580
10.720
10.520
10.920
11.230
11.180
10.930
10.950
11.220
10.660
10.960
11.150
11.190
11.280
11.400
11.180
10.790
10.270
9.890
9.860
10.030
9.560
9.860
10.020
10.350
10.300
9.960
10.390
10.010
9.450
9.080
10.090
9.940
11.040
11.280
10.840
10.690
10.170
10.340
9.800
8.910
8.850
8.850
8.390
8.300
7.990
8.250
7.500
8.020
8.270
9.190
9.160
9.270
10.070
10.280
10.070
10.110
10.360
9.950
10.230
10.400
11.300
11.300
12.540
12.430
12.290
13.650
14.100
13.850
13.640
13.430
13.410
13.650
14.120
13.830
13.980
14.320
13.760
13.820
13.810
13.980
13.190
13.160
13.470
14.270
14.270
14.610
14.100
14.710
15.550
14.140
12.850
11.680
12.550
12.700
12.560
13.950
14.100
14.100
14.010
14.640
14.560
13.730
13.400
13.610
14.190
12.900
11.730
12.700
13.610
14.250
15.830
17.590
17.550
17.340
17.460
16.380
17.010
16.180
17.360
19.290
21.430
47.700
50.750
50.440
48.100
47.880
44.190
41.970
40.880
44.390
45.260
42.760
43.850
42.500
42.500
39.110
35.550
34.360
35.200
34.450
33.100
30.090
27.350
25.500
26.690
26.570
27.870
26.550
25.900
24.980
26.790
27.300
28.120
28.900
28.650
28.220
27.380
26.810
27.200
27.790
28.260
29.140
28.000
29.190
29.960
29.590
28.420
26.990
26.900
26.610
26.590
24.200
25.760
23.430
23.520
21.820
21.320
21.560
21.990
22.200
21.720
21.290
21.670
22.200
21.900
20.700
22.350
21.790
20.420
20.330
18.480
18.800
19.150
19.030
18.960
18.930
18.100
16.950
16.010
15.780
15.260
15.720
16.350
16.340
16.000
15.570
15.480
15.850
15.440
15.320
14.770
14.530
15.010
15.600
14.650
13.700
14.400
14.410
14.300
14.250
13.750
14.100
14.230
14.140
13.950
13.060
13.420
13.500
14.600
15.470
14.840
14.700
14.450
14.200
15.780
16.500
17.400
18.200
17.800
17.920
16.450
15.410
15.230
15.910
16.100
15.180
15.390
15.350
15.480
15.600
15.080
15.210
14.490
13.810
13.900
13.690
13.190
13.850
13.780
14.130
13.090
13.230
13.560
13.410
13.400
13.530
13.410
13.010
12.760
12.720
13.100
13.100
13.070
13.000
13.450
13.440
13.410
13.860
14.240
14.150
14.330
14.060
13.340
13.220
13.300
13.110
13.290
13.240
12.960
13.000
13.140
12.980
12.990
12.950
13.180
13.190
13.000
13.100
12.580
12.110
12.480
12.680
12.720
12.460
12.310
11.590
12.130
12.450
12.170
12.300
12.130
12.530
