170957.20
23098.02
27318.99
30333.40
19198.46
26445.64
33363.18
31186.26
29018.92
41707.54
46995.34
41770.38
58697.00
84479.30
45671.89
74581.02
115638.19
211284.80
23085.25
17384.06
26825.80
45391.98
15977.48
26526.56
23062.00
33810.50
26887.47
40262.50
29167.50
33339.88
45756.54
32933.50
20998.00
43209.24
49291.22
52337.81
23976.52
41654.48
48399.50
43306.38
47788.31
69586.99
49788.40
53399.80
97702.07
34131.19
44693.37
102804.54
44602.59
45372.20
62792.64
89106.24
166883.42
70359.72
53154.22
77368.26
114230.10
59372.02
122078.06
96021.87
123836.69
83086.64
111614.36
139696.62
219303.84
195817.48
151713.72
168854.72
158045.52
118989.58
260954.62
173187.48
226495.20
328839.91
477058.09
518645.19
649931.12
560784.94
216885.08
286428.03
149923.06
95808.79
156015.72
180796.09
134272.50
44296.39
46521.65
27410.11
48454.79
49123.54
55451.07
69632.35
90941.74
47405.53
54164.11
50201.79
72811.67
60951.52
92932.12
122866.24
187780.05
119950.13
219264.27
34839.04
26903.52
1.00
9479.70
11273.61
10453.01
15803.61
13612.45
10003.25
11360.70
14386.08
32404.08
10197.54
8858.77
12179.36
14055.51
15601.99
12840.08
15326.55
29264.74
30701.59
10263.62
11134.83
11863.69
10971.20
16149.41
13800.21
13415.87
14012.13
10958.15
14433.70
15641.67
17087.02
16096.93
20363.41
31998.84
13065.60
19763.96
34565.01
32477.90
20092.97
36238.90
24847.94
29611.46
63228.11
43276.89
28025.16
27797.46
32794.92
43201.57
28778.03
29966.14
34970.37
57880.78
93983.28
59554.41
106720.04
137386.70
25411.44
16271.98
25016.88
29415.43
41158.57
19076.38
17179.23
14798.28
22764.55
20310.34
22655.21
18019.79
14833.55
20177.71
23341.34
28120.16
18517.01
19118.04
25810.33
35219.43
34895.07
23422.07
24171.21
19438.71
34389.82
37167.57
26106.87
21879.42
15515.11
17295.40
19387.77
24022.83
46123.75
46060.28
37427.79
28234.03
36383.50
41501.83
25606.00
37466.47
34700.94
54575.57
91076.26
64738.93
42920.13
67953.59
51382.06
91782.75
153418.45
39056.83
46588.43
54903.96
78283.66
83150.88
46338.85
92266.17
64513.87
77329.01
125238.30
112592.83
95327.03
136603.00
201971.12
196436.38
172046.20
293667.53
188243.69
36782.10
42448.40
67330.79
64720.93
125799.00
87879.38
225478.72
77598.23
36690.94
33232.70
67719.70
122641.67
46921.90
86372.14
33579.29
44527.72
68795.72
58375.46
39423.29
25488.79
28697.33
22607.14
20580.13
23753.97
24162.39
30739.19
35655.67
36061.39
31715.17
33192.51
49595.14
56937.44
47672.09
37809.00
38846.34
50855.79
32662.69
28467.39
67226.57
46276.41
25836.93
39354.04
55512.49
41449.14
52654.79
50719.17
35514.09
40425.48
39222.66
27458.18
30578.56
36783.53
31742.82
57309.66
80592.31
72648.57
114696.95
111238.19
107963.53
69030.72
64516.48
80159.18
57997.99
56005.96
50519.62
77060.57
61888.01
71904.92
3129.00
76518.86
75651.61
68621.86
40089.22
57695.06
46187.67
39311.78
38974.79
39984.26
63318.14
61012.62
41073.63
40136.85
37572.84
40989.73
47707.97
67966.93
53099.99
65667.09
46505.04
48813.50
54643.84
46848.07
76186.68
86509.69
64618.44
109327.61
95732.29
65079.89
83174.42
107631.13
92756.25
50488.94
98028.07
70599.99
61209.80
54245.43
75329.54
89433.33
113335.40
107342.96
91638.99
87737.11
108991.44
129901.67
166053.50
131064.99
179579.55
223607.20
823.91
36029.20
82391.08
62056.84
57768.32
61464.11
60313.46
49340.17
43123.74
59099.12
43767.36
42282.57
70164.42
31192.67
50595.95
41794.49
63695.59
68663.36
58664.23
74515.18
47715.14
70779.96
146510.11
362.35
130.58
124.83
8.14
431.43
55.54
304.39
8.43
103.30
53.00
7795.00
15315.82
8678.16
16355.13
12290.99
4475.48
10778.49
15124.43
18525.38
17862.19
26721.90
6517.69
12810.67
9881.94
10255.05
26391.40
24719.19
27492.71
49225.36
47813.82
47990.24
41148.03
48689.11
22048.28
62422.66
42445.42
29869.86
7819.80
7242.29
8817.03
7585.22
13087.36
11242.25
25096.39
26272.41
13358.45
7502.39
11312.60
4357.43
8028.40
11853.98
13151.59
15652.63
12247.94
26468.39
13419.21
17806.06
17097.50
23141.88
34194.68
18287.32
25559.66
33679.33
50019.83
86749.91
36108.13
24711.54
20172.18
22213.24
36993.62
53265.68
23618.27
11327.45
8781.37
17889.16
12013.93
25824.39
14763.12
21922.30
6223.28
12081.48
9104.46
17903.29
27203.34
23326.73
20016.72
10228.36
9340.67
19524.60
7132.96
16081.69
10345.54
11880.11
14033.90
11139.97
27240.60
23116.26
15577.50
12702.08
8633.97
12673.12
16738.55
19906.79
13796.97
13687.60
11701.81
25585.43
19566.29
23265.16
36323.65
16515.10
21988.08
24854.52
32324.94
19788.37
14521.58
29642.08
18430.65
35727.66
24361.18
25099.65
46495.76
20148.26
13202.86
14805.05
22625.73
40686.90
78627.85
17533.60
10389.09
13822.37
12518.20
16778.32
19281.93
7795.41
14041.53
9262.20
9743.87
8971.57
6442.55
5634.31
8929.96
14384.56
12715.80
17218.86
14630.64
21717.27
19784.63
11460.94
4876.40
11139.19
10086.33
13883.16
10649.74
10663.38
12571.02
20767.69
9275.06
29449.14
9895.73
9064.24
15633.71
17464.64
