14.440
14.410
14.280
14.120
13.910
13.980
13.790
13.950
13.920
14.080
13.950
13.950
14.160
13.960
14.420
13.840
13.560
13.360
13.470
13.720
13.850
13.660
13.350
13.440
13.050
13.650
13.910
13.940
13.880
14.080
14.100
14.550
14.670
14.930
15.080
14.860
14.300
14.320
14.370
14.960
14.040
14.090
14.250
14.380
14.430
14.500
14.420
14.260
14.300
14.380
14.870
14.970
15.090
15.010
15.300
15.000
15.210
15.290
15.460
15.530
15.750
15.780
15.730
15.650
15.530
16.000
16.320
16.290
16.360
16.350
16.440
16.440
16.690
17.120
16.880
16.450
16.530
16.630
16.180
16.200
16.090
16.300
16.350
16.400
16.560
16.480
17.140
15.730
15.970
15.840
15.800
15.920
15.800
15.280
15.510
15.540
15.960
15.960
15.900
15.600
15.380
15.290
15.310
15.290
15.260
15.210
15.220
15.410
15.480
15.160
15.130
15.370
15.440
16.020
16.120
16.280
16.310
16.350
16.370
16.510
16.660
16.680
16.600
16.690
16.800
16.960
17.120
17.090
17.180
17.090
16.800
16.350
16.480
16.700
16.450
16.880
17.420
17.650
17.920
17.920
17.740
17.650
17.500
17.680
17.370
17.240
17.360
17.650
17.350
17.490
17.450
17.480
17.510
17.650
17.610
18.200
18.330
17.370
17.210
17.380
17.320
17.640
17.680
17.690
17.660
17.890
17.880
17.900
17.770
17.930
17.720
18.110
18.630
17.070
17.200
16.980
17.480
17.480
17.290
17.170
17.260
16.940
16.610
16.720
16.750
17.070
17.020
17.510
16.850
16.790
16.750
16.550
16.740
17.080
17.780
17.790
17.980
18.000
18.250
19.190
20.190
18.760
18.870
18.490
18.200
18.300
18.470
18.500
18.280
17.750
18.080
18.550
18.200
17.770
17.990
18.270
18.380
17.950
18.190
18.930
19.850
21.650
21.200
20.520
20.550
20.780
21.400
20.830
20.500
20.970
20.990
21.460
20.570
21.000
21.190
20.900
21.400
22.660
20.780
20.730
20.800
21.680
21.420
21.800
22.010
21.950
20.240
19.980
18.540
16.990
17.130
16.470
16.070
17.500
18.150
18.190
18.320
18.650
18.750
18.480
17.730
17.380
18.400
17.060
17.090
17.390
16.980
15.840
14.400
13.740
14.000
13.950
13.950
13.780
15.030
15.100
16.280
17.650
18.030
17.900
17.230
17.190
17.530
17.890
16.790
18.200
17.420
17.230
17.660
18.700
21.260
21.950
21.980
21.630
22.200
22.030
22.090
22.920
23.350
23.420
23.980
23.980
23.540
22.370
21.850
22.800
23.380
24.200
26.190
26.010
24.900
22.790
22.590
22.130
22.680
23.280
24.170
22.980
22.200
22.990
23.580
23.260
23.990
25.310
25.880
24.880
23.640
22.430
20.390
18.540
16.960
16.960
17.000
16.300
17.200
17.860
17.070
16.000
15.500
15.850
15.410
14.950
15.860
16.000
15.470
15.970
15.400
15.170
15.670
14.500
13.350
13.300
12.490
12.540
12.550
12.840
12.930
13.390
12.950
13.500
13.160
12.550
12.850
12.180
11.980
13.990
13.860
14.090
14.450
13.600
12.990
13.500
14.180
15.700
15.570
14.350
15.320
15.200
17.380
19.240
20.430
21.310
22.500
22.500
22.650
21.510
20.880
21.430
20.210
18.680
18.200
16.600
15.090
15.090
16.600
18.760
18.880
19.980
21.840
23.690
23.780
24.880
23.730
21.970
20.980
21.500
23.200
23.630
21.480
20.290
22.780
26.780
27.900
27.150
30.000
38.900
35.680
36.760
37.500
38.590
35.350
32.140
29.220
27.630
26.000
25.200
26.000
26.820
24.400
22.180
20.160
18.330
17.390
18.490
18.890
55.000
59.320
57.510
61.290
56.320
52.500
53.190
58.900
61.390
58.700
59.670
55.480
52.990
51.220
46.560
42.330
40.490
39.320
39.360
35.780
32.530
30.560
28.920
29.400
28.930
27.000
26.300
25.980
26.460
26.740
26.950
27.600
27.390
25.440
25.530
23.580
23.010
22.270
22.000
21.790
21.850
21.800
21.330
19.970
20.140
20.010
19.760
20.590
21.500
22.340
22.470
22.660
22.020
22.340
22.730
22.950
22.440
22.970
23.380
22.490
22.460
23.500
22.990
22.440
22.780
21.120
20.380
20.600
20.740
20.660
21.250
19.630
20.160
20.360
19.550
20.860
21.260
19.870
19.550
20.790
21.600
20.470
19.610
18.080
17.230
17.200
16.830
16.380
16.750
17.220
17.500
17.380
16.280
16.360
16.380
16.580
16.760
16.460
16.290
16.200
15.840
15.700
15.790
15.880
15.890
15.570
15.680
15.720
16.590
17.050
17.670
17.470
17.090
17.370
17.380
17.210
17.140
17.200
17.100
16.380
16.380
16.610
16.970
17.410
17.360
17.150
17.860
17.880
17.980
17.700
17.350
17.150
17.300
17.450
17.550
17.320
17.090
16.630
16.020
15.990
16.120
15.910
15.940
16.790
16.660
16.440
17.130
16.950
17.180
16.220
16.200
15.700
15.640
15.370
15.000
15.150
15.180
15.850
16.330
16.350
15.820
16.300
15.640
15.210
14.960
15.080
14.910
14.940
14.910
14.880
14.550
14.400
14.550
14.460
14.330
14.280
14.180
14.160
14.030
13.820
13.810
14.080
14.160
13.900
14.080
14.690
15.100
15.100
14.570
14.440
14.080
14.430
14.430
