7.820
7.750
7.720
7.740
7.800
7.960
7.670
7.740
7.770
7.650
7.760
7.780
7.810
7.980
7.890
7.720
7.640
7.560
7.570
7.610
7.710
7.690
7.510
7.650
7.360
7.480
7.660
7.660
7.560
7.400
7.870
7.940
8.060
8.250
8.030
8.090
8.040
7.380
7.480
7.660
7.610
7.760
7.860
7.920
7.960
8.110
7.980
8.080
8.150
8.210
8.280
8.380
8.460
8.530
8.900
9.220
9.610
10.300
9.790
9.300
9.330
9.390
9.570
8.930
8.420
8.510
8.640
8.640
8.670
8.640
8.580
8.720
8.740
8.760
8.820
8.740
8.870
8.950
8.940
8.950
9.110
9.130
9.060
9.060
9.070
9.140
9.090
9.080
9.060
9.140
9.130
9.300
9.160
9.100
9.010
9.040
8.980
8.930
8.940
8.930
8.930
8.830
8.890
8.850
8.870
8.890
8.900
8.880
8.940
8.750
9.000
8.510
8.520
8.510
8.970
9.340
9.480
9.340
9.560
9.450
9.370
9.460
9.480
9.370
9.090
9.090
9.190
9.280
9.270
9.380
9.400
9.490
9.360
9.360
9.270
9.350
9.180
9.000
9.430
9.470
9.520
9.530
9.770
9.710
10.200
10.580
10.210
10.390
9.840
9.590
10.200
9.710
9.740
9.550
9.560
9.270
9.440
9.650
9.480
9.880
9.380
8.790
8.450
8.470
8.400
8.330
8.330
8.520
8.470
8.540
8.360
8.250
8.250
8.230
8.260
8.250
8.220
8.190
8.240
8.160
8.140
8.100
7.960
8.010
7.830
7.820
8.050
8.090
8.120
8.210
8.250
8.310
8.570
8.580
8.500
8.360
8.230
8.370
8.400
8.030
8.190
8.070
8.280
8.150
8.230
8.010
8.070
7.950
7.730
7.850
7.970
7.940
7.840
7.790
7.820
7.800
7.670
7.770
7.870
7.930
8.530
8.530
8.670
8.350
8.120
8.120
8.130
8.190
8.010
7.980
8.050
7.940
8.040
8.230
8.260
8.130
8.140
8.130
7.980
8.020
8.050
8.060
8.170
7.920
7.510
7.540
7.700
7.770
7.920
7.990
7.660
7.110
7.500
7.630
7.670
7.720
7.720
7.730
7.760
7.280
7.100
7.100
7.180
7.350
7.350
7.370
7.340
7.400
7.370
7.310
7.090
7.100
7.050
7.160
7.120
7.370
7.880
7.860
7.950
7.920
7.790
7.810
7.850
7.600
7.480
7.410
7.520
8.070
8.120
8.220
8.250
8.240
8.170
8.180
8.290
8.410
8.880
8.330
7.620
7.410
7.460
7.350
7.230
7.390
7.250
7.260
7.390
7.290
7.450
7.150
6.840
6.810
6.820
6.770
6.570
6.820
6.850
6.730
6.820
6.740
6.930
6.760
6.450
6.580
6.950
7.550
7.520
7.550
7.550
7.440
7.600
7.500
7.140
6.900
7.180
7.200
7.000
6.750
6.680
6.620
6.690
7.000
7.500
7.600
7.600
7.880
7.960
7.970
7.770
8.170
8.290
8.380
8.460
9.120
9.320
9.760
9.850
9.780
10.750
11.140
11.110
11.000
11.230
11.230
11.270
11.320
11.580
11.860
12.030
11.480
11.560
11.540
11.450
11.890
11.900
11.190
10.630
11.150
10.860
10.430
10.080
10.530
9.940
10.670
11.000
10.690
10.440
10.780
10.550
10.400
10.790
11.380
10.810
11.500
10.870
9.880
9.320
9.200
8.580
8.300
8.250
7.970
8.150
8.280
8.380
8.150
8.090
8.110
7.980
7.840
8.220
8.270
8.430
8.630
7.940
7.280
7.300
7.050
7.050
6.960
6.770
7.120
7.200
7.290
7.570
7.290
7.280
7.490
7.290
7.290
7.920
7.380
7.090
6.760
6.460
6.180
6.290
6.580
7.150
7.150
6.720
7.180
7.170
8.390
9.190
9.790
9.980
10.960
10.630
10.980
10.900
11.980
11.110
10.210
9.740
9.570
9.690
9.160
9.130
9.900
10.750
10.980
11.390
12.700
14.180
15.000
14.800
15.250
15.950
15.440
14.900
14.980
14.100
13.760
14.490
13.380
13.630
13.100
13.400
13.300
12.550
24.830
24.200
22.260
22.600
22.860
20.980
20.820
20.150
18.980
19.870
20.290
20.340
20.090
20.380
20.920
21.590
21.850
22.500
22.390
20.910
20.580
21.290
21.400
22.550
23.970
23.960
23.470
23.410
24.260
24.870
23.700
22.650
21.400
21.060
21.170
21.260
21.320
21.800
20.400
19.680
18.180
16.680
16.290
16.660
17.020
15.680
15.200
15.430
15.600
15.070
15.880
15.990
16.220
17.000
16.250
16.200
16.500
15.370
14.080
14.090
14.200
13.380
13.390
13.350
13.490
13.850
13.850
13.250
13.000
13.090
12.300
12.350
12.550
12.840
12.700
12.450
12.000
12.120
12.090
11.450
10.950
10.670
10.630
10.450
10.400
10.780
11.040
11.040
11.040
11.080
10.830
10.850
11.200
11.700
11.810
11.710
11.580
12.610
13.690
14.060
13.880
14.150
13.250
13.500
12.970
12.430
12.300
13.200
13.750
14.960
14.280
13.930
13.980
14.980
14.440
14.250
14.060
12.950
13.210
12.050
12.160
12.420
12.470
12.520
11.930
12.200
11.800
11.830
11.800
12.140
12.200
11.870
11.950
11.500
11.290
11.360
11.530
11.420
11.250
11.040
11.130
11.390
11.850
12.000
12.050
12.570
11.430
10.500
10.120
10.330
10.550
10.380
10.400
10.520
10.300
10.050
10.160
9.760
9.600
9.540
9.520
9.440
9.880
9.990
9.760
9.510
9.380
9.550
9.640
9.440
9.390
9.450
9.220
9.180
9.170
8.930
9.160
9.260
9.070
8.990
9.030
9.050
9.040
8.820
8.880
8.950
8.950
8.910
8.820
8.860
8.910
8.920
8.830
8.820
8.860
9.130
9.170
9.470
9.580
9.430
9.450
9.770
9.400
9.360
9.530
9.220
8.950
8.960
9.240
8.820
8.960
8.900
