9.420
9.320
9.370
9.250
9.270
9.170
9.250
9.240
9.090
9.080
9.200
9.260
9.230
9.210
9.180
9.020
9.100
8.990
9.080
9.100
9.200
9.080
9.030
8.980
8.790
8.910
9.040
9.010
8.980
8.980
9.300
9.440
9.470
9.570
9.640
9.490
9.470
9.400
9.580
10.070
9.990
10.080
10.100
10.190
10.200
10.110
10.120
10.050
9.940
9.940
10.250
10.370
10.180
10.280
10.410
10.500
10.700
10.690
10.740
10.760
10.980
10.930
10.980
10.750
10.770
10.880
11.020
10.850
10.900
10.860
10.850
10.740
10.650
10.550
10.670
10.600
10.520
10.590
10.500
10.580
10.720
10.820
10.880
10.710
10.720
10.680
10.630
10.620
10.770
11.090
10.490
10.400
10.340
10.210
10.330
10.310
10.400
10.460
10.390
10.480
10.420
10.350
10.400
10.300
10.310
10.330
10.260
10.250
10.250
10.230
10.110
10.090
10.100
10.030
10.290
10.400
10.550
10.620
10.800
10.840
10.810
10.800
10.820
10.880
10.700
10.550
10.580
10.500
10.490
10.460
10.410
10.350
10.380
10.330
10.260
10.100
10.210
10.200
10.810
10.910
10.990
10.790
10.770
10.800
11.110
11.110
11.080
11.300
11.380
11.380
11.160
11.240
11.170
11.020
11.140
11.210
11.280
11.230
11.220
11.230
11.030
11.100
10.990
11.050
10.970
10.810
10.980
11.040
11.160
11.250
11.110
11.000
11.060
11.040
11.180
11.050
11.390
11.360
11.380
11.410
11.560
11.340
11.030
11.160
11.190
11.010
11.490
11.680
11.360
11.160
11.370
11.400
11.390
11.080
10.930
10.970
10.500
10.550
10.350
10.370
10.400
10.380
10.300
10.420
10.250
10.170
10.230
10.350
10.230
10.270
10.310
10.350
10.350
10.330
10.090
9.950
10.020
10.130
10.060
9.910
10.010
9.960
9.990
9.960
10.050
10.140
10.240
10.600
10.440
10.460
10.360
10.360
10.390
10.350
10.560
10.620
10.640
10.730
10.310
10.280
10.230
10.100
10.040
10.100
9.880
10.030
9.950
10.050
9.730
9.480
9.710
9.750
9.630
9.900
9.870
9.590
9.680
9.380
9.510
9.600
9.860
9.810
10.080
9.430
9.400
9.420
9.090
9.110
9.160
9.160
9.180
9.200
9.180
9.040
9.080
9.250
9.340
9.180
9.260
9.260
9.350
9.310
9.490
10.000
9.990
9.880
9.580
9.500
9.600
9.680
9.530
9.580
9.570
9.750
10.390
10.370
10.500
10.670
10.580
10.480
10.540
10.220
10.180
10.500
10.450
10.300
10.170
10.220
9.930
10.060
10.390
9.920
10.050
10.030
10.070
10.200
9.600
9.300
9.470
9.450
9.250
9.000
9.210
9.240
9.340
9.210
9.520
9.480
9.050
8.800
9.690
9.830
10.750
10.650
10.880
10.800
10.720
10.840
10.750
10.450
9.880
10.340
10.200
9.900
9.710
9.720
9.320
9.630
11.280
11.150
11.800
12.100
12.790
13.060
12.500
14.770
15.130
14.820
14.730
15.450
14.670
14.820
15.130
15.380
15.060
15.040
14.840
14.830
14.760
14.050
14.200
14.400
14.610
15.080
14.830
14.850
14.520
14.630
14.540
14.730
15.400
16.480
16.050
16.110
16.580
16.700
16.000
15.230
14.950
14.280
15.080
15.380
14.620
14.600
14.350
14.110
14.440
13.870
13.980
14.380
15.700
14.700
15.600
14.260
13.900
13.200
11.530
12.780
12.500
12.290
12.240
11.690
11.800
11.790
11.490
10.970
10.950
10.560
10.650
10.360
10.280
10.560
10.520
10.460
10.620
9.930
10.040
10.410
9.800
10.030
11.580
11.680
11.340
11.200
10.150
10.710
10.000
11.400
12.000
11.800
10.850
10.250
10.500
11.940
12.620
13.630
12.620
14.690
14.480
14.800
14.200
14.090
14.500
13.860
13.400
13.000
13.200
12.180
12.650
12.790
13.800
13.150
12.350
14.490
15.860
15.520
15.200
15.000
15.260
14.590
13.850
14.750
14.500
13.980
12.720
10.120
9.230
11.190
13.000
12.590
14.370
15.690
14.800
17.550
18.350
20.210
20.200
19.000
20.010
21.440
21.730
22.900
22.930
23.050
22.100
21.550
21.280
22.960
22.250
22.060
22.420
21.010
18.800
18.400
20.280
20.710
20.220
19.360
20.000
18.500
18.150
17.620
17.290
17.700
18.050
18.010
18.390
18.010
17.190
16.710
16.740
16.750
16.800
17.010
16.650
17.420
17.290
17.200
17.660
17.400
16.660
17.450
17.730
17.000
18.120
18.440
17.660
17.210
17.800
18.500
18.350
17.630
17.760
16.650
16.500
16.760
15.380
15.200
15.300
15.600
15.100
14.890
14.880
14.560
14.650
14.210
13.800
14.110
14.300
14.320
14.390
14.780
14.630
14.180
14.400
14.080
14.030
14.010
14.300
14.400
14.500
14.170
14.100
14.120
13.290
12.290
12.570
12.700
12.950
12.880
12.820
12.600
13.050
13.190
13.110
13.170
12.980
13.400
13.380
13.390
12.900
11.900
11.850
11.830
11.980
11.470
11.540
11.570
11.640
11.960
12.100
12.060
12.020
11.860
12.200
12.760
12.700
12.920
13.220
12.310
12.100
11.940
11.370
12.090
12.100
12.630
12.520
12.700
12.650
12.900
12.280
12.200
12.340
12.200
12.390
12.400
12.530
12.410
12.550
12.350
12.490
12.680
12.180
12.320
12.250
12.450
12.500
12.610
12.690
12.650
12.230
12.120
11.950
12.270
12.740
12.890
12.890
13.420
13.680
13.840
13.370
13.040
13.160
13.380
13.120
13.100
13.030
13.000
13.300
13.260
13.490
13.760
12.190
12.980
11.900
11.860
12.010
11.820
11.360
11.370
11.370
11.110
10.810
11.070
10.850
11.200
11.360
11.270
11.300
11.400
11.590
11.440
11.120
11.300
10.720
10.440
10.410
10.410
10.630
10.290
10.230
10.200
10.170
10.220
9.940
9.860
9.680
9.420
9.630
9.870
9.800
9.920
9.850
9.750
10.280
10.540
10.510
10.300
10.250
10.360
10.410
