16.690
16.740
16.830
16.500
16.630
16.240
16.200
16.210
15.430
15.800
15.810
15.830
15.860
15.620
15.780
15.500
15.780
15.250
15.500
15.430
15.540
14.880
15.050
14.750
14.560
14.550
15.310
15.380
15.050
14.580
15.700
15.510
15.760
15.700
16.160
15.720
15.740
15.800
15.300
15.100
15.110
15.500
14.700
15.150
15.030
14.910
15.000
14.760
14.390
14.080
14.200
14.060
13.970
14.290
14.520
14.510
15.120
14.760
14.990
14.700
14.930
14.810
14.790
14.260
14.150
14.600
14.680
14.990
15.130
14.660
14.760
14.740
14.780
14.530
14.600
14.580
14.450
14.390
14.080
14.290
14.300
14.590
14.590
14.500
14.360
15.000
14.160
14.020
14.060
14.000
14.050
13.960
13.930
13.750
13.780
13.400
13.570
13.710
13.560
13.570
13.290
13.240
13.360
13.180
13.360
12.010
13.130
12.850
12.900
12.730
12.480
12.720
12.650
12.550
13.060
13.130
13.420
13.630
13.790
13.590
13.680
13.680
13.450
13.290
13.340
13.250
13.180
13.230
13.000
13.270
13.290
13.140
13.040
13.060
12.910
12.770
13.000
12.890
13.830
13.930
14.130
13.950
13.990
13.870
14.430
14.430
14.340
14.750
14.950
15.200
15.200
15.560
15.380
15.100
15.150
15.300
15.360
15.540
15.410
15.260
15.100
15.200
14.890
14.810
14.880
14.640
14.880
15.020
15.100
15.580
15.490
15.210
15.330
14.820
15.010
14.580
14.940
15.300
15.250
15.210
15.070
14.600
14.690
14.850
14.780
14.740
15.030
15.600
15.300
15.630
15.570
15.400
15.900
16.190
16.370
15.950
16.050
16.200
13.850
13.450
13.500
13.500
13.500
13.480
13.350
13.220
13.200
12.970
13.080
13.170
13.260
13.230
13.130
13.180
12.780
12.650
12.920
13.050
12.860
12.730
12.740
12.650
12.470
12.450
12.710
13.040
13.190
14.250
14.200
13.830
13.830
13.630
13.710
13.560
13.740
14.140
13.500
13.500
13.290
13.500
13.670
13.800
13.800
13.390
13.100
13.280
13.240
13.380
13.200
12.710
12.750
12.870
12.500
12.970
12.450
12.460
12.200
11.560
11.730
12.380
12.510
12.500
12.600
12.490
12.360
12.410
11.930
12.000
11.530
11.600
11.800
11.760
11.870
11.070
10.960
11.280
11.390
11.050
11.120
11.260
11.640
11.600
12.080
12.800
12.700
12.750
12.340
12.170
12.350
12.210
11.900
11.960
11.710
12.050
12.970
12.920
13.080
13.310
13.240
13.000
12.850
12.760
12.840
13.510
13.300
13.000
13.100
13.330
12.910
13.280
13.700
13.450
13.880
13.550
13.520
13.560
13.150
12.450
12.950
12.880
12.620
12.150
12.340
12.420
13.000
13.200
12.940
12.610
11.700
11.700
11.890
11.050
11.910
11.900
12.100
11.990
11.650
11.910
11.730
11.320
10.600
11.200
10.910
10.750
10.490
10.530
10.000
10.540
10.900
11.600
11.480
11.210
11.200
11.600
11.100
10.500
11.450
10.650
12.300
12.050
13.280
13.880
14.520
14.620
14.140
16.720
16.920
16.610
16.300
17.210
16.940
16.610
17.500
18.000
17.500
17.090
14.930
14.410
14.350
13.670
14.040
14.030
14.150
14.600
14.660
14.370
14.100
14.330
14.050
14.190
15.600
15.980
15.340
15.180
15.110
14.860
14.310
14.670
15.200
13.960
14.400
14.610
14.180
14.020
14.040
13.700
13.750
13.340
12.800
12.600
12.910
12.900
12.910
12.950
13.070
12.490
12.000
13.480
12.820
12.760
12.760
11.980
12.410
12.310
12.000
11.870
11.820
11.310
10.930
10.680
10.450
10.730
10.700
10.450
10.730
9.900
10.040
10.200
9.480
9.890
11.550
11.330
11.580
11.220
10.260
10.000
9.700
11.030
11.690
11.150
10.910
11.360
11.360
13.200
14.900
15.500
15.000
17.600
16.390
16.250
15.300
15.850
15.940
15.180
14.480
13.600
14.080
12.970
13.990
14.440
15.580
15.100
14.720
17.580
18.540
16.820
16.700
16.000
16.350
14.600
13.800
15.730
14.300
13.000
17.350
16.040
19.000
21.590
20.000
24.800
25.510
27.900
27.000
24.800
26.400
26.590
24.300
25.400
25.300
21.980
21.900
20.940
21.380
21.710
22.100
22.160
22.640
22.400
21.410
19.820
20.860
20.150
19.190
18.590
19.800
18.650
18.700
18.700
17.800
17.760
18.480
18.600
18.050
18.350
16.570
16.340
15.640
16.100
15.560
15.280
15.100
16.140
16.380
16.090
16.210
15.970
15.230
15.790
15.980
15.700
16.710
16.980
16.410
15.800
16.290
17.180
17.080
16.700
16.900
16.390
15.800
15.350
15.000
15.390
14.900
15.110
14.850
14.820
14.860
14.970
14.800
13.650
12.880
13.030
13.130
12.900
12.780
13.400
13.270
13.000
12.820
12.660
12.650
12.510
12.730
12.620
12.700
12.640
12.190
11.860
11.660
11.680
11.690
12.220
12.310
12.270
12.080
11.760
12.200
12.380
12.160
12.260
11.810
12.250
12.260
12.170
11.800
11.750
11.670
11.690
11.710
11.630
11.400
11.000
10.770
10.970
10.600
10.650
10.450
10.830
11.100
11.120
11.180
10.760
10.810
11.250
11.550
11.390
11.800
12.080
11.700
11.650
11.400
11.110
11.650
11.760
12.430
12.520
12.120
12.000
12.280
12.670
12.630
12.950
12.860
12.960
12.480
12.790
12.680
12.670
12.420
12.320
12.860
12.670
13.420
13.880
13.820
13.910
13.130
12.920
13.070
12.910
13.030
12.380
11.750
11.350
11.520
11.260
11.320
11.340
11.290
11.610
11.840
11.710
11.730
11.990
11.820
12.090
12.610
11.750
10.550
10.380
10.210
10.340
10.330
10.290
10.080
10.300
10.250
10.140
10.120
10.030
9.610
9.800
10.020
9.900
9.780
9.730
9.900
10.130
10.220
9.930
9.590
9.550
9.830
9.520
