14.650
14.650
14.600
14.600
14.570
15.020
15.010
15.680
15.420
15.260
16.000
16.520
16.300
16.000
16.250
16.100
16.500
17.060
16.880
17.280
17.360
17.010
16.710
17.430
15.360
16.110
16.600
16.350
15.330
14.670
16.220
16.020
15.890
15.830
16.100
15.020
14.890
14.760
14.260
14.500
15.120
16.630
16.570
16.100
15.680
15.300
14.410
14.550
14.590
14.300
14.490
14.410
14.930
15.170
15.970
15.220
16.700
14.850
15.250
15.280
14.200
13.290
12.810
12.020
11.220
11.300
11.810
11.960
11.940
11.860
11.820
12.010
12.220
12.170
12.270
12.410
12.360
12.560
12.320
12.300
12.520
12.450
12.440
12.330
12.110
12.260
12.560
12.520
12.800
12.780
12.720
12.550
12.390
12.310
12.290
12.470
12.510
12.570
12.280
12.380
12.380
12.140
12.250
12.120
12.040
12.040
12.010
11.850
11.500
12.190
11.900
11.900
12.000
11.900
11.800
13.080
13.400
13.900
14.150
14.130
14.120
14.100
13.920
13.870
13.800
13.980
14.070
13.960
13.680
13.920
14.170
14.100
14.000
14.080
14.080
13.850
13.900
13.830
14.160
15.010
16.000
16.010
15.890
15.510
15.890
16.180
16.000
16.350
16.400
15.920
16.970
17.720
17.750
17.830
17.250
16.850
17.120
17.000
17.210
17.040
17.340
16.920
17.070
16.980
17.320
17.440
18.000
18.320
17.770
17.660
17.990
18.120
17.830
17.310
16.950
16.380
16.490
16.190
16.380
16.500
16.260
16.180
16.120
16.030
15.930
15.740
15.340
15.160
15.190
15.160
15.180
15.050
15.150
15.280
15.110
15.820
15.600
15.620
15.660
15.610
15.150
15.350
15.530
15.600
15.710
15.820
15.560
15.600
15.250
15.160
15.480
15.180
15.280
14.720
14.450
14.300
14.340
14.560
14.410
14.200
14.330
14.360
14.460
14.350
14.060
14.400
14.370
14.810
15.750
15.750
15.750
15.840
16.080
15.960
16.040
16.080
16.160
15.510
15.150
15.570
15.430
15.380
15.380
15.320
15.020
15.240
15.350
15.540
14.810
14.500
14.000
15.210
14.930
14.890
14.920
15.110
15.040
14.660
14.650
14.970
16.300
16.600
16.180
16.100
16.000
15.810
14.610
14.520
14.900
14.510
14.550
14.280
14.600
14.130
14.270
14.080
14.870
14.980
15.200
14.250
15.070
15.010
14.800
16.150
16.650
16.850
16.500
16.130
16.000
17.020
16.600
16.200
16.410
16.520
16.930
18.490
18.920
19.600
19.030
18.700
18.410
18.770
17.810
17.590
17.200
16.890
17.200
16.910
15.500
16.010
17.320
17.620
16.830
15.020
14.420
14.400
14.540
14.050
13.510
14.100
13.700
13.500
14.440
14.760
16.100
14.990
14.530
16.140
17.000
18.450
20.040
19.880
20.820
20.810
21.540
20.510
20.020
18.670
19.990
19.750
19.450
18.660
17.620
16.500
16.690
16.000
16.800
17.800
16.810
17.410
18.910
18.040
16.290
16.620
14.600
15.810
15.680
17.420
18.100
20.070
21.300
21.470
23.850
26.300
26.410
24.530
25.580
25.700
24.070
25.200
25.580
26.010
26.360
24.200
23.110
22.500
21.280
22.020
22.800
23.090
22.400
20.360
20.610
19.940
19.000
20.660
20.010
21.200
23.430
22.590
21.700
21.500
22.300
21.170
22.500
23.800
20.700
21.610
23.100
21.900
20.050
20.000
19.320
18.470
16.850
15.800
15.600
16.800
16.850
17.600
15.450
15.870
14.550
13.300
13.180
13.700
13.670
12.610
12.180
12.290
12.250
11.820
11.570
12.080
10.980
10.120
9.860
9.700
9.760
10.320
10.110
10.450
9.850
9.800
10.000
9.450
9.560
10.620
11.400
10.480
9.950
8.700
8.680
8.210
9.010
10.000
10.010
9.000
9.460
10.510
11.680
12.750
13.880
13.210
14.670
15.200
16.010
15.000
15.810
15.720
14.910
14.400
14.030
14.830
12.500
12.350
13.390
14.800
14.000
15.480
17.200
18.020
17.200
16.690
15.600
14.540
13.220
14.690
16.320
18.130
20.140
19.940
22.160
24.620
27.000
25.810
25.880
28.750
30.410
30.010
28.900
30.890
29.310
26.530
25.100
24.500
25.000
26.480
23.390
25.880
24.960
24.350
23.980
25.800
25.880
26.630
22.580
20.870
18.600
16.600
14.720
15.180
13.700
13.080
12.470
13.380
13.020
13.400
13.800
12.480
27.600
25.250
23.800
23.230
21.950
19.490
19.580
19.530
19.260
18.560
18.120
18.300
17.460
17.250
17.030
16.770
16.530
16.280
16.090
16.040
16.550
16.550
16.540
15.530
15.320
15.320
15.290
15.080
14.950
14.920
15.080
15.000
14.790
14.560
14.420
14.230
14.010
14.030
14.130
14.360
14.420
14.490
14.310
14.550
14.580
14.720
14.670
14.480
14.550
14.550
14.330
13.940
13.700
14.000
13.750
13.770
13.520
13.460
13.800
13.900
13.850
13.730
13.550
13.410
13.460
13.350
13.800
13.760
13.610
13.380
13.200
14.040
14.500
14.530
14.900
14.950
14.700
14.500
14.300
14.270
15.070
15.150
15.920
15.510
15.670
15.610
15.850
16.050
15.900
15.830
15.840
15.020
15.050
15.120
15.180
14.900
14.800
14.960
14.990
14.900
15.540
15.900
16.060
16.040
16.180
16.070
15.940
16.020
15.980
15.550
15.280
15.330
15.290
15.930
16.030
15.680
15.520
15.860
15.810
16.300
16.290
16.110
15.950
16.200
15.760
15.520
15.300
15.370
15.110
14.880
14.970
14.750
14.220
13.780
13.860
14.150
13.760
13.830
13.820
13.910
13.810
13.730
13.700
13.630
13.400
13.180
13.090
13.100
13.060
13.500
13.610
13.560
13.700
13.790
13.700
13.560
13.560
13.590
13.720
13.560
13.500
12.910
12.880
12.720
12.600
12.610
12.750
12.720
12.530
12.270
12.220
12.160
12.210
12.380
12.350
12.310
12.240
12.370
12.410
12.360
12.060
12.000
12.050
12.060
