38.450
39.190
39.700
39.850
39.300
39.000
38.390
38.650
37.750
37.370
38.080
38.100
38.500
38.000
39.850
39.400
39.540
39.620
39.450
38.330
38.650
38.330
38.300
38.150
37.380
38.300
39.090
38.580
38.590
37.700
38.600
39.010
40.190
40.190
40.380
40.050
40.200
39.960
39.290
40.400
40.470
40.500
40.800
41.370
41.500
41.780
42.300
41.790
40.710
41.420
41.450
41.340
41.640
41.340
41.950
42.240
43.370
43.400
43.150
43.190
41.850
41.550
41.600
41.390
40.470
41.820
40.800
41.260
41.750
41.400
42.500
39.390
39.210
39.690
39.950
38.110
37.060
37.150
37.570
37.350
37.910
38.240
38.290
38.650
38.770
38.380
37.130
36.940
36.990
37.150
37.000
36.980
36.730
36.290
37.080
37.690
37.730
37.500
38.100
38.390
38.700
37.960
38.230
37.990
38.370
37.580
37.500
37.620
37.680
37.080
36.470
37.100
37.440
37.940
38.360
40.890
43.490
44.360
44.500
45.200
42.000
42.690
42.860
39.880
39.210
39.360
40.480
39.400
39.530
38.880
38.830
38.520
38.680
38.630
38.800
38.700
38.380
38.150
38.300
38.180
38.930
38.830
38.940
39.050
39.870
39.990
39.130
37.800
37.980
37.840
37.510
37.870
38.380
38.150
38.150
38.770
40.470
40.970
41.980
41.000
39.960
40.100
40.680
39.650
38.600
38.520
37.900
38.080
37.800
37.650
37.390
37.680
37.940
37.550
37.990
38.200
39.000
37.580
38.720
37.150
35.440
35.430
35.590
34.700
34.900
35.480
35.700
35.940
36.010
34.770
34.830
35.790
35.840
36.380
36.170
35.950
36.480
35.670
35.150
35.550
35.220
35.940
35.390
34.490
34.250
35.000
35.810
36.300
36.310
37.540
37.250
37.250
37.270
37.350
39.170
39.380
39.880
39.540
38.190
37.330
37.640
36.800
36.200
35.680
36.100
37.700
37.940
38.100
39.330
39.620
40.390
40.800
41.570
38.420
39.400
38.000
38.100
37.790
37.730
37.690
37.740
39.600
39.990
38.350
36.980
37.250
38.490
37.690
34.800
33.650
33.370
33.480
32.100
33.600
33.660
33.490
33.470
33.320
33.890
34.170
32.450
34.880
35.870
37.350
38.990
39.180
39.150
39.380
40.370
40.170
40.200
38.500
39.750
39.300
38.600
39.200
37.470
36.600
35.480
35.990
37.130
38.190
38.900
40.560
42.550
42.240
40.590
41.000
41.930
41.500
41.690
45.460
43.740
43.200
44.500
44.870
50.210
52.750
52.980
52.660
53.330
51.480
50.550
50.750
46.320
44.960
45.100
44.330
44.440
44.500
42.880
42.950
43.300
43.260
44.010
45.080
47.880
46.690
46.020
45.880
46.340
49.570
52.000
47.580
48.180
50.100
49.800
49.250
49.130
46.240
44.520
44.650
47.330
46.270
44.990
44.500
43.790
44.270
43.500
41.850
42.580
42.950
43.620
44.980
43.960
45.960
48.250
46.000
44.960
42.310
42.530
44.580
43.150
41.690
42.330
44.350
42.580
39.600
37.480
38.400
38.900
38.120
37.870
38.400
38.560
40.490
40.260
37.120
36.710
33.370
31.980
34.400
35.740
36.210
34.890
31.720
30.100
30.870
32.200
35.710
35.990
35.700
37.000
42.500
43.740
46.300
44.640
42.410
41.750
43.460
44.990
43.260
39.900
39.150
45.790
46.600
48.900
50.970
50.250
48.190
50.000
52.800
56.510
57.000
55.300
56.530
55.550
51.680
47.310
47.560
43.420
39.470
35.880
32.620
30.340
34.090
44.740
48.600
50.890
57.690
53.100
56.480
57.050
63.900
63.970
61.690
62.500
68.500
68.300
66.490
69.950
73.680
76.000
72.000
69.180
73.780
80.000
86.000
79.600
72.360
66.290
65.200
68.410
69.880
70.700
71.980
70.980
68.020
61.840
56.220
52.700
48.940
48.700
45.760
45.920
45.870
41.770
41.500
42.270
44.380
45.100
47.790
46.650
47.950
47.800
45.380
45.880
46.500
45.500
46.060
48.690
49.150
49.800
54.180
50.690
46.690
44.300
45.990
46.100
43.500
42.400
40.600
40.880
40.800
41.480
44.480
44.150
45.490
43.000
39.560
39.700
40.030
41.200
40.510
38.470
38.850
38.200
38.260
38.120
39.310
41.000
38.590
39.300
40.400
37.870
38.400
37.880
39.200
38.900
40.190
39.960
38.900
35.400
32.850
30.650
30.970
30.750
31.350
31.550
32.250
32.500
33.300
33.360
31.280
32.100
33.200
33.200
33.630
31.680
29.730
27.350
27.710
27.650
27.210
26.380
27.460
27.920
27.980
27.490
26.800
26.980
25.850
26.140
26.290
25.800
25.510
25.490
25.700
26.870
28.000
27.480
28.450
26.500
25.100
24.930
23.250
23.490
24.990
25.900
24.100
24.140
24.460
24.300
24.360
24.660
25.020
25.100
25.420
25.150
25.110
24.940
24.460
24.110
24.290
25.300
25.480
24.770
24.560
24.600
24.250
23.970
24.280
24.560
25.040
25.250
24.710
24.560
24.490
25.000
24.650
25.250
25.250
25.300
25.690
26.590
26.770
26.880
25.250
25.170
24.800
24.850
23.860
23.180
23.280
23.810
23.940
23.870
23.930
23.550
23.170
23.120
23.850
25.300
23.760
21.600
19.660
19.540
19.670
19.800
19.820
19.850
19.850
19.260
19.450
18.870
18.660
18.280
18.210
18.760
18.730
18.350
18.600
19.330
19.620
19.550
19.270
19.390
19.380
19.810
20.000
