13.980
13.580
13.690
13.440
13.070
13.020
12.890
13.060
12.640
12.800
13.050
13.070
13.040
12.970
12.930
12.930
12.860
13.140
13.100
13.200
12.700
12.440
12.440
12.390
12.300
12.600
12.650
12.500
12.470
12.690
12.080
12.900
12.760
13.050
12.800
12.930
13.230
13.030
13.050
13.050
13.290
12.520
13.140
13.370
13.400
13.700
13.780
13.250
14.200
15.100
14.660
14.150
13.980
14.310
14.640
14.560
14.700
14.880
15.000
15.180
15.030
15.330
15.200
14.790
14.930
15.300
15.550
15.460
15.450
15.440
15.390
15.530
15.670
15.900
16.270
16.150
15.880
16.170
15.880
15.720
15.880
16.190
16.130
15.980
15.980
16.310
16.270
16.450
16.500
16.530
16.520
15.010
14.960
14.730
15.130
14.850
15.380
15.250
15.140
15.220
15.000
14.880
15.000
14.600
14.810
14.760
14.740
14.350
14.560
14.320
13.960
14.180
14.620
14.000
14.330
14.350
14.430
14.950
15.110
15.130
15.300
15.650
15.490
15.890
15.590
15.600
15.660
14.980
14.860
15.540
15.790
16.250
16.380
16.700
16.370
16.300
15.990
16.500
16.570
16.730
17.050
16.820
16.650
17.080
17.050
16.980
17.150
17.250
17.590
17.620
17.100
17.270
17.300
17.390
17.830
17.470
17.500
17.900
17.900
18.200
18.380
17.900
18.120
17.370
17.750
17.580
17.340
17.990
18.050
18.260
18.090
18.340
18.220
17.130
16.710
16.480
16.550
16.530
16.500
16.260
16.350
15.910
15.820
16.010
16.150
16.160
16.280
16.300
15.910
16.200
16.350
16.780
16.640
16.600
16.500
16.280
16.250
16.150
16.280
16.230
16.600
17.790
17.850
17.390
17.150
17.130
17.220
17.220
17.420
17.250
17.200
16.620
16.180
15.990
16.390
16.730
16.310
16.450
16.500
17.070
17.190
17.340
17.840
17.400
17.820
16.200
13.670
13.210
13.600
13.790
13.100
12.700
13.300
12.120
11.400
12.730
11.950
14.080
14.940
16.100
14.560
17.040
17.200
15.900
19.200
18.750
18.180
18.180
18.870
18.580
18.110
18.800
18.780
19.020
19.880
19.910
20.250
19.340
19.500
19.080
18.500
18.020
18.030
18.270
18.800
18.700
19.170
19.980
20.010
22.200
19.480
18.450
18.450
19.000
18.580
18.010
18.950
20.790
18.050
17.300
17.850
17.850
17.430
17.390
16.600
16.630
15.560
15.350
15.200
16.300
16.000
16.670
16.300
18.050
18.600
15.530
15.950
14.510
14.960
13.600
11.280
11.470
11.480
10.700
10.320
10.250
10.000
9.860
9.800
9.700
10.520
9.580
9.550
9.860
9.090
8.950
9.000
8.180
8.510
10.100
9.800
10.200
9.880
8.960
9.000
8.500
9.390
9.990
9.490
9.030
9.910
9.880
11.500
12.810
13.300
12.950
14.950
15.160
15.100
14.350
15.000
15.190
14.300
13.570
13.230
13.550
12.390
13.100
13.890
15.000
14.990
14.800
17.400
18.940
17.900
17.500
17.000
17.000
15.130
13.900
15.860
15.420
17.610
17.990
16.510
19.550
20.160
21.600
21.690
20.830
22.050
24.800
23.920
26.500
28.790
29.200
29.550
28.500
29.000
28.920
29.800
31.700
30.000
29.610
29.010
28.030
35.000
31.220
30.000
33.000
34.890
31.720
26.880
77.500
66.440
65.090
59.170
53.790
48.900
42.830
39.980
36.740
33.400
30.360
27.600
25.090
22.810
20.740
19.650
19.950
20.400
19.740
19.950
20.380
20.450
20.100
19.600
20.500
20.600
21.440
21.690
20.310
19.640
19.000
19.100
20.350
20.080
20.030
20.480
21.160
19.680
19.810
19.800
19.450
20.990
23.400
23.410
24.150
25.000
24.280
24.550
23.940
23.120
23.100
23.000
21.900
22.010
22.620
22.450
22.660
22.500
23.300
22.330
22.430
22.650
20.980
21.070
20.240
19.200
18.200
18.180
18.220
19.080
19.730
19.880
19.700
20.450
19.560
20.050
19.200
19.750
20.210
19.960
19.850
19.910
20.230
21.180
20.460
20.010
20.190
19.400
18.710
19.040
18.450
19.750
19.910
20.500
19.840
19.700
18.310
18.910
17.300
17.750
18.210
17.720
17.600
17.650
17.190
16.400
16.600
16.710
17.400
17.390
16.900
17.080
17.100
16.690
16.690
16.080
16.280
16.350
16.110
15.980
15.240
15.170
15.590
16.360
15.500
16.030
16.000
15.760
16.220
17.100
17.060
17.360
17.300
18.300
17.100
