34665.91
34413.45
25409.86
24352.18
19771.54
28981.51
28225.23
42892.98
31207.11
34098.66
38497.20
34583.94
35202.64
42005.36
65435.49
132905.55
50142.57
63667.63
52462.86
29209.43
29909.56
44967.70
42934.30
21534.16
35565.61
25675.00
27785.00
36849.43
34039.09
31241.65
33838.50
28256.70
34037.42
52228.14
73510.50
55651.81
25256.62
40969.43
80374.98
42206.56
43582.91
32456.49
46476.59
79470.06
57199.25
87101.30
61754.53
101323.20
94179.82
145686.83
140069.19
147925.23
27688.92
45835.28
26889.77
25115.33
29599.23
47848.29
35514.66
46844.90
26859.92
27430.49
31954.61
29950.21
33242.63
44908.38
27424.58
22040.68
23736.53
43047.91
35561.43
32789.37
24123.32
27270.96
55857.30
37242.23
37871.17
38459.71
28729.48
17332.00
25128.87
30849.79
57425.69
34934.00
21881.49
21512.39
26401.91
44778.18
29152.47
31988.87
41903.31
32016.67
36611.04
25116.41
31063.05
27458.57
28505.88
23060.87
40104.32
34948.76
72312.54
24853.77
20918.78
20999.61
12758.10
24.00
11697.50
13827.11
18322.69
22885.00
25956.38
21683.15
20072.76
34551.64
70748.70
84677.26
199384.41
21211.90
19432.68
31863.44
30038.27
38361.55
31501.95
28985.12
17968.57
20133.50
21148.14
19729.70
25650.89
32617.51
59414.88
25915.64
26653.17
20282.94
24376.46
35433.70
26289.58
41723.21
74819.11
30693.98
27840.46
21818.07
22871.42
38267.65
53763.34
28555.39
32721.16
65677.12
77283.93
73722.97
86676.51
106960.45
61561.68
63877.39
42928.11
51485.80
87780.52
64780.30
69274.88
65120.94
46873.14
76110.37
47923.05
62496.91
84431.75
121637.06
116669.29
94704.97
134310.75
307305.16
109489.44
108104.29
130507.17
40742.07
43307.34
46346.94
63619.99
51941.68
90418.28
158282.78
50917.67
65301.68
32494.45
40500.80
30911.29
44630.99
52542.18
44675.23
46043.56
68803.89
72358.59
43585.14
96771.39
67630.42
161371.62
115536.24
198860.48
186876.80
85538.89
60191.79
68783.89
84099.78
74860.71
122999.76
92684.02
109278.14
130980.87
92598.62
144368.56
203602.42
198715.09
288589.50
332681.44
542213.25
464600.62
241226.30
100241.78
177384.31
57518.04
45470.70
53266.80
56642.29
86291.68
37150.75
59341.33
75454.22
110574.62
161639.25
79610.91
97763.85
99314.38
99842.81
137586.62
146189.05
174207.48
213759.58
385596.03
13435.75
229763.56
144858.11
134584.72
107530.94
165378.25
155697.38
190464.55
285223.91
278200.53
207161.16
223897.41
195785.02
126656.64
109401.17
182885.59
145166.84
155584.50
209107.58
205011.64
347363.28
389204.72
177204.38
40941.47
45596.83
50302.28
50769.62
45406.48
82296.72
108952.57
65544.95
85537.46
80221.18
48107.84
73627.92
66397.29
63354.54
62200.02
80194.66
111571.14
205462.08
99195.57
136227.00
164552.61
221354.69
335899.62
158006.80
197512.09
140449.92
207034.22
275332.28
152073.94
172061.38
230225.52
138882.73
127360.13
152556.95
134081.05
201489.20
191191.88
260989.84
291610.22
267968.47
160580.91
88595.84
106547.89
134537.69
79444.48
127562.77
198849.53
138729.62
104390.54
201223.59
295858.47
155514.62
119121.41
138363.58
163277.31
219242.12
265147.12
189210.20
231727.77
185328.83
294782.12
200538.88
144691.89
77969.61
99532.41
143650.53
156117.89
136416.47
111321.84
162497.80
115360.21
137924.64
147522.81
161741.59
165700.19
200524.23
287517.94
234952.05
150541.62
167985.97
210246.97
246580.62
272939.88
235858.11
149058.08
38899.00
144459.11
166565.16
101873.87
101378.86
117054.41
142470.12
142213.45
100548.65
186203.62
291937.91
138823.58
212676.25
196778.19
269669.16
168865.36
176567.19
118530.04
145027.89
181714.61
178730.80
200989.16
192985.97
292938.25
167910.33
184676.38
234475.98
312092.59
438757.56
615493.50
778696.19
291576.22
329263.97
256331.56
264288.97
288761.47
396013.59
290985.62
467455.28
649856.75
482127.47
628695.25
562921.75
698715.62
767418.81
921386.38
773909.75
787424.81
859858.94
947675.19
706589.50
801168.12
34338.08
19921.30
78560.91
536609.06
283295.00
187080.03
251092.44
180145.66
202412.17
260647.88
263008.25
255902.77
165368.27
3267.00
95984.85
103176.76
122370.74
127364.40
144765.86
140262.91
269982.78
172394.84
86149.24
133838.59
135439.19
103094.79
147713.48
130314.92
129661.42
192843.16
149640.61
120851.56
175405.55
111199.36
214186.78
177567.42
150973.41
151695.09
94496.84
70913.39
131242.61
113841.14
178719.39
226064.30
225504.11
222106.00
138137.19
142183.12
231608.83
237331.61
157193.59
116939.81
224295.34
343759.66
95353.50
128334.98
157330.27
175162.56
192556.12
200969.34
232514.36
230583.91
341908.41
193700.70
274534.28
328389.19
295422.22
333879.41
17314.56
12974.00
168291.64
159938.88
154333.95
138694.86
147248.70
98938.37
75876.84
87687.54
94904.11
105852.62
117560.33
106094.68
118242.17
140790.44
174064.84
204501.28
176615.44
193274.12
132472.48
255492.86
363748.62
389135.78
179870.14
245145.31
143292.88
175808.69
222851.73
171698.41
258188.59
191588.45
235742.98
337801.81
228918.22
168430.75
159923.59
100803.25
120502.46
212627.94
147771.95
207682.47
145030.36
80413.77
128410.05
83774.59
69666.84
101126.15
59004.75
108757.92
118296.26
132620.48
138133.91
122541.42
126181.24
138576.25
119918.61
123839.54
220419.78
110640.42
153955.98
108567.00
109851.61
137603.45
156988.52
113312.89
131790.45
115685.97
186327.91
139123.58
98013.28
278127.97
180637.06
175333.73
229046.98
174835.28
130877.83
108341.54
121931.49
109179.22
88550.68
82257.92
145522.70
150690.86
137515.52
177991.48
291368.44
198103.78
98305.50
146304.30
110042.51
83135.72
86220.20
1000.00
79968.68
118452.00
135753.62
175833.77
102486.48
71138.72
44089.21
66944.87
128580.41
78796.60
47190.04
26981.79
58276.49
57671.23
53758.87
111585.83
107180.34
119326.15
172103.81
169981.11
204754.91
53374.72
43891.40
55445.72
50130.07
53533.27
34900.30
54647.74
47497.48
40913.23
67878.09
40376.98
25236.58
63800.22
86518.82
59348.42
70178.99
43140.43
81898.51
95938.64
58908.90
52907.42
46897.04
58289.65
114528.82
30652.12
50356.78
42423.40
74117.18
66454.09
89693.38
79310.92
159491.47
187982.52
163623.34
76116.42
85260.85
57567.59
43316.30
44128.06
50165.63
35600.69
50906.15
23555.69
90500.70
40051.31
76887.18
59183.67
78193.40
67180.58
53905.19
41958.61
32864.64
29605.05
42378.31
43160.93
99667.75
74213.59
62483.28
42888.28
62910.70
75302.82
62748.67
66434.81
114389.62
119799.96
155245.88
83360.80
89374.07
60844.97
85238.49
222877.05
270714.41
100184.01
112827.00
150245.45
221860.69
221070.64
306018.66
387186.78
15310.60
61681.22
70465.14
100367.02
79872.44
91424.59
88366.60
234445.12
74445.23
60731.85
69403.20
77650.84
126569.37
36217.89
41051.83
32480.35
52422.34
36241.08
52545.31
43104.59
36696.40
34778.57
34037.91
52131.03
32209.68
54424.05
42872.00
70256.67
31454.22
37987.58
63688.52
42944.99
55837.17
61520.71
38108.93
