8.960
9.070
9.050
9.250
9.250
9.450
9.880
9.870
10.390
10.010
10.120
10.650
10.950
9.920
9.890
9.520
9.640
8.950
8.810
8.920
8.880
8.370
8.140
7.730
7.080
7.640
8.050
7.930
7.900
7.810
7.540
7.610
7.700
8.250
8.190
8.240
7.600
7.640
6.800
6.650
7.100
7.300
7.500
8.020
7.990
8.020
7.950
7.830
11.310
11.550
11.510
11.300
11.500
11.970
12.080
12.860
12.820
13.900
14.800
14.350
12.550
12.410
12.560
12.870
11.700
12.450
12.580
12.360
12.330
11.880
11.480
10.520
11.320
10.990
10.660
10.500
10.300
9.660
9.730
9.650
10.310
10.780
10.300
10.050
10.710
10.250
9.720
10.030
9.880
10.500
10.860
11.580
11.670
12.900
13.480
13.380
14.580
16.200
15.920
15.560
15.980
15.800
15.500
15.850
15.520
14.400
14.570
14.730
14.410
14.000
13.300
13.630
13.250
13.170
13.100
13.410
13.260
13.100
12.710
12.880
12.100
13.410
14.820
14.600
14.450
14.010
13.280
12.880
12.780
12.560
11.890
12.220
12.700
12.360
12.320
11.980
11.980
11.970
11.360
11.260
11.250
11.300
11.450
11.500
11.400
11.370
11.000
10.540
10.550
11.150
11.110
11.200
10.550
10.790
10.560
9.870
9.500
9.320
9.080
8.920
8.950
8.900
9.030
9.150
9.000
9.380
8.900
8.890
8.950
8.330
8.440
9.090
9.480
9.410
9.160
8.220
8.300
7.990
8.550
9.500
9.700
8.950
9.330
10.370
11.520
11.700
12.500
12.470
13.530
13.620
13.950
13.790
13.890
13.720
13.600
13.100
12.000
11.390
10.360
10.260
11.120
11.700
11.500
11.080
12.310
13.500
12.950
12.990
11.300
11.170
10.150
9.230
10.250
11.390
12.650
14.050
13.570
15.080
16.760
18.620
19.900
18.340
20.010
22.050
22.050
23.510
23.660
23.570
20.890
20.720
20.250
20.100
20.600
19.100
19.400
19.000
17.210
16.040
17.360
18.800
18.680
17.000
16.400
16.200
15.690
15.600
14.120
14.280
14.080
13.960
13.840
13.320
12.840
12.770
13.660
13.750
14.170
14.000
14.050
14.010
14.770
13.970
13.770
13.620
13.300
13.330
13.930
13.260
13.250
13.900
14.020
13.200
12.790
13.600
14.220
13.700
13.480
13.290
12.980
13.290
13.180
13.090
13.500
13.010
12.630
12.610
12.700
12.710
12.360
12.010
11.700
11.650
11.860
12.100
11.850
11.740
11.610
11.650
11.690
11.820
11.550
11.050
10.990
11.340
11.150
11.200
10.900
10.890
10.390
10.100
10.100
10.020
10.130
10.240
9.850
9.800
10.020
10.130
10.080
10.110
10.000
10.050
10.040
9.820
9.360
9.200
9.630
9.620
9.560
9.340
9.290
9.820
9.870
9.630
9.510
9.300
9.190
9.130
9.500
10.220
10.380
10.000
10.950
12.170
12.810
12.840
12.180
12.080
12.500
12.910
12.000
11.220
11.060
10.910
10.810
11.180
11.170
11.170
11.160
11.130
11.050
11.100
11.130
11.170
10.910
10.800
10.820
10.900
10.760
10.610
10.840
10.790
10.560
11.280
11.750
11.710
11.600
11.650
11.950
11.780
11.730
11.630
11.370
11.300
11.180
11.090
11.110
11.320
11.350
11.080
11.690
12.000
12.110
12.080
12.070
12.220
12.480
12.400
12.550
12.300
12.300
12.050
11.980
12.010
11.920
11.900
11.570
12.160
12.170
11.930
11.490
11.360
11.110
11.050
11.260
11.230
11.180
11.160
10.620
10.700
10.730
10.780
11.050
11.150
11.020
11.100
11.370
10.750
10.550
10.480
9.890
9.660
9.640
9.520
9.610
9.440
9.400
9.420
9.510
9.530
9.340
9.360
9.140
9.020
8.800
9.180
9.120
9.200
9.370
9.310
9.410
9.450
9.400
9.450
9.460
9.700
9.480
