74852.50
110616.47
45800.50
40948.48
39538.02
42992.50
67249.05
79631.86
169748.77
120369.32
50451.82
38702.52
65884.21
54724.36
41162.78
65987.09
116082.00
37048.87
47352.14
35384.71
39268.94
62700.45
54361.13
29064.50
56508.31
50916.00
48023.45
49566.95
72355.32
47733.88
45663.00
41454.04
43544.52
98256.16
54268.36
60593.76
27504.98
45118.74
117038.33
47409.85
49914.50
54221.94
88629.57
148320.27
36597.68
31064.43
76445.20
92279.01
47626.35
45736.04
61101.68
63442.59
51704.09
103958.00
58772.25
75696.71
112208.18
47908.23
62231.30
92538.86
90174.50
53698.80
64310.77
86850.91
157540.02
209952.81
100414.65
73438.10
70469.90
99434.76
75187.26
57936.90
76692.20
60419.70
65368.37
59187.55
42221.72
69709.50
76781.97
59947.17
70062.22
53544.98
54478.49
77187.48
78613.10
107246.94
160401.47
92877.96
133634.44
90963.13
258156.20
87366.83
75954.13
68699.57
74175.42
77571.14
78251.92
54332.83
68635.49
59176.50
70624.02
70649.56
123040.26
62638.94
37856.95
30991.00
39931.00
39667.01
51662.08
51877.35
34617.01
52666.03
70640.42
117127.18
81477.14
55313.40
83633.33
95594.67
82703.86
111790.05
73899.48
103539.77
89102.98
43558.65
53513.78
63194.35
52435.50
64183.70
78690.63
174300.36
65031.55
39311.18
57508.34
47093.48
73470.98
69090.00
93974.24
178204.12
65278.45
64713.37
60151.01
59004.44
84110.62
163278.73
107794.07
115615.24
130542.37
128484.78
167040.77
156337.33
149153.12
120485.51
114331.69
117254.07
142515.80
245803.95
109906.35
148275.02
161195.20
162577.28
121978.03
125063.68
70978.28
98499.14
147749.27
129913.65
97574.10
94906.44
153613.86
97835.76
116793.30
138074.62
124672.02
112847.64
127325.24
137330.83
102513.59
108678.36
135140.06
121133.81
103621.13
68168.69
94054.41
95144.40
105961.60
156062.11
146580.77
126255.59
110492.78
215167.27
196692.20
221243.11
382886.50
329794.84
282940.06
160851.88
235309.23
295020.06
157300.94
187948.09
189176.02
230180.02
147355.36
166070.88
196324.50
268174.06
182274.80
268433.00
410981.12
447413.44
435762.16
585427.50
943787.75
945644.94
873244.50
1201894.25
670730.69
890524.19
194588.30
308523.41
243977.27
253369.14
141526.50
210900.81
197532.59
383227.81
657921.25
557254.31
952532.69
655250.31
528418.69
238563.14
129220.78
188535.78
173546.62
189890.27
300315.19
462464.66
476514.19
192657.00
497474.78
182678.02
259704.45
206858.81
192461.98
140373.83
175536.48
206075.97
183601.91
200747.88
119528.42
116015.19
173784.44
160187.12
211825.66
265236.56
199971.77
95757.03
179023.73
132473.56
126396.94
137397.31
181775.70
264152.97
270763.00
229615.56
83764.69
117441.06
128757.51
142599.52
249139.78
102770.70
130889.85
93980.31
158455.78
107984.72
122595.09
115388.28
149989.44
95786.30
90167.23
213542.73
241643.09
147388.64
159862.56
194934.33
114410.70
163033.86
172882.55
122709.13
153072.84
153033.58
251969.11
456540.44
196460.91
331515.66
457703.69
300538.12
459926.00
271271.16
377431.78
393290.16
763914.19
422532.16
462715.38
221027.83
279059.53
263519.06
275023.09
299547.12
265880.34
354876.22
326006.28
426012.78
591081.88
494396.00
271146.44
148289.05
182768.44
299757.66
120582.24
144418.30
175791.67
281258.62
277804.56
303777.03
402655.28
354994.56
261655.02
297471.03
314054.34
554701.62
305197.59
375672.59
438910.94
412913.62
535942.56
409920.38
369438.69
210796.44
278186.81
310266.19
275957.97
318710.44
271049.12
359801.75
275494.03
420969.16
579429.25
207907.27
298398.44
373462.94
527501.00
829948.31
302330.28
291392.09
324289.56
265828.56
323160.09
403023.38
417766.59
106071.74
319297.25
498848.94
343839.41
262647.16
339036.78
458998.34
342920.56
271279.53
349370.62
477830.25
400982.06
461111.41
630208.81
700406.06
438672.59
388301.06
450396.69
433515.25
443538.38
613092.31
788492.12
686630.00
966653.06
645282.56
907022.19
1653736.38
1542006.75
1279107.75
1275655.75
1111767.00
1337564.50
2606431.25
1337937.25
1719609.25
1545525.25
1764574.12
1849023.00
1894991.62
1345830.50
840761.94
1205421.12
922117.06
854799.81
1022093.38
793033.94
467225.72
679484.56
673154.44
726205.38
996188.00
1280599.00
1555730.88
2225492.50
2301733.25
2824388.50
770460.94
589508.69
595519.12
570488.75
655179.06
637489.31
603007.94
502253.03
392671.62
9337.00
247745.44
290107.66
348279.22
552049.56
567445.62
578261.50
567266.69
523441.41
411288.28
675439.31
789251.44
274908.66
371576.06
523981.91
736450.44
1032016.56
449293.59
671489.19
387690.00
3428.00
306697.03
196054.06
218591.12
342164.06
338388.81
208161.34
231250.98
274262.53
337210.25
464469.22
812829.19
556920.69
381184.38
309021.09
412470.97
724908.00
455289.31
250621.86
1452.92
5822.68
1354.16
10727.14
164515.80
167871.84
123170.48
156577.41
128006.57
86258.03
113599.69
75804.26
63859.35
73746.90
55488.15
39931.71
74109.05
61771.70
72232.90
58040.04
46890.48
72153.34
68336.04
67114.19
94155.03
94089.23
122147.83
76105.03
35200.17
45895.54
103457.76
89646.96
96303.12
58569.16
53704.74
45270.14
48549.41
28284.68
1288.00
51385.13
83010.76
69376.93
28825.31
41222.44
40578.95
81172.35
46595.27
47621.21
39664.86
40453.82
54652.09
44201.40
53075.50
71702.43
112833.80
77804.50
157592.06
47192.64
124725.98
112420.82
84432.17
58032.31
59551.94
44186.00
55483.23
59310.49
44524.39
57871.13
57717.00
116187.65
100329.14
58223.66
29031.61
89489.51
74203.10
90011.15
153130.52
183081.73
134157.84
66579.38
46131.89
108975.74
207919.66
89187.24
106556.00
122727.41
136278.09
185908.12
159895.52
140356.25
64927.10
121953.53
211343.69
134546.23
51667.05
69113.41
54775.83
51051.49
71198.65
75910.50
77880.99
80289.46
111364.31
113074.52
67414.33
47717.66
47838.73
64985.96
53811.46
54565.44
83407.88
96082.66
65863.01
56589.17
42634.20
61039.61
69071.26
101142.36
84017.51
107557.83
82674.36
55580.65
66773.38
88386.20
101377.34
144721.80
87073.84
98268.67
81778.70
91346.21
66144.89
106138.15
108819.47
74475.93
61951.12
82761.52
119089.67
116255.42
112363.79
157275.94
103090.47
72744.06
76321.44
85256.81
99962.03
88037.80
95308.86
68744.46
53227.01
67678.27
50753.73
85749.29
84494.32
91788.22
92989.76
119317.34
172319.69
172787.64
145620.86
235460.64
311778.88
159277.42
230396.75
188408.56
161157.17
105934.85
61662.74
116150.15
66664.05
65970.27
56830.84
105215.38
75905.81
42782.70
55854.91
113209.13
48905.29
55438.63
83532.96
201481.09
60941.31
56590.26
70961.15
86603.11
53888.80
63873.65
72429.61
