18152.11
13374.02
14443.00
21431.00
17441.00
32756.01
21279.39
23890.08
57177.86
20402.00
17910.94
19672.00
21064.13
29970.00
15512.00
18927.00
11935.24
29836.00
36892.00
18600.00
40410.00
19468.00
18497.73
15024.70
17732.00
32012.05
22834.02
30787.02
56852.00
122407.26
82261.00
35100.00
38918.92
40112.30
62383.99
47631.41
29034.54
21332.91
55887.68
32529.52
45116.38
33006.00
46533.00
71995.16
78967.15
40706.00
60608.18
39828.02
27489.01
29152.25
67331.00
33474.37
47699.81
91599.18
120611.20
118061.98
37073.28
27231.01
57707.14
98741.64
63356.00
59780.32
54120.81
107790.19
37440.54
45193.31
52043.59
70404.50
69996.18
58972.00
92100.03
137064.05
63153.84
120805.48
30084.58
34337.57
35363.00
29952.00
37582.38
43168.00
32719.00
47408.04
48288.45
60210.84
66146.31
67066.03
78304.48
114405.80
96512.81
73784.25
120240.22
179994.36
280486.59
350345.69
134795.28
93147.58
167402.84
159383.53
189989.52
384558.69
382980.25
438182.25
381515.38
433377.12
24877.73
24.00
42320.00
38788.94
52623.00
84528.34
125059.51
74519.80
65442.04
56282.63
74273.60
78770.64
126944.00
123178.92
83344.90
97399.27
126893.24
209272.38
79519.60
85003.27
79908.70
136315.95
88885.73
126289.85
154826.81
141091.98
216432.48
118104.67
212821.45
114149.72
79460.70
106757.33
95821.84
104348.73
152840.53
200166.52
91923.84
91204.38
84689.25
118090.70
102425.32
117511.65
89540.02
144721.30
189942.66
214622.28
199348.12
285787.59
497424.47
474987.47
378143.59
547677.50
219596.59
186408.44
147147.19
112488.33
163511.56
55796.82
48584.23
68223.08
59225.32
65769.06
70864.34
43522.51
67831.96
61799.80
53581.05
35855.51
48673.01
48434.01
50006.00
56024.29
70578.01
138427.08
61438.92
53232.32
55093.97
67674.78
40452.53
41574.07
30058.47
46650.00
72161.51
48879.23
53640.23
77636.23
66672.12
62163.61
94591.48
91830.74
184167.77
228497.08
452908.22
160012.20
154477.12
210077.59
367838.59
219096.23
94732.08
49780.35
42374.43
86836.90
107446.83
131237.70
193182.48
92848.51
33816.31
46421.93
37170.39
45213.85
62322.73
39450.92
36954.07
43854.05
42927.06
67989.74
129465.42
35259.52
40067.55
23428.51
39247.60
47450.54
52985.54
69374.03
45343.63
29936.56
39380.72
43516.70
41626.10
53753.33
43024.30
56738.63
54342.49
74563.03
104626.44
77305.09
103518.54
61539.18
60268.10
81845.37
99430.33
75249.18
126239.76
75458.62
122223.79
140757.17
120728.22
75566.06
59508.72
83286.16
84731.82
112830.82
170989.02
232953.16
128096.42
58507.39
65037.62
92100.75
54661.05
82696.10
43289.61
49031.34
64966.81
35247.97
27096.30
44809.88
25737.76
36498.43
49433.99
46554.21
43263.90
54106.33
59880.85
46189.45
49045.77
65977.36
70034.85
128359.66
200361.34
266078.78
47253.30
108967.88
55798.00
30832.79
60156.96
52936.21
58010.39
74223.27
35066.17
54779.67
102093.70
50214.82
60497.51
81021.98
87504.79
134504.69
132288.23
127811.31
108584.02
128860.85
161181.09
244241.09
259596.45
238764.77
344696.50
279585.69
70987.62
69295.56
89021.38
119660.78
98854.77
141413.62
140842.05
110418.09
71451.41
72546.01
109829.39
103377.22
143634.91
248721.34
36883.12
83572.48
86383.15
118700.55
113955.51
138363.86
151398.38
136711.94
182630.52
181382.77
176721.31
84145.69
167948.50
248148.52
126505.28
153072.14
199949.62
257105.14
383083.47
380952.38
245288.80
36007.23
53341.29
68969.87
74873.03
66993.26
60799.72
47764.82
68117.37
58672.01
73582.97
78515.39
90930.01
24014.00
94535.40
158572.98
82556.85
123830.80
195967.38
121402.29
182455.48
138586.91
74936.00
109044.59
69211.22
76461.27
105019.08
193169.78
133205.19
53945.40
43881.56
64599.20
99133.45
86126.96
62102.26
53518.28
74150.43
60055.44
68912.08
77936.20
123877.19
131882.31
135651.66
193966.48
93229.51
147458.53
120487.25
128964.24
175625.56
225328.34
257361.59
266529.84
131389.95
145048.97
150290.27
189436.02
209591.81
162451.33
143932.27
70011.33
89439.03
88528.04
100276.78
138326.98
138208.44
141846.64
193216.44
213894.33
209395.34
185665.27
309029.50
245175.91
200862.70
188906.66
218511.98
339761.00
288509.41
35555.73
1143.00
49241.09
56902.09
60782.12
107569.61
104334.96
133064.25
118618.21
98996.97
67798.09
101543.92
68997.93
90224.60
90229.30
88282.65
72390.41
105448.25
64753.23
64848.36
71840.02
88648.64
114474.50
143879.00
120655.31
143827.81
104224.31
82317.53
108190.72
125799.94
168370.41
244556.19
171737.81
215054.52
157396.95
132994.66
208590.64
244386.53
201979.19
144010.70
244022.05
98288.78
125411.31
165086.45
189438.06
195586.95
239004.55
293779.09
552783.19
424549.38
64658.45
22377.04
2474.00
6538.05
41295.00
173237.92
141356.56
120548.72
190507.72
238945.39
119746.94
95746.45
94017.42
118602.37
109651.22
96658.02
119004.09
107924.14
128428.33
154046.36
117102.14
120685.65
164131.91
200620.80
129973.78
104990.22
99921.96
120910.57
198738.94
154333.22
122302.72
146759.25
94694.95
116098.71
123377.65
96307.39
124027.76
140979.48
119207.42
200781.28
194260.22
136009.31
129182.32
147484.45
178929.81
80684.67
81023.22
55028.21
56570.25
57067.64
83185.56
78086.74
88065.21
99635.31
87470.46
94319.06
121034.53
83142.08
136328.62
204098.88
217926.36
149857.09
260835.56
170956.88
84828.79
96269.72
121302.15
131096.58
132576.88
188569.16
152743.98
91776.34
156110.02
84166.26
78726.76
88990.47
132380.11
122893.96
76575.66
70578.28
96690.09
105172.08
99539.81
63966.96
128879.55
177320.16
167122.61
51743.80
88786.70
96533.49
94507.51
133520.69
127671.24
173966.00
47336.09
60215.07
936.00
67159.50
113191.46
124944.26
45931.03
46025.56
55407.53
17311.14
19376.86
31160.10
23865.01
33502.80
27138.49
22414.03
36839.91
62997.93
53556.30
62347.80
57488.06
55131.51
71197.19
44843.12
33185.46
24010.50
16071.01
18417.43
19269.78
19242.40
25264.07
29468.14
38940.72
45044.07
84666.66
45878.73
38906.97
44212.41
38814.74
45439.18
42547.60
92768.99
59354.56
90199.48
142534.91
78255.56
56633.30
85814.70
77746.70
92424.64
77921.72
73007.66
78976.54
115942.64
77431.73
74963.52
37581.50
36623.31
40199.13
62095.58
39905.92
88394.82
71949.78
94939.75
50228.69
44471.72
90011.33
94598.56
83023.43
93652.54
137171.62
109000.52
64835.88
62908.00
98147.22
116959.80
144270.70
259368.02
163560.14
143335.64
131184.83
166329.08
276369.62
209579.38
417579.56
224667.19
72431.28
57777.45
65705.78
70667.44
42664.79
22699.74
35388.97
27449.18
35885.01
31310.16
42693.20
42516.81
35972.91
45888.85
75994.48
44687.67
53017.71
91218.46
97645.39
