248061.23
242495.81
187805.28
286416.69
172071.84
198919.80
196289.86
204251.20
238155.30
318006.06
351187.25
318998.56
450984.44
613653.94
350167.19
294852.53
232140.12
247394.64
257109.36
319649.59
432398.69
623597.62
202894.36
241948.69
353077.12
347551.41
344748.62
410498.41
502933.59
464792.59
405258.97
442698.97
400421.19
600502.06
998116.94
661049.25
433347.44
567141.81
657445.88
753486.25
564548.19
1049413.88
1054686.38
1122751.00
1068952.12
1215290.50
1443072.12
1088059.25
1166603.62
1104582.12
648042.81
843044.06
1378539.00
1130847.00
1362315.50
1433425.88
3006013.00
3400539.00
2702113.25
4297954.00
4363324.00
3211354.50
4552089.50
643120.19
111633.63
181522.50
125744.52
107354.75
149013.83
134436.34
149579.14
135345.72
117073.35
116390.54
170313.28
166440.20
111551.99
107120.82
140690.08
95503.51
164865.00
136810.06
122081.05
218115.58
175768.88
109230.34
138457.06
197816.41
251748.23
166619.30
146473.34
145863.45
346338.25
138731.44
139349.69
156409.34
165149.52
118031.18
178654.69
175484.41
126863.88
116656.65
196960.16
190964.16
99691.89
62.00
111372.76
95255.71
128615.16
138077.34
115274.92
162719.72
93696.00
222600.08
287311.28
124518.04
133606.81
140174.00
158125.31
188391.64
174374.08
210646.80
141609.28
105590.18
128585.41
111328.10
126321.48
218653.06
161704.66
256369.44
220561.42
411021.59
195073.23
238464.28
367724.84
193475.22
234216.00
252297.95
401218.09
176242.00
167050.89
171265.36
203640.91
186605.30
320704.56
363083.25
301489.00
389025.19
415422.47
238709.19
231932.02
306866.41
216570.23
194311.00
226973.92
216591.50
257129.36
403225.41
445483.28
276660.44
428025.19
248561.64
165839.52
152526.50
175061.41
219489.92
165390.00
252453.14
176951.06
310680.19
252444.48
232046.23
282515.47
276627.44
345209.88
547632.56
166102.80
183856.88
165386.45
150665.94
170664.23
234391.97
145239.42
199989.00
217797.19
241756.59
280860.50
177028.05
199390.47
148154.33
173462.59
143450.80
200888.97
175670.94
361916.34
242456.48
259878.98
224429.64
278151.66
208561.23
273186.59
308071.78
293302.53
319126.91
734515.50
245454.69
340235.22
406133.00
306247.94
370021.34
406882.12
415685.28
487105.97
769684.88
1090305.62
1393767.38
875025.44
648157.62
398005.44
321849.50
284299.62
260253.88
216697.06
287206.09
413977.06
625394.81
609539.25
826722.00
400770.44
310321.12
555302.25
455387.72
415651.38
647329.56
1005986.38
1124358.25
689190.25
638347.94
666013.62
776428.12
617237.94
1079177.50
1122774.50
703681.00
675090.00
686025.25
931008.81
679949.12
1007790.25
837949.25
1283371.00
311279.56
334310.88
408113.72
415580.81
416809.38
420212.31
435487.47
326556.12
446743.78
369269.62
421038.12
619056.00
802787.12
581287.81
508813.94
347995.06
148245.52
204289.09
272500.84
333330.34
456696.69
527528.75
363730.06
522444.59
484644.66
384473.69
521386.03
314808.66
375357.88
631810.75
227725.02
345366.88
388934.50
316898.50
549707.75
286857.28
209768.50
351202.22
258630.58
281333.25
382616.03
704778.50
737411.06
674238.69
188186.12
250550.55
277998.94
388980.09
269920.47
269709.06
293074.38
318829.22
243913.27
290679.34
268268.91
366326.59
287904.16
424538.88
318985.59
350724.81
264603.06
309074.66
269982.44
392916.47
377472.25
299419.19
216612.30
155252.44
214009.19
239419.45
103828.48
138611.30
180824.44
242135.31
330406.41
356697.34
252857.05
266902.88
176261.88
261020.81
269244.78
299579.75
270341.69
146664.59
173058.98
109949.04
183215.84
184198.36
129111.28
89664.76
94735.05
145554.41
119449.26
156956.41
133071.00
188098.55
193958.61
263250.09
271780.69
140399.61
151335.52
168120.19
169269.17
181607.77
133343.47
175774.83
248563.48
278242.59
270408.78
384746.16
299399.09
48128.00
230585.59
262529.22
170728.11
186646.48
203755.05
147159.20
223727.39
138043.95
191697.88
341691.94
264529.69
352185.56
345762.28
345037.69
384232.62
236421.94
151149.23
118499.35
230569.44
227884.09
303193.06
198759.59
224183.11
168755.89
133215.55
201042.69
236207.70
240086.30
219647.88
273667.94
514172.38
493630.72
247334.48
234455.94
211451.39
407775.91
406246.41
843826.06
670208.50
4884.60
2015.37
6369.50
195430.56
181302.45
221363.81
263606.66
249568.59
298940.22
223829.06
106049.18
250629.00
219990.11
392660.00
320900.28
354908.53
171050.30
210468.56
350331.28
285841.62
335050.31
226881.84
234090.75
348182.31
603903.31
510356.06
563901.69
649100.00
389641.16
508755.84
646170.25
473710.44
98148.53
269286.50
429906.16
433733.53
521067.50
324936.62
238456.72
287902.72
288703.69
347482.50
181927.19
172379.86
187608.20
187774.98
139327.16
191954.50
222798.81
222558.94
199868.53
304233.19
173204.31
167721.39
221871.47
251674.34
397182.50
510785.88
317802.69
236120.98
237871.95
247131.70
373813.50
302523.78
152844.55
203656.14
254721.27
277813.75
357938.09
210913.41
295365.94
362428.41
243121.52
220432.77
339731.28
266093.78
424283.31
429345.38
396395.34
221763.58
181930.92
367599.16
234259.95
360598.47
376890.00
340569.81
306476.22
359725.19
482742.59
250944.81
383774.53
440398.22
702078.00
391128.62
211062.19
151833.73
130651.44
192871.14
264860.00
250450.05
204292.12
108508.91
83682.37
99146.23
91606.15
198749.97
111558.00
158058.78
170233.94
145736.81
208604.12
176911.56
112947.33
64455.28
2259.00
72561.10
110300.85
103210.03
75816.65
72359.26
58781.51
42540.03
89878.91
94627.60
132656.94
73537.13
115382.44
71131.72
128959.62
260137.14
223042.88
96183.97
72684.77
111231.26
123422.28
102303.29
103788.38
99095.34
146752.81
126490.59
105623.64
96664.42
102839.07
108696.24
182080.47
255381.59
137933.78
153455.50
112229.46
141179.67
96760.74
74245.02
80582.21
93936.72
210012.66
156878.25
94369.40
167207.41
171650.95
157432.62
125537.04
112192.85
133372.28
367910.56
159742.34
269705.41
252218.81
276227.19
232892.95
143547.77
209754.12
180700.19
213443.36
158366.95
161076.69
213254.27
90448.08
99239.93
216459.34
79623.47
169891.00
341879.44
237011.38
140121.98
193702.66
126944.63
128738.43
199833.12
329918.03
72757.04
67740.10
52385.20
71100.58
100350.91
98194.18
105070.87
50168.24
130500.75
76714.37
116980.17
175482.59
88529.61
76655.56
58944.26
46820.76
29147.60
63528.84
25011.58
61941.94
72936.16
188427.70
132872.89
128171.62
176066.77
133530.70
115668.71
233913.69
268227.16
457743.44
262093.73
262091.14
165984.80
112358.68
115898.33
90369.05
111996.28
44574.29
59861.02
115622.23
182172.81
67164.05
57966.27
82879.87
94738.66
225141.48
86788.32
58913.58
22078.77
49192.42
86098.41
