11.050
11.010
11.230
11.070
10.970
11.050
11.040
11.310
11.200
11.050
11.750
11.860
11.920
11.720
12.010
12.130
12.050
12.060
11.880
11.950
12.160
11.730
11.620
11.360
10.680
10.590
11.650
12.050
11.900
11.120
11.430
11.650
11.460
11.210
11.250
10.350
10.420
10.230
10.010
10.180
10.420
10.550
11.580
11.610
11.500
11.610
11.200
11.300
11.020
11.150
11.000
10.910
11.880
12.190
12.830
12.300
12.820
12.310
12.780
13.460
13.000
11.300
12.110
11.010
9.670
9.760
9.910
10.010
10.220
10.030
9.950
9.910
9.770
9.620
9.400
9.530
9.180
9.080
8.930
9.030
9.060
9.140
9.150
9.060
8.990
9.080
9.160
9.150
9.080
9.130
9.240
9.230
9.210
9.020
8.750
8.790
8.800
8.900
8.880
9.030
9.060
9.020
8.960
8.840
8.510
8.520
8.500
8.420
8.440
8.530
8.420
8.440
8.310
8.060
7.850
8.700
8.950
9.050
9.070
9.060
9.100
9.230
9.160
9.160
9.120
9.120
9.240
9.070
8.870
9.070
9.030
9.100
9.010
9.110
9.080
9.050
9.020
8.910
9.100
10.000
10.100
10.100
10.120
10.070
10.140
10.280
10.300
10.310
10.240
10.100
10.220
10.380
10.280
10.300
10.280
10.270
10.400
10.320
10.180
10.130
10.130
10.010
10.220
10.280
10.460
10.120
10.260
10.660
10.850
10.900
11.030
10.930
10.890
10.930
10.990
10.870
10.870
11.150
11.170
11.100
11.100
10.960
10.800
11.010
11.020
10.910
11.410
11.580
11.550
11.380
11.460
11.360
11.300
11.300
11.510
12.200
12.480
12.210
11.810
12.000
11.760
11.900
12.070
12.050
11.750
11.560
11.360
11.480
11.360
11.360
11.640
11.620
11.360
11.540
11.150
11.170
11.220
11.600
11.360
11.370
11.160
11.200
11.170
11.050
10.760
11.160
11.110
11.890
12.920
12.620
12.550
12.520
12.750
12.630
12.500
12.460
11.450
11.250
10.850
11.500
11.480
11.360
11.470
11.420
11.180
11.310
11.380
11.500
11.530
11.160
11.000
11.150
11.020
11.010
11.600
11.510
11.450
10.710
10.660
10.700
11.550
11.310
11.530
11.380
10.850
10.610
10.090
9.960
10.200
9.800
9.970
10.100
10.200
9.710
9.920
9.670
10.220
10.350
10.080
10.060
11.070
11.970
11.840
12.520
29.120
28.030
27.190
27.200
25.330
26.350
26.830
26.380
25.700
26.010
27.940
30.050
28.510
29.310
29.010
28.800
28.000
28.300
27.540
29.500
30.260
30.160
29.580
29.500
27.600
26.540
27.840
27.400
27.100
27.320
27.800
27.050
27.120
24.300
23.880
23.710
22.230
20.810
21.380
21.130
20.010
21.010
19.800
20.950
19.470
16.290
16.970
18.640
19.850
21.210
21.410
21.630
21.580
22.100
20.710
18.380
15.820
15.870
15.680
15.190
14.700
14.360
14.520
14.510
14.490
16.020
17.620
17.080
17.140
18.200
18.200
17.150
17.610
16.860
17.900
17.560
18.770
18.900
20.920
22.330
21.740
24.160
25.850
25.140
25.260
26.410
26.730
25.900
23.130
22.900
22.920
21.950
22.010
22.310
22.020
22.510
22.800
22.360
22.610
21.780
23.700
23.590
22.330
20.300
18.450
16.770
18.630
20.700
22.480
21.430
23.540
25.260
25.420
24.420
25.300
25.550
24.590
23.930
23.150
23.700
23.140
22.000
21.700
22.820
21.540
22.300
24.780
27.250
27.980
27.000
26.010
25.900
23.940
21.800
23.800
24.200
20.170
21.240
23.450
26.060
24.710
27.460
30.510
33.460
33.500
31.180
34.200
37.900
39.780
40.090
43.380
44.500
41.400
38.900
38.700
37.600
38.800
36.800
38.420
38.010
37.690
33.310
31.250
30.150
29.850
30.020
28.900
28.040
27.800
26.620
26.120
25.750
26.600
28.010
27.280
27.570
26.810
27.210
28.250
27.420
27.620
27.640
26.660
26.660
26.910
26.600
27.000
29.200
28.600
27.500
25.600
26.150
26.580
25.580
25.400
25.020
24.900
25.580
25.300
25.400
25.500
24.000
24.850
24.700
24.640
24.620
23.960
23.260
22.950
23.020
23.100
23.600
22.630
22.990
22.700
22.590
22.170
21.770
21.650
21.400
21.510
21.520
21.420
21.300
21.110
20.680
20.560
20.450
20.360
20.600
21.040
20.790
20.790
20.450
20.660
21.240
21.530
21.320
20.960
21.100
21.340
21.050
20.250
19.860
20.700
20.460
20.420
20.560
20.380
21.110
21.510
21.670
21.170
20.500
21.000
21.000
20.460
20.730
20.430
20.210
20.310
20.600
20.630
21.520
21.400
22.220
21.710
21.580
21.240
19.320
19.300
19.800
19.300
20.080
19.450
18.950
18.820
18.910
19.110
18.930
19.020
18.630
18.310
18.350
18.420
18.400
18.240
18.120
18.140
18.050
18.100
18.420
18.500
18.610
18.510
18.540
18.480
18.350
18.480
18.430
18.300
18.010
17.990
17.890
18.500
18.720
18.810
18.670
18.880
18.900
19.180
19.070
19.190
19.380
19.410
19.390
19.220
19.120
19.020
18.960
18.750
18.780
19.080
18.860
18.550
18.780
19.020
18.640
18.700
18.670
18.590
18.530
18.240
18.220
18.150
17.990
17.820
17.570
17.650
17.760
17.860
17.830
17.660
17.950
18.250
18.180
17.930
18.020
18.230
17.960
17.920
17.830
17.940
17.930
17.850
17.460
17.410
17.540
17.310
17.360
17.210
16.930
16.850
16.920
16.880
16.870
16.980
17.350
17.580
17.910
17.720
17.430
17.510
17.810
17.950
