50.990
49.470
48.330
46.900
46.920
47.500
46.680
46.700
47.300
43.800
45.660
44.650
45.890
43.450
44.380
42.860
43.650
42.500
39.480
39.800
39.870
38.780
39.360
40.450
39.930
42.100
43.440
44.190
43.400
43.280
43.440
42.450
45.670
45.350
45.900
44.990
41.620
42.200
41.730
42.950
42.270
43.400
43.330
43.780
45.450
44.760
43.030
43.170
41.250
38.330
39.400
41.500
41.550
41.760
43.180
44.100
45.180
44.880
43.660
44.170
44.000
44.790
44.950
45.000
43.000
39.970
40.590
38.810
36.200
36.500
37.240
36.560
37.080
37.360
37.730
37.660
37.960
37.780
38.200
37.590
34.800
34.500
34.940
33.920
31.960
29.480
28.780
29.220
29.500
29.100
29.280
28.380
26.940
26.450
26.590
26.880
27.060
27.150
27.190
27.080
27.690
26.190
26.140
26.160
26.360
27.490
26.120
26.060
26.100
26.260
26.060
26.000
26.470
25.920
27.080
27.750
27.870
27.600
27.740
28.420
28.150
28.450
28.830
26.950
27.140
27.450
27.980
27.790
27.800
28.260
28.390
28.450
28.580
28.670
28.900
28.900
29.280
29.580
30.190
31.090
30.880
30.640
30.690
29.500
29.590
29.800
29.960
30.000
30.380
30.270
30.180
30.950
30.260
29.900
30.180
30.540
30.930
30.580
30.860
31.160
30.580
30.790
31.170
31.190
31.500
31.950
32.150
32.000
32.490
31.800
31.870
31.380
31.600
32.300
31.690
31.900
30.340
29.350
29.460
29.580
29.890
29.480
29.230
28.580
28.850
28.480
29.350
29.990
30.380
30.540
30.700
30.300
29.990
30.880
31.650
33.190
33.260
32.900
33.500
32.050
32.700
32.880
33.090
32.970
32.990
33.470
33.400
33.520
34.130
34.290
33.770
34.270
34.060
34.380
33.500
32.640
33.190
34.190
33.300
32.750
33.320
34.130
33.420
33.280
33.470
34.580
34.790
35.950
35.880
35.990
38.450
38.980
38.430
39.600
39.780
39.600
37.320
36.690
36.280
39.800
37.650
35.170
35.490
34.650
34.130
34.180
34.900
32.240
32.580
33.990
68.540
68.990
73.530
71.750
70.540
72.370
70.680
66.490
69.690
72.200
67.190
67.000
67.380
66.650
68.480
64.280
62.190
65.790
65.500
69.330
70.350
70.980
73.280
71.580
69.910
75.300
71.550
71.170
68.370
65.270
65.400
68.600
72.790
70.000
69.080
67.300
63.550
61.870
62.100
60.870
59.890
59.900
60.530
62.880
60.700
60.000
55.990
56.580
56.680
58.800
60.480
59.200
60.610
57.990
55.630
52.480
53.350
51.270
48.150
49.800
47.450
48.820
45.810
46.940
47.260
45.320
42.170
42.590
40.850
38.150
39.200
39.540
40.000
37.640
39.500
40.470
39.810
37.480
39.480
41.470
46.300
45.100
46.840
47.500
45.450
47.230
45.990
46.200
45.780
45.800
42.970
39.590
38.500
38.180
36.780
36.890
39.500
42.550
45.250
45.150
49.190
50.720
48.480
47.500
48.640
47.300
45.500
45.800
46.380
47.730
50.600
52.520
53.500
63.000
66.970
64.480
64.990
61.880
62.980
60.500
62.000
60.500
62.770
66.100
63.150
62.750
64.000
60.260
64.390
65.400
62.700
58.180
54.450
50.340
49.830
46.850
47.390
47.410
46.630
47.710
48.470
48.640
51.800
54.450
49.500
47.500
49.490
46.680
50.000
48.500
48.980
45.680
42.180
38.990
39.850
36.520
34.420
35.420
34.500
33.780
31.990
30.870
31.940
30.750
29.100
31.500
31.050
32.300
32.000
29.770
29.900
30.000
29.380
27.360
27.500
27.480
27.230
27.880
26.400
26.200
26.500
26.570
25.200
25.310
23.900
21.730
19.750
19.500
22.480
22.490
22.880
22.220
20.200
19.750
19.780
19.980
21.690
21.110
19.360
18.950
18.280
20.880
23.290
25.340
25.880
27.700
28.870
28.680
28.700
28.470
28.850
26.980
25.840
23.550
22.300
20.710
20.390
21.840
22.500
21.540
21.610
23.690
24.380
23.250
21.140
19.220
17.470
19.400
19.880
21.650
24.540
24.380
26.680
28.000
30.800
31.500
30.300
31.980
33.690
34.000
32.940
36.160
36.940
35.990
35.420
35.830
36.370
38.680
35.640
34.060
34.290
32.200
29.810
30.840
29.090
29.330
28.190
28.260
28.910
26.960
24.750
24.290
23.500
24.080
25.140
25.670
26.100
25.830
25.560
25.630
26.180
26.180
26.620
25.770
24.580
24.380
24.650
24.550
25.080
25.800
26.150
25.990
25.590
26.680
27.230
27.260
26.490
26.260
24.720
24.490
24.740
25.780
25.420
25.450
23.580
23.280
24.090
23.610
23.500
22.660
22.180
22.030
22.190
22.600
22.280
23.300
23.880
22.180
23.160
23.450
21.920
22.000
21.480
21.180
20.780
19.250
17.830
17.530
17.510
17.060
17.130
17.760
18.210
18.340
18.020
17.950
18.470
18.500
19.290
18.170
17.600
17.860
17.600
17.140
16.770
17.140
17.040
17.290
17.500
17.480
17.380
16.290
16.130
16.500
16.300
16.000
15.960
16.880
17.580
17.800
17.630
17.570
17.640
18.000
18.310
18.880
18.590
18.880
18.960
19.150
18.870
18.500
19.180
20.140
20.970
21.490
21.660
20.270
20.580
20.960
21.000
19.580
19.560
18.890
18.570
18.690
18.900
19.150
19.210
19.360
18.080
18.190
18.340
18.540
19.210
19.370
19.060
18.940
18.910
19.110
19.150
18.780
18.400
18.400
18.980
19.950
20.630
20.680
20.420
20.680
20.170
20.180
20.220
20.790
20.840
20.160
19.860
19.720
19.850
19.750
19.500
18.970
19.200
19.360
18.960
19.950
21.150
21.160
21.080
21.010
21.140
21.250
21.400
21.650
21.590
21.450
21.280
20.980
21.150
21.400
22.470
23.000
21.890
22.500
22.720
22.860
22.660
22.270
22.250
22.400
22.680
22.950
23.030
23.370
23.150
23.540
22.480
23.120
23.300
22.870
21.180
20.390
20.030
19.700
19.950
20.280
19.260
19.240
18.700
19.580
20.380
20.820
19.650
19.680
19.880
19.390
