-0.010
0.030
-0.030
0.030
0.020
0.000
-0.060
-0.020
0.050
0.000
-0.030
0.060
0.030
0.050
-0.060
0.060
-0.050
0.060
0.030
0.020
-0.030
0.090
0.040
0.000
0.060
-0.070
-0.010
-0.040
0.060
0.020
-0.080
-0.090
0.060
-0.030
0.000
0.080
0.000
0.060
-0.090
-0.140
0.010
-0.030
-0.090
0.020
-0.020
-0.050
0.040
0.050
-0.100
-0.060
-0.020
-0.020
-0.070
-0.120
-0.030
0.010
-0.110
-0.060
-0.030
0.090
-0.100
-0.010
0.000
0.250
0.090
0.000
0.080
-0.020
0.060
0.030
-0.010
-0.090
0.000
0.010
-0.020
0.040
-0.020
-0.020
0.040
-0.050
-0.050
-0.040
0.060
0.080
-0.030
-0.030
-0.030
0.040
-0.020
-0.010
-0.020
0.030
0.000
0.090
-0.060
0.030
-0.010
-0.010
0.010
-0.010
0.000
0.020
0.050
0.030
-0.010
0.000
0.030
0.010
0.000
0.070
0.090
-0.030
-0.040
0.000
-0.270
0.100
-0.010
-0.070
0.020
0.010
-0.030
0.010
0.040
0.060
0.010
0.010
-0.060
-0.010
0.000
-0.030
-0.040
0.090
0.040
-0.030
-0.010
0.120
-0.050
-0.040
-0.290
-0.010
-0.020
0.030
0.010
-0.020
-0.120
0.020
-0.020
-0.070
0.050
0.010
-0.040
-0.010
0.020
0.020
-0.040
-0.010
-0.010
-0.010
0.060
0.040
0.020
-0.060
0.060
0.020
-0.010
0.030
-0.080
-0.060
0.030
-0.040
-0.010
0.020
-0.040
0.080
0.010
0.080
-0.070
-0.050
-0.060
-0.030
0.010
0.090
0.020
-0.010
-0.010
0.050
-0.130
-0.050
0.100
0.040
-0.040
0.070
-0.050
0.000
-0.190
-0.050
0.000
-0.060
0.210
0.060
-0.030
-0.020
-0.060
0.020
0.010
-0.030
-0.070
0.010
-0.020
0.120
-0.020
0.020
-0.060
0.010
0.080
0.070
-0.140
-0.050
0.010
0.020
-0.060
0.010
0.000
0.090
0.040
-0.060
0.000
-0.380
0.110
0.040
-0.100
-0.090
-0.050
0.020
0.020
-0.090
0.270
-0.020
-0.090
-0.030
-0.020
0.070
0.230
0.120
0.110
-0.020
0.060
-0.060
0.020
0.110
-0.190
-0.110
0.000
-0.150
0.200
-0.090
0.000
0.210
0.010
-0.340
-0.160
0.180
-0.090
-0.210
-0.170
0.030
0.220
-0.160
0.160
0.080
0.000
-0.310
0.550
-0.010
0.020
-0.130
0.080
0.500
0.070
0.000
-0.010
0.030
-0.040
-0.110
0.460
0.030
0.140
-0.020
-0.050
-0.050
0.110
-0.050
0.030
-0.060
-0.260
0.000
-0.120
0.050
0.040
0.050
-0.070
0.090
0.050
-0.160
0.050
0.140
-0.030
-0.020
0.170
-0.130
-0.150
0.090
-0.310
0.440
-0.090
0.150
0.420
0.090
-0.010
-0.090
0.160
-0.020
-0.050
-0.090
0.010
0.080
-0.150
0.020
0.190
0.120
-0.180
0.050
-0.430
0.030
-0.070
0.080
-0.010
0.070
0.060
0.220
-0.060
-0.060
0.100
0.050
0.130
-0.110
0.120
-0.260
-0.010
-0.450
0.010
0.080
-0.220
-0.040
0.210
0.060
-0.280
0.190
-0.270
0.050
-0.520
0.080
-0.570
0.230
-0.210
-0.640
-0.170
0.090
0.160
-0.040
0.090
-0.070
-0.180
-0.010
0.020
-0.280
0.170
0.000
0.030
0.150
-0.130
-0.090
-0.180
0.070
0.130
-0.090
0.390
0.000
-0.190
0.070
-0.380
-0.100
0.440
0.010
0.390
0.070
0.070
-0.060
-0.120
0.100
-0.030
-0.150
-0.010
-0.060
-0.120
0.590
0.100
0.530
-0.020
-0.090
-0.140
0.040
0.100
-0.040
0.030
0.180
0.200
-0.400
0.120
-0.070
0.070
0.230
-0.110
0.050
0.260
0.060
0.200
0.030
0.030
-0.160
0.020
0.020
0.080
-0.150
0.050
0.180
0.040
-0.050
0.410
-0.410
-0.500
0.030
-0.150
0.250
0.320
0.170
-0.290
-0.380
-0.350
0.380
0.190
-0.540
-0.600
-0.670
-0.530
-0.520
0.190
-0.840
0.110
0.750
0.410
0.000
0.000
0.450
0.190
-0.200
-0.200
0.290
0.280
0.030
-0.290
0.380
-0.350
-0.720
-0.370
0.340
0.110
-0.030
0.000
0.430
0.270
-0.720
-0.200
0.670
0.610
0.560
0.460
-0.570
-0.550
-0.690
-0.770
-0.670
0.370
-0.890
-0.990
-0.460
0.400
-0.460
-1.150
-0.630
0.180
-1.000
0.230
0.160
0.040
0.720
0.300
-0.560
0.170
-0.280
0.430
1.070
0.500
0.280
-0.410
0.710
0.090
0.310
-0.060
0.120
0.180
0.820
0.740
0.170
-0.140
0.190
-0.100
0.500
0.240
-0.430
-0.270
-0.400
-0.070
0.320
0.260
-0.600
-0.050
0.230
0.690
0.630
0.260
-0.190
0.020
0.060
-0.270
-0.030
0.210
0.050
-0.240
-0.190
0.110
0.190
0.060
0.000
0.010
-0.010
0.000
-0.250
0.480
-0.100
-0.010
-0.060
0.140
0.040
0.040
0.250
0.210
-0.070
0.090
0.090
0.030
-0.160
0.060
0.030
0.370
0.090
0.000
0.020
0.060
0.020
-0.010
0.050
0.010
0.200
0.020
0.020
0.010
-0.040
-0.130
-0.140
0.030
0.010
-0.120
0.020
-0.060
0.230
0.080
-0.090
0.070
0.110
0.110
-0.170
-0.070
0.040
-0.030
0.030
-0.150
-0.100
-0.060
-0.060
0.230
0.030
0.030
-0.130
-0.070
-0.020
0.060
0.170
-0.330
-0.350
0.170
-0.190
-0.260
-0.070
0.150
0.140
0.010
0.210
-0.440
0.010
-0.300
-0.100
-0.030
0.130
0.210
0.140
0.180
0.030
0.470
0.120
-0.040
-0.130
0.020
0.040
0.090
0.070
-0.100
0.000
-0.100
-0.180
-0.050
0.160
0.130
0.010
0.010
-0.060
-0.120
0.070
0.270
0.080
0.100
-0.320
0.010
-0.190
-0.040
0.220
-0.230
0.470
0.150
0.090
0.090
0.190
0.010
0.080
0.050
0.020
-0.060
0.060
0.010
-0.060
-0.030
0.190
0.030
-0.150
0.070
0.030
-0.100
0.040
0.360
-0.030
0.080
0.090
0.060
0.090
0.020
-0.050
0.030
-0.100
-0.010
0.000
-0.030
-0.020
0.020
0.020
0.050
-0.010
-0.020
0.030
0.060
-0.010
-0.060
0.050
0.010
0.060
-0.070
0.000
0.030
0.010
0.040
0.060
-0.010
-0.020
0.010
0.000
-0.010
-0.110
-0.030
0.120
0.060
0.020
0.020
-0.020
-0.020
