0.030
0.370
-0.050
0.040
0.140
-0.040
-0.100
0.050
-0.060
-0.500
0.420
-0.050
-0.100
0.210
0.100
0.170
-0.060
0.020
-0.070
-0.110
-0.160
0.580
-0.280
0.370
0.080
-0.110
-0.120
-0.020
0.010
-0.030
0.060
-0.110
0.070
0.020
0.050
0.260
0.280
-0.080
-0.130
-0.110
0.170
-0.200
-0.060
-0.290
-0.100
0.300
-0.020
-0.010
0.170
-0.030
0.000
-0.030
-0.070
-0.310
-0.170
-0.460
-0.240
0.010
-0.040
-0.100
-0.160
0.020
0.040
0.060
0.020
-0.420
-0.240
-0.440
0.420
-0.060
0.130
-0.160
0.000
0.140
-0.100
0.050
-0.050
-0.080
-0.010
0.120
-0.240
-0.120
-0.220
0.280
0.110
0.030
0.230
0.000
-0.260
-0.400
0.510
-0.040
0.040
0.010
0.050
0.090
-0.060
0.060
0.200
-0.350
-0.120
0.510
0.010
0.020
0.080
-0.020
0.360
-0.040
0.190
0.510
0.220
-0.040
0.320
-1.090
-0.720
-0.310
0.010
-0.110
-0.310
-0.150
-0.040
0.240
0.300
0.250
-0.370
-0.340
0.090
0.120
-0.160
0.090
0.000
0.010
-0.130
0.400
0.040
0.010
0.300
-1.080
-0.200
-0.140
0.160
0.030
-0.150
-0.760
-0.600
0.090
-0.670
0.040
0.750
-0.410
-0.820
0.630
1.350
-0.090
-0.160
-0.200
0.000
0.040
-0.350
0.320
0.600
0.300
-0.100
-0.130
0.420
-0.100
-0.070
-0.120
-0.180
0.200
0.020
0.200
0.020
-0.140
0.230
-0.190
-0.240
0.040
0.210
-0.020
0.230
0.300
-0.120
0.340
0.270
-0.180
-0.260
-0.010
0.200
-0.130
0.460
-0.160
0.110
-0.550
-0.400
-0.100
0.000
0.300
-0.260
0.050
-0.200
-0.330
-0.220
-0.020
0.880
-0.070
-0.300
0.890
-0.540
-0.060
0.030
0.210
-0.050
0.160
0.040
-0.300
0.290
0.610
0.440
0.070
0.050
0.090
0.180
-0.560
-0.300
0.030
-0.670
0.300
-0.240
-0.590
0.070
-0.030
0.060
0.030
-0.050
-0.210
0.330
0.300
-0.050
-0.100
0.430
0.290
0.020
0.330
-0.240
0.020
-0.180
0.460
0.320
-0.300
-0.020
0.490
0.020
0.210
0.220
-0.170
0.660
-0.200
-1.130
0.140
-0.080
-0.150
0.430
0.050
0.040
0.680
-0.110
0.000
-0.050
-0.040
-0.390
0.160
0.060
0.180
-0.670
0.070
-0.120
-0.790
1.630
-0.200
0.060
-1.060
-0.990
-0.050
0.150
1.010
-0.040
-0.190
-0.370
0.440
-0.200
0.370
0.120
-1.440
0.060
-0.430
-0.570
1.780
0.560
-0.310
0.610
-0.050
-0.420
0.150
0.760
-0.370
0.200
0.700
-0.600
-0.370
-0.100
-0.190
0.180
-0.190
0.370
1.180
0.470
-0.010
-0.280
0.520
0.000
-0.230
-0.530
0.180
0.270
-0.670
0.390
0.620
0.170
-1.310
0.010
-1.390
-0.210
-0.430
0.490
0.010
0.050
0.060
0.730
0.010
-0.360
0.290
0.170
0.620
-0.120
0.660
-0.460
-0.410
-1.820
0.020
0.280
-1.150
-0.070
1.740
1.580
-1.250
0.180
-1.600
0.350
-1.050
-0.470
-2.190
0.430
-2.380
-2.650
2.410
-0.720
0.660
0.120
-0.510
1.510
1.260
0.850
-2.320
1.900
1.940
1.760
1.600
0.940
-1.670
-1.860
-2.030
-2.290
-2.340
1.030
-2.690
-2.990
-1.950
1.150
1.020
-3.250
-2.070
-0.760
-2.860
-0.570
3.560
0.200
0.630
0.510
-2.270
-0.640
-0.800
1.050
1.750
2.000
0.320
-0.750
2.930
1.410
0.270
-0.450
0.430
0.140
-0.090
2.590
0.880
0.250
0.220
0.310
2.250
1.200
-0.260
-1.100
-0.840
-0.350
-0.300
1.240
-0.880
0.130
-0.480
-0.580
0.380
1.000
-1.970
0.050
0.910
0.210
1.270
2.080
0.830
-0.670
-0.870
0.080
0.460
0.460
0.610
-0.190
0.160
-0.130
-0.590
0.890
0.340
0.460
0.500
0.000
0.240
-0.150
0.560
0.040
-0.040
-0.280
0.130
0.230
-0.140
-0.200
0.500
-0.150
0.340
0.080
0.010
-0.160
0.450
-0.220
0.480
0.270
0.220
0.080
-0.130
0.160
0.040
-0.210
-0.080
0.450
0.170
-0.380
-0.190
0.260
0.210
0.120
-0.210
0.120
0.150
0.500
0.240
0.270
-0.130
-0.310
0.140
0.050
-0.070
0.250
-0.210
0.520
0.110
-0.290
-0.150
-0.600
0.370
0.000
0.240
-0.310
-0.750
-0.230
0.000
-0.420
-0.240
0.450
0.100
-0.040
0.330
-1.120
-0.180
0.700
0.000
0.240
0.190
-0.630
-0.300
0.150
0.130
0.270
-0.130
0.010
-0.230
0.360
-0.280
0.180
0.350
-0.400
0.270
-0.480
-0.390
-0.280
0.050
-0.230
-0.050
0.020
-0.270
-0.150
0.010
0.200
-0.120
0.360
-0.280
-0.510
-0.730
0.310
-0.480
0.140
0.650
0.070
-0.310
-0.440
0.220
0.080
-0.210
-0.250
0.220
-0.130
0.680
0.390
0.220
0.480
0.010
0.250
-0.990
0.130
-0.080
0.070
-0.120
-0.310
0.090
0.190
0.010
-0.060
0.220
-0.410
-0.050
0.730
0.190
-0.020
0.190
0.190
0.030
-0.330
-0.150
0.400
0.650
-0.100
0.760
0.260
0.030
-0.230
0.030
-0.080
-0.010
0.120
0.040
-0.110
0.290
0.350
0.210
-0.430
-0.260
0.260
-0.030
0.060
0.040
-0.400
-0.440
-0.040
0.350
0.110
-0.430
0.160
