25.130
25.130
25.720
26.100
25.890
26.980
26.690
26.560
26.910
26.100
26.120
26.300
27.000
25.950
26.730
26.880
26.640
26.340
27.010
26.960
27.230
26.980
25.730
25.260
24.790
24.890
26.820
26.790
26.680
26.520
26.900
26.700
26.450
26.070
26.300
25.110
23.870
23.800
23.220
23.030
23.370
22.650
22.770
22.660
22.280
22.220
22.150
22.360
22.540
22.830
22.900
22.510
22.650
21.960
21.830
21.660
21.900
22.050
21.610
21.790
21.300
21.280
21.300
21.180
21.300
21.300
21.170
21.350
21.390
21.330
21.160
21.250
21.530
21.640
22.200
22.120
22.110
22.250
22.460
22.220
22.380
22.230
21.220
20.710
20.600
20.560
20.490
20.600
20.550
20.630
20.520
20.680
20.640
20.650
20.530
20.300
20.410
20.200
21.380
21.700
21.600
21.230
21.180
21.020
21.440
21.470
21.260
21.500
21.820
21.600
21.390
21.460
21.400
20.910
20.780
21.100
21.150
21.210
21.420
21.450
21.310
21.240
21.110
21.100
21.550
20.270
20.430
20.890
20.990
21.190
20.920
20.830
21.280
21.110
21.330
21.370
21.890
21.510
20.970
21.320
21.230
20.930
22.100
23.280
23.400
22.230
21.270
21.250
21.220
20.220
20.400
20.190
19.700
19.730
19.970
19.800
18.000
18.690
18.810
18.830
18.780
19.040
18.910
19.120
19.040
18.910
18.850
17.500
17.600
17.430
17.370
17.870
17.730
18.060
17.880
18.010
17.630
17.980
18.760
18.240
18.970
19.410
19.580
19.400
19.450
19.690
19.240
19.590
19.920
19.590
20.520
20.300
21.120
20.920
20.900
20.200
20.070
20.280
20.660
20.120
19.700
20.250
19.300
18.960
19.450
19.720
19.980
19.550
18.770
19.060
21.060
21.600
20.060
20.570
20.930
21.300
19.650
18.810
18.580
19.010
19.300
19.630
20.240
20.250
18.840
17.720
19.130
19.440
18.860
19.480
19.850
21.930
21.790
22.720
23.300
24.790
23.930
24.300
24.020
23.900
23.330
21.210
19.280
19.170
21.290
19.350
17.590
15.990
14.540
14.390
14.530
16.130
15.500
16.450
18.280
19.140
18.760
18.700
20.100
19.750
19.510
21.120
20.480
19.070
17.340
16.940
16.850
16.900
16.280
16.170
16.140
16.650
17.560
17.020
17.220
16.670
16.940
17.260
18.050
20.050
19.250
18.910
19.220
18.900
18.120
17.170
17.750
17.750
17.390
18.660
19.220
18.710
18.560
18.120
17.960
17.850
16.580
17.100
18.750
18.710
18.750
20.470
20.710
18.830
18.760
18.090
20.100
20.770
18.880
17.160
16.280
16.400
16.760
15.240
15.660
16.650
15.250
15.640
14.220
12.930
11.750
11.490
11.410
11.500
10.560
10.310
10.800
9.820
10.910
12.120
12.100
12.070
10.970
9.970
9.630
10.040
11.160
12.100
11.000
10.900
12.110
13.460
14.960
16.170
17.540
17.190
19.100
18.400
18.380
17.850
18.630
18.500
17.750
17.010
16.070
17.210
16.300
18.080
20.080
20.720
18.840
20.930
23.260
25.840
28.710
29.280
29.600
31.700
31.510
30.210
29.250
30.680
31.250
32.090
31.960
30.900
33.070
30.060
29.730
29.830
32.050
31.200
28.360
25.780
23.440
21.310
19.370
17.610
16.010
14.550
13.920
13.460
13.100
13.580
13.380
13.770
12.840
12.380
12.250
17.190
17.800
18.980
18.470
17.450
17.070
17.750
17.040
17.140
17.150
16.700
16.110
16.900
17.100
16.980
17.570
17.890
17.300
16.760
17.360
18.000
17.780
17.280
17.120
16.270
15.890
15.760
15.820
15.710
15.480
15.780
15.540
15.490
15.260
15.200
15.240
14.800
14.690
14.700
14.620
14.650
14.550
15.220
15.710
14.480
13.870
13.660
13.200
13.110
13.070
13.020
12.960
12.660
12.540
12.560
12.410
12.330
12.680
12.860
13.150
13.280
13.150
13.120
13.150
13.160
13.300
13.420
13.300
13.700
12.620
12.620
12.350
12.400
11.950
11.850
12.060
12.080
11.870
11.860
11.820
11.920
11.680
11.670
11.590
11.650
12.020
12.120
12.120
11.540
11.490
12.240
12.250
12.430
12.890
13.100
12.730
12.680
12.240
11.800
12.630
12.890
13.520
13.420
13.460
13.350
13.740
13.660
13.590
13.610
13.510
13.490
13.500
14.040
13.150
13.680
13.850
14.000
13.980
14.210
14.180
13.940
14.140
14.330
14.060
13.840
13.700
13.470
13.650
13.620
13.730
13.500
13.930
14.330
14.430
14.640
14.320
14.670
14.790
14.220
14.120
14.100
14.270
14.310
13.810
13.620
13.820
13.830
13.750
13.690
14.410
14.460
14.460
14.480
13.940
14.010
13.960
13.950
13.920
13.690
13.250
13.510
14.670
14.350
15.010
14.610
14.590
14.750
15.160
14.270
14.130
14.010
14.160
14.480
14.290
14.000
13.990
14.440
14.390
13.830
13.720
14.220
14.020
14.190
14.160
13.930
13.780
14.870
15.400
14.530
14.830
14.940
15.090
15.510
15.730
15.530
15.900
14.720
15.410
