48.500
45.680
46.300
46.280
45.500
46.600
46.070
46.600
44.050
42.690
43.880
44.110
43.250
42.980
43.000
42.090
42.050
38.380
39.000
39.100
38.500
37.510
39.360
39.540
39.150
41.430
43.200
42.970
42.990
41.000
41.300
40.660
44.890
44.550
45.550
41.010
40.950
41.660
39.700
42.500
41.600
41.840
42.400
43.600
44.330
42.120
42.500
41.600
37.680
37.070
39.200
39.800
41.380
40.880
42.700
42.000
44.510
42.050
41.110
43.000
42.980
44.200
44.840
41.030
39.620
39.440
37.970
35.630
35.410
36.330
36.100
35.970
37.040
36.660
37.200
37.380
36.600
37.410
37.540
34.350
33.780
33.100
33.300
32.070
28.880
28.650
28.580
28.590
28.880
28.640
27.300
26.900
26.480
26.160
26.590
26.320
27.060
27.020
26.720
26.820
26.130
25.890
26.000
25.800
26.200
26.100
25.960
25.850
25.850
25.930
25.520
25.600
26.020
25.580
26.910
27.750
27.390
27.290
27.580
27.310
27.940
28.050
26.630
26.460
27.000
27.190
27.580
27.560
27.200
28.180
28.330
28.250
28.150
28.450
28.400
28.120
29.000
29.070
30.000
30.700
30.290
29.970
29.200
28.810
29.500
29.660
29.300
29.900
30.090
29.890
30.180
30.500
29.660
29.760
30.100
30.540
30.490
30.360
30.690
30.200
30.250
30.630
30.890
30.400
31.400
31.240
32.040
31.990
31.610
31.230
31.380
31.230
31.430
31.250
31.690
29.700
29.210
29.210
29.250
29.230
29.490
28.900
28.110
28.420
28.220
27.900
29.120
29.890
30.220
29.960
29.820
29.150
29.990
30.460
31.350
32.900
32.380
32.900
31.730
31.850
32.450
32.800
32.570
32.410
32.850
33.240
33.250
33.090
34.040
33.800
33.650
33.670
33.900
33.010
32.470
32.090
33.100
33.230
32.680
32.700
33.100
33.070
33.010
32.950
33.400
34.320
33.600
35.480
35.000
35.980
38.200
37.610
38.200
38.510
38.000
36.690
36.000
36.070
36.000
38.550
34.650
34.190
34.300
32.900
33.600
33.950
32.030
32.150
31.800
33.400
68.040
67.500
72.800
70.490
69.700
68.500
63.050
64.480
68.750
65.500
67.000
66.300
65.500
65.150
64.050
61.870
60.320
64.530
65.140
68.380
69.550
69.800
70.880
68.030
68.510
70.300
68.450
66.930
61.000
63.530
65.400
66.990
68.930
66.000
66.090
62.300
60.150
59.800
59.400
57.010
58.700
54.790
59.940
59.500
58.100
54.660
55.560
55.220
54.930
58.300
60.480
57.420
56.000
52.700
53.500
50.970
52.690
47.200
47.100
46.900
47.100
44.700
45.600
46.560
45.270
41.520
41.210
39.700
38.190
37.100
37.800
37.730
36.990
36.800
38.790
38.500
36.800
35.900
39.480
41.140
45.800
44.000
46.800
45.100
44.600
45.650
45.280
44.600
41.550
45.300
39.340
36.150
36.200
36.990
33.100
36.300
38.920
42.500
44.500
43.690
47.350
47.880
46.250
44.600
46.200
40.500
44.900
44.100
42.500
47.500
50.600
51.710
50.980
63.000
63.220
63.840
59.400
60.000
59.320
59.100
60.090
60.010
62.030
60.800
60.770
61.870
58.680
58.680
62.010
62.990
57.000
52.550
50.650
49.400
46.300
43.490
47.390
44.250
45.000
47.700
47.830
47.160
50.010
50.900
45.600
46.800
47.600
44.500
45.450
45.880
47.800
41.000
37.610
36.650
37.500
33.350
32.300
32.200
31.000
33.000
30.000
30.110
30.000
29.700
27.650
30.790
31.000
29.500
30.210
28.330
29.600
27.010
26.780
26.520
26.240
26.710
26.620
25.510
24.800
25.300
26.490
23.990
24.700
22.380
22.620
21.500
18.500
19.140
22.270
21.650
21.400
20.800
18.380
18.310
17.010
19.810
20.060
20.580
18.600
17.450
17.330
20.880
22.670
24.960
23.990
27.400
26.680
28.480
27.000
28.000
26.000
24.940
25.000
21.000
20.670
18.900
20.310
20.700
21.380
20.700
19.860
22.800
23.800
23.230
21.140
19.220
17.470
19.400
18.370
21.650
23.900
21.530
26.680
28.000
30.640
30.540
29.330
30.600
33.020
31.050
32.620
35.500
35.400
34.120
34.000
33.500
36.010
37.000
32.510
32.300
31.900
31.000
27.400
28.600
29.090
28.050
27.250
28.260
27.000
26.800
24.400
23.690
23.050
23.950
24.580
25.670
24.750
25.540
23.950
25.270
25.740
25.790
25.730
24.950
23.560
24.380
24.120
23.600
25.080
25.800
25.680
24.400
25.590
26.680
26.700
26.450
26.080
24.750
24.220
24.490
24.390
24.750
24.820
23.770
23.010
22.940
23.300
22.700
22.500
22.000
21.780
21.460
22.010
22.000
21.800
23.200
21.660
21.850
22.220
21.890
21.580
19.980
21.470
20.780
19.180
17.780
17.560
17.390
17.200
16.650
16.840
17.760
18.200
18.050
17.850
17.550
18.260
18.500
18.540
17.700
17.300
17.750
17.060
16.690
16.250
16.650
16.790
16.960
17.400
16.800
15.900
15.910
16.050
16.190
15.890
15.000
15.610
16.880
17.580
17.600
17.550
17.360
17.160
17.900
18.100
18.410
18.550
18.850
18.900
18.710
18.510
17.810
19.180
19.590
20.890
20.860
20.000
20.000
20.490
20.300
19.270
19.530
18.800
18.740
18.380
18.620
18.790
18.850
18.770
17.800
18.070
17.730
18.270
18.470
19.210
18.990
18.860
18.620
18.760
19.030
18.860
18.330
17.950
18.300
18.800
19.780
20.630
20.300
20.210
19.980
20.040
19.870
20.220
20.790
20.230
19.870
19.660
19.520
19.550
19.200
18.890
18.740
19.180
18.900
18.700
19.930
20.820
21.060
20.580
20.850
21.100
21.100
21.240
21.520
21.350
20.900
20.890
20.660
21.150
21.120
22.270
22.200
21.580
22.260
22.560
22.590
22.120
21.760
21.900
22.290
22.680
22.600
22.620
22.990
23.150
22.350
22.000
22.360
22.300
20.580
20.080
19.620
19.290
19.500
19.900
18.740
18.780
18.430
18.450
19.500
20.300
19.450
18.930
19.150
19.000
18.300
