4.970
4.890
4.870
4.890
4.870
4.870
4.920
4.960
4.900
4.730
4.820
4.830
4.840
4.780
4.790
4.750
4.710
4.660
4.740
4.780
4.810
4.740
4.650
4.670
4.670
4.850
4.860
4.830
4.900
4.850
4.980
5.080
5.050
5.050
5.060
5.000
5.050
5.000
5.030
5.170
5.100
5.280
5.270
5.170
5.180
5.210
5.170
5.250
5.290
5.270
5.390
5.480
5.460
5.600
5.630
5.700
5.870
5.840
5.880
5.880
5.960
5.990
6.050
5.880
6.020
6.070
6.010
5.980
6.000
5.950
5.950
6.060
5.940
5.910
6.020
5.950
5.930
6.020
6.010
6.040
6.110
6.160
6.160
6.110
6.150
6.300
6.280
6.170
6.150
6.200
6.050
5.990
5.900
5.910
6.030
5.930
5.910
5.920
5.960
5.980
5.980
5.940
5.820
5.770
5.750
5.730
5.700
5.730
5.660
5.620
5.630
5.680
5.610
5.890
6.030
6.080
6.190
6.140
6.080
6.090
6.110
6.090
6.060
6.100
6.100
6.120
6.210
6.200
6.210
6.060
6.050
6.050
6.080
6.040
5.980
6.040
5.980
6.360
6.380
6.450
6.410
6.400
6.320
6.530
6.530
6.550
6.640
6.610
6.680
6.660
6.690
6.640
6.650
6.720
6.730
6.710
6.690
6.710
6.650
6.570
6.610
6.550
6.560
6.610
6.530
6.620
6.690
6.720
6.740
6.800
6.680
6.740
6.730
6.790
6.730
6.860
6.840
6.880
6.820
6.850
6.750
6.700
6.760
6.770
6.650
6.820
6.960
7.040
7.010
7.000
6.880
6.980
6.780
6.990
7.140
7.140
7.250
7.110
7.140
7.040
7.140
7.180
7.160
7.100
7.220
7.120
7.170
7.090
7.300
7.300
7.370
7.520
7.470
7.430
7.380
7.000
7.200
6.640
6.690
6.620
6.600
6.450
6.380
6.620
6.760
6.700
7.110
7.280
6.870
6.700
6.620
6.520
6.460
6.480
6.580
6.580
6.650
6.500
6.280
6.300
6.170
6.180
6.190
6.080
6.150
6.130
6.130
6.050
5.860
6.010
6.060
5.940
6.130
6.130
6.140
6.010
5.780
5.810
6.050
6.110
6.130
6.190
6.240
6.110
6.060
5.900
5.890
5.870
5.900
6.090
5.870
5.860
5.730
5.750
5.910
6.040
5.920
6.010
6.100
6.200
6.110
6.360
6.640
6.650
6.630
6.460
6.500
6.600
6.750
6.600
6.460
6.500
6.580
7.100
7.110
7.160
7.180
7.180
7.090
7.090
7.060
7.020
7.040
7.050
6.840
6.870
6.970
6.730
6.850
7.040
6.820
6.920
6.970
7.000
6.930
6.560
6.420
6.500
6.500
6.450
6.310
6.400
6.400
6.560
6.440
6.600
6.660
6.400
6.290
6.730
6.750
7.350
7.290
7.570
7.520
7.200
7.320
7.190
6.900
6.650
6.990
6.860
6.800
6.650
6.840
6.450
6.700
6.880
7.260
7.230
7.060
7.230
7.680
7.370
6.610
6.830
6.440
7.190
7.160
7.790
8.200
8.590
8.660
8.480
10.060
10.290
10.350
9.930
10.140
10.150
10.200
10.530
10.540
10.590
10.770
10.410
10.310
10.210
9.790
10.240
10.170
10.500
11.110
11.060
10.880
10.830
11.300
11.470
10.150
11.130
11.500
11.550
11.480
13.000
10.900
10.080
9.620
10.150
9.020
8.770
8.610
8.550
8.210
8.200
8.250
8.390
7.650
7.750
7.790
8.250
8.390
8.800
8.890
9.290
8.600
7.880
8.990
7.980
20.000
20.330
18.970
18.490
18.460
16.940
16.000
15.780
15.130
15.010
14.830
15.080
16.400
16.400
15.290
16.080
14.500
14.400
15.100
14.500
15.020
18.180
18.130
17.800
17.390
18.750
19.670
21.860
24.290
30.550
32.000
36.100
36.600
33.550
36.770
38.510
38.690
40.000
42.950
45.000
38.630
37.500
37.410
37.200
41.510
38.400
35.900
32.640
29.670
26.970
24.520
21.360
19.700
18.800
19.980
21.170
21.160
19.600
18.910
18.880
17.770
17.910
17.680
17.400
17.200
17.670
17.740
17.610
17.750
17.200
17.060
16.720
16.680
16.010
15.600
15.580
15.600
15.010
14.900
14.310
14.350
14.290
14.240
14.700
14.960
14.760
15.000
14.290
13.840
13.940
13.620
13.780
13.370
13.600
13.900
13.820
13.500
13.700
13.900
14.100
14.120
13.780
13.800
13.070
13.120
13.130
12.360
12.490
12.150
12.220
12.290
11.950
11.650
11.680
11.600
11.410
11.050
11.020
10.650
10.750
11.290
11.000
10.600
9.990
10.660
12.490
12.500
12.500
12.800
13.180
13.110
13.790
13.760
13.600
12.800
12.330
12.750
12.530
12.700
13.300
13.400
13.370
13.210
13.300
13.160
12.700
12.800
13.420
13.400
13.800
13.350
13.250
13.190
12.960
13.320
13.300
13.180
13.300
12.500
12.480
12.000
11.990
12.060
12.440
12.170
11.880
11.910
11.870
11.810
11.900
12.200
12.000
11.520
11.640
11.800
11.650
11.360
11.370
11.000
10.700
10.650
10.680
10.600
10.100
10.520
10.200
9.790
9.760
9.770
9.790
9.700
9.590
9.570
9.420
9.440
9.170
9.300
9.290
9.650
9.880
9.680
9.500
9.560
9.450
9.200
9.100
9.250
8.800
8.800
8.930
8.530
8.700
8.490
8.450
8.600
8.700
8.630
8.790
8.700
8.880
8.520
8.660
8.490
8.350
8.510
8.600
8.770
8.510
8.500
8.440
8.250
8.230
8.280
8.100
