4.940
4.980
4.880
4.870
4.890
4.900
4.870
4.930
4.990
4.880
4.750
4.820
4.840
4.830
4.800
4.800
4.770
4.720
4.690
4.750
4.780
4.790
4.740
4.680
4.690
4.670
4.850
4.820
4.880
4.920
4.860
4.980
5.100
5.070
5.060
5.050
5.020
5.050
5.050
5.050
5.160
5.110
5.300
5.350
5.180
5.180
5.210
5.170
5.230
5.270
5.250
5.390
5.450
5.470
5.610
5.630
5.710
5.870
5.860
5.880
5.880
5.960
5.990
6.040
5.940
6.050
6.070
6.010
5.990
6.040
5.920
5.970
6.020
5.940
5.950
6.020
5.960
5.940
6.020
6.010
6.030
6.130
6.160
6.160
6.140
6.160
6.280
6.230
6.180
6.180
6.200
6.050
5.990
5.930
5.900
6.020
5.930
5.930
5.950
5.960
5.980
5.980
5.940
5.820
5.770
5.750
5.730
5.690
5.740
5.680
5.590
5.620
5.660
5.620
5.920
6.040
6.080
6.190
6.140
6.110
6.090
6.110
6.070
6.060
6.070
6.130
6.140
6.210
6.160
6.240
6.080
6.030
6.020
6.070
6.040
5.970
6.010
6.000
6.350
6.390
6.450
6.400
6.420
6.380
6.540
6.530
6.550
6.640
6.610
6.620
6.680
6.670
6.640
6.680
6.740
6.760
6.720
6.690
6.710
6.660
6.540
6.620
6.540
6.550
6.610
6.550
6.650
6.690
6.690
6.740
6.750
6.680
6.740
6.740
6.780
6.730
6.860
6.840
6.880
6.860
6.840
6.720
6.700
6.760
6.750
6.670
6.820
6.960
6.990
7.020
6.990
6.860
7.050
6.740
7.130
7.100
7.130
7.210
7.080
7.120
7.050
7.160
7.180
7.150
7.100
7.160
7.130
7.150
7.070
7.340
7.340
7.370
7.570
7.480
7.430
7.400
7.030
7.300
6.690
6.730
6.650
6.650
6.460
6.410
6.650
6.820
6.730
7.190
7.330
6.900
6.760
6.580
6.490
6.490
6.500
6.580
6.630
6.640
6.490
6.280
6.370
6.170
6.220
6.190
6.120
6.150
6.110
6.130
6.090
5.930
5.990
6.060
5.990
6.090
6.130
6.080
6.030
5.830
5.810
6.140
6.110
6.130
6.190
6.210
6.150
6.060
5.840
5.910
5.880
5.920
6.010
5.880
5.850
5.780
5.760
5.980
6.010
5.950
6.020
6.120
6.150
6.130
6.370
6.630
6.610
6.650
6.460
6.540
6.610
6.630
6.580
6.560
6.510
6.610
7.080
7.080
7.260
7.180
7.120
7.040
7.120
7.010
7.130
7.030
7.090
6.800
6.860
6.900
6.660
6.850
6.950
6.860
7.040
6.950
7.110
6.820
6.550
6.390
6.460
6.550
6.330
6.350
6.380
6.550
6.610
6.380
6.670
6.660
6.390
6.240
6.670
6.670
7.350
7.360
7.550
7.400
7.290
7.250
7.210
6.860
6.970
6.950
6.850
6.910
6.710
6.800
6.410
6.800
6.880
7.150
7.130
6.970
7.470
7.710
7.170
6.520
6.920
6.680
7.100
7.160
7.950
7.940
8.810
8.580
9.060
10.060
10.230
10.350
9.930
10.110
10.150
10.210
10.580
10.530
10.420
10.750
10.290
10.250
10.230
9.940
10.260
10.220
10.650
11.270
11.160
11.030
10.880
11.520
11.400
10.360
11.510
11.450
11.680
11.610
11.910
10.830
10.020
9.660
10.030
9.290
8.930
8.600
8.610
8.280
8.320
8.250
8.250
7.590
7.670
8.110
8.280
8.280
8.950
9.040
9.050
8.790
8.090
8.390
19.090
19.890
20.330
19.220
18.500
18.230
16.720
16.170
15.140
15.020
14.880
15.320
14.900
16.550
16.120
15.780
16.080
14.620
14.270
15.630
14.670
16.300
18.110
18.450
18.000
17.700
19.670
21.860
24.290
27.050
30.060
33.400
35.860
36.390
33.860
37.620
39.400
38.230
41.610
44.020
43.330
39.390
37.970
37.500
38.900
39.490
35.900
32.640
29.670
26.970
24.520
22.290
21.050
19.610
19.240
19.980
21.160
21.150
19.670
18.900
18.720
17.770
17.850
17.670
17.410
17.320
17.660
17.590
17.760
17.730
17.170
17.010
16.680
16.700
16.100
15.580
15.600
15.600
15.380
15.010
14.250
14.400
14.290
14.360
14.600
14.810
14.740
14.730
14.100
13.830
13.930
13.600
13.920
13.360
13.640
13.880
13.720
13.500
13.790
13.940
14.200
14.120
13.820
13.720
13.120
13.170
13.080
12.350
12.520
12.120
12.280
12.280
11.890
11.600
11.550
11.530
11.450
11.180
10.990
10.580
10.840
11.170
10.960
10.630
10.060
11.090
12.320
12.500
12.510
12.900
13.230
13.350
13.800
13.710
13.500
12.710
12.280
12.690
12.520
12.750
13.390
13.240
13.250
13.250
13.190
13.100
12.580
12.890
13.420
13.290
13.800
13.200
13.180
13.180
12.970
13.240
13.200
13.150
13.230
12.540
12.380
12.000
11.950
12.100
12.410
12.160
11.880
11.850
11.890
11.890
11.910
12.180
12.000
11.510
11.590
11.810
11.680
11.350
11.360
10.980
10.760
10.670
10.690
10.690
10.100
10.500
10.260
9.810
9.800
9.840
9.760
9.700
9.560
9.570
9.410
9.370
9.170
9.310
9.280
9.650
9.800
9.650
9.500
9.540
9.450
9.220
9.150
9.200
8.860
8.800
8.950
8.500
8.730
8.520
8.530
8.600
8.750
8.710
8.810
8.700
8.600
8.510
8.680
8.470
8.400
8.590
8.780
8.440
8.500
8.540
8.450
8.260
8.140
8.320
