12.730
12.310
12.700
12.730
12.720
12.730
12.730
12.740
12.880
12.780
12.740
12.750
12.750
12.730
12.800
12.780
13.030
13.100
13.120
13.670
13.760
13.330
14.170
13.990
13.420
13.350
13.910
13.240
13.190
13.240
13.280
13.300
13.420
13.400
13.630
14.000
13.510
13.480
13.490
13.490
13.560
13.700
13.610
13.800
13.660
13.740
13.880
13.790
13.800
13.580
13.500
13.490
13.550
13.650
13.870
13.730
13.620
13.570
13.600
13.600
13.640
13.670
13.750
13.430
13.400
13.320
13.370
13.320
13.290
13.300
13.290
13.230
13.370
13.340
13.260
13.020
12.850
12.340
13.420
13.680
13.590
14.240
14.630
14.170
14.360
14.170
14.000
13.960
13.770
13.810
13.830
13.570
13.560
13.900
13.810
13.830
13.820
13.890
13.460
13.520
13.740
13.820
14.540
14.560
14.400
14.440
14.220
14.370
14.250
14.080
14.280
14.490
14.430
14.770
15.110
15.240
15.240
15.420
15.430
15.690
15.780
14.870
14.850
14.800
14.840
14.460
14.560
14.590
14.600
14.490
14.100
14.560
14.600
14.900
14.890
14.990
14.770
14.830
14.950
14.880
15.140
15.290
15.240
15.260
14.840
14.720
14.980
14.960
14.890
14.600
14.460
14.420
14.550
14.610
14.790
14.350
14.710
13.370
13.640
13.590
13.550
13.230
13.190
13.360
13.160
13.220
13.190
13.200
13.310
13.350
13.730
13.580
13.920
13.750
13.440
13.590
13.580
13.570
13.450
13.350
13.530
13.700
13.510
13.680
13.700
13.560
13.440
13.360
13.660
13.920
13.940
14.920
14.920
14.620
14.090
14.110
14.070
14.130
14.130
14.450
14.150
14.090
14.020
14.480
14.450
14.270
14.230
14.300
13.910
13.670
13.650
13.640
13.700
13.390
13.940
14.160
13.900
13.990
14.650
14.450
14.840
14.500
14.390
15.960
16.600
15.650
15.760
16.060
15.110
15.130
14.590
14.680
14.660
14.540
14.620
14.970
14.490
14.340
14.300
14.990
14.990
14.500
14.580
14.750
14.840
14.790
15.850
16.920
17.170
17.100
16.500
16.680
16.530
16.520
16.800
15.270
15.020
15.400
15.330
15.360
15.870
15.910
15.370
15.310
15.680
15.490
15.770
15.590
16.010
15.260
13.870
13.800
13.200
13.710
13.850
13.450
13.060
12.930
13.020
12.450
11.950
11.550
11.750
11.930
11.580
11.700
11.680
11.970
11.550
11.340
11.930
12.010
11.400
11.160
12.400
12.450
13.830
13.870
14.300
14.140
14.050
14.110
14.170
13.500
13.100
12.250
11.390
11.340
10.860
11.900
11.580
12.350
12.770
14.190
13.890
13.440
13.650
13.780
13.350
12.900
12.880
12.680
14.090
14.500
15.240
14.850
16.440
16.010
15.770
17.150
16.350
16.490
16.700
17.640
16.190
16.500
15.580
15.750
15.750
15.220
15.080
15.230
14.300
13.710
14.190
13.460
13.400
13.980
14.100
13.300
12.090
12.250
11.650
11.510
12.770
12.740
12.860
12.630
12.810
13.000
13.040
14.150
14.540
14.000
13.870
12.980
12.960
12.850
12.550
12.240
12.490
12.000
12.340
12.150
12.100
12.070
13.000
12.070
12.300
11.910
11.380
12.340
12.310
12.300
12.630
11.490
12.010
12.520
11.750
11.490
10.410
10.450
10.220
11.330
10.300
10.050
9.580
8.710
7.920
7.200
6.900
7.270
6.650
7.370
8.190
8.200
8.430
8.320
7.900
7.800
7.890
8.740
8.500
8.010
7.600
8.390
9.320
10.350
11.400
11.850
11.530
12.810
12.980
13.220
13.180
12.400
11.830
11.330
11.000
11.380
11.490
10.780
11.400
11.580
11.220
10.200
10.120
11.200
11.330
10.910
11.030
10.960
10.690
10.320
10.500
10.740
9.760
10.840
11.440
11.500
11.460
12.730
11.890
13.210
14.680
15.300
14.910
15.250
15.880
15.880
14.900
16.050
16.650
16.200
16.600
15.970
14.520
13.200
13.260
14.730
14.970
14.120
12.840
12.930
11.750
11.290
10.600
10.870
11.500
11.130
10.740
9.760
8.870
8.060
7.800
7.970
8.160
7.590
7.200
7.020
7.100
6.750
6.800
6.800
6.940
6.950
7.120
7.080
7.090
7.090
6.950
6.790
6.760
6.860
6.970
6.920
6.630
6.730
6.960
6.840
7.080
7.190
7.190
7.220
6.950
6.890
6.820
6.660
6.740
6.730
6.710
6.590
6.290
6.290
6.140
6.210
6.210
6.210
6.170
6.230
5.890
5.850
5.840
5.900
5.950
5.830
5.950
6.000
5.610
5.630
5.750
5.750
5.820
5.350
5.420
5.140
4.940
4.900
4.930
4.930
4.890
4.830
4.920
4.900
4.780
4.720
4.820
4.770
4.740
4.800
4.620
4.590
4.690
4.640
4.600
4.650
4.710
4.580
4.590
4.590
4.470
4.370
4.330
4.440
