9.100
8.970
8.900
8.730
8.890
8.980
8.680
8.730
8.490
8.630
8.790
8.750
8.960
8.680
8.610
8.460
8.550
8.510
8.610
8.510
8.520
8.350
8.230
8.170
7.920
8.210
8.500
8.300
8.300
8.200
8.640
8.920
9.070
8.890
8.780
8.640
8.760
8.840
9.000
9.130
9.040
9.200
9.230
9.500
9.440
9.550
9.450
9.300
9.230
9.010
9.080
9.390
9.290
10.000
10.300
10.090
10.540
10.610
10.700
10.800
10.850
10.860
11.000
10.580
9.990
10.340
10.400
10.200
10.150
9.910
10.100
10.290
10.080
10.090
10.280
10.180
10.100
9.980
9.790
9.760
9.900
10.030
9.860
9.790
9.790
10.060
10.000
9.950
9.900
9.940
10.350
10.810
10.600
10.920
10.700
10.650
10.820
10.820
11.050
11.300
10.350
10.210
8.780
8.890
8.920
8.890
8.900
8.960
8.960
8.950
8.700
8.780
8.660
8.350
8.610
8.760
8.750
8.970
9.080
8.880
8.860
8.920
8.950
8.650
8.300
8.210
8.150
8.120
7.940
8.020
8.110
8.060
7.960
8.020
7.910
7.820
7.850
7.820
8.260
8.340
8.350
8.250
8.190
8.210
8.500
8.480
8.600
8.890
8.750
8.670
8.830
8.810
8.730
8.710
8.690
8.780
8.900
8.760
8.750
8.690
8.570
8.580
8.540
8.520
8.520
8.430
8.580
8.840
8.800
8.850
8.940
8.860
8.900
8.940
8.970
9.220
9.500
9.200
9.120
8.980
9.040
8.600
8.600
8.340
8.200
8.020
7.990
8.040
7.990
7.930
7.960
7.930
8.010
8.070
8.110
8.400
8.240
8.220
8.140
8.110
8.180
8.290
8.370
8.340
8.250
8.290
8.350
8.590
8.630
8.280
8.300
8.360
8.360
8.280
8.130
8.180
8.210
8.350
8.230
8.130
8.200
8.180
8.160
8.130
8.460
8.530
8.470
9.130
9.080
9.010
9.300
9.170
9.330
10.040
9.020
9.080
9.010
8.970
9.250
9.090
9.200
9.010
8.710
8.780
8.650
9.240
8.880
8.990
8.900
8.860
8.700
8.580
8.350
8.580
8.580
8.800
8.600
8.380
8.100
8.750
8.830
8.150
7.390
7.350
7.320
7.350
7.050
7.120
7.070
7.090
7.110
7.120
7.090
6.920
6.950
7.130
7.220
7.090
7.170
7.200
7.270
7.150
7.520
7.880
7.870
7.820
7.630
7.610
7.730
7.770
7.720
7.820
7.780
7.930
8.430
8.440
8.550
8.600
8.580
8.460
8.370
8.550
8.420
8.480
8.550
8.180
8.300
8.500
8.090
8.180
8.290
8.010
8.180
8.210
8.180
8.110
7.700
7.490
7.560
7.730
7.690
7.730
7.940
8.450
8.000
7.700
7.380
7.900
7.780
7.800
7.830
8.240
7.300
7.230
7.590
8.180
8.390
8.250
8.400
8.570
8.150
7.870
8.790
8.350
9.330
9.280
9.700
9.780
10.260
10.180
9.810
11.400
11.710
11.270
10.970
11.010
10.900
10.950
11.450
11.160
11.280
10.930
10.790
10.750
10.590
10.230
10.500
10.440
10.530
10.900
10.990
10.970
10.400
10.490
10.450
10.060
10.530
10.890
10.700
10.100
10.090
9.970
9.840
9.950
10.180
9.600
9.980
10.460
10.080
9.900
9.860
9.810
10.000
9.680
9.330
9.110
9.370
9.380
9.280
9.150
9.150
8.650
8.320
9.140
8.900
9.160
9.150
8.800
9.120
8.770
8.520
8.090
7.900
7.660
7.630
7.600
7.590
7.910
7.790
7.850
7.990
7.520
7.620
7.790
7.160
7.360
8.400
8.390
8.510
8.460
7.800
8.180
7.130
8.000
8.400
8.090
7.550
8.000
7.910
9.180
10.370
11.070
10.590
12.140
11.600
11.830
11.280
11.550
11.800
11.290
10.650
10.510
10.770
9.940
10.500
10.590
11.280
10.550
10.210
11.760
12.790
11.280
11.130
10.980
11.060
10.330
10.090
10.610
11.300
10.800
9.800
8.340
7.300
8.680
10.600
10.030
12.000
12.890
12.010
14.490
15.170
16.500
16.560
17.840
19.480
19.010
19.020
19.980
18.700
18.250
17.700
17.120
17.210
18.010
18.010
18.400
18.800
16.980
15.390
14.880
16.700
14.970
15.220
14.070
13.450
13.430
13.300
12.880
12.410
12.220
12.350
12.010
12.200
11.700
11.250
11.410
12.250
12.800
12.250
12.120
12.020
12.530
12.470
12.260
12.700
12.110
11.800
12.270
12.560
12.300
12.860
11.750
11.580
11.300
11.840
12.200
11.800
11.520
11.140
10.990
11.110
11.100
10.610
10.570
10.590
10.790
10.490
10.360
10.290
10.270
10.170
9.930
9.720
9.800
10.000
9.730
9.450
9.780
9.660
9.190
9.240
9.130
9.010
8.950
8.990
8.960
8.960
8.870
8.760
8.720
8.720
8.540
8.570
8.680
8.800
8.950
8.900
9.000
9.190
8.930
9.060
9.120
8.870
9.000
8.800
8.490
8.370
8.630
8.600
8.540
8.760
8.560
8.720
8.800
9.000
9.000
8.940
8.760
8.570
8.830
9.000
8.940
8.800
8.560
8.590
8.720
9.020
9.060
9.000
9.290
9.300
9.010
8.900
8.520
8.300
8.110
8.510
8.430
8.170
8.100
8.240
8.320
8.360
8.400
8.280
8.300
8.180
8.170
8.370
8.200
8.160
8.110
8.100
7.740
8.010
7.950
8.100
8.120
8.200
8.220
8.130
8.050
8.010
7.950
7.760
7.830
8.080
8.000
8.350
8.420
8.550
8.200
8.100
8.020
8.080
7.750
7.870
7.940
7.930
7.840
7.790
7.700
7.760
7.540
7.460
7.640
7.590
7.480
7.400
7.640
7.600
7.480
7.550
7.470
7.480
7.490
7.410
7.360
7.310
7.190
7.150
7.290
7.200
7.380
7.410
7.260
7.230
7.320
7.270
7.180
7.100
7.140
7.180
7.100
7.050
7.060
7.120
7.050
7.080
7.000
7.140
7.150
6.980
7.000
6.850
6.680
6.700
6.700
6.620
6.740
6.760
6.760
6.850
6.830
6.740
6.670
6.790
6.860
6.810
