8.900
8.920
8.900
8.730
8.760
8.680
8.550
8.600
8.490
8.400
8.650
8.730
8.780
8.580
8.570
8.460
8.500
8.450
8.450
8.370
8.480
8.330
8.220
8.150
7.910
8.010
8.200
8.250
8.090
8.030
8.200
8.570
8.800
8.780
8.780
8.320
8.420
8.710
8.380
9.000
8.600
9.060
9.120
9.190
9.330
9.400
9.400
9.020
9.140
8.940
8.890
9.030
8.990
9.300
10.120
10.090
10.050
10.440
10.300
10.410
10.600
10.670
10.850
10.500
9.850
9.950
10.210
10.200
10.130
9.810
9.740
10.010
10.050
10.000
10.090
10.060
9.970
9.970
9.750
9.710
9.760
9.820
9.860
9.700
9.710
9.790
9.950
9.920
9.710
9.880
9.850
10.560
10.520
10.340
10.560
10.310
10.410
10.700
10.600
10.700
10.330
9.990
8.700
8.720
8.850
8.890
8.850
8.820
8.830
8.850
8.700
8.680
8.620
8.320
7.860
8.580
8.700
8.790
8.930
8.750
8.780
8.840
8.820
8.640
8.300
8.190
8.090
8.040
7.880
7.900
7.960
8.020
7.960
7.950
7.890
7.820
7.770
7.700
7.770
8.250
8.300
8.210
8.160
8.100
8.270
8.410
8.410
8.680
8.720
8.500
8.600
8.750
8.680
8.690
8.660
8.660
8.780
8.720
8.690
8.660
8.570
8.410
8.490
8.410
8.480
8.360
8.420
8.540
8.780
8.770
8.840
8.770
8.740
8.850
8.850
8.840
9.080
9.090
9.110
8.980
8.950
8.570
8.500
8.290
8.100
7.990
7.910
7.980
7.980
7.920
7.890
7.910
7.880
7.950
8.010
8.220
8.210
8.200
8.050
8.100
8.010
8.180
8.250
8.290
8.230
8.230
8.110
8.350
8.450
8.200
8.250
8.320
8.260
8.230
8.080
8.000
8.100
8.240
8.220
8.080
8.100
8.030
8.120
8.110
8.040
8.420
8.280
8.350
9.020
8.900
9.020
9.160
9.140
9.290
9.020
9.010
8.950
8.750
8.410
8.990
8.960
8.940
8.700
8.660
8.550
8.760
8.820
8.800
8.810
8.810
8.370
8.430
8.300
8.410
8.340
8.510
8.460
8.320
8.030
8.140
8.500
8.030
7.360
7.290
7.260
7.290
7.050
7.010
7.040
6.900
7.060
6.990
7.050
6.910
6.910
6.860
7.110
7.030
7.020
7.000
7.130
7.090
7.050
7.580
7.780
7.740
7.550
7.530
7.450
7.700
7.640
7.600
7.720
7.750
7.810
8.330
8.300
8.530
8.480
8.460
8.290
8.450
8.200
8.330
8.380
8.060
8.070
8.250
8.090
7.950
8.130
8.010
8.050
8.140
8.110
8.020
7.660
7.430
7.370
7.460
7.660
7.540
7.570
8.110
7.880
7.610
7.220
7.650
7.780
7.570
7.750
7.480
7.300
6.910
6.850
7.450
8.100
8.010
8.010
8.330
8.070
7.700
7.890
8.010
8.590
9.020
8.910
9.000
9.470
10.100
9.580
10.350
11.260
11.220
10.910
10.910
10.880
10.690
10.860
11.120
11.030
10.780
10.770
10.500
10.570
10.140
10.190
10.440
10.380
10.500
10.800
10.740
10.380
10.020
10.230
9.720
10.020
10.510
10.420
10.040
10.010
9.850
9.750
9.700
9.860
9.550
9.710
9.980
10.020
9.800
9.690
9.810
9.750
9.530
9.000
9.030
9.100
9.070
9.210
8.730
9.020
8.620
8.260
8.210
8.850
8.800
8.930
8.760
8.830
8.510
8.450
8.030
7.800
7.650
7.540
7.500
7.470
7.450
7.780
7.700
7.840
7.450
7.500
7.550
7.160
7.020
7.560
8.200
8.350
8.330
7.660
7.780
7.010
7.400
8.020
7.960
7.260
7.150
7.900
8.780
9.680
10.350
9.860
10.940
11.450
11.500
11.130
11.300
11.470
11.120
10.650
10.380
10.410
9.940
9.870
10.560
10.650
10.100
9.800
10.880
12.000
11.250
10.770
10.760
10.670
10.330
9.210
10.090
10.510
10.310
9.370
8.340
7.300
8.110
8.680
9.640
10.710
11.900
11.440
12.710
14.120
15.180
16.150
16.150
17.940
18.500
17.680
18.900
18.690
18.180
17.420
16.800
16.900
17.000
17.270
16.400
17.690
16.980
15.160
13.510
14.840
14.700
14.500
14.010
13.400
13.300
13.220
12.820
12.290
11.980
12.180
11.800
11.790
11.550
11.180
10.960
11.210
12.020
12.160
12.100
11.720
11.910
12.400
12.090
12.310
12.110
11.710
11.780
12.220
12.000
12.370
11.650
11.310
11.150
10.990
11.610
11.780
11.460
11.140
10.960
10.960
10.960
10.510
10.400
10.390
10.220
10.480
10.270
10.110
10.240
10.030
9.930
9.700
9.680
9.810
9.700
9.410
9.510
9.510
9.140
9.100
9.060
8.990
8.820
8.910
8.940
8.900
8.810
8.760
8.700
8.640
8.500
8.440
8.520
8.660
8.750
8.800
8.800
9.020
8.860
8.900
8.900
8.870
8.810
8.750
8.490
8.370
8.160
8.600
8.540
8.520
8.550
8.510
8.710
8.810
8.900
8.850
8.670
8.500
8.570
8.840
8.850
8.790
8.540
8.400
8.510
8.670
9.050
8.840
9.000
9.100
8.920
8.720
8.430
8.220
7.960
8.050
8.340
8.120
8.060
8.060
8.150
8.210
8.270
8.240
8.180
8.150
8.110
8.130
8.180
8.010
8.030
8.050
7.710
7.700
7.920
7.910
7.990
8.130
8.150
8.110
7.960
7.960
7.900
7.760
7.630
7.760
7.900
8.010
8.230
8.320
7.970
8.070
7.900
7.980
7.720
7.750
7.750
7.860
7.790
7.730
7.650
7.660
7.410
7.460
7.450
7.550
7.430
7.320
7.400
7.590
7.440
7.440
7.430
7.440
7.380
7.390
7.320
7.300
7.170
7.120
7.110
7.200
7.150
7.340
7.230
7.200
7.240
7.220
7.140
7.070
7.060
7.100
7.100
7.020
7.000
7.040
7.030
6.990
6.950
6.970
7.050
6.960
6.920
6.830
6.670
6.630
6.660
6.600
6.630
6.740
6.730
6.750
6.790
6.700
6.660
6.660
6.800
6.770
