14.660
14.710
14.430
14.190
14.380
14.280
14.220
14.470
14.170
14.040
14.150
14.130
13.920
14.080
13.700
13.820
13.680
13.620
13.280
13.430
13.520
13.450
13.300
13.180
13.110
13.000
13.530
13.230
13.410
13.430
13.300
13.770
14.300
14.300
14.300
14.430
14.200
13.880
14.050
14.190
14.180
14.010
13.920
13.920
14.190
14.280
13.440
13.800
13.630
13.580
13.530
13.760
13.980
13.920
14.280
14.260
14.390
14.810
14.760
14.640
14.640
15.130
15.000
15.080
14.860
14.720
14.840
15.100
15.510
15.670
15.450
15.560
15.650
15.730
15.830
16.290
16.200
16.140
16.590
16.420
15.440
16.000
15.880
15.970
15.790
15.960
15.770
16.020
15.660
15.540
15.220
15.160
15.390
14.980
14.000
14.340
14.250
14.400
14.470
14.310
14.520
14.670
14.480
14.300
14.030
13.790
13.790
13.820
13.660
13.760
13.700
13.530
13.460
13.590
13.280
14.450
15.220
15.890
16.070
15.630
15.550
15.790
15.600
15.310
15.020
15.440
15.810
15.860
15.190
15.260
15.830
15.180
15.440
15.700
16.280
16.050
14.590
14.380
14.650
15.640
15.630
15.110
13.740
13.970
14.550
14.890
13.540
13.470
13.520
13.540
13.400
13.690
13.830
13.950
13.360
13.400
13.500
13.630
13.430
13.400
13.440
13.300
13.200
12.930
13.090
13.010
12.880
12.910
12.970
12.950
13.280
12.840
12.580
12.710
12.700
12.840
12.620
12.540
12.560
12.620
12.510
12.520
12.290
12.200
12.120
12.250
12.190
12.500
12.630
12.620
12.690
12.660
12.530
12.610
12.540
12.760
12.910
12.980
13.030
12.750
12.830
13.030
13.230
13.150
13.060
12.930
12.910
13.050
13.180
13.170
13.390
13.480
13.230
13.140
12.990
12.680
12.460
12.700
12.780
12.830
12.680
12.600
12.630
12.180
12.200
12.410
12.300
11.880
12.430
12.410
12.210
12.310
12.310
12.480
12.300
12.300
12.460
12.310
12.110
11.970
11.910
11.840
11.800
12.150
12.060
11.940
11.960
11.930
11.950
11.780
11.620
11.760
11.900
11.680
11.900
11.970
12.000
12.090
11.790
11.650
12.510
12.420
12.410
12.530
12.470
12.490
12.570
12.160
12.160
12.150
12.150
12.260
12.330
12.290
12.250
12.200
12.320
12.420
12.320
12.180
12.130
12.230
12.320
12.700
13.900
14.000
14.180
13.520
13.850
13.450
13.450
13.420
13.880
13.490
13.500
13.770
13.940
13.570
13.700
13.590
13.640
13.730
13.760
13.680
13.990
14.100
13.800
13.790
13.640
13.340
13.630
13.230
13.200
13.380
13.290
13.380
12.800
12.550
12.140
12.400
12.600
12.270
12.640
12.460
12.400
11.930
11.760
12.110
12.000
11.570
10.990
11.600
11.300
12.060
12.100
11.950
12.020
11.210
11.330
11.260
10.780
10.890
11.040
10.850
10.950
10.700
10.540
10.290
10.600
10.540
11.680
11.700
11.500
12.420
12.710
12.450
12.480
12.800
12.280
12.260
11.720
12.360
11.950
13.230
12.440
12.250
13.500
13.860
13.840
13.530
13.790
13.550
14.050
13.690
13.320
12.870
12.930
12.680
12.670
12.720
12.350
12.350
12.540
12.600
12.800
12.610
12.580
12.290
12.400
12.200
12.200
13.420
13.450
13.330
13.380
13.720
13.600
12.950
13.100
13.250
13.080
13.320
13.820
13.960
14.220
13.740
13.560
13.240
12.540
12.490
12.900
13.390
12.660
12.400
12.610
12.040
11.800
11.250
12.330
11.800
12.000
11.710
11.310
11.340
11.380
10.900
10.820
10.390
10.390
10.380
10.340
10.100
10.490
10.340
10.600
10.490
10.200
10.100
10.350
9.480
10.260
11.400
11.320
11.660
11.300
10.800
10.980
10.340
11.460
12.250
11.500
10.750
10.710
11.890
13.210
14.090
15.000
15.010
16.680
16.350
16.300
16.120
17.250
15.680
15.050
14.820
14.830
15.390
14.540
14.040
13.650
14.190
13.280
13.140
14.600
14.890
14.600
14.210
14.140
14.330
13.490
12.740
14.150
14.850
13.500
12.270
11.150
10.670
11.850
12.950
14.390
15.990
17.000
16.100
16.500
17.410
18.690
18.200
18.200
20.200
20.930
20.600
20.940
22.180
22.770
21.790
21.770
21.090
21.030
20.920
21.460
22.530
21.120
19.390
18.480
20.500
19.730
19.150
18.930
19.350
18.330
17.300
17.160
16.510
16.360
16.360
16.150
16.230
15.800
15.350
15.340
16.100
17.240
17.400
16.590
16.450
17.380
17.160
16.520
16.410
16.020
15.450
15.810
15.730
15.750
16.610
16.750
16.320
15.880
16.560
16.840
16.740
15.570
15.140
14.950
15.200
15.360
15.570
15.560
15.760
14.880
14.690
14.840
14.730
14.500
14.450
13.760
13.630
13.900
13.390
13.310
13.060
13.160
12.940
12.820
12.950
12.670
12.720
12.520
12.590
12.510
12.640
12.430
12.310
12.300
12.110
11.810
11.860
12.310
12.280
12.420
12.250
12.200
12.390
12.430
12.640
12.480
12.180
12.330
12.190
11.940
11.600
12.010
11.840
11.850
12.580
12.350
12.380
12.510
12.780
12.850
12.840
13.590
13.300
13.260
13.570
13.300
13.290
12.500
12.280
12.500
12.360
12.390
12.700
12.880
12.490
12.560
12.260
11.880
12.250
12.210
12.860
13.010
12.680
12.730
12.780
12.970
11.890
11.920
11.650
11.620
11.480
11.190
11.210
11.280
11.100
11.170
11.230
11.180
11.460
11.420
11.620
11.640
11.580
11.650
11.630
11.510
11.420
11.250
11.000
11.060
11.040
11.100
11.150
11.260
11.090
11.540
11.580
11.550
11.710
11.510
11.630
11.740
11.740
11.470
11.390
11.170
11.280
11.050
10.800
11.190
11.280
11.080
11.230
11.950
11.770
11.460
11.410
11.450
11.490
11.480
11.470
11.630
11.320
10.890
10.550
10.800
10.640
10.930
10.780
10.710
10.760
10.710
10.740
10.730
10.250
10.320
10.390
10.290
10.180
10.160
10.270
10.250
10.180
10.050
10.180
10.060
10.060
9.970
9.780
9.750
9.750
9.880
9.780
9.800
9.730
9.860
9.780
9.710
9.580
9.530
9.660
9.570
