16.520
16.760
16.680
16.690
16.520
16.500
16.610
16.530
16.500
16.450
16.020
16.090
16.100
16.200
16.220
16.150
16.000
15.980
15.930
15.750
15.400
15.260
15.020
15.060
15.050
15.200
15.100
15.330
15.350
15.310
15.220
15.390
15.600
15.580
15.730
15.780
15.590
15.610
15.640
15.770
15.970
15.980
16.050
16.190
16.120
16.210
16.080
16.010
16.130
16.200
16.300
16.520
16.430
16.290
16.700
16.550
16.370
16.300
16.150
16.150
16.320
16.180
16.230
16.190
15.900
15.750
16.000
16.170
16.320
16.210
16.180
16.350
16.450
16.400
16.750
16.900
16.680
16.670
16.630
16.400
16.480
16.630
16.560
16.720
16.680
16.640
16.840
16.840
16.960
17.050
17.100
17.140
17.290
17.290
17.170
17.190
17.150
17.190
16.710
16.750
17.010
16.920
16.920
17.000
16.730
16.780
16.780
16.510
16.260
16.300
16.260
16.240
16.500
16.330
16.160
16.350
16.460
16.750
16.760
16.810
16.800
16.860
16.690
16.530
16.120
16.160
16.220
16.310
16.270
16.260
16.340
16.310
15.870
16.130
16.340
16.300
16.280
16.080
16.250
16.910
17.080
17.190
17.190
17.280
17.270
17.570
17.300
17.340
17.740
17.920
17.750
17.480
17.640
17.640
17.600
17.410
17.360
17.460
17.450
17.710
17.730
17.370
17.640
17.550
17.290
17.270
17.330
17.060
17.500
17.570
17.270
17.020
16.860
16.590
16.760
16.710
16.600
16.850
16.810
16.880
16.570
16.680
16.250
16.290
15.820
15.920
15.890
16.350
16.100
16.100
16.230
16.180
16.260
15.990
15.960
16.070
16.120
15.630
15.610
15.490
15.480
15.410
15.560
15.650
15.800
15.890
15.620
15.720
15.750
15.680
15.790
15.780
15.900
16.050
16.060
15.770
15.780
15.720
15.800
15.580
15.500
15.630
15.750
15.690
15.360
15.500
15.700
14.830
15.250
15.140
15.170
15.400
15.530
15.400
15.420
15.410
15.500
15.640
15.580
15.450
15.680
15.440
15.380
15.350
15.470
15.130
15.410
15.380
15.450
15.080
14.840
14.860
14.770
14.570
14.610
14.590
14.430
14.680
14.320
14.320
14.780
14.950
14.920
14.880
14.770
14.710
14.770
14.320
14.410
14.590
14.520
14.620
15.070
15.210
15.160
15.230
15.280
15.290
15.240
14.860
15.120
15.000
15.100
15.600
16.030
16.140
15.900
15.660
15.720
15.660
15.950
15.510
15.710
15.580
15.680
15.990
16.100
15.860
15.490
15.100
14.860
14.950
14.660
14.790
15.100
14.760
14.480
14.620
14.710
14.230
14.530
14.560
14.490
14.770
14.760
14.950
14.690
14.300
14.040
14.280
14.400
14.140
13.930
14.170
14.280
14.000
13.900
14.210
14.270
13.830
13.700
14.000
13.850
14.810
14.810
15.000
14.800
14.810
14.830
14.890
14.500
14.510
14.660
14.380
14.520
14.220
14.260
13.950
14.120
14.300
15.470
15.440
15.390
15.300
15.590
15.090
15.030
15.900
15.460
16.020
15.750
16.250
15.690
16.960
16.690
16.940
18.600
18.630
18.710
18.580
19.040
18.760
19.100
19.100
18.600
18.180
18.350
17.910
17.820
17.690
17.410
17.800
17.660
17.900
18.870
18.550
18.750
18.810
18.140
17.890
17.600
18.180
17.840
17.530
17.340
17.170
17.110
16.710
16.980
17.280
16.910
17.200
17.450
16.850
16.850
16.800
16.480
16.280
15.600
15.910
16.430
16.470
16.350
16.720
16.810
17.090
16.240
15.780
16.700
16.170
16.360
16.350
15.860
16.220
16.380
15.820
15.960
14.910
14.890
14.770
15.060
14.750
15.190
15.070
15.540
15.440
15.060
15.130
15.530
14.390
14.870
16.100
16.180
16.720
16.400
15.940
16.180
15.650
16.410
17.160
16.240
14.760
14.370
15.970
17.740
18.960
19.720
19.100
21.010
20.780
20.730
20.260
20.950
21.000
20.160
19.350
19.870
20.280
19.050
20.000
20.050
21.350
20.430
21.400
22.210
21.950
19.950
40.860
39.100
38.990
36.960
35.680
34.490
31.350
34.690
34.700
34.990
38.200
40.040
37.360
39.970
44.410
46.200
46.200
45.500
48.200
49.700
50.500
51.000
50.090
50.200
48.520
47.600
48.050
49.200
47.300
48.540
49.000
47.990
44.800
44.000
46.800
47.000
46.130
44.980
45.550
41.600
40.950
39.650
39.100
39.730
40.290
39.440
39.880
38.770
37.960
37.690
38.110
39.280
39.190
39.380
38.920
40.310
40.380
41.330
41.040
40.400
39.020
40.430
40.100
39.500
41.300
42.150
39.780
39.240
39.820
41.280
40.010
39.820
39.980
39.810
41.500
40.930
39.410
39.420
38.500
38.930
37.190
37.180
37.370
36.260
36.460
35.690
34.830
35.250
35.210
35.290
34.750
36.410
36.070
35.590
35.840
35.560
36.280
36.050
33.250
33.260
32.850
32.580
32.160
31.540
31.750
31.700
31.520
31.900
32.770
33.800
33.180
34.020
34.300
33.700
32.970
32.200
31.500
32.190
31.970
31.560
30.810
31.930
31.370
31.290
32.150
32.040
30.850
30.730
30.790
31.030
30.160
29.230
28.590
29.330
28.950
28.860
28.820
28.510
28.420
27.860
28.500
29.070
29.480
30.010
31.290
31.710
31.430
30.800
31.730
31.870
33.120
32.610
32.110
31.780
32.550
32.420
32.870
33.770
33.270
32.750
32.830
33.290
32.000
31.890
31.150
30.360
30.480
30.100
30.710
30.600
31.000
30.640
30.870
31.520
31.580
31.650
31.730
31.530
30.680
30.380
30.400
30.860
30.910
31.200
30.840
31.400
30.840
31.330
31.960
32.120
31.820
32.470
31.820
32.450
32.590
32.290
33.020
32.530
32.400
32.700
31.760
30.820
30.200
31.500
30.520
28.900
29.360
29.510
29.420
28.830
28.830
27.540
27.100
27.510
27.130
27.710
28.140
27.800
28.240
28.470
28.770
28.290
28.020
28.150
28.480
28.450
28.030
28.090
28.990
29.200
28.240
28.000
27.700
27.390
27.060
27.000
26.790
26.340
25.950
25.900
25.730
26.280
25.980
26.500
26.860
26.990
26.770
26.400
26.700
26.300
