122977.63
59422.96
60722.52
74005.50
58312.72
75689.19
53020.33
53490.99
67111.49
61144.39
85851.39
72910.98
72354.42
59295.87
93866.16
156600.73
213204.08
76207.62
100210.26
53132.21
60844.32
77580.23
61634.37
64410.41
63170.11
62020.05
59938.91
41835.31
52992.76
44799.43
58127.30
46713.92
55951.88
89411.59
63233.45
69791.36
36903.35
45717.28
68204.30
48278.33
50328.52
39217.47
42714.47
42614.50
44388.20
48183.69
43459.95
52241.25
34688.20
32551.97
48573.31
37316.87
71543.56
75597.83
41714.77
38303.40
53533.71
85952.49
41530.00
46692.74
47095.05
44721.55
42254.75
43586.57
41420.01
64264.17
43222.39
39521.08
47656.34
41129.09
55406.15
70001.17
48256.18
49407.00
86310.53
73399.56
53976.03
86882.39
123858.93
57396.54
49239.41
56119.74
66801.67
81984.02
57250.18
63869.76
44627.26
40723.78
68764.96
93447.86
75428.33
92150.86
81293.31
76196.85
52804.81
41239.74
52675.07
39277.27
55829.52
57293.05
63336.76
39373.82
50365.83
47646.62
28413.57
16.00
54605.94
23867.35
38877.73
42596.39
53704.64
45107.01
67061.67
79475.37
100783.30
48870.24
40055.27
47199.74
43921.27
44946.98
58135.38
49255.40
48874.13
44099.18
47083.80
39957.52
40243.99
44985.15
70456.82
87170.87
43426.41
49854.08
60195.35
29634.67
32810.03
51210.17
39803.00
53938.47
92635.53
50817.59
53399.88
85557.52
56482.74
67355.55
60419.18
74248.18
105921.17
146022.81
103156.24
151197.59
170826.62
265609.41
342568.00
68606.58
92336.17
162897.52
261288.59
104979.29
151083.52
161014.19
158516.20
241376.72
305926.53
178943.52
326215.25
464808.00
61514.57
88460.00
51172.12
94703.79
107849.58
80937.36
102719.79
158883.03
67966.61
77643.75
53180.35
51874.24
68184.45
57252.30
64333.46
99605.92
42334.82
49367.07
43453.51
73427.98
119772.37
57066.05
56136.84
54071.19
49680.45
71626.96
71695.47
86657.87
159946.84
77588.79
74155.74
111108.00
92456.60
54032.26
69244.14
77157.34
79560.72
79357.49
61675.56
88707.58
133738.81
158760.02
68711.28
78994.96
99417.45
159826.52
102760.87
134193.77
192085.12
84398.61
113290.04
158563.95
218023.86
73578.88
95161.51
125102.26
92001.30
89219.33
134383.83
141081.56
300023.69
342153.41
137962.30
131820.02
161555.66
182728.80
327203.47
382045.38
253263.38
296216.09
544937.81
391163.19
238153.05
257573.20
115930.49
177771.56
142148.53
160331.69
184989.31
174360.64
179942.39
269222.06
344286.12
230023.95
362135.19
422117.62
165022.88
244539.31
210044.62
227107.91
255903.48
275585.97
244984.78
327949.88
268752.97
271222.41
346521.56
492765.09
661666.19
486140.06
487640.31
282769.88
578500.00
315846.72
278923.28
285929.25
380001.44
370524.81
477861.91
358633.59
490860.38
482772.66
317832.53
345203.12
407531.72
288090.72
370394.81
615068.50
505056.53
650092.81
615841.44
482757.97
458309.62
455127.50
377916.97
299734.41
399870.88
516925.59
759394.25
653655.19
648248.62
858004.88
868451.56
991547.38
822302.50
577753.06
508196.66
576914.38
773434.19
708610.50
541424.69
674947.25
686411.69
537229.81
671837.00
761499.94
807056.25
840401.62
838679.06
909308.56
793683.81
684970.19
551713.38
569688.94
388003.09
319893.88
432347.50
470219.75
489600.62
505223.81
682320.06
807864.75
613294.81
724431.56
144147.45
630783.94
742557.88
505177.16
785767.88
705287.19
810136.50
914260.12
516267.53
466766.84
384822.19
430952.12
560593.06
552881.69
633886.31
668142.81
446245.94
491377.16
727817.31
790770.44
22408.73
149617.94
199211.30
246501.52
295075.44
214480.41
173605.12
149160.55
151818.22
152568.14
128738.98
171835.84
39164.00
162465.75
172667.94
120137.71
177823.48
300258.69
128504.88
197166.12
174044.55
124831.55
190133.02
255546.66
174174.09
224635.91
242534.31
277491.91
167377.31
137622.61
301681.16
356561.31
208026.64
356111.09
291989.19
323448.12
302843.16
343521.84
512986.66
584705.19
477826.19
623029.56
653077.12
756966.12
652363.19
665779.81
258093.98
369357.91
339164.97
175275.27
196096.45
425284.09
211479.78
160022.12
198842.84
202296.91
197808.94
155077.64
83879.47
83216.87
84407.95
121763.80
233470.09
181536.73
208743.27
206274.70
136349.89
213831.98
154051.31
154510.02
202705.56
154518.42
117412.05
146730.97
145556.69
85179.90
102576.18
2817.00
48795.99
87278.50
46372.99
93822.19
68618.99
72438.70
126763.96
104835.61
117829.18
233348.03
262239.25
173141.02
278525.44
182667.53
128000.35
154358.19
163286.50
112055.61
88390.36
128241.97
138970.52
167196.83
78224.00
59240.74
96999.06
86742.52
157326.20
177024.75
114710.96
129599.99
124980.39
162731.89
236072.41
200558.06
133874.44
97512.36
215592.14
290827.72
366958.94
25451.00
64936.00
18668.00
191436.48
125535.74
87780.78
114997.31
144070.41
156598.56
204057.05
198320.62
136163.67
162962.03
161567.72
163012.44
171266.38
239921.22
201769.91
180627.05
184675.16
193303.27
170620.42
174524.88
214397.42
216776.45
175680.11
133227.88
172840.44
195743.61
287309.12
256944.22
448844.25
373103.41
221203.70
188247.27
229253.20
147607.20
208965.12
185194.83
133608.20
141184.34
126629.58
208010.03
224367.52
279405.59
267512.31
98990.32
100586.96
78866.64
127099.63
5397.13
213267.38
133537.94
136055.23
175656.16
58155.62
30647.22
43053.70
42035.03
67786.06
48412.83
71135.60
31044.08
33535.61
46775.07
58753.57
65072.83
50745.05
53936.88
60926.69
86763.01
72278.17
55972.11
50024.21
36169.70
33843.25
44392.37
33503.10
51423.49
34575.99
49484.53
80427.61
66327.66
52742.83
77838.35
96741.37
31099.10
29360.26
30818.79
35768.12
64202.43
59022.05
39484.65
52548.95
44845.36
55241.15
60122.88
50166.48
53433.91
79017.02
60750.55
87960.76
78631.91
110851.86
159623.05
128374.20
96685.74
87531.51
38999.41
32165.20
41809.80
26829.05
20524.57
29863.30
19524.71
26102.00
27993.50
37914.34
24077.18
54041.67
39777.62
36241.16
26644.36
24775.83
41461.52
38106.46
36139.36
34286.21
30070.18
29913.46
24603.52
33570.18
47126.62
81186.54
27193.83
50365.30
38161.72
52659.17
26915.46
42629.94
55827.49
72238.12
51929.76
52032.23
56505.74
46451.88
57931.47
76220.15
38632.12
43135.05
41137.84
41852.44
47013.57
86258.88
65948.64
67137.08
140792.56
110134.00
167259.05
143318.78
144079.81
265827.38
87923.50
57989.15
51088.20
78299.65
124386.48
105849.34
60049.46
82753.27
64311.13
73239.89
86399.76
97920.44
55538.14
41847.60
55600.86
65351.48
38583.57
27781.35
45910.66
58077.60
47201.39
32631.18
32947.82
40043.94
33194.45
43542.22
43666.93
30250.98
70171.12
81078.22
115243.12
119781.01
55678.53
29126.26
47405.76
31769.10
43996.80
54227.19
28745.32
58062.27
30568.18
