6.490
6.400
6.370
6.360
6.300
6.280
6.240
6.360
6.360
6.330
6.330
6.420
6.440
6.510
6.500
6.430
6.400
6.400
6.260
6.440
6.520
6.500
6.380
6.320
6.250
6.210
6.470
6.500
6.510
6.390
6.400
6.460
6.440
6.460
6.460
6.260
6.170
6.030
6.090
6.010
6.260
6.190
6.350
6.470
6.510
6.570
6.580
6.580
6.430
6.370
6.350
6.610
6.690
6.670
6.850
6.910
6.920
7.060
7.110
6.920
6.790
7.010
7.030
7.050
6.750
6.670
6.960
6.960
7.060
7.100
7.090
7.050
7.180
7.150
7.230
7.370
7.320
7.390
7.500
7.410
7.460
7.570
7.710
7.560
7.400
7.220
7.370
7.410
7.260
7.230
7.240
6.850
6.900
6.830
6.760
6.810
6.810
6.980
6.870
6.880
6.960
6.510
6.400
6.440
6.280
6.320
6.330
6.270
6.270
6.360
6.170
6.100
6.090
6.210
6.190
6.560
6.710
6.870
6.990
7.080
6.960
6.950
7.010
6.920
6.850
6.910
6.980
7.050
7.050
7.070
7.160
7.220
7.170
7.210
7.350
7.240
7.190
7.270
7.220
7.850
8.070
8.140
8.210
7.800
7.720
7.930
7.930
7.910
8.170
8.240
8.470
8.430
8.760
8.930
8.790
9.020
9.290
9.530
9.510
8.660
7.870
7.810
7.430
7.430
7.590
7.700
7.450
7.550
22.920
23.600
23.500
23.380
22.820
22.980
22.970
21.890
21.790
21.690
21.650
21.690
21.700
21.780
20.570
20.180
20.300
20.550
20.140
21.210
22.390
22.440
22.450
22.570
22.560
23.000
22.220
22.900
23.060
23.800
24.300
24.100
23.750
23.740
23.730
24.020
24.050
25.270
25.730
26.180
25.000
26.400
26.400
26.660
24.690
23.710
24.000
24.100
23.730
24.060
23.010
23.000
21.600
22.110
21.790
22.310
23.040
22.980
23.040
23.060
24.380
24.160
24.450
24.680
24.650
24.600
24.570
23.530
23.410
23.700
23.200
23.410
23.700
23.630
23.880
22.980
23.270
22.260
22.790
22.890
23.230
23.400
21.680
21.150
21.750
21.680
20.370
19.030
18.760
18.280
17.750
17.620
18.750
18.650
18.950
19.220
19.520
18.660
18.840
18.350
17.750
17.200
17.400
17.610
17.170
17.150
16.500
16.450
17.040
16.590
16.610
16.500
17.090
17.340
17.620
17.920
18.500
17.620
17.570
16.940
17.160
16.930
16.850
16.410
16.420
16.220
16.720
17.550
17.260
17.510
16.680
16.400
16.260
16.390
15.950
15.960
16.410
16.030
15.560
15.560
15.590
14.900
15.370
15.440
15.380
15.730
15.640
15.250
14.850
14.360
13.860
14.090
14.310
13.740
13.790
14.080
14.200
14.240
13.900
14.790
14.750
13.800
13.600
14.370
15.040
16.710
16.500
16.840
16.250
14.770
14.790
14.610
13.960
14.260
14.510
14.220
14.040
13.450
13.660
12.570
13.080
13.250
14.710
14.730
14.700
15.720
16.130
15.750
15.390
14.480
13.160
14.070
14.090
15.660
15.500
17.160
16.410
17.330
19.250
19.890
19.560
19.330
19.750
19.690
20.360
20.180
20.270
20.350
21.090
20.580
19.580
19.560
19.330
18.920
18.820
19.190
20.100
20.200
19.800
19.220
20.190
20.620
21.240
23.600
23.010
20.920
20.280
20.080
20.010
19.480
20.250
20.700
19.690
20.380
20.530
20.520
21.150
19.930
18.120
18.700
17.800
17.890
18.220
18.030
17.950
18.890
18.640
19.710
20.430
19.020
18.240
16.580
15.070
13.700
12.450
13.680
15.200
16.500
18.100
17.160
19.070
21.190
23.300
23.380
22.770
25.300
27.260
27.050
30.050
30.120
32.110
30.680
29.990
30.910
28.100
26.310
27.220
28.940
26.830
25.720
25.730
26.500
24.580
48.480
47.450
46.490
47.500
46.250
46.700
43.880
42.030
41.100
43.590
44.560
46.300
44.830
44.000
44.440
46.720
47.440
46.150
47.020
45.300
43.650
47.100
48.980
51.290
56.990
54.280
49.500
49.090
46.000
48.450
46.770
44.300
43.130
42.000
42.330
41.990
41.910
43.580
44.350
42.500
41.190
40.970
41.350
41.300
41.260
39.800
39.090
39.360
39.770
39.620
41.050
41.700
40.400
39.140
38.700
39.600
39.590
39.990
40.080
40.200
40.560
39.180
36.690
36.000
35.250
34.710
34.960
35.460
36.770
37.710
36.700
36.630
36.700
34.800
34.660
34.640
33.950
34.700
32.320
32.600
31.920
31.000
30.830
31.330
30.300
30.990
31.000
30.500
30.280
30.230
30.120
29.180
28.490
28.500
29.920
30.660
29.580
28.200
29.330
31.390
30.900
29.900
30.510
30.400
30.250
29.480
29.210
28.000
29.530
29.250
28.380
27.360
27.950
28.650
29.050
29.070
29.240
29.610
29.910
28.520
28.520
29.110
29.520
29.680
29.180
28.550
29.430
29.010
30.800
30.830
30.700
30.800
31.140
31.390
32.040
32.200
32.500
32.210
29.970
29.900
29.890
30.130
29.550
29.940
29.650
29.900
30.770
30.500
30.280
30.800
31.010
31.040
29.900
29.370
28.850
29.260
28.000
27.480
27.390
28.610
27.900
27.940
27.480
28.900
28.760
28.700
28.600
28.910
28.600
29.260
29.580
28.400
27.700
27.700
26.900
26.800
26.600
27.860
27.890
28.200
28.780
28.820
27.600
26.250
25.200
25.640
25.490
25.290
24.650
24.250
25.020
24.590
24.300
24.200
25.060
24.760
24.850
25.130
24.290
23.920
23.920
24.550
24.490
24.430
24.310
24.100
25.070
26.450
25.560
25.560
25.900
26.510
