19.180
19.190
19.270
19.300
18.850
18.810
18.870
18.970
18.470
18.470
18.770
18.820
19.050
18.890
18.900
18.730
18.670
18.690
18.700
18.950
19.090
19.050
18.430
18.670
18.340
18.500
18.790
18.850
18.690
18.430
19.260
20.220
20.200
20.680
20.830
20.670
20.100
20.160
19.520
20.340
20.360
21.980
23.680
23.870
24.800
23.460
22.950
23.240
23.330
22.160
22.690
23.100
23.370
23.220
24.050
24.500
25.180
23.290
22.110
23.470
23.500
22.080
20.660
21.300
19.500
19.400
19.570
19.600
19.780
19.790
19.940
20.580
20.600
20.440
20.850
20.600
20.360
20.450
20.370
20.270
20.430
20.430
20.480
21.050
21.120
20.730
20.670
20.670
20.900
19.290
18.910
18.950
18.930
18.720
19.040
19.000
19.380
19.680
19.660
19.840
19.830
19.220
19.540
19.590
19.650
21.550
19.650
19.100
19.390
19.880
19.450
19.260
19.180
18.450
18.650
18.650
18.900
18.760
18.820
18.950
18.670
18.440
18.140
17.670
17.630
17.380
17.710
17.780
17.700
17.940
17.920
17.950
17.690
17.690
17.540
17.340
17.230
17.300
17.690
17.900
18.040
17.930
17.960
17.930
18.140
18.350
18.330
18.360
18.370
18.220
18.630
18.750
18.470
18.490
18.560
18.710
18.880
18.820
18.880
18.700
18.810
18.730
18.580
18.860
18.130
17.960
18.030
18.250
18.290
17.880
17.940
17.890
17.840
18.030
17.960
17.450
17.750
17.470
17.450
17.580
17.680
17.740
17.350
17.370
17.470
17.460
18.040
18.200
18.190
18.180
18.330
18.270
18.340
18.470
18.620
19.270
19.130
19.570
19.370
18.450
18.340
18.360
18.250
18.430
18.600
17.740
17.620
17.950
17.850
18.060
17.840
17.800
17.870
17.880
17.660
17.420
17.640
18.040
17.990
17.590
17.720
17.640
17.510
16.940
16.800
17.100
17.260
17.990
17.900
17.850
17.970
18.180
18.360
18.200
18.060
18.150
18.240
18.260
17.510
17.420
17.370
17.400
17.420
17.430
17.480
17.140
17.040
17.100
17.060
16.740
17.170
17.130
16.850
17.140
17.230
17.470
17.550
17.050
16.950
17.640
17.940
18.190
18.370
18.480
18.440
18.770
18.980
20.200
23.160
22.950
22.590
23.140
22.570
22.280
22.640
22.800
22.670
22.860
22.690
22.390
22.440
22.170
21.960
22.350
22.280
23.300
22.980
22.930
23.890
22.790
23.780
22.720
23.870
24.480
24.230
23.600
24.090
24.240
23.860
24.580
25.250
24.100
24.170
24.980
24.600
24.980
24.090
23.480
23.670
22.480
21.660
22.090
22.220
22.550
23.300
22.650
23.660
22.200
20.290
21.700
21.500
21.960
21.980
21.200
20.970
20.500
20.400
19.170
18.770
17.900
17.910
18.100
18.600
18.820
18.140
18.110
18.380
18.260
17.730
17.760
16.820
16.230
18.100
17.740
18.160
18.200
17.760
17.010
16.330
16.970
17.200
17.310
16.230
15.700
15.890
16.990
19.050
20.180
20.550
22.510
22.690
22.860
22.180
22.470
22.700
22.780
21.000
20.950
21.750
21.500
20.130
19.250
19.480
18.760
18.400
20.350
20.980
20.990
20.500
20.620
20.160
18.800
17.900
18.000
18.270
16.610
15.100
15.780
16.890
17.730
19.990
21.290
20.750
22.600
24.000
25.750
24.850
24.670
26.450
27.940
28.190
29.000
30.000
29.670
28.290
28.000
27.260
28.000
29.180
27.850
28.800
28.200
26.930
26.880
29.450
29.600
59.000
55.790
53.590
48.720
45.980
44.680
44.380
44.300
45.500
43.080
41.480
41.400
39.250
39.680
41.480
42.670
42.590
41.300
40.840
41.470
40.600
40.180
41.400
41.250
39.390
38.790
40.120
39.900
39.700
43.660
40.810
37.600
39.080
39.850
40.480
39.780
36.960
35.450
35.000
35.130
36.000
37.600
35.780
35.500
35.500
35.970
36.610
36.150
35.850
34.380
34.470
35.090
35.390
35.300
35.800
37.000
37.050
38.300
34.820
32.100
32.310
33.500
32.490
32.490
31.460
30.200
27.570
27.380
26.950
26.950
27.940
28.180
28.800
28.770
28.080
29.090
28.280
28.860
29.850
29.890
29.800
30.110
30.600
29.450
29.250
28.940
29.680
27.970
28.350
27.800
28.790
29.180
29.240
30.000
28.200
28.120
29.430
30.700
30.000
29.880
30.380
30.500
31.550
31.500
31.700
30.000
28.510
28.630
28.000
26.630
24.210
23.070
23.480
23.900
24.480
23.920
23.640
23.500
23.160
23.770
23.320
22.620
20.570
20.440
20.300
20.880
20.830
21.980
22.000
22.700
22.080
21.780
21.970
22.090
22.200
22.340
22.450
22.250
21.930
21.260
21.620
21.940
22.490
22.560
22.760
22.960
22.290
22.300
22.350
22.610
22.660
21.680
21.360
21.300
20.780
21.080
20.940
20.660
20.880
21.100
20.690
20.530
21.320
21.490
21.550
21.970
21.890
21.790
20.950
20.660
20.770
20.330
20.220
19.950
19.770
19.640
19.910
20.250
20.170
19.800
19.890
20.180
19.570
19.310
19.280
19.170
19.020
18.960
18.730
18.980
19.090
19.210
19.100
19.450
19.140
19.440
19.060
18.730
18.440
18.360
18.680
18.750
18.750
18.760
18.560
18.600
18.350
18.380
17.730
17.800
18.300
18.170
