-0.250
0.340
-0.720
-0.060
-0.070
0.680
0.050
-0.410
0.040
0.600
-0.430
0.620
0.580
0.270
-0.670
0.580
0.120
0.010
-0.260
0.420
-0.070
0.330
0.320
0.330
0.130
-0.390
0.280
-0.420
-0.090
0.320
-0.470
-0.250
-0.600
0.120
-0.030
0.850
0.090
-0.030
0.380
-0.570
0.300
-0.680
-0.380
0.080
-0.090
0.560
0.300
0.330
0.290
0.080
-0.980
-0.110
0.550
-0.010
0.460
0.160
-0.640
0.090
-0.420
-0.540
0.070
0.080
-0.180
0.710
0.040
0.180
-0.160
0.050
0.260
0.350
-0.020
0.020
0.630
0.040
0.120
0.530
0.230
-0.190
-0.260
0.250
-1.350
0.450
-0.180
0.030
0.390
0.010
-0.050
0.070
-0.200
-0.120
-0.390
0.190
0.130
0.540
0.140
-0.230
-0.360
-0.070
0.490
-0.320
-0.180
0.600
0.090
0.120
0.470
0.470
-0.010
0.010
-0.150
-0.150
1.590
-0.390
0.580
0.460
-0.360
-0.330
-0.390
0.010
0.200
0.530
0.260
-0.180
0.210
0.010
0.250
-0.370
0.060
0.060
0.570
0.000
0.380
0.180
0.110
-0.100
0.000
-0.020
0.210
0.070
-0.920
-0.050
0.010
0.000
-0.070
-0.390
-0.310
0.060
0.050
0.330
0.230
-0.010
-0.120
-0.280
0.050
0.650
-0.140
0.090
-0.460
0.040
-0.200
-0.020
0.200
0.080
-0.050
-0.100
-0.330
0.040
0.170
0.030
0.010
-0.080
-0.030
0.020
0.200
-0.060
0.020
0.500
-0.200
-0.060
0.070
-0.090
0.240
0.370
0.080
0.380
0.090
0.140
-0.260
-0.300
0.010
0.120
-0.030
0.210
-0.050
-0.020
-0.510
-0.260
-0.090
0.070
-0.020
0.330
0.090
-0.330
0.080
0.290
-0.920
-0.010
-0.330
-0.050
0.200
-0.340
0.060
-0.340
0.100
0.830
0.430
0.130
-0.430
-0.410
0.390
0.190
0.410
-0.060
0.110
-0.100
-0.860
0.330
0.360
-0.010
0.450
0.030
0.130
0.120
-0.060
0.090
-0.110
-0.340
0.060
-0.130
0.480
0.040
-0.010
-0.360
0.260
0.020
0.610
0.140
0.020
0.250
0.060
0.310
-0.190
0.200
0.060
-0.290
0.020
0.470
0.100
0.350
-0.090
-1.360
0.050
-0.120
0.270
0.100
-0.060
0.130
0.400
-0.290
-0.120
0.190
0.090
-0.220
0.120
0.240
-0.200
-0.780
-0.440
0.090
0.180
0.350
-0.270
0.080
-0.500
-0.630
-0.140
-0.290
1.110
-0.430
0.200
0.300
0.010
0.330
0.620
0.010
-1.130
-0.030
-0.480
0.590
0.170
-0.050
0.540
1.250
-0.510
-0.600
0.250
0.270
-0.010
-0.240
0.280
-0.520
0.090
0.460
-0.600
-0.280
0.210
0.100
0.270
0.700
-0.670
0.580
0.920
-0.100
-0.600
-0.810
-0.650
0.780
-0.580
-0.430
0.680
1.150
0.660
0.410
-1.070
-0.100
-0.170
0.590
0.280
-0.150
0.570
0.770
-0.280
-0.730
0.460
-0.420
0.230
0.190
1.010
0.680
0.370
-0.920
0.600
0.060
0.250
-0.120
0.290
-0.010
-0.160
0.280
-0.120
0.220
-0.790
0.140
-1.030
0.170
0.180
-0.990
-0.260
0.090
0.290
-0.200
0.040
-0.180
-0.100
0.050
0.020
0.250
0.200
0.030
0.160
0.210
-0.200
0.010
-0.090
-0.370
0.070
0.030
0.250
-0.120
-0.120
0.210
-1.120
-0.430
-0.140
0.570
0.190
0.060
0.280
-0.170
-0.130
0.280
-0.290
-0.260
-0.010
0.260
-0.100
0.160
-0.120
0.400
0.290
-0.950
0.040
0.390
1.050
-0.170
0.010
0.330
0.420
-0.930
0.070
-0.330
-0.150
0.570
0.540
0.920
0.400
0.120
0.360
0.060
0.030
-0.210
0.160
-0.360
0.070
-0.300
-0.200
-0.050
0.720
0.770
0.700
-0.350
-0.810
0.080
-0.200
0.390
0.470
0.280
-0.270
-0.670
-0.410
0.510
0.470
-0.590
-0.900
-1.000
-0.510
-0.540
0.200
-1.200
0.110
-0.020
0.370
-0.570
0.270
1.080
0.370
-0.160
-0.370
0.690
-1.130
-0.350
-0.210
0.380
-0.220
-0.390
-0.280
0.330
-0.010
0.040
0.390
1.060
0.070
-0.950
1.050
-1.160
-0.580
0.910
-1.260
-1.400
-1.170
0.250
-0.970
-1.760
-0.630
0.360
-0.070
-0.090
0.430
1.500
0.970
-0.460
-0.890
1.500
-0.290
0.670
1.330
0.830
-0.330
-1.150
-0.250
0.280
0.630
-0.040
1.020
0.450
0.250
0.080
-0.380
0.270
-0.250
0.460
0.620
0.470
-0.460
-0.150
-0.510
-0.100
-0.300
-0.030
-0.270
0.470
-0.490
-0.240
0.140
0.280
-0.500
-0.510
-0.140
-2.240
-1.100
1.600
1.650
-0.270
-0.700
2.410
1.160
0.820
1.270
-0.100
0.210
0.030
-0.670
0.630
-0.260
0.680
0.320
0.230
0.920
-0.100
1.530
0.000
-0.380
0.500
0.180
0.040
-0.230
0.410
0.150
-0.330
0.350
-0.080
0.110
-0.120
-0.100
-0.080
0.560
0.400
0.020
0.270
0.250
-0.130
-0.580
-0.090
0.030
0.120
-0.060
-0.320
-0.670
-0.380
0.220
-0.110
0.610
0.980
0.950
0.410
-0.950
-0.090
0.900
0.230
-0.160
0.010
-0.020
-0.040
0.650
0.220
-0.020
-0.200
-0.330
-0.480
0.060
0.160
0.280
-0.100
-0.690
0.020
-0.460
0.410
-0.270
0.530
0.560
0.020
0.870
-1.480
-0.690
-0.590
-0.010
-0.070
-0.050
-0.580
-0.500
0.030
0.250
-0.090
0.590
-0.100
-0.290
-0.010
0.040
-0.090
-0.750
0.330
1.570
-0.690
0.070
0.570
0.270
-0.140
-0.310
0.430
0.160
-0.110
0.600
0.380
-0.140
-0.020
0.050
-0.260
0.180
0.060
-0.810
-0.570
0.200
-0.300
0.520
0.690
0.180
-0.310
-0.460
0.230
-0.070
0.160
-0.460
-0.140
0.140
0.110
-0.510
0.130
0.330
0.080
0.650
0.510
0.390
-0.090
0.070
-0.710
0.800
-0.220
0.660
-0.290
0.220
-0.420
0.230
0.160
0.070
0.440
0.040
-0.550
-0.350
0.270
-0.270
0.990
0.160
0.100
