9.480
9.390
9.090
9.050
8.780
8.670
9.160
9.250
9.300
14.820
14.700
14.680
14.550
14.450
14.140
13.800
13.690
13.750
13.950
13.860
14.350
14.190
14.270
14.360
14.280
14.390
14.610
14.650
14.070
13.470
13.280
13.700
14.000
13.550
13.300
13.520
13.550
13.890
14.700
13.950
12.810
12.680
12.850
12.500
12.050
12.100
12.000
12.180
11.950
11.490
11.360
11.450
11.450
11.360
11.350
11.690
11.460
11.270
11.350
11.460
11.330
11.370
11.630
11.850
11.950
11.860
11.800
12.100
11.980
11.830
11.770
11.750
11.060
10.850
11.350
11.270
11.170
11.800
11.400
11.320
11.250
11.300
11.430
11.250
11.780
12.000
12.110
11.880
11.400
11.490
11.270
10.960
11.090
10.880
10.300
10.150
10.090
10.090
9.640
9.800
9.850
10.100
10.050
10.150
10.390
10.340
10.420
10.530
10.350
11.150
11.100
11.080
10.470
10.520
10.720
10.950
10.690
10.690
11.000
11.740
11.500
11.490
10.710
10.790
10.260
10.360
10.150
9.880
9.030
8.580
8.840
8.620
8.870
20.300
20.000
19.480
19.500
19.100
19.230
19.130
19.190
18.450
17.950
18.600
18.490
18.670
18.450
18.970
17.920
16.480
15.780
15.980
15.890
16.150
16.280
16.480
15.870
16.200
15.650
15.170
15.560
15.290
15.650
15.250
15.420
15.050
15.130
13.780
13.560
13.470
13.530
12.440
12.570
12.670
12.640
12.320
12.490
12.640
12.420
11.950
12.700
13.130
14.290
14.540
14.680
14.780
14.550
14.880
14.760
14.090
13.450
13.800
13.920
13.480
13.700
13.700
13.790
13.870
14.700
16.050
16.280
16.390
17.440
17.660
18.400
16.790
16.500
16.890
17.070
17.960
17.860
18.320
19.070
19.490
19.380
20.920
21.250
20.960
20.610
20.400
20.250
20.000
20.430
20.850
20.490
19.580
19.670
18.970
19.190
18.700
18.600
19.040
19.070
18.690
18.460
18.330
18.180
17.850
17.800
17.820
18.260
19.130
18.520
18.150
18.370
18.260
17.670
17.160
17.960
17.550
17.350
16.380
15.880
15.940
15.860
15.650
15.390
15.120
14.700
14.860
14.980
15.090
15.050
15.300
15.480
14.620
14.710
15.170
15.250
15.100
15.580
15.550
14.770
14.930
15.100
14.440
14.530
13.860
13.990
14.150
14.200
14.330
14.360
14.010
14.480
13.670
13.350
13.440
12.870
11.790
12.350
13.220
13.810
13.500
12.550
12.340
11.970
13.780
14.700
15.480
16.100
17.190
18.790
18.380
16.960
16.070
16.080
15.530
14.540
13.860
14.340
14.290
14.300
15.320
16.590
16.320
14.840
13.490
12.900
16.400
15.080
16.900
18.700
17.830
18.500
19.210
21.100
21.630
21.350
22.980
25.250
25.960
24.990
26.120
26.480
26.100
26.150
25.940
26.200
26.700
27.480
25.690
23.500
23.900
22.270
23.370
24.770
24.750
23.880
23.400
23.450
23.160
21.550
20.510
20.080
21.800
20.700
20.470
20.490
20.100
19.530
19.580
19.670
20.080
20.080
20.090
20.500
21.330
21.450
22.500
21.500
19.770
17.970
16.340
14.850
13.500
12.360
11.990
11.880
11.840
11.960
12.030
11.980
11.840
12.080
11.080
11.200
10.960
10.930
10.840
10.940
10.660
10.710
10.720
10.890
10.690
11.020
11.080
11.240
11.090
11.090
10.950
10.970
10.880
10.960
11.150
