0.240
0.090
-0.120
0.110
-0.070
0.150
-0.190
0.030
0.200
-0.140
-0.220
0.110
-0.170
0.060
-0.050
0.080
0.240
0.200
-0.330
0.510
0.000
0.210
0.030
0.160
0.150
-0.810
0.640
0.020
0.070
0.150
-0.940
-0.400
0.070
-0.220
0.030
0.200
-0.150
-0.060
-0.420
-0.550
0.410
0.120
-0.050
-0.320
0.390
0.020
0.360
-0.160
0.090
-0.090
-0.610
0.030
-0.110
-0.010
-0.260
-0.390
-0.450
-0.090
0.120
-0.060
-0.310
0.110
-0.130
0.580
-0.160
-0.830
-0.090
-0.230
0.450
-0.160
-0.240
-0.350
0.700
0.130
-0.180
0.240
-0.090
-0.090
-0.080
-0.050
-0.280
0.180
0.040
0.120
-0.580
-0.550
-0.010
0.020
-0.260
0.040
-0.230
-0.350
0.560
0.200
-0.770
-0.110
0.500
-0.380
0.870
-0.410
-0.170
-0.110
1.030
0.710
0.080
0.010
-0.190
0.010
-0.410
-0.060
0.180
0.110
-0.090
0.520
-0.770
-0.820
-1.020
-1.060
0.460
0.350
-1.930
1.950
0.550
-0.330
0.300
0.000
0.710
0.310
0.130
-1.970
1.290
-0.130
-2.070
1.880
1.710
1.550
1.410
-0.200
-0.890
1.370
-0.090
0.430
0.040
-0.170
-0.260
0.010
-0.050
-0.230
0.180
0.000
-0.090
-0.020
0.180
0.120
-0.080
-0.120
0.110
-0.020
-0.010
0.060
0.200
-0.060
0.050
-0.010
0.000
0.050
0.000
-0.120
0.010
-0.170
0.010
0.160
-0.080
-0.030
-0.060
0.230
-0.070
-0.010
-0.080
-0.050
0.160
0.150
0.000
0.070
0.040
0.250
-0.170
0.020
0.010
0.050
-0.070
0.020
0.080
0.080
-0.530
-0.160
0.030
-0.030
0.150
0.040
-0.080
-0.140
0.060
-0.170
0.070
-0.020
-0.100
-0.080
0.070
-0.580
0.190
-0.210
0.520
0.070
0.200
0.200
0.010
-0.290
-0.080
0.180
0.300
-0.070
0.250
0.420
-0.130
-0.240
0.060
-0.280
0.070
0.230
-0.160
0.080
-0.070
0.090
-0.090
-0.100
0.390
0.180
0.190
-0.020
0.000
0.030
0.080
0.040
0.200
-0.030
-0.020
0.030
0.090
0.180
-0.130
-0.020
0.120
-0.080
0.000
0.060
-0.230
0.230
0.000
-0.430
-0.090
0.000
0.020
0.000
0.040
-0.130
0.360
0.180
0.130
0.010
0.010
-0.170
0.100
0.170
0.000
-0.420
-0.120
0.110
0.040
-0.110
-0.060
-0.060
-0.350
-0.340
0.030
0.180
0.360
0.050
-0.010
0.040
0.070
-0.020
0.090
-0.110
-0.680
0.000
-0.130
0.040
0.120
0.050
-0.020
0.240
-0.050
-0.210
0.040
0.240
0.000
-0.010
0.350
-0.270
-0.290
0.540
-0.310
0.030
-0.060
0.420
0.360
0.280
-0.150
-0.060
0.320
-0.020
-0.110
-0.230
-0.100
0.160
-0.370
0.010
0.550
0.320
-0.780
0.110
-1.380
0.470
-0.180
0.280
-0.180
-0.140
0.050
0.320
0.000
0.150
0.360
0.040
0.320
-0.410
0.290
0.050
-0.050
-0.960
0.190
0.240
-0.320
-0.150
0.440
0.200
-0.500
0.330
-0.270
0.200
-1.230
0.210
-1.310
0.130
0.310
-1.420
-0.020
0.120
0.330
-0.740
0.110
-0.260
0.600
0.410
0.460
-0.140
0.370
-0.040
0.120
0.290
-0.120
0.300
-0.080
-0.490
0.090
0.050
0.240
0.010
0.040
-0.210
-1.040
0.100
0.110
0.160
-0.050
0.060
0.150
-0.150
-0.030
0.130
-0.110
-0.270
-0.240
0.200
-0.060
0.300
0.040
0.790
-0.130
-0.070
-0.100
0.400
-0.380
0.140
-0.160
0.610
0.550
-1.460
0.390
-0.370
0.690
0.310
-0.560
0.430
0.460
0.050
0.500
0.240
-0.340
0.060
0.080
-0.230
0.100
0.510
-0.090
0.490
0.300
-0.210
1.150
-1.030
-1.410
1.280
-0.420
0.470
1.160
-0.310
-0.050
-0.920
-0.660
1.040
1.100
0.190
-1.250
-1.380
-0.970
-1.310
0.450
-1.740
0.580
0.010
1.530
0.260
0.420
0.820
0.700
-0.140
-0.120
1.010
-0.780
-0.230
-0.620
0.720
-0.050
-1.480
-0.620
0.890
-0.010
0.060
0.050
0.910
0.560
-1.440
0.230
1.290
1.170
1.060
-0.770
-1.270
-0.330
-1.440
-1.130
-0.920
1.320
-1.160
-1.810
-1.460
0.380
-0.790
-2.220
-0.220
-0.430
0.170
-1.150
2.140
1.980
0.550
-0.680
0.630
0.340
-0.570
-0.640
0.260
1.250
0.190
-0.040
0.450
0.330
0.450
0.380
0.400
-0.170
0.570
0.170
-0.390
0.510
0.030
0.440
0.350
0.460
-0.020
-0.420
-0.480
-0.240
-0.310
0.530
-0.600
0.160
0.130
0.190
0.270
0.490
-0.340
0.190
-0.090
-0.920
0.040
0.230
0.480
-0.420
-0.470
-0.060
1.220
0.380
0.100
-0.170
0.140
0.260
-0.130
0.010
-0.360
0.120
0.040
0.520
0.500
-0.080
0.290
0.410
0.010
-0.140
0.040
0.060
-0.160
0.220
0.410
-0.220
0.090
0.150
0.070
-0.130
0.050
0.100
0.170
0.130
0.170
-0.010
0.180
-0.460
-0.060
-0.070
-0.290
0.260
0.110
-0.190
-0.260
0.060
-0.220
0.430
0.130
0.120
0.310
0.370
-0.370
-0.090
0.510
-0.080
0.100
-0.260
-0.160
-0.290
0.060
0.130
0.220
0.300
-0.230
-0.380
0.210
0.070
0.270
-0.040
-0.870
-0.180
-0.190
-0.320
-0.100
0.360
0.010
0.080
0.560
-0.340
0.120
-0.660
-0.010
-0.200
0.500
0.030
-0.070
-0.200
-0.270
0.130
0.080
0.020
0.450
0.180
-0.190
0.230
-0.080
0.530
1.120
-0.430
0.180
-0.150
0.030
0.130
-0.120
0.130
0.080
-0.010
0.210
0.240
0.100
0.050
-0.280
-0.160
-0.090
0.090
-0.290
-0.130
-0.050
0.160
-0.010
-0.110
-0.100
0.010
0.030
0.060
0.230
-0.050
0.240
0.120
-0.170
-0.020
0.050
0.050
-0.370
0.300
0.130
-0.210
0.080
0.030
0.160
0.170
0.010
0.120
0.220
0.120
-0.130
0.010
-0.360
-0.120
0.180
-0.060
0.120
0.010
0.110
0.100
-0.080
-0.070
0.110
0.150
0.040
-0.190
-0.010
0.170
0.150
-0.250
0.020
0.020
0.160
0.120
0.120
0.160
-0.140
0.140
-0.140
0.160
-0.080
-0.110
0.050
0.110
0.100
0.090
-0.360
0.100
