67902.00
66030.06
84576.50
33152.00
57935.60
30872.00
82499.50
52433.50
73718.84
54106.80
152790.50
131442.17
68938.70
62095.04
49337.92
41330.50
47850.00
57603.85
55966.35
94541.85
127569.05
263080.84
201125.72
238814.69
112873.27
145495.03
233151.92
43818.58
29966.10
23117.53
62027.98
38764.00
57180.51
80791.02
95382.49
57626.00
28726.00
25962.32
49575.46
69609.50
62167.00
51800.00
45372.50
40737.00
81968.48
93538.10
69390.72
91383.50
70775.64
93016.00
115782.29
153422.75
170991.92
186589.77
72218.00
139285.73
120127.95
166284.09
162693.03
362297.41
280795.47
123934.00
231864.06
284673.16
237497.58
290723.19
167136.52
68485.12
111063.37
120705.52
174056.14
224380.02
117073.69
189736.05
363154.00
181167.78
273337.84
315688.00
581374.31
891665.81
553998.06
294193.81
230575.95
349288.88
514033.59
29493.00
224307.47
137301.73
183806.77
80091.46
91831.76
80822.20
141878.33
106167.72
113689.32
173785.97
222542.45
275002.28
203234.23
128955.60
204895.80
44617.42
61889.02
93111.74
52567.16
40218.89
30849.59
48876.40
69677.64
72880.62
21446.24
20327.76
29124.21
39858.41
20825.23
32602.58
31063.43
54442.39
83905.52
38077.95
37460.94
43899.67
44572.37
56241.16
67981.92
49883.40
54327.13
72684.60
82939.67
67083.88
93973.11
95552.82
93586.44
55211.74
48894.40
66197.86
49861.99
51973.85
79119.43
126735.33
60875.51
79770.25
56635.74
76558.95
61303.74
57583.11
85063.43
52054.12
63298.99
63711.14
73582.33
65691.67
113913.33
169356.16
154664.55
198815.61
149567.70
114810.21
44876.09
79135.35
168195.45
77362.07
29670.22
41010.63
39674.26
37008.87
50182.75
69439.23
42279.74
57444.68
47390.90
36320.80
37135.01
71789.96
126490.81
136609.81
67716.61
71442.30
55718.18
73429.42
105758.80
29509.80
18124.41
22392.56
24574.64
48210.10
40331.26
37419.91
25217.07
29889.56
42999.60
48917.69
57095.94
46466.93
62550.08
61198.19
49982.67
42910.49
66554.18
74466.72
45001.74
63499.46
82845.96
132338.61
72080.94
55388.39
43073.73
44423.24
41948.27
29492.66
49139.25
38554.72
18942.81
20141.88
38146.13
28872.20
20328.47
24572.68
24442.88
23006.27
25351.18
33027.19
29959.21
34714.11
36019.34
48523.84
42353.09
28042.14
41684.27
34666.41
29250.07
19370.71
26733.52
41567.49
28076.94
32322.25
46313.71
37423.16
27869.49
51691.94
36597.50
25547.31
26283.68
34005.60
45837.97
35326.25
34244.20
27161.78
34487.59
23311.56
35688.01
41691.97
36965.93
6338.00
33266.78
29823.71
24793.71
46755.78
53911.83
79669.35
34153.34
27369.09
21184.05
34549.96
33789.80
26886.30
48502.68
79389.59
63425.24
29784.51
24968.48
44607.92
34795.04
46532.35
62024.16
48816.30
80155.24
101073.89
125483.51
8184.00
31204.40
48301.43
26283.14
42738.41
31678.02
38752.90
30006.74
27533.73
38009.49
47631.88
54420.69
107528.37
37750.14
53725.19
55904.43
103279.53
42716.19
48020.39
50257.73
40237.82
47711.68
52588.92
54102.25
65809.93
72098.40
88376.23
108999.94
85483.13
82393.86
34090.56
30520.93
44187.89
31988.17
20592.21
22316.83
32519.82
52976.30
16302.16
182.00
18810.55
8820.36
13536.87
23735.57
17372.65
18060.57
30142.62
35764.11
17989.88
23744.84
15550.83
17141.11
21787.00
16561.78
23787.14
35902.28
27842.53
25541.41
30573.90
33895.07
35188.69
38449.96
37211.51
55342.23
16684.00
15450.00
34377.26
36247.48
70740.58
52685.51
53996.51
64532.57
46900.56
66520.66
97608.23
65143.51
46902.38
33836.78
55396.65
80455.10
58763.07
85576.24
125930.67
107732.40
138871.31
196653.75
2457.61
694.01
462.03
146.00
26719.56
71918.51
72035.17
69526.20
62577.03
94424.77
52613.85
55442.72
66079.66
52239.54
42880.14
51377.48
52694.46
54744.90
48819.62
39356.35
34983.89
41827.97
43228.16
28762.00
45594.05
66605.00
38251.74
36943.48
34547.63
49651.41
37435.45
36235.37
33141.74
65982.63
68492.93
33883.98
56620.94
39366.76
39510.40
43305.97
46928.00
47591.86
31540.02
52608.07
42357.45
64490.12
70720.47
43406.73
29746.30
45325.50
49537.60
43696.47
37991.21
27130.22
25510.42
49579.64
38013.85
48970.23
56794.54
35573.50
53436.33
65947.69
55756.64
120052.96
42398.22
51750.48
54833.12
82464.49
9646.98
17273.17
64004.15
59554.94
63546.10
47439.08
68627.79
92913.91
71924.37
41360.35
38650.61
24643.67
22650.66
29321.79
44481.15
16584.41
18271.23
28180.91
17690.86
29359.26
34514.70
23458.74
22280.51
24771.65
27063.59
24637.78
21360.53
35560.45
957.00
45371.65
63657.78
9483.62
6712.59
16930.73
9743.01
14343.53
13488.37
10774.82
9490.10
10546.56
13331.88
12102.94
11270.49
14755.39
22052.59
11788.10
15347.50
18588.90
31148.93
27853.35
18332.81
9439.98
8812.05
15113.91
18521.80
13556.89
23807.20
26178.42
23007.69
32240.43
30276.08
19843.83
32777.11
30890.94
16700.71
19264.85
12703.00
20124.11
25256.79
23992.69
41273.40
45664.86
27030.49
54291.63
55804.49
20038.94
23907.11
25430.43
24047.07
34123.65
37366.98
29495.90
36326.53
24277.15
22712.66
26817.86
19808.60
25981.18
17221.60
7968.88
10148.06
12828.27
26954.89
20335.07
18387.83
24407.32
19335.42
29866.30
22810.41
49278.26
43239.56
15904.77
36327.57
44319.13
43184.35
55426.66
80049.81
83587.13
26136.37
67070.91
44643.53
41995.82
38354.33
49847.51
28093.28
25658.36
31704.59
17637.69
21144.78
31887.02
36920.35
24417.70
27261.53
29285.03
27359.65
40461.11
82176.11
21371.25
19399.80
22824.00
29855.35
26038.53
17993.81
23321.56
18028.23
31179.75
16018.37
12941.45
22709.12
25954.70
22156.60
17368.84
14740.16
17752.63
17380.06
18192.06
23668.64
10817.93
13429.07
19705.40
14456.14
33288.54
17140.17
10115.40
44775.38
15541.93
19815.31
18235.92
18809.37
17881.77
19337.48
