-0.170
0.030
-0.070
-0.140
-0.190
0.420
-0.070
0.060
0.020
-0.210
-0.380
-0.290
-0.300
-0.830
-0.570
1.350
0.320
0.950
0.060
-0.130
-0.090
0.170
-0.350
0.750
0.650
-0.340
-0.170
-0.190
0.220
-0.450
-1.070
-0.390
-0.120
-0.230
0.320
0.120
-0.210
-0.040
0.340
-0.010
0.460
-0.410
-0.450
-0.010
0.210
1.240
0.160
0.280
-0.410
0.260
-0.870
-0.210
0.210
-0.460
-0.620
-1.160
0.050
-0.310
-0.250
0.630
-0.750
-0.050
-0.270
0.340
-0.240
-1.280
-0.030
-1.870
0.850
-0.550
0.040
0.190
0.270
0.200
1.480
0.120
-0.250
-0.230
-0.300
0.100
-0.270
0.400
0.040
0.160
-0.050
-0.800
0.020
0.130
-0.490
0.180
-0.180
-0.460
0.170
-0.690
0.000
0.130
-0.490
0.030
0.050
-0.410
-0.690
-0.290
0.360
1.860
1.690
0.340
-0.590
1.590
-0.130
0.580
0.380
0.030
0.100
0.060
-1.120
-0.530
-0.270
-0.150
-0.120
-0.100
0.260
-0.170
0.640
0.340
-0.470
-0.020
-0.420
-0.360
0.240
-0.140
-0.130
-0.340
0.970
0.070
0.340
0.340
0.610
0.220
-1.220
-0.210
-0.560
0.060
0.140
0.080
-0.400
0.070
-0.250
-0.200
0.140
-0.310
-0.240
-0.170
0.290
1.060
-0.110
-0.100
-0.610
0.010
0.440
0.260
0.230
0.390
-0.170
0.060
0.530
0.260
-0.320
0.150
0.290
-0.190
-0.210
0.040
-0.260
0.350
0.270
0.120
-0.430
0.060
-0.030
0.110
0.650
0.430
-0.260
-0.100
0.190
0.080
-0.790
-0.170
-0.520
0.000
0.150
0.220
-0.460
0.670
-0.010
0.320
0.030
-0.140
0.460
-0.190
-0.090
0.140
-0.080
0.000
0.370
0.030
-0.250
0.080
-0.110
-0.210
0.260
0.220
-0.100
0.420
0.300
0.000
-0.330
0.000
0.520
0.030
-0.260
0.090
-0.080
0.230
-0.810
-0.600
0.150
-1.300
0.050
0.870
0.060
-0.240
1.030
-0.230
-0.540
0.090
-0.110
0.320
-0.070
0.110
-0.030
-0.210
-0.460
-0.140
0.740
-0.290
0.180
0.530
0.100
0.060
0.760
-0.060
0.150
-0.180
0.250
0.240
-0.050
0.340
-0.100
-1.460
-0.520
-0.210
0.460
-0.270
-0.080
0.000
0.440
-0.340
0.220
-0.020
-0.420
-0.430
-1.750
-1.950
1.270
0.010
1.650
0.540
-0.300
0.170
1.130
0.150
0.100
-0.180
0.970
0.210
0.370
-0.410
0.110
-0.350
-0.020
0.400
0.090
0.000
-0.440
0.430
-0.430
0.060
-0.020
-0.120
-0.040
0.420
-0.470
-0.840
0.080
0.140
0.020
0.000
0.350
-0.850
0.330
-0.770
1.430
1.300
1.180
0.320
0.200
-0.370
-0.290
0.050
0.000
-0.310
-0.210
0.340
-0.080
-1.090
0.230
-1.450
0.090
0.310
0.300
-0.050
-0.170
-0.040
0.950
-0.030
0.410
0.080
0.150
0.330
-0.130
0.260
-0.300
-0.160
-1.380
0.010
0.980
-0.540
-0.160
0.550
0.000
-0.610
0.270
-0.630
0.350
-1.290
0.000
-1.280
0.500
0.450
-1.600
-0.560
-0.050
0.260
0.370
-0.180
0.420
-0.510
-0.180
-0.080
0.350
0.940
0.060
0.060
0.110
-0.750
-0.350
0.200
0.250
0.500
-0.010
0.580
-1.010
-0.410
0.820
-1.780
-0.210
-0.310
0.670
0.710
0.090
0.040
0.050
1.520
0.410
-0.430
0.930
0.090
-0.280
-0.020
0.710
-0.140
0.470
0.510
-0.400
-0.480
0.090
0.480
0.630
-0.140
0.450
0.540
-0.860
0.110
0.050
0.250
0.360
-0.180
0.320
0.530
0.260
0.660
0.500
-0.340
-0.550
0.700
-0.490
0.260
-0.140
0.260
0.290
0.040
-0.120
0.800
-1.070
-1.190
0.060
0.030
0.690
0.670
0.500
-1.070
-1.220
-1.120
1.210
-0.140
-1.310
-1.510
-1.670
-0.810
-1.230
0.850
-1.750
-0.920
0.540
1.820
1.660
-0.810
0.930
0.160
0.600
1.430
-1.590
-1.760
-1.960
-2.180
1.280
1.860
-1.340
-1.450
1.950
1.770
1.610
1.460
1.330
0.200
-0.500
0.440
0.340
0.000
0.290
0.440
-0.800
-0.160
-0.060
0.170
-0.510
0.220
0.050
0.860
0.000
0.140
0.320
0.220
0.320
-0.110
-0.380
-0.080
0.340
0.170
-0.260
0.000
0.240
0.220
0.060
0.430
0.390
0.180
-0.150
0.250
0.120
0.080
-0.170
0.150
0.060
-0.040
0.380
0.080
0.090
0.030
0.000
0.010
0.120
0.140
0.090
0.130
-0.090
0.050
-0.240
-0.040
-0.080
0.030
-0.070
0.090
-0.190
0.220
-0.090
0.150
-0.140
0.120
0.260
0.210
-0.220
0.090
0.100
-0.170
0.000
-0.530
-0.050
-0.370
-0.660
0.040
0.360
-0.180
-0.020
0.090
0.300
-0.050
0.160
-1.070
-0.110
-0.010
-0.120
0.220
0.240
-0.100
-0.040
-0.090
-0.010
0.470
0.030
0.100
0.000
0.030
-0.040
0.070
0.150
-0.400
0.210
-0.480
-0.100
-0.120
-0.170
-0.160
0.050
0.140
-0.130
-0.170
0.080
0.210
0.090
0.380
-0.370
0.110
-0.210
-0.050
-0.140
-0.050
-0.230
-0.190
0.510
0.090
-0.150
0.090
-0.090
0.130
-0.290
0.500
0.400
0.190
-0.280
0.020
0.170
-0.450
-0.390
-0.100
0.170
-0.250
0.320
0.010
0.360
0.080
-0.150
0.450
0.270
0.190
-0.440
0.170
-0.350
-0.050
0.020
-0.170
0.070
-0.280
0.130
-0.080
-0.160
-0.160
-0.190
-0.200
1.050
0.470
0.910
0.830
0.110
-0.360
0.060
0.180
0.190
0.170
-0.050
0.000
-0.060
0.050
0.050
0.000
-0.680
-0.020
-0.200
-0.200
0.470
0.180
-0.100
-0.460
