4.540
4.420
4.390
4.350
4.350
4.360
4.330
4.360
4.370
4.360
4.400
4.440
4.460
4.420
4.420
4.440
4.400
4.460
4.400
4.410
4.450
4.480
4.380
4.320
4.310
4.350
4.550
4.490
4.470
4.360
4.440
9.130
9.160
9.140
9.350
9.030
8.910
8.870
8.880
9.090
8.920
9.020
9.030
9.050
9.060
9.120
9.200
9.170
9.090
9.090
9.150
9.240
9.260
9.320
9.320
9.700
10.230
10.700
12.000
11.780
11.600
11.250
11.180
10.940
11.080
11.650
11.410
11.100
11.200
11.250
11.280
11.110
11.200
10.660
10.420
10.050
10.000
9.940
9.980
10.000
10.100
10.220
10.340
10.450
10.480
9.940
9.840
10.100
10.220
10.400
10.200
10.160
10.100
9.910
9.890
9.950
9.800
9.780
9.750
9.730
9.700
9.360
9.460
9.570
9.510
9.990
9.990
9.960
10.070
10.090
10.210
9.900
9.950
10.050
9.950
10.000
9.870
10.050
9.860
10.160
9.780
9.800
9.980
9.620
9.550
9.500
9.700
9.700
8.990
9.080
9.090
9.040
9.020
9.000
8.950
8.820
8.580
8.910
9.100
8.860
9.060
9.020
9.040
8.990
8.670
8.380
8.390
8.370
8.470
8.440
8.580
8.480
8.550
8.600
8.790
8.700
8.570
8.500
8.620
8.580
9.220
9.990
9.890
9.870
9.890
9.840
9.690
9.880
9.860
9.990
10.140
10.760
10.550
10.480
10.220
10.390
10.290
10.340
9.820
9.840
9.490
9.990
10.110
9.830
9.650
9.700
9.700
9.440
9.550
9.440
9.610
9.680
9.740
9.640
9.580
9.090
8.940
8.960
9.030
8.740
9.340
9.680
10.060
9.870
10.000
10.150
10.110
9.780
9.240
8.730
9.410
9.430
9.680
9.950
9.860
9.500
8.850
8.770
8.450
8.600
9.090
8.590
7.900
7.670
7.720
7.680
7.850
8.240
8.090
7.860
8.120
8.240
8.040
7.790
8.060
8.270
9.050
10.160
10.650
10.050
10.000
10.200
9.750
10.390
10.220
10.100
9.750
9.980
9.760
9.990
10.260
10.460
10.310
10.720
10.540
10.820
10.670
10.200
10.050
10.290
10.490
10.150
9.780
9.580
9.480
9.310
9.300
9.560
10.300
10.610
9.990
9.870
9.830
9.700
9.400
9.640
9.890
9.620
10.870
10.190
9.330
8.750
8.530
8.770
9.230
9.400
8.840
8.100
7.730
7.200
7.780
7.680
7.700
7.800
7.900
7.430
7.270
7.300
7.000
6.760
6.600
6.680
6.430
6.530
6.600
6.700
6.600
6.950
6.360
6.130
6.380
6.280
6.260
7.150
7.200
7.240
7.290
6.900
6.810
6.800
7.080
7.490
7.460
7.060
7.470
7.470
8.690
9.550
10.190
9.950
11.100
10.800
10.870
10.250
10.170
10.440
10.010
9.440
9.300
9.550
9.470
9.350
9.350
9.760
9.690
9.710
10.750
11.290
11.410
11.390
10.420
9.470
8.610
8.650
9.900
9.460
9.930
10.940
10.800
12.000
12.580
13.570
13.400
13.470
14.520
15.440
15.290
15.780
16.370
16.700
16.680
16.350
16.680
17.280
17.320
17.180
17.290
16.700
15.990
16.500
18.340
45.800
43.510
41.800
41.940
39.460
37.050
33.680
30.620
29.290
29.650
28.790
29.150
28.020
26.000
24.450
25.430
26.000
26.450
26.520
27.300
32.000
30.800
28.480
26.560
25.490
25.570
24.940
25.600
26.680
24.590
24.860
22.690
21.770
21.480
20.710
20.090
19.550
19.740
19.990
20.150
20.090
20.880
19.950
19.780
20.190
20.190
21.020
19.400
19.280
19.500
19.580
19.110
18.760
18.550
18.270
18.340
18.590
18.360
18.920
18.920
18.820
18.630
18.750
18.750
19.050
19.360
19.450
20.210
20.500
19.850
19.550
19.860
20.030
20.500
19.580
18.890
18.660
19.230
19.880
21.000
21.430
19.500
18.800
19.700
19.820
20.000
19.790
19.800
19.390
19.900
20.480
20.700
21.210
22.000
20.390
20.300
20.300
19.690
20.560
18.700
18.200
18.220
18.990
18.400
18.300
18.350
18.120
17.650
17.530
17.430
17.270
17.470
17.600
17.550
17.360
17.040
17.390
16.950
17.690
17.850
18.500
18.350
18.360
18.950
19.300
19.260
18.950
18.800
17.600
17.300
17.690
18.750
19.190
19.350
18.500
18.990
19.270
19.050
18.100
17.480
16.080
16.290
16.270
16.300
16.780
16.500
16.600
16.180
16.300
15.190
14.250
14.290
13.940
14.760
14.660
14.430
13.410
13.200
12.930
12.890
12.650
12.680
12.580
12.330
12.120
12.220
12.160
12.360
12.590
12.650
12.920
12.550
12.530
12.550
12.340
12.560
12.790
12.770
12.830
12.790
12.900
13.330
13.080
13.270
12.570
12.950
12.670
12.560
12.960
12.670
12.580
13.200
12.430
11.550
12.000
11.550
11.550
11.580
11.560
11.480
11.300
11.380
11.250
