74540.25
69911.47
65690.89
70055.53
54977.35
53054.99
73642.01
56975.77
79054.25
110463.72
92949.16
112691.71
107185.39
85249.32
182144.92
200406.58
142810.70
268138.88
371138.41
214983.88
108125.35
93663.24
63131.23
67462.38
63485.90
64076.95
67150.82
40458.72
46591.01
70381.04
51310.40
55703.84
65464.52
121281.46
76182.10
90723.62
83196.00
71144.78
65804.42
55852.65
69269.75
79003.83
68528.00
152657.30
84711.16
88267.49
99819.22
83529.09
73201.99
57758.62
54134.00
72094.42
82485.10
98085.29
143353.94
182690.95
408042.97
65635.60
63738.58
106641.84
45550.67
34972.96
42352.43
38440.61
58497.51
60870.37
48855.21
77344.31
91460.15
52161.70
73358.72
117200.56
54816.90
94228.58
64935.78
48008.27
33430.14
40383.45
39811.38
37401.27
53328.85
62607.60
40529.08
46842.54
35655.06
45115.89
29762.00
22485.93
23972.07
27256.83
30291.40
35826.18
23577.02
24178.00
44994.46
56362.73
31914.04
47459.62
34184.73
34502.01
40650.24
64880.14
51527.36
86539.24
49896.36
49622.14
63977.56
56189.30
120883.14
155102.50
55155.38
40183.54
53718.82
85550.24
113718.08
98207.96
117372.46
191449.64
74485.08
124150.29
47849.27
52909.27
48618.60
89304.49
86312.05
109082.63
177316.91
75368.83
83119.23
122356.88
94109.85
89752.47
184263.42
338767.53
99158.07
167796.88
291927.03
168341.05
54343.05
55434.22
73175.23
76871.06
78433.88
51326.54
88388.31
82209.05
89565.93
53191.52
65110.85
58115.70
101871.29
70028.76
60721.29
92934.86
176023.05
80198.35
64699.84
56852.37
74061.70
48008.66
64705.63
63091.75
80414.24
79111.03
47951.75
116323.37
90165.83
86592.24
117261.99
71378.64
84680.92
89393.96
65583.03
55499.64
57425.29
98357.88
65453.64
37723.14
71274.90
44638.47
56452.31
61360.45
78530.11
114837.33
135050.48
121399.60
97589.76
198423.19
134919.06
60459.40
89326.83
78467.84
107488.88
40045.12
54672.11
52466.21
80678.06
46746.33
49589.65
32719.94
31278.80
52983.71
61833.71
54473.74
105244.39
111135.03
50327.54
78839.76
60508.29
84873.80
138006.69
113018.39
178064.09
66500.47
124672.30
178078.56
120127.54
145865.31
117622.36
71173.15
38020.75
54113.22
83099.28
129678.01
71961.34
65057.08
112318.99
57494.05
55810.60
72812.82
41920.61
94212.48
64167.80
100219.98
99341.64
84449.08
57634.38
105352.14
142924.94
99339.91
103144.20
91597.86
82184.22
82210.82
91378.35
29043.04
41420.86
70365.35
58879.24
71319.73
112083.66
97155.88
135407.64
62648.42
57082.64
87952.65
69029.96
99138.67
63662.39
70265.47
110842.13
149408.97
168741.34
103305.68
169487.11
52791.38
67455.46
172615.77
94601.68
107399.63
101752.57
225182.45
97185.82
89048.89
106801.35
93168.72
135593.88
246830.80
137840.06
146803.06
119262.92
136198.42
96297.36
91241.07
71534.67
113084.53
198844.05
104016.47
102153.50
109887.53
97363.31
69079.77
81970.35
89704.08
41106.16
56249.87
81050.59
145761.84
71259.20
97390.07
100297.53
115507.76
106385.46
94922.37
129429.95
119517.22
90928.22
148266.28
126043.58
133280.39
182061.02
120647.07
94417.02
93593.00
61822.82
93682.89
145668.56
97023.43
121031.31
105393.38
123235.58
210420.38
167837.44
223316.06
256476.09
234689.25
217507.39
178367.27
207322.16
265562.50
274780.38
112084.91
118942.79
71544.65
67729.35
62548.36
100924.94
112075.53
142812.50
99571.85
71418.53
106884.70
127545.66
67644.64
97145.34
123645.06
144303.67
175057.97
195504.61
192516.52
356211.69
46100.03
41557.98
169595.77
68440.45
162591.62
231578.45
2780.45
128768.45
124274.54
123774.56
165142.95
158057.83
135006.11
76628.78
98646.99
105503.40
114871.22
95524.56
134660.95
119166.49
122438.32
338003.47
3277.69
13728.91
77398.12
1291.70
1183.39
499.83
74500.60
86947.18
65982.54
105174.58
87439.34
148255.69
113345.58
92064.30
105498.45
139965.06
185727.25
116993.35
78956.70
73298.30
129818.80
155140.55
99108.11
64057.68
89483.44
131357.98
108743.34
98378.82
35540.55
30683.70
27212.72
1989.00
32609.47
63884.36
45374.02
34536.43
16937.58
16178.50
20826.42
21313.52
35118.63
19176.07
23450.64
22354.07
27473.14
21935.80
30612.35
20986.80
28780.72
41698.76
50341.26
78725.85
58665.48
52874.35
43234.73
56203.12
46340.53
29092.55
26393.18
50932.49
20172.02
32342.95
61803.24
22450.00
21107.27
18390.37
23052.60
15625.62
15736.68
21336.05
33054.92
39200.76
29991.91
25865.71
40113.34
37577.41
41653.37
28673.73
52023.67
45091.16
56647.00
41181.68
59757.13
44349.83
65011.18
44561.25
91635.82
165737.98
37683.00
21948.15
19971.46
29918.29
24207.01
29770.33
25396.98
27653.69
21109.25
30578.61
24143.33
25945.02
26923.20
20296.00
25337.17
37312.70
53554.97
23284.37
16874.46
15389.69
26634.69
25556.82
28327.20
31203.95
57011.72
51248.43
30054.30
61233.23
42009.37
85681.21
43116.89
45075.00
24610.68
32868.82
36053.94
57922.41
33697.41
22350.11
31263.04
45680.59
30525.34
54368.27
50976.67
70818.26
124953.11
103367.25
42213.23
51495.64
49244.22
64917.75
55061.72
77730.00
47907.37
27214.25
35338.82
40736.12
76411.19
77924.06
59196.83
86303.70
61826.17
115361.43
85552.70
100767.35
174866.25
101275.15
68145.65
121323.20
107693.87
56270.43
70850.79
77549.88
68570.66
132215.30
172691.66
197830.47
215244.50
228614.45
