12.150
12.040
12.180
11.970
11.850
11.910
12.070
11.850
11.820
11.950
12.050
12.130
12.190
12.120
11.700
11.720
11.680
11.900
12.260
12.170
12.120
11.860
11.660
11.520
11.090
11.050
11.200
11.080
10.660
10.310
10.180
10.230
10.320
10.160
10.200
10.010
10.020
9.770
9.700
9.860
9.850
9.960
9.980
10.000
10.000
10.050
10.120
9.900
9.850
9.980
10.050
10.260
10.130
9.840
10.020
10.000
10.140
10.230
10.200
10.140
10.200
10.430
10.380
10.130
9.710
10.160
11.220
11.160
11.320
11.500
11.450
11.500
11.550
11.790
11.860
11.800
11.530
11.680
11.760
11.930
12.080
12.080
12.160
12.340
12.270
12.090
12.050
11.680
11.790
11.750
11.700
11.430
11.360
11.350
11.360
11.090
10.900
11.110
11.090
11.210
11.290
11.160
11.270
11.470
11.300
11.410
11.210
11.580
11.730
11.290
10.790
10.660
10.560
10.330
10.750
10.730
10.770
10.900
10.800
10.810
11.120
11.100
11.010
10.430
10.350
10.360
10.400
10.140
10.140
10.310
10.350
10.320
10.130
10.030
9.500
9.570
9.600
9.830
10.800
10.830
10.720
10.770
10.630
10.980
11.300
11.310
11.500
11.860
11.360
11.560
11.220
11.160
11.030
11.000
11.150
11.140
11.010
10.580
10.540
10.560
10.410
10.670
10.870
10.710
10.310
10.500
10.250
10.630
10.730
10.770
10.770
10.470
10.710
11.050
10.990
11.050
11.010
11.260
11.250
10.510
9.820
9.870
9.750
9.520
9.200
9.350
9.350
9.330
9.050
9.010
8.820
8.780
8.870
8.850
9.300
9.330
9.350
9.180
9.500
9.420
9.350
9.280
9.300
9.300
9.260
9.150
9.400
9.370
9.600
9.600
9.580
9.520
9.090
8.950
8.720
8.700
9.000
8.960
8.720
8.830
8.770
8.630
8.510
8.310
8.640
8.500
8.890
9.600
9.410
9.450
9.480
9.650
9.610
9.530
9.610
9.690
9.710
9.760
9.310
8.680
8.650
8.900
8.980
8.660
8.800
8.630
8.810
8.850
8.900
8.050
8.450
7.750
7.580
7.650
7.330
7.260
7.020
7.030
7.110
7.600
7.600
7.700
7.530
7.270
7.260
7.030
6.960
7.000
6.910
7.080
7.090
6.950
6.820
6.900
6.860
7.230
7.160
7.300
7.050
7.420
7.210
7.600
8.170
8.220
7.600
7.540
7.500
7.600
7.400
8.090
8.050
8.160
7.980
7.940
7.900
7.830
7.680
7.850
7.940
7.810
7.700
7.950
8.000
7.590
7.750
7.720
7.870
7.910
8.020
7.800
7.010
6.840
6.810
6.860
6.810
6.710
6.850
6.860
6.770
6.950
6.630
7.030
6.700
6.520
6.480
7.000
7.160
7.670
7.890
7.650
7.400
7.560
7.300
7.170
6.840
7.250
7.270
7.120
6.620
6.480
6.460
6.530
6.970
7.610
8.330
8.000
8.220
8.820
8.630
8.110
8.370
7.820
8.080
8.180
8.610
8.700
9.520
10.180
9.200
9.770
10.830
11.280
11.470
11.650
12.230
12.830
12.600
12.340
11.220
10.200
9.270
24.030
23.160
23.500
23.000
22.580
21.950
21.380
20.950
21.000
22.860
22.540
21.980
21.510
21.380
22.580
21.800
22.450
22.050
21.150
21.360
21.850
21.500
23.100
23.020
23.230
22.450
21.800
22.680
22.400
22.200
21.630
20.000
19.460
19.330
19.110
18.620
18.310
18.020
18.860
18.870
18.690
18.560
18.380
18.310
18.200
18.050
18.120
18.330
18.660
18.360
17.850
17.700
17.630
18.000
17.720
17.660
17.300
17.200
17.020
17.150
16.860
16.610
16.420
16.120
15.880
15.850
16.300
16.430
16.510
16.110
16.240
16.520
16.400
16.340
16.310
16.210
16.260
16.120
15.600
15.460
15.880
15.730
15.900
16.020
15.860
15.700
15.650
15.610
15.430
15.220
15.180
15.180
15.400
15.570
15.500
15.210
15.000
15.100
15.910
16.380
16.480
16.660
16.430
16.160
15.940
15.580
15.600
16.010
16.200
16.730
16.330
16.060
16.140
16.420
16.500
16.390
16.390
16.330
16.030
15.910
15.910
15.730
15.580
15.500
15.870
15.900
15.860
16.500
16.470
16.650
16.270
16.250
16.460
16.310
16.240
16.170
15.830
15.360
15.500
15.500
16.000
16.310
16.260
16.100
16.800
16.660
15.980
15.780
15.950
15.960
16.150
16.100
15.900
15.650
15.760
15.600
15.420
15.460
15.520
15.390
15.180
15.360
15.880
15.650
15.800
15.460
15.420
15.390
15.230
15.360
15.200
15.110
14.690
14.470
14.510
14.670
14.950
14.880
14.800
14.850
14.840
14.720
14.530
14.590
14.530
14.390
14.200
14.180
14.320
14.250
14.210
14.050
14.050
14.100
13.960
13.950
13.760
13.580
13.580
13.610
13.780
13.780
13.740
13.720
13.720
13.910
13.850
13.870
13.930
13.420
13.250
