-0.560
0.180
-0.020
-0.120
0.210
-0.220
0.010
-0.200
0.130
-0.100
-0.530
0.300
0.140
0.070
-0.030
0.040
-0.190
0.140
-0.110
-0.230
-0.330
0.540
0.050
0.390
0.090
0.000
0.700
0.120
0.010
-0.030
-0.230
-0.170
-0.180
0.110
0.270
0.220
0.010
0.000
-0.020
0.280
0.100
0.030
-0.340
-0.120
-0.020
0.160
-0.270
0.200
0.060
0.050
-0.200
0.300
0.170
0.500
-0.220
0.330
0.130
-0.260
-0.510
-1.000
-0.350
-0.150
-0.380
0.430
-0.350
0.260
0.230
-0.080
-0.240
-0.040
0.000
0.250
0.170
-0.280
-0.630
0.020
-0.390
-0.040
-0.960
-0.150
1.470
0.330
-0.050
0.350
-0.240
-1.590
-0.020
0.030
0.770
-0.090
0.290
0.140
-0.660
-0.010
0.210
-0.930
-0.240
1.140
0.840
0.000
0.810
-0.070
-0.180
0.310
0.140
0.160
0.180
-0.340
-0.060
0.840
0.040
-0.070
0.000
0.270
0.080
-0.310
-0.030
-0.340
-0.870
0.240
0.000
-0.250
-0.100
-0.070
0.250
-0.040
-0.130
-0.110
0.200
0.240
-0.190
0.140
0.220
0.040
-0.020
0.150
-0.030
-0.150
-0.190
0.670
0.270
-0.210
-0.160
0.010
-0.200
-0.070
0.440
-0.230
0.410
-0.260
-0.910
-0.180
0.440
-0.550
-0.020
1.010
0.060
0.910
-0.340
-0.370
-0.370
1.210
-0.210
0.140
0.050
0.060
-0.660
0.400
0.230
-0.300
-0.300
-0.170
0.020
-1.220
-1.050
0.810
-0.130
0.440
-0.210
-0.150
-0.610
0.070
-0.600
0.930
-1.230
0.540
-0.490
-1.810
-0.800
0.680
0.020
-0.190
1.500
-1.290
-2.030
1.650
1.670
-0.270
-0.490
3.600
-0.600
-1.290
-3.000
1.830
3.550
1.370
0.650
1.940
1.760
-1.040
0.180
2.300
0.080
-1.020
0.320
1.160
0.950
-1.740
-0.390
1.670
0.660
-2.340
-1.100
-3.340
-0.570
-0.440
0.910
-0.110
-0.650
1.050
2.080
0.100
-0.820
0.830
0.170
2.020
-1.190
1.610
-3.040
-2.160
-3.740
0.180
1.040
-1.540
1.450
2.370
2.400
-3.360
1.250
-2.240
0.000
-3.980
-0.450
-4.480
1.110
-1.060
-4.890
0.420
2.080
-3.700
-2.600
0.310
-0.210
-1.480
-0.480
-0.300
-1.800
2.000
3.760
-0.300
-0.400
1.480
-1.730
0.500
-3.770
-0.010
0.350
4.480
1.040
4.540
-1.070
-0.410
-0.520
1.820
-1.280
-0.550
0.190
1.440
-1.680
-1.530
0.680
4.390
-0.960
1.710
0.300
3.900
1.590
-1.050
2.900
-0.270
-2.800
0.550
0.070
-3.500
2.620
1.370
3.410
3.100
-0.420
0.700
-0.600
0.590
0.930
-0.720
-0.390
1.790
1.410
2.520
0.000
0.780
-0.550
0.880
-1.350
0.460
-0.430
0.400
1.990
-0.150
-0.040
2.080
-2.170
-2.590
0.170
-0.200
1.820
2.190
1.110
-1.450
-2.470
-1.470
2.180
1.030
-2.550
-2.830
-3.150
-3.000
-3.420
0.870
-4.120
2.210
0.760
1.660
-2.690
2.690
3.320
0.650
-1.780
-1.640
2.710
-3.700
1.150
0.580
3.190
-3.180
3.200
2.910
2.650
2.410
2.190
-2.430
-2.380
-2.960
-3.290
-3.660
2.210
-3.820
-4.240
-3.790
-0.760
-0.480
-5.270
-0.760
3.170
-5.590
-6.170
-0.830
-0.010
1.020
-6.880
-6.200
4.690
6.390
-2.080
-1.290
4.740
0.590
-2.120
-1.640
-0.850
-5.790
0.290
2.610
5.530
-0.290
1.260
0.340
4.810
5.260
4.780
4.350
3.950
2.760
0.000
-1.450
-2.170
3.670
1.430
-1.830
-0.450
-0.650
0.300
0.050
1.370
-2.000
-1.420
2.470
-4.160
-1.050
3.700
3.540
0.250
-0.010
-0.280
3.220
2.930
1.450
-0.160
-1.080
1.480
-0.390
1.830
1.140
0.530
1.240
0.110
0.180
-0.070
1.260
0.050
-0.150
0.440
0.030
-0.200
0.520
-0.110
0.170
-0.040
0.520
-0.400
-0.520
0.690
0.490
0.180
1.870
0.380
-0.050
0.520
0.430
-0.820
-0.610
0.180
-0.400
0.760
-0.600
-0.120
-0.340
0.440
-0.400
0.480
-0.480
0.150
0.920
1.030
-0.900
0.110
-0.140
0.040
0.660
-0.400
0.080
0.540
-0.290
0.860
0.100
-0.110
-0.380
-0.820
-0.300
-0.060
0.150
0.030
-0.800
-0.750
-0.430
-1.540
-0.890
0.840
1.410
0.650
0.310
-0.920
-0.560
-0.990
0.890
-0.440
0.030
-0.780
-0.020
-0.030
0.100
-0.760
-0.400
-0.040
-0.450
-0.010
0.770
0.390
0.960
-1.060
0.250
-1.340
0.090
0.700
1.280
0.180
-0.370
-0.550
-0.530
0.880
2.000
0.500
-0.230
1.390
0.700
-0.270
0.540
0.410
-0.410
-0.200
0.370
-0.090
-0.100
0.130
0.250
0.070
-0.150
-0.030
0.150
-0.080
1.010
0.280
0.050
-0.160
-0.180
0.210
0.090
-0.190
0.040
0.260
0.360
0.070
-0.540
0.340
0.370
0.100
-0.030
0.180
-0.140
0.170
0.330
0.060
-0.250
-0.270
0.250
-0.430
0.090
0.080
-0.950
-0.340
0.890
-0.260
-0.370
-0.460
0.390
