7.280
7.420
7.480
7.580
7.310
7.300
7.170
7.160
7.070
6.910
6.960
7.160
7.090
6.900
6.650
6.750
7.300
7.320
7.280
7.130
6.830
7.050
7.060
6.930
7.410
7.380
7.280
8.000
8.170
8.130
8.170
8.110
7.830
8.120
8.070
8.100
8.370
8.330
8.200
8.500
8.400
9.280
9.390
9.510
9.370
9.280
9.530
9.900
9.800
10.240
10.920
11.350
10.230
10.150
11.130
9.800
10.320
9.720
9.600
10.050
9.990
9.980
10.000
10.270
10.170
10.030
9.980
9.770
9.760
9.580
9.780
9.820
9.780
9.870
9.900
9.660
9.650
9.630
9.880
9.820
9.580
9.300
9.700
9.780
9.830
9.800
10.060
10.010
9.820
9.350
9.520
9.800
9.510
9.510
9.390
9.360
9.220
8.850
8.830
9.010
8.600
8.810
8.940
9.010
8.660
8.780
8.700
8.790
8.630
8.600
8.320
8.620
9.030
8.960
9.400
10.070
9.960
9.870
9.790
9.330
9.340
8.830
8.580
8.620
8.990
8.810
9.300
8.810
9.090
8.850
8.900
8.680
8.550
8.230
8.400
8.500
8.160
8.000
7.930
7.670
7.570
7.760
7.510
7.670
7.730
7.650
7.560
7.260
7.090
7.030
6.990
6.920
6.710
6.820
6.940
6.840
7.050
6.830
7.310
6.880
6.680
6.600
7.070
7.350
7.910
8.160
7.980
7.750
7.760
7.480
7.190
6.880
7.170
7.110
6.870
6.870
6.680
6.500
6.700
6.780
7.340
8.010
7.600
7.780
8.100
7.780
7.420
7.480
7.470
7.850
8.190
8.490
8.620
9.340
9.960
9.510
10.460
11.610
12.030
11.780
11.400
10.740
10.340
10.820
10.650
10.490
10.500
10.460
10.380
10.250
9.900
9.890
10.000
10.020
10.180
10.390
10.400
10.180
9.800
10.110
9.800
10.850
11.470
11.330
11.150
11.110
11.250
11.010
11.260
11.000
10.430
10.380
10.680
10.880
10.650
10.550
10.830
10.750
10.500
10.330
9.800
9.650
9.800
9.710
9.300
9.600
9.400
8.880
9.100
9.910
9.880
9.550
9.320
9.320
9.500
8.820
8.210
8.110
7.860
7.700
7.640
7.680
7.660
7.740
7.690
7.680
7.290
7.300
7.270
6.860
6.850
7.610
8.080
8.060
7.920
7.320
7.360
7.250
7.880
8.100
8.100
7.230
7.710
8.450
9.370
9.960
10.690
9.930
11.030
11.950
11.700
11.250
11.700
11.500
11.000
10.680
10.200
10.500
9.720
10.350
11.200
10.450
9.500
8.640
7.850
8.720
9.690
10.770
11.970
11.610
12.900
14.330
15.470
16.370
15.130
16.440
18.000
17.530
18.630
19.840
19.390
18.260
18.000
18.500
17.280
17.030
16.670
18.110
17.920
17.050
15.660
17.180
19.010
17.370
16.010
15.630
14.700
14.880
14.760
13.670
13.580
14.080
14.110
14.210
13.760
12.820
12.660
13.300
13.620
13.760
13.560
13.190
13.150
14.290
14.350
14.700
14.390
13.730
13.460
13.010
13.000
13.700
13.330
13.320
13.160
12.510
13.020
13.330
12.220
12.260
11.740
11.500
11.100
10.720
10.630
10.670
10.200
10.200
10.020
10.000
9.700
9.640
9.370
9.190
9.160
9.400
9.510
9.380
9.350
9.280
8.880
8.760
8.810
8.820
8.760
8.780
9.260
9.000
8.010
7.960
7.890
7.930
7.840
7.800
7.680
7.390
7.200
7.460
7.390
7.380
7.350
7.310
7.640
7.650
7.710
7.470
7.280
7.400
7.330
7.310
7.500
7.520
7.370
7.240
7.330
8.080
8.350
8.420
8.660
8.480
8.610
8.210
8.060
8.150
8.750
8.200
8.500
8.290
8.400
8.370
8.710
8.760
8.650
8.680
8.580
8.460
8.450
8.480
8.400
8.260
8.290
8.260
8.600
8.530
9.320
9.300
9.290
9.510
9.750
9.490
9.220
9.370
9.350
9.210
8.770
8.930
9.000
8.960
9.110
9.130
8.860
8.910
8.910
9.360
9.230
9.390
9.470
9.670
9.690
9.830
9.870
9.770
9.260
9.260
9.180
9.600
9.430
9.420
9.760
9.670
9.330
9.090
8.950
8.940
8.950
9.010
8.960
8.670
8.350
8.010
8.220
7.440
7.450
7.910
7.920
7.740
7.760
7.700
7.680
7.810
7.680
7.320
7.250
7.080
6.560
6.550
6.630
6.510
6.450
6.360
6.310
6.290
6.270
6.180
6.090
6.050
6.320
6.330
6.300
6.310
6.300
6.470
6.440
6.410
6.220
6.230
6.240
6.190
