13.590
13.640
13.650
13.680
13.630
13.600
13.520
13.620
13.570
13.450
13.630
13.870
13.930
13.700
13.660
13.750
14.050
14.050
13.990
14.180
13.910
13.820
13.530
13.580
13.520
13.950
14.170
14.090
14.090
13.700
14.060
14.020
13.810
13.850
13.670
13.600
13.440
13.300
13.340
13.590
13.570
13.840
13.770
13.880
13.760
13.570
13.700
13.650
13.680
13.580
13.870
13.540
13.110
13.050
13.080
13.070
13.250
13.370
13.420
13.340
13.470
13.390
13.150
13.140
13.200
13.580
13.690
13.560
13.700
13.940
14.190
13.970
14.050
14.180
13.940
13.840
13.710
13.960
13.770
13.590
13.390
13.490
13.690
13.450
13.170
13.020
13.010
13.100
13.000
12.940
13.020
13.370
13.250
13.240
13.100
13.110
13.180
13.030
13.040
13.080
13.160
13.190
13.160
12.930
13.060
13.500
12.900
12.690
12.710
12.750
12.320
12.230
12.520
12.580
12.780
12.990
13.220
13.480
13.890
13.620
13.610
13.820
13.780
13.530
13.290
13.430
13.590
13.220
13.140
13.420
13.450
13.400
13.650
13.680
13.660
13.450
13.380
13.300
13.010
12.820
12.920
12.750
12.550
12.500
12.650
12.960
12.790
12.880
12.480
12.150
12.330
12.160
12.150
12.130
12.270
12.300
12.180
12.180
12.090
11.990
11.860
11.840
11.980
11.920
11.910
11.930
11.950
11.970
12.010
12.140
11.940
12.000
12.180
11.670
11.750
11.720
11.730
11.840
11.780
11.760
11.830
11.780
11.640
11.680
11.570
11.490
11.570
11.650
11.780
11.760
11.840
11.500
11.480
11.540
11.860
12.140
12.230
12.310
12.110
12.010
12.070
12.220
12.280
12.350
12.310
12.330
12.300
12.420
12.570
12.710
12.640
12.750
12.590
12.570
12.460
12.250
12.310
12.480
12.480
12.360
12.520
12.560
12.530
12.600
12.480
12.500
12.280
12.950
12.950
12.790
13.020
13.080
13.010
13.040
13.000
13.500
14.600
14.920
14.560
13.520
13.210
13.280
13.150
13.210
13.180
13.080
12.900
12.910
12.840
12.720
12.870
12.930
12.900
13.220
13.380
13.730
13.520
13.480
13.150
13.790
13.480
13.600
13.490
13.540
13.070
13.150
12.810
12.440
12.660
12.560
12.770
13.090
13.020
12.710
12.900
12.650
13.070
13.100
13.200
13.200
13.100
12.480
12.080
12.390
12.330
12.570
12.270
11.240
11.250
11.230
11.150
11.030
11.150
11.280
11.950
12.030
12.150
12.390
12.190
12.200
12.020
12.060
11.860
12.160
12.160
12.170
11.870
12.090
11.990
11.850
12.180
12.100
12.100
12.280
12.340
12.610
12.060
11.680
11.550
11.650
11.750
11.340
11.850
12.050
11.790
11.750
11.790
12.290
11.350
10.890
10.950
11.120
11.990
12.290
11.990
11.750
11.740
11.980
11.800
11.690
11.100
11.220
11.230
11.190
10.870
10.640
10.680
10.500
10.500
11.130
11.370
11.160
11.590
11.730
11.750
11.490
11.380
10.970
11.230
11.230
11.850
12.320
12.980
13.220
13.360
14.930
15.190
15.300
15.270
16.280
15.640
15.450
15.880
16.000
16.380
15.250
14.890
14.790
14.850
14.340
14.060
14.480
14.220
14.670
14.850
14.820
15.100
15.020
14.200
14.530
15.830
16.480
16.350
16.130
16.660
16.080
16.160
16.550
16.880
16.690
16.800
17.890
17.960
17.660
17.340
17.500
17.800
17.860
18.250
20.200
18.560
17.200
17.250
17.180
17.970
18.780
17.390
18.580
17.940
18.160
16.640
15.380
15.150
16.120
15.590
14.690
14.650
14.630
14.380
14.030
12.750
12.120
11.450
11.130
11.510
11.140
10.730
11.160
10.920
10.680
12.000
12.090
12.570
11.720
11.270
11.150
11.430
11.380
11.900
11.800
11.200
12.050
12.110
13.900
15.380
15.140
15.180
16.550
16.470
16.950
16.380
16.780
17.150
17.340
16.480
16.290
16.830
16.700
15.720
15.930
16.550
15.800
15.350
16.840
18.210
18.400
18.210
16.580
16.900
16.120
14.650
13.320
13.100
15.750
16.550
18.000
19.880
19.460
20.600
22.150
24.500
24.660
24.500
26.260
29.070
28.360
29.200
30.330
30.970
28.300
27.180
27.500
28.100
27.540
27.310
26.840
26.190
26.400
25.050
25.830
25.500
24.850
22.970
22.770
22.660
21.930
20.980
20.390
21.200
21.500
20.970
20.890
20.980
19.590
19.390
19.440
19.970
20.280
20.500
20.440
21.170
21.170
21.160
20.420
20.200
20.000
20.280
19.990
19.700
19.890
20.380
20.510
20.390
20.650
21.600
21.860
21.990
21.450
21.180
21.380
20.680
20.790
20.880
21.100
21.750
19.780
18.280
19.000
17.900
17.780
17.650
17.720
17.420
17.270
17.360
17.420
17.050
17.080
17.050
17.030
17.000
17.040
17.050
16.920
17.020
17.150
16.250
16.100
15.950
16.070
16.120
16.220
16.250
16.280
16.450
16.510
16.570
16.630
16.630
16.510
16.680
16.350
15.970
16.100
16.250
16.190
16.380
16.520
16.980
16.740
16.560
16.250
16.090
16.270
15.930
16.290
15.910
15.870
15.880
15.950
16.200
16.520
16.810
16.990
17.280
17.470
17.400
17.480
16.810
16.880
16.920
17.030
17.190
16.710
16.730
16.510
16.790
16.760
16.300
16.150
16.240
16.180
16.160
16.240
16.310
16.310
16.180
16.250
16.230
16.640
16.760
16.980
16.950
17.100
16.920
16.980
16.180
16.220
16.270
16.220
15.930
15.970
16.230
16.420
16.610
16.570
16.680
16.900
16.950
16.800
16.940
17.000
17.250
17.240
16.880
16.940
16.940
17.170
17.180
17.140
17.200
17.400
17.170
17.310
17.770
18.070
18.080
18.350
17.380
15.800
