91662.89
75172.28
50801.15
27571.39
27343.95
40024.50
27983.00
50030.19
43274.80
30388.48
40969.34
34346.53
33946.41
25175.76
41791.03
52354.58
36950.00
34705.53
22314.30
25422.57
41423.25
70250.80
22158.18
31613.23
52292.04
30388.06
27286.00
31467.53
29884.08
37288.92
45769.71
49399.38
19617.65
22844.58
38860.60
37455.17
27406.01
29915.20
64601.34
34410.90
43153.96
42810.70
32520.03
35859.91
23063.42
36049.51
34030.11
60074.10
37154.09
32558.85
42102.61
59918.69
59183.72
48222.38
86654.55
66645.48
50485.56
51044.98
69769.77
61591.78
94903.94
68782.15
41336.29
49079.25
55523.59
80680.44
102213.53
44137.43
85644.93
49329.92
35047.89
31146.92
46200.10
39650.78
67310.22
53913.46
69835.01
40293.39
76538.28
48147.67
45214.73
67013.50
90581.27
75862.42
85244.42
89036.90
92716.66
165488.83
130059.63
90451.17
121126.82
141605.77
143114.67
127525.10
106216.95
124877.95
223959.95
212123.88
347126.31
677196.19
311765.12
75195.53
111898.58
110745.05
31793.31
1.00
35627.91
52989.89
35364.11
52928.04
46922.97
29635.23
41191.50
67963.32
131302.09
72496.05
65523.16
87956.73
68952.27
103936.65
74035.77
115028.85
90653.17
78138.71
113282.32
100825.36
121512.88
58030.11
63388.15
47279.40
109928.90
36864.68
32095.08
34462.31
24610.35
38497.14
47357.20
37880.83
82263.70
41568.17
45540.80
65567.71
29712.36
64078.85
95665.10
46273.16
63904.22
118064.57
65770.34
90599.79
69259.66
105197.07
131609.23
85777.59
93840.00
104780.25
181408.09
133169.39
264955.75
60681.45
87098.87
66856.68
67426.82
38892.30
67709.54
73616.23
67514.39
68325.72
80050.10
65737.69
84277.98
72358.46
77581.86
55727.56
123824.70
87939.61
94358.27
107798.60
99899.49
72799.75
115069.58
74123.72
112822.04
64358.09
50372.39
42641.30
49519.27
59848.87
60873.87
89836.41
97702.83
84446.73
149165.67
91966.89
115309.46
62379.52
88246.82
39065.42
47291.76
47471.11
81174.23
89863.63
60771.73
73645.80
49072.04
57777.31
85901.49
74104.47
159788.73
86773.17
50784.70
50972.60
66809.52
57360.20
58959.20
55769.60
55520.81
51859.27
36606.71
66322.78
52415.60
83230.50
150154.89
69069.04
84300.36
132480.42
144370.23
114073.45
108914.10
91996.92
245370.91
94891.75
121858.97
111218.99
105362.02
113478.05
172216.55
516969.03
158106.95
165344.80
62938.90
78658.23
88615.87
92704.37
90023.14
107990.24
84625.47
133466.62
197085.02
163678.14
107995.97
175251.58
121191.39
43805.23
67105.01
63149.08
84735.98
64342.57
120238.75
155749.52
86125.16
94480.91
66966.93
85728.78
51922.00
51650.60
64099.90
78121.56
85061.46
44643.46
45319.79
45555.16
27414.49
31541.95
34766.37
39006.69
45747.69
72537.46
100110.44
48827.88
131373.06
82909.45
28514.46
30326.11
37385.11
32823.31
47948.82
39451.34
48456.86
103919.24
46383.88
50640.00
50056.41
71771.66
90366.34
51878.89
75852.85
40257.91
61432.44
64447.48
84666.55
66857.66
92585.63
55342.00
38828.91
77586.25
59904.43
73404.33
61138.48
61699.17
106944.78
134878.59
54963.19
34847.53
34144.09
38054.55
26119.17
23575.21
32350.02
46883.37
50632.77
56367.70
70333.49
67664.12
54706.78
70959.15
81862.61
97248.03
90162.24
106703.88
94709.66
77675.22
63519.07
50890.53
59528.39
36386.22
40228.95
52554.12
48483.20
65714.42
52370.80
66340.60
88802.49
109372.04
135823.06
57648.93
74694.01
95172.89
164831.30
82587.60
83019.66
88359.87
92079.23
84871.23
101338.03
145842.52
144472.83
49077.50
147918.56
224055.61
129523.45
131260.62
209116.86
253095.94
221763.80
120379.27
89662.50
139915.06
135566.14
144460.94
114995.67
154689.23
95323.02
90182.12
67857.56
74376.67
78067.19
79746.06
138778.47
139850.56
157901.88
107397.66
106169.54
123144.11
146032.34
235586.03
269337.94
199419.09
196867.70
297456.00
392122.56
194029.33
91245.55
189471.19
107508.18
169347.00
281086.97
202619.39
151779.64
152357.33
173628.70
210185.67
197912.55
79507.20
108510.44
185388.31
172482.02
143020.94
172984.78
161991.67
128758.06
95845.37
168712.33
158124.55
153450.94
268181.75
152578.14
239409.20
231536.59
455076.84
282740.94
167187.50
984.00
50359.28
64180.43
76907.90
104817.64
88961.28
88547.95
95977.36
93206.10
83710.80
132100.73
174306.27
136495.56
132197.41
82042.73
163911.27
180671.84
99439.32
103435.18
79234.08
90105.79
90007.14
133119.70
101397.38
163221.59
84621.70
74844.49
109918.61
83858.32
99678.95
142090.48
165460.97
300768.56
166210.73
109586.15
109951.64
106653.56
73520.93
51482.79
89684.12
66620.27
54034.18
70311.64
87174.81
81232.27
108104.90
152378.34
160984.42
119079.76
95836.86
112217.53
105715.61
87337.81
108906.78
127797.59
213586.61
142691.19
82388.70
136115.56
339076.62
57171.56
173026.41
136501.11
149314.31
154891.88
187588.25
153100.80
117116.23
241468.59
97312.77
111952.32
107844.61
95026.88
117918.41
137000.05
229553.81
296054.56
170746.11
189705.62
95224.22
114757.29
146243.06
171383.06
194216.20
174501.61
133288.38
126051.03
155469.12
169428.11
225181.48
149573.56
127088.40
100256.76
113841.52
107028.36
106079.16
75774.23
94412.97
97206.91
87393.71
71639.54
65062.47
52418.20
64679.21
66352.04
71044.60
60167.10
65046.69
156626.27
122936.73
100140.37
99982.77
88205.63
72747.09
93173.06
94287.02
65273.80
80274.61
85803.88
110083.36
78639.52
104730.50
105351.64
93125.10
97048.97
121751.79
94629.44
99255.70
102496.58
89421.91
94396.53
105195.57
109885.41
91753.03
89778.08
101853.11
99927.30
100208.99
68704.16
46181.37
66964.61
63078.23
72774.18
92749.84
126415.76
59662.80
47227.57
56548.83
70759.96
58376.42
85651.77
103940.38
1032.00
38510.30
61044.68
68558.55
52335.76
67769.33
42493.88
85104.78
79779.33
37852.66
21903.16
28349.80
19997.55
25812.34
38288.90
42169.31
44080.17
34323.64
43812.25
45218.60
45338.32
38915.52
44752.30
30751.72
25470.82
28937.34
30316.23
24217.71
23121.46
24513.31
27313.71
37176.16
33502.04
20822.10
22248.21
46793.23
35417.90
31994.90
34108.46
34272.08
61284.60
58522.71
48772.19
60379.05
63995.01
75261.76
53617.06
55380.08
78570.46
91966.70
75281.87
111760.41
89110.65
106427.92
209001.52
246646.69
180527.14
122949.21
191557.59
195491.09
198762.12
169094.50
66319.27
87582.12
19413.05
23474.70
21123.61
39694.99
25543.10
44465.59
25740.39
61791.14
36811.61
34077.25
39559.94
29575.42
27382.83
54006.44
41667.68
37689.46
26194.06
23565.41
46115.69
26391.70
30922.40
31959.71
53056.86
40959.15
38049.87
34685.55
39815.76
83144.89
64948.67
65727.58
55140.86
81619.82
157650.47
209089.31
119139.36
210063.70
91902.36
120718.66
157766.09
367455.56
221902.73
127314.62
99461.58
149862.05
108645.31
77838.54
80083.18
67142.10
42640.35
41995.23
36762.70
29401.00
17657.29
19129.71
41958.46
45354.41
33054.49
36125.80
27758.60
26803.77
41847.16
22308.78
35385.71
23287.43
19858.66
21417.37
22882.78
21157.02
24432.95
22176.59
18321.43
15366.54
17611.62
11451.72
15788.54
16404.13
12132.38
13710.85
23129.01
12478.92
9808.36
11916.12
22316.18
25833.43
18900.54
32242.77
17622.08
15759.10
42328.78
35951.61
