8.600
8.550
8.600
8.500
9.090
9.160
9.330
9.310
9.300
9.150
9.490
9.520
9.680
9.500
9.690
9.630
9.730
9.680
9.950
10.100
10.300
10.130
10.110
10.140
9.960
10.200
10.020
9.720
9.870
9.860
10.020
10.090
10.350
9.880
9.310
9.150
9.200
9.280
9.960
10.370
10.380
11.100
11.220
11.370
11.400
11.970
12.000
13.310
14.790
14.790
14.600
14.730
14.140
13.980
13.600
13.360
13.000
13.920
14.000
13.910
14.060
14.140
13.650
13.970
14.030
14.100
13.960
13.900
13.930
14.050
13.780
13.670
13.840
13.880
13.700
14.430
14.500
14.380
13.650
13.700
13.750
13.970
14.150
14.150
14.050
14.100
13.470
14.190
14.450
14.580
14.680
14.900
14.880
14.850
15.000
14.610
15.200
15.440
15.320
14.110
13.460
13.990
14.000
13.940
13.890
13.770
13.950
13.600
13.640
12.900
13.150
12.690
12.640
12.150
11.910
12.030
11.650
11.630
11.440
11.850
11.770
11.730
11.900
11.950
11.800
11.700
11.720
11.340
11.280
11.550
11.440
11.450
11.040
11.050
10.650
10.730
10.860
10.700
10.910
10.920
10.400
10.150
10.050
10.110
10.200
10.240
10.240
10.090
10.110
10.190
10.120
10.150
10.180
10.200
10.350
10.290
10.200
10.070
10.200
10.190
9.990
10.310
10.350
10.390
10.560
11.390
11.360
11.380
11.510
11.600
11.560
11.700
11.760
11.520
11.620
11.530
11.500
11.500
11.580
11.600
11.720
11.310
11.050
11.350
11.180
11.160
11.030
10.720
11.080
11.260
11.110
11.420
11.460
11.350
10.990
10.490
10.890
11.250
11.230
11.320
11.410
11.270
11.260
11.510
11.210
11.000
10.780
10.790
10.650
10.710
10.650
10.380
10.380
10.650
10.800
10.400
10.640
10.820
10.940
10.900
11.410
11.980
12.040
12.000
11.660
11.460
11.690
11.900
11.640
11.750
11.330
11.600
12.770
13.040
13.100
13.180
12.800
12.650
12.840
12.420
12.540
13.240
13.160
12.900
13.100
13.340
13.000
13.500
13.950
13.620
13.240
13.300
13.500
13.310
12.570
11.940
12.590
12.500
12.130
11.780
12.400
12.000
12.340
11.760
12.300
12.490
11.970
11.200
12.600
13.370
14.700
14.600
15.000
15.150
15.000
15.100
15.000
14.430
11.900
12.240
12.100
11.650
11.310
11.280
10.890
11.400
11.700
12.800
12.880
12.800
13.000
13.120
12.900
12.280
12.490
11.600
13.670
13.540
15.040
18.330
17.800
15.180
15.030
17.490
16.510
14.460
14.220
13.880
12.900
12.300
12.280
11.600
11.450
11.700
11.230
11.480
10.650
9.400
9.870
10.290
10.350
10.550
10.500
10.280
10.880
11.000
11.510
11.060
10.690
10.320
10.770
10.750
10.750
11.660
11.990
11.980
12.620
11.260
11.440
11.170
11.310
11.380
11.260
11.140
11.250
11.080
12.550
12.080
11.500
10.650
9.400
9.180
19.280
17.790
16.100
15.610
16.460
15.830
15.720
14.800
14.680
14.250
14.010
14.040
13.950
13.930
13.820
13.850
13.910
13.810
13.510
13.660
13.380
13.040
12.750
13.000
13.400
14.360
14.120
13.800
14.020
14.110
13.970
13.490
13.700
12.910
12.700
12.450
12.400
12.270
12.300
12.280
12.400
12.130
11.960
11.950
12.030
12.400
12.330
12.120
11.960
11.470
12.920
12.810
13.070
13.600
13.590
13.510
13.100
12.990
12.510
13.090
13.130
13.450
13.570
13.180
12.990
13.200
13.190
13.260
13.320
13.230
13.090
12.830
12.980
13.000
12.960
12.730
12.570
12.700
12.640
13.150
13.330
13.570
14.760
14.680
15.210
15.160
15.110
15.310
15.070
14.900
14.630
14.620
14.300
14.700
14.760
14.220
14.560
15.160
15.360
15.700
15.320
15.380
15.530
15.860
15.760
16.020
15.080
15.520
15.650
15.300
15.250
14.300
14.150
14.030
14.840
15.110
15.090
14.990
14.800
14.550
14.780
14.760
14.140
14.050
13.590
13.240
13.650
13.450
14.200
14.500
14.500
14.700
14.740
14.470
13.930
13.800
13.650
13.760
13.700
13.590
13.240
13.550
13.550
13.560
14.200
14.680
14.730
14.510
14.290
14.250
14.720
16.110
18.550
17.000
