97340.68
62389.40
66391.99
78676.04
90474.45
169299.23
120601.46
152488.48
45367.31
29698.62
32213.01
31087.18
42443.36
35454.01
32285.15
53123.20
18478.76
26298.02
26717.51
41682.87
30959.36
57873.15
17869.21
24983.74
29442.33
35546.34
27578.77
31081.65
32394.69
20337.07
39043.47
29557.00
39782.00
43293.91
45954.04
71925.47
24121.29
29072.00
70663.93
44888.65
43242.38
55440.00
47106.10
68873.10
28647.00
32072.73
50677.24
58295.84
46592.03
39759.20
41729.29
44712.20
64375.00
65534.07
31724.88
42057.64
56394.97
56366.61
109581.05
68861.58
92193.94
80933.62
108673.27
100582.70
60629.45
100056.40
104349.06
148800.20
343659.16
88075.63
101322.41
101354.83
168798.88
109945.72
81272.84
83549.24
114819.92
79506.51
105660.33
85576.78
116955.99
174140.73
205743.78
113903.10
143433.02
135148.77
140015.88
162045.95
236180.05
273624.03
226786.06
279954.97
216213.95
207458.44
141787.20
202335.52
141583.38
330388.88
206168.69
164451.70
301857.75
125194.64
224651.92
55074.50
63766.81
134916.27
116047.87
47547.07
45775.99
112829.44
86146.00
240086.36
160315.33
56378.09
86030.01
56817.45
42395.10
41015.24
45879.34
52949.82
41203.68
33821.00
51369.69
50648.22
73668.41
63317.83
81736.84
100921.20
89067.98
161735.48
154023.16
154864.09
209747.42
187949.52
100435.06
47395.15
84158.14
60786.04
51698.06
79595.61
87717.42
74186.82
72653.71
88921.14
67024.49
135243.00
163137.20
144888.77
174313.05
297812.69
223279.80
131482.81
160874.30
86988.78
153217.31
85327.20
78123.37
125407.31
117634.60
61842.00
93816.86
156658.95
127938.26
56281.85
72574.72
71705.45
71011.42
110578.22
88377.24
88197.78
83517.25
106956.86
98898.53
163985.27
222933.16
315342.62
358051.22
219899.83
298429.44
67842.68
52532.30
67765.37
47560.69
44318.22
51001.00
75893.40
97107.31
75565.53
57048.92
64032.55
77338.20
119894.36
104292.62
59753.20
81744.26
90327.37
55612.16
78271.06
59336.72
65611.85
83429.37
107648.37
59583.35
70858.67
56627.08
75854.01
145745.84
112806.85
189614.47
183943.78
275930.22
89858.76
96368.44
78082.76
99918.59
174742.36
167348.84
78394.23
144008.56
103171.80
125894.82
71295.31
70454.76
57718.85
75089.04
97605.90
93001.35
85807.54
56734.54
85676.72
52624.32
68914.39
66660.88
45589.14
88902.96
61877.72
90206.39
67434.24
41997.88
33932.05
56143.26
49426.98
36804.16
47279.20
74782.53
56344.79
54823.23
59926.33
27164.31
28244.50
36743.91
36614.70
40123.67
45951.39
30293.27
36429.12
52068.07
65950.51
34389.33
31177.53
38446.70
42859.15
43012.99
51463.80
93540.17
76295.60
120750.01
169298.02
25197.56
35544.35
38002.70
34440.20
35630.25
34404.23
67141.07
84810.30
50369.14
76929.79
65582.52
49305.16
52072.51
52495.63
49126.27
72034.89
95417.88
63827.92
78385.34
70363.40
120840.20
63252.68
62863.91
91412.75
95824.82
96336.01
109432.71
136567.91
112320.66
132280.19
111305.49
56730.43
67447.10
60703.27
59717.94
61994.14
42706.77
70588.57
95730.22
104368.35
117534.21
134684.80
132890.28
122716.38
121708.77
86392.68
44203.95
69298.08
80995.62
85824.18
59605.63
63033.14
57358.26
45283.26
60653.59
57488.23
34497.69
45395.55
40756.00
42304.52
42051.50
50129.25
50465.31
65795.31
84783.07
106867.93
59276.21
77015.94
59513.62
37985.09
42005.32
35082.81
46057.60
30990.75
48012.99
10326.00
44293.08
52348.12
38151.58
33337.38
41659.95
57000.51
67021.14
41670.66
42130.26
42530.58
43754.01
49303.21
59083.84
76844.25
39779.99
68699.37
67646.13
49971.26
62048.48
130833.92
146814.84
87832.98
55806.41
26924.91
37230.27
28601.51
50252.80
53433.01
47999.77
54001.31
57435.08
74842.50
40511.13
39368.74
45055.48
70751.72
60943.81
102383.00
126320.07
83165.54
123085.12
96124.37
46169.44
64653.78
60159.53
70479.19
90002.73
181625.81
94250.04
87969.85
91835.99
95271.92
69917.79
43670.90
56721.65
50969.38
58715.15
86113.75
122740.30
51471.95
74679.26
52307.53
38211.64
38972.52
473.00
18078.00
34358.72
25643.57
32157.54
41669.16
64803.46
98389.55
62422.40
43986.22
57711.09
42324.20
44946.72
62371.15
28793.42
42361.67
86557.51
60805.65
67194.50
99413.44
69594.34
41988.38
46227.42
40368.49
51521.06
34683.21
32684.94
34993.89
40149.02
58022.96
64221.64
53571.27
59375.37
60575.90
71123.36
99216.77
79239.09
71947.37
71713.64
95983.18
63869.92
60168.29
81862.34
81389.08
65900.52
86415.56
77467.21
69104.16
76612.96
122548.09
99613.91
108606.08
92019.61
128621.17
138547.75
575.03
52722.88
79250.31
67939.31
70405.06
65238.32
64121.26
71843.33
56296.28
39374.28
54745.93
81630.73
74120.54
51014.09
54879.45
68058.02
122971.99
95364.07
59121.76
43495.73
44380.62
57277.19
65740.57
59847.16
68756.80
56259.27
48464.50
61462.00
64709.66
52034.10
69966.73
67954.68
54285.10
60220.43
62270.57
57603.63
81621.64
62788.36
42412.98
54597.71
86276.66
99020.70
46847.41
22655.61
30984.13
33727.80
46179.10
28035.00
29951.27
42000.72
52689.50
88875.45
58656.60
45826.85
65527.57
37535.34
34802.84
27180.33
37586.99
46052.42
48562.20
40028.01
52595.45
49397.29
75056.99
70921.12
82926.36
72119.42
71899.62
73211.08
70618.59
110117.80
124637.62
81650.86
96962.69
119658.72
66324.08
73062.30
74943.81
74461.23
72546.60
82394.74
195645.36
59670.05
28179.16
30656.15
52613.01
38042.90
29246.82
37395.17
34712.08
21069.90
31309.44
212.00
19783.21
27670.40
34756.49
18452.24
23136.41
11918.02
18149.01
15303.01
15286.90
19510.66
20737.95
19448.34
14113.36
16038.00
16572.59
23063.19
24970.60
16594.90
19172.85
22800.05
28698.32
23281.64
14178.77
13831.22
11246.01
9452.64
15117.78
13605.00
12223.17
13572.59
16877.51
21935.29
13359.28
14575.30
12935.38
15783.75
17708.93
18407.71
33370.55
39111.62
26063.50
13398.08
33664.75
14117.23
17215.71
11870.78
16794.35
24526.38
49326.91
33147.03
40136.47
29089.30
43005.60
26365.83
35705.45
108656.69
7044.57
9810.93
15083.22
41586.22
13971.36
33170.96
21299.75
37471.38
23465.81
44265.81
76597.35
20915.60
24528.02
25809.08
20060.98
20403.65
12502.41
12694.56
20026.42
13289.94
18044.06
18522.40
25253.19
28193.64
35774.62
40871.91
69858.07
41930.36
72206.23
39486.82
29523.60
22739.12
12057.38
19076.13
20121.02
14694.13
16856.82
19263.94
21117.25
35703.59
44166.68
35379.95
32133.65
48031.48
23795.34
22882.60
20418.88
40104.92
29267.81
43644.70
20510.88
14141.94
13578.27
18152.43
36773.48
35425.48
64515.85
20755.83
23464.86
30561.14
28680.13
36172.21
72089.98
30021.03
43460.11
28774.64
10270.04
15872.00
14774.64
14846.66
10884.49
27126.19
15201.39
23693.07
15624.88
11953.57
9590.73
15392.40
9873.30
12101.11
11972.06
20649.26
21357.33
16283.26
21589.93
28118.83
36427.65
15355.25
33203.65
41088.11
