12.160
12.290
12.350
12.360
12.270
12.420
12.500
12.920
12.970
12.900
13.600
14.160
13.290
13.200
13.560
13.550
13.850
13.680
13.470
13.560
12.980
12.720
12.750
13.380
13.300
14.440
13.840
14.480
13.930
13.090
13.880
14.390
13.850
13.850
14.700
14.260
13.980
13.370
12.720
13.590
13.750
13.950
14.790
15.680
14.730
13.390
12.170
11.870
11.800
11.360
11.380
11.420
12.330
12.590
13.400
14.510
15.330
13.940
12.670
11.520
10.470
9.520
8.850
9.090
8.780
8.880
8.950
9.350
9.420
9.240
9.090
9.250
8.530
8.550
8.450
8.200
8.100
8.220
8.320
8.270
8.080
8.130
7.950
7.990
8.070
8.060
8.270
8.610
8.530
8.630
8.540
8.750
8.400
7.800
7.750
7.800
7.800
7.850
7.910
7.700
7.490
7.520
7.340
7.310
7.270
7.290
7.260
7.210
7.190
7.210
7.230
7.670
7.720
7.790
7.880
7.940
7.920
8.030
8.140
8.100
8.150
8.300
8.330
8.110
8.160
8.120
8.140
8.160
8.140
8.080
8.080
8.150
8.010
8.030
7.750
7.980
7.920
7.920
7.920
8.000
8.100
8.240
8.350
8.250
8.320
8.330
8.280
8.270
8.310
8.310
8.320
8.370
8.320
8.420
8.390
8.360
8.330
8.420
8.320
8.350
8.350
8.410
8.580
8.570
8.550
8.310
8.290
8.220
8.110
8.090
8.100
8.080
8.130
8.260
8.310
8.040
7.920
7.960
7.960
7.900
8.080
8.180
8.290
8.350
8.400
8.240
8.280
8.470
8.680
8.630
8.780
8.710
7.970
7.730
7.880
8.000
7.900
8.280
7.700
7.720
7.750
7.850
7.770
7.850
7.870
7.930
7.940
7.900
7.770
7.580
7.650
7.750
7.730
7.660
7.700
7.460
7.490
7.530
7.560
7.700
7.740
8.130
8.100
8.140
8.080
8.080
8.100
8.150
8.350
8.370
8.210
8.160
8.160
8.190
8.270
8.540
7.770
7.700
7.660
7.630
7.730
7.710
7.940
7.480
7.590
7.620
7.630
7.780
7.850
7.980
7.980
7.980
7.790
8.010
8.160
7.940
7.980
7.740
7.750
7.950
7.610
7.540
7.620
7.840
8.540
13.660
13.980
14.400
14.540
14.050
14.150
14.050
14.050
14.200
13.920
13.670
13.470
13.360
14.000
14.000
13.920
14.060
14.230
13.280
13.210
14.300
14.740
13.490
13.490
13.880
13.560
13.400
13.340
13.950
13.590
13.350
13.730
13.660
12.570
12.450
12.530
12.180
12.000
11.390
11.900
12.270
12.410
12.800
12.600
12.800
11.840
11.500
12.220
12.100
11.700
11.850
11.640
11.830
11.950
11.770
10.920
10.980
10.380
10.400
9.790
9.970
9.950
9.960
9.770
9.850
9.180
8.900
9.250
8.710
8.460
9.900
9.740
9.860
10.150
9.600
10.150
10.360
11.320
12.060
12.120
11.360
11.810
11.570
12.980
14.550
14.990
14.870
16.190
16.200
15.790
15.590
15.650
15.800
16.200
15.000
14.370
15.100
14.540
14.740
15.270
15.030
13.660
14.500
15.650
16.180
16.390
17.020
16.200
14.730
13.500
12.540
13.180
13.180
11.980
10.890
9.900
9.150
9.390
10.970
11.490
12.360
13.550
12.930
13.970
14.000
15.830
16.000
15.650
16.880
18.050
18.680
19.690
20.450
19.930
18.350
18.680
18.990
20.480
39.150
41.000
37.800
34.360
31.240
31.680
31.380
31.580
29.790
29.140
29.200
27.950
25.630
25.550
25.140
25.880
26.400
24.260
24.820
23.180
23.290
23.550
24.790
24.750
23.480
24.090
24.020
22.770
22.740
23.970
23.430
21.300
21.600
20.300
19.690
19.300
19.410
19.950
19.350
19.650
20.050
20.610
20.420
21.200
19.900
19.190
19.830
18.030
16.500
15.980
16.010
15.980
16.100
16.170
15.470
15.570
15.480
14.770
14.720
15.450
15.270
14.770
15.280
15.680
16.600
15.140
13.760
13.780
13.790
13.800
13.700
12.760
12.480
12.440
12.740
13.040
13.270
13.510
13.490
13.130
13.130
12.940
12.300
12.290
12.380
12.360
12.240
11.900
11.970
12.050
12.240
12.500
12.550
12.360
12.620
12.760
12.850
12.620
12.550
12.640
12.460
12.610
13.070
13.110
12.820
12.630
13.270
13.770
13.790
14.200
14.920
13.680
13.600
13.640
13.200
12.970
13.260
14.080
14.500
14.520
14.610
14.770
14.860
13.710
13.850
13.640
13.500
13.510
12.680
12.650
12.360
11.850
11.470
11.850
11.770
12.090
12.030
12.110
12.180
12.350
12.250
12.200
12.200
12.490
12.170
12.020
11.810
11.590
11.980
12.290
12.650
12.600
12.910
13.100
13.040
13.200
13.240
13.430
13.650
13.670
13.330
13.460
13.300
13.490
13.580
13.670
13.500
13.330
12.800
12.880
13.540
13.630
13.360
13.250
13.260
13.280
13.630
13.730
12.500
12.480
11.930
11.640
11.630
11.620
11.860
12.090
12.090
12.090
12.490
12.800
12.120
12.400
12.750
12.170
12.170
12.060
12.120
12.280
12.250
12.180
12.390
12.430
12.720
12.650
11.520
10.540
10.740
11.140
11.180
11.920
12.160
12.260
12.500
12.360
12.170
11.980
12.250
12.390
12.180
