16.020
16.260
16.240
16.000
16.350
15.360
15.400
15.500
15.940
15.680
15.740
15.780
16.320
16.600
16.790
16.810
16.600
16.640
16.630
17.050
16.980
16.800
16.480
15.880
15.480
15.850
16.640
16.530
16.540
16.710
16.900
17.510
17.390
17.380
17.640
17.820
17.510
17.450
17.200
17.410
17.880
18.140
19.310
19.280
19.290
19.900
19.600
19.270
19.180
19.880
20.600
20.400
19.940
20.000
20.380
19.840
20.150
20.600
20.730
20.500
20.500
20.280
20.200
19.910
19.480
18.900
19.280
19.800
20.150
20.190
19.990
19.850
19.920
19.890
20.000
19.790
19.390
19.200
19.150
19.200
18.500
18.170
18.730
18.390
17.330
17.320
17.580
17.810
17.810
17.900
17.350
17.690
17.640
17.570
17.560
17.740
17.160
16.680
16.830
16.400
16.780
16.970
16.800
16.830
16.650
17.180
17.170
17.010
17.020
16.810
16.150
15.590
15.530
15.920
15.670
16.970
16.850
18.010
18.170
18.110
18.170
18.640
18.110
17.890
17.990
18.030
18.170
18.160
18.360
18.190
18.510
18.880
18.880
18.780
18.490
18.320
18.250
18.200
18.050
19.420
19.670
19.460
19.180
19.000
19.750
20.700
20.800
20.640
21.030
20.830
20.550
20.830
21.020
21.100
21.390
21.360
20.900
21.180
21.100
20.140
19.020
18.880
18.910
18.900
18.470
18.720
18.760
18.820
19.180
19.030
19.410
19.440
19.480
19.560
19.020
18.840
18.810
18.820
19.010
19.200
19.000
19.180
18.700
18.770
18.000
17.550
17.710
18.720
19.650
19.550
19.920
20.030
20.300
20.230
19.560
20.350
20.130
20.600
21.900
21.920
22.050
24.500
25.150
24.990
25.250
24.920
24.680
24.690
24.670
24.780
24.350
23.880
24.930
25.190
24.950
24.890
24.840
25.270
24.020
24.000
23.780
22.510
22.120
22.260
22.240
21.740
21.490
22.560
23.600
23.190
23.950
23.290
22.480
20.440
20.300
19.280
19.500
19.390
18.550
18.530
18.460
17.880
18.060
18.330
18.580
18.520
18.750
18.310
18.540
18.310
18.120
18.750
19.080
18.420
18.700
18.330
18.600
18.270
16.610
16.400
16.620
17.060
17.500
17.340
17.650
18.130
17.620
17.210
18.310
17.790
17.700
17.770
17.900
17.120
17.060
16.930
18.080
18.680
17.250
17.400
16.860
15.800
16.590
16.550
18.000
17.110
17.450
16.350
15.840
14.620
14.990
14.630
14.970
14.290
14.800
15.900
15.990
16.160
16.410
16.610
16.040
14.580
13.250
12.940
13.160
12.860
12.350
12.590
12.740
12.400
13.110
12.570
12.600
12.710
12.820
12.540
12.140
11.480
10.990
11.230
11.410
10.970
10.950
11.060
11.460
11.490
11.220
12.070
12.250
11.790
10.720
11.810
12.030
13.370
13.330
13.600
13.000
12.810
12.930
12.900
12.190
11.950
12.270
12.240
12.130
11.750
11.900
10.820
11.550
12.200
13.550
13.270
12.950
13.620
13.790
13.110
13.050
12.700
12.150
13.200
12.950
14.390
14.830
16.470
16.200
16.680
18.530
19.210
18.830
17.990
18.690
18.490
18.910
19.760
19.850
19.620
19.650
18.840
18.950
18.370
18.090
18.460
18.770
19.580
21.080
21.400
19.850
19.820
19.200
18.370
18.070
18.550
18.190
17.860
18.860
18.280
18.050
18.330
17.530
16.890
17.100
16.030
15.930
16.720
17.370
17.250
17.300
15.730
15.470
14.790
14.290
15.880
15.230
15.540
15.470
14.720
15.410
15.170
13.790
13.550
13.000
12.900
12.430
12.690
12.060
13.110
12.900
12.660
12.650
11.800
11.610
11.740
10.670
11.850
13.170
13.050
13.490
12.440
11.310
10.420
11.460
12.730
13.810
12.550
12.250
13.610
15.120
16.800
18.500
18.810
18.330
20.370
21.020
20.530
19.660
20.650
20.980
19.070
17.930
18.560
17.710
16.100
17.520
19.350
21.500
21.470
23.850
26.500
26.600
25.500
25.970
23.610
24.620
24.460
27.180
30.200
33.550
30.600
34.000
37.780
39.300
41.850
44.450
43.380
41.400
41.180
43.050
47.700
46.010
48.180
46.420
42.200
41.990
38.750
37.170
38.200
37.940
39.490
39.960
39.690
36.080
32.800
30.000
30.020
31.650
60.300
59.550
59.990
59.000
54.000
55.160
52.300
47.900
48.510
44.100
43.350
42.490
38.630
35.120
36.650
38.720
38.710
38.830
38.500
39.460
39.600
38.200
38.380
37.500
37.090
38.500
37.460
37.040
33.670
32.800
30.880
29.350
29.410
29.140
28.880
28.750
29.020
27.800
28.360
28.710
29.540
29.990
30.380
29.090
28.450
27.830
28.260
28.800
26.120
26.220
25.800
25.300
25.300
25.820
24.700
25.230
25.750
24.820
23.390
23.900
23.210
22.890
22.850
21.880
19.890
19.080
17.650
17.410
17.380
16.680
16.110
16.600
16.410
16.380
16.990
16.900
16.450
17.000
17.020
17.130
17.950
19.180
18.950
18.400
18.630
18.140
16.950
17.520
17.680
18.760
18.400
19.600
20.000
19.980
20.020
19.830
19.720
19.110
19.860
19.990
20.320
20.810
18.970
19.100
19.710
19.700
19.960
19.650
17.860
17.480
17.200
17.150
17.620
17.510
17.780
17.280
17.280
16.810
17.250
17.750
18.150
18.030
18.200
17.480
17.230
17.170
17.300
16.730
15.210
15.210
15.350
16.860
17.670
17.470
17.600
16.900
15.610
15.970
15.860
15.960
16.380
15.050
13.980
13.000
13.030
12.370
12.180
11.840
11.550
12.000
12.000
11.200
11.500
11.940
11.560
10.580
10.470
10.370
10.270
10.110
9.990
9.970
10.000
9.800
9.770
9.070
9.130
9.330
9.300
9.320
9.270
9.500
9.210
8.640
8.620
8.740
8.820
8.850
8.910
8.950
8.410
8.600
8.720
8.020
7.290
7.310
7.230
7.130
7.060
6.950
6.910
6.870
6.800
6.730
7.050
7.170
7.350
7.290
7.280
7.330
7.360
