0.250
0.110
0.010
0.000
-0.040
0.100
-0.030
0.000
0.640
0.100
-0.290
0.140
-0.040
0.120
0.020
0.020
-0.180
0.120
0.200
-0.060
0.340
0.240
-0.010
0.270
0.120
-0.440
-0.080
0.240
0.000
-0.040
-0.630
-0.050
-0.060
-0.050
-0.060
0.110
0.440
-0.240
0.250
-0.270
-0.760
-0.660
0.060
0.090
-0.020
-0.030
-0.120
0.420
-0.080
-0.570
-0.470
0.530
-1.140
-1.520
0.950
-0.590
0.390
0.100
0.450
0.050
-0.280
-0.230
0.170
0.270
0.020
0.190
-0.160
-0.010
-0.010
0.110
-0.380
-0.330
-0.010
0.200
-0.100
0.190
-0.270
0.030
0.440
0.240
-0.380
0.270
0.010
-0.380
-0.370
-0.110
0.470
-0.160
0.220
-0.300
-0.050
-0.100
-0.240
0.280
1.330
-0.040
-0.230
0.330
-0.580
0.100
0.600
-0.700
-0.520
0.240
1.280
0.590
-0.140
-0.150
0.170
-0.100
-0.150
0.290
0.070
-0.070
0.010
0.020
0.090
-0.090
0.030
-0.060
-0.190
0.000
-0.180
0.520
0.240
0.110
-0.250
-0.300
-0.640
-0.160
-0.090
0.020
0.000
-0.130
-0.070
0.030
-0.030
-0.210
0.080
-0.130
-0.150
-0.080
0.000
0.140
-0.080
0.060
0.010
-0.050
0.440
0.090
0.090
-0.220
0.060
-0.120
-0.030
-0.060
0.120
-0.070
0.020
-0.150
0.010
0.080
-0.160
-0.150
0.090
0.100
-0.160
0.000
-0.020
-0.200
0.080
0.410
-0.010
0.050
-0.160
0.110
-0.300
-0.200
0.310
0.410
-0.220
0.110
-0.070
0.090
-0.410
-0.130
-0.040
-0.190
0.120
0.080
-0.070
0.090
0.040
0.060
-0.020
0.000
-0.200
0.080
0.060
-0.320
-0.020
-0.210
0.240
-0.190
0.100
-0.100
-0.350
0.120
-0.220
0.080
-0.290
0.490
0.710
0.180
0.010
0.020
-0.350
-0.590
0.090
0.370
-0.130
0.000
-0.040
0.330
-0.730
-0.150
-0.150
0.010
-0.070
-0.620
0.470
0.280
-0.330
0.010
0.460
0.600
0.270
-0.190
-0.070
0.920
-0.440
0.090
0.560
0.090
0.140
-0.140
0.270
0.650
0.150
-0.840
-0.140
-0.090
0.470
0.080
0.020
-0.160
0.430
0.350
-0.030
-0.010
-0.180
-0.230
0.320
0.430
-0.020
-0.570
-0.080
0.660
-0.160
0.160
-0.520
-0.280
-0.710
-0.770
0.070
0.280
0.390
0.590
-0.120
0.290
0.170
0.650
0.170
-0.320
-0.610
-0.090
0.150
0.380
0.130
0.130
0.100
0.280
-0.190
-0.130
-0.160
0.450
-0.300
-0.270
0.340
0.120
-0.380
-0.390
1.090
-0.100
-0.060
0.400
0.340
0.520
-0.100
-0.090
0.310
0.070
-0.160
-0.160
-0.060
0.560
0.060
-0.030
0.520
0.370
-0.840
-0.040
-1.050
0.000
-0.340
0.870
0.280
0.170
0.020
0.430
-0.190
0.000
0.170
0.460
0.390
-0.090
0.400
-0.620
-0.470
-1.000
0.100
0.140
-0.590
0.030
0.470
0.120
-0.310
0.410
-0.470
-0.280
-1.150
0.060
-1.270
0.390
-0.440
-1.420
-0.710
-0.360
0.630
0.030
1.330
0.000
-0.340
-0.120
0.440
-0.110
0.570
0.110
0.130
0.410
0.100
-0.040
-0.030
-0.460
0.010
-0.200
0.380
0.080
-0.210
-0.240
-1.330
-0.260
-0.150
0.220
-0.830
1.130
1.280
-0.070
-0.330
0.250
-0.100
0.280
-0.130
0.350
0.250
0.060
0.070
0.440
0.170
-0.290
-0.250
-0.030
-0.110
-0.230
0.280
0.060
0.270
-1.210
-0.160
0.920
-0.070
0.110
0.110
-0.720
0.540
-1.360
-1.520
-0.170
-1.680
-1.870
1.700
0.300
1.520
0.960
0.020
-0.780
0.260
1.340
-0.330
0.950
1.060
-2.850
1.290
2.090
0.310
-0.350
0.960
-1.110
0.850
-0.470
-0.130
0.420
1.050
-1.620
-0.660
0.330
-2.030
-1.390
2.450
1.300
2.290
2.080
1.890
1.720
0.700
-0.460
0.490
-0.580
-0.720
0.710
0.170
-0.370
-0.050
-0.550
1.630
-0.180
0.330
-0.580
0.330
0.250
0.070
0.030
0.070
-0.390
0.430
0.310
1.450
1.220
0.510
-0.090
-0.050
0.030
0.030
0.330
-0.190
0.130
0.290
0.320
-0.160
0.190
-0.010
-0.020
0.130
-0.370
-0.170
0.110
-0.260
0.600
-0.110
0.020
0.360
0.070
-1.020
-0.390
-0.260
-0.170
-0.010
0.170
0.050
0.020
0.370
-0.710
-0.290
-0.480
0.740
0.040
0.080
-0.300
-0.180
0.000
0.200
0.090
0.040
0.040
0.030
0.140
-0.060
0.120
-0.470
-0.140
0.200
-0.590
0.320
-0.030
0.190
0.010
-0.260
0.210
-0.300
-0.040
0.040
0.600
0.110
0.050
-0.520
-0.250
-0.020
0.210
-0.190
-0.210
-0.150
-0.150
-0.010
0.330
-0.100
0.380
0.100
0.200
0.130
-0.130
0.180
0.100
-0.370
0.390
-0.010
0.060
-0.670
-0.100
0.380
0.270
0.030
-0.090
0.060
0.130
-0.080
0.290
0.290
0.240
-0.360
0.080
-0.370
-0.480
-0.130
0.630
0.200
-0.180
0.450
0.440
-0.020
-0.100
-0.050
0.210
0.030
-0.050
-0.060
0.100
0.170
-0.200
0.070
-0.090
0.370
0.210
0.010
-0.530
0.000
0.180
-0.120
0.130
-0.410
-0.700
0.060
0.860
0.120
0.090
0.230
-0.080
