8.800
8.780
8.730
8.740
8.690
8.680
8.800
8.700
8.560
8.500
8.750
8.680
8.750
8.640
8.680
8.530
8.490
8.340
8.520
8.600
8.710
8.500
8.400
8.440
8.260
8.520
8.650
8.650
8.560
8.420
8.630
8.740
8.890
9.090
9.100
8.930
9.070
8.930
8.720
9.000
8.630
8.830
9.110
9.130
9.210
9.200
9.110
9.120
8.970
9.010
9.170
9.080
9.170
9.460
9.800
9.920
10.050
10.080
10.280
10.060
10.280
10.000
9.960
9.760
9.810
10.000
10.210
10.310
10.260
10.210
10.280
10.490
10.840
10.800
10.990
10.860
11.000
10.950
10.910
10.910
11.050
11.130
11.140
10.890
11.000
11.140
11.130
11.110
11.240
11.230
11.030
11.050
10.840
10.720
11.030
10.810
11.000
11.120
11.050
11.180
11.120
10.970
11.090
11.020
10.820
10.790
10.690
10.710
10.510
10.250
10.420
10.410
10.260
11.230
11.360
11.570
11.850
11.900
11.640
11.810
11.760
11.730
11.590
11.550
11.440
11.400
11.440
11.290
11.680
11.810
12.050
11.950
12.210
12.070
11.820
11.990
12.100
13.000
12.870
12.670
12.400
12.270
12.900
12.770
12.680
12.800
13.100
13.150
13.100
13.230
13.880
13.720
13.700
13.640
13.870
14.450
14.470
14.500
15.300
15.300
14.950
15.770
14.340
12.520
12.800
12.020
12.470
12.210
11.560
11.510
10.950
11.190
11.370
11.280
11.050
11.050
10.890
11.000
11.070
10.610
10.530
10.720
10.440
10.340
10.230
10.180
10.090
10.020
10.170
10.310
10.120
10.020
10.110
10.470
10.400
11.000
11.780
11.700
11.800
11.440
11.210
11.350
11.170
11.180
11.380
11.190
11.250
12.300
12.360
12.150
12.100
11.610
11.550
11.330
11.100
11.110
11.640
11.600
11.160
11.440
11.720
11.950
11.530
11.140
10.860
11.170
11.150
11.220
11.220
10.900
10.590
10.450
10.400
10.340
10.270
10.570
10.860
11.600
11.300
11.720
11.650
10.130
10.100
11.020
11.470
12.610
12.260
12.540
12.570
12.500
12.550
12.700
12.200
11.980
11.990
11.630
11.490
11.350
11.790
11.100
12.600
14.220
15.780
15.900
14.900
15.250
16.000
14.800
13.790
14.510
13.520
13.030
14.500
17.400
17.700
18.700
17.810
17.450
20.880
21.460
20.500
20.800
20.600
20.830
20.050
18.990
18.790
17.210
17.000
17.000
17.590
17.030
17.910
17.000
16.800
17.140
16.190
16.730
17.780
18.150
17.500
17.700
17.400
16.600
15.480
15.630
15.100
15.540
16.030
15.560
16.350
16.120
15.650
15.190
15.260
15.080
15.490
15.290
14.990
14.850
15.480
16.290
16.360
16.510
16.790
16.700
18.550
20.610
21.330
20.160
17.780
17.330
18.900
18.600
16.500
15.710
15.600
14.900
15.100
15.000
14.230
14.670
14.440
14.150
14.180
13.880
13.330
13.850
14.040
14.500
14.400
14.880
14.370
15.310
15.450
15.000
15.090
14.830
14.060
14.650
14.880
14.500
15.530
16.080
15.700
15.320
16.370
15.680
15.090
15.020
14.880
14.500
15.010
15.110
15.080
14.980
14.850
15.080
14.650
14.610
14.290
13.680
13.460
12.960
12.880
13.250
13.600
13.500
13.160
13.000
13.150
12.120
11.910
11.900
11.800
11.230
11.340
11.440
11.450
11.350
11.300
11.200
11.000
10.950
11.050
11.280
11.470
11.520
11.360
11.290
11.550
11.720
11.850
11.990
11.900
12.310
11.790
11.340
10.800
10.940
11.200
10.820
10.680
10.640
10.800
10.860
10.880
10.440
10.350
10.200
10.210
10.160
10.320
10.430
10.370
10.200
10.170
10.480
10.550
10.690
10.900
11.000
10.710
10.600
10.500
10.500
10.640
10.760
11.090
11.010
10.720
10.680
10.880
11.090
10.870
11.000
10.590
10.540
10.480
10.430
10.400
10.480
10.380
10.350
10.410
10.280
10.720
10.600
10.770
10.720
10.670
11.000
10.960
11.030
11.050
11.010
10.720
10.690
10.600
10.890
11.350
11.270
11.240
11.560
11.650
11.620
11.710
11.760
11.970
11.930
11.780
11.830
11.560
11.600
11.760
11.660
11.550
11.850
12.050
12.200
11.670
11.650
11.630
11.540
11.630
11.750
11.800
11.690
11.370
11.360
11.430
10.690
10.600
11.110
25.150
25.850
25.860
25.900
24.890
24.780
25.090
24.700
24.260
24.930
25.090
24.720
24.520
24.600
25.810
26.300
26.250
26.270
26.010
25.310
25.260
25.080
24.720
24.100
24.080
24.760
24.430
25.380
25.380
25.210
25.740
26.300
25.800
25.850
25.800
26.240
26.380
