0.010
0.170
-0.070
0.020
0.030
0.120
-0.080
-0.080
0.200
0.060
-0.180
-0.070
0.040
0.120
-0.040
0.130
-0.030
0.050
-0.150
-0.150
-0.090
0.290
-0.020
-0.010
0.030
-0.040
-0.040
0.020
0.150
0.010
-0.020
-0.210
-0.020
-0.170
-0.010
0.220
0.000
0.030
0.280
-0.230
0.080
-0.330
-0.150
-0.060
-0.170
0.010
-0.090
0.230
0.000
0.110
-0.350
-0.640
-0.150
0.180
-0.040
0.130
-0.380
0.050
-0.180
-0.280
-0.160
-0.150
0.280
0.300
0.220
-0.050
0.040
-0.350
-0.160
0.320
-0.160
0.050
-0.130
0.310
0.220
0.080
0.370
-0.070
0.190
0.020
-0.240
0.000
0.000
0.580
0.000
-0.240
0.020
0.150
-0.200
0.130
0.030
-0.010
0.090
0.210
-0.220
0.000
-0.060
-0.080
0.000
0.020
0.010
0.300
-0.170
-0.010
0.150
0.000
-0.010
0.100
-0.110
0.170
0.190
-0.110
0.020
0.170
-0.380
-0.190
-0.300
-0.290
-0.250
0.190
0.130
-0.020
0.110
-0.060
-0.110
0.130
0.100
-0.260
-0.180
0.070
-0.080
0.260
0.660
0.150
0.020
0.280
-0.070
0.140
-0.730
-0.160
0.200
0.110
0.000
-0.160
-0.390
0.090
-0.260
0.030
0.030
0.170
-0.160
-0.160
0.120
0.130
-0.220
0.070
-0.020
-0.170
-0.100
0.230
0.350
-0.150
-0.020
0.420
-0.100
0.120
-0.210
-0.290
0.100
-0.060
0.110
0.010
-0.010
0.240
-0.020
0.410
-0.300
-0.030
-0.090
0.000
0.050
0.380
0.010
0.010
-0.090
0.130
-0.220
-0.020
-0.250
0.030
-0.230
0.150
-0.350
0.720
-0.230
0.090
0.460
-0.040
0.300
-0.040
0.000
-0.120
-0.080
-0.120
0.160
0.030
0.120
0.170
0.050
-0.210
-0.030
-0.060
0.050
0.060
0.350
0.080
-0.300
0.010
0.200
0.140
-0.140
0.010
0.150
0.030
-0.090
-0.150
0.030
-0.580
0.050
-0.010
-0.440
-0.040
0.320
0.010
0.140
0.020
0.010
-0.140
0.100
0.010
-0.140
0.070
0.440
-0.070
0.310
-0.160
0.550
0.000
0.200
0.260
-0.200
-0.070
0.190
-0.110
-0.040
0.000
-0.140
0.440
0.010
-0.350
-0.020
0.020
0.150
0.000
-0.070
0.180
0.400
0.040
-0.020
0.030
-0.040
-0.040
0.160
0.130
-0.040
-0.320
-0.050
0.120
-0.070
0.150
-0.010
-0.040
-0.470
-0.380
0.030
-0.070
0.330
0.020
-0.080
-0.130
0.150
-0.090
0.030
-0.060
-0.540
0.040
-0.220
-0.090
0.070
0.310
-0.180
0.230
0.030
-0.380
0.250
0.280
-0.020
-0.080
0.340
-0.160
0.070
0.120
-0.340
0.110
-0.230
0.230
0.290
0.370
-0.180
-0.220
0.280
0.150
-0.310
-0.660
0.800
0.380
-0.290
0.290
0.510
0.280
-0.470
0.000
-1.010
-0.020
-0.110
0.330
0.010
-0.080
0.000
0.360
0.180
-0.100
0.290
-0.080
0.350
-0.100
0.360
-0.570
-0.160
-1.050
0.170
0.240
-0.800
-0.010
0.680
-0.170
-0.540
-0.140
-1.220
-1.360
-0.150
1.010
-1.420
0.610
1.230
-0.250
0.210
0.080
0.090
-0.430
0.000
0.000
-0.030
0.020
0.330
-0.250
0.320
0.030
-0.090
0.310
0.220
0.050
-0.080
-0.390
0.110
-0.300
0.270
-0.120
0.040
0.070
-0.990
-0.230
0.480
0.100
-0.310
0.430
0.270
-0.270
-0.360
0.240
-0.180
-0.020
-0.220
0.360
0.080
0.140
0.280
0.630
0.060
-0.350
-0.230
-0.250
0.580
0.190
0.200
0.270
0.420
-1.140
0.170
-0.150
-0.010
0.460
0.070
-0.040
0.770
0.190
0.610
0.090
0.110
-0.270
0.180
-0.530
0.270
-0.350
-0.190
0.550
0.480
0.060
0.870
-0.800
-1.050
0.090
-0.350
0.350
0.830
0.500
-0.410
-0.940
0.000
0.950
0.530
-0.820
-1.090
-1.210
-0.870
-0.510
0.250
-1.470
0.590
-0.310
0.570
-0.450
0.050
0.700
0.510
-0.100
-0.070
1.200
-0.750
-0.110
-0.440
1.100
-1.190
-1.490
-0.170
0.490
-0.170
0.200
0.980
1.230
1.120
1.020
-1.130
-0.620
-1.330
-1.420
-1.280
1.210
-1.640
-1.820
-1.280
0.130
0.620
-1.900
-1.110
1.050
-1.750
-1.320
0.790
-0.580
1.400
2.020
-0.420
0.870
0.570
0.790
-0.570
-2.100
-0.430
1.030
0.520
-0.220
1.120
0.500
0.300
-0.100
-0.920
1.100
-0.380
-0.260
0.470
0.260
0.920
-0.240
0.180
-0.150
-0.060
0.340
-0.850
-0.380
-0.660
0.190
0.390
0.570
-0.660
0.840
-0.350
-1.620
0.390
-0.610
-0.710
0.780
-3.290
3.900
0.270
3.520
2.400
0.620
0.310
-0.070
-0.800
1.960
-1.020
2.020
-0.070
0.500
0.220
1.900
0.340
0.020
-0.220
-0.120
1.270
0.200
0.140
-0.100
0.950
0.110
0.460
-0.220
0.620
0.420
-0.110
-0.330
-0.460
0.320
-0.100
-1.000
-0.470
-0.690
0.560
0.310
-0.570
0.040
0.260
0.960
-2.340
-0.520
0.650
0.090
0.320
0.720
-0.450
-0.490
-0.370
0.460
-1.190
-2.060
1.830
2.560
0.940
2.240
0.810
-0.740
-0.940
0.020
-1.040
0.020
0.660
0.020
1.530
2.010
-2.070
0.950
0.780
-0.090
1.340
1.740
0.250
-0.350
-0.230
-0.210
0.360
0.000
0.120
-0.050
0.010
-0.060
0.470
0.070
-0.340
0.210
-0.890
0.030
-0.520
0.280
-0.140
-0.320
0.520
-0.150
-0.130
0.000
0.790
0.560
-0.180
-0.440
-0.350
0.130
0.510
-0.540
0.080
-0.130
0.640
-0.110
0.410
-0.360
0.000
-0.130
0.590
-0.370
0.210
0.140
0.630
0.200
0.000
0.400
0.220
-0.600
0.020
0.830
0.110
0.140
-0.130
-0.110
-0.020
0.130
0.140
0.300
0.130
0.040
0.050
-0.450
-0.040
-0.050
-0.030
-0.400
0.100
0.030
0.120
-0.080
-0.100
-0.070
0.290
0.130
-0.280
0.320
0.380
0.340
-0.340
0.170
-0.200
-0.110
0.030
0.330
-0.160
-0.170
0.600
-0.070
0.380
-0.250
-0.380
-0.010
0.160
0.460
0.290
-0.330
-0.120
