-0.030
0.940
-1.860
-0.880
0.830
-0.250
0.020
-0.560
-0.460
0.280
-0.630
1.050
-0.450
0.550
0.100
-0.250
-1.760
0.270
-0.460
-0.250
0.370
0.900
1.580
0.150
0.150
1.020
-0.020
-0.240
1.140
0.000
-0.100
0.720
0.580
-1.700
-1.860
0.650
0.180
-0.010
1.440
-0.420
0.620
-1.970
0.450
-0.110
-1.140
1.350
-0.300
-0.850
-1.930
2.110
-0.640
-0.590
-0.450
-0.070
3.170
1.190
-0.110
1.900
0.960
-0.090
-0.600
1.570
0.230
-0.600
2.660
0.560
0.280
-1.300
-0.100
0.240
-0.010
0.470
2.200
-0.440
-0.680
-0.360
0.240
0.440
0.850
1.560
0.250
-0.510
-0.670
1.020
0.850
-0.200
-0.040
0.000
-0.500
-1.310
0.870
-0.100
-0.410
2.230
0.170
1.080
-0.170
0.160
-0.330
-0.190
1.370
-0.080
-0.060
0.630
-0.070
3.900
0.180
0.220
0.400
0.070
0.200
0.450
0.110
0.100
-0.500
-0.090
-0.310
-0.130
0.040
0.760
-0.080
0.040
0.600
0.140
0.080
-0.260
-0.490
-0.050
0.010
0.410
0.400
0.310
0.140
0.310
-0.240
-0.910
0.200
-0.350
-1.150
-0.310
0.680
0.030
0.180
-0.530
0.040
-0.300
-0.040
-0.350
0.530
0.110
0.790
0.300
-0.080
0.200
-0.210
-0.050
0.110
0.110
-0.290
-0.470
0.190
-0.280
0.400
-0.220
0.050
0.030
-0.200
-0.200
0.130
-0.260
-0.340
-0.060
0.390
-0.030
-0.370
0.900
-0.050
-0.680
-0.610
0.060
-0.680
-1.210
1.150
-0.020
0.460
0.950
-0.270
-0.650
0.500
0.110
-0.030
0.970
-0.100
0.650
0.110
-0.520
0.080
-0.200
0.520
0.190
-0.610
0.400
0.200
0.330
-0.650
-0.030
-0.500
-0.350
0.300
-0.270
-0.340
-0.810
-0.110
-0.190
0.450
-0.120
0.450
-0.190
0.510
0.090
-0.660
-0.150
0.070
-0.120
-1.100
0.170
1.490
-0.920
1.440
-0.070
-0.630
-0.200
0.040
-1.250
-0.380
0.660
0.070
-0.840
3.030
0.440
0.860
0.280
0.680
-0.420
0.050
-0.500
0.510
-0.210
-0.340
1.010
0.170
-0.030
-0.690
0.060
0.490
0.100
-1.410
0.200
1.560
0.300
0.840
-0.280
0.740
0.450
-0.500
0.120
1.180
0.470
-0.140
1.150
-0.380
-0.450
0.050
-0.370
-0.920
-1.130
-0.570
0.270
0.870
-0.120
-0.260
1.280
-0.730
-2.210
0.440
-0.550
1.850
0.310
0.640
0.280
-0.480
-2.110
4.020
0.190
-1.380
1.180
0.230
-0.650
0.220
-1.000
0.500
1.380
0.070
2.350
-0.450
0.870
-0.710
-0.510
1.970
0.620
-0.530
0.190
-0.500
0.120
-1.130
-0.140
0.520
0.440
-0.560
0.450
0.350
0.830
1.160
-0.920
-0.920
0.160
1.280
-1.090
1.100
1.700
-0.600
0.500
-2.000
0.170
0.330
1.330
0.180
-0.410
-1.290
0.380
1.150
0.970
-0.010
1.040
0.510
0.490
1.160
-0.510
0.000
-2.040
0.930
0.020
-1.050
-0.470
0.570
-0.240
-1.510
1.830
0.700
-0.730
-3.210
2.030
-3.500
0.890
1.510
-2.670
-0.950
-0.050
0.250
1.820
-0.450
0.840
0.870
0.620
0.910
-0.110
0.590
0.480
0.090
0.840
0.150
-0.950
0.190
0.280
-0.550
-0.920
-0.700
1.240
1.110
0.520
-1.110
0.040
-0.080
-0.800
-0.120
-0.280
0.800
-0.510
-1.040
0.930
-0.200
-0.300
0.620
-0.440
1.310
0.610
-0.780
1.280
-0.480
-0.580
0.670
0.940
-1.540
0.200
0.590
0.000
2.500
-0.780
0.080
-0.330
0.100
0.830
-0.600
-0.560
1.140
-0.430
1.100
0.360
-0.450
1.150
-0.100
-1.050
-0.140
-0.060
-0.430
0.930
0.080
-0.380
2.060
0.180
-1.670
-0.420
-0.630
0.440
1.940
0.000
0.850
-0.750
-1.960
1.340
1.030
1.590
-1.500
-2.930
-2.600
-0.100
0.940
-2.810
0.510
-0.860
0.150
-0.940
-0.160
2.070
0.130
-0.880
-0.740
0.450
2.910
1.340
-1.480
-0.100
1.150
-3.030
-1.320
0.960
-0.180
1.670
-0.410
2.060
2.800
-0.930
3.300
-3.670
-0.140
-0.160
-0.710
-0.650
2.970
-1.960
-4.150
0.950
0.650
0.200
-1.700
-1.000
0.400
-2.590
1.560
0.030
2.180
0.640
-0.020
-0.790
1.500
-1.510
-1.360
0.560
1.990
-1.250
-0.940
-0.700
1.200
-0.210
-0.190
3.810
0.790
1.250
-1.240
-0.210
-0.490
-0.430
-0.150
3.450
3.670
-0.800
-0.330
1.190
1.140
-1.150
0.990
-2.680
0.120
-2.610
2.770
1.370
1.530
-0.770
0.260
-0.380
-1.340
-0.220
-0.140
-0.590
1.390
-0.270
1.270
0.000
-1.100
2.650
1.240
2.600
-0.420
0.950
-0.150
0.230
-0.590
-0.660
0.210
0.230
-0.040
0.000
2.540
0.510
0.560
0.250
0.390
-0.600
-0.230
0.240
-0.870
1.020
-0.290
-0.140
-1.410
0.060
1.280
0.240
1.760
1.020
0.740
0.230
-0.900
-0.250
1.310
-1.270
0.360
-0.440
-1.900
0.740
0.180
-1.170
-0.430
-0.630
1.510
0.650
1.650
-1.050
-0.450
-0.010
-1.550
0.320
2.540
0.300
-0.380
-0.770
3.590
3.260
1.210
-0.680
-1.030
-0.050
0.730
0.720
-0.200
-0.900
-0.420
-0.210
-0.980
-1.090
0.490
1.000
0.540
1.020
-0.780
-0.980
-1.410
1.700
-0.010
0.340
0.200
0.370
-0.940
-0.520
0.280
1.000
-0.170
-0.810
1.000
-0.590
0.220
-0.450
-0.220
0.020
-1.200
0.540
-0.840
0.850
-0.040
-0.570
-0.630
0.600
-1.000
2.170
3.120
0.370
-0.440
0.620
-0.170
0.030
-0.350
-0.420
-0.390
0.900
-0.570
0.460
0.460
-0.190
0.910
0.200
-0.250
0.130
-0.130
0.420
0.290
-0.750
-0.310
0.040
-0.380
-0.880
0.160
0.550
-0.270
0.980
0.030
0.050
-0.120
0.270
0.500
-0.150
-0.200
0.200
-0.050
-0.550
0.200
-0.220
-0.440
-0.410
0.590
0.130
-0.300
-0.340
-0.710
1.490
-0.010
0.110
-1.160
0.080
1.210
0.320
-0.480
-0.160
0.020
0.910
2.670
-0.180
-0.600
-0.210
0.610
0.710
-0.290
0.210
0.660
-0.270
-0.370
-0.570
-0.170
-0.020
