4.520
4.520
4.550
4.400
4.150
4.170
4.180
4.220
4.190
4.170
4.220
4.250
4.260
4.240
4.210
4.160
4.120
4.150
4.140
4.120
4.160
4.110
4.060
4.040
3.980
4.030
4.150
4.100
4.130
4.060
4.100
4.130
4.220
4.170
4.200
4.140
4.190
4.170
4.020
4.160
4.230
4.160
4.210
4.200
4.240
4.230
4.240
4.120
4.120
4.220
4.270
4.380
4.480
4.530
4.700
4.710
4.720
4.800
4.790
4.750
4.720
4.700
4.660
4.670
4.630
4.670
4.780
4.760
4.740
4.740
4.750
4.810
4.910
4.910
4.950
4.970
4.960
5.000
4.970
5.010
5.010
5.070
5.070
5.050
5.020
5.020
5.060
5.080
5.080
5.070
5.050
5.060
5.050
5.020
5.020
5.010
5.020
5.060
5.050
5.070
5.020
4.950
4.970
5.020
5.030
5.000
4.990
4.930
4.940
4.970
4.880
4.880
4.870
4.800
4.660
5.150
5.200
5.260
5.380
5.410
5.440
5.510
5.480
5.510
5.500
5.470
5.590
5.420
5.310
5.410
5.480
5.490
5.420
5.520
5.560
5.460
5.350
5.250
5.440
5.880
5.900
5.880
5.880
5.860
5.910
5.960
5.950
5.970
6.010
5.950
6.010
6.060
6.060
6.060
6.060
6.090
6.090
6.030
6.010
5.970
5.960
5.880
5.990
5.960
5.970
5.970
5.990
6.030
6.060
6.080
6.060
6.020
5.980
6.010
6.000
5.960
5.950
6.040
6.050
6.040
5.990
5.920
5.890
5.930
5.850
5.830
5.890
6.080
6.130
6.130
6.100
6.090
6.070
6.130
6.130
6.280
6.300
6.320
6.220
6.280
6.260
6.310
6.300
6.320
6.310
6.330
6.260
6.420
6.380
6.400
6.420
6.460
6.470
6.470
6.330
6.320
6.330
6.400
6.370
6.280
6.370
6.310
6.310
6.300
6.250
6.380
6.390
6.400
6.860
6.810
6.710
6.630
6.660
6.610
6.600
6.720
6.790
6.730
6.600
6.700
6.690
6.760
6.760
6.730
6.570
6.670
6.730
6.850
6.620
6.400
6.300
6.790
6.660
6.710
6.840
7.100
6.880
6.700
6.770
6.740
6.670
6.720
6.470
6.350
6.420
6.310
6.420
6.420
6.520
6.250
6.360
6.230
6.750
6.610
6.690
6.530
6.820
6.870
6.830
7.200
7.460
7.330
7.150
7.200
7.160
7.220
7.170
7.120
7.180
7.220
7.300
8.020
8.020
8.190
8.120
8.090
7.980
8.160
7.950
8.150
8.130
8.050
7.950
8.290
8.220
7.940
8.020
7.900
7.900
7.950
7.980
7.920
7.260
7.070
7.000
7.150
7.070
6.880
6.990
7.030
6.850
7.220
7.000
7.510
7.080
6.740
6.800
7.120
7.590
8.150
8.250
8.550
8.380
8.420
8.500
7.830
7.310
7.700
7.550
7.110
7.130
6.950
6.950
6.900
7.000
7.700
8.410
8.020
8.310
8.600
8.210
8.000
8.050
7.630
7.990
8.400
9.160
9.460
9.310
9.050
8.570
9.320
10.300
10.860
10.620
11.380
11.620
11.600
11.900
12.040
11.920
12.120
12.200
12.050
12.020
11.520
11.710
12.100
12.010
12.600
13.200
13.100
13.210
12.790
13.110
12.610
13.880
14.200
13.950
13.500
13.480
14.210
13.000
12.980
13.630
13.140
13.410
13.880
13.830
12.200
10.700
11.010
10.800
10.400
10.650
11.670
12.000
11.100
11.310
11.650
11.770
11.760
9.500
8.890
7.860
7.830
7.700
7.120
6.570
6.310
6.190
6.340
6.330
6.250
6.510
5.870
5.950
6.210
5.900
6.100
6.780
7.370
7.340
7.060
6.410
6.800
7.110
7.900
8.620
8.580
8.420
9.360
10.400
11.550
12.830
14.250
14.290
15.880
17.590
15.480
13.500
10.040
