16.870
15.730
14.340
14.360
14.150
14.250
14.310
14.460
14.000
13.850
14.360
14.250
14.580
14.130
14.370
14.970
14.350
14.320
14.410
13.500
13.570
13.570
13.280
13.100
12.930
12.930
13.310
13.850
12.770
12.690
13.380
13.900
14.210
14.190
14.540
14.200
13.690
13.940
14.100
14.690
14.580
14.650
14.830
15.170
14.970
15.080
15.110
14.850
15.160
14.850
15.740
16.140
16.350
16.660
17.310
17.430
17.790
17.930
18.100
18.230
17.840
18.130
18.360
18.300
17.950
17.950
18.190
18.620
19.000
18.980
19.100
19.300
19.750
19.580
19.340
19.190
19.680
19.550
18.620
18.650
18.560
18.970
18.470
18.000
17.860
17.990
18.480
18.900
19.450
19.450
19.320
19.500
19.800
19.170
19.490
19.950
19.730
19.900
19.790
19.980
20.900
20.140
19.860
19.800
19.790
19.580
19.370
19.940
19.340
19.490
20.000
19.680
18.150
19.180
19.430
20.130
20.280
20.690
20.640
20.960
21.660
21.160
20.560
20.570
21.200
20.470
20.860
20.970
21.450
21.880
20.390
20.580
20.700
21.660
20.000
19.650
19.660
21.880
22.460
22.620
22.620
22.700
22.580
23.090
22.810
22.910
23.080
23.440
23.300
23.590
23.850
23.840
23.750
24.280
25.230
24.880
23.980
23.780
23.870
23.720
23.860
24.200
24.220
24.640
24.970
24.110
24.880
24.800
24.910
25.400
25.650
25.870
25.690
25.350
24.870
25.000
25.110
25.850
25.980
26.160
26.000
24.860
25.200
25.430
25.010
26.090
25.200
25.170
24.510
22.540
22.650
22.690
22.660
23.180
23.970
24.190
24.360
24.190
24.050
24.330
24.540
24.690
24.580
24.700
25.500
24.800
25.160
25.000
25.600
25.700
25.700
25.900
26.400
25.500
24.380
25.230
25.330
25.500
25.300
25.490
26.170
24.990
24.800
25.000
25.950
26.750
30.130
30.270
31.180
30.650
30.500
30.610
29.900
29.510
30.420
30.850
30.540
30.180
30.590
31.100
31.040
31.500
31.550
31.650
32.580
31.810
32.660
33.400
31.960
31.990
33.160
32.900
33.500
33.750
34.430
34.420
31.830
28.990
31.300
31.980
30.800
30.400
29.200
29.500
29.770
28.450
26.600
28.530
28.190
28.440
28.190
26.940
25.070
25.430
26.200
26.080
25.850
26.390
25.700
28.070
30.490
29.630
31.880
30.190
31.280
28.980
28.120
29.550
30.500
29.500
28.910
28.500
30.780
29.980
30.450
29.770
27.060
24.990
25.200
24.290
25.570
24.560
26.230
24.670
24.410
22.450
23.020
23.210
21.510
22.210
23.000
22.320
20.800
20.000
19.030
17.300
15.730
15.050
15.150
15.320
14.360
14.560
14.790
15.260
14.770
15.480
15.950
15.310
13.970
14.880
15.650
17.000
17.920
18.560
18.740
18.390
18.490
17.820
17.790
17.000
17.080
16.700
15.450
15.390
14.660
14.680
15.550
16.330
17.810
18.500
18.800
20.070
21.130
20.600
20.180
20.800
19.790
19.200
19.200
20.030
22.800
24.000
24.680
25.000
25.630
26.280
27.500
27.800
26.850
24.930
23.900
24.660
23.640
22.220
23.200
23.910
23.600
21.880
20.200
20.000
20.520
19.810
18.840
19.120
19.180
19.790
20.240
22.800
22.880
21.700
22.520
20.470
18.900
18.440
16.870
15.520
15.350
16.180
15.040
14.280
14.900
14.300
14.280
13.300
12.930
12.950
12.160
11.890
12.430
12.150
12.360
11.970
11.740
12.300
12.340
12.570
12.550
11.990
11.310
11.510
10.950
9.960
9.730
9.350
9.380
9.190
9.400
9.780
9.700
9.450
9.690
9.460
8.750
9.040
8.700
8.530
9.620
9.770
10.030
9.290
8.670
8.130
8.350
9.070
9.780
9.680
9.190
9.970
9.850
11.490
13.290
13.680
13.310
14.370
14.300
14.440
14.130
14.390
15.000
13.850
13.200
12.680
12.490
12.140
12.210
13.200
14.400
14.680
15.290
17.000
17.190
16.200
16.150
15.930
15.840
15.380
15.100
14.750
13.410
18.000
17.830
19.430
22.200
24.490
23.540
21.840
19.910
18.680
19.200
20.850
21.990
22.140
23.400
25.000
26.030
26.500
25.150
25.350
25.000
24.980
25.300
26.650
26.820
26.720
24.290
44.240
40.220
36.560
33.250
34.790
35.920
36.380
35.500
36.050
33.350
30.380
27.620
25.400
25.500
25.500
25.980
25.360
24.950
25.520
23.790
22.890
21.770
22.400
22.890
20.990
19.650
19.650
18.300
18.000
17.760
17.250
17.280
16.810
17.790
17.520
17.080
16.560
16.940
17.090
16.950
17.480
16.250
15.330
14.900
15.140
15.180
15.210
15.100
14.950
14.470
14.430
14.100
14.490
14.760
14.750
14.750
14.970
14.770
14.900
15.990
14.620
13.370
13.050
13.250
13.190
13.100
12.690
12.480
12.550
12.680
12.770
12.660
12.850
13.490
12.650
12.430
12.530
12.290
12.090
12.180
12.440
12.700
12.900
12.890
12.960
13.800
14.380
14.420
14.740
14.880
14.880
14.690
14.680
14.690
15.950
16.180
15.510
15.270
14.840
14.980
14.380
14.200
14.180
14.330
14.260
14.170
14.160
13.840
13.790
13.770
13.610
13.280
13.800
13.980
14.360
14.050
14.380
14.240
13.970
14.150
14.380
14.540
15.130
14.250
13.950
13.760
14.090
13.960
13.560
13.660
13.710
13.680
14.050
14.350
14.600
13.680
13.840
14.100
13.930
14.100
14.190
13.710
13.430
13.360
13.190
12.840
12.830
12.890
12.800
13.370
13.300
13.130
13.400
13.440
13.100
13.100
13.140
12.950
12.900
12.770
12.380
12.830
12.860
12.750
12.860
12.810
12.830
13.010
13.300
13.270
13.090
13.550
13.360
12.500
12.480
12.800
11.900
11.850
11.900
11.870
12.360
12.160
11.200
11.100
11.070
10.780
11.300
11.330
11.240
11.220
10.930
11.060
11.300
11.880
11.360
10.330
10.070
10.260
10.220
