42.360
41.820
42.680
43.760
43.650
43.200
43.490
43.440
44.240
44.000
44.900
44.250
43.910
43.950
43.300
43.700
45.000
45.340
45.330
45.880
45.480
45.100
44.190
43.800
42.680
42.800
41.880
42.180
41.550
40.750
41.170
40.810
40.180
40.600
42.170
42.830
42.750
42.400
41.940
41.960
53.860
55.350
55.870
55.470
56.180
55.930
54.980
55.500
58.200
57.950
56.940
57.250
59.280
57.500
57.500
54.500
54.220
53.170
51.420
50.470
51.390
51.490
49.240
49.880
50.000
47.880
46.890
47.450
48.200
48.120
47.900
47.820
46.950
45.250
45.900
46.750
46.800
46.490
46.450
44.990
43.530
43.560
43.890
44.600
42.990
42.670
42.650
42.940
43.180
43.880
44.100
43.960
44.080
43.800
42.480
41.570
40.680
40.680
40.900
41.180
40.870
39.580
39.960
39.780
39.400
42.900
39.250
39.000
39.250
38.450
38.350
38.080
37.820
37.500
37.960
38.070
38.130
38.590
39.300
38.350
38.000
37.730
37.680
37.250
37.270
36.900
37.520
37.720
37.620
37.600
37.360
37.140
36.790
36.650
36.620
37.070
37.400
37.580
38.610
38.700
38.860
38.120
38.140
38.880
38.580
39.390
38.780
40.080
39.190
38.650
38.850
37.560
37.540
37.590
37.390
37.420
37.500
37.440
37.680
38.100
38.190
38.040
38.070
38.210
38.060
38.240
38.060
38.590
38.500
38.740
39.000
39.300
39.190
38.750
39.000
39.000
38.780
39.000
39.600
39.770
39.660
41.250
41.600
40.500
40.300
39.780
39.210
39.800
39.800
39.350
39.200
39.100
38.490
38.300
37.970
38.200
38.160
38.240
38.180
37.890
38.250
38.280
37.840
37.680
37.950
38.040
38.170
38.680
38.850
39.080
39.100
39.800
40.140
40.510
40.190
39.690
40.460
39.540
39.500
39.000
39.580
39.730
39.870
40.250
40.750
41.490
40.600
40.300
40.070
39.670
39.370
39.940
39.990
40.600
41.200
41.470
40.710
41.550
41.980
38.360
38.170
36.900
36.880
36.380
36.740
36.980
36.880
36.610
37.050
37.050
36.350
35.790
36.250
37.300
36.580
35.950
37.050
37.370
37.000
36.110
35.290
34.750
34.680
34.300
34.000
52.500
51.200
50.220
50.260
49.680
49.500
49.490
50.210
49.950
51.170
51.510
52.290
52.370
52.350
51.280
52.980
52.050
50.970
53.190
53.590
53.880
53.500
52.300
51.500
51.500
51.250
52.190
53.450
49.930
50.450
50.180
49.080
49.270
49.480
51.250
51.850
50.480
49.470
49.470
46.350
46.500
45.820
46.900
46.500
44.680
45.000
44.560
44.750
44.950
45.720
46.640
46.240
45.400
45.760
45.690
46.570
44.790
44.450
43.500
44.750
44.900
44.990
44.400
46.610
43.100
42.270
42.880
43.480
43.560
43.500
44.190
41.880
42.080
43.200
43.400
43.220
42.800
41.450
41.690
39.980
39.390
39.600
38.880
39.000
40.150
40.400
39.990
40.250
40.790
40.990
40.990
41.500
42.000
42.160
41.000
43.530
44.000
44.000
44.900
44.330
44.760
45.980
46.480
47.190
46.660
46.200
44.330
43.700
44.100
43.000
41.440
41.350
40.840
40.300
40.190
39.890
40.830
40.720
40.080
40.000
40.850
41.900
44.400
41.140
40.000
39.960
40.200
40.360
40.480
42.300
41.330
41.220
41.150
42.100
41.960
41.670
41.710
41.550
41.300
41.590
40.400
40.000
40.580
39.800
40.260
40.910
39.460
40.090
39.900
39.820
39.880
39.470
37.990
37.440
37.980
38.000
37.660
38.100
37.690
38.050
36.980
37.300
36.500
36.780
37.250
35.960
36.680
36.990
37.200
37.440
37.320
36.880
38.170
37.560
34.700
36.170
36.720
37.090
37.480
36.550
36.300
34.600
34.780
35.950
36.800
35.500
35.290
35.100
35.990
39.490
42.000
40.050
42.280
41.850
42.150
42.240
44.970
44.400
43.330
41.490
41.580
42.000
42.410
41.800
38.960
39.770
39.940
39.800
41.040
43.000
42.940
42.000
41.520
41.250
40.840
38.800
39.960
36.330
36.850
40.480
38.600
38.680
39.800
38.480
38.580
41.430
43.100
40.950
41.200
43.310
43.500
42.650
44.700
45.160
44.440
43.000
41.200
41.000
40.950
40.990
40.670
42.990
43.140
42.010
42.090
42.990
42.650
43.490
43.500
43.500
41.900
38.880
37.490
37.850
38.390
37.980
58.480
59.290
58.500
54.800
52.040
54.500
54.800
51.200
51.780
52.240
52.890
53.010
55.080
55.810
53.500
51.500
50.190
50.620
50.980
51.750
52.400
53.000
54.000
52.900
52.970
52.200
51.000
51.490
53.490
51.000
47.960
45.500
45.800
44.500
44.600
44.770
45.430
45.800
45.360
45.480
45.920
45.300
45.940
42.950
41.660
41.680
41.990
42.150
42.600
42.850
42.270
41.780
41.940
43.180
43.250
43.300
42.380
43.400
39.800
39.390
38.180
38.600
39.280
39.000
39.250
39.350
39.990
41.200
41.100
40.500
41.490
42.300
42.000
42.420
41.600
40.100
39.600
40.100
41.300
41.480
41.630
42.450
39.390
39.470
39.870
39.450
35.860
33.050
32.220
32.880
33.380
33.660
32.890
32.600
32.890
33.230
33.860
34.420
35.730
36.280
35.450
34.590
33.700
33.250
34.130
35.500
35.980
34.660
34.340
35.490
33.430
34.030
34.490
34.660
34.650
33.500
34.020
34.200
33.770
34.090
34.290
34.400
34.640
35.310
35.440
36.180
35.930
35.280
35.750
36.130
36.500
36.500
36.790
34.320
31.480
32.300
31.390
30.870
30.960
31.290
31.680
32.500
32.000
31.810
31.750
31.570
30.980
30.920
30.250
30.150
30.140
30.140
30.190
29.610
30.150
30.490
30.590
30.910
31.910
32.330
31.480
31.300
31.600
30.280
30.200
30.390
30.280
30.160
29.710
29.830
30.050
29.880
30.240
30.450
30.490
30.880
31.130
31.160
30.580
30.700
30.860
31.490
31.700
30.510
30.850
31.000
31.470
31.250
30.050
30.450
30.460
30.500
30.950
29.370
27.170
27.380
27.710
27.990
27.550
26.880
26.720
26.480
26.050
26.670
27.000
27.340
27.320
