45.830
45.750
45.890
46.160
46.220
45.970
46.000
44.260
43.950
44.360
44.360
54.100
54.030
53.980
54.990
54.990
54.920
55.180
54.980
57.380
52.160
52.150
50.980
50.830
50.890
50.900
52.080
55.000
55.200
55.920
54.500
57.210
57.180
57.000
56.620
54.850
56.190
58.110
58.900
62.200
63.850
64.350
66.750
69.990
69.600
70.520
71.540
71.290
71.200
71.510
71.000
73.850
74.250
74.030
73.650
73.800
75.990
75.440
79.550
82.350
83.810
81.670
87.480
87.500
88.050
90.000
84.000
79.860
81.550
82.000
80.600
81.490
81.450
80.270
79.990
76.510
78.350
79.350
80.230
80.250
80.000
80.420
80.000
81.000
80.490
81.950
82.000
83.750
85.480
83.060
83.690
81.440
74.040
73.300
70.270
63.880
64.070
64.790
64.870
61.920
62.020
62.010
61.990
61.490
62.000
61.850
61.850
61.030
57.820
59.940
60.830
61.050
60.690
60.960
60.600
60.330
60.450
60.500
61.500
60.600
60.970
60.700
61.360
62.060
59.890
59.300
59.780
60.780
61.950
64.000
62.500
63.280
57.530
52.300
52.100
51.970
51.650
52.510
53.530
58.130
57.930
58.800
58.640
58.000
60.560
60.810
57.500
57.720
58.400
62.400
63.690
64.340
65.200
64.850
66.020
66.100
67.180
66.990
64.410
66.040
67.430
67.600
66.730
62.380
66.000
66.180
60.160
149.160
149.100
148.300
157.250
160.260
157.500
156.950
157.990
157.210
162.020
157.000
148.490
134.990
132.360
125.990
123.100
126.930
119.800
120.000
121.800
118.440
120.400
121.250
123.710
126.000
121.910
123.980
122.790
119.320
114.990
117.200
117.200
116.800
118.150
117.950
113.900
113.250
112.830
116.200
115.460
113.900
114.690
116.980
125.360
128.890
125.960
130.000
119.110
119.100
117.010
117.400
119.890
116.870
116.200
115.510
114.020
117.000
127.900
130.300
126.300
126.250
123.300
122.390
127.500
127.000
131.000
128.630
126.980
121.520
125.880
120.550
117.000
123.000
124.690
125.120
127.200
129.940
126.880
123.050
116.860
112.170
115.480
116.320
113.150
118.310
123.500
128.000
131.000
127.000
133.050
139.960
137.520
142.910
142.010
143.500
147.200
139.050
133.950
137.500
139.550
138.200
134.310
122.100
123.420
121.180
132.000
120.000
132.300
132.000
120.000
132.050
129.410
126.250
119.110
130.800
127.490
141.650
138.550
143.000
143.350
159.280
149.290
145.880
162.090
172.620
172.690
184.380
184.550
185.300
185.100
196.550
195.910
209.860
213.010
212.730
227.300
207.180
212.940
193.580
175.980
159.980
145.440
132.220
120.200
109.270
99.340
90.310
82.100
74.640
67.850
61.680
56.070
50.970
46.340
42.130
38.300
34.820
31.650
31.520
31.910
33.000
34.580
34.310
33.870
33.700
33.220
34.240
33.120
33.000
33.830
34.040
32.380
31.990
31.370
30.450
29.730
29.220
30.180
30.460
29.950
29.650
29.780
29.050
28.400
27.870
27.590
27.350
27.240
27.270
27.050
26.940
25.610
25.250
25.750
25.540
25.900
26.260
25.780
25.700
25.840
26.170
25.230
24.800
24.830
24.830
24.680
24.590
24.510
24.940
25.120
24.760
24.730
24.750
24.770
24.530
24.360
24.070
23.940
23.650
23.930
23.770
24.200
24.200
23.990
27.180
27.390
27.620
27.100
26.050
26.490
