8.420
8.430
8.540
8.560
8.560
8.590
8.550
8.610
8.590
8.530
8.620
8.650
8.740
8.770
8.780
8.780
8.730
8.670
8.690
8.720
8.750
8.680
8.560
8.500
8.540
8.570
8.680
8.600
8.660
8.730
8.800
8.740
8.650
8.510
8.480
8.470
8.410
8.350
8.470
8.820
8.850
8.970
9.010
9.100
9.030
9.110
9.220
9.310
9.520
9.550
9.560
9.550
9.440
9.620
9.780
9.780
9.780
9.780
9.810
9.830
9.950
9.950
10.000
9.950
9.870
9.750
9.740
9.720
9.560
9.500
9.470
9.480
9.460
9.520
9.580
9.550
9.510
9.530
9.600
9.730
9.740
9.550
9.560
9.530
9.500
9.530
9.490
9.760
10.100
10.080
10.080
10.140
9.960
9.970
9.650
9.500
9.530
9.540
9.510
9.540
9.530
9.520
9.540
9.520
9.540
9.600
9.550
9.570
9.590
9.790
9.780
9.960
9.580
9.400
9.400
9.960
10.360
10.320
10.310
10.370
10.490
10.580
10.620
10.520
10.410
10.460
10.600
10.560
10.470
10.430
10.390
10.440
10.360
10.570
10.730
10.980
10.530
10.680
11.040
11.020
10.930
10.960
11.010
11.020
11.200
11.300
11.290
11.300
11.240
11.150
10.930
10.900
10.950
10.900
10.990
11.000
10.860
10.870
10.840
10.750
10.730
10.760
10.770
10.800
10.810
10.870
10.830
10.650
10.600
10.670
10.780
10.550
10.420
10.540
10.670
10.600
10.720
10.730
10.760
10.790
10.970
10.950
10.810
10.720
10.770
10.680
10.790
10.860
10.940
10.970
11.050
11.040
11.170
11.200
11.340
11.540
11.540
11.700
11.660
11.690
11.460
11.880
11.710
11.810
11.640
11.630
11.520
11.480
11.520
11.620
11.650
11.770
11.870
11.880
11.800
11.590
11.560
11.840
11.850
11.620
11.660
11.640
11.700
11.540
11.540
11.550
11.610
12.050
12.000
11.770
11.770
11.980
11.970
12.460
12.480
12.250
12.220
12.350
11.650
11.120
11.130
11.090
11.100
11.200
11.230
11.110
10.880
11.080
11.120
10.990
10.990
11.080
10.800
10.850
10.990
11.250
11.270
11.080
10.990
11.090
11.080
10.960
10.960
10.910
11.060
11.100
11.050
10.940
10.650
10.600
10.620
10.700
10.750
10.680
10.790
10.800
10.940
10.950
11.120
11.370
11.400
11.120
11.200
11.930
11.490
11.570
11.580
11.350
10.960
11.030
10.990
10.830
10.500
10.700
11.070
11.150
11.220
11.450
11.500
11.550
11.450
11.510
11.230
11.460
11.500
11.390
11.070
11.290
11.220
10.760
10.960
10.700
10.850
10.860
10.750
10.900
10.750
10.540
10.650
10.950
10.550
10.480
10.550
10.180
10.260
10.370
10.340
10.130
9.980
9.490
9.430
9.660
10.240
10.300
10.400
10.450
10.410
10.220
9.930
9.940
9.670
9.910
9.850
9.640
9.750
9.670
9.610
9.550
9.700
10.100
10.300
10.390
10.500
10.620
10.610
10.560
10.350
10.200
10.410
10.200
10.990
11.530
11.650
11.800
11.970
12.410
12.420
12.570
12.390
12.680
12.420
12.550
12.960
13.050
12.980
12.330
12.340
12.270
12.230
12.150
12.060
12.240
12.340
12.450
12.400
12.590
12.670
12.660
12.890
12.980
13.400
13.600
13.580
13.560
14.430
13.900
13.140
12.930
13.410
13.180
13.570
12.970
12.720
12.180
12.260
12.440
12.250
12.290
12.080
12.550
12.740
11.800
12.000
12.060
12.380
12.200
11.340
12.230
11.920
11.780
11.540
11.580
11.650
11.640
11.400
10.760
10.800
10.280
10.280
10.540
10.550
10.950
22.650
22.260
22.400
22.180
21.150
21.490
21.900
20.880
21.520
21.390
21.500
21.800
21.200
20.600
20.590
21.140
22.260
22.400
20.770
19.660
19.980
22.000
23.760
23.750
23.870
24.900
24.620
25.000
25.180
25.960
25.800
25.500
24.370
24.070
24.800
24.550
24.600
24.360
24.600
23.400
23.200
24.810
25.500
25.600
25.050
25.460
26.250
25.490
24.320
24.530
26.990
25.290
22.990
20.900
20.390
21.390
22.460
23.500
23.980
25.190
24.430
24.290
24.500
26.690
27.000
26.500
26.980
27.500
28.000
29.180
30.290
30.370
29.900
30.030
30.440
31.870
31.130
30.850
32.190
32.240
32.340
31.480
34.040
33.470
30.690
30.110
31.200
30.780
30.380
30.300
30.400
27.980
27.550
28.450
28.790
26.220
25.400
24.800
25.850
26.490
27.100
28.360
60.180
58.320
59.450
59.530
60.000
57.580
56.000
58.000
57.870
57.880
61.980
63.440
60.000
58.100
56.800
55.980
52.790
48.600
48.500
47.300
47.350
47.290
48.990
47.980
48.020
47.700
43.480
43.440
43.670
45.790
44.680
44.000
41.500
40.890
42.700
42.660
40.500
40.800
39.200
37.840
37.900
37.440
37.590
37.270
37.500
37.550
37.440
37.370
37.450
37.500
37.000
37.360
38.110
38.980
39.010
38.700
38.950
39.300
39.370
39.800
39.540
38.000
38.500
38.180
37.980
36.390
35.800
35.980
35.690
34.960
34.780
34.900
35.390
36.000
35.190
34.430
34.490
33.640
33.180
34.800
35.380
34.880
34.870
34.980
36.200
36.490
36.950
36.930
37.640
39.280
40.950
37.580
37.850
39.060
39.330
39.680
40.400
38.800
37.700
37.700
37.980
38.080
37.560
37.490
37.600
37.400
38.880
38.000
37.780
37.370
37.430
38.200
38.280
37.430
37.530
36.110
35.980
35.390
35.980
35.850
36.990
36.750
35.080
33.660
32.880
32.990
33.800
34.190
33.500
32.500
32.450
32.200
31.710
31.810
31.200
31.960
32.300
32.250
32.620
32.670
32.050
32.440
32.600
33.480
31.200
30.160
30.480
30.350
30.570
30.870
30.590
31.090
31.010
31.200
31.320
31.550
30.500
30.290
30.090
29.600
29.860
29.860
29.990
30.280
30.340
30.600
30.450
30.400
30.400
30.440
30.270
29.890
30.700
30.280
30.450
30.770
30.840
30.670
30.300
29.990
30.490
29.960
29.900
29.550
29.790
29.990
29.970
29.800
31.470
30.590
31.000
31.650
31.950
31.490
30.450
30.900
31.600
30.200
