13.750
13.620
13.660
13.780
13.490
13.760
13.750
13.890
13.840
13.840
14.550
14.310
14.000
13.970
13.990
13.950
14.200
13.990
14.010
14.350
14.670
14.190
14.100
13.700
13.460
13.650
12.950
12.860
13.070
12.760
13.050
13.140
13.280
13.230
12.940
12.730
12.770
12.780
12.680
12.650
12.650
12.590
12.750
12.900
12.910
12.770
13.000
12.840
12.840
12.710
12.950
12.580
12.440
11.830
12.150
11.680
11.600
12.030
12.220
13.330
13.700
13.850
14.230
13.780
14.190
13.990
13.780
13.860
14.100
14.150
14.140
13.850
13.720
14.000
14.620
14.580
14.930
14.890
15.790
16.100
14.670
14.350
14.150
13.870
13.200
14.290
15.880
15.600
15.090
15.230
14.900
14.860
15.330
15.430
15.430
15.900
16.190
15.340
14.300
14.400
13.620
13.670
13.780
13.500
13.400
13.280
13.160
13.400
13.330
12.620
12.580
12.650
12.750
12.400
12.300
12.590
12.660
12.990
13.880
13.580
13.590
13.800
13.940
14.030
13.880
13.820
13.950
13.970
13.890
13.600
13.570
13.660
13.460
13.420
13.480
13.200
13.270
13.480
13.500
12.990
12.600
12.980
12.930
13.090
13.310
13.140
12.980
13.150
12.630
12.800
13.710
13.890
13.490
13.710
14.000
13.170
13.400
12.240
12.360
12.670
13.390
13.300
12.270
12.370
12.000
12.150
12.600
12.400
12.090
12.380
12.380
13.010
12.880
13.880
15.100
14.210
14.400
13.860
14.000
14.340
14.980
37.400
38.200
36.620
37.880
38.700
38.630
39.500
40.800
40.400
40.500
40.030
39.350
39.000
42.410
40.400
38.660
38.580
40.000
36.380
37.100
38.010
39.800
39.070
35.200
33.360
34.250
31.500
29.900
30.750
31.540
28.550
27.530
29.600
28.440
27.740
27.260
28.500
29.090
27.380
26.720
29.010
30.280
33.200
33.900
34.230
34.010
33.620
34.600
33.100
31.220
29.000
32.320
31.700
30.100
28.880
29.830
28.100
30.950
33.600
36.700
37.990
36.840
36.140
36.000
33.800
30.880
34.700
31.200
36.300
36.080
39.200
41.000
44.190
44.000
43.600
49.010
49.270
47.500
50.910
53.530
53.660
53.170
54.700
55.980
55.000
56.500
55.800
52.330
52.280
51.430
50.990
52.550
52.880
55.000
55.100
54.000
50.000
54.000
49.960
46.460
46.930
47.580
45.570
46.950
47.600
47.230
45.800
47.020
48.800
46.890
43.200
44.400
43.100
43.000
38.600
37.490
38.450
35.540
35.830
37.200
37.900
37.900
40.900
38.000
38.900
35.830
31.010
31.100
30.720
31.500
30.800
29.500
30.500
30.840
28.830
28.500
26.290
25.150
24.550
24.250
24.110
25.390
24.970
24.780
25.390
22.770
23.270
23.000
21.230
21.690
26.080
25.710
25.000
25.000
22.000
21.000
20.080
24.590
26.200
24.440
23.710
25.520
25.520
29.500
34.500
36.970
35.550
41.000
38.700
38.670
36.600
38.000
37.150
33.220
33.950
32.000
36.000
32.430
35.180
35.180
35.500
32.800
31.900
35.240
32.040
29.130
26.480
24.070
23.000
29.350
27.270
30.080
35.490
32.500
37.800
41.500
46.150
47.600
47.900
51.000
55.000
50.350
54.810
61.000
62.440
64.500
60.050
68.000
70.350
72.500
63.600
66.020
66.200
62.570
62.150
63.630
65.000
65.000
70.510
71.880
68.960
64.000
64.200
60.600
60.130
61.000
52.590
52.500
46.100
40.590
36.980
36.680
38.200
40.990
36.160
35.250
36.010
37.550
37.510
37.510
37.760
36.080
37.020
40.950
36.990
41.000
41.480
40.860
36.130
35.000
35.200
37.000
35.440
29.680
27.830
27.690
29.280
27.100
27.800
26.300
24.970
24.500
23.530
23.140
22.900
22.850
21.990
21.700
21.890
21.430
21.800
21.610
21.050
21.450
20.990
21.160
20.520
20.520
21.290
21.000
21.200
20.900
18.850
18.340
18.420
18.100
17.440
18.200
18.800
18.690
19.000
18.410
18.870
19.350
19.210
18.800
19.370
19.000
19.460
19.230
18.420
17.160
17.850
18.050
18.180
17.990
17.220
17.480
17.800
17.210
17.470
16.550
16.680
16.730
17.120
17.880
18.080
18.400
18.390
17.980
18.880
19.500
20.030
21.450
22.490
21.480
20.190
19.600
19.270
20.000
20.900
21.730
20.910
21.300
21.290
22.050
22.060
22.130
22.120
22.900
23.200
22.950
23.640
23.690
22.690
23.000
21.660
22.600
22.400
23.500
23.460
22.900
21.500
21.270
21.750
22.200
22.960
22.290
20.100
20.000
19.650
18.480
17.440
18.050
17.460
16.920
17.370
17.580
17.210
17.210
17.430
17.260
16.980
16.860
17.030
17.080
16.820
17.020
16.070
15.720
15.760
15.800
16.070
15.890
15.880
16.000
15.950
15.670
15.340
15.220
15.770
15.430
15.000
14.870
14.970
14.810
14.950
14.710
14.440
14.380
14.550
14.960
14.550
15.120
14.870
14.870
15.900
16.140
15.460
15.530
15.930
16.400
15.900
