18.710
18.920
18.970
18.730
18.610
18.640
18.580
18.450
18.200
18.010
18.480
18.530
18.700
18.620
18.450
18.420
18.400
18.260
18.200
18.550
18.680
18.250
18.150
18.150
17.580
17.680
17.950
18.310
17.790
17.580
18.010
19.160
19.570
19.720
20.340
19.180
19.530
19.120
18.640
19.010
19.780
20.150
22.200
22.000
23.280
22.400
22.010
21.850
21.220
21.200
21.410
21.720
22.180
22.210
22.760
22.800
23.130
21.360
21.000
22.110
21.610
19.850
20.060
19.790
19.080
19.100
19.240
19.250
19.520
19.420
19.360
19.800
20.090
19.970
20.050
20.230
19.860
20.000
19.710
19.960
20.000
20.120
20.100
20.310
20.320
20.220
20.210
20.070
19.460
18.630
18.530
18.720
18.580
18.390
18.480
18.760
18.880
19.110
19.440
19.400
19.140
18.830
18.980
19.260
19.240
19.590
19.000
18.730
18.750
19.110
18.700
18.830
18.320
18.000
17.820
18.240
18.440
18.360
18.480
18.350
18.160
18.020
17.720
17.500
17.270
17.150
17.270
17.570
17.330
17.440
17.710
17.570
17.500
17.400
17.260
16.950
17.080
17.010
17.050
17.650
17.790
17.690
17.710
17.670
17.740
18.000
18.010
18.070
17.980
17.740
18.100
18.400
18.300
18.270
18.350
18.330
18.620
18.520
18.450
18.240
18.570
18.130
18.210
18.310
17.710
17.700
17.670
17.870
17.920
17.610
17.730
17.580
17.530
17.660
17.350
17.170
17.040
17.170
17.070
17.410
17.490
17.420
17.110
17.080
17.000
16.960
17.350
17.960
17.860
17.920
18.100
17.990
18.010
18.210
18.130
18.620
18.710
18.850
18.010
17.950
17.860
18.080
17.920
18.050
17.550
17.420
17.250
17.590
17.630
17.590
17.580
17.550
17.600
17.520
17.130
17.000
17.240
17.610
17.440
17.220
17.370
17.270
16.870
16.740
16.460
16.670
16.800
16.880
17.730
17.590
17.650
17.920
18.010
17.820
17.700
17.860
17.900
17.600
17.280
17.280
17.180
17.250
17.200
17.250
16.950
16.940
16.860
16.870
16.620
16.500
16.170
16.740
16.570
16.560
16.900
17.000
16.910
16.340
16.480
16.650
17.410
17.600
18.060
18.260
18.220
18.020
18.180
20.200
22.400
22.500
22.160
22.380
22.020
21.820
22.050
22.160
22.050
22.220
22.200
21.790
21.870
21.500
21.310
21.600
21.460
22.450
22.230
22.250
22.550
21.360
22.460
21.150
21.330
23.500
23.300
23.160
23.180
23.650
23.010
23.500
24.140
22.950
23.130
23.840
23.700
23.400
22.500
22.960
22.200
21.310
20.960
21.000
21.350
21.570
21.770
21.000
22.000
19.860
19.300
19.310
20.660
20.800
20.880
19.850
19.990
19.780
18.850
18.400
18.130
17.800
17.510
17.550
17.590
17.500
17.630
17.400
17.630
17.000
16.950
16.630
15.340
15.100
15.750
17.120
17.370
17.200
16.360
16.060
14.300
15.150
16.490
16.240
14.980
14.300
14.300
15.890
17.580
19.000
18.400
20.050
21.770
21.820
21.010
21.490
21.900
21.110
20.310
19.810
20.530
19.330
19.020
18.270
18.240
17.110
16.250
18.000
19.450
19.900
19.600
19.510
18.680
17.200
15.380
16.440
17.710
16.610
15.100
13.730
13.850
15.350
17.050
18.600
17.690
19.650
21.830
23.650
23.800
21.740
23.940
26.500
26.000
27.480
28.730
27.500
27.150
26.210
26.160
26.500
27.300
25.110
27.000
26.730
25.270
23.800
26.120
27.800
53.470
50.480
49.800
45.520
43.640
43.100
43.010
42.900
41.500
40.260
40.400
39.780
37.730
37.800
39.300
40.450
40.400
39.960
39.100
39.120
39.610
39.100
40.050
39.820
37.250
37.060
38.550
37.010
38.280
40.170
39.200
36.150
36.370
38.380
38.500
36.420
35.460
34.660
34.320
34.480
34.440
34.560
34.000
34.770
34.490
34.960
35.080
35.000
34.610
33.660
32.800
33.660
34.300
34.310
34.100
35.250
35.540
35.910
34.820
30.410
30.310
31.090
31.240
30.700
30.060
28.300
27.180
27.000
25.800
25.880
26.790
27.350
27.700
27.650
27.610
28.090
27.600
27.910
28.500
28.990
28.770
29.350
29.200
28.100
27.020
27.880
27.960
27.200
26.980
26.880
27.800
28.190
28.600
26.760
26.500
26.940
27.360
29.030
29.030
28.680
28.600
28.400
28.700
29.410
28.600
27.390
27.020
26.910
25.560
25.000
21.900
22.000
22.400
22.410
23.750
22.900
22.620
22.310
22.520
22.850
22.150
21.810
20.160
19.870
19.860
19.950
20.450
20.260
21.580
21.860
21.630
21.200
21.510
21.780
21.500
22.010
21.910
21.900
21.090
20.860
20.900
21.420
21.640
22.090
21.800
21.980
21.820
21.610
21.740
21.800
21.770
21.080
21.070
20.750
20.420
20.530
20.490
20.200
20.320
20.700
20.280
20.010
20.310
21.110
21.110
21.210
21.320
20.970
20.530
20.200
20.230
20.010
19.910
19.480
19.420
19.370
19.290
19.870
19.760
19.330
19.570
19.660
19.230
18.920
18.780
18.710
18.760
18.640
18.410
18.580
18.810
18.810
18.750
18.790
18.810
18.850
18.500
18.180
17.900
17.730
18.190
18.300
18.270
18.240
18.100
18.140
17.960
17.740
17.500
17.550
17.700
17.560
