6.020
6.000
6.020
5.940
5.920
5.910
5.970
6.020
6.030
6.050
6.180
6.250
6.290
6.230
6.250
6.280
6.270
6.210
6.230
6.270
6.350
6.380
6.220
6.340
6.090
6.360
6.690
6.760
6.650
6.560
6.900
7.290
7.630
7.100
7.020
6.470
6.290
6.180
6.180
6.320
6.330
6.380
6.520
6.740
6.150
6.190
6.210
6.240
5.960
5.920
6.320
6.370
6.640
6.810
7.150
7.390
7.540
7.590
7.770
7.840
7.900
8.030
7.740
7.800
7.810
7.900
7.890
7.860
7.850
7.680
7.750
7.810
7.820
7.740
7.790
7.840
7.790
7.820
7.840
7.910
7.950
8.070
8.080
8.100
8.030
8.070
8.080
8.120
8.200
8.430
8.510
8.570
8.120
7.990
8.470
8.550
8.720
8.830
8.750
8.490
8.630
8.590
8.510
8.370
7.990
8.030
8.030
8.120
8.240
8.120
8.200
8.130
7.920
7.940
8.200
8.220
8.390
8.680
8.840
8.950
8.920
8.730
8.320
8.330
8.390
8.800
8.960
8.900
9.200
8.960
9.180
8.870
8.950
8.600
8.600
9.060
8.980
9.100
8.680
8.800
8.920
9.100
8.480
8.600
8.200
7.720
7.960
8.100
8.100
8.430
8.030
7.330
7.110
7.100
7.120
7.340
7.260
7.100
7.110
7.120
7.030
7.020
7.070
7.040
7.020
7.070
7.110
7.190
7.200
7.140
7.150
7.230
7.350
7.150
7.120
7.170
7.240
7.320
7.390
7.490
7.250
6.630
6.920
6.430
6.410
6.490
6.600
6.660
6.660
6.610
6.580
6.520
6.470
6.400
6.620
6.630
6.640
6.520
6.390
6.400
6.520
6.510
6.540
6.500
6.430
6.400
6.490
6.510
6.620
6.720
6.590
6.620
6.650
6.560
6.500
6.470
6.510
6.550
6.520
6.380
6.320
6.200
6.150
6.310
6.430
6.430
6.840
6.780
6.830
6.920
6.950
7.020
6.970
6.930
7.160
7.240
7.320
7.460
7.700
7.470
7.620
7.160
7.210
7.220
7.270
7.280
7.370
6.860
13.830
13.890
13.850
13.980
14.480
14.100
14.080
13.950
14.110
13.660
14.600
15.060
14.820
14.760
14.850
14.600
14.710
14.460
13.990
14.170
13.830
14.120
13.830
13.870
13.600
13.530
14.200
14.580
15.640
15.100
15.040
15.060
15.300
15.100
15.530
14.800
14.960
14.180
14.360
14.190
13.950
14.160
14.050
14.400
13.800
13.780
13.330
13.480
12.340
12.090
12.340
12.560
12.120
12.670
12.770
12.990
13.320
13.380
13.680
13.530
12.600
12.200
12.570
13.340
13.290
13.640
12.550
12.130
12.400
11.870
11.730
10.890
11.080
11.260
10.760
10.980
11.170
11.070
10.660
10.200
10.630
10.840
10.240
10.340
10.650
10.220
9.990
10.500
10.580
10.720
10.650
11.390
11.250
11.540
11.730
11.680
13.050
13.240
13.230
13.210
13.680
13.640
13.720
13.810
13.740
13.810
12.890
12.840
12.700
12.500
12.490
12.640
13.040
13.090
13.240
13.550
13.300
13.200
12.840
13.200
12.780
13.660
14.200
14.440
13.660
13.890
14.960
13.600
13.570
13.780
12.680
11.980
12.000
12.090
12.140
12.300
11.970
11.800
11.690
11.200
11.150
11.330
11.770
11.930
12.000
11.800
11.120
10.180
10.950
10.450
10.480
10.520
10.500
10.170
10.150
10.310
9.700
9.600
9.050
9.080
9.030
9.150
9.170
9.250
9.430
9.190
9.030
8.780
9.080
8.790
8.310
9.300
9.300
9.310
9.490
9.070
8.880
9.000
9.730
9.790
9.850
9.140
9.270
9.320
10.700
11.570
12.100
12.150
13.140
13.140
13.050
12.780
12.680
13.090
12.730
11.920
11.580
12.110
11.850
11.930
12.170
12.960
12.870
12.970
14.540
14.630
13.300
12.090
10.990
10.780
12.880
12.960
13.680
14.700
14.450
15.200
15.900
17.470
17.500
17.780
18.970
20.200
19.350
19.630
20.890
20.650
19.830
19.800
19.390
19.960
20.500
20.240
21.050
21.000
20.120
19.140
20.450
20.270
19.470
18.370
17.000
16.670
17.130
16.670
16.360
15.780
15.930
15.560
15.280
15.040
14.550
14.650
15.630
16.380
15.930
15.730
15.260
16.000
16.600
15.830
15.910
15.530
14.840
15.000
15.290
14.760
14.980
15.250
15.490
15.300
15.380
15.970
15.490
14.860
14.770
14.260
14.580
14.080
13.890
13.970
13.390
13.470
13.280
13.140
13.310
13.020
12.860
12.800
12.570
12.650
12.540
12.630
12.160
12.430
12.440
12.430
12.440
12.240
11.970
11.870
11.730
11.900
11.810
11.790
11.690
11.430
11.440
11.420
11.460
11.670
11.730
12.120
11.970
11.650
11.550
11.610
11.760
11.630
11.630
11.780
11.950
11.590
11.470
11.200
10.900
10.930
10.830
10.820
10.840
11.120
11.380
11.060
11.030
10.950
10.700
10.710
11.110
11.160
11.200
11.150
11.100
11.380
11.710
11.900
11.970
12.050
12.050
12.160
11.780
11.510
11.660
12.040
12.550
12.580
12.200
12.080
12.390
12.670
12.840
12.860
12.830
12.790
12.680
12.730
12.740
12.550
12.540
12.560
12.860
12.890
13.650
13.800
13.800
13.640
13.680
13.040
13.050
12.880
12.970
13.050
12.890
12.670
12.680
12.910
12.720
13.100
13.130
13.500
13.790
13.960
14.140
13.720
13.980
14.200
14.510
14.190
14.150
13.800
13.930
13.750
13.300
13.580
13.750
13.880
13.690
14.320
14.330
13.770
13.530
13.440
13.490
13.510
13.560
13.330
13.240
13.090
13.000
13.170
12.850
13.170
13.260
13.680
14.800
14.670
13.950
14.020
13.920
13.880
14.080
14.000
13.710
13.990
14.120
13.000
12.880
12.280
12.410
12.620
13.280
12.140
12.060
11.810
11.970
12.120
12.210
12.200
12.400
12.330
12.340
12.700
12.990
12.940
13.070
12.870
12.180
