-0.260
0.090
-0.180
0.380
0.030
0.160
-0.250
0.410
0.170
-0.200
-0.130
-0.080
-0.150
0.130
0.190
0.070
-0.220
0.340
-0.420
-0.020
-0.250
0.740
-0.020
0.120
0.330
-0.130
-0.340
-0.110
0.020
0.420
-1.220
-0.650
-0.110
-0.510
-0.100
0.900
-0.030
0.250
0.350
-1.050
0.000
-2.040
-0.560
-0.520
-0.020
0.830
-0.120
-0.630
1.540
0.260
-0.910
0.080
-0.670
0.180
-0.850
-0.340
0.660
2.120
-1.380
-0.140
1.030
1.590
0.010
0.700
0.230
-0.300
0.050
-0.140
-0.160
0.120
-0.280
-0.760
0.350
0.050
-0.300
0.180
0.170
-0.170
0.360
-0.180
-0.220
0.010
-0.160
-0.060
-0.060
0.320
-0.210
0.220
1.090
0.570
-0.180
0.000
0.120
0.170
-0.470
0.060
-0.280
-0.350
-0.160
0.060
0.560
-0.020
-0.430
0.050
-0.080
0.010
0.540
0.230
-0.480
0.100
0.360
-0.030
0.560
0.000
-0.010
-0.170
0.010
-0.010
-0.360
0.480
0.100
0.230
0.480
0.090
0.200
-0.030
-0.360
-0.030
0.250
-0.370
-0.110
0.330
0.090
-0.010
0.170
0.240
-0.010
0.010
-0.570
-0.130
-0.130
0.190
0.000
-0.070
-0.290
-0.190
0.210
-0.170
0.140
-0.090
-0.310
0.050
0.080
-0.020
-0.140
-0.130
-0.130
0.120
0.200
-0.120
0.060
0.180
-0.010
0.320
0.300
0.030
-0.270
-0.100
0.210
-0.110
0.080
0.150
-0.220
0.000
0.420
0.250
-0.270
0.160
-0.150
-0.140
-0.050
0.360
0.020
0.160
-0.220
-0.020
-0.690
0.060
0.030
-0.220
0.070
0.040
-0.280
0.150
-0.460
-0.480
0.240
-0.250
0.990
0.160
-0.110
-0.100
0.100
-0.230
0.830
0.150
-0.310
-0.040
0.020
-0.070
0.160
-0.220
0.030
0.160
0.350
-0.010
-0.340
-0.370
0.460
0.070
0.090
-0.080
0.590
0.120
0.020
-0.280
-0.080
-0.820
0.130
0.070
-0.230
-0.080
-0.160
0.410
-0.240
-0.070
0.100
0.480
0.100
0.100
-0.070
0.040
0.030
-0.060
0.350
0.080
0.020
-0.120
0.300
0.100
-0.330
0.220
0.170
-0.310
-0.120
-0.130
0.230
0.370
-0.150
-0.960
0.030
-0.430
-0.170
0.000
-0.190
0.070
-1.780
-2.240
-0.480
0.420
0.090
-0.150
0.460
0.010
-0.310
-0.220
0.230
-0.300
0.490
0.220
-0.130
0.510
-0.140
0.060
-0.820
-0.160
0.270
-0.530
0.960
-1.000
0.490
0.630
-1.710
-0.560
0.530
0.320
-0.610
0.070
0.260
-0.860
0.400
0.540
-0.750
-0.180
0.290
0.670
0.200
0.130
0.630
1.300
-0.120
-0.310
-0.520
0.160
-0.460
0.100
0.120
2.020
0.870
-2.140
0.450
-0.270
0.070
1.160
-0.240
0.200
1.330
0.270
0.850
0.240
-0.030
-0.640
-0.100
0.560
-0.030
0.000
-0.330
0.750
0.760
-0.130
1.530
-0.560
-1.650
0.080
-0.530
0.300
1.050
0.580
0.630
-1.250
-0.440
1.050
1.170
0.560
-1.590
-1.760
-1.400
-1.220
0.220
-2.230
0.110
0.000
0.490
-0.420
-0.390
1.680
0.760
-0.640
-0.800
1.870
0.820
0.250
-0.130
1.380
-0.700
-2.000
-0.770
0.550
0.210
-0.150
1.480
1.580
0.660
-1.830
1.660
1.510
1.370
-1.530
-0.090
-1.700
-1.890
-1.730
1.020
-2.180
-2.420
-0.300
0.540
0.070
-2.660
-1.350
0.330
-1.680
0.630
0.670
0.400
1.110
-0.300
-1.030
0.820
-0.550
-0.650
1.480
1.380
-0.780
-2.900
0.240
3.350
1.210
4.470
4.430
0.100
0.130
0.480
-0.910
2.170
1.560
-0.290
1.880
1.270
-1.500
-1.220
-1.740
2.350
-0.660
0.970
-0.380
0.260
-0.540
0.120
0.920
2.110
-1.590
-0.390
0.720
-1.730
-0.610
3.710
-0.740
-1.230
-0.410
-0.070
3.390
0.710
0.650
0.140
0.140
-1.680
0.930
-0.150
0.550
-0.450
-0.670
0.450
-0.230
1.520
0.410
-0.030
-1.150
0.260
0.240
-1.350
-0.370
-1.120
2.540
3.170
0.650
-0.390
0.290
0.520
-0.130
1.030
2.750
0.190
0.430
0.930
-0.900
-0.750
-0.440
-0.630
0.540
-0.080
0.160
-0.010
-0.760
-0.690
0.480
-0.830
0.110
0.340
1.160
-0.540
0.300
1.070
-0.430
0.620
-0.770
-0.680
-0.020
-0.930
1.630
0.270
0.240
-1.850
-0.350
-0.040
0.290
0.780
-1.270
-0.980
-0.330
2.300
0.870
0.320
0.340
1.280
1.870
2.200
-1.180
0.230
-1.040
0.110
0.560
0.650
-0.210
-0.260
0.330
0.200
2.060
0.220
0.290
-0.010
-0.670
0.180
-1.150
-0.360
-0.020
0.350
0.210
-0.370
0.030
-0.240
-0.320
0.190
0.310
0.970
-0.040
-0.450
-0.440
-0.390
0.190
-0.500
0.290
0.210
0.170
-0.510
0.370
0.390
0.420
-0.060
0.600
0.100
-0.310
0.280
0.290
-0.640
0.380
0.100
0.170
-1.020
-0.190
0.230
-0.480
0.160
0.850
0.220
0.220
0.040
0.100
0.270
0.380
0.010
0.120
-0.490
-0.210
0.380
0.120
-0.220
0.280
0.250
0.320
0.050
-0.070
0.110
0.270
0.030
-0.330
-0.120
0.000
0.230
-0.280
0.030
0.010
0.480
0.430
0.230
-0.290
-0.480
0.190
-0.260
0.470
-0.010
0.180
-0.250
0.730
0.050
-0.140
-0.390
0.480
