11.390
11.280
11.270
11.330
11.230
11.220
11.150
11.250
11.140
11.010
11.120
11.250
11.270
11.190
11.180
11.110
11.100
11.050
11.030
11.140
11.330
11.150
11.090
11.160
10.970
10.900
11.180
11.170
11.010
10.890
10.980
11.000
11.220
11.310
11.450
11.150
11.250
11.120
10.960
10.990
10.940
11.110
11.470
11.510
11.560
11.790
11.810
11.410
11.500
11.650
11.460
11.390
12.450
12.300
12.500
12.410
12.380
12.760
12.730
12.860
13.230
13.330
13.170
12.980
12.690
12.740
12.780
12.780
13.090
12.860
12.700
13.000
13.000
12.780
12.610
12.520
12.150
12.210
11.990
12.050
12.060
12.160
12.180
12.020
11.650
11.750
11.930
11.820
11.800
11.800
11.800
11.750
11.720
11.500
11.540
11.700
11.760
11.750
11.900
11.840
11.800
11.460
11.550
11.700
11.520
11.630
11.560
11.530
11.500
11.480
11.400
11.200
11.290
11.160
10.470
11.510
11.650
12.070
12.350
12.350
12.210
12.240
12.150
12.130
12.200
12.050
12.140
12.100
12.240
12.410
12.340
12.250
11.690
11.540
11.410
11.180
11.200
11.120
11.160
11.830
11.900
11.760
11.720
11.690
11.860
12.180
12.140
12.310
12.340
12.140
12.200
12.280
12.380
12.290
12.270
12.420
12.410
12.380
12.500
12.370
12.230
11.970
12.220
11.920
11.870
11.880
11.860
11.920
12.150
12.060
12.090
11.990
11.930
11.790
11.750
11.460
11.460
11.660
11.740
11.790
11.770
11.480
11.420
11.430
11.400
11.220
11.400
11.570
11.630
11.820
11.840
11.760
11.920
11.580
11.470
11.500
11.160
11.210
10.950
10.950
10.950
11.020
11.100
11.220
11.150
11.160
10.810
10.880
10.800
10.820
10.900
11.010
10.940
10.960
10.670
10.510
10.560
10.760
10.650
10.440
10.510
10.570
10.380
10.430
10.240
10.330
10.600
10.600
11.170
11.120
11.220
11.590
11.400
11.260
11.150
11.190
11.150
11.150
11.030
11.250
11.210
11.190
10.630
10.740
10.560
10.560
10.260
10.200
9.960
9.790
9.380
9.920
9.820
9.850
9.830
9.890
9.980
9.560
9.500
9.710
9.840
9.980
9.940
9.840
9.760
9.740
9.380
9.220
9.320
9.140
9.310
9.200
9.220
8.980
9.110
9.030
9.430
9.310
9.330
9.100
9.300
9.290
9.340
9.820
10.130
10.180
9.950
9.810
9.750
9.990
9.960
9.880
9.880
10.030
9.850
10.540
10.510
10.770
10.800
10.700
10.460
10.580
10.330
10.470
10.530
10.310
10.140
10.310
10.120
9.980
10.190
9.970
10.010
10.220
10.260
10.330
9.990
9.640
9.580
9.660
9.770
9.400
9.500
9.810
9.590
9.630
9.240
9.350
8.820
8.550
8.300
8.890
9.060
9.830
10.000
10.030
9.780
9.810
9.760
9.540
9.000
9.390
9.260
9.010
8.940
8.760
8.680
8.600
8.730
9.410
10.290
9.900
10.000
10.650
10.190
9.860
10.200
10.010
11.030
12.250
13.010
12.000
12.750
13.320
11.650
12.310
12.520
12.220
12.080
12.200
12.510
12.400
12.600
12.500
12.210
12.210
12.300
12.200
12.130
11.780
11.600
11.700
11.630
11.800
11.980
12.030
12.110
11.810
12.060
11.440
11.900
13.070
12.900
12.530
12.720
12.670
12.400
12.350
12.600
12.400
12.380
12.640
12.800
12.620
12.380
12.480
12.190
11.730
11.500
11.630
11.870
12.040
11.720
11.010
11.500
11.210
10.770
10.760
11.550
11.610
11.670
11.250
11.420
11.170
10.620
10.300
10.190
9.910
9.810
9.640
9.580
9.700
10.090
10.020
10.260
9.930
9.790
9.450
8.800
8.540
9.490
10.300
10.420
10.400
9.510
9.390
8.880
9.450
10.340
9.610
8.850
8.840
9.810
10.900
12.020
12.930
12.410
13.240
13.910
14.000
13.520
13.850
14.150
13.580
13.250
12.700
12.900
12.150
11.620
12.500
12.780
12.060
12.070
13.410
14.600
14.430
14.110
13.980
13.840
12.300
10.270
11.220
10.200
10.770
11.950
13.230
14.420
13.290
14.770
16.410
17.800
18.940
17.500
18.590
20.480
19.740
20.570
22.300
22.860
22.600
22.200
20.200
18.850
19.680
18.840
18.270
17.200
18.920
20.630
20.100
19.510
19.510
18.960
18.510
18.000
18.020
18.200
18.120
18.020
18.310
18.150
17.800
17.000
17.000
17.100
17.000
17.310
17.050
16.870
17.790
18.000
18.770
18.300
17.600
17.710
17.660
17.000
17.800
18.520
18.800
19.640
18.190
38.800
38.730
37.850
36.770
32.860
31.600
31.850
31.200
31.810
30.000
29.280
29.660
29.510
29.110
28.680
27.310
26.800
26.550
26.500
26.850
26.850
25.800
25.790
25.630
24.870
24.710
24.280
24.200
23.830
23.360
23.380
23.450
23.960
24.090
23.110
24.190
24.950
25.500
25.650
25.110
25.380
25.850
25.410
24.920
24.430
27.020
26.720
26.420
25.880
25.100
25.530
26.250
26.170
26.420
26.300
27.780
27.400
24.840
24.880
24.330
21.450
21.190
21.750
22.800
23.030
23.580
23.270
23.080
22.090
20.060
20.000
21.180
19.410
19.930
19.340
19.150
16.930
17.060
17.260
17.670
17.550
17.540
17.440
17.320
17.340
17.410
17.080
16.820
16.820
17.000
16.980
17.800
17.950
18.120
18.070
18.330
18.230
17.910
18.270
18.240
17.660
16.900
16.900
17.020
17.660
17.600
17.540
17.300
17.620
17.570
17.290
17.060
16.920
16.910
17.260
17.350
16.880
16.900
17.070
16.860
16.300
15.940
16.070
15.690
15.520
15.570
15.900
15.250
15.190
14.960
14.930
15.150
15.120
15.200
14.930
14.780
14.590
14.430
14.480
14.500
14.930
14.870
14.960
15.000
15.360
15.280
15.260
15.220
15.120
15.410
15.200
15.050
15.080
14.850
14.680
14.290
14.340
14.430
14.340
14.470
14.650
14.420
14.190
14.400
14.210
14.050
13.890
13.800
14.050
14.230
14.150
13.800
13.560
13.600
13.700
