33.080
32.890
31.260
31.240
29.460
29.510
28.150
28.100
27.870
27.740
27.530
27.710
28.000
26.310
26.690
26.970
24.520
25.960
25.680
26.870
26.820
27.280
27.360
30.400
30.290
30.460
32.000
32.000
32.200
32.140
31.700
33.100
33.580
33.650
33.000
33.300
33.170
32.720
33.790
34.350
34.690
35.070
36.290
35.980
35.780
36.020
36.630
34.540
34.490
34.580
34.400
34.620
35.120
35.540
35.600
35.580
36.170
36.440
35.570
36.090
36.660
37.030
37.410
37.400
36.840
36.700
37.610
37.630
37.500
37.380
37.380
38.080
38.500
38.200
36.550
36.610
36.550
36.250
34.520
33.010
32.710
33.270
33.690
33.670
33.400
33.340
31.770
31.750
31.960
32.190
31.980
31.790
32.610
32.800
33.440
33.540
33.550
33.700
33.700
33.480
34.070
33.950
34.220
34.220
33.930
34.320
34.300
34.020
34.850
34.770
34.820
35.050
35.550
35.250
34.960
34.940
34.420
34.000
33.880
34.250
34.200
35.240
35.660
32.430
32.230
32.060
31.600
32.320
32.120
31.860
31.260
31.020
30.950
32.060
33.200
33.320
34.600
33.480
32.040
34.320
35.060
35.100
35.360
35.410
34.300
34.950
35.120
35.410
36.300
36.860
36.660
37.230
37.640
37.280
37.180
37.210
38.000
38.490
38.300
38.040
38.580
36.210
36.150
35.940
35.840
35.630
35.600
36.530
35.880
35.720
35.100
35.090
34.800
35.400
35.400
36.790
35.370
32.150
32.100
31.400
31.370
30.600
30.000
29.830
30.000
29.340
29.900
30.300
29.800
29.700
29.210
29.300
29.460
30.710
30.610
31.150
31.590
31.350
30.350
30.180
30.950
31.200
30.470
30.680
30.830
31.530
31.740
31.450
30.750
29.770
29.300
29.300
28.880
29.050
28.770
28.880
29.020
28.810
28.980
29.000
28.210
27.600
28.200
28.450
28.100
27.710
27.000
27.200
26.980
25.700
25.280
25.470
25.040
26.200
26.720
26.180
26.780
28.000
27.380
27.320
28.300
28.830
26.710
27.090
25.440
24.330
23.610
23.330
22.890
22.600
22.030
22.470
21.410
21.390
22.550
23.100
23.250
23.190
22.610
22.480
22.600
21.510
20.820
21.000
21.400
22.620
23.330
22.560
22.910
22.990
24.100
24.150
23.180
23.520
22.970
23.970
25.810
27.200
26.890
26.600
26.900
25.720
25.310
25.780
25.870
23.520
23.960
23.650
24.230
26.920
27.070
25.990
26.800
26.200
23.820
23.980
21.800
22.700
22.030
21.690
20.740
20.900
20.090
19.530
20.340
20.030
20.130
20.750
20.600
21.030
21.150
20.540
19.400
18.800
19.090
17.620
17.980
18.430
18.320
18.080
17.570
19.000
19.820
18.430
16.750
17.780
18.100
20.110
21.610
21.490
21.310
21.790
21.310
21.530
20.670
19.800
20.050
19.820
19.580
17.800
17.000
15.680
17.290
19.210
21.340
23.710
21.550
20.690
18.810
18.020
17.120
17.430
18.700
19.440
19.050
19.310
19.180
18.080
16.440
16.700
15.690
15.490
14.840
13.490
13.440
12.590
12.120
12.660
13.050
13.860
13.360
13.480
13.110
13.850
13.200
13.480
13.380
13.100
12.520
13.160
13.380
13.450
14.000
14.300
14.510
14.400
14.800
14.480
13.540
13.150
12.760
12.520
12.430
12.670
12.700
12.880
13.300
13.500
12.270
11.770
10.700
9.850
9.670
9.260
9.200
9.300
9.350
9.180
9.060
9.350
9.260
9.030
9.120
9.040
8.870
8.760
8.830
8.730
8.840
8.560
8.330
8.280
8.160
8.100
7.990
8.240
8.320
8.400
8.300
8.380
8.560
8.440
8.400
8.370
8.210
8.380
8.350
8.150
7.830
7.860
7.740
7.660
7.770
7.650
7.860
7.950
7.990
7.960
7.750
7.690
7.810
8.000
7.850
7.860
7.680
7.510
7.420
8.090
8.280
8.340
8.520
8.630
8.500
8.350
8.200
7.930
8.480
8.710
9.300
9.240
9.320
9.310
9.690
9.940
9.510
9.380
9.240
9.220
9.200
9.480
9.280
9.230
9.160
9.270
9.140
9.070
9.600
9.530
9.750
9.620
9.730
10.270
10.170
10.170
10.570
10.700
11.300
10.450
9.500
9.140
8.790
8.790
8.830
9.180
9.210
8.950
8.890
9.030
9.030
9.230
9.200
9.190
9.260
9.250
9.270
8.780
8.680
8.500
8.350
8.500
8.320
8.790
8.790
8.660
8.610
8.550
8.560
8.490
8.590
8.230
8.180
7.950
7.840
7.950
7.960
8.140
7.800
7.450
7.380
7.180
7.180
7.040
7.030
7.130
7.110
7.000
6.910
6.780
6.830
6.850
6.710
6.670
6.770
6.810
6.610
6.610
6.510
6.500
6.380
6.480
6.460
6.510
6.520
6.510
6.550
6.680
6.500
6.450
6.370
6.400
