15.130
14.940
15.610
15.560
15.450
15.560
15.640
16.580
16.390
16.690
17.870
17.020
15.470
14.110
13.050
12.950
13.000
13.070
13.260
13.220
12.850
12.980
12.770
13.220
13.640
13.590
14.000
12.950
13.030
13.440
13.350
13.610
13.490
13.200
13.000
13.110
13.280
13.880
13.480
13.660
13.620
13.890
14.050
13.920
13.990
13.890
13.880
14.100
14.450
14.350
14.530
14.420
15.410
15.420
15.320
15.480
15.950
16.280
16.400
16.300
16.320
16.400
15.990
16.430
16.640
17.140
16.990
16.950
16.980
16.610
17.150
17.700
16.610
16.670
16.710
16.700
16.500
16.840
17.450
17.600
17.150
17.180
17.150
17.550
18.160
17.600
17.780
18.000
17.280
17.070
16.940
16.690
17.480
17.390
17.580
18.000
17.700
17.840
18.450
18.530
18.880
17.180
15.900
15.470
15.570
15.670
15.620
15.390
16.100
17.300
17.480
17.010
17.500
17.560
17.600
17.880
17.640
16.400
18.150
17.190
16.750
16.360
15.410
15.040
15.400
14.400
14.550
14.600
14.330
14.950
16.300
17.080
17.280
17.650
16.400
15.900
15.850
15.550
15.530
15.890
15.860
15.540
15.850
16.150
16.050
15.950
16.150
16.230
16.380
16.450
16.670
16.730
16.320
15.150
15.000
15.190
15.450
15.370
15.650
16.000
15.460
15.950
15.990
16.290
16.630
17.460
19.000
17.780
16.660
16.220
16.000
15.500
15.570
15.160
14.770
14.500
14.800
14.550
14.410
14.970
14.200
14.100
13.810
13.690
13.340
13.110
12.620
12.670
12.420
12.500
11.980
12.120
11.910
12.030
11.990
12.080
12.600
12.070
11.180
12.010
12.340
13.430
13.520
13.100
13.150
12.980
13.180
12.890
12.880
12.590
12.580
12.680
12.210
11.670
11.670
11.500
11.880
12.970
13.670
14.060
13.850
14.260
14.320
14.180
13.410
13.720
14.180
14.400
14.550
15.630
16.590
17.350
17.850
18.180
19.900
20.490
20.500
19.090
19.100
19.230
19.290
19.480
18.890
17.290
17.350
17.260
17.400
17.000
16.350
16.500
17.150
16.980
16.680
15.900
15.500
14.300
14.200
14.680
14.400
16.000
16.390
15.870
14.520
14.600
14.280
13.630
13.970
14.680
14.150
13.900
14.020
13.830
13.500
13.350
13.190
12.880
12.660
12.230
12.430
12.240
12.560
12.810
12.900
14.200
13.080
11.890
11.800
11.890
11.380
11.430
11.460
11.180
10.960
10.970
10.550
10.470
10.130
10.150
10.190
9.830
10.200
10.400
10.170
10.230
10.070
9.660
10.150
9.960
9.580
11.270
11.350
11.300
11.580
11.250
12.780
13.350
13.950
16.450
16.630
15.380
15.170
13.850
13.180
13.600
13.880
13.600
14.880
14.540
14.780
13.970
14.020
14.300
14.500
13.590
12.770
12.670
12.190
12.400
13.200
14.380
14.540
14.790
16.720
17.340
17.430
16.750
16.990
18.500
17.960
20.990
23.180
23.930
22.000
22.360
23.280
22.500
20.870
18.990
18.770
18.700
19.130
18.490
19.530
18.970
17.490
16.770
18.450
18.400
18.140
16.710
16.060
16.010
15.880
14.770
14.800
14.190
14.090
14.190
13.670
13.430
12.800
12.390
12.780
13.140
13.180
13.100
12.640
13.270
13.380
13.160
13.500
13.500
13.150
12.920
12.980
13.040
13.550
14.080
14.420
13.780
13.970
14.120
14.100
13.230
13.190
12.780
12.910
12.770
12.850
13.200
12.220
12.270
12.340
12.490
12.240
12.430
12.960
12.450
12.280
12.070
11.550
11.660
11.080
11.130
11.250
12.010
11.450
10.470
10.090
9.990
9.940
10.000
9.940
9.910
9.860
9.750
9.480
9.450
9.370
9.890
10.000
10.040
9.920
9.800
10.090
10.080
10.020
10.120
10.330
10.440
10.050
10.190
9.320
9.320
9.380
9.390
9.220
9.250
9.270
9.500
9.470
9.460
9.350
9.250
9.360
9.680
10.850
10.930
10.840
10.920
11.090
12.830
13.260
13.180
13.080
13.280
13.100
12.670
12.820
12.790
13.280
13.190
13.390
13.380
12.920
12.670
12.710
12.680
13.290
13.490
13.240
13.170
12.970
12.930
12.780
12.590
12.340
12.310
12.270
12.080
11.820
11.750
11.730
11.700
11.870
11.830
11.800
11.750
12.190
12.300
12.170
12.190
11.880
11.540
11.730
11.770
11.660
11.550
11.160
10.960
11.260
10.720
11.170
10.700
9.830
9.400
9.440
9.110
9.160
9.070
8.870
8.950
8.990
8.940
9.000
9.590
9.550
9.100
9.120
8.840
8.840
8.590
8.590
8.630
8.650
8.490
8.430
8.630
8.550
8.320
8.370
8.410
8.510
8.580
8.600
8.590
8.490
8.640
8.730
8.720
9.000
8.670
8.180
8.340
7.680
7.550
7.480
7.580
7.590
7.190
6.970
13.980
14.040
14.240
14.300
14.310
14.390
14.440
14.500
14.530
14.580
14.160
14.080
14.380
14.300
