-0.330
0.680
0.470
0.080
-0.360
-0.250
-0.910
-0.050
0.920
-0.170
-0.180
0.370
-0.650
0.180
-0.650
0.100
-0.220
1.320
0.260
-0.260
0.000
0.500
-0.200
0.760
0.110
-0.520
0.740
0.000
0.360
-0.050
0.010
0.400
-0.160
0.180
-0.490
0.210
0.720
-0.100
0.200
-0.170
-1.000
0.210
0.450
-0.370
-0.090
-0.900
-2.180
-0.210
-0.430
1.340
0.340
-1.130
0.020
0.690
-0.340
0.220
0.030
-1.100
-0.530
-0.030
3.360
0.050
0.120
0.080
1.380
0.200
-0.980
-1.100
0.300
-0.050
0.200
0.550
-0.400
0.110
-0.300
-0.530
0.550
-0.290
-0.080
-0.350
0.020
-0.670
-0.160
0.100
-0.110
1.260
-0.440
0.080
-0.160
0.050
-0.090
0.340
-0.070
0.880
0.600
-0.340
0.150
-0.790
-0.190
0.100
-0.350
-0.520
1.160
0.670
0.320
-0.330
-1.000
-0.220
0.250
-0.210
0.280
0.480
-0.010
-0.090
0.440
-1.150
-0.050
-0.470
-0.220
-0.260
0.110
-0.630
-0.370
0.970
0.150
0.330
0.050
-0.150
-0.700
-0.030
-1.200
0.630
0.350
0.000
-0.700
1.620
0.380
-1.210
0.860
-2.930
-0.280
0.040
-0.130
-0.550
-1.080
-0.550
-0.030
-0.250
-0.050
0.240
-0.300
-0.830
1.280
0.090
-0.130
-0.470
0.020
0.130
0.110
0.340
-0.190
0.250
-0.560
0.140
0.160
-0.650
-0.460
0.080
-0.340
0.070
-0.360
-0.070
0.450
-0.320
-0.210
-0.310
0.570
-0.490
-0.040
-0.230
-0.350
1.090
1.210
0.380
-0.120
-0.110
0.040
-1.580
-0.120
0.350
0.440
-0.370
0.670
-1.010
-0.650
-1.340
0.110
-0.070
-0.540
1.590
0.060
-0.600
-0.090
0.080
0.180
-0.060
0.150
-0.880
0.170
0.230
-1.180
-0.200
-0.660
0.800
-0.150
0.800
0.670
-0.290
-0.260
0.240
0.140
-0.310
0.240
-0.120
0.060
-0.450
-0.400
0.370
-1.790
0.650
-0.980
-0.440
-0.560
-0.300
0.150
-0.340
1.790
0.270
-0.140
-0.160
-0.960
0.260
1.110
0.020
-0.650
0.060
0.380
0.610
0.100
0.630
0.560
-0.920
-0.890
1.530
-0.210
0.390
-0.210
0.280
2.080
-0.380
-2.910
-0.910
1.110
0.150
0.080
0.180
-0.060
1.880
0.130
-0.980
-0.350
-0.110
-0.200
0.330
0.530
0.010
-1.780
-0.220
1.390
-0.340
1.200
-0.390
-0.300
-2.200
-2.270
-0.080
-0.750
0.590
1.820
-0.440
0.300
1.280
-1.150
-0.230
1.920
-2.230
2.420
1.780
-0.510
0.160
0.690
0.070
0.130
0.650
-1.300
-0.620
0.670
-0.510
0.010
1.930
-1.180
1.090
0.480
-0.820
-0.410
0.680
0.080
1.890
2.060
-1.440
1.110
2.070
-0.240
-0.500
-1.110
-0.840
0.250
0.120
-0.320
2.360
1.030
-1.840
0.550
-3.220
0.320
0.190
0.220
1.040
-0.560
1.730
2.080
-0.070
-1.140
0.800
-0.050
1.860
1.010
2.290
-2.880
-1.790
-5.030
-0.160
-0.860
-1.720
-1.130
1.190
-0.370
-1.850
2.540
-2.460
1.940
-1.550
4.020
-5.010
1.070
0.590
-5.640
-1.600
1.450
2.410
-1.310
-0.020
1.440
-0.790
-0.200
-0.770
-0.010
0.900
0.340
0.560
0.410
-0.830
-0.460
2.580
-1.760
0.240
-1.470
0.170
1.170
-0.730
2.380
-3.430
-1.390
0.610
-0.390
-1.700
-1.800
2.220
-1.700
-1.610
-1.210
0.100
1.800
-1.000
-1.800
3.850
0.450
-2.600
4.410
1.830
-3.440
-1.790
0.080
0.460
-0.610
6.270
1.250
1.690
-6.470
-0.440
6.060
0.250
1.700
-1.810
1.000
-1.480
0.260
0.670
2.940
-1.070
-0.720
3.280
0.720
-1.210
3.770
-0.830
0.890
2.330
0.980
4.720
-0.700
-5.000
0.150
-2.800
3.700
4.110
1.890
-3.790
-0.260
-1.160
2.200
4.440
4.030
-4.480
-4.980
-4.600
-4.080
0.700
-6.420
0.450
-0.090
1.850
-3.710
-1.110
1.810
-0.400
5.950
-0.210
1.880
2.180
3.800
-2.980
4.980
-0.230
-5.560
-0.990
1.020
0.740
-0.170
-0.560
3.360
1.610
-5.620
-3.280
5.410
4.920
4.470
-2.310
-3.760
1.200
0.280
-3.720
-2.240
5.020
-5.580
-6.200
-1.590
0.460
1.220
-5.740
-3.260
-1.970
-2.900
0.870
0.900
-1.830
1.690
-0.810
-4.540
-4.110
7.600
3.190
6.620
1.630
2.060
1.680
-1.930
-0.380
-1.370
1.410
3.590
0.750
0.600
-0.240
-3.000
1.390
-1.190
1.680
-3.470
5.730
1.140
1.310
-2.350
-0.550
1.700
-1.050
-2.150
2.300
0.900
-1.880
-2.510
-0.960
1.510
2.200
5.240
-0.310
-0.140
-1.370
2.030
-1.210
0.290
0.310
-1.080
0.530
1.850
0.360
1.160
0.860
-0.880
-1.200
0.000
-1.100
-4.890
5.200
0.630
-0.420
1.200
1.300
-0.610
-0.530
0.080
4.580
4.170
3.790
1.270
-0.530
0.910
0.000
-1.500
-0.540
-0.460
0.260
0.210
-1.500
-0.640
0.400
-0.100
-0.010
0.300
0.330
0.530
0.640
-1.260
0.490
-0.400
-0.840
0.840
1.040
-0.070
-0.430
-1.390
0.070
2.110
0.090
1.560
-0.260
-0.390
0.470
1.520
0.350
-2.660
1.040
-4.050
-1.240
-0.460
-0.100
2.120
-0.090
0.590
-2.300
-1.400
-1.220
1.430
-0.370
0.120
0.100
-0.690
-0.520
0.480
0.180
1.030
0.220
-0.200
-0.030
-1.180
-0.180
1.290
-1.000
-0.730
-1.910
0.460
-0.070
0.140
-0.330
0.160
-0.790
-0.360
-0.770
0.720
0.620
-0.650
0.110
0.000
-0.010
-0.890
0.330
-0.060
-0.420
0.100
-0.830
-0.420
-0.820
0.870
0.620
-0.220
0.170
-0.160
-0.500
0.690
0.400
-1.550
0.090
-0.350
0.280
-1.620
-0.300
-0.210
-1.550
-0.470
2.380
0.140
-0.150
0.460
0.210
0.540
1.310
-1.090
0.980
-0.520
-0.110
-0.970
0.350
-0.750
-0.150
-0.100
0.050
0.340
-0.330
-0.310
0.450
0.150
-1.200
1.110
-0.080
1.780
-1.020
-0.680
-0.020
2.340
0.640
0.720
0.010
-0.900
2.570
-0.330
-0.130
-0.610
-0.610
-1.030
1.830
0.320
-1.370
-1.270
1.480
