15.880
15.740
16.000
16.040
15.990
15.990
16.030
16.040
15.790
15.700
15.970
16.220
16.320
16.220
16.320
16.400
16.380
16.360
16.480
16.380
16.400
16.310
16.240
16.290
15.580
15.620
15.850
15.810
15.580
15.510
15.630
15.850
16.130
16.190
16.400
16.080
15.800
15.810
15.500
15.670
15.550
15.980
16.130
16.300
16.250
16.010
15.650
15.330
15.410
15.290
15.250
15.460
15.350
15.220
15.360
15.460
15.740
15.760
16.050
16.100
16.200
16.200
16.400
16.290
16.020
16.010
16.210
16.330
16.530
16.890
16.550
16.450
16.760
16.810
17.300
17.470
16.360
15.700
15.600
15.730
15.710
15.800
15.810
15.750
15.680
15.690
15.690
15.780
15.970
15.900
15.580
15.650
15.650
15.580
15.520
15.380
15.360
15.390
15.380
15.550
15.500
15.370
15.390
15.330
15.330
15.390
15.330
15.210
15.190
15.320
15.150
15.190
15.500
15.250
15.240
16.380
16.500
16.530
17.000
17.190
17.140
17.160
17.040
16.400
16.360
16.270
16.300
16.300
16.060
16.180
16.090
16.380
16.090
16.300
16.280
16.000
16.100
15.800
16.160
16.610
16.880
17.040
17.110
17.010
17.130
17.370
17.130
18.510
18.350
17.900
18.390
18.100
17.860
17.810
17.930
17.890
18.150
18.100
18.160
18.230
18.220
17.990
17.920
17.490
17.490
17.210
17.380
17.250
17.520
17.170
17.200
17.250
17.220
17.030
16.960
16.800
16.810
17.000
16.800
16.660
16.610
16.300
16.330
16.420
16.480
16.600
16.160
16.250
16.260
16.270
16.260
16.200
16.010
16.130
16.150
16.680
16.680
16.750
16.710
16.530
16.520
16.430
16.300
16.390
16.410
16.420
16.190
16.610
16.720
16.830
16.650
16.610
16.570
16.640
16.270
16.010
16.170
16.420
16.390
16.170
16.210
16.150
16.260
16.520
16.210
16.250
16.100
15.810
16.900
16.770
16.800
17.080
17.150
16.990
16.900
17.110
17.300
17.450
17.330
17.250
17.310
17.080
16.700
16.700
16.500
16.420
16.380
16.160
15.910
15.650
15.300
15.950
16.000
15.880
15.820
15.570
15.400
15.250
15.260
15.610
16.300
16.650
16.610
16.400
16.460
16.260
15.760
15.620
15.810
15.610
16.010
16.000
16.180
15.800
16.020
15.710
16.750
16.610
16.800
16.620
17.500
17.100
17.150
19.020
18.100
18.460
17.610
18.020
17.800
57.610
57.800
59.510
55.480
54.700
55.500
58.700
56.980
58.600
57.300
56.990
56.000
59.470
57.790
60.400
59.360
59.100
56.900
58.000
53.500
53.000
54.000
52.190
51.200
49.780
47.130
47.130
45.250
43.710
43.970
45.600
46.000
41.770
41.600
41.310
40.500
42.040
41.680
43.520
42.000
40.800
41.200
44.500
44.000
46.020
47.300
47.100
46.460
46.500
45.740
44.530
43.390
44.880
44.000
43.000
43.300
43.000
41.420
42.500
44.250
45.700
47.500
45.500
46.600
46.660
45.200
43.000
43.400
43.300
44.500
46.900
46.890
45.600
47.400
47.590
44.410
48.330
53.680
54.560
53.510
53.870
54.210
53.600
54.850
55.240
54.680
54.410
54.660
52.630
52.500
50.250
51.350
50.980
51.310
52.500
52.100
53.010
54.300
52.500
53.700
52.500
50.500
52.300
52.010
48.000
47.720
47.770
46.900
46.510
46.600
45.500
46.200
45.920
45.000
44.830
44.630
44.500
43.800
43.020
42.710
40.100
40.010
39.100
38.610
37.580
38.480
37.900
36.960
37.000
38.670
39.080
39.310
38.500
38.910
37.380
36.530
35.080
34.850
33.880
33.420
33.200
33.010
33.130
34.100
33.350
33.900
32.350
32.500
32.740
31.220
31.110
31.690
34.650
34.800
34.010
31.480
31.400
30.000
32.110
35.670
35.760
33.890
35.140
39.040
43.380
42.000
41.310
39.300
40.850
43.100
44.980
44.580
44.710
45.000
43.110
42.290
41.240
41.720
40.120
39.780
40.130
41.400
39.200
37.780
41.380
45.170
44.070
43.150
43.000
43.710
42.670
38.070
40.200
44.000
41.870
39.500
32.660
30.050
33.390
34.310
38.120
42.350
46.850
43.800
43.030
47.300
51.030
52.800
48.920
50.700
55.000
54.650
57.020
59.200
60.390
59.400
60.050
61.000
57.980
61.950
53.600
56.320
46.140
47.460
46.380
45.100
43.900
43.200
42.900
44.070
45.130
44.600
44.100
44.010
44.020
47.220
47.300
47.200
47.010
45.500
45.010
46.670
46.020
46.800
48.250
47.760
45.510
43.740
45.800
47.850
46.770
45.560
41.580
40.420
40.770
40.810
39.720
39.510
38.700
39.140
39.200
39.250
39.210
38.660
37.780
37.610
37.740
38.540
38.100
37.310
37.780
37.800
37.420
37.400
37.300
37.350
37.320
37.260
37.540
37.360
36.400
36.500
35.990
35.620
35.500
35.530
35.630
36.900
37.000
37.080
36.600
36.890
37.180
38.600
36.810
35.630
37.110
37.110
36.980
35.650
35.450
36.110
35.880
35.440
35.130
35.100
35.800
35.590
35.840
36.310
35.350
35.210
34.960
35.420
36.540
36.450
35.520
35.010
34.980
36.300
37.300
37.500
38.530
38.200
38.000
37.800
36.950
36.810
38.520
39.390
41.230
39.800
40.100
39.960
40.280
40.130
40.000
39.860
40.130
40.180
39.500
39.520
39.650
38.650
38.610
39.080
39.520
39.000
40.110
41.000
41.500
42.050
41.900
42.510
42.650
42.300
41.450
40.000
39.800
39.520
40.010
39.920
40.000
41.200
39.680
39.750
39.500
38.250
36.680
36.800
37.120
37.160
36.530
35.550
35.010
35.600
35.340
35.210
35.110
35.460
35.100
34.780
34.830
35.810
35.020
34.920
34.800
34.560
34.420
34.060
34.120
33.900
33.380
33.100
32.880
33.200
34.400
35.250
35.300
34.910
35.100
35.000
35.050
34.820
34.880
34.210
34.100
34.200
33.910
34.050
34.500
34.600
34.100
34.100
33.990
33.970
33.940
33.600
33.210
33.000
32.700
33.090
32.780
33.250
33.000
33.290
34.010
33.920
34.300
34.080
34.350
34.600
