34805.87
14857.00
17299.76
17776.42
22330.33
37359.03
47877.77
32843.15
38844.52
38675.13
31318.12
35585.14
26329.52
28576.33
64273.04
56251.81
104096.86
97104.72
81269.44
43186.21
34716.67
51386.06
18340.63
18500.66
20776.16
18521.09
20366.12
21274.08
26612.00
22266.23
34904.20
22652.80
22164.54
34474.00
39826.48
27456.38
27569.18
25905.31
26215.50
28944.01
25567.00
32817.60
16128.00
21470.48
25663.32
39295.45
28205.08
32329.64
23853.46
28735.10
31630.50
29372.00
41549.01
62765.66
63851.01
49916.86
131583.91
115713.26
55212.60
35973.98
38169.70
19259.36
20333.36
22653.78
20924.58
25131.02
25942.95
30823.53
35896.05
20680.62
28665.65
58452.49
17247.97
22942.00
22981.71
22836.72
38573.12
21782.01
21606.05
20348.97
35629.01
69500.89
32532.65
23293.01
18066.01
27939.78
34254.26
21144.98
43792.01
34378.57
58278.01
24227.01
26539.01
25540.71
26367.11
24919.20
49877.02
34008.01
40980.01
51497.11
70819.12
58975.62
87681.33
41774.69
21558.10
36886.00
57918.46
49533.69
37836.49
43048.89
48080.00
67246.00
78796.30
82666.71
96042.26
145987.31
173073.19
81854.20
37609.41
74264.13
59893.87
74605.97
79189.97
115854.25
140330.75
51287.75
56556.71
65346.24
108832.22
146985.69
164355.95
93015.90
123745.89
107147.45
78574.96
84690.64
81066.31
101622.01
179815.12
125308.74
99185.93
86882.85
88548.97
170554.73
84580.03
69820.20
86409.02
65869.54
88249.10
88244.88
75562.05
83231.75
77555.33
116066.00
99676.61
94785.64
67142.92
94979.15
112851.06
135410.92
129577.47
100835.81
101208.62
110158.07
94008.94
122399.28
107893.20
104054.63
144953.70
135577.00
148291.75
181164.66
140521.44
48993.74
86760.82
142556.41
114287.11
14609.24
17217.58
25097.76
25744.95
15314.07
14191.02
10497.70
19912.58
24568.83
30366.46
16763.22
27505.64
13200.23
12928.69
19380.42
28646.89
13108.76
18491.05
26330.87
24329.76
45715.14
15957.62
19131.21
22980.62
56255.01
48211.49
78359.81
18273.64
16201.56
21523.00
26079.64
12724.56
30001.45
24389.32
33857.58
36513.77
21100.60
15100.26
21777.07
53736.12
15016.51
11166.74
15525.14
12724.00
13565.65
13409.49
9180.00
15238.66
25998.60
26525.96
10888.51
15757.62
13495.01
18925.22
11442.39
21894.54
34142.66
44984.05
73231.62
31727.04
34049.89
32518.15
22429.65
44018.67
37221.15
36947.38
32266.81
27583.32
30941.68
56401.77
30510.91
28517.76
25795.10
31192.13
53279.31
64133.83
19020.65
18091.38
24904.40
28463.72
24240.24
25610.24
32730.41
29123.60
37161.77
65115.01
103301.43
75371.35
18646.32
28761.55
46375.85
58296.51
54343.05
15297.80
10444.50
17301.98
18023.97
16950.11
17203.63
24707.63
43132.36
38381.73
13260.63
29326.15
37546.72
19536.57
31014.16
34199.40
19816.28
17634.67
27056.61
21417.42
15758.57
20273.39
28342.81
55177.18
40694.23
28263.40
43074.20
27049.58
44800.50
40529.29
43295.00
34310.96
45096.67
36895.62
51595.84
25733.93
27646.93
24268.95
23766.19
33421.87
32995.66
57993.55
55550.28
68519.04
70248.21
78005.11
78201.54
98530.31
91510.59
42371.06
25283.61
14463.35
18438.92
28590.29
31328.64
54854.52
64116.42
51067.39
37083.89
43785.98
31731.42
48374.53
52951.42
34807.24
48399.78
44113.24
55950.40
65443.58
36267.04
23913.41
48575.59
69326.74
45564.31
69357.71
71266.51
119091.93
85762.20
90222.53
82876.47
58481.34
65346.12
55857.20
27248.59
32915.93
23835.06
24832.86
27280.87
31101.59
51990.02
32467.01
55539.67
6228.00
27588.36
36456.06
29335.27
32101.49
21712.64
37702.44
50575.81
65731.95
84839.97
57949.62
58316.92
56651.24
63839.88
48745.72
34917.12
55631.69
44498.60
53584.24
56819.50
64580.04
69403.06
87129.34
69848.81
21559.30
28681.51
26822.01
41366.86
59261.60
46455.90
67540.53
51088.07
69076.57
44795.36
40012.83
58027.98
81157.21
29663.83
39138.96
57929.72
41800.15
45180.87
50921.54
57478.13
100251.50
73365.31
25952.24
28606.24
33736.70
45372.49
65379.76
100514.19
96584.60
116936.44
37052.25
34424.24
48578.57
32179.69
48091.59
23748.18
29854.80
31237.83
27146.32
22868.79
23814.15
119.00
15079.52
20212.99
19130.97
24185.39
34780.90
35664.96
28839.86
23526.08
21815.34
40032.51
31996.46
31547.00
46121.96
21030.03
35450.16
36816.99
22053.31
35102.29
25132.17
44911.57
36255.17
51713.18
42766.92
36774.49
7499.89
6464.00
26386.70
24569.04
27643.45
36857.99
45217.38
47925.99
31129.27
50100.72
64460.02
47616.70
32407.13
14698.81
23620.82
16814.72
16082.72
15708.15
28275.07
35414.89
43157.20
62291.34
73215.06
77635.67
94012.83
19878.81
22430.38
23358.83
29484.00
48615.39
1796.52
35885.72
64466.25
10784.38
27067.14
21827.03
18314.10
23090.55
33679.19
20737.72
16870.73
15608.33
13561.70
15493.74
20526.04
14000.40
18708.78
24163.13
30187.41
42535.60
35435.68
52406.04
29351.77
29454.34
37198.63
33313.28
43586.77
49729.99
42160.71
50442.69
96533.05
61598.84
42589.11
44225.68
27130.98
41448.21
37405.65
28649.04
26508.69
28332.05
38747.69
38638.52
35920.46
40767.38
24036.93
27297.89
60006.83
57948.02
32386.55
24470.50
22763.95
29105.05
36345.88
70153.63
42469.68
45325.02
37912.35
44624.59
55857.70
67410.83
36608.35
54007.78
62596.31
41027.41
36765.64
48370.26
62715.52
58755.98
51902.99
44500.85
34770.20
30795.90
28527.69
47791.22
115556.03
79700.41
56629.84
29622.77
58151.19
106627.39
42402.94
35319.95
16593.57
23078.62
36804.23
38960.38
20903.56
22625.28
15887.48
17637.70
23466.80
31929.26
27816.99
23327.50
15035.32
172.00
11115.92
17018.44
20252.31
17453.68
25593.99
32955.27
6099.00
25912.47
38342.27
39310.10
22640.73
10653.05
18956.89
34135.28
29520.38
16010.70
31178.77
57870.44
30924.76
8231.25
14658.82
7035.70
5723.22
9427.21
7289.21
12216.56
14962.58
14269.11
14508.69
41914.20
17404.49
7542.81
9714.09
11370.07
8801.11
10622.87
12111.64
12444.42
20986.20
16427.18
10786.07
12512.19
13133.84
19655.55
12253.28
18447.40
16884.75
30149.35
26565.92
32678.95
26443.65
23895.75
21807.07
22228.00
42103.62
68670.94
32803.96
26414.33
34994.55
31062.41
20553.67
23524.59
15068.51
11550.89
14820.97
20746.58
18968.43
31007.77
26192.61
48440.08
23905.27
20597.20
27266.84
53130.88
28933.05
34187.16
60718.58
44765.11
20576.09
14884.34
15090.49
23324.72
23404.59
35087.55
38023.01
27247.83
35549.77
28559.27
27261.24
33829.14
29793.99
32251.02
31151.47
31860.31
55393.90
53243.04
47634.82
55385.22
91595.97
54735.43
67410.64
115566.47
169521.77
151817.81
147176.28
11553.05
1424.21
902.81
