9.860
9.800
9.770
9.810
9.800
9.790
9.690
9.670
9.630
9.480
9.420
9.560
9.280
9.120
9.090
9.050
8.990
8.920
8.860
8.940
8.940
9.030
8.950
8.940
8.980
8.920
9.230
9.440
9.400
9.470
8.960
8.970
9.010
9.100
9.250
9.310
9.040
8.910
8.950
8.920
8.940
9.000
8.900
9.170
9.220
9.370
9.390
9.330
9.220
9.230
9.240
9.170
9.330
9.320
9.390
9.660
10.000
10.120
10.380
10.380
10.600
10.600
10.460
10.650
10.860
10.240
10.370
10.550
10.830
10.560
10.430
10.680
10.820
10.920
10.780
10.840
10.910
11.030
11.300
11.270
11.430
11.480
11.620
11.700
11.500
11.520
11.520
11.680
11.800
11.810
12.000
12.220
11.970
11.740
11.520
11.910
12.450
11.930
11.960
11.830
11.800
11.700
11.790
11.940
11.470
12.470
12.830
12.990
13.060
12.740
12.190
12.410
11.990
11.910
11.780
11.810
11.940
12.040
11.910
11.710
11.900
12.030
11.600
11.460
11.850
11.960
11.880
12.380
12.850
13.450
13.500
12.990
13.070
13.020
13.150
13.200
13.260
13.160
14.120
14.650
13.790
13.660
13.650
13.240
13.200
13.150
13.460
13.620
13.090
13.150
13.160
13.040
13.010
13.170
12.670
12.970
13.510
13.210
13.750
13.800
13.380
13.340
12.980
12.940
11.760
11.840
11.740
11.580
11.030
11.250
11.270
11.250
11.450
11.490
11.300
11.280
11.500
11.030
11.140
10.860
11.440
11.370
11.780
10.840
10.650
10.680
11.030
11.320
12.100
11.000
10.460
10.440
10.620
10.680
10.660
10.740
10.060
10.050
9.390
9.240
9.030
8.950
9.040
9.000
9.130
9.120
9.190
9.300
9.240
9.130
9.120
8.950
8.520
9.010
8.940
8.940
9.150
8.770
8.330
8.270
8.380
8.070
8.080
8.040
8.040
7.900
7.980
8.090
8.070
8.150
7.910
8.200
8.260
8.090
8.170
8.060
8.070
8.140
8.040
8.190
8.290
7.840
7.610
7.400
7.500
7.730
7.730
7.650
7.730
7.790
7.630
7.610
7.330
7.260
7.330
7.300
7.470
17.550
17.170
17.080
17.010
17.860
16.540
16.170
16.200
16.170
16.340
16.460
17.590
18.220
18.000
18.170
17.620
17.650
17.940
17.840
17.650
17.800
17.710
18.370
18.870
18.590
19.070
19.340
18.690
18.620
19.090
18.950
19.100
19.880
19.560
19.400
18.000
17.680
16.510
16.860
17.370
17.570
17.030
17.050
16.680
16.520
15.900
15.480
15.170
13.790
13.200
13.330
13.490
13.890
13.830
13.670
14.690
14.850
14.290
14.580
16.200
14.970
16.020
15.550
15.910
14.460
14.200
14.530
14.410
13.960
13.630
13.970
13.710
13.700
13.080
12.440
11.870
12.550
12.580
13.980
14.110
14.350
15.400
16.070
15.570
15.580
16.720
16.270
16.800
16.000
16.850
15.660
17.340
16.860
17.930
19.900
21.160
20.740
20.600
20.860
21.120
20.830
20.510
20.140
19.780
20.020
19.310
19.430
19.250
18.900
18.450
18.330
18.450
19.360
19.270
19.770
19.410
20.400
20.710
19.230
19.560
18.980
18.960
18.700
17.890
17.680
17.100
17.900
17.580
17.080
17.900
17.780
17.200
17.380
17.000
16.690
17.020
15.870
15.560
15.890
15.980
15.940
16.860
15.890
15.420
14.920
14.300
15.700
15.360
15.400
15.140
14.710
15.070
14.750
14.220
12.930
12.470
12.390
12.260
12.600
12.190
12.490
12.160
12.560
12.550
12.110
11.890
11.970
10.880
11.820
13.130
12.630
12.900
12.280
11.160
10.660
11.430
12.700
13.260
12.350
12.680
14.090
15.650
17.390
19.260
17.850
17.140
19.040
18.750
19.210
18.590
18.570
18.340
17.250
16.240
16.500
16.650
15.290
16.780
17.340
18.500
17.430
18.880
20.980
22.200
21.760
19.780
19.990
19.890
18.820
19.300
21.440
22.190
20.170
18.340
16.670
17.420
19.350
21.500
21.760
22.450
21.340
19.400
21.560
23.950
25.920
25.560
27.580
29.900
30.480
30.590
31.200
29.500
29.620
30.000
31.900
31.610
34.660
32.790
29.810
30.380
28.050
25.880
25.800
26.650
26.500
26.600
25.150
23.300
23.530
23.380
22.800
22.060
23.790
23.510
24.220
23.350
22.410
22.700
23.670
23.100
23.180
22.200
21.800
20.180
19.940
20.000
19.180
19.100
18.990
18.590
18.970
18.970
18.070
18.430
18.630
18.660
18.450
18.090
18.600
18.140
17.520
17.030
16.840
16.770
17.040
17.000
17.510
16.320
16.230
16.150
16.150
14.920
15.000
15.130
14.960
14.940
14.800
14.240
14.250
13.690
13.680
13.530
13.370
13.640
13.280
13.000
13.050
13.260
13.190
13.280
12.930
13.040
12.700
12.390
12.380
12.320
12.300
12.310
12.450
12.470
12.770
12.250
12.300
12.380
12.420
12.360
12.500
12.560
11.450
11.080
10.880
10.690
10.380
10.840
11.050
11.570
11.420
11.360
11.620
11.600
11.720
11.350
11.240
10.990
11.100
10.900
10.600
11.600
12.600
12.760
13.190
13.160
13.120
12.460
12.710
11.580
11.120
11.760
11.380
11.330
11.460
10.930
10.840
11.090
11.050
11.220
11.240
10.910
10.480
10.420
10.500
10.580
10.600
10.690
10.320
10.170
9.600
10.170
10.070
10.300
10.320
10.170
10.150
10.190
10.180
10.090
9.540
8.970
8.880
8.800
8.860
9.090
9.300
9.340
9.240
9.810
9.710
9.310
9.280
9.160
9.180
9.030
9.290
9.240
9.140
9.230
9.160
9.120
9.080
9.030
8.980
8.850
8.750
8.700
8.750
8.720
8.850
8.810
8.960
9.070
8.620
8.570
8.670
8.600
8.430
8.160
8.050
8.000
7.980
8.060
8.010
8.040
7.790
7.900
7.900
7.840
7.780
7.690
7.540
7.670
7.810
7.790
7.810
7.760
7.840
7.830
7.920
7.710
7.630
7.580
7.800
