38.340
38.330
38.330
38.800
39.000
38.750
38.400
38.850
38.600
36.600
37.090
37.070
36.960
37.030
36.170
37.190
37.430
36.600
59.310
59.550
59.780
59.970
59.950
60.700
58.190
59.000
59.000
58.200
57.500
57.460
57.400
57.400
57.450
56.190
56.800
57.000
56.130
57.000
57.000
56.880
56.850
57.390
57.870
57.270
57.370
58.160
56.850
57.940
58.700
59.030
58.700
58.910
58.500
60.080
58.900
61.270
62.590
61.990
60.800
61.120
62.280
63.450
63.610
63.050
63.350
63.820
63.870
63.780
64.120
61.900
59.540
58.600
58.330
57.260
56.400
55.500
54.910
55.920
57.400
57.600
57.800
54.960
60.000
61.200
61.660
61.600
62.160
62.250
62.390
62.900
62.900
63.180
63.360
63.200
64.130
63.390
62.000
60.590
60.980
61.000
62.520
63.770
64.200
64.150
63.170
63.960
65.920
66.000
65.900
67.260
67.160
68.960
68.200
68.250
65.840
64.950
64.950
65.980
64.990
63.490
63.000
62.330
63.000
61.880
63.030
63.200
62.400
62.020
63.850
60.800
58.660
58.440
57.900
60.860
61.990
61.370
61.870
62.900
59.480
55.770
55.240
58.420
59.500
54.090
52.390
52.300
51.910
49.750
48.590
48.600
49.870
46.900
45.250
46.350
46.850
46.570
46.980
47.500
44.350
44.750
45.550
45.380
46.780
46.800
47.260
43.720
42.750
41.650
42.280
42.690
41.860
42.110
42.160
41.910
43.010
42.760
43.590
44.350
42.830
45.380
42.700
41.440
44.430
45.140
41.040
37.310
38.440
38.500
37.400
36.520
37.640
37.600
37.300
38.820
37.490
41.400
40.000
41.300
40.010
37.870
34.430
31.300
29.630
26.940
24.490
23.840
22.750
24.400
25.530
23.600
22.790
22.970
22.910
22.800
22.190
24.440
27.160
26.600
27.220
30.240
33.600
31.540
28.670
31.860
35.400
35.300
34.850
31.680
28.800
27.500
28.400
26.400
24.000
24.640
22.400
21.590
21.350
19.880
19.270
19.270
19.700
21.150
21.500
21.370
20.740
21.350
21.020
19.110
17.370
17.200
18.550
18.850
18.850
19.320
18.820
18.690
18.310
18.480
19.060
19.200
19.320
18.360
18.220
18.230
18.730
18.600
18.740
17.040
17.080
16.940
15.810
14.370
14.050
14.250
14.340
14.010
14.260
14.340
14.470
14.470
14.450
14.580
14.390
13.600
13.460
13.450
13.610
13.100
13.090
12.000
11.610
10.550
10.450
10.380
10.070
10.340
10.790
10.900
10.760
10.950
10.910
10.800
11.200
11.200
10.180
9.250
