17.510
17.300
17.030
17.070
16.950
16.910
17.020
16.820
15.190
15.020
15.190
15.680
15.670
15.540
15.580
15.400
15.400
15.300
15.110
15.070
15.320
14.930
14.670
14.620
14.120
14.150
15.310
15.480
15.600
15.880
16.040
16.940
17.520
17.520
17.850
16.870
17.240
17.110
16.430
16.770
16.710
16.600
16.600
17.430
17.390
17.470
17.310
16.870
16.800
16.320
16.460
17.360
17.100
17.080
17.700
17.670
18.000
18.330
18.350
18.420
19.330
20.220
20.320
19.800
19.030
18.880
18.700
19.180
19.510
18.980
19.030
19.290
19.300
19.110
20.470
20.540
20.350
20.500
20.420
20.310
20.490
20.360
20.720
20.620
20.150
20.130
20.100
19.600
19.600
19.810
19.430
19.520
19.350
18.720
18.730
18.770
18.850
19.020
19.120
19.050
19.090
18.880
18.690
17.990
17.950
18.400
18.250
18.200
18.150
18.020
17.300
17.180
17.330
16.140
15.660
17.130
17.300
17.500
17.860
17.670
17.710
17.880
16.690
16.350
16.260
16.450
16.610
16.510
16.250
16.760
17.000
16.730
16.400
16.300
16.220
16.050
16.030
16.380
16.850
18.000
18.430
17.280
17.310
17.030
17.310
17.890
17.850
18.010
18.020
17.820
18.020
18.160
18.800
18.860
18.910
18.780
18.800
18.700
18.890
19.000
18.620
18.000
19.070
18.820
18.410
20.130
19.800
19.810
20.320
20.230
20.620
20.680
20.760
20.450
20.400
19.330
19.230
19.800
19.840
20.100
19.750
18.810
19.000
19.410
18.450
17.700
18.170
18.200
17.270
17.120
17.200
17.160
17.030
18.110
17.710
18.350
18.210
18.330
18.060
16.090
15.300
15.810
15.350
14.980
14.680
14.680
14.410
14.710
14.600
14.900
14.580
14.690
14.530
14.480
14.190
14.030
14.020
14.290
14.270
14.030
14.080
13.920
14.130
14.150
14.080
14.260
14.150
14.460
15.360
15.200
15.400
15.520
15.700
15.500
15.520
15.830
15.640
15.670
15.100
15.450
15.480
15.410
15.680
15.810
15.660
15.910
15.200
15.000
14.650
13.920
13.500
14.540
14.060
14.130
13.930
13.980
14.050
13.400
13.400
13.740
14.950
15.040
15.070
14.200
13.910
13.900
13.320
13.130
13.360
13.090
13.440
13.500
13.550
13.100
13.280
13.000
13.800
13.530
13.500
13.340
14.280
14.370
14.300
15.720
16.200
16.330
16.040
16.000
16.080
16.130
15.810
15.800
14.600
14.450
14.300
15.520
15.560
15.900
15.660
15.800
14.880
15.000
14.630
15.140
15.530
14.860
14.540
14.930
14.670
14.400
14.800
14.520
14.850
14.740
14.840
14.400
13.620
13.110
13.050
13.100
13.010
13.050
13.400
14.000
13.690
14.900
14.070
13.330
13.610
14.680
15.580
16.500
17.040
16.910
15.170
15.100
14.700
13.730
13.020
13.930
14.180
13.630
13.840
13.260
13.000
13.450
14.510
15.200
14.950
13.860
14.150
15.550
15.150
13.810
13.970
12.950
13.770
14.350
15.170
15.710
17.390
17.300
18.410
20.450
22.600
23.520
23.900
24.500
23.110
24.830
24.900
22.900
22.100
24.480
26.100
26.250
29.170
31.000
27.600
26.240
27.580
29.000
26.610
25.000
24.850
26.320
26.920
25.000
26.480
28.410
28.300
24.520
26.080
22.710
21.980
21.200
21.320
48.880
48.740
49.010
43.500
39.010
35.500
33.900
33.500
30.000
28.680
28.500
28.700
28.430
27.700
28.180
27.520
27.100
28.910
28.650
29.530
30.980
28.560
27.070
28.480
28.650
31.830
33.130
31.780
28.680
26.570
22.190
20.010
18.010
18.410
17.310
16.610
16.700
15.700
15.430
14.680
14.400
14.660
14.780
14.120
14.000
13.880
13.690
13.420
13.250
13.550
13.420
13.000
13.200
13.150
13.030
13.080
13.150
12.980
12.870
12.850
12.950
12.840
12.800
12.720
12.510
12.300
12.030
12.030
12.050
12.470
12.760
12.660
12.420
12.650
12.600
12.730
12.680
12.530
12.610
12.210
12.170
11.750
11.510
11.560
11.480
11.460
11.300
11.260
11.750
11.800
11.810
11.720
11.560
11.660
11.560
11.800
12.170
12.250
11.910
11.810
11.700
12.660
13.030
13.000
13.250
13.110
13.050
13.000
12.660
12.600
13.600
13.500
13.800
13.300
13.400
13.250
13.480
13.750
13.590
13.630
13.470
13.070
13.040
12.910
12.730
12.530
12.430
12.580
12.500
12.590
13.260
13.060
12.890
12.930
13.080
13.150
13.040
13.160
13.110
12.790
12.400
12.390
12.350
12.600
13.190
13.190
12.810
13.510
13.600
13.700
13.470
13.750
13.760
13.650
13.820
13.620
13.490
13.150
12.830
12.820
12.500
12.410
12.420
12.220
12.330
12.750
12.520
12.450
12.230
12.310
12.400
12.160
12.090
11.990
11.710
11.510
11.540
11.570
11.630
11.910
11.660
11.480
11.720
11.880
11.820
11.750
11.310
11.170
11.040
11.020
10.780
10.810
10.910
10.850
10.610
10.620
10.560
10.460
10.380
10.230
10.110
9.820
10.700
10.840
10.930
10.850
10.670
10.720
11.030
10.930
10.810
10.630
10.300
10.100
