9.220
9.430
8.810
8.620
8.500
8.570
8.450
8.480
8.550
8.410
8.620
9.140
9.180
9.200
9.160
9.480
9.300
9.420
9.110
9.190
9.330
9.330
9.150
9.250
8.800
8.000
8.790
9.020
8.700
7.910
7.700
8.170
8.780
8.800
8.840
8.880
8.550
8.580
8.550
8.830
9.190
10.210
10.800
10.840
10.880
10.990
11.280
10.780
11.980
12.600
14.000
13.970
13.890
14.040
14.060
14.040
13.370
13.450
13.400
13.400
13.490
13.550
13.480
13.520
13.710
13.740
13.610
13.240
12.800
12.530
12.700
12.890
12.790
12.900
13.010
12.870
12.990
13.160
13.480
13.470
13.600
13.620
13.500
13.020
13.090
13.270
13.070
13.190
13.190
13.260
12.810
13.020
13.000
12.420
12.640
13.000
12.780
14.200
14.690
14.790
14.830
14.530
14.350
14.380
14.520
14.060
14.020
14.050
13.990
14.170
14.500
14.630
14.430
14.420
14.130
14.220
14.140
13.940
13.650
13.630
13.900
15.310
15.370
15.430
15.240
15.150
15.560
16.300
16.330
16.230
16.750
16.510
16.690
16.790
17.330
17.080
17.250
17.100
17.790
18.100
18.460
18.290
19.320
17.560
15.960
15.490
15.700
15.670
15.600
15.390
15.390
15.470
15.330
15.380
15.300
15.250
15.410
15.360
15.470
15.480
15.200
15.060
15.290
14.890
14.960
14.990
14.950
14.900
15.000
14.900
14.910
14.750
14.400
15.030
15.200
15.170
15.110
15.100
15.070
15.210
15.550
15.560
16.030
15.990
16.980
16.750
16.500
16.590
16.810
16.320
16.280
16.270
16.410
16.270
16.260
16.350
16.160
16.300
16.230
16.210
16.240
15.770
16.150
15.900
16.050
15.530
15.160
15.570
15.240
14.900
14.990
15.040
15.080
15.320
14.930
15.150
16.750
16.680
16.870
15.340
15.330
15.440
15.120
14.450
15.210
15.390
15.290
15.000
15.100
14.400
14.790
15.690
16.470
16.250
17.000
18.210
18.130
18.150
18.230
18.190
17.610
17.200
16.930
16.360
16.700
17.170
18.540
18.400
19.320
19.330
18.900
18.260
18.700
18.420
18.890
19.800
19.230
18.180
17.870
17.820
17.150
17.950
18.270
18.250
18.030
18.040
18.450
17.860
17.030
15.820
16.220
16.420
15.080
15.020
16.000
15.980
15.490
14.080
15.640
16.330
15.600
15.600
17.330
18.370
20.410
19.910
20.500
20.840
20.840
21.790
21.990
21.560
20.200
20.960
19.660
19.220
18.100
18.050
17.190
19.100
19.460
21.500
20.600
19.850
21.880
21.800
21.300
19.360
19.870
18.630
20.700
20.160
22.400
21.200
23.550
21.410
22.200
24.660
24.400
25.350
24.780
27.420
24.930
22.660
20.600
18.730
17.030
15.490
14.500
14.180
14.150
14.800
15.070
14.150
13.670
14.500
14.670
15.110
14.680
13.800
13.180
13.410
13.560
13.500
14.580
15.400
14.770
14.370
14.350
13.380
12.870
12.850
12.230
11.810
11.780
11.770
11.650
12.020
11.490
11.610
11.400
11.400
11.400
11.200
11.130
10.740
10.440
10.520
10.790
10.890
10.780
11.270
10.800
10.410
10.640
10.540
10.370
10.280
10.370
10.380
10.490
10.100
9.910
9.960
9.740
9.710
9.720
9.970
9.680
9.830
9.430
9.390
9.590
9.670
9.780
9.850
9.760
9.860
9.590
9.470
9.030
9.280
9.120
9.100
9.200
8.640
8.860
8.950
8.920
9.100
8.890
8.620
8.490
8.540
8.770
8.880
8.840
8.540
8.500
9.170
9.370
9.370
9.740
9.900
9.740
9.460
9.450
9.210
9.900
9.890
10.320
10.230
10.140
10.070
10.490
10.600
10.300
10.480
10.400
10.400
10.140
10.230
9.940
9.960
9.730
9.720
10.070
9.930
10.310
10.280
10.610
10.430
10.610
10.760
10.490
10.340
10.520
10.390
10.140
10.000
10.140
10.640
10.830
11.140
11.100
10.780
11.170
11.030
11.250
11.520
11.710
11.700
11.830
11.170
10.920
11.060
11.020
10.850
10.730
11.140
10.940
10.870
11.000
11.860
11.640
11.550
11.770
12.120
11.810
11.700
11.850
12.150
11.950
11.430
10.390
10.350
10.380
11.050
10.860
11.090
10.880
11.170
11.670
11.680
11.180
10.160
9.490
9.200
8.810
8.660
8.510
8.500
8.260
8.190
8.430
8.270
8.270
8.210
7.960
7.900
8.070
8.290
8.120
8.190
8.280
8.280
8.740
8.780
8.620
8.580
8.790
8.930
