0.200
-0.020
0.080
0.160
-0.210
0.030
-0.250
0.640
0.080
0.140
-0.410
0.080
-0.170
0.080
0.150
-0.030
0.540
0.260
-0.250
0.150
-0.200
0.330
-0.070
0.240
0.180
-0.050
-0.360
-0.010
-0.300
0.030
0.090
-0.760
-0.580
-0.050
-0.410
0.000
0.250
0.310
-0.320
-0.280
-0.600
0.420
-1.220
-0.970
0.870
0.200
1.100
0.180
-0.150
0.020
0.000
-1.210
0.250
-0.260
0.380
-0.650
-1.380
-1.400
-0.050
-0.890
-0.010
0.670
0.180
-0.570
0.590
-0.350
-0.540
0.200
0.780
1.390
0.180
-0.680
-0.330
0.160
0.110
-0.160
0.180
-0.370
-0.290
-0.010
-0.050
0.240
0.480
-0.190
0.350
-0.160
-0.480
-0.110
0.340
0.120
0.090
-0.410
-0.190
0.050
0.220
-0.680
0.190
-0.570
-0.190
-0.410
-1.800
0.040
0.140
1.640
0.060
-1.820
0.020
0.970
-0.780
1.630
1.490
1.350
-0.230
0.390
1.210
1.100
-0.820
-0.380
0.070
-0.450
0.210
0.550
-0.370
0.110
0.380
-0.140
0.430
0.390
-0.080
-0.340
-0.420
0.140
-0.010
0.230
-0.140
1.060
0.220
-0.220
-0.170
-0.910
0.530
-0.280
0.080
0.130
0.110
-0.340
0.100
-0.120
-0.450
0.070
0.020
-0.140
-0.320
0.130
0.070
-0.390
-0.210
-1.410
-0.090
1.240
0.240
1.160
1.050
0.070
0.090
0.000
-0.010
-0.070
0.080
-0.190
-0.010
-0.010
-0.190
-0.180
-0.240
0.570
0.370
-0.170
-0.050
0.120
0.050
0.140
0.270
0.010
-0.040
-0.240
0.050
0.130
0.010
0.010
0.240
0.000
0.080
-0.270
0.000
-0.690
-0.260
0.240
-0.080
-0.290
0.910
0.060
-0.180
-0.020
-0.190
0.540
0.070
-0.200
0.400
-0.100
-0.230
-0.040
-0.080
0.030
0.140
0.120
0.050
-0.340
0.270
0.110
0.180
-0.220
0.150
0.010
0.120
-0.250
-0.200
-0.300
-0.720
0.600
0.050
-0.150
-0.110
-0.110
0.290
-0.310
-0.290
0.190
0.020
-0.250
0.080
0.030
-0.230
-0.240
-0.730
1.100
0.510
0.550
0.910
0.030
0.260
-0.230
0.000
0.630
-0.270
-0.080
0.160
-0.150
0.470
-0.170
-0.560
0.480
0.120
0.030
-0.050
0.100
0.120
0.310
-0.030
-0.020
-0.020
0.040
-0.170
0.080
0.080
0.170
-0.330
-0.100
0.150
-0.010
-0.080
-0.130
0.090
-0.510
-0.520
0.400
0.000
0.330
-0.110
0.090
-0.100
0.180
-0.080
0.110
-0.110
-0.720
0.020
-0.350
-0.100
0.070
0.000
-0.170
0.340
0.230
-0.240
0.140
0.260
-0.120
-0.090
0.290
-0.340
0.350
0.100
-0.330
0.050
-0.240
0.290
0.820
0.310
-0.070
-0.090
0.270
0.020
-0.060
-0.250
0.110
0.160
-0.460
-0.140
0.760
0.170
-0.550
-0.190
-0.910
0.060
-0.170
0.200
0.190
-0.150
0.220
0.380
-0.180
0.110
0.210
-0.020
0.360
-0.190
0.340
-0.690
-0.170
-0.960
0.050
0.120
-0.710
0.920
0.300
0.190
-0.470
0.260
-0.240
-0.050
-1.000
0.070
-1.130
0.360
-0.680
-1.290
-0.340
-0.130
0.310
-0.490
0.040
-0.230
-0.370
0.210
0.030
-0.140
0.570
0.100
0.140
0.280
-0.290
0.070
-0.360
-0.840
0.060
0.450
0.310
-0.120
-0.290
-0.430
-1.090
-0.280
0.180
0.100
-0.730
0.870
0.210
-0.900
0.110
0.810
0.470
1.330
0.250
0.290
-0.030
0.300
0.130
0.550
-0.140
-0.630
-0.400
0.420
-0.500
0.250
0.270
1.140
0.300
-1.230
0.120
0.460
0.010
0.340
-0.550
0.820
0.880
0.300
0.340
0.380
-0.120
-0.960
0.250
-2.410
2.580
0.240
1.190
2.220
-0.530
-2.520
1.720
-2.610
-2.900
-1.400
-0.260
2.750
2.260
-2.850
-3.170
-3.520
-3.910
-4.100
0.630
-4.730
-5.250
-2.130
5.010
2.070
-4.440
-5.110
1.460
-5.630
-2.280
0.950
4.770
-0.070
-1.870
0.920
0.300
-0.170
4.190
3.770
1.860
2.330
-4.370
1.690
4.520
4.110
0.890
0.500
1.240
-0.760
-0.660
0.850
-2.380
-0.120
1.590
3.630
1.580
0.260
0.270
-0.320
1.350
-0.550
0.040
-0.720
-1.070
-0.590
-0.140
1.500
2.790
-1.910
-0.260
3.100
-1.300
0.490
2.890
0.910
-0.980
-1.350
0.160
0.890
0.240
0.900
0.090
-0.440
0.250
-0.890
0.660
-0.560
1.510
0.040
0.180
0.500
0.920
0.280
0.250
0.010
-1.320
-0.950
0.740
0.350
0.400
0.350
-0.490
0.420
0.410
0.230
-0.160
0.000
0.110
-0.270
-0.900
-1.890
0.500
1.910
-0.110
-0.110
-0.360
-0.530
0.210
-1.030
-1.240
0.100
0.440
-0.440
1.060
0.820
0.180
0.600
0.940
-0.310
0.400
-0.950
-0.620
0.750
1.920
-0.800
2.270
0.000
0.480
-0.600
-0.500
-1.590
-2.760
0.370
1.130
1.460
-0.970
-2.760
-0.250
0.000
-1.220
-0.110
0.800
1.000
-0.500
0.800
-3.100
1.410
0.850
0.240
0.010
-0.110
-1.190
0.090
0.510
-0.780
-0.090
0.470
1.430
0.000
1.320
0.740
-0.130
0.130
-0.700
0.270
0.950
0.400
-0.190
0.490
-0.050
-0.540
-0.390
-0.390
0.810
0.320
0.240
0.210
-0.930
-1.100
-0.200
1.570
-0.040
0.500
-0.010
-0.470
-0.750
-0.670
-0.790
1.260
0.650
0.000
1.160
-0.590
-0.080
-0.090
-0.240
-2.610
0.750
0.620
-1.250
-1.010
1.840
2.470
0.150
-0.050
-0.100
-0.510
0.280
-0.470
1.980
-0.190
0.440
-0.520
1.120
-0.210
0.880
0.850
0.230
1.400
0.300
0.040
0.210
-0.020
-0.060
-0.310
0.520
0.090
0.390
0.010
0.300
0.390
-0.040
-0.080
-0.090
0.010
0.120
0.500
-0.260
-0.450
0.270
-0.210
0.420
-0.100
-0.350
-0.100
0.640
0.240
0.220
-0.170
-0.100
