8.120
8.010
8.000
7.890
7.820
7.840
7.940
8.000
7.900
7.900
8.200
8.190
8.030
7.960
8.130
7.900
7.810
7.610
7.900
7.850
7.960
7.770
7.790
7.610
7.520
7.880
7.950
7.820
7.800
7.810
8.140
8.460
8.500
8.630
8.700
8.460
8.470
8.570
8.780
8.990
8.620
8.900
9.030
9.060
9.120
9.050
9.130
8.990
8.860
8.880
9.060
9.100
9.200
9.440
9.630
10.320
10.600
10.020
10.010
10.200
10.160
10.310
10.340
10.300
10.420
10.590
10.600
10.810
10.860
10.920
10.840
11.200
11.060
11.060
11.310
11.350
11.500
10.900
10.820
11.070
11.100
11.230
11.200
11.330
11.140
11.160
11.110
11.000
11.230
11.350
11.600
11.450
11.330
11.720
11.570
10.260
10.270
10.210
10.410
10.330
10.180
10.120
10.190
10.090
9.920
9.800
10.080
10.100
10.610
11.110
11.040
11.270
11.200
11.250
11.020
11.150
10.950
10.560
10.550
10.750
10.890
11.080
10.610
10.670
10.500
10.480
10.390
10.510
10.520
10.400
10.580
10.400
11.200
11.400
11.600
11.010
10.900
10.980
11.200
11.200
11.690
11.880
11.950
11.750
12.000
12.400
12.380
12.300
12.660
12.760
12.840
12.890
13.210
13.710
13.490
12.280
12.630
12.320
12.100
11.980
10.300
10.350
11.180
11.410
11.650
11.640
11.810
11.280
11.220
10.800
10.540
10.630
21.460
21.570
21.540
21.310
20.530
20.760
21.510
22.320
21.890
21.870
20.970
22.300
22.220
22.700
24.320
23.850
24.370
23.480
22.220
23.000
23.300
23.760
22.450
20.460
21.200
23.500
23.980
24.500
23.940
23.610
23.320
23.680
23.550
23.900
25.150
25.200
24.010
24.690
25.250
24.310
24.600
26.040
24.260
24.030
24.130
24.610
25.100
24.210
22.480
22.980
22.920
21.950
21.290
23.000
23.400
22.700
22.000
22.110
21.500
20.000
19.580
21.010
21.960
23.000
24.100
24.300
22.260
20.750
21.180
20.270
19.500
18.260
20.170
20.190
19.500
19.180
18.550
17.850
19.440
19.000
20.990
20.450
18.710
19.050
19.500
19.150
17.450
17.780
15.800
17.240
16.950
18.050
19.960
21.330
22.150
21.330
26.370
27.560
26.840
26.380
26.700
26.120
26.250
27.270
27.310
27.790
27.410
27.000
25.700
23.100
24.500
23.340
22.150
22.500
23.300
23.250
23.560
23.320
23.880
25.580
23.110
22.500
23.890
22.540
20.370
19.230
18.980
18.050
18.710
18.190
17.330
17.400
17.830
17.740
18.490
17.480
16.510
15.450
15.340
15.200
14.650
13.980
13.850
13.360
13.350
13.410
13.370
13.900
13.800
12.840
12.640
12.000
12.040
12.430
11.250
11.880
13.800
13.660
13.900
13.700
13.050
13.080
12.310
13.880
14.000
13.170
12.740
13.660
13.600
16.000
17.690
19.620
19.500
19.740
19.850
20.160
19.330
20.300
20.980
20.550
20.100
17.800
19.000
17.470
17.050
17.450
19.200
19.500
18.820
21.900
23.930
23.010
23.650
21.250
21.310
20.050
21.000
25.000
24.750
24.530
25.200
29.050
28.990
30.500
31.560
34.400
32.200
34.900
32.060
30.510
29.290
28.520
29.300
30.200
29.800
29.700
28.010
26.190
25.170
24.500
27.800
28.680
27.950
26.800
26.400
23.250
21.800
21.430
21.160
21.800
20.760
19.660
19.800
19.000
17.040
17.970
18.760
19.590
19.700
20.480
20.200
20.150
21.280
19.880
20.000
19.900
17.440
18.500
19.950
38.320
44.660
49.210
47.870
41.710
38.710
40.630
41.250
35.800
32.370
31.990
29.500
30.880
29.990
31.030
30.000
26.830
25.200
25.430
25.620
24.400
25.100
23.500
23.900
22.600
21.820
21.180
20.850
21.010
21.460
21.400
20.900
20.880
20.520
19.500
19.800
19.980
20.010
19.570
19.300
19.160
18.650
18.600
18.780
19.300
19.590
19.420
19.100
18.900
19.170
19.200
19.600
19.510
18.900
19.680
19.580
19.970
19.150
18.890
18.710
18.800
19.280
18.590
16.530
16.540
16.700
17.300
16.880
16.820
16.510
17.180
18.790
17.990
17.600
17.110
16.880
17.910
18.240
18.350
18.900
19.100
18.220
18.020
17.800
17.280
19.200
19.190
20.300
20.310
20.660
20.900
21.090
20.810
20.680
20.080
19.330
19.710
19.260
19.370
18.900
18.860
18.520
18.140
18.800
18.410
19.700
19.360
19.980
20.400
21.000
18.680
17.810
17.480
18.200
18.780
18.640
18.440
18.900
19.980
19.720
19.250
18.400
18.410
18.980
18.690
18.350
18.520
18.750
18.280
17.980
18.010
17.600
17.100
16.830
16.440
17.100
16.980
17.010
16.900
16.800
16.520
16.660
16.400
16.240
16.270
15.790
15.520
15.760
15.650
15.750
16.070
16.200
16.000
16.200
16.440
16.300
15.830
16.040
15.790
15.610
15.410
15.400
15.770
15.400
15.470
15.170
15.660
15.630
15.700
15.790
15.530
15.630
15.920
16.530
15.330
15.770
14.900
14.830
14.930
15.720
15.380
15.260
15.290
15.770
16.000
