44083.33
57327.85
121146.99
26436.45
24796.86
23639.35
25991.89
39578.50
44789.11
34540.78
43167.00
41142.22
38481.10
42835.51
28076.40
47654.59
60822.48
30378.05
37084.73
35543.95
36761.34
38554.43
34949.76
28575.29
48600.49
74596.21
44454.79
42587.07
49933.49
49717.02
118950.71
128841.37
229946.77
106710.84
48220.45
41723.77
30961.80
37538.98
72806.71
33787.62
59701.38
44128.00
48534.76
66810.79
40096.98
54228.60
54821.77
96073.20
66285.79
69632.07
71012.23
109531.13
118377.01
141818.70
169524.30
297162.47
214280.36
73279.66
104415.19
102711.77
96307.50
63421.67
69805.95
84266.62
104335.14
178159.30
55191.20
46680.68
74198.84
47600.19
75812.72
74066.91
54541.48
85362.07
180095.23
143865.84
58145.18
52858.66
72176.51
47146.78
75710.49
73228.60
62399.16
58635.52
68630.93
81096.18
126375.01
84109.49
100819.16
177161.30
149169.61
168903.80
186400.34
346002.41
343031.84
217060.83
267967.88
116517.79
186737.47
260753.33
169918.81
103939.84
69248.42
56019.43
90063.36
137832.83
200941.91
141440.06
218713.69
182355.12
66996.10
43205.54
33431.66
48894.82
46608.73
63428.25
57258.85
62073.55
58648.33
89854.56
77193.88
91625.03
92196.51
133294.53
84399.51
78900.24
80558.86
80492.83
48590.45
69219.50
46939.50
68129.50
48309.31
69093.00
71143.89
42618.37
46351.51
92743.75
79295.23
163869.41
172949.59
94414.62
164251.31
141334.27
126825.30
105231.62
126287.43
288614.66
226466.88
67593.58
72886.48
100043.25
77978.86
116491.21
82206.25
106172.61
92599.72
89417.88
87530.15
114512.23
148582.41
88053.57
90173.32
152262.62
52308.09
61379.39
97748.07
178603.67
60128.37
102722.50
90688.62
73484.14
129567.19
77459.05
75178.41
123902.79
101470.23
102101.12
129500.92
128715.96
71172.09
91734.80
120679.95
133111.50
133269.41
81333.09
133595.44
117517.53
191723.81
130422.14
122860.90
115898.59
203364.17
156224.20
158056.39
294951.12
379709.78
246554.05
202141.75
228284.94
286922.59
130093.86
143784.39
121072.58
176588.53
130410.52
152227.69
269083.97
150266.58
139298.36
183975.70
144507.88
174821.50
136210.73
150373.78
226896.00
206091.56
161932.08
206329.84
126635.05
233532.80
212032.41
251966.06
185097.20
191728.30
273752.31
102820.34
124317.03
145022.28
208610.41
191470.84
204545.16
367433.50
125438.85
139002.75
73617.66
118453.88
148841.55
106079.56
123379.95
179961.94
194757.16
134192.34
207749.86
184489.55
274434.72
198161.70
250590.98
150836.58
144157.67
156370.39
156305.55
136414.14
112485.24
154634.23
169458.36
130289.74
153448.31
122076.24
158461.31
236909.52
219657.69
193932.55
194296.61
209576.56
262129.89
257215.09
208067.48
234561.02
370406.69
277853.38
346872.62
380509.91
481132.44
479701.75
132901.48
452520.00
583807.06
250247.86
310569.69
274762.59
231808.34
293359.78
301644.72
401979.16
759298.12
563669.75
574136.75
935826.81
288621.59
409917.66
601973.06
14356.18
4502.30
914.93
2856.13
165614.09
317253.38
447332.03
53643.08
308533.41
175713.56
241583.45
271773.03
332194.75
314858.00
182409.88
253043.47
290116.47
281422.97
210056.17
318558.28
532112.69
383362.31
374475.19
425410.28
210340.88
233840.61
255525.91
417495.09
416480.66
243328.28
201724.45
182252.80
144819.84
156672.45
244441.84
278285.03
268198.78
201773.25
258036.92
196413.31
200544.59
201705.12
152609.86
211722.27
239466.78
258758.41
203372.80
159874.92
187930.45
150310.31
203507.88
296969.88
336074.88
427604.19
187676.44
274307.12
354773.03
221539.94
201587.59
221668.89
278730.78
335709.62
380297.47
368821.34
561322.69
457373.91
251297.03
144422.06
181721.55
240085.06
247116.94
217416.95
334359.75
255681.77
330804.03
161022.89
169063.98
319166.59
225085.34
478184.72
307119.66
266972.56
210904.86
333671.38
264310.34
118800.32
102461.57
102917.04
94358.89
68843.54
91906.63
151188.22
80281.76
135009.97
106676.75
85777.81
65561.54
86237.67
2835.00
61993.34
120917.27
68220.95
63624.90
68573.17
30342.60
33346.92
49111.16
65095.42
110220.56
101264.97
63079.66
54305.42
60222.15
69273.79
84291.27
82921.77
117759.13
191061.41
104677.60
62788.30
71049.56
41241.68
43246.14
44014.01
34109.18
53708.66
74055.55
134050.88
67918.56
92249.35
112949.75
58036.14
93849.21
123298.81
75703.86
46019.80
67381.75
66484.09
130002.23
193180.45
151937.03
71745.56
67204.75
74036.73
74839.84
68357.40
72545.54
139017.12
110372.18
207550.73
323895.50
108481.12
64561.56
99462.55
105638.69
96738.28
100076.87
68043.31
57026.57
54516.46
49144.80
93933.09
75337.70
43439.88
33959.94
40857.91
36751.86
100436.61
63134.22
77186.40
55363.86
71415.25
54162.87
95311.44
69785.07
83569.04
82311.39
64118.45
35679.50
38648.85
98410.37
87890.26
119558.19
72966.89
79834.65
106218.94
85999.53
79181.00
95207.95
79779.19
109632.64
90123.23
77452.87
118785.08
171810.69
103796.83
131021.64
65951.49
89110.41
71231.20
77985.27
92767.41
155648.25
116647.49
158191.41
200622.73
144023.23
189752.69
274698.94
195318.70
224385.70
250409.88
140616.11
274426.53
235267.45
78706.99
130448.66
151464.34
83038.85
83107.82
120243.56
205829.00
100265.45
82009.49
111538.49
106701.02
111223.10
126048.53
118187.92
193220.77
104184.75
183122.67
100221.69
141679.16
162966.88
335298.41
137175.02
165248.77
131711.70
116749.04
188775.30
249370.00
176074.98
315645.06
247546.05
201554.67
274248.53
431019.62
385805.38
73604.30
3288.38
2298.13
