29.290
29.360
29.220
28.980
28.750
28.430
28.230
28.650
28.400
28.000
28.710
29.210
29.560
29.690
29.780
29.030
28.820
28.510
28.420
28.410
28.920
28.300
27.890
27.620
26.700
26.880
28.310
28.170
27.580
27.150
27.840
29.040
29.840
29.950
29.900
29.000
29.460
29.150
29.110
31.010
33.250
33.180
33.160
33.050
33.580
34.410
34.750
33.200
34.260
33.460
32.010
33.340
32.550
31.880
33.350
33.880
35.170
33.670
33.600
33.280
33.300
34.190
34.100
33.800
33.270
33.300
35.060
35.860
36.340
36.810
36.600
37.020
37.710
37.500
37.970
37.820
37.510
38.040
38.120
38.500
38.590
38.940
39.030
38.630
38.110
38.420
38.750
38.600
38.720
38.790
38.370
38.350
37.630
37.280
37.700
37.810
37.900
38.310
37.660
37.800
37.900
37.460
37.300
37.560
37.580
39.000
37.760
37.400
37.450
37.810
37.140
36.850
36.750
35.620
35.550
39.000
42.070
42.500
42.480
42.710
42.700
43.300
42.870
43.020
42.400
42.520
42.700
43.400
42.130
43.010
43.160
43.160
42.920
42.800
42.760
42.200
42.300
42.010
42.450
46.720
48.030
48.150
48.280
48.000
48.510
49.350
49.000
49.000
48.530
48.800
49.500
49.980
49.710
49.500
49.700
49.590
50.020
49.630
50.000
49.430
49.500
48.760
50.010
49.780
50.010
49.950
50.270
51.610
51.800
51.300
51.530
51.220
51.010
51.850
52.110
51.430
52.070
52.170
51.910
50.760
50.300
49.470
49.110
49.500
49.440
49.010
49.010
49.000
49.200
48.710
48.700
48.850
48.500
48.570
49.000
50.510
50.320
50.300
49.110
49.700
49.530
49.810
49.680
49.800
49.700
50.000
49.490
50.670
50.800
51.010
51.010
51.130
51.610
51.810
49.750
49.080
49.500
50.310
50.310
48.990
49.830
50.060
49.650
49.610
49.010
49.520
49.500
50.880
55.850
54.960
54.380
54.050
54.200
53.510
53.580
54.250
55.040
55.010
53.120
53.400
53.280
52.920
54.050
53.800
52.600
53.060
54.270
54.030
53.460
51.010
49.060
50.980
49.870
50.300
50.000
51.300
50.500
48.610
48.510
50.570
54.500
54.440
55.550
54.400
54.030
54.710
49.060
48.020
49.400
47.880
48.580
47.600
48.880
46.400
47.460
46.820
47.400
46.560
46.800
45.100
46.910
47.590
47.110
50.500
53.100
53.000
50.950
51.060
50.480
50.800
50.800
51.120
51.040
51.500
54.000
59.000
59.160
62.300
61.710
61.000
60.500
61.580
59.410
60.600
62.360
60.750
60.500
63.290
61.320
58.360
59.510
59.200
61.050
58.350
57.900
57.320
52.110
45.960
45.610
46.880
46.200
43.560
44.800
45.090
44.030
45.080
43.690
47.010
44.820
42.010
43.800
47.500
48.300
52.050
53.600
55.020
53.200
54.180
52.630
51.000
48.080
50.800
51.220
49.060
48.000
47.110
47.360
47.800
48.680
53.430
58.480
57.300
58.900
61.310
60.670
57.800
59.000
54.300
56.790
56.960
57.940
58.900
63.450
68.100
65.000
71.990
79.600
81.500
79.900
81.300
81.000
80.500
83.650
88.950
88.000
89.650
88.600
88.080
88.600
83.580
81.500
80.150
79.600
80.610
82.870
82.080
82.020
76.000
81.600
78.530
85.000
92.800
93.530
88.300
88.500
89.100
87.780
86.910
89.360
87.680
88.570
93.800
95.090
97.500
87.000
86.400
85.800
78.080
76.200
75.110
75.000
75.500
76.800
74.630
80.500
78.500
78.750
80.270
85.000
83.580
79.900
73.210
68.500
69.430
68.210
65.170
63.010
61.300
59.010
59.750
55.150
55.000
59.800
57.800
59.160
51.710
49.290
49.100
45.990
45.990
51.100
54.300
54.010
51.510
46.010
47.000
45.820
50.910
56.570
54.500
50.200
55.530
61.700
68.560
75.030
82.260
73.000
78.230
79.050
78.990
68.900
70.020
74.500
70.350
64.800
61.500
63.880
59.020
59.580
63.500
70.130
66.640
70.840
78.710
86.680
85.300
85.010
80.410
79.000
66.600
59.180
65.750
73.060
66.420
60.380
67.090
74.540
82.820
80.000
88.890
98.770
109.740
118.800
110.500
108.850
118.800
115.310
112.090
124.540
132.000
135.000
132.800
132.200
140.850
151.800
146.710
159.590
156.610
142.480
131.500
130.000
140.000
142.360
137.120
144.400
152.500
157.910
156.000
154.800
137.050
143.300
155.950
146.990
144.000
128.000
120.400
107.060
95.800
97.500
89.650
82.600
83.860
87.570
88.300
92.560
86.900
77.500
78.500
82.910
87.110
91.000
90.060
82.660
81.820
78.800
82.630
85.500
81.040
73.830
70.510
64.080
68.360
66.000
69.050
62.770
57.060
51.870
92.100
87.230
86.500
81.310
76.200
75.000
75.700
84.170
82.000
81.600
80.930
83.650
85.200
78.000
81.510
82.700
81.880
82.500
76.200
68.000
69.400
70.100
73.150
72.020
68.010
67.860
73.200
70.300
64.660
63.000
61.050
59.900
59.800
58.650
51.200
52.700
51.000
48.600
46.160
45.030
45.630
45.790
50.280
54.600
56.500
55.400
56.630
62.920
65.210
63.120
61.200
63.010
59.890
54.150
53.800
52.270
56.260
62.510
66.500
66.830
64.000
64.800
64.880
56.700
57.500
55.720
55.110
49.000
48.180
47.360
47.500
44.200
41.100
40.010
41.480
42.210
43.650
47.010
46.460
46.000
45.920
47.100
44.050
45.000
43.600
43.730
42.680
41.090
42.500
42.600
42.440
42.350
42.500
43.000
42.450
43.000
42.850
43.000
43.660
44.050
39.680
40.000
48.430
43.360
42.800
43.100
41.550
40.020
39.800
40.000
40.900
41.020
38.900
38.400
38.200
37.280
36.110
36.010
37.180
37.160
37.650
37.000
36.890
37.310
38.360
38.510
36.520
35.810
36.000
36.850
34.100
33.340
34.210
31.410
