14.060
14.140
14.120
14.080
13.940
14.060
14.080
14.130
14.000
13.820
14.120
14.280
14.250
13.900
13.920
13.820
13.650
13.510
13.490
13.590
13.730
13.580
13.530
13.510
13.240
13.360
13.600
13.560
13.540
12.950
12.660
12.720
12.870
13.330
13.360
13.500
13.320
13.310
12.840
12.610
12.900
12.790
12.840
13.310
13.680
13.820
13.880
13.820
13.630
13.710
13.650
13.520
14.160
15.110
15.810
15.950
15.700
15.960
16.250
16.160
15.560
18.060
18.920
19.390
19.060
19.100
19.060
19.110
19.110
19.450
19.170
18.990
19.050
18.830
18.930
19.200
19.390
19.460
19.400
19.350
19.630
19.600
19.610
19.670
19.660
19.650
19.690
19.910
19.490
19.740
19.400
19.520
19.800
19.500
19.350
19.450
18.420
18.440
18.620
18.630
18.600
18.630
18.550
18.550
18.650
18.390
18.500
18.600
18.330
18.260
19.910
20.220
20.280
20.450
20.440
20.480
20.890
20.810
20.830
20.710
20.670
20.890
20.920
20.330
20.850
21.150
21.270
20.990
20.970
21.040
20.910
20.960
21.400
21.290
22.920
23.000
23.120
23.090
23.170
24.110
24.620
24.660
24.650
24.860
24.480
24.890
24.960
25.300
25.060
25.200
25.500
25.110
25.050
25.020
24.550
24.330
23.850
24.650
24.540
24.540
24.290
24.310
24.310
24.180
24.200
24.310
23.900
23.720
23.760
23.730
23.380
23.310
23.620
23.810
23.800
23.780
23.770
23.320
23.300
23.190
22.940
22.860
23.520
23.710
23.650
23.500
23.450
23.310
23.510
23.660
24.800
25.000
25.250
24.750
25.350
25.330
25.500
25.550
25.580
25.330
25.400
25.210
25.350
25.310
25.360
26.010
25.990
26.070
26.500
25.060
24.300
24.510
24.440
24.150
23.700
23.860
23.630
23.920
24.040
23.800
24.000
24.010
24.480
26.150
26.010
26.220
26.340
26.300
26.110
26.010
26.480
26.680
26.800
25.890
25.780
25.660
25.060
25.470
25.630
25.030
25.360
25.510
25.600
24.280
23.560
22.580
23.520
23.190
23.310
22.800
23.330
23.300
22.680
22.500
23.100
24.310
24.600
24.380
24.220
23.850
24.100
21.940
21.470
21.790
21.450
21.930
21.870
22.240
21.700
22.120
21.700
21.730
21.410
21.530
21.050
21.430
21.700
21.590
23.000
24.380
24.450
23.520
23.540
23.260
23.670
23.900
23.400
23.730
24.080
24.900
26.300
26.210
25.610
25.380
26.800
26.630
25.800
26.490
26.500
27.760
25.670
26.040
24.010
20.560
19.790
19.710
19.910
20.260
19.500
19.800
19.700
19.480
20.810
20.330
20.780
19.820
18.530
18.670
20.000
21.590
23.110
23.490
23.200
22.800
23.110
23.030
22.300
21.110
22.350
22.680
22.010
22.940
22.370
22.980
23.000
22.600
23.640
24.700
24.310
25.700
28.190
27.180
26.820
26.880
25.610
26.010
25.990
25.560
25.260
26.830
28.800
26.990
29.620
32.900
33.890
33.890
33.830
33.440
34.230
36.800
36.350
35.980
37.000
37.500
37.510
38.240
34.900
34.050
35.200
33.520
33.710
32.910
34.150
34.880
33.810
33.790
33.200
33.980
37.490
37.600
36.910
36.560
37.580
37.150
36.770
39.590
37.700
36.990
35.700
31.580
29.420
29.010
26.010
24.650
21.310
20.300
19.480
19.510
19.950
19.790
19.370
20.290
19.550
19.010
19.080
19.760
18.400
17.900
17.020
17.210
17.570
16.810
16.400
16.570
16.320
15.610
14.600
14.700
14.710
15.490
15.400
14.680
13.780
13.860
14.080
13.290
13.800
15.330
16.940
17.000
17.500
16.010
17.000
16.000
15.150
15.730
16.190
14.300
15.820
17.580
19.530
21.510
22.410
21.850
22.810
24.470
25.100
24.580
24.210
24.710
22.980
22.710
22.600
23.460
23.010
22.930
23.800
24.750
25.520
23.330
25.920
28.600
29.300
28.900
28.800
29.500
28.600
27.000
29.080
31.010
31.000
29.750
24.330
27.030
30.030
31.100
28.300
28.300
28.010
24.700
23.990
26.660
29.080
30.100
28.280
28.010
29.150
30.500
31.600
34.310
36.500
72.760
74.680
77.080
70.000
69.410
67.440
66.000
64.520
62.510
61.670
64.670
68.510
66.450
67.510
65.940
64.610
65.560
63.000
61.510
62.310
65.580
66.920
67.000
66.000
64.160
64.000
63.230
62.600
61.600
63.310
60.000
63.350
65.420
65.110
66.100
63.210
57.000
55.000
58.110
57.310
59.800
59.600
58.150
50.010
51.220
46.010
45.310
44.660
44.610
44.500
43.880
43.800
43.450
43.030
44.400
43.500
40.070
36.400
36.350
36.550
36.010
34.900
35.420
34.820
34.900
33.760
32.090
34.700
34.710
34.660
35.360
37.200
36.650
33.330
33.450
35.700
34.700
33.420
33.610
34.000
33.660
32.620
29.340
28.400
28.620
28.720
28.710
27.530
28.990
29.250
30.500
30.410
31.390
30.800
29.940
29.300
28.300
31.090
34.020
33.400
34.210
33.700
33.660
35.000
33.690
35.350
34.420
36.200
36.700
33.500
32.810
29.650
27.100
26.500
28.720
28.010
28.960
31.400
32.150
30.590
28.880
28.810
30.510
30.850
29.580
29.000
27.060
23.800
23.020
20.360
20.230
20.300
19.730
19.700
19.310
19.010
17.100
16.550
16.410
16.300
16.290
16.650
17.330
16.510
16.510
16.430
16.600
16.250
15.830
15.460
15.500
15.280
14.660
14.030
13.600
13.450
14.690
14.450
14.450
14.560
14.450
14.080
14.490
14.320
14.300
14.320
14.380
14.360
14.320
14.400
14.760
14.810
14.770
12.600
12.150
12.130
12.000
11.800
11.770
11.850
12.090
11.980
12.050
12.030
12.100
12.080
11.940
11.910
11.700
11.630
11.510
11.440
11.560
11.540
11.830
11.950
11.900
12.070
12.000
12.150
11.900
11.880
11.880
11.810
11.780
11.690
11.820
11.770
11.810
11.580
11.540
11.670
11.630
11.650
11.450
11.230
11.070
11.050
11.070
10.980
10.910
10.870
10.900
10.760
10.640
10.610
10.630
10.630
10.740
