8.290
8.200
8.210
8.240
8.160
8.200
8.190
8.300
8.210
8.090
8.160
8.370
8.580
8.560
8.450
8.380
8.360
8.300
8.300
8.220
8.370
8.250
8.160
8.230
8.030
8.400
8.880
8.850
8.660
8.500
9.010
8.970
9.120
9.210
9.150
8.860
8.970
8.820
8.700
8.920
9.010
9.220
8.930
9.000
9.180
9.100
9.040
8.690
9.000
8.960
9.030
9.260
9.250
9.150
9.420
9.300
9.940
10.010
10.110
10.000
10.180
10.920
10.960
10.630
10.850
10.860
11.300
11.710
11.730
12.380
13.440
12.110
12.240
12.900
12.480
12.200
11.610
11.100
10.550
10.450
10.600
10.650
10.950
10.970
10.950
10.920
10.920
10.410
10.130
10.060
10.120
10.040
9.850
9.580
9.650
9.640
9.500
9.880
9.860
9.870
9.880
9.700
9.660
9.480
9.560
9.540
9.430
9.490
9.540
9.210
9.200
9.320
9.210
9.030
9.920
10.190
10.210
10.190
10.130
10.210
10.490
10.920
10.560
10.440
10.420
10.460
10.420
10.140
9.950
10.150
10.120
10.030
10.010
9.960
9.880
9.850
9.700
9.820
10.520
10.620
10.640
10.670
10.570
10.660
10.970
10.900
11.010
11.220
11.100
11.300
11.510
11.520
11.470
11.680
11.510
11.500
10.970
10.850
10.800
10.850
10.650
10.900
10.810
10.830
10.950
11.000
10.950
11.130
11.120
11.470
11.400
11.350
11.380
11.370
11.250
11.360
11.140
11.360
11.110
11.110
10.890
10.880
10.700
10.700
10.540
10.850
11.410
11.220
11.150
11.160
11.040
11.250
11.650
11.370
11.530
10.860
10.800
10.820
10.610
10.250
10.220
10.250
10.280
10.200
10.170
10.110
10.350
10.370
10.100
10.060
10.150
10.180
10.120
9.930
9.860
10.020
10.150
10.000
9.820
10.040
10.010
10.110
9.960
9.810
10.200
10.280
10.820
11.660
11.700
11.760
11.360
10.760
10.560
10.610
10.770
10.730
10.350
9.990
10.400
10.500
10.450
10.390
10.550
10.360
10.400
10.390
10.560
10.160
9.910
9.500
10.040
9.860
9.910
9.930
10.050
10.210
10.150
9.800
9.910
10.450
10.710
10.770
10.870
10.550
10.200
9.700
9.490
9.740
9.480
9.760
9.980
10.050
9.730
9.850
9.840
10.520
10.360
10.570
11.110
42.600
46.800
49.100
51.000
48.950
47.350
44.200
45.100
44.000
44.800
45.600
44.000
45.490
45.200
46.940
51.350
51.690
52.600
51.220
52.300
53.460
58.630
56.010
58.300
52.060
50.510
46.550
46.000
41.060
39.360
40.000
40.700
40.060
39.010
38.010
37.010
34.050
32.140
31.620
32.220
32.150
30.110
31.060
30.500
28.500
30.010
29.690
32.900
32.000
30.000
30.790
33.700
36.720
39.660
41.800
40.580
41.490
42.560
37.580
35.350
32.520
34.330
33.000
31.660
31.150
31.620
33.660
37.400
39.000
36.000
33.700
32.710
33.700
31.300
29.300
31.030
33.000
31.900
32.500
34.180
37.930
34.760
38.620
40.300
34.120
37.000
38.000
37.030
35.500
36.990
38.550
37.540
37.520
37.040
38.000
37.310
36.680
35.100
34.460
33.900
35.510
33.220
33.400
34.700
35.060
35.980
35.180
34.050
36.520
35.580
36.660
35.700
34.840
34.190
32.410
29.110
28.000
27.620
28.880
27.310
27.350
28.380
29.010
28.010
27.370
24.880
24.550
22.880
22.470
23.350
23.840
23.500
23.120
22.550
24.250
24.000
22.900
22.990
24.200
24.670
22.800
22.730
22.650
22.990
22.100
21.570
21.660
21.860
21.130
20.940
20.160
20.860
22.000
20.600
21.240
20.500
19.510
20.000
17.560
17.550
19.500
20.880
19.800
18.450
16.100
15.990
15.720
17.470
19.340
18.280
17.290
17.170
19.080
21.200
23.550
24.180
21.900
24.210
25.200
25.100
25.000
26.700
24.620
23.800
23.170
22.180
22.130
20.500
19.730
20.250
20.800
19.010
19.660
21.790
24.100
23.250
22.260
22.000
21.270
19.480
16.980
18.700
20.590
18.720
20.800
23.110
25.680
28.530
27.500
30.560
33.960
37.730
40.110
38.610
41.500
38.580
40.280
41.000
43.670
41.130
39.180
38.000
38.890
39.960
43.290
43.010
40.200
36.870
35.860
35.390
35.000
37.380
33.450
32.500
30.200
29.570
28.000
27.570
26.990
27.800
27.400
26.410
25.040
24.420
23.800
24.180
24.420
25.580
26.000
25.700
25.100
25.800
24.660
25.060
24.630
23.400
23.000
24.130
23.060
24.790
26.100
26.050
25.500
22.600
22.090
22.630
22.000
21.700
20.550
20.480
20.660
20.250
20.450
20.320
20.140
20.820
20.760
20.880
20.550
20.400
19.270
19.190
19.110
19.750
19.780
19.360
19.260
18.910
18.190
18.450
18.200
17.940
17.860
17.460
17.630
17.500
17.400
17.340
17.060
16.750
16.680
16.780
16.800
16.960
16.690
16.600
16.350
16.600
16.480
16.590
16.620
16.450
16.640
17.200
16.290
15.480
15.000
15.500
15.500
15.300
15.160
15.150
15.880
15.950
15.800
15.550
15.700
15.000
18.500
20.230
20.270
20.590
21.580
20.480
20.110
20.130
19.300
19.100
20.100
20.550
20.940
20.680
21.500
21.290
22.030
21.730
21.020
20.780
20.850
20.800
20.380
20.370
20.300
20.060
19.770
20.240
20.110
20.130
21.560
21.610
21.650
21.880
21.980
21.750
22.200
22.050
21.950
21.800
21.480
21.780
21.510
22.020
23.200
21.700
21.660
23.320
23.550
23.400
22.900
23.020
22.500
21.730
21.220
20.800
20.850
21.180
21.100
21.000
20.800
21.000
21.200
20.250
20.400
20.900
18.110
19.780
19.250
19.400
19.410
18.900
18.840
18.700
17.690
17.300
17.680
17.480
17.350
17.520
17.790
17.770
17.470
17.060
17.000
16.700
16.630
16.550
16.510
16.240
16.000
16.150
16.150
16.180
15.950
15.910
15.880
15.770
15.810
15.700
15.510
15.210
15.480
15.760
15.750
15.810
15.700
15.790
15.770
16.160
16.500
16.400
16.400
16.210
