12.300
12.340
12.300
12.030
12.080
12.350
12.230
12.240
12.180
12.060
12.400
12.430
13.080
12.490
12.460
18.890
17.750
17.350
17.320
17.450
17.280
17.390
17.040
16.890
17.520
18.440
18.690
18.580
18.470
18.300
19.020
19.470
19.320
18.400
18.760
18.500
18.750
18.630
19.690
20.640
20.400
20.820
20.900
21.130
22.040
23.330
23.600
23.660
23.730
23.890
24.180
23.970
24.050
24.290
24.080
23.480
22.430
21.970
22.520
22.450
22.380
22.960
23.480
22.200
20.620
21.520
21.780
22.990
23.340
23.160
23.500
23.700
23.880
23.690
23.940
23.790
23.730
24.190
24.200
24.460
24.590
24.700
24.870
25.250
25.680
25.390
25.430
25.880
26.150
26.300
25.550
25.300
25.400
24.840
25.280
25.380
25.610
25.870
25.960
25.990
26.190
25.920
26.190
25.950
26.370
26.260
26.200
25.830
25.950
26.310
24.040
24.190
24.350
25.140
25.420
25.450
25.910
25.940
25.950
26.290
26.350
26.370
26.230
25.600
25.660
25.610
26.150
26.150
26.400
26.180
25.880
25.340
25.050
25.250
25.450
24.870
25.450
26.550
26.990
27.800
27.270
26.630
26.250
26.850
27.080
27.720
28.600
29.560
29.900
30.440
30.700
29.800
30.280
30.190
30.550
31.490
31.520
31.420
30.000
29.550
29.730
30.020
30.100
30.500
31.570
32.040
33.130
33.150
33.050
33.250
33.690
34.000
34.000
34.480
34.570
34.570
34.500
34.600
34.380
34.780
34.350
32.680
32.870
33.630
34.480
35.000
35.220
35.540
35.220
35.540
35.400
35.100
34.590
34.800
35.580
36.500
37.370
36.200
35.470
36.450
36.970
37.390
37.500
36.400
37.520
37.990
37.960
37.300
39.350
38.150
38.550
38.880
36.380
35.670
35.370
36.090
35.840
33.900
34.190
34.950
35.900
34.650
35.300
36.120
34.300
32.960
33.500
32.290
29.500
29.150
29.170
30.280
29.860
30.100
31.020
31.600
32.320
32.330
33.990
35.660
35.990
36.470
35.200
35.250
34.560
35.170
35.800
34.300
32.180
32.530
31.300
30.080
28.760
28.680
27.970
26.200
25.060
23.200
24.600
24.680
25.150
25.250
24.860
25.020
24.890
24.080
22.930
47.300
46.490
45.220
45.450
45.150
43.390
42.600
42.000
43.500
42.800
43.000
42.000
42.200
43.890
44.270
46.500
45.270
47.000
43.800
43.880
40.350
39.090
38.360
38.440
39.220
40.830
45.800
46.480
46.490
46.380
46.370
47.400
44.370
41.640
41.320
43.570
40.880
41.200
39.900
41.500
42.420
39.650
40.490
39.940
41.490
41.170
41.400
42.250
41.800
41.480
40.450
41.140
41.010
37.350
36.160
36.880
35.150
32.410
32.590
31.250
28.680
27.500
29.280
32.430
35.830
34.780
33.030
33.980
32.660
32.990
32.400
31.350
30.330
30.960
30.970
30.400
30.790
29.400
29.360
29.980
31.400
34.220
34.370
32.880
34.420
34.960
33.990
32.830
33.380
33.180
31.980
31.780
34.500
38.960
39.500
40.960
41.770
48.210
49.200
48.870
49.940
50.250
51.400
50.890
51.850
50.660
51.190
50.300
52.280
53.150
48.960
48.880
49.700
46.890
43.920
40.890
41.010
41.110
39.650
39.850
41.090
41.490
44.550
46.800
46.890
43.200
42.800
44.320
40.700
39.090
39.980
38.570
36.800
37.070
36.470
35.000
35.000
33.710
31.270
30.990
29.810
28.760
28.370
28.400
29.350
28.950
30.000
27.690
26.280
27.550
27.600
27.820
27.720
26.860
25.400
25.560
25.700
24.160
23.630
23.000
22.380
22.500
22.660
23.000
23.940
23.390
24.200
24.000
23.150
22.990
20.900
20.470
23.290
23.250
23.900
22.870
20.790
18.900
19.060
21.220
22.200
22.580
22.830
23.980
24.260
27.250
31.300
32.600
31.990
34.280
34.290
35.260
34.680
36.280
34.490
33.980
32.300
30.700
30.770
30.000
29.750
30.950
32.650
31.990
32.540
36.500
37.880
36.300
36.500
36.780
36.450
34.710
32.490
30.330
27.570
26.150
34.020
34.050
38.000
43.430
42.740
45.990
48.770
54.180
54.740
54.650
58.270
62.890
60.800
60.300
58.980
59.800
58.700
53.950
52.580
52.600
54.450
54.690
56.960
56.950
54.190
52.250
55.700
57.580
58.000
55.240
54.250
51.280
52.360
48.100
48.800
47.900
48.650
47.710
46.800
44.260
42.000
42.490
43.670
44.380
44.100
45.320
44.650
46.300
48.560
46.770
45.220
47.480
44.580
41.110
39.170
39.000
39.580
40.370
40.800
39.500
38.990
40.880
41.240
40.160
40.600
40.200
40.150
39.820
38.750
39.600
39.300
37.950
38.480
38.550
36.320
36.450
36.220
35.040
34.250
35.180
35.750
36.570
36.570
36.950
35.630
32.500
33.790
33.870
33.980
33.090
33.200
32.250
32.280
32.220
31.370
31.120
29.760
29.490
28.940
29.360
29.860
30.550
30.500
30.400
30.860
31.000
30.970
29.570
29.950
29.780
29.850
30.250
29.800
29.100
27.370
26.550
26.420
26.180
26.150
26.780
27.360
26.720
26.590
25.980
26.210
25.730
26.150
26.170
26.250
25.470
26.450
29.140
29.310
29.750
30.180
30.800
30.700
30.490
29.960
29.710
30.980
32.470
33.400
33.880
34.500
34.670
34.330
34.160
34.200
33.970
31.800
32.490
32.550
32.550
32.860
32.940
32.970
33.800
34.170
34.030
34.110
34.200
34.610
34.830
34.980
34.510
33.480
33.220
33.690
32.620
32.250
31.270
31.510
32.740
33.580
33.800
33.820
34.090
34.300
33.990
35.090
36.560
36.830
36.930
37.100
36.580
37.700
38.210
38.500
38.260
38.660
37.530
36.990
36.070
35.950
37.330
37.940
37.400
38.180
38.250
38.200
37.000
35.800
35.670
35.390
35.880
35.200
32.870
32.840
33.670
34.180
33.880
33.960
33.950
32.960
32.850
32.960
32.800
32.990
33.180
31.830
31.600
29.680
29.280
29.990
29.700
29.510
29.280
29.260
28.970
28.500
28.390
29.000
30.400
30.490
30.740
30.980
30.610
30.710
30.880
30.960
30.900
31.260
31.980
31.690
