5.070
5.070
5.080
5.060
5.050
5.050
5.070
5.120
5.090
5.090
5.250
5.210
5.310
5.350
5.330
5.350
5.180
5.110
5.290
5.200
4.970
4.900
4.960
4.700
4.680
4.740
4.930
4.840
4.810
4.690
4.840
4.950
5.020
5.130
5.350
4.880
4.770
4.760
4.900
5.070
6.640
6.770
6.880
7.000
6.670
6.730
6.650
6.600
6.570
6.640
6.970
7.160
7.340
7.470
7.550
7.840
8.160
8.650
8.500
7.900
7.590
7.300
7.400
7.630
7.600
7.660
7.700
7.860
7.740
7.770
7.780
7.970
8.010
7.900
7.800
7.850
7.640
7.730
7.790
7.810
7.790
7.710
7.870
7.860
7.890
7.930
7.940
8.060
8.050
7.950
7.850
7.870
7.880
8.020
8.010
8.120
8.200
7.930
8.050
7.700
7.670
7.700
7.740
7.940
8.250
7.740
7.080
7.000
7.080
7.090
7.460
7.520
7.630
7.710
7.810
7.800
7.720
7.800
7.770
7.640
7.490
7.460
7.470
7.520
7.410
7.660
7.720
7.710
7.640
7.720
7.750
7.700
7.970
7.980
8.230
8.520
8.740
8.720
8.850
8.800
8.740
9.230
9.140
9.350
9.430
9.140
9.000
9.030
9.180
8.970
8.530
8.620
8.430
8.460
8.630
8.550
8.540
8.420
8.250
8.180
8.000
7.940
7.870
7.990
8.070
8.060
8.020
7.920
8.060
8.030
8.110
8.070
8.160
8.260
8.350
8.330
8.420
8.320
8.330
8.660
8.720
7.940
7.940
7.850
7.880
7.910
7.790
7.800
7.790
7.490
7.570
7.840
7.660
7.570
7.520
7.500
7.430
7.390
7.430
7.550
7.610
7.650
7.570
7.600
7.590
7.650
7.670
7.760
7.760
7.720
7.530
7.310
7.410
7.500
7.440
7.250
7.240
7.250
7.320
7.270
7.180
7.290
7.290
7.720
7.740
7.760
7.770
7.880
7.910
7.950
7.890
7.730
7.740
7.710
7.950
8.150
8.120
8.200
8.130
8.300
8.350
8.150
8.030
8.120
8.200
8.180
8.090
7.890
7.730
7.950
7.940
7.900
7.750
7.790
7.240
7.500
7.280
7.360
7.500
7.540
7.640
7.230
7.170
6.890
6.960
6.850
7.080
7.160
7.190
7.090
7.480
8.100
8.510
7.870
7.780
7.910
7.550
7.360
7.480
7.800
8.050
8.000
7.350
6.980
6.800
6.790
6.720
6.680
6.680
6.770
7.100
7.090
7.120
7.270
7.280
7.130
7.110
7.100
6.940
7.270
6.900
6.910
6.730
6.830
6.790
6.800
6.980
6.830
6.870
6.810
6.820
7.070
6.650
6.440
6.400
6.380
6.540
6.180
6.380
6.450
6.700
6.490
6.610
6.750
6.730
6.270
6.510
6.860
7.730
7.900
7.800
7.670
7.730
7.740
7.080
7.020
6.880
7.310
7.330
7.530
7.800
7.860
7.620
7.220
6.690
6.850
7.050
6.900
6.980
6.520
6.140
5.950
6.070
6.070
6.080
6.030
6.450
6.670
7.000
7.090
7.050
7.830
8.100
7.990
7.830
8.170
8.090
8.100
8.150
8.140
8.530
8.620
8.480
7.880
7.860
7.490
7.330
7.130
7.140
7.480
7.660
7.580
7.130
7.120
7.150
7.000
7.690
7.850
7.910
7.840
8.090
8.350
7.720
7.280
7.420
7.340
7.050
7.210
7.160
7.080
7.120
7.200
7.010
6.900
6.680
6.800
7.230
6.820
6.920
6.950
7.420
7.360
7.110
7.410
6.900
6.420
6.420
6.270
6.260
6.180
6.120
5.820
5.780
5.610
5.610
5.680
5.570
5.620
5.650
5.610
5.760
5.620
5.510
5.680
5.520
5.490
6.170
6.200
6.040
6.140
5.860
5.650
5.830
6.180
6.890
6.300
5.850
5.950
5.960
6.810
7.400
7.800
7.800
8.350
8.380
7.980
7.800
7.760
7.870
7.730
7.290
6.960
7.100
6.960
6.810
7.020
7.350
7.230
7.280
7.890
8.280
8.200
7.850
7.880
7.900
7.690
7.200
7.830
7.290
6.630
7.060
7.200
7.980
8.870
8.770
9.550
10.000
10.780
10.700
10.450
11.290
11.950
11.770
12.300
13.040
13.490
12.900
13.300
13.080
12.310
11.460
11.310
11.150
10.880
10.380
10.190
10.960
10.560
10.680
10.550
10.100
14.320
14.290
13.510
13.490
12.840
12.650
12.820
12.500
12.530
12.100
12.120
12.550
12.600
12.680
12.000
11.650
11.700
12.090
11.950
11.360
11.290
10.850
10.880
11.360
10.950
11.350
11.650
11.580
11.160
11.150
11.420
11.480
11.400
10.980
10.510
10.680
10.640
10.570
10.770
10.750
10.800
10.490
10.500
10.610
10.640
10.290
10.160
9.960
9.970
10.130
10.100
9.780
10.270
10.180
9.280
9.270
9.290
9.260
8.960
8.760
8.830
8.840
8.780
8.610
8.410
8.360
8.210
8.260
8.380
8.600
8.670
8.650
8.550
8.720
8.880
9.020
9.080
8.850
8.870
8.740
8.550
8.290
8.290
8.140
8.160
8.080
7.920
8.030
8.270
8.290
8.450
8.450
8.040
7.950
8.020
7.950
8.060
8.110
8.070
7.960
8.500
9.690
9.800
10.070
10.240
10.140
9.880
9.850
10.990
11.810
12.100
11.980
12.050
12.500
12.870
13.220
12.910
13.050
13.410
12.530
12.430
12.000
11.820
11.810
11.800
11.600
11.750
11.990
12.050
12.200
11.930
12.150
12.150
12.150
12.180
12.040
11.700
11.510
11.440
11.350
11.320
11.510
11.600
11.800
11.860
11.850
11.700
11.620
10.980
10.840
10.800
10.870
11.230
10.350
10.280
10.370
9.890
9.550
9.320
9.320
9.420
9.420
9.400
9.090
9.500
9.400
8.980
8.950
8.990
9.010
9.080
9.020
9.020
8.500
8.420
8.360
8.420
8.490
8.420
8.620
8.940
9.260
9.380
9.190
9.300
8.550
8.440
8.060
8.000
7.900
7.800
8.000
7.920
7.860
7.340
7.150
7.250
7.350
7.030
7.040
7.090
7.150
6.680
6.610
6.480
6.490
6.570
6.450
6.500
6.390
6.540
6.440
6.460
6.280
