20.000
19.720
19.800
19.710
19.670
19.750
19.660
19.960
19.720
19.880
20.200
20.300
20.050
20.350
20.360
19.980
20.000
19.830
20.100
20.640
20.860
20.650
20.660
20.080
20.040
20.500
20.520
20.160
20.260
19.790
20.100
20.600
21.100
21.710
22.260
21.500
21.190
21.450
21.150
62.870
61.890
62.890
60.800
59.110
59.020
60.000
61.000
58.590
58.150
58.390
58.010
60.990
61.250
61.100
61.130
64.000
64.590
64.380
63.780
67.230
70.490
69.530
69.770
69.000
68.200
69.100
69.670
71.420
72.200
73.850
73.010
74.240
75.700
74.700
74.890
73.550
74.720
74.450
72.350
70.650
72.370
75.000
81.990
75.000
71.160
73.350
71.800
72.330
69.400
67.700
65.800
66.400
63.680
63.750
63.440
63.990
64.680
64.970
64.190
64.740
64.300
65.000
65.180
65.380
66.300
63.610
61.600
62.910
61.480
60.800
62.350
63.400
62.500
66.220
70.700
72.000
73.780
74.200
72.600
74.990
73.470
72.000
70.200
70.000
70.250
71.150
71.050
73.000
75.790
76.000
76.090
77.000
76.880
71.900
69.290
70.900
70.700
75.000
76.490
79.310
80.030
81.340
80.000
81.660
79.850
79.580
79.680
81.180
80.750
81.490
77.690
77.250
76.940
74.740
75.900
77.990
76.100
76.700
77.520
75.300
73.830
74.210
73.940
74.000
74.000
75.620
72.100
78.900
77.510
77.930
75.300
73.810
72.010
72.150
71.480
73.000
69.100
69.000
68.700
69.000
67.860
65.800
65.290
64.610
64.240
65.900
66.000
66.500
66.000
65.900
63.990
63.900
64.200
64.250
66.090
66.800
66.010
63.710
64.500
63.000
62.800
62.580
62.390
61.510
60.810
61.600
60.920
60.890
61.200
60.660
62.690
61.530
61.200
58.260
58.330
59.910
59.310
59.380
58.410
59.000
57.550
57.880
57.040
57.160
57.490
58.180
62.600
61.680
63.120
63.880
63.000
63.980
63.190
63.400
63.800
63.420
64.800
63.000
68.010
67.070
68.510
63.000
62.830
60.830
60.450
59.770
60.500
58.450
56.900
57.460
57.880
56.000
58.870
57.190
57.290
57.700
55.280
56.300
59.350
60.310
60.670
61.600
61.080
60.990
62.710
56.270
55.510
57.310
56.280
57.000
58.000
56.670
55.300
56.400
58.010
57.000
55.800
56.800
56.000
60.910
61.410
65.660
68.800
69.190
68.520
66.850
64.300
65.500
66.620
65.000
63.800
62.780
67.050
71.220
71.720
71.880
71.870
71.000
70.400
70.850
70.340
68.990
71.000
71.720
68.200
69.000
71.500
69.880
68.270
70.880
71.000
77.240
71.700
72.440
75.000
66.200
59.760
61.380
60.000
56.000
53.410
55.100
55.390
56.000
54.090
58.710
58.020
54.020
52.900
56.280
59.300
64.850
65.500
67.580
64.880
62.900
64.000
59.500
52.800
51.500
57.450
55.900
55.200
53.540
56.800
51.220
55.000
56.800
60.010
61.880
65.000
66.800
67.960
64.980
60.200
63.140
57.700
64.500
64.800
68.540
73.000
77.600
75.000
69.020
83.180
88.880
93.400
93.110
93.600
92.330
92.900
95.900
97.460
102.300
102.500
100.200
100.900
98.070
95.330
99.490
105.800
109.570
106.900
101.880
102.000
94.010
96.940
104.000
104.410
111.660
125.500
105.210
105.800
114.000
111.000
98.000
95.800
94.200
81.200
83.500
79.060
82.940
75.490
68.630
62.390
56.720
51.560
46.870
42.610
38.740
34.100
32.890
30.330
26.140
30.600
33.750
34.050
32.870
35.180
37.100
36.760
39.000
40.000
37.070
34.950
35.350
34.800
35.080
37.030
37.650
36.300
35.980
33.240
31.700
34.000
30.590
29.500
28.550
29.180
28.240
27.540
27.260
26.780
27.400
26.120
26.080
26.190
25.490
24.860
24.120
24.710
25.970
26.000
26.110
25.490
26.780
26.500
26.630
27.500
27.300
26.130
25.940
25.660
25.730
28.360
28.050
28.840
28.280
29.010
28.490
28.470
26.850
24.950
24.560
24.880
25.050
24.660
23.400
22.900
23.300
23.150
23.250
22.670
21.920
22.070
21.920
21.310
21.170
21.400
20.840
20.730
21.160
21.220
20.660
20.670
20.530
20.320
20.110
20.370
20.460
20.400
20.330
20.550
19.910
19.640
19.510
19.770
19.970
20.300
20.350
20.100
19.980
20.500
21.200
21.490
21.670
21.330
21.850
21.000
20.790
20.280
20.300
20.610
20.500
20.550
20.150
20.050
20.390
20.760
21.050
20.500
20.210
20.030
20.010
20.540
20.500
20.550
20.190
20.220
21.050
21.170
21.010
21.480
21.700
20.950
20.780
20.660
20.020
20.740
20.750
21.690
21.660
21.550
21.280
21.190
21.450
21.330
21.250
21.130
21.100
20.910
20.500
20.530
20.580
20.620
20.310
21.600
21.060
21.800
21.060
21.400
20.620
20.570
20.840
20.530
20.520
20.750
20.650
20.160
19.860
20.050
23.000
21.950
21.870
21.380
20.560
20.900
21.150
21.090
21.350
21.420
21.860
21.800
21.550
21.220
21.250
21.450
21.200
21.030
21.380
21.470
22.050
22.000
22.000
20.900
21.270
21.630
21.660
21.750
20.630
20.190
20.500
20.200
20.100
20.580
19.550
19.440
20.010
20.300
20.390
19.950
20.150
20.360
20.160
19.160
19.550
19.320
19.040
18.830
18.590
19.100
18.900
19.030
18.700
18.550
18.400
18.500
18.250
18.250
17.900
17.820
18.250
18.160
18.370
18.250
18.330
18.500
18.890
18.600
18.240
18.180
18.590
18.500
