0.310
0.010
-0.180
0.020
0.020
0.140
0.080
-0.170
0.140
-0.060
0.030
-0.100
-0.270
-0.270
0.170
-0.330
0.440
1.160
-0.800
-0.230
-0.170
0.090
0.090
-0.150
-0.420
-0.300
0.310
-0.130
0.350
-0.150
-0.250
0.070
0.550
0.050
-0.530
-0.010
-0.030
-0.150
-0.120
0.700
0.370
0.110
0.010
-0.620
0.100
-0.510
-0.760
0.200
-0.230
1.290
0.390
-0.110
0.000
0.300
-1.250
-0.110
-0.140
0.130
-0.010
-0.080
-0.200
-0.030
0.070
-0.130
0.060
0.090
-0.090
-0.070
0.090
-0.020
-0.130
-0.150
0.030
0.030
-0.060
-0.200
0.670
-0.190
0.150
-0.010
-0.010
-0.080
-0.270
-0.120
0.000
-0.150
-0.010
0.210
-0.170
0.050
-0.060
0.260
-0.120
-0.170
-0.050
0.020
0.060
0.590
0.040
-0.090
-0.130
0.170
-0.660
0.000
0.000
-0.050
-0.090
0.080
0.000
0.030
-0.650
-0.140
-0.030
-0.220
0.120
0.110
-0.090
-0.160
0.010
-0.140
0.260
0.020
-0.460
0.470
-0.110
-0.140
0.100
0.010
0.040
-0.040
0.440
0.150
-0.400
-0.190
0.270
0.190
-0.230
0.130
-0.040
0.130
-0.260
-0.220
-0.050
-1.270
0.120
0.050
-0.510
-0.260
0.400
-0.110
0.380
-0.350
0.090
0.910
0.100
0.010
0.140
-0.130
-0.440
-0.060
0.120
-0.450
0.570
-0.300
0.560
0.280
-0.480
0.880
0.330
-0.370
0.150
0.030
-0.350
0.560
-0.080
-1.670
-0.200
-0.490
0.720
-0.070
1.530
0.150
0.930
-0.600
-0.010
0.110
-0.180
-0.110
0.580
0.550
0.620
-1.460
-0.510
0.950
-0.160
-0.290
-0.080
-0.090
-2.040
-2.000
0.630
-0.240
1.320
-0.050
0.010
-0.500
0.380
-1.240
0.520
-0.760
-2.720
0.730
1.420
0.660
0.260
0.880
-0.820
0.880
-0.960
-1.470
0.950
0.950
-0.460
-0.410
1.920
-0.700
-0.900
0.470
1.000
0.970
-0.320
1.050
1.560
1.300
-0.660
-0.100
1.210
0.060
-0.490
-0.370
0.150
0.600
-1.970
-0.170
1.180
1.180
-2.070
-0.870
-3.310
-0.910
0.490
0.660
0.710
-0.830
1.750
1.450
0.660
-0.920
0.440
-0.230
1.140
-0.080
0.560
-2.990
0.560
-3.410
0.770
2.110
-2.620
-0.220
1.540
0.900
-0.670
1.910
-3.380
0.010
-3.750
-0.650
-4.240
1.290
1.770
-4.370
0.910
1.590
1.320
-0.680
0.890
0.390
-1.950
0.110
-0.680
-0.500
1.180
0.830
0.070
-1.210
-0.720
1.190
-2.100
0.760
1.420
-1.010
1.040
0.630
-2.330
2.040
-3.980
-3.010
2.190
-1.260
4.230
3.850
3.500
1.140
-0.220
0.770
-0.940
-0.920
0.510
0.150
0.530
1.970
-0.750
1.750
-0.150
0.050
-0.410
-0.390
-1.900
2.640
-0.060
2.840
1.120
-3.030
0.890
0.190
0.240
0.740
-0.940
-0.070
1.760
2.500
1.180
0.320
0.000
-1.080
0.720
-1.450
-0.140
0.260
-0.400
0.890
1.480
-0.770
2.210
-2.430
-2.720
0.110
-1.140
0.660
1.600
0.160
1.280
-2.730
-0.710
2.550
1.930
-2.610
-2.900
-3.220
-3.350
0.430
0.650
-3.830
-0.070
-0.930
1.770
-0.510
-0.580
2.110
1.660
-0.600
-1.050
3.090
-3.650
-0.190
-1.850
2.550
1.510
-3.900
1.660
0.230
-0.100
1.210
-0.360
2.300
1.130
-3.660
-0.630
3.380
3.080
2.800
-0.510
-3.160
2.120
0.500
-1.210
2.750
1.730
-2.860
-3.180
-3.530
-0.440
-2.650
-4.260
-3.340
3.090
0.750
-3.880
-1.500
1.600
0.710
7.470
-4.810
2.080
-5.470
1.860
5.160
2.000
-1.160
-8.340
-3.290
1.680
4.080
1.830
1.900
0.960
0.110
0.630
-1.320
-7.380
3.980
0.240
3.760
3.950
-5.100
0.570
-5.370
-9.130
8.300
4.020
2.770
6.930
0.580
0.390
6.210
3.970
-4.470
-1.400
-2.200
1.430
1.980
-0.610
4.160
5.390
-2.700
-0.350
1.970
0.630
2.450
-0.940
-0.210
-0.600
3.600
3.650
-2.250
0.800
1.660
-0.160
1.690
-0.870
1.180
0.500
-2.200
0.010
-0.510
-0.550
-3.260
0.910
0.920
-1.740
3.990
0.050
0.000
-2.420
1.700
1.440
-1.020
2.960
1.610
-0.490
2.280
-4.650
-2.870
4.480
-1.380
4.200
1.740
-0.830
0.420
1.370
3.580
-0.040
0.650
1.770
1.170
2.930
0.710
0.410
0.010
-0.730
-0.080
0.260
-0.660
1.800
-0.530
0.730
-0.050
0.450
-1.040
-2.240
0.340
-0.830
1.610
1.080
0.240
1.020
-1.360
-0.760
-1.710
0.580
-0.290
0.320
-0.470
-0.360
0.020
-0.480
0.410
-0.020
2.810
-0.300
0.680
-0.160
0.270
0.720
-1.390
0.320
-0.920
-0.430
-0.700
0.090
-0.480
1.230
0.310
-0.310
-0.120
0.220
0.710
-1.100
-0.780
0.350
-0.220
-0.830
0.100
0.130
0.080
-0.590
-0.750
0.160
-0.140
-0.480
0.050
1.170
-0.040
-0.660
0.360
0.260
0.260
-1.230
1.090
-1.750
-0.310
3.020
2.750
