71505.20
46910.30
49905.09
78189.85
60088.79
65841.88
86691.66
143186.03
112944.63
53666.71
17892.70
22653.14
48715.97
18359.40
49772.30
14879.80
19225.48
5562.72
8360.85
10376.10
6871.00
16078.11
5101.25
7009.37
6542.58
13985.00
11348.87
5378.08
11439.62
7772.95
7630.96
6532.50
5834.93
22763.46
9206.00
14687.50
14185.36
12016.60
12056.02
8887.58
6336.02
19478.04
8651.70
33390.93
46619.05
37971.03
24338.20
29101.76
48381.80
29741.01
30237.00
21390.20
10673.00
27006.45
27200.18
45186.44
12835.50
27602.57
41657.86
4886.54
16897.47
13714.08
32921.81
8972.17
18803.98
14462.52
10871.30
9563.42
22615.24
62102.93
28979.19
23547.87
11732.10
17324.66
10447.58
19108.50
13944.21
10450.89
31805.28
39686.11
63548.79
37123.53
19068.66
25567.51
13215.57
7645.66
8033.06
6101.43
10206.29
4061.32
6864.94
13831.62
14668.24
22950.30
29049.91
13311.94
30372.85
39954.88
33198.78
83882.94
27253.65
77578.03
43279.53
9294.54
33079.49
13944.00
32045.08
53971.44
70736.00
12342.88
38116.94
25868.42
40343.10
34788.63
26426.34
13293.51
30330.20
9358.33
14348.03
25000.12
15058.55
45657.22
27679.74
9861.45
10293.00
24449.06
14406.40
20720.21
34738.08
16723.09
10302.95
15412.59
25940.05
9423.98
13928.07
20387.86
33458.74
26176.23
41345.02
14832.74
17758.29
33616.63
18728.08
17858.52
26164.53
34149.50
53161.96
30975.25
43044.00
49675.25
25566.88
54658.53
59276.06
36006.86
36358.66
67032.59
69640.90
87301.92
57505.56
42211.21
52440.81
88650.98
104085.51
72445.42
135596.64
115045.73
97335.37
19876.50
49591.71
26700.61
12269.50
53206.57
35742.52
8509.28
21049.29
29724.90
39116.28
15458.97
65362.26
18311.25
11996.30
15286.56
12588.00
27021.10
35144.13
46505.96
47727.13
22268.63
28229.72
19108.06
15109.73
17024.50
29766.76
37335.59
15712.65
29102.53
28175.16
32288.68
48706.00
66719.90
57412.30
24687.52
13424.68
18761.22
54473.99
73675.66
12987.52
18532.50
22714.56
41100.93
17780.54
65153.77
18650.04
42872.91
35710.36
25561.00
20478.50
16999.84
21832.75
19795.52
67287.66
67647.49
56509.47
43051.88
39069.91
55815.18
39045.06
33688.87
38847.01
48273.17
51208.57
52757.34
30362.74
47432.22
66451.66
43337.23
39413.06
55402.23
76272.15
81342.05
115932.75
156198.73
22327.88
19509.60
23731.00
25756.78
44382.01
58288.44
38273.16
38830.05
51540.66
87753.35
45743.62
39060.64
41291.62
45080.05
52557.93
62553.89
74210.38
69163.64
87112.16
95685.46
133284.30
81081.04
51216.67
36355.17
24498.95
42255.52
55059.70
57807.39
43016.00
39807.40
28813.75
51316.93
28655.74
46098.11
31662.39
49765.70
46952.63
50996.23
45353.30
107948.33
84929.59
59472.96
64214.81
126123.36
228140.69
182406.88
189916.09
130612.44
129308.93
102665.42
76970.08
93070.14
108934.00
126034.85
50456.66
56484.07
48067.57
37950.18
31949.63
24917.06
37448.45
48618.51
29573.13
31945.59
40204.92
62095.12
32993.60
49790.33
38886.60
54244.52
17231.18
30223.89
14650.01
28431.30
25741.55
13081.43
17609.77
28317.92
82856.41
25064.59
30043.28
44581.89
20970.83
44357.91
40354.00
12633.73
20504.37
7547.50
6646.00
17749.26
11060.78
24691.85
14787.81
15165.91
2323.00
18459.42
47010.27
9662.37
13215.52
19549.98
26389.78
15789.01
6818.00
13009.77
10861.81
17283.84
14736.00
16141.24
26994.84
25634.24
16276.62
8511.53
10326.27
13553.20
14950.24
13312.48
21736.63
24519.13
32654.44
13599.26
21827.87
53121.38
36901.55
40206.00
27678.53
17260.43
16590.55
19155.34
18860.15
17466.86
21752.30
13034.52
17288.05
21418.30
21004.71
54651.79
43052.61
45498.13
86904.08
49811.61
52406.05
46583.96
52909.89
19637.06
22572.01
33970.03
18350.88
20412.73
296.60
10743.62
19381.48
19118.50
45433.86
78582.84
12117.90
18897.73
33302.49
42182.98
46578.04
44141.32
40694.75
34308.11
31969.82
54608.03
30048.50
30039.41
44762.26
67007.19
45642.96
38878.69
52998.14
57800.80
94250.25
45494.62
39129.00
65391.16
106020.00
111008.08
110656.86
41694.20
81165.35
36982.00
38232.07
52981.67
88822.33
88560.29
49395.59
38561.46
75501.08
79950.27
105200.59
194802.94
3172.00
43103.42
32295.76
46243.07
53162.68
70422.73
95991.43
148054.08
133127.69
60939.94
75342.24
98108.45
37066.60
48488.10
48176.48
25976.08
45884.78
61045.47
70668.96
88548.98
50568.12
61329.17
76916.49
112115.53
104721.06
54091.11
63796.00
41019.05
91483.72
55709.77
27722.87
50327.17
43231.50
33464.87
16000.14
18248.09
28765.91
13270.16
184.00
21575.61
14104.40
20529.79
20075.59
39559.80
55485.82
54626.24
76861.77
41270.41
29824.89
36848.96
37052.84
33831.34
21182.27
21566.13
26586.98
23564.51
27708.83
45087.95
55372.81
15990.34
15704.09
9904.25
8227.00
5700.39
7662.22
13421.21
15550.00
8467.09
7282.02
9582.51
12256.48
8233.00
9356.04
11319.01
10057.20
16751.95
13508.96
13236.65
19770.73
14971.55
10235.31
18079.71
13402.43
13871.18
10894.82
15375.31
14636.77
30132.19
25767.95
36510.89
27936.75
50080.50
36412.81
26581.74
19355.40
15860.54
13818.29
15082.07
19887.91
16618.12
12046.76
14153.62
11447.14
10800.28
16566.75
21627.25
32323.44
27370.72
18436.76
32330.76
20412.30
13670.29
19610.60
28071.15
23651.12
20195.58
16281.76
14261.84
9756.81
13280.88
16930.85
15473.81
14113.85
18520.66
18661.45
17488.44
26137.78
24296.71
13475.65
18379.31
22935.08
17244.67
17512.12
21127.03
22928.06
18497.15
28438.52
33568.17
9811.51
10541.64
10025.15
14926.34
29393.86
22259.95
14201.85
26649.08
16989.38
26818.29
11651.64
15480.40
13235.46
17189.11
9106.85
7775.03
8024.66
6535.95
12149.74
11906.62
19445.48
15299.62
22936.53
19894.97
19514.56
14086.56
26460.85
17803.39
10029.99
24022.38
22386.35
24409.32
14996.30
15541.34
14258.27
13727.77
11896.43
23392.15
15171.50
9081.42
6776.36
8723.66
8654.32
8538.98
7963.18
7449.02
7061.72
13070.06
16942.95
23706.68
20458.06
9448.80
12928.68
11990.62
