17.750
17.550
17.290
17.190
17.230
17.260
17.100
15.800
15.300
15.270
15.460
15.240
14.390
14.670
14.780
15.000
14.730
26.830
26.690
27.000
27.380
26.850
26.680
26.850
26.790
27.000
27.260
27.300
26.830
27.120
26.990
27.270
26.630
27.050
27.070
27.100
27.110
27.530
27.700
28.110
27.930
28.190
28.400
28.450
27.800
28.050
28.280
27.710
27.700
27.330
27.370
27.040
27.390
27.500
27.400
27.210
27.380
27.400
27.230
27.010
26.820
26.840
27.250
27.600
27.800
27.720
27.550
27.680
27.790
27.870
27.780
28.290
28.440
28.010
28.110
28.190
27.500
27.550
26.810
27.850
29.800
29.530
30.120
29.280
28.900
28.900
28.310
28.380
29.150
29.160
28.990
28.600
29.020
28.790
28.940
28.660
27.950
29.000
28.530
27.110
27.240
25.390
25.970
26.190
26.220
26.540
26.780
26.000
27.840
28.060
28.030
28.370
28.800
28.380
28.120
28.300
28.000
28.400
28.370
28.380
28.500
27.340
29.690
29.800
29.990
29.250
29.080
29.100
30.090
29.090
30.340
30.140
29.890
29.690
30.240
30.000
30.870
31.450
30.430
30.130
30.500
30.990
31.270
31.450
31.790
31.600
32.590
32.300
33.800
31.080
32.080
34.390
30.820
31.400
32.500
31.750
33.150
33.600
29.980
29.350
29.690
30.600
27.140
26.500
26.000
23.290
23.080
22.630
23.020
23.800
23.740
23.600
23.300
23.950
23.570
24.160
23.410
23.400
23.050
23.050
23.000
23.320
23.600
24.100
24.070
23.600
23.430
23.670
23.480
23.360
23.810
24.370
23.480
22.350
22.520
23.060
23.230
23.540
23.570
21.500
23.000
24.800
24.640
24.770
24.780
24.430
24.680
24.820
25.200
25.070
24.980
24.950
24.850
24.840
24.350
24.220
24.550
24.230
24.500
24.580
25.090
24.210
24.690
24.700
24.950
24.420
24.000
24.060
24.700
24.100
23.400
22.450
22.160
22.000
22.560
22.010
21.940
21.950
21.670
21.870
21.000
18.810
18.970
18.500
19.300
19.570
19.500
18.900
18.960
19.280
20.070
19.280
18.350
18.500
19.170
18.960
19.140
19.810
19.180
19.090
19.200
18.300
16.680
17.000
16.160
16.400
16.770
16.410
18.140
18.050
18.980
19.200
18.820
19.060
19.100
18.650
19.060
19.330
19.650
19.300
19.180
19.180
18.420
18.000
18.630
18.700
19.500
18.150
17.400
16.550
16.290
15.260
16.020
15.390
15.170
16.200
42.500
39.590
37.010
36.550
37.670
37.600
35.350
35.000
38.000
38.500
38.270
37.800
36.990
36.100
36.130
35.100
35.200
34.480
33.750
38.800
36.100
35.890
35.000
36.500
36.330
35.450
36.030
35.600
36.600
33.600
37.700
39.700
36.990
34.240
36.010
33.970
34.810
34.820
37.530
38.040
41.500
42.000
35.000
40.000
41.410
41.680
43.360
46.480
46.590
47.330
46.300
46.820
48.000
48.000
47.010
44.270
44.750
41.200
42.300
45.100
44.700
44.700
46.510
47.100
42.800
43.990
44.060
39.200
42.620
43.990
38.800
37.680
38.680
39.000
37.300
38.000
37.060
36.800
37.000
39.700
38.200
40.000
34.800
35.500
38.640
32.600
31.100
30.850
27.950
27.980
28.120
26.800
25.820
25.960
25.350
25.680
24.800
25.300
25.300
23.500
23.670
24.950
23.150
23.120
24.080
22.020
21.480
23.880
24.190
22.140
22.390
21.600
22.000
21.750
21.000
22.520
22.550
20.760
20.150
19.610
21.790
25.500
27.010
23.480
23.990
23.500
22.270
20.800
21.010
22.810
21.650
21.510
20.630
21.300
21.190
21.130
21.110
21.830
24.250
27.330
26.030
27.760
28.850
28.810
28.200
27.380
24.420
24.000
24.000
22.400
21.420
21.900
22.800
22.570
23.030
22.800
23.440
22.200
21.860
22.340
22.290
21.770
21.230
20.710
21.490
21.520
21.460
22.440
22.450
23.470
25.190
25.100
25.000
24.700
22.770
22.960
23.260
22.550
22.610
22.700
22.810
21.540
22.000
21.350
19.620
20.260
19.840
19.470
18.700
18.770
18.430
18.530
18.680
18.160
18.250
17.790
16.140
15.400
15.230
15.280
15.280
15.350
14.850
15.450
15.800
15.840
16.130
15.860
16.110
16.100
15.990
16.810
16.920
16.450
15.750
15.260
16.590
17.040
17.030
17.500
18.040
17.900
17.720
17.350
16.680
17.650
18.170
19.510
19.800
21.200
18.740
18.280
18.050
18.080
18.130
18.080
18.180
18.000
17.850
17.660
17.460
17.220
17.420
18.120
16.920
18.000
18.000
17.860
17.280
17.490
17.630
17.060
16.720
16.670
16.470
15.780
15.530
15.500
16.050
16.430
16.860
16.370
16.760
16.900
16.680
16.280
16.460
16.400
16.730
16.490
16.200
16.260
15.860
15.970
15.970
15.190
15.400
15.190
15.100
14.780
15.530
15.110
14.900
14.770
14.700
14.360
14.320
14.240
14.200
14.130
13.800
13.510
13.680
13.620
13.970
14.150
14.010
13.830
14.130
14.100
13.860
13.820
13.620
13.560
13.620
13.590
13.420
13.580
13.480
13.460
13.270
13.320
13.380
13.220
13.240
12.950
12.780
12.800
13.180
13.140
13.100
13.080
13.180
13.310
13.480
13.290
13.010
12.890
13.140
13.080
