-0.320
0.390
0.130
0.410
-0.270
0.850
-0.450
-0.120
0.460
-0.230
-0.880
0.020
-0.380
-0.010
-0.380
1.240
-0.050
0.590
-0.320
-0.180
0.040
0.520
0.340
0.430
0.850
-1.400
-0.080
-0.180
0.380
0.280
-1.120
-1.080
-0.140
-0.050
0.220
0.590
0.100
-0.600
-1.380
-2.940
0.470
0.560
-0.080
-0.400
-0.690
-0.540
-0.290
0.810
-0.200
1.090
0.240
-0.890
1.520
-0.940
-0.780
-0.930
0.550
1.150
-0.670
0.940
-1.070
-0.020
0.000
0.800
0.200
-1.570
-0.840
-0.460
-0.810
0.130
-0.020
-0.780
-0.050
-0.160
0.020
0.200
-0.290
-0.560
-0.090
-0.120
-0.180
-0.440
0.000
0.610
0.430
-0.580
0.060
0.200
-0.660
0.540
0.090
0.140
0.800
0.080
-0.210
-0.030
-0.680
0.140
0.670
-0.490
0.300
0.470
-0.480
0.350
-0.310
0.930
0.310
-0.010
-0.280
-0.100
0.890
-0.610
0.320
0.960
-2.850
-2.650
-0.530
0.130
-0.530
0.190
-0.790
0.070
0.390
0.000
0.450
-0.260
-0.540
-0.110
0.470
-0.270
0.100
0.160
0.210
-0.630
0.700
0.490
-0.230
0.000
-4.550
-0.910
-0.610
0.380
-0.170
-0.190
-0.780
-0.320
0.640
-0.520
-0.240
0.290
-0.600
-0.530
0.940
0.060
-0.130
-0.730
0.270
-0.070
0.400
0.310
0.500
-0.930
0.110
-0.110
-0.370
0.170
-0.600
-1.080
0.890
0.090
-0.080
0.430
-0.630
-0.240
-0.610
0.660
-0.730
-0.260
2.120
-0.480
0.560
1.600
-0.190
-0.030
-0.200
0.790
-0.080
-0.390
0.590
0.100
-0.280
0.070
0.150
-0.150
-1.520
-0.580
0.740
-0.420
1.030
-0.180
0.110
-0.480
0.310
0.030
-0.070
0.060
-0.930
-0.200
0.080
-0.380
-0.120
-0.250
-0.230
-0.370
2.330
0.510
-0.790
-0.600
0.500
0.490
-0.670
0.400
0.080
0.340
-0.340
-0.440
-1.200
-4.530
-0.090
0.980
0.950
0.020
-0.250
0.700
-0.370
-1.390
0.240
-0.770
2.720
-0.270
0.240
-0.970
0.090
-0.420
1.470
-1.530
0.810
-0.820
0.530
2.210
0.630
-0.600
1.530
-0.570
-0.540
0.800
-0.930
1.970
-0.610
-5.620
1.240
-0.880
-0.870
0.930
0.850
0.990
4.900
-0.550
-0.880
1.620
0.840
-1.370
0.150
1.040
0.840
-2.450
1.620
0.970
-0.270
0.330
-0.850
0.210
-2.920
-3.300
0.680
-0.080
2.050
-0.890
1.220
-1.540
0.960
-1.820
1.530
-2.770
-5.140
0.610
-3.820
0.030
0.110
0.470
0.550
0.160
0.920
-2.430
-1.660
3.470
-2.080
-1.240
4.090
0.470
-0.670
-1.230
-2.480
5.670
-2.150
5.390
5.060
4.600
-1.090
-1.510
3.410
0.100
-0.720
-1.630
0.200
3.020
-3.260
-0.160
2.100
1.330
-4.450
0.320
-5.370
-0.850
-1.290
0.630
1.000
-0.070
0.250
3.600
-0.730
-1.170
1.580
-0.290
2.620
-2.410
2.640
-3.840
-1.430
-5.940
-0.130
0.510
-2.750
-2.170
2.010
2.000
-3.160
5.460
-1.630
1.230
-6.150
0.690
-7.040
2.810
-4.300
-8.000
-2.510
1.500
-0.500
-0.030
-1.470
-1.170
-4.870
-0.210
-1.720
-0.180
2.810
-3.170
3.530
0.990
4.950
1.840
-1.310
-3.860
2.420
-3.540
4.370
-1.470
-1.380
-1.550
-7.230
-6.230
5.340
5.440
-3.030
0.630
3.650
-1.850
-5.200
3.980
-4.280
-3.540
0.860
-0.470
8.950
3.150
1.100
7.750
1.060
-2.040
0.010
0.590
-5.840
1.290
0.380
-1.240
3.020
-8.920
4.590
-2.400
7.390
4.010
3.400
0.760
4.060
0.380
6.090
0.390
-1.990
1.300
5.600
-4.900
0.600
0.010
3.420
5.170
2.450
-1.340
4.600
-5.110
-5.680
2.480
-2.740
5.190
3.650
2.000
-4.710
-5.660
-6.290
5.450
1.880
-6.170
-6.860
-7.620
-6.860
-3.010
7.820
-8.690
5.870
2.420
7.150
-5.540
0.210
6.680
6.380
-1.680
-0.110
5.960
-6.620
-3.940
-7.780
7.080
-7.870
-8.740
-5.580
5.030
-1.550
8.140
7.400
6.730
1.530
-7.310
6.640
6.040
-6.710
-7.450
-8.280
-9.200
3.130
-9.880
-10.970
-12.190
-2.170
8.110
-2.810
-13.200
12.000
-4.540
-13.840
-0.110
-4.260
5.630
-3.730
-15.650
6.150
-12.660
-4.990
11.410
14.240
11.150
-10.360
-7.890
7.100
-10.000
-0.950
-8.230
-4.470
0.670
15.030
5.300
-14.190
-11.550
15.520
14.110
12.830
11.660
10.600
4.020
1.900
9.100
4.800
-5.570
-0.400
-5.510
5.180
5.540
7.900
-7.740
-4.150
-1.570
-6.480
9.000
5.350
-0.360
-2.040
-1.010
-1.920
8.180
7.440
0.060
5.940
-7.600
6.910
6.280
5.710
5.190
4.720
2.270
3.990
-0.920
5.110
5.900
0.700
-5.910
2.790
-2.740
3.090
-1.110
-4.130
2.120
2.630
-0.490
-4.410
3.850
-0.420
7.710
6.730
-0.090
-2.830
-2.700
1.600
6.540
-7.540
-1.200
4.000
6.600
-1.460
6.130
-0.450
0.090
5.610
3.380
-1.700
1.420
2.490
4.590
-1.590
0.800
-4.190
-4.990
-1.720
1.090
-0.940
-5.480
-6.990
-2.090
6.420
0.920
-0.870
5.960
5.420
-3.650
1.540
-6.250
-6.940
-3.850
4.360
0.910
-1.130
4.170
5.910
0.090
2.090
3.140
4.890
-0.790
0.960
0.730
3.090
3.850
-0.470
-2.510
0.360
-4.850
0.990
0.510
-0.490
0.080
-2.090
4.140
1.540
-1.380
1.510
0.580
0.210
-0.430
0.120
0.260
-0.410
-0.030
-1.610
1.550
0.180
-0.900
-0.130
-2.990
2.350
4.090
-0.980
2.770
4.310
-0.280
-0.590
2.170
1.800
-0.210
-0.910
-0.450
-0.810
3.050
0.360
0.480
0.960
1.300
-1.170
0.120
-1.000
-0.700
1.700
-0.320
-0.830
-1.350
-0.100
2.960
0.240
-0.550
-0.600
2.650
0.650
3.140
2.860
