61656.80
140907.59
59361.01
54519.69
84473.84
120684.01
36021.38
44633.56
85170.96
97277.51
33577.53
50934.78
81162.73
146188.23
48888.48
48145.26
50041.46
80565.13
94904.07
78851.30
121985.38
149203.00
132181.84
204404.52
240526.09
107031.10
167636.86
85659.05
46267.25
80789.98
37857.04
46276.22
67939.44
86062.38
53056.15
70149.90
62699.42
64839.86
108756.18
65943.13
78929.21
79726.36
62352.88
63779.04
57862.65
53765.56
55094.53
69191.60
75230.03
57197.21
57423.44
48784.09
56705.24
54962.01
91000.22
78353.34
56752.02
48204.66
55870.24
45954.99
58707.81
49913.51
67048.59
95899.77
50064.80
38805.20
45499.93
69947.14
29749.56
33.00
35652.69
49880.69
45481.49
68914.10
40140.64
38839.85
37057.89
61550.12
85412.49
48690.17
51782.15
69215.71
77130.94
83720.31
179246.95
107264.10
180042.50
95427.59
119094.47
243254.41
212180.09
235141.08
205295.41
95941.02
84141.04
74507.24
67002.25
84655.75
102693.85
142701.58
192629.98
187524.05
265449.25
429338.59
103109.04
110232.22
168972.27
104495.09
133561.59
165186.20
208590.36
178845.20
218723.59
289692.31
82375.10
89482.66
148254.80
120141.75
131808.56
273204.78
137592.44
127504.15
181724.05
109994.18
169996.64
320590.25
468916.38
397110.75
285539.12
136293.97
123588.08
142034.84
215918.94
226465.66
222872.19
182173.69
163376.27
161714.73
229855.39
157162.44
99038.00
140712.77
109698.83
123864.12
281278.28
369871.50
134645.52
149591.41
157839.42
216485.88
252775.56
323877.19
202464.77
302478.22
355247.75
288719.56
369191.84
358196.72
354619.34
254067.56
238052.73
299950.72
241124.62
345068.56
233715.52
224280.05
214727.42
332728.91
476612.31
410208.91
65599.66
97962.83
140973.45
174294.80
113295.12
148025.41
115041.11
125557.01
123399.79
166339.16
120320.04
71146.14
102508.83
108649.72
74159.87
141120.62
100452.85
81736.22
97673.31
181973.42
150687.28
143897.64
252195.95
193601.02
140395.80
229239.31
119078.63
151736.58
149329.30
196693.22
271515.00
247527.75
207375.27
108085.10
70230.85
113890.35
74941.59
109158.07
100492.52
123379.96
59496.75
101919.14
142568.25
89695.61
102015.31
141067.20
100061.81
180453.19
230487.14
231605.56
513364.53
619724.88
264757.03
98464.34
93516.28
91146.00
139169.12
91097.29
64019.73
44339.70
69363.51
136396.97
55489.46
62694.06
55156.19
74802.94
43272.77
63489.63
57150.34
52078.11
478.00
45569.50
47679.98
52402.62
69008.46
57169.38
38585.39
64047.88
39531.02
23858.16
40563.53
36417.02
29284.65
42817.11
29789.37
52927.03
52539.87
48032.77
44671.62
49495.55
15602.17
21767.00
19912.02
22654.62
39796.60
41899.58
26355.18
28795.61
31298.36
36280.70
61201.00
55517.20
39177.87
41652.56
63885.56
55049.34
61250.51
58263.64
101352.67
42798.85
43438.89
53027.04
34091.65
35478.11
46511.85
63442.65
68686.28
58249.79
81964.49
1877.29
87462.61
82818.86
46037.33
50308.52
56669.25
63653.86
48386.75
23757.23
22316.07
21878.44
31556.35
41164.99
32260.93
26339.73
27970.53
39266.18
40742.21
18047.76
27993.81
34293.02
39123.01
33251.63
30866.05
48922.14
48313.07
33609.14
46124.80
55355.18
45601.16
33721.23
38799.57
31771.70
25007.95
32725.07
30477.55
18191.50
26830.35
43937.56
57745.47
46490.10
38484.10
25017.90
28339.36
29652.63
34069.35
44095.11
50936.25
24234.08
20798.34
30358.44
30702.57
18147.86
16456.60
17898.06
22937.64
24276.47
18039.10
37746.62
30997.26
34823.24
23306.20
26571.88
22585.88
20471.17
13569.40
23224.11
25846.08
20058.25
25213.39
28174.50
22338.81
26483.24
35363.40
30963.13
34522.48
55441.11
28548.03
27153.43
29593.02
34225.63
26394.75
30781.08
19425.91
26055.40
30194.43
45210.88
47368.59
37141.75
50929.49
23792.77
22278.53
14850.48
397.07
15829.80
18212.99
12465.11
12632.67
6388.55
8665.67
8572.83
14842.61
12779.82
20307.08
42755.25
28905.92
30633.85
11794.86
13804.97
20914.98
21193.84
47904.29
19949.08
19959.03
21993.81
21870.47
54950.43
18100.65
17658.53
20013.39
18797.28
12764.17
15827.48
21077.22
12108.64
15756.36
22834.60
14759.65
31141.06
51074.22
65135.03
35219.50
64722.03
30534.86
27493.23
16693.53
26678.06
17780.31
18104.09
11079.33
12804.07
30299.16
11251.82
25406.90
56496.80
59919.40
9148.95
15639.83
9753.58
18792.82
12335.84
11589.93
52956.83
16486.56
13388.34
25383.61
37325.82
16481.25
9862.51
12639.54
10191.15
12108.18
10643.19
12284.27
28845.72
36647.71
69439.94
15682.63
17161.23
15217.97
17703.42
17552.61
26824.55
15455.55
18802.48
26808.41
25637.34
24628.96
19154.85
10642.73
10288.70
18870.73
30431.18
22941.24
21160.30
45373.40
25671.34
17909.99
19130.91
20193.80
22129.78
16592.78
20606.15
17196.33
34010.36
17812.31
29314.11
24122.22
20814.13
28281.83
19189.88
35951.43
45570.09
22116.79
33552.27
28400.79
46270.92
25971.33
22249.53
33526.57
20648.88
26845.58
13278.62
26684.57
25100.08
24951.30
19972.81
23190.37
12128.81
15213.68
22237.15
22186.64
21150.57
21024.15
29594.36
90014.90
32114.33
35937.78
45333.59
50587.41
76410.55
67464.16
