32.100
32.800
32.700
33.510
33.560
33.640
33.880
34.980
34.900
34.110
33.600
33.340
34.510
34.960
35.120
35.190
35.200
35.240
34.940
35.300
35.320
34.290
33.290
33.280
33.400
33.450
33.160
33.250
33.250
33.450
33.390
33.300
32.250
32.160
32.420
31.350
31.290
31.280
31.440
31.950
31.800
31.550
31.680
32.100
31.700
32.000
32.420
32.990
31.500
31.660
31.670
31.500
31.280
31.290
31.200
31.280
31.470
31.120
30.950
31.140
31.090
32.350
33.150
33.700
33.150
34.000
34.280
33.740
33.600
33.480
33.150
32.970
33.130
33.600
33.860
33.500
33.330
32.920
32.620
32.430
32.980
32.350
31.830
31.570
31.350
33.030
33.150
33.510
33.330
33.310
32.260
32.580
32.870
32.790
33.200
33.490
33.290
33.000
33.500
32.800
32.490
32.100
31.450
31.630
31.450
32.880
33.000
31.850
31.800
30.980
30.600
30.920
30.300
29.540
29.650
29.700
29.990
30.370
31.000
29.960
30.200
30.200
30.480
30.200
30.150
29.880
29.940
30.100
29.900
29.290
29.330
28.980
28.910
29.600
29.740
29.780
29.550
29.950
30.450
30.500
28.650
28.670
29.290
29.290
29.830
29.690
29.140
28.460
28.360
28.700
28.670
28.980
28.860
28.700
29.190
29.990
30.200
29.290
29.190
29.750
29.960
28.880
28.210
28.580
28.800
27.800
27.600
28.050
28.280
27.950
27.700
27.980
28.430
28.990
31.140
30.950
31.290
31.250
31.520
32.140
31.940
31.990
31.870
32.100
31.590
31.800
32.400
33.670
33.000
32.750
32.750
32.330
32.720
33.500
34.340
34.020
33.200
33.700
34.180
33.570
35.880
34.980
34.440
35.350
34.110
31.280
34.200
35.450
34.160
31.500
30.290
29.700
29.970
28.930
28.370
28.890
31.000
28.900
28.980
28.500
28.450
28.990
27.600
28.970
28.200
26.970
26.050
25.450
25.440
25.990
28.300
28.350
28.320
28.590
27.360
25.300
26.000
24.800
24.500
24.550
25.460
27.140
27.290
27.390
26.960
26.740
26.980
26.890
26.180
26.100
27.200
28.000
26.360
24.290
24.650
24.470
25.360
26.300
26.200
28.980
31.090
31.220
30.980
32.500
32.170
31.280
31.780
31.850
31.790
30.760
30.910
28.990
28.950
28.470
30.100
31.720
29.430
29.440
28.000
29.500
31.200
30.580
29.950
29.590
30.680
29.780
30.200
31.810
30.270
32.800
31.540
31.800
32.000
29.800
28.880
29.680
28.030
25.900
26.500
27.500
27.890
29.000
29.300
30.130
27.390
25.400
27.120
27.500
27.570
26.490
26.200
25.950
25.480
23.670
21.520
19.560
17.790
17.780
17.170
16.600
17.670
18.100
18.500
17.380
15.950
15.770
16.300
15.260
14.740
17.280
17.450
17.950
18.220
16.800
16.640
16.950
16.500
17.760
17.950
16.860
16.790
16.510
19.500
22.520
23.350
23.780
25.900
25.360
25.980
25.510
25.680
26.210
26.350
25.500
23.510
22.600
21.780
21.200
21.950
23.400
22.650
22.990
25.500
26.920
26.700
26.900
26.600
24.960
22.800
21.820
24.110
21.920
24.000
24.970
28.240
27.500
30.470
31.780
36.520
37.200
38.780
44.100
44.300
44.000
42.680
43.520
47.000
45.130
44.000
44.500
46.000
46.050
43.580
40.060
36.900
34.430
31.530
33.400
34.400
33.800
33.600
34.210
33.060
32.450
30.800
29.500
29.340
30.000
30.140
29.500
28.800
26.930
27.980
29.150
29.460
30.050
28.930
28.990
29.240
30.800
31.640
28.860
26.280
25.360
25.700
25.550
24.340
25.390
26.310
26.470
26.310
26.900
27.790
26.650
26.650
26.900
26.370
25.000
25.100
25.430
27.300
27.500
25.960
24.100
24.500
24.550
23.960
24.150
22.070
21.990
24.200
22.000
21.570
20.470
40.940
37.220
33.840
31.850
31.840
32.000
32.720
31.310
30.390
31.680
32.300
33.680
33.490
32.310
32.480
32.490
34.300
35.820
36.040
36.000
34.750
33.500
31.990
31.730
31.490
31.740
31.800
33.860
32.480
32.320
31.180
31.350
32.330
31.930
31.790
32.370
32.850
31.000
29.900
29.700
29.790
29.380
28.450
28.840
30.290
31.390
31.250
31.630
31.350
30.250
29.520
29.980
29.840
30.490
29.900
30.000
28.230
27.330
27.890
28.140
28.570
27.530
27.170
28.000
28.280
27.970
27.400
27.700
26.910
27.450
27.210
27.860
28.390
26.200
25.900
25.970
25.900
25.520
25.450
25.450
26.040
26.880
27.000
27.520
27.300
27.070
27.270
27.230
27.620
28.590
26.880
26.690
27.000
26.160
27.300
27.990
27.080
27.330
27.850
27.000
25.940
25.110
25.990
25.420
25.880
25.490
24.900
23.440
23.280
22.950
22.300
22.830
23.180
22.650
22.250
21.890
21.550
22.350
22.850
22.900
22.290
22.620
22.630
22.780
23.900
24.560
23.300
