12.350
12.210
12.330
12.560
12.400
12.430
12.300
12.250
12.340
12.320
12.400
12.200
12.330
12.780
12.720
12.700
12.900
11.520
11.620
12.460
12.600
12.570
12.510
12.580
12.810
13.190
13.070
13.240
12.750
13.000
13.000
13.010
12.750
12.360
12.700
13.220
13.150
13.240
13.420
12.820
12.500
12.270
12.310
12.030
12.970
12.870
13.150
13.710
13.560
14.220
12.510
12.430
12.570
12.250
12.240
13.580
13.700
13.710
13.700
13.700
13.800
13.990
13.830
13.950
14.000
13.800
13.920
14.010
14.000
13.950
14.000
14.140
14.270
14.130
14.100
14.270
13.810
13.800
13.920
13.780
13.860
13.810
13.920
14.140
14.200
14.200
14.350
14.250
14.120
14.300
14.270
14.130
14.010
14.200
14.370
14.250
14.200
13.900
13.700
13.730
13.810
13.680
13.800
14.450
14.460
14.450
14.450
14.550
14.420
14.430
14.500
15.150
15.210
15.310
15.100
15.270
15.230
15.390
15.300
15.480
15.250
15.380
15.290
15.350
15.230
15.500
15.550
15.500
15.450
15.440
15.000
14.950
14.910
15.320
15.200
14.940
15.070
15.120
15.120
15.090
14.880
15.300
15.250
15.330
16.700
16.660
16.670
17.150
16.800
16.610
16.740
16.750
16.620
16.110
15.700
15.970
15.710
15.680
15.880
16.290
16.150
16.400
16.210
16.250
15.780
15.450
15.030
15.110
14.890
14.700
15.000
15.160
15.200
14.720
14.660
15.100
16.700
16.700
17.020
16.460
15.310
15.010
14.280
14.010
14.700
29.000
29.290
29.350
29.300
27.830
28.510
27.500
29.500
29.000
28.900
28.450
29.450
29.560
29.590
31.700
33.060
33.150
31.910
32.000
31.650
32.000
32.000
31.800
32.550
32.880
32.860
34.800
33.740
33.200
32.930
32.800
32.300
32.930
31.850
33.350
33.700
32.670
32.200
33.150
32.360
31.400
32.580
32.530
31.930
31.390
30.720
30.390
29.000
27.580
27.360
28.000
27.500
26.500
26.920
26.800
26.220
27.230
26.880
29.000
28.000
26.350
26.500
28.220
29.840
32.000
33.080
32.600
32.110
32.130
30.580
29.830
27.650
29.100
29.710
28.800
28.700
27.880
26.510
28.200
28.060
30.690
33.600
31.600
31.220
33.300
32.110
30.050
31.270
28.000
30.380
30.510
33.750
35.910
38.150
39.710
36.100
39.330
41.020
41.010
39.350
39.800
39.750
39.200
39.000
40.640
40.500
41.700
41.000
40.580
39.620
38.500
41.350
40.800
40.600
41.000
40.210
40.700
41.050
38.080
39.810
39.250
40.320
44.000
45.020
43.680
45.170
42.340
38.310
32.880
33.700
32.190
33.150
33.180
33.980
33.880
32.540
32.200
31.900
31.210
30.500
30.020
30.560
30.900
31.700
30.730
30.000
28.560
27.000
27.260
28.800
28.910
28.700
27.740
28.080
28.620
27.600
24.800
24.600
23.960
23.730
23.510
23.650
23.800
25.380
24.850
25.010
24.050
23.360
23.510
22.390
22.070
24.510
26.740
27.000
27.540
24.900
25.880
22.330
24.560
26.680
26.210
23.540
23.520
26.130
29.030
32.200
35.480
31.700
34.520
38.040
38.150
37.010
37.200
38.000
36.810
35.300
34.200
34.920
33.600
33.400
36.550
36.000
34.240
31.600
35.090
38.000
36.600
36.100
34.800
35.390
34.310
30.010
32.920
34.910
34.000
31.180
27.950
25.610
28.460
27.690
26.100
28.280
28.300
23.160
25.730
28.590
31.770
34.500
34.550
38.390
42.000
42.000
41.810
42.000
82.390
79.970
80.000
75.800
74.300
77.800
74.630
79.650
75.560
73.900
68.180
75.060
83.150
83.000
78.000
77.100
76.600
76.380
73.400
73.000
71.280
76.600
79.390
78.730
76.950
73.500
72.010
76.010
76.010
82.170
81.000
76.300
72.960
68.510
67.050
67.500
62.990
58.270
58.000
61.160
62.000
66.010
58.000
62.500
57.930
52.500
53.400
56.230
54.010
53.010
51.900
51.210
50.510
51.600
48.500
44.880
44.700
47.200
46.050
45.360
43.810
44.170
44.370
43.010
43.800
43.830
45.520
44.850
46.280
48.510
48.180
48.470
45.310
45.390
43.700
44.720
48.800
45.660
47.000
44.410
42.310
43.010
40.810
41.820
45.450
43.330
44.620
41.800
38.300
39.860
39.340
39.510
36.000
34.800
34.080
33.650
33.000
29.880
27.380
27.680
27.910
28.060
27.450
28.410
28.650
27.540
27.380
27.000
26.250
26.210
26.860
27.710
29.380
29.330
28.800
27.810
27.400
26.720
26.770
27.710
27.560
29.740
29.510
29.630
29.480
30.100
30.630
30.640
30.460
30.280
28.040
27.850
27.710
27.610
27.050
26.190
26.330
27.880
27.680
28.800
29.250
29.380
29.700
29.210
28.650
28.500
29.100
29.000
28.470
28.000
29.370
29.220
29.810
30.100
30.680
30.150
30.490
30.350
31.150
31.050
31.630
31.500
31.830
31.150
31.060
31.010
31.260
31.010
30.650
30.750
30.990
30.900
31.930
33.220
30.200
