172770.02
93669.18
114925.46
79373.00
89988.25
123579.90
194288.92
384716.59
85163.00
116468.01
152751.50
205573.30
169066.78
166413.50
208925.42
247096.19
305038.88
128940.50
85512.00
132058.38
113721.14
160452.27
109363.87
134564.48
125525.54
128504.60
143239.20
1.00
121566.49
126500.91
104091.07
164714.00
132237.52
93691.90
172644.28
242651.78
161385.66
130643.46
135030.72
140973.27
191298.16
148337.27
180495.59
290580.09
393811.31
310355.09
153828.31
99757.61
155097.16
81671.02
122646.85
140333.75
133924.70
118219.54
149826.38
164860.27
208928.95
290131.19
136816.39
283162.53
438952.03
433597.88
234703.02
269878.44
315495.62
295304.53
435098.28
622143.62
809480.38
522467.81
138306.58
257105.44
117567.39
126134.70
111070.73
178418.44
127191.87
138120.44
207229.06
281457.16
185302.36
380244.69
255837.55
106266.45
131254.89
107437.12
186892.05
198389.05
288940.09
163589.03
156981.72
213373.20
191093.92
207041.77
235286.48
337303.44
248137.92
375199.03
319424.47
391061.53
875149.62
630809.25
912837.50
1152037.88
932559.69
330852.41
41.00
590540.81
763445.94
1100764.38
896015.38
782699.38
647537.50
911518.31
615715.94
476230.53
159081.17
127563.63
159571.80
220501.23
278129.06
376321.44
197369.84
261477.22
239781.12
213503.12
378716.16
148496.84
86688.68
118634.03
120165.47
215790.84
210717.23
229203.66
289985.41
159815.75
98556.57
111398.83
119540.30
192105.23
248409.64
96218.45
89907.10
85901.54
83761.26
116303.36
86640.27
100881.67
148264.20
146352.02
151807.14
185395.81
230829.48
281325.38
275515.38
367659.69
625214.00
559582.81
526430.56
627473.50
564267.38
730526.38
523579.81
49413.09
49747.90
55553.69
48551.02
41103.71
67984.69
68156.97
63425.62
101248.54
142262.00
178299.94
248048.84
238964.53
81772.60
54612.29
68728.00
97001.68
69028.27
60062.22
40095.01
31142.06
39606.99
48325.14
56327.51
79060.11
49796.26
47754.47
73827.82
35242.62
38063.10
72945.00
67349.90
128595.36
127348.71
142542.98
186428.94
268312.50
289761.72
47200.45
54815.76
73976.86
95778.66
166979.84
62998.98
61900.02
118769.16
37346.71
43982.73
37198.14
44488.70
58216.46
88034.73
71401.09
37946.57
67739.10
106052.93
55880.43
53631.50
48551.00
46642.10
39390.10
36496.97
50303.84
58593.38
91684.03
165261.97
183518.56
62888.03
70528.73
96389.73
70500.41
105160.58
105617.23
89877.25
119641.97
110930.01
186291.36
213927.69
147989.38
226120.73
296653.28
619608.75
489966.19
409311.69
420640.69
285878.31
97198.52
110069.01
117529.23
199065.03
180667.34
52643.98
48842.49
61461.11
72262.33
60327.97
60826.31
119037.18
142928.89
74508.98
48740.72
61991.31
85675.66
74111.99
69847.28
23422.37
28314.00
35161.34
28822.00
26670.76
35244.25
30536.16
45148.99
58169.16
33098.74
26446.77
25286.00
33637.61
34344.45
33051.89
64986.10
113754.35
140803.28
53595.77
55745.37
28616.60
47749.70
52531.17
48572.43
34844.00
50801.00
63983.38
116438.28
48080.29
71603.86
73422.88
85534.43
128544.47
112852.47
154123.48
97279.68
121151.37
139987.61
103342.15
76231.52
102813.93
101130.98
100983.25
184790.56
71336.75
81528.81
96982.51
121102.03
225218.95
145248.14
79263.98
41449.38
43281.56
68084.40
31606.66
36544.76
41886.82
70067.94
42287.12
70068.90
78024.59
85878.97
38726.61
54231.05
66303.54
82108.27
52240.68
64229.91
77174.56
72735.70
73433.48
77700.02
75457.27
50285.41
76553.38
67008.12
50469.19
62996.25
38680.29
51292.66
56624.32
73311.26
90671.06
65006.44
89780.51
152451.95
195816.70
68488.95
63433.05
60296.86
59679.85
56794.55
77099.56
75552.41
84961.81
18282.00
68955.95
87999.12
68080.76
58529.00
111572.42
52034.18
69942.92
44969.85
56764.10
103062.45
71668.39
74865.01
127035.77
115621.45
60011.10
57996.06
66047.69
52934.13
59882.52
76656.47
101462.89
99266.29
113423.61
80347.53
91275.87
112111.88
185162.70
179856.83
154567.03
148163.41
147160.50
272529.66
307514.53
186098.27
222912.20
379930.91
367778.38
465025.25
389320.25
211964.47
215694.05
204664.70
231810.91
226305.53
153073.55
122662.17
154851.78
178595.64
255974.31
241897.44
321446.50
423953.50
311001.69
184896.19
240059.31
206665.41
264759.84
219119.03
198228.27
254402.55
327798.62
276746.44
165116.38
135356.45
2365.00
125288.15
131400.20
172321.30
112404.66
120799.76
96043.63
146071.84
102987.15
72544.17
92788.83
105939.86
67374.37
75736.81
100145.82
151166.83
223791.95
214412.12
42389.89
86133.47
88137.98
59448.38
92144.77
96341.93
62597.97
55959.51
140658.45
33719.07
49511.16
37741.04
32250.73
42486.87
46797.94
42508.62
43369.68
44521.15
42036.66
35101.93
67632.29
44662.77
61688.51
82385.21
124872.52
116265.50
105952.01
133375.52
100507.84
152581.69
87143.33
73967.93
90301.20
95874.64
64360.93
49369.82
62738.19
55021.88
93187.21
42892.10
54362.23
37620.30
21418.03
34248.60
35026.77
23766.06
14828.36
20962.93
47669.36
34295.39
34819.48
41491.93
53982.43
45776.56
50482.48
79458.79
63305.69
41810.13
71748.72
68125.56
32704.43
33851.45
50110.52
47146.27
42491.20
44903.97
41991.45
27387.11
29294.86
19295.76
27967.49
53290.64
50793.08
57210.08
35394.66
42270.44
51566.49
47660.62
51316.10
18616.63
21837.50
46085.59
74829.66
62404.53
30108.94
28122.85
19417.23
24703.79
29996.31
19558.26
15549.60
15006.98
293.01
16962.83
31263.40
57934.20
64180.70
17609.14
17312.09
3836.00
6945.55
9668.78
9247.50
10896.94
8365.23
15792.00
9890.52
16522.37
20907.31
20220.52
16177.34
7890.96
14397.83
15222.61
12155.96
10784.11
8892.36
12858.29
17227.68
26386.49
22983.53
22490.73
7250.36
11050.57
24401.32
26385.55
26652.23
41200.33
16729.74
18235.85
11493.52
14951.60
13691.55
13070.90
12024.65
13053.51
10944.25
10990.34
5568.95
8707.36
17637.11
21772.78
35748.61
23801.27
11152.97
18548.57
10589.31
16016.14
19018.06
18115.28
19995.58
17342.69
24690.63
31583.18
18399.35
39973.04
13676.53
9016.98
10404.09
21402.90
19495.09
33058.26
17347.57
16761.68
7161.74
7378.24
11397.95
13693.41
10602.98
17142.84
17027.79
14217.34
6348.88
9775.27
22048.09
31591.84
20903.47
12922.51
12023.14
12726.24
16933.85
13632.10
21605.98
29671.72
33844.14
17883.31
21152.87
36043.16
45053.70
42356.63
55331.82
26462.22
43817.14
16255.79
10929.47
21335.26
14212.76
27865.37
23950.94
14230.44
12421.27
17752.88
19265.40
23358.11
19028.06
37989.47
22204.64
49550.34
31509.54
35892.93
39358.55
34090.72
27313.58
22091.89
31448.93
12697.70
12063.22
6440.19
11164.68
12935.02
13117.42
19636.18
16178.45
24559.63
8825.68
14834.82
16615.90
11356.38
11205.43
13201.84
9127.12
12870.81
8739.28
5923.85
6927.41
8619.75
4788.93
12099.88
5497.84
8556.60
13916.52
20957.87
12606.33
11559.18
8210.80
8024.04
