5.320
5.340
5.260
5.230
5.180
5.170
5.270
5.290
5.260
5.350
5.420
5.440
5.370
5.350
5.280
5.270
5.250
5.190
5.320
5.400
7.070
6.940
6.770
6.750
6.670
6.790
6.830
6.870
6.730
6.820
6.710
6.900
6.870
6.860
6.800
6.760
6.730
6.830
6.830
7.040
6.900
6.990
7.180
7.020
7.120
7.190
7.020
7.050
7.200
7.180
7.400
7.400
7.470
7.510
7.720
8.100
8.550
8.750
9.090
8.080
8.020
8.220
8.050
7.830
7.890
8.100
8.130
8.300
8.450
8.350
8.340
8.450
8.460
8.500
8.550
8.320
8.400
8.250
8.170
8.100
8.220
8.220
8.200
8.100
8.050
8.030
8.110
8.150
8.130
8.130
8.100
8.050
7.980
7.900
7.970
7.930
8.010
7.950
7.980
7.990
7.940
7.900
7.880
7.970
7.770
7.780
7.750
7.690
7.700
7.720
7.530
7.550
7.510
7.630
8.000
8.410
8.410
8.510
8.640
8.480
8.450
8.490
8.410
8.420
8.310
8.190
8.270
8.230
8.150
8.300
8.250
8.180
8.160
8.220
8.220
8.180
8.270
8.180
8.590
8.580
8.730
8.640
8.670
8.560
8.820
8.810
8.810
9.050
8.960
8.710
8.950
9.020
8.970
8.890
8.950
8.900
9.020
9.000
8.880
8.810
8.650
8.790
8.650
8.730
8.710
8.640
8.720
8.580
8.530
8.500
8.410
8.310
8.400
8.390
8.450
8.320
8.470
8.500
8.540
8.460
8.470
8.340
8.300
8.290
8.340
8.220
8.520
8.640
8.660
8.730
8.600
8.520
8.560
8.600
8.470
8.710
8.810
8.580
8.390
8.330
8.280
8.390
8.350
8.340
8.300
8.330
8.400
8.350
8.310
8.460
8.420
8.500
8.800
8.450
8.350
8.270
8.240
8.360
8.240
8.130
8.110
8.070
8.140
8.190
8.060
8.080
7.950
8.470
8.440
8.410
8.480
8.520
8.570
8.470
8.640
8.600
8.550
8.480
8.420
8.580
8.560
8.620
8.760
8.570
8.490
8.280
8.260
8.250
8.340
7.940
7.810
7.890
7.720
7.840
7.760
7.800
7.740
7.460
7.400
7.800
8.060
8.060
8.090
8.040
7.790
7.900
7.620
7.680
7.720
7.810
7.790
7.820
7.650
7.500
7.520
7.780
7.850
7.710
7.640
7.630
7.790
7.700
8.100
8.670
8.600
8.660
8.510
8.440
8.470
8.700
8.740
8.620
8.810
8.900
9.180
9.020
9.180
9.260
9.610
9.530
9.480
9.220
8.830
8.840
8.380
8.210
8.200
8.230
8.090
8.190
8.250
8.000
8.260
8.250
8.300
8.250
8.050
7.900
7.970
7.940
7.640
7.500
7.680
7.720
7.950
7.700
7.920
8.050
7.570
7.400
7.710
8.100
8.120
8.120
8.230
8.150
7.840
8.050
7.640
7.520
7.350
7.480
7.390
7.330
7.170
7.340
7.140
7.300
7.670
7.800
7.890
7.940
7.910
8.220
8.020
7.600
8.160
7.890
8.520
8.500
8.570
8.680
9.100
9.300
8.150
10.000
10.220
10.050
9.910
10.200
9.850
9.820
10.100
9.900
9.770
9.890
9.580
9.500
9.400
9.200
9.290
9.270
9.110
9.630
9.650
9.740
9.580
9.600
9.450
9.750
10.400
10.760
10.560
10.230
10.600
10.490
10.150
9.880
10.220
9.550
9.520
9.510
9.420
9.500
9.400
9.450
9.140
8.840
8.790
8.760
9.000
9.010
9.350
9.000
9.150
8.700
8.400
9.200
8.950
9.150
9.150
8.710
9.110
9.040
8.730
8.480
8.460
8.630
8.630
8.200
7.560
7.580
7.510
7.500
7.690
7.380
7.510
7.830
7.090
7.390
8.100
8.020
8.220
8.200
7.500
7.690
7.210
8.380
8.430
7.890
7.550
7.800
7.750
9.050
9.700
10.260
9.900
11.390
11.400
11.700
11.530
11.800
12.400
11.600
11.400
11.300
11.620
11.190
10.950
10.380
11.000
9.790
9.470
10.730
11.180
11.120
11.590
11.040
10.400
10.250
9.680
10.450
11.000
10.620
9.900
8.300
7.280
7.680
7.880
7.900
8.560
9.520
8.510
10.310
10.600
11.730
11.600
11.900
12.880
13.600
13.470
14.250
14.230
14.000
14.190
13.920
14.210
14.630
13.950
14.200
14.700
13.840
12.300
12.780
27.950
28.510
27.210
24.770
23.500
20.590
21.200
20.100
19.180
19.300
19.300
18.950
18.950
18.200
17.390
17.790
18.390
19.020
18.880
18.960
18.800
19.850
20.750
19.510
19.700
19.860
18.450
18.890
18.900
18.400
20.060
20.800
19.460
18.790
19.550
20.020
19.800
18.440
17.910
17.300
17.390
17.300
17.100
17.500
16.700
16.200
15.650
14.360
12.870
12.820
12.650
12.280
11.690
11.590
11.750
11.800
11.570
11.530
11.790
11.870
12.030
12.160
12.060
12.020
11.500
11.640
11.500
11.640
11.440
11.600
11.600
10.620
10.970
10.120
10.280
10.290
10.250
10.100
10.150
10.100
10.320
10.300
10.050
10.010
9.990
9.920
9.680
9.580
9.450
9.320
9.400
9.330
9.450
9.460
9.610
9.680
9.570
9.380
9.350
9.320
9.690
9.500
9.500
9.400
9.200
9.610
9.860
9.930
10.220
10.140
9.950
10.000
9.830
9.560
10.060
10.040
10.420
10.400
10.510
10.490
10.070
10.120
10.210
10.080
10.020
9.980
9.910
9.980
9.830
9.760
9.650
9.680
9.800
9.630
10.050
9.960
9.920
9.810
9.890
9.980
9.950
9.930
9.770
9.750
9.410
9.260
9.260
9.420
9.640
9.850
9.760
9.970
10.090
10.180
10.290
10.280
10.240
10.330
10.200
9.970
9.940
9.750
9.880
9.680
9.550
9.700
9.600
9.570
9.570
10.010
10.080
9.910
9.980
10.000
9.760
9.610
9.600
9.760
9.670
9.570
9.500
9.190
9.000
8.940
9.010
9.020
9.150
9.070
9.120
9.080
8.880
8.850
8.880
8.790
8.740
8.640
8.790
8.830
8.660
8.500
8.570
8.540
8.570
8.510
8.450
8.350
8.420
8.330
8.270
8.240
8.220
8.270
8.300
8.370
8.260
8.180
8.170
8.280
8.300
