207692.44
236613.09
177108.69
65542.24
104727.94
88900.48
124930.26
188308.56
311929.97
215288.23
100655.69
98263.80
134350.73
81268.09
135720.03
263124.47
48870.83
43191.37
34522.73
42470.82
44096.00
60924.97
34932.40
34049.68
48134.10
44331.00
42917.21
36537.00
52774.03
65614.12
109491.99
82276.53
59146.37
54359.25
104523.62
108384.49
80209.61
128964.18
161013.62
99970.05
50299.06
56371.75
73192.94
98825.03
75244.92
77513.57
65739.58
114910.72
196018.94
132302.19
79595.87
93173.33
100149.19
55470.30
81558.42
31545.50
54622.80
59601.37
29200.85
36477.83
37994.63
27715.01
25791.21
36314.65
24172.93
43127.71
32474.61
30948.71
32788.97
31944.00
42296.63
55746.14
22639.55
30283.68
42493.40
28602.20
40108.94
34998.22
31519.21
28303.85
30156.55
35855.09
43105.13
70572.01
77594.75
41743.55
42773.19
29597.08
40943.98
58801.93
80727.15
43797.96
35211.87
23752.30
41795.96
55576.64
38547.73
31551.82
39702.49
71735.87
45820.01
37534.42
51073.73
34531.10
15445.68
16.00
17744.96
19308.62
21913.06
32011.77
42410.69
28170.75
30696.38
43529.80
70545.02
43080.84
56765.26
34229.02
33911.00
51469.99
45823.81
65329.87
126358.68
84000.43
33485.92
44768.70
52654.04
44788.07
79670.49
88808.20
69643.56
53346.36
38725.98
37892.15
38313.43
83078.49
63695.59
72304.34
101275.60
54213.42
46722.76
46379.18
62962.41
77279.20
70490.01
75400.37
80003.39
57482.92
53053.45
70273.29
91572.47
81064.28
59863.09
62721.18
94850.05
119571.24
252803.56
96085.34
75488.05
68862.46
61840.24
99238.40
64223.36
85479.44
108781.91
101088.04
89466.02
73401.25
61364.84
109047.25
73835.09
75859.23
108825.24
159804.36
90375.80
114988.00
90585.27
128572.33
139690.64
245081.44
178245.56
142306.56
102364.33
130421.92
139714.11
165437.06
223770.59
217467.73
228065.06
193242.70
401745.91
442484.34
322238.44
285322.50
432890.75
327302.47
374337.88
348829.19
373248.59
600336.88
486060.84
372066.47
173380.69
270046.94
313741.62
254055.30
324509.62
358893.81
419944.97
261058.55
115930.99
82762.27
82841.09
179619.98
165647.77
143955.16
144265.16
122408.34
96752.81
158863.44
172721.77
106968.22
119355.99
77910.88
97540.03
137842.92
114331.02
118149.57
65483.44
89653.81
71550.16
70427.65
134868.84
143548.75
159087.95
107667.06
123586.98
100387.62
179695.98
175133.53
156476.92
105769.68
106106.18
187818.73
221227.73
354976.19
5706.00
219434.41
106203.02
84959.45
194250.38
179183.52
137928.16
127783.92
209821.91
194710.20
197375.77
280300.09
369849.19
235410.86
282657.97
138140.28
150757.20
152192.64
124381.26
111714.73
111837.78
124004.44
144354.05
205970.73
257037.00
284574.53
276760.72
340789.25
242399.81
312285.38
217467.27
257639.09
181043.92
245323.02
146332.72
142362.22
141652.25
3683.00
87001.40
150982.05
148781.86
237910.95
163307.45
274677.44
54964.63
110743.67
107131.43
147187.16
148810.12
96986.03
132858.98
146612.30
140591.95
166146.55
105639.05
116121.01
157786.47
121649.89
124019.19
167440.25
144798.56
179812.81
15656.00
43304.63
100082.37
101641.80
151430.95
158855.59
128199.03
145761.27
214233.98
333270.97
3770.23
214454.38
215199.66
147491.84
168988.94
217382.12
164556.36
163023.34
140417.98
200017.27
174848.58
169137.06
141204.41
237629.17
91603.18
330464.78
177189.80
176894.52
152401.92
116364.92
189282.84
91913.52
110991.52
103181.77
129854.48
130998.19
199199.69
161720.45
101366.33
116695.51
165777.72
226515.66
215656.44
184198.69
138420.48
125012.17
174370.94
163600.62
193258.08
139742.86
193834.84
171856.45
198759.09
181660.22
108544.75
128583.70
105230.83
99898.81
188223.25
216802.44
160934.05
162411.34
112078.11
96826.14
89592.42
95392.04
67242.78
118661.84
146242.47
51812.02
60825.85
85044.92
102373.74
70939.79
47294.44
57225.42
78000.44
38748.36
52969.36
70801.63
60401.44
69973.19
73688.14
61689.02
72184.75
110409.79
127164.12
71637.55
79291.37
64411.43
70698.70
97191.90
104726.47
42637.41
64057.33
14321.80
24788.57
33594.95
42523.62
35239.12
47203.54
48180.20
45873.97
52347.41
34356.84
41558.94
76881.42
94328.09
95450.38
45438.40
51636.55
58066.33
1930.00
60940.51
61796.80
66851.87
33081.71
33726.19
22129.78
55968.03
67944.76
32068.96
58890.40
30987.85
26854.78
26471.66
39841.20
95690.05
77258.45
22388.09
17153.90
16908.16
21396.60
14389.71
18323.67
12509.22
6860.34
13694.76
10802.99
12584.56
10227.42
20552.06
18194.12
41863.05
16098.14
10043.84
13248.33
11054.01
23701.25
25097.10
13691.39
17160.49
29292.75
20611.80
13161.67
22917.01
35696.82
25680.80
24743.59
24227.37
19996.65
50645.41
38445.64
50352.45
36344.70
32191.16
23570.99
50527.82
48748.02
62293.25
53435.61
35669.98
63546.53
38268.96
22375.10
32488.05
24904.66
23282.18
21347.73
17179.40
14444.42
45857.07
37705.71
18066.91
18005.25
14669.01
22891.48
28084.21
23730.78
19902.76
41367.04
26647.15
12274.03
13926.10
27398.81
14763.37
19845.19
17718.39
21753.88
26319.74
17740.53
32759.80
38022.80
29202.31
38099.24
40231.77
28699.57
27336.78
28600.38
48916.37
41620.60
37650.26
33196.53
29327.46
28260.88
51661.54
81024.18
61192.41
31144.51
61998.49
45469.62
69752.87
62447.36
69884.26
65522.93
72102.44
50125.71
52422.49
35649.70
34516.63
66230.94
46093.10
72638.94
57852.91
105641.53
127238.58
111739.76
118886.72
46983.49
24993.43
34448.41
36053.03
12995.20
23312.19
24779.31
40202.16
26144.65
29859.97
33409.30
39988.92
36199.39
32732.53
16816.06
12873.95
19306.38
12803.04
10976.86
13072.96
21763.79
39558.02
25036.76
23013.60
11573.29
24670.93
30027.87
34449.05
