11.460
11.600
11.400
11.270
10.800
10.690
10.990
10.650
11.000
10.940
10.950
11.190
10.910
10.810
10.750
10.610
10.840
10.680
10.140
9.980
9.940
9.900
9.690
9.710
9.860
9.780
10.250
10.540
10.700
10.630
10.730
10.360
10.530
10.600
10.440
10.240
10.340
10.090
10.230
10.280
10.210
10.260
10.140
9.220
9.250
9.290
9.190
9.170
9.440
9.330
9.940
10.100
10.240
10.120
10.170
9.970
10.100
10.070
10.070
10.200
10.300
10.370
10.540
10.650
10.590
10.560
10.790
10.800
10.880
10.760
10.880
10.800
10.730
10.570
10.750
10.410
10.150
10.200
10.220
10.320
10.240
10.470
10.420
10.310
10.550
10.500
10.500
10.410
9.860
9.920
9.930
10.110
9.820
9.550
9.600
9.590
9.460
9.290
9.750
9.910
9.920
9.840
10.000
10.040
10.200
10.300
10.980
10.950
11.040
10.960
10.860
10.800
10.940
11.100
11.020
11.100
11.010
10.850
11.070
11.060
11.030
11.430
11.260
11.320
11.450
11.310
11.100
10.960
11.190
11.280
10.860
10.820
11.030
10.840
10.930
10.890
10.930
11.200
11.470
12.520
12.360
12.460
12.510
12.710
12.550
12.620
12.570
12.750
12.900
12.990
12.830
12.990
13.520
12.530
12.710
12.280
12.170
12.080
12.430
12.130
12.160
11.950
12.150
12.770
12.640
13.280
12.800
12.900
12.430
11.920
11.750
12.790
13.170
13.170
12.750
12.910
13.030
12.920
11.970
12.530
12.820
11.920
12.570
12.360
12.310
12.610
12.250
11.870
12.220
11.110
11.140
10.240
10.010
10.170
11.300
10.830
10.870
10.640
10.290
10.290
10.670
10.600
10.990
10.670
10.850
9.860
8.960
8.710
8.850
8.850
8.800
8.750
9.020
8.670
8.480
8.650
8.650
8.420
8.340
8.440
8.190
8.510
8.450
8.420
8.860
8.500
8.460
8.100
7.850
7.620
7.860
7.910
7.690
7.900
7.400
7.170
7.770
7.610
8.460
8.210
8.460
8.100
8.090
8.170
7.930
7.630
7.750
7.780
7.610
7.550
7.220
7.280
6.930
7.570
7.790
8.660
8.610
8.450
9.110
9.210
8.790
8.680
8.900
8.460
8.770
8.560
9.350
9.290
10.320
9.990
10.460
11.620
11.980
11.460
11.340
11.870
11.640
11.240
11.700
11.490
11.480
11.900
11.640
11.950
11.160
10.760
9.780
9.600
9.480
10.000
9.960
9.940
9.510
9.630
9.540
9.480
10.510
10.990
10.910
10.210
10.260
10.300
10.060
10.740
11.280
11.300
11.040
10.930
10.690
10.660
10.950
10.810
9.830
8.940
8.130
7.390
6.720
7.100
6.540
6.130
6.170
6.850
7.610
8.180
8.440
8.290
9.210
9.290
8.930
8.670
9.100
8.670
8.320
8.170
7.910
7.710
7.080
7.400
7.620
7.820
7.260
7.800
8.670
8.850
8.500
8.400
8.310
8.300
7.810
7.540
8.380
8.170
7.430
6.750
6.140
6.100
6.780
6.930
7.700
8.550
9.490
8.870
9.860
10.950
11.900
11.610
12.560
13.960
14.260
13.940
14.380
14.700
14.110
14.440
14.790
13.790
13.130
13.410
14.490
13.400
12.410
12.140
11.620
11.270
11.280
11.050
11.500
11.390
10.350
10.450
10.160
9.760
9.280
9.940
10.070
10.470
10.240
10.590
9.950
10.380
10.610
10.900
10.550
10.300
9.740
10.210
10.200
10.680
11.150
10.830
10.910
22.260
22.930
21.810
19.830
18.680
16.980
15.880
15.580
15.780
15.600
15.900
15.080
15.230
14.500
13.550
13.460
13.210
13.000
12.770
12.450
12.560
12.870
12.980
12.490
12.470
12.210
12.020
12.200
12.000
11.990
11.720
12.020
11.830
12.020
10.930
10.790
10.670
10.540
10.390
10.420
10.660
10.820
10.880
10.670
10.780
10.990
11.000
11.060
11.150
10.860
10.990
10.920
10.640
10.270
10.480
10.420
10.450
10.360
10.230
10.660
10.730
10.820
10.830
10.800
10.670
11.520
12.800
12.650
12.830
12.600
13.100
12.980
13.360
13.200
13.120
13.500
13.000
13.130
13.000
12.900
12.790
12.450
12.140
12.420
12.580
12.900
12.780
12.940
13.340
12.900
13.060
12.630
12.750
12.540
12.480
12.210
12.060
11.950
12.000
11.870
11.590
11.960
11.940
11.820
11.810
12.520
12.190
12.100
12.450
12.380
12.010
12.050
12.080
12.160
11.960
12.180
12.090
11.870
11.360
11.770
11.630
11.460
11.550
11.220
11.290
11.050
11.190
11.860
11.510
11.720
11.400
11.380
11.160
11.520
11.540
11.590
11.400
11.300
11.110
11.060
11.430
11.180
11.140
11.250
11.500
11.600
11.220
11.050
11.180
11.020
10.800
