45652.80
42861.40
29953.30
32002.79
24567.00
25861.07
29570.05
46971.00
51697.50
52551.44
66581.71
52281.70
92645.79
134086.05
137465.05
113071.87
67105.19
84806.59
136713.08
117600.64
71154.90
65415.81
68035.35
33836.99
31964.13
34217.42
34624.16
35633.82
46648.55
40015.34
49358.88
34923.60
69520.07
90946.23
195983.95
38935.29
19318.09
25776.98
56755.51
41976.84
38921.56
27687.73
36383.97
86218.37
36170.53
28868.19
29789.71
65500.40
30913.09
42116.27
68824.53
44791.99
63102.00
70205.23
77423.83
127554.00
164212.52
360463.28
434870.03
108880.85
56939.09
22171.72
54207.81
43995.40
26831.45
43334.46
53034.15
57248.31
56930.42
31381.62
64607.56
85891.80
108721.20
74322.42
33044.70
70733.08
24553.04
44802.03
41643.71
40634.53
40778.66
35227.73
42330.36
46038.59
46326.97
51903.50
53281.46
73569.62
120183.91
58625.23
70471.87
67294.21
65756.09
88262.19
97419.50
112834.00
195955.22
115694.00
131239.03
71514.24
79518.43
58748.00
83268.25
191020.48
318220.91
155470.62
37580.28
28338.92
24205.67
36217.39
61814.27
42730.33
40653.72
47989.18
48151.72
61319.62
55260.39
78476.80
77563.54
71023.52
41504.84
36695.52
45461.50
55453.54
68128.87
81231.60
51451.66
66881.57
52980.81
86601.50
72963.21
93929.05
153227.69
116139.22
190293.00
201653.80
172163.00
197468.52
252744.64
213636.92
280727.84
346088.84
321165.25
431679.56
486579.25
462855.81
203786.08
272713.75
407820.59
225505.36
89842.95
137078.94
75054.21
101489.80
161461.56
145281.98
224245.56
281990.12
177183.44
132370.64
87876.06
91488.11
87460.56
109836.71
66185.03
123797.81
84446.85
81972.34
112793.51
77751.32
97408.30
130372.75
144867.83
186786.42
156405.36
157724.44
320322.12
296224.97
330198.09
600902.38
728153.94
141733.41
169837.77
129050.57
143937.56
97978.70
64023.97
81798.49
134786.88
39511.97
88176.10
132872.66
115195.31
63009.34
57881.22
67427.21
50059.27
55730.28
60040.12
51298.71
70680.23
69165.99
61258.12
50548.82
43646.73
59374.00
50933.10
71310.40
78055.93
98900.52
83137.33
41137.07
46812.95
65926.22
52162.12
37439.03
34417.41
37496.12
38324.45
46041.15
50828.37
35393.77
53801.89
109787.95
66219.30
90854.89
78459.73
58854.59
84980.00
88017.33
144164.12
78518.84
100116.70
98703.24
218580.89
117135.06
111196.79
108230.66
136986.34
172056.53
142126.20
134142.97
82342.15
112077.66
159027.59
151440.64
216902.89
123462.24
93030.53
144068.56
191981.81
145314.03
176971.50
242262.19
95202.83
179167.53
92268.55
115000.09
147028.48
147441.66
194399.16
154147.52
188247.41
62031.13
112795.46
132240.56
121824.57
124748.64
169591.22
224875.17
499103.22
277599.62
364765.22
145266.81
134798.75
224738.81
132961.69
125755.12
159317.09
191684.81
241862.23
410693.00
225150.48
88515.91
61736.71
45761.73
52306.99
41178.11
50429.82
65470.29
130306.95
69435.77
83081.60
108401.91
171178.72
137026.50
86567.02
110438.64
100768.51
206539.80
102064.07
144556.44
80733.03
85839.95
100679.13
92232.99
122475.33
95103.73
93961.71
99658.90
158259.12
193840.09
152108.78
89156.67
57478.56
57652.16
88268.99
48451.97
55006.18
84051.27
138714.95
103508.41
133768.56
126626.61
137112.56
100685.53
129707.29
193916.61
246522.66
277058.50
260869.17
249948.98
309644.69
390901.22
201821.28
150240.97
137321.20
216460.14
300295.53
344917.09
380812.69
550735.75
508610.28
369202.94
173671.44
169641.22
243007.45
204660.80
342160.06
168565.91
66704.40
51535.16
63264.83
65293.46
55910.76
67633.29
100052.67
97582.72
18786.07
85449.65
120168.00
84241.29
89178.50
101934.49
93826.06
173409.27
94617.59
124266.24
161679.70
226817.39
401930.03
383954.75
444930.94
144022.06
212475.31
111486.63
136439.30
63794.51
76524.28
113536.77
160793.86
212835.30
75708.38
93847.80
123344.92
130419.23
172801.97
134655.19
149348.53
131899.95
298328.00
566291.44
278856.88
114273.89
196416.86
265564.06
104971.67
112816.69
127274.10
108846.63
137241.45
155414.89
120642.29
106944.09
66185.77
120002.76
215836.84
78395.02
93164.10
132991.03
196498.86
275245.16
258910.59
465124.44
233217.38
82560.44
99513.86
84604.58
94917.07
87253.81
92628.91
74542.56
78713.19
804.00
39858.29
69372.92
42159.50
50724.07
52784.28
71736.06
82980.29
60679.23
57999.90
79503.07
68875.95
72528.78
100477.72
95303.39
66356.40
110044.33
67316.46
75487.27
89675.98
107633.68
192549.62
100571.96
80480.48
112882.27
88886.60
91481.50
82180.84
108267.16
140814.56
188343.09
217131.19
146671.48
119158.06
115557.15
162300.78
128378.74
117507.03
66853.73
94691.22
85461.78
77705.25
71012.48
103643.76
109915.29
162033.94
144976.03
196982.33
201046.88
141412.88
134774.84
187538.45
166601.02
190086.19
318287.62
6535.47
12494.18
190314.69
170136.12
164592.66
170550.52
204205.64
163197.09
153723.16
146558.28
159710.41
167614.42
155491.38
182518.09
203987.31
266241.88
273946.22
320225.34
263001.12
437719.12
496559.81
416513.81
341201.00
309905.78
339791.72
324567.47
241042.34
291885.03
411669.59
374171.62
401956.28
435035.62
430034.62
190228.02
209780.03
202615.84
271058.81
159289.25
155112.95
169848.91
138171.42
167618.34
145857.34
125979.01
189694.77
259167.02
233126.53
182641.28
131588.56
140606.95
196376.58
258093.45
145086.09
131161.05
86432.19
123089.83
119505.02
90389.00
114370.82
132986.80
165799.48
135182.08
123368.43
159377.86
160110.97
197167.27
224155.27
88574.59
113031.89
103401.71
89113.47
117351.80
136012.12
227202.55
164665.61
111771.13
128127.96
143789.92
124288.47
125591.43
83548.22
88275.46
90468.71
98473.26
107971.08
187955.84
281205.62
94505.80
109975.28
107087.51
140145.45
98497.74
60005.34
1431.00
69334.07
64027.90
70095.39
44767.58
29716.05
27910.70
28324.57
64648.87
51557.43
46623.16
54474.97
65288.67
72624.91
81962.05
102420.81
199435.45
116053.22
163990.64
211453.73
171802.34
115968.19
112511.32
70085.96
60448.73
68600.32
55019.58
73722.98
70801.36
97218.38
120842.95
185469.31
130161.64
79826.97
113648.12
114809.18
110342.32
137492.38
145988.12
225132.88
213975.23
322553.28
60195.34
125894.78
125073.47
213023.91
186555.23
295320.22
439693.31
53603.89
61603.28
72234.03
82663.03
89936.73
65255.22
59405.47
55059.91
44225.98
98666.86
37493.05
51858.50
28294.78
30814.73
15242.15
26258.66
42202.72
31026.03
23080.05
35855.04
68583.43
68595.91
80785.96
37682.21
38818.70
100305.02
98077.62
46475.63
35296.57
41319.62
71382.49
35579.48
42395.22
47945.69
61066.78
90491.33
61482.02
98972.21
96811.71
66216.59
43889.06
45320.00
70473.90
173676.94
60227.59
42406.17
91983.40
113024.31
86777.74
27551.96
40415.66
72687.39
40100.35
46711.70
38269.88
59957.67
90434.23
65673.64
40120.69
46547.64
49983.57
93991.22
119440.46
174337.16
81585.58
87634.77
114002.19
69531.12
65893.62
65355.23
70905.25
173871.95
63246.90
171332.86
146643.34
204567.62
104221.97
75440.53
41174.63
39945.42
54181.88
55579.10
106838.68
80100.53
106656.90
64573.23
70156.66
91629.77
162973.20
68575.66
106676.83
62028.88
140173.98
108115.63
111877.41
42798.37
57495.74
94847.99
64325.15
133115.45
87953.19
141137.27
170352.84
216732.33
172241.58
