16.780
16.750
15.840
15.710
15.430
15.510
15.680
14.900
15.080
14.900
15.000
15.010
15.300
15.250
15.240
14.980
14.630
14.870
15.180
15.030
14.820
14.620
14.600
14.710
14.460
14.410
14.540
14.410
14.700
13.960
14.420
14.400
14.160
14.300
14.570
14.500
14.600
15.000
13.510
13.590
13.480
13.670
14.080
14.370
14.420
14.340
14.070
14.150
14.260
14.310
14.890
15.220
15.220
15.370
15.340
15.510
16.370
16.250
16.360
16.210
16.710
16.690
16.680
16.440
16.330
16.500
16.780
16.860
16.840
17.090
16.810
16.610
16.480
16.480
16.310
16.140
16.370
16.550
16.630
16.500
16.520
16.620
16.230
16.070
15.830
16.160
16.080
16.090
16.280
16.400
16.370
16.060
15.930
16.110
15.990
16.080
16.560
16.950
17.230
17.390
16.950
16.890
16.820
16.710
16.770
16.610
16.460
16.300
16.800
16.590
16.400
16.330
16.770
17.010
18.100
18.650
18.500
19.010
17.810
18.650
19.600
23.000
22.300
21.910
21.850
20.750
21.470
20.710
21.000
21.310
20.080
19.250
18.860
18.900
19.110
19.060
18.750
18.340
18.280
18.280
18.350
18.580
18.820
18.710
18.880
18.850
18.500
18.120
18.780
18.600
19.230
19.500
18.800
18.770
18.280
18.530
18.510
18.150
18.240
18.200
18.480
18.570
18.710
18.690
18.400
18.520
18.990
18.350
18.050
17.880
17.870
18.750
19.400
19.130
18.900
19.290
19.120
18.980
18.610
18.610
19.280
18.770
20.150
20.220
19.150
19.900
19.950
19.870
19.000
17.690
17.700
17.760
17.650
17.300
17.460
17.500
17.820
18.080
18.220
17.800
18.060
18.440
17.800
17.660
17.530
17.820
17.990
17.860
17.820
18.010
18.100
18.150
17.500
18.250
19.320
20.270
19.060
19.310
17.980
17.550
17.350
16.200
15.930
16.060
16.140
16.550
16.630
16.370
15.810
15.930
16.140
16.450
15.970
16.210
16.150
16.960
16.800
17.310
18.480
18.340
18.060
17.580
17.700
17.920
18.080
18.000
18.000
18.150
18.400
19.120
18.790
18.870
19.220
19.720
19.020
19.260
19.200
19.370
20.110
19.650
19.660
19.650
19.280
18.410
18.990
18.560
18.700
18.860
18.940
18.570
18.200
16.900
16.100
16.310
16.760
15.880
15.550
16.140
16.150
16.110
16.150
17.080
17.340
16.000
15.880
17.180
18.340
20.070
20.200
20.830
21.000
20.980
22.240
20.850
19.580
18.390
19.280
18.660
18.330
16.680
16.830
15.780
15.700
16.810
17.480
17.350
17.480
17.780
18.100
16.710
15.790
16.300
14.900
16.050
15.660
17.160
17.930
19.490
19.760
19.800
23.190
23.730
24.050
23.500
24.840
24.700
24.110
24.250
24.710
25.600
26.050
25.990
25.000
23.730
23.030
23.380
22.910
23.740
22.820
23.980
23.830
23.000
24.000
24.120
25.100
27.180
28.400
27.040
25.580
24.600
24.380
22.840
24.350
24.920
22.530
24.370
26.150
24.060
24.010
24.500
24.600
23.250
19.990
18.800
18.000
18.500
18.180
19.000
19.760
19.670
18.980
17.730
19.790
18.600
18.000
17.280
16.930
17.030
17.090
16.510
15.650
14.890
15.100
15.290
15.640
15.260
16.360
15.500
14.220
14.730
13.050
13.180
12.550
11.460
11.500
13.800
13.600
13.450
13.700
12.650
12.130
11.890
14.010
15.100
14.500
14.120
13.500
14.670
16.660
19.340
19.890
18.500
22.300
22.080
22.090
21.300
21.900
20.950
18.780
16.600
16.170
17.180
16.450
18.590
18.970
19.910
19.770
18.530
21.500
22.520
21.080
21.550
20.280
18.360
17.270
16.010
21.450
19.500
21.670
18.440
21.000
21.080
18.380
21.500
22.400
25.200
26.700
25.300
25.380
29.510
30.980
32.510
35.300
32.000
29.800
29.000
30.960
29.720
28.760
28.520
33.940
31.350
28.500
25.910
23.550
21.410
19.460
17.690
16.080
14.620
13.290
12.080
10.980
10.100
9.840
9.900
9.660
9.750
9.510
9.640
9.760
9.690
10.100
10.300
11.160
11.100
11.110
11.000
10.450
10.600
10.530
10.580
10.360
10.410
10.550
10.410
10.400
9.960
10.260
10.210
10.750
10.920
10.840
10.200
10.410
9.700
9.640
9.350
9.440
9.310
9.620
9.670
9.390
9.480
9.230
9.100
9.310
9.690
9.700
9.370
9.820
9.150
9.280
8.850
8.660
8.620
8.480
8.520
8.510
8.210
8.000
7.800
7.660
7.530
7.580
7.440
7.310
7.330
7.130
7.130
7.210
7.200
7.150
7.000
6.860
6.800
6.790
6.690
6.780
6.770
6.900
6.570
6.510
6.440
6.300
6.480
6.530
6.560
6.440
6.500
6.530
6.680
6.440
6.400
6.340
6.610
6.560
