38.100
38.110
38.100
38.750
38.420
38.210
38.050
38.230
36.360
35.990
36.800
36.630
36.900
36.120
35.720
37.140
35.880
34.250
59.160
59.520
59.520
59.500
59.600
57.100
58.060
58.100
57.800
57.030
56.680
56.380
55.150
56.540
50.750
56.190
56.200
55.280
55.220
55.580
56.500
55.800
56.240
57.100
56.610
56.500
55.920
55.920
56.800
57.610
58.250
58.010
57.000
56.530
58.380
58.100
58.270
60.300
62.590
60.760
60.510
60.330
62.280
63.100
63.070
62.860
62.290
62.060
62.510
63.760
62.120
59.640
58.300
57.420
57.000
56.010
56.000
54.460
54.700
55.600
56.700
55.780
51.210
54.000
59.910
60.530
61.020
61.010
61.580
61.420
62.110
62.030
61.010
62.530
63.200
63.010
63.000
60.510
60.300
60.180
59.260
57.300
62.400
63.510
63.500
63.000
60.570
63.920
65.710
64.650
64.960
66.660
67.000
67.610
67.500
64.300
64.950
64.000
64.600
64.600
62.300
62.670
61.510
62.300
56.000
61.700
62.500
61.960
61.850
61.890
60.960
58.500
57.910
57.000
57.600
60.810
60.130
60.120
60.800
58.330
54.600
54.820
54.520
55.000
53.530
52.020
51.510
51.020
49.500
48.880
48.060
48.170
46.500
46.300
45.180
46.050
46.580
46.260
45.820
44.380
43.700
44.730
45.130
45.000
46.150
46.150
42.520
42.960
41.650
41.520
41.500
41.700
41.000
41.510
41.700
41.580
42.350
42.020
42.800
42.100
42.500
40.530
40.610
41.080
43.370
41.110
36.880
36.610
38.100
36.080
36.220
36.400
36.650
36.560
37.000
37.310
37.260
40.350
38.880
38.010
38.000
36.080
30.910
30.000
27.950
24.250
21.600
21.810
22.700
24.360
23.100
22.310
21.810
22.620
22.010
21.800
22.010
24.440
23.940
26.010
27.220
30.240
28.390
25.800
28.670
31.860
32.300
34.850
31.350
28.010
24.850
26.880
26.000
23.350
22.630
22.030
21.000
20.710
19.880
19.300
18.680
19.200
19.200
20.810
20.510
19.020
20.450
20.300
19.500
17.380
16.550
17.080
18.350
17.050
18.460
18.380
18.300
18.030
17.010
17.950
18.800
18.900
18.360
18.110
17.610
18.000
18.000
18.550
16.600
16.280
16.700
16.000
14.370
13.900
13.940
14.180
13.960
13.650
13.700
14.250
14.060
14.300
14.240
14.010
13.460
13.460
13.220
13.140
12.900
12.650
11.660
11.580
10.410
10.280
10.210
10.110
10.040
10.210
10.710
10.630
10.580
10.670
10.660
10.580
10.800
11.200
10.180
9.250
