17275.98
11756.19
14513.01
16156.67
10665.63
10168.86
8428.48
12986.74
18609.33
16000.92
19910.00
15929.27
20302.81
10913.79
13099.74
18398.22
13980.91
15367.18
19958.25
19304.33
32073.83
25214.64
10653.61
19401.86
19244.34
24086.50
10661.00
11769.33
19631.58
18184.29
30571.34
15865.00
10655.47
20979.27
23110.89
32973.39
27865.00
33625.40
19780.72
20211.60
23000.00
31138.60
22661.52
22176.94
25624.84
27935.39
37968.43
21911.76
17129.99
14809.99
30505.21
21770.34
23264.11
24531.01
22755.70
31112.79
67340.55
70708.33
38858.17
55665.73
65981.56
81203.60
56455.28
54444.15
19827.99
26089.13
48388.88
64269.45
159364.61
35192.58
54380.71
59933.38
63483.22
51787.66
53637.37
45788.13
57272.14
60830.37
41231.15
42075.19
25388.46
27762.36
52430.34
41066.80
27906.73
38906.05
23585.31
23493.51
26258.07
39628.25
38004.91
33791.79
56396.26
101698.06
18855.32
17686.60
17789.66
15581.13
20515.76
16896.50
26661.33
17717.29
22643.27
33190.57
16916.18
4.00
38669.93
13183.28
15317.05
30154.19
16620.06
23225.86
12063.86
25198.67
31573.01
45457.81
58716.86
14538.20
15777.06
14405.10
21674.63
22272.19
22593.94
17338.85
24939.76
26334.08
27114.68
27697.24
37611.00
22830.19
16136.21
20612.21
21497.03
20899.84
17585.04
23936.23
21218.95
23026.49
33270.28
25186.60
21649.00
19841.19
15106.79
24622.31
36686.96
34033.14
37511.03
33206.00
40145.61
41619.04
47273.59
58588.70
78981.04
123056.01
32007.04
41335.70
68358.49
46094.95
44700.57
67225.05
58544.02
48032.45
43069.06
52306.48
49830.87
64742.64
106492.77
93100.40
70011.83
113783.22
47606.54
40708.85
52852.57
67394.78
82152.27
112824.78
68978.19
71607.42
80223.78
112848.89
99790.39
62399.65
67608.34
30813.05
41643.33
71142.71
83836.96
75143.63
67254.17
68384.48
115704.50
59616.41
77196.01
121620.38
161934.20
114768.25
172866.91
305294.44
149932.05
78391.61
57626.98
91081.17
68952.53
97736.13
159530.61
139801.52
86939.27
128137.19
101215.41
194354.77
146112.53
50852.40
48470.00
68530.71
56864.60
29405.11
45255.00
52215.04
49143.72
40190.44
34896.13
49072.10
41001.72
53004.90
75787.26
49055.79
79637.39
170808.09
102412.18
61384.53
94149.55
157066.05
123193.18
201430.84
254051.84
280167.03
223883.09
38997.68
43540.63
74783.53
102899.87
67392.53
58852.28
32497.42
30231.59
31411.79
43667.96
40385.02
32906.67
16256.94
22030.17
18259.34
15627.12
22530.14
30475.12
24255.65
16188.87
22968.60
14286.57
19055.12
24513.90
26102.76
23961.89
38706.84
25666.19
17552.61
18858.18
9569.05
14124.63
11430.48
8616.03
10363.31
9709.33
8638.63
14600.63
17710.05
12097.78
9372.60
10096.62
13555.75
11933.10
11665.37
17767.04
33453.74
29263.44
20227.32
18738.32
16523.50
24839.47
15108.27
13244.74
12237.54
16249.64
15654.93
27719.49
17235.42
23198.94
61950.23
39925.45
36774.31
27389.49
30015.01
34183.17
21881.48
29138.77
32917.80
38944.48
30061.89
23541.83
21467.58
21236.38
23501.65
41964.49
37467.79
18791.00
25884.38
29103.05
19012.88
14221.97
14333.11
21621.95
12811.98
15778.15
24342.18
50073.34
32374.70
12795.55
13648.26
15303.14
10837.59
14837.82
12475.11
17320.22
13840.64
16621.44
16738.96
22440.38
19373.57
18193.94
13430.23
10155.78
12385.99
15682.44
9547.11
12534.06
11400.89
13617.21
12971.86
15978.07
15841.73
12739.83
16140.52
15535.70
17689.91
17210.94
14702.95
17620.95
17166.40
15058.94
17125.07
18464.05
23020.29
5683.33
18900.61
21470.23
12056.91
12670.96
18351.66
13396.07
28720.33
32794.63
33227.90
35651.97
20017.38
15873.62
22345.89
30958.24
21207.73
17458.17
19127.57
25756.23
22930.42
38729.64
28883.33
22043.86
28208.60
26548.84
25221.07
42335.79
48956.73
50097.28
66470.48
54136.35
59093.48
72038.44
81767.08
80780.67
58384.81
80028.58
54307.05
74875.92
81783.39
77081.89
59338.17
69087.75
62706.50
58824.45
64113.57
57294.70
54970.03
35723.05
42199.50
50985.59
75469.56
56851.24
26934.95
24044.05
40480.90
29409.08
29633.07
41362.74
39860.80
33168.48
32359.68
36406.01
27365.04
26839.99
800.03
16987.04
16336.34
20397.24
25836.51
32890.20
40180.19
36612.23
31570.53
25123.19
44251.33
37237.34
26936.95
29133.98
21060.37
31028.04
51911.46
43805.38
28797.46
36499.85
36891.00
37049.91
66445.22
69189.03
70044.75
58421.65
34863.00
32098.13
33265.72
50196.92
57580.19
38217.51
48456.95
45382.84
67927.79
81762.38
71968.10
69254.05
80963.74
112827.67
145290.14
137344.88
138905.66
125175.80
69723.02
78426.76
93719.17
122799.37
56655.55
65396.40
72061.22
92928.39
94207.60
128656.15
35802.02
107197.48
75767.33
29249.76
125744.32
1076.00
7078.00
133130.47
112320.24
388.65
99.55
158.62
269.01
