0.100
-0.300
0.390
1.520
0.070
0.160
-0.370
0.130
0.060
-0.350
-0.380
0.130
-0.050
-0.130
-0.140
0.290
-0.130
0.540
-0.420
-0.110
-0.170
0.050
0.900
1.380
0.590
-0.830
0.000
0.050
0.130
-0.030
-0.810
-0.740
-0.250
0.220
-0.110
0.740
0.070
-0.100
-0.410
-0.800
0.040
-0.840
0.010
-0.110
-0.080
-0.110
0.050
0.060
0.070
-0.020
-0.950
-0.200
-0.390
-0.180
0.020
-0.310
-0.340
0.000
-0.100
0.310
-0.550
-0.210
-0.120
0.670
0.090
-0.580
-0.250
0.300
0.090
-0.110
-0.360
-0.480
0.160
-0.220
-0.140
0.180
-0.400
-0.210
0.130
0.000
-0.460
-0.220
-0.270
0.690
-0.240
-0.270
-0.620
0.140
0.300
0.880
-0.250
-0.020
0.380
0.380
-0.620
0.860
-0.220
-0.160
0.140
-0.670
0.180
1.930
0.030
0.240
-0.160
0.150
0.150
-0.300
0.100
0.470
0.050
-0.370
0.690
-1.690
-0.260
-0.290
-0.180
-0.030
0.090
-0.360
0.040
0.200
0.300
0.180
-0.400
-0.200
-0.290
0.130
-0.350
-0.210
0.250
0.130
-0.280
0.070
0.340
0.020
-0.350
-2.370
-0.130
-0.650
0.120
-0.060
-0.550
-0.940
-0.100
-0.190
-0.150
-0.490
0.210
-0.260
-0.460
-0.350
0.500
1.050
-0.540
0.960
0.400
0.030
-0.340
0.240
-0.830
0.030
-0.390
0.090
0.890
-0.060
-0.680
0.010
-0.480
0.130
-0.020
-0.520
0.840
0.020
0.210
-0.010
0.110
-0.280
-0.750
1.490
0.630
-0.030
-0.190
-0.110
0.090
-0.940
-0.920
-1.060
0.620
-0.220
0.850
-0.610
-0.250
-0.850
0.280
0.230
-0.050
0.430
-0.190
-0.260
-0.460
0.250
0.090
-0.140
0.140
-0.620
-0.340
0.350
-0.980
0.510
-0.480
-0.320
-0.050
0.310
0.710
-0.960
-0.780
0.250
1.530
0.030
0.020
-0.620
-0.010
-0.450
-0.590
0.390
-1.480
0.010
0.190
-0.550
-0.270
-1.600
0.240
-1.100
-0.260
1.300
1.440
-0.900
-1.620
0.270
-0.500
-0.540
-0.470
0.200
-2.380
0.650
-0.570
5.810
2.560
-2.260
-3.510
0.000
-0.080
-0.350
0.720
-1.390
4.490
-2.390
-8.530
-3.020
5.700
-0.690
-2.020
2.550
1.910
7.370
-2.520
-2.710
-0.850
0.020
3.910
-0.600
2.480
5.010
0.090
-1.100
6.500
-1.200
1.690
-5.190
4.300
-2.100
-3.400
1.920
-1.940
4.100
3.240
0.580
3.390
1.150
4.660
1.410
-1.080
-4.630
0.100
-2.050
-0.910
3.460
0.300
-2.380
1.600
-1.460
-2.860
1.230
0.610
-0.940
2.400
4.740
-4.610
3.140
-0.440
3.500
1.600
-0.590
2.900
2.920
4.940
-0.080
-1.350
2.830
-0.250
-0.960
-1.850
2.030
3.090
-3.500
-0.950
3.590
2.140
-4.940
-1.420
-5.670
-2.110
-0.410
0.860
0.400
-0.910
1.980
3.620
-1.720
-1.100
2.080
0.140
2.280
0.420
2.410
-4.390
-2.170
-6.150
-0.520
3.400
-2.740
-0.980
4.400
3.690
-3.770
3.250
-3.760
2.220
-6.250
0.040
-6.940
1.420
-3.060
-7.900
-2.660
1.320
-0.540
-3.130
-0.440
1.560
-2.260
0.700
-3.390
-1.100
3.030
1.680
-0.510
2.900
-1.640
-1.470
-4.590
1.050
0.250
-3.600
5.000
-2.530
-9.930
2.960
-10.700
8.890
2.970
8.650
-1.570
4.870
3.840
1.430
-4.070
0.530
7.410
6.730
6.120
1.170
-0.770
-4.330
5.740
5.400
0.530
2.250
-5.690
1.620
-2.040
2.370
2.270
-1.520
0.300
4.900
-1.180
2.730
1.630
1.230
-2.000
4.380
-4.870
0.410
6.760
8.200
7.460
0.000
-4.720
6.520
-8.090
-8.990
3.210
-3.250
0.720
6.400
6.570
-7.100
-9.260
-10.280
5.480
1.900
4.190
-5.850
-7.670
-0.210
-4.440
5.570
-11.540
-9.430
-2.090
1.640
-6.700
7.410
5.320
9.960
-8.970
3.400
4.960
-12.200
-3.380
-8.700
3.430
11.890
-9.380
11.660
10.600
-0.380
4.270
3.850
8.930
0.430
-6.880
8.710
7.920
7.200
6.540
-7.270
6.610
6.010
5.460
4.960
4.510
4.100
12.540
