23.120
22.070
22.240
21.380
21.410
21.850
22.310
22.590
22.520
22.600
23.000
23.080
22.970
22.350
24.580
25.000
24.850
25.040
25.310
25.910
26.390
26.140
26.120
26.200
25.310
26.700
27.310
27.000
26.900
26.610
26.880
26.810
27.520
28.400
28.200
27.300
26.890
26.800
27.020
27.260
27.220
26.800
26.800
26.910
26.650
26.870
27.800
28.060
27.410
27.500
27.260
24.060
26.550
26.610
27.000
27.280
26.800
27.350
27.420
27.440
26.790
27.400
27.960
28.030
27.930
28.100
28.520
28.970
28.460
29.000
29.500
29.550
29.400
29.000
28.400
28.600
28.660
28.620
28.400
28.810
28.720
28.130
28.210
27.920
27.490
27.100
27.310
26.710
28.350
27.500
27.280
26.880
26.410
25.710
25.400
25.450
25.880
26.130
26.680
26.550
26.710
26.460
26.010
26.360
26.610
26.400
26.850
26.550
26.400
26.050
26.060
24.800
24.790
25.320
24.850
24.450
26.890
27.300
27.450
27.800
28.330
28.560
28.800
29.070
28.520
28.430
27.830
27.780
28.130
27.310
27.900
28.380
28.410
28.000
29.090
28.100
27.700
27.730
28.610
28.890
31.970
32.680
32.210
32.180
30.350
31.770
32.930
32.700
32.820
34.300
33.800
33.400
32.560
32.680
32.880
33.040
32.620
32.500
32.880
33.000
32.860
33.200
33.780
34.040
33.880
35.220
34.810
34.700
34.780
33.560
33.180
33.000
33.580
34.100
34.030
34.350
33.000
32.430
31.660
31.620
31.250
31.750
32.500
32.700
32.600
32.300
32.280
31.700
31.780
32.060
34.120
34.420
34.800
34.120
34.510
33.710
34.250
34.360
34.180
34.510
34.800
35.210
36.670
38.100
37.080
36.810
39.200
35.570
109.750
105.130
104.880
102.510
98.000
98.580
90.500
89.000
95.000
94.180
95.030
94.010
93.600
93.170
89.600
81.440
80.280
83.540
80.100
76.240
78.830
81.100
72.020
77.350
78.750
86.050
85.090
77.210
82.350
89.010
94.150
101.010
107.000
105.950
109.320
105.120
106.000
102.100
97.010
99.060
97.280
88.880
81.530
80.510
76.220
79.260
84.250
93.610
100.210
97.500
91.100
93.680
88.350
88.190
92.000
98.910
100.800
103.680
115.200
126.010
129.770
133.020
139.050
132.100
133.800
130.690
120.000
121.540
118.000
113.100
109.210
108.650
103.310
104.050
111.110
105.600
103.000
100.110
99.980
99.180
95.100
99.150
96.550
96.700
100.760
104.330
99.200
98.000
92.600
89.220
88.890
89.010
90.000
93.600
103.100
99.580
97.750
92.020
91.180
86.310
84.300
83.750
81.010
74.030
72.600
74.230
72.200
72.650
68.900
65.100
63.200
66.200
63.550
63.000
61.520
61.570
62.400
63.800
61.790
60.300
59.640
57.770
59.300
55.910
56.400
59.350
58.500
58.050
53.050
52.710
53.100
50.040
47.970
49.080
52.200
52.510
50.510
46.700
46.510
43.850
46.260
51.150
49.500
46.710
43.330
44.160
49.070
52.500
55.520
53.310
59.230
63.530
65.700
64.550
62.690
63.030
58.900
57.110
53.110
53.790
53.010
58.900
65.440
70.000
70.360
67.660
65.880
65.300
67.500
66.850
64.080
64.000
66.900
66.330
67.400
68.130
67.530
66.010
66.510
74.200
73.030
71.000
71.080
70.880
66.110
62.560
63.100
65.200
60.870
57.900
59.000
57.530
59.100
60.550
56.200
55.030
50.550
49.950
52.000
51.600
50.020
48.890
47.320
47.290
46.810
45.630
45.070
46.080
46.000
45.590
44.600
44.000
45.040
46.000
47.500
50.200
50.500
49.430
48.010
49.230
53.830
56.680
56.690
54.600
54.200
52.470
52.300
53.700
55.550
59.000
57.190
58.000
54.980
54.800
54.000
51.000
53.530
53.000
52.810
52.100
52.580
52.250
51.610
51.510
55.110
54.550
53.500
53.370
53.850
52.530
52.100
52.700
52.520
50.730
51.400
51.880
50.600
49.000
52.020
52.020
53.800
56.000
55.260
52.810
52.800
51.220
51.400
49.750
50.750
50.850
50.120
50.400
50.300
49.530
49.820
49.330
48.830
48.650
49.340
48.820
48.000
48.790
50.510
50.010
50.520
50.890
50.670
50.880
47.310
46.630
46.400
45.720
45.170
45.010
45.910
45.850
46.440
48.500
47.700
47.310
47.700
46.460
45.840
45.820
45.800
46.980
48.100
47.180
46.720
46.750
44.650
44.500
44.730
45.500
45.310
45.310
44.320
43.830
43.510
43.950
46.180
45.080
45.530
45.000
44.990
46.700
47.600
47.310
48.890
49.130
49.690
