28.380
28.210
28.510
28.710
28.480
28.600
28.750
28.440
28.080
27.400
27.500
28.080
28.090
28.360
28.600
28.600
27.580
26.050
26.000
26.530
26.620
26.050
25.460
25.410
24.500
24.800
26.100
26.100
25.650
25.000
25.480
26.800
27.770
27.550
27.900
26.780
27.030
26.880
26.740
28.350
28.200
28.330
28.690
28.580
29.020
29.020
29.120
28.180
28.200
28.030
28.000
29.700
30.750
29.910
29.900
30.000
30.880
30.930
31.080
30.060
30.880
32.500
33.030
32.510
31.850
32.570
35.480
35.910
35.820
36.450
35.900
35.030
35.240
34.360
34.960
34.730
34.510
34.550
34.110
34.500
34.500
34.800
34.520
33.680
33.430
33.770
33.810
33.690
35.700
35.590
35.320
35.250
34.020
33.180
34.360
35.220
35.110
36.280
36.030
36.930
36.010
35.180
34.660
34.360
34.110
34.730
34.610
34.060
34.020
34.000
33.700
32.860
33.300
31.850
32.480
36.040
38.500
38.000
38.560
37.570
38.010
38.660
37.870
38.150
37.810
40.600
40.520
40.660
40.030
40.580
42.310
41.900
42.410
41.960
43.150
42.650
41.560
40.210
41.000
42.300
43.510
42.810
42.500
41.510
42.050
44.270
43.110
44.200
44.180
43.590
44.500
45.000
46.800
45.500
48.500
47.510
48.550
48.900
49.800
50.800
49.500
46.430
46.000
42.000
40.190
29.460
29.220
29.110
29.110
29.000
28.930
29.290
29.360
29.050
28.900
29.110
29.300
29.310
29.510
29.340
29.300
28.820
28.750
28.120
28.260
28.720
28.610
27.900
27.950
27.450
27.270
27.140
27.020
28.200
28.050
28.060
27.330
27.550
27.630
28.430
28.800
28.020
27.300
26.840
26.860
27.000
26.800
26.360
26.430
26.530
26.280
26.040
25.600
26.360
26.200
26.360
28.300
28.110
28.100
28.410
28.400
27.970
28.500
28.750
28.600
28.730
28.250
28.600
28.300
28.450
27.500
27.330
26.330
26.720
26.400
26.180
26.020
25.370
24.770
26.160
25.570
25.690
25.780
25.820
25.190
24.510
24.100
24.000
25.250
25.040
25.200
25.050
24.570
24.560
23.680
23.340
23.370
23.180
23.860
24.020
24.300
23.740
23.940
23.830
24.800
24.350
24.600
24.060
25.400
24.700
24.750
25.650
26.360
26.360
25.380
25.460
25.220
25.500
25.400
25.160
25.130
25.300
25.100
27.100
27.530
27.780
27.260
27.030
26.730
27.020
26.410
27.220
26.260
25.520
25.110
25.710
25.100
24.330
25.300
25.200
25.730
25.240
25.380
25.060
23.880
23.200
23.020
23.410
23.160
22.480
22.850
22.500
22.710
23.220
22.910
24.350
23.250
22.100
21.990
23.680
24.480
26.600
27.420
27.400
27.200
27.180
27.270
26.000
25.500
27.200
27.500
28.280
28.100
28.080
26.900
26.880
26.540
27.800
30.500
30.530
29.980
29.800
29.030
27.380
28.220
27.690
28.660
28.670
29.440
30.610
32.000
34.100
31.600
32.220
35.800
37.000
36.680
37.080
38.170
36.930
37.300
37.800
36.920
36.980
36.510
36.020
35.520
34.080
34.560
35.000
35.900
36.180
35.310
34.950
34.070
33.330
34.650
32.020
34.000
36.610
37.100
35.700
34.750
33.630
33.200
33.070
34.420
33.800
35.100
36.880
35.240
35.000
34.120
32.660
32.240
32.020
31.220
31.050
31.600
30.020
30.000
30.800
30.980
32.070
28.020
27.610
26.540
26.500
26.620
26.320
26.230
26.100
25.300
24.730
24.580
24.080
23.800
23.600
23.270
23.580
23.880
23.710
24.150
23.280
23.110
23.740
22.480
21.000
22.100
23.510
22.900
22.610
21.000
20.800
20.000
20.950
22.500
22.990
21.500
19.420
21.580
23.980
26.600
28.600
25.680
27.440
29.700
30.600
29.620
30.350
31.780
30.700
30.350
30.000
31.040
29.290
28.330
27.000
28.350
26.300
23.770
26.100
28.180
28.000
27.600
26.550
26.920
25.940
23.230
25.070
26.820
26.050
23.110
19.300
19.590
21.770
24.190
26.880
29.870
32.600
29.160
29.500
30.630
32.300
33.900
30.500
32.970
36.630
36.100
36.000
39.180
40.600
38.860
37.800
37.200
37.140
38.000
37.620
41.100
40.200
40.110
41.670
43.090
37.000
35.610
33.080
32.260
31.420
31.500
31.030
29.510
28.510
28.750
27.910
27.300
26.600
25.760
25.550
26.080
26.620
26.710
26.680
26.130
26.280
26.860
26.380
27.080
26.910
26.080
26.200
26.860
26.000
27.000
28.400
28.010
26.300
25.800
26.600
27.420
26.780
26.510
26.060
25.900
25.700
25.210
25.070
24.820
24.510
25.230
25.070
24.680
24.220
24.000
23.600
23.070
22.920
23.290
23.400
23.140
23.570
23.930
24.100
23.230
22.940
22.850
22.600
22.600
23.120
23.060
22.900
22.910
22.430
22.270
22.090
21.960
22.800
23.720
23.880
24.330
24.050
23.510
23.680
24.000
23.870
24.280
24.300
24.450
24.950
21.830
21.660
21.100
21.190
20.860
21.110
21.220
22.830
23.000
23.060
23.050
22.800
23.290
24.360
23.060
23.400
23.210
23.620
22.080
22.910
25.360
28.170
28.450
28.450
25.860
23.510
21.370
19.430
17.660
16.050
13.380
