-0.850
-0.590
1.130
-0.220
-0.540
-0.010
0.210
1.260
3.380
-0.460
-1.150
-0.980
3.310
3.010
2.730
-3.040
-2.130
-0.580
-1.750
-3.870
-4.300
-3.890
-1.260
-5.350
-0.690
0.850
0.520
0.520
-0.880
-2.070
-2.050
-3.680
0.130
3.480
-1.490
3.860
-0.010
-0.120
0.050
0.000
1.840
0.470
-0.540
1.110
-0.740
-5.880
1.250
-1.530
-2.220
0.700
-1.510
3.230
1.860
-0.430
1.570
0.380
-0.030
-1.260
3.740
-0.910
-0.860
1.240
-1.480
5.010
2.370
4.340
0.190
0.790
0.200
1.220
0.100
-0.510
0.320
-0.150
-0.280
-0.020
1.190
0.480
-0.020
0.440
-0.290
-0.720
1.320
0.080
-3.280
1.250
-0.700
-0.100
0.070
1.080
-0.260
-1.310
-0.030
0.000
-0.810
-0.200
-0.470
-0.370
-1.300
0.310
1.210
-0.160
0.240
-0.040
-1.010
0.150
-0.520
0.470
-0.510
-0.190
1.050
0.570
0.870
0.380
-0.390
0.000
-0.250
1.590
0.220
0.900
-0.150
-0.310
0.320
0.180
-0.500
-0.120
-0.310
-0.220
1.540
0.200
-0.330
-0.780
0.040
-0.320
-0.900
-0.380
-0.010
0.630
-0.400
-0.710
0.060
-0.920
-0.630
-0.450
-0.790
0.330
0.990
0.520
-0.030
-0.270
0.380
-0.470
0.580
0.070
-0.380
0.000
-0.950
-0.720
-0.040
4.140
-0.060
0.770
0.880
-1.100
-0.390
0.060
0.290
-0.760
0.050
2.390
0.820
-0.040
0.300
-0.010
-3.000
-0.170
-0.270
-1.140
1.330
0.160
-0.410
1.170
-1.040
-1.000
3.170
0.130
-0.680
-1.010
0.810
0.000
-0.230
0.530
-0.280
0.100
-0.020
1.300
0.710
-1.570
1.760
0.620
-0.390
0.170
0.340
-0.630
0.890
-0.800
-4.210
1.520
-0.380
-0.210
-1.470
2.520
2.370
1.210
-1.440
0.090
-0.270
-0.210
-1.030
1.550
-0.460
0.450
1.060
-0.400
0.200
-0.010
0.610
-1.080
-0.030
-3.040
-3.180
-0.360
1.530
1.550
-1.240
1.640
-0.260
-0.680
2.560
0.450
-0.960
-3.850
-0.190
-0.610
-2.230
2.110
0.470
0.050
3.980
3.440
3.310
0.820
0.970
-1.270
0.150
1.470
-2.750
0.900
2.980
-1.210
0.160
0.070
0.580
0.700
1.000
0.300
-0.700
2.020
1.150
-0.370
-0.860
0.560
0.810
-1.240
-0.270
1.100
0.610
-2.210
-0.510
-3.120
0.120
-1.030
1.840
0.400
-0.530
0.400
1.520
0.100
-0.830
-0.080
-0.980
0.980
2.670
2.010
-1.660
-0.980
-3.030
0.650
0.390
-1.730
-0.160
1.500
0.400
-2.820
2.070
-1.320
0.030
-3.480
-0.310
-3.900
1.100
-0.380
-4.250
-2.390
-0.290
0.320
-0.800
0.330
-0.340
-1.120
0.350
-2.780
-3.750
0.330
4.790
-1.930
2.350
0.150
0.270
4.280
-0.440
3.930
3.570
1.440
-0.570
0.060
0.260
-3.410
-0.490
-0.350
1.660
0.630
-0.350
1.060
-1.050
-0.870
-0.330
-4.210
2.010
1.810
-1.110
1.980
1.280
-0.740
1.880
-0.750
0.400
0.200
0.070
-2.270
-0.620
0.070
0.320
0.480
-3.130
-1.310
3.790
0.000
1.890
0.060
-0.500
2.700
-0.250
1.090
0.050
0.270
-0.380
0.410
0.240
0.220
-1.040
1.710
0.500
0.030
-1.950
2.550
-0.750
-3.450
0.000
-1.290
0.990
1.090
-0.370
0.430
-2.350
-2.470
2.600
1.880
3.090
-3.430
-3.810
-4.240
-4.640
0.020
-3.030
0.840
-1.110
3.300
-2.670
2.660
0.710
1.310
4.090
3.720
0.530
-1.870
2.120
0.100
3.300
1.910
-3.430
0.820
3.060
-1.020
-1.040
-2.150
1.960
-3.650
-4.060
-2.700
3.940
3.580
3.250
-3.610
3.290
1.850
-0.180
0.000
1.560
2.690
-2.990
2.720
2.470
2.250
2.040
1.860
1.690
1.540
1.400
1.270
1.150
1.050
3.200
