34.320
32.680
32.390
32.050
32.760
32.850
32.700
32.770
32.960
32.210
32.360
32.370
32.480
32.590
33.000
32.700
32.420
32.920
32.860
33.320
33.000
32.800
32.800
32.080
31.250
30.660
31.550
31.200
30.900
29.700
29.330
30.110
30.500
30.030
30.180
29.210
28.030
27.900
28.170
29.670
30.390
29.850
30.150
30.550
30.300
30.200
30.260
30.320
30.120
30.030
29.780
31.100
30.950
32.020
33.050
33.990
34.910
35.690
35.930
36.470
35.360
36.180
36.230
36.140
34.690
34.610
36.310
36.950
37.230
37.530
37.900
38.470
38.750
38.650
38.850
39.300
38.650
38.550
39.050
38.920
39.090
38.920
38.590
38.180
37.470
37.570
37.960
37.690
37.570
38.190
37.500
37.680
37.290
36.740
36.700
37.210
37.210
37.680
38.000
37.770
37.900
37.930
36.510
36.840
36.400
36.010
35.860
35.830
36.340
36.250
35.820
35.820
36.530
35.720
37.590
39.200
39.350
40.290
40.090
39.940
40.370
40.790
40.300
39.190
39.600
39.090
39.770
39.760
39.020
40.260
40.940
40.760
39.570
39.790
39.110
38.900
39.660
38.640
42.930
42.760
43.580
43.110
43.020
42.480
44.150
43.760
45.100
45.850
46.510
47.240
47.100
48.960
49.430
49.220
48.110
48.730
47.330
47.300
46.750
46.780
46.010
46.450
45.960
46.340
46.770
46.900
48.400
48.890
48.800
52.580
54.700
55.000
54.750
54.980
54.990
55.110
55.060
55.490
55.340
55.480
54.530
50.960
50.290
53.280
54.500
54.500
55.650
54.050
53.880
53.250
53.180
50.090
50.140
50.050
49.380
48.850
50.100
48.880
49.400
46.160
46.020
44.100
44.280
44.250
44.500
41.850
41.620
40.370
40.120
39.210
38.960
39.200
38.440
38.280
37.780
37.470
39.380
40.780
40.320
43.890
39.900
39.120
39.790
38.400
38.190
37.630
37.690
37.800
37.310
37.600
36.450
36.760
37.100
36.470
37.190
36.500
36.400
36.230
35.400
35.760
39.730
40.000
39.790
40.480
39.390
38.970
39.000
37.520
37.500
37.390
37.100
37.100
37.900
36.460
36.550
36.870
37.150
37.550
37.660
37.610
37.910
38.170
38.380
39.840
41.670
41.590
40.990
39.830
39.500
40.060
40.450
40.700
40.290
38.880
39.780
43.710
44.250
45.600
45.450
45.200
45.160
47.330
44.500
44.530
45.260
44.960
44.850
44.550
44.000
43.240
46.230
43.240
43.200
44.540
44.500
44.340
43.870
43.150
42.110
43.000
43.220
42.290
42.000
41.710
43.190
43.160
42.950
45.330
46.220
44.740
44.700
45.450
45.000
48.070
52.030
53.000
48.180
49.500
50.270
52.150
50.000
51.480
49.000
47.080
48.150
48.000
48.200
48.980
49.510
49.100
49.250
49.000
48.750
51.800
53.600
52.500
51.730
53.240
51.450
52.280
47.530
47.200
44.900
49.750
48.500
44.610
49.500
52.720
53.190
51.060
53.540
53.880
56.050
54.640
53.850
54.000
56.800
55.500
53.490
55.990
53.000
48.650
50.130
51.700
50.200
50.080
52.020
49.700
46.350
46.360
45.200
50.000
49.000
49.400
47.000
46.890
46.150
44.480
47.310
47.740
48.190
51.540
48.860
46.730
47.540
43.230
40.550
40.900
40.040
38.910
38.030
39.690
39.280
37.580
38.210
36.310
35.820
35.020
38.880
37.590
38.500
38.490
38.100
37.080
37.810
36.720
36.360
33.260
33.050
32.520
33.090
31.910
33.600
33.440
33.800
33.570
32.800
32.080
32.810
30.400
31.190
34.580
34.410
36.980
35.500
34.000
35.000
34.220
38.000
42.000
39.610
36.500
34.610
35.150
37.680
37.090
39.280
36.300
38.680
42.000
41.830
43.030
45.220
41.110
40.160
40.990
43.950
39.950
40.820
45.350
42.470
38.610
35.100
31.910
35.210
35.560
32.330
32.410
30.000
30.910
29.310
31.370
34.860
31.690
28.810
26.190
23.810
26.460
29.400
32.670
36.300
39.800
36.180
32.890
31.050
28.230
25.660
23.330
21.210
19.280
17.530
15.940
14.490
13.170
11.970
