8223.65
6035.98
5945.00
7050.00
4479.00
5330.00
3483.42
5207.47
6385.71
6853.26
8940.00
6666.26
8700.00
6893.38
18193.03
22814.93
13295.52
11097.20
8739.97
12692.67
22893.04
18568.61
10832.41
6984.25
15331.42
6866.72
4965.80
5105.59
5925.94
6978.21
11153.07
13543.20
25497.52
27262.85
7610.40
7509.25
4805.37
3414.34
7040.78
6560.30
5888.48
6609.67
6740.00
5315.42
4655.94
4786.95
3906.26
9039.11
5976.16
7488.34
9497.27
6270.33
10401.78
11868.12
13151.91
18046.58
29025.44
40214.82
8895.51
6754.30
13937.47
13269.93
9703.03
15700.59
11432.46
19649.59
14741.28
8211.95
10798.43
11199.40
12468.01
12996.87
11178.32
18645.55
27759.96
31680.02
16707.27
10313.77
15406.40
17887.66
11079.44
14025.49
25538.41
43921.45
6678.60
8812.22
15974.40
9293.83
7891.70
15525.68
10141.38
9387.67
13942.79
9641.36
18121.93
11180.96
9104.11
9569.94
14926.42
13781.28
14513.07
12132.56
9189.24
6784.00
4671.51
4.00
4490.81
6037.60
7372.62
9398.79
10140.76
8584.95
9207.57
17860.20
16053.41
10820.53
8666.01
11337.00
5628.83
6999.48
14043.00
14912.62
10739.03
9717.00
8162.11
7524.00
6066.00
7638.07
9533.01
13195.00
12031.02
16935.49
12092.08
8345.02
10044.70
14524.86
16580.69
15213.87
21637.92
13130.84
12536.00
11243.22
11035.46
18542.04
23916.79
21312.79
23580.92
18450.30
18566.98
25417.75
35981.32
48576.77
55443.06
59398.05
37796.52
28225.23
35353.19
34997.85
51632.26
43318.16
74235.16
88637.44
72799.75
92005.20
126723.85
90013.58
30639.47
20857.00
20481.30
26030.00
32965.66
29604.20
40371.60
34289.91
49709.23
67583.42
74484.18
44672.59
79064.41
57531.07
12973.72
18444.93
6644.00
15484.37
13215.67
9160.46
13882.56
11861.54
9650.87
14813.37
15416.51
8045.63
8913.38
8684.99
15822.92
11085.89
9082.37
16238.04
15911.86
13241.20
15844.86
16897.86
30805.31
23491.47
62204.07
60699.08
44927.77
43359.34
67845.31
54967.02
36573.67
21336.01
25310.15
28435.82
29216.48
12565.94
16744.11
20661.89
22658.75
11402.56
14785.00
14561.10
20609.64
17285.43
20436.05
15304.00
21699.13
32501.96
15471.63
16150.71
27189.44
29518.75
20291.85
23120.90
30969.36
37643.58
32785.69
57685.59
60103.20
45560.91
50165.53
46791.52
62829.15
53085.84
50001.90
31099.45
49329.92
49696.97
41363.52
55374.40
50215.64
46491.54
50489.28
80598.86
42454.88
36145.88
23486.93
33632.21
22268.18
42338.19
55278.44
65870.85
45736.67
57076.17
56330.33
42827.08
48180.19
31442.35
43079.86
22029.45
28590.06
16314.99
18417.34
17878.16
14656.12
25932.81
22197.65
23117.94
14813.26
28868.53
22461.30
40436.66
41019.10
45426.42
44220.28
39238.47
26369.42
33667.64
41932.13
37178.74
38265.60
20937.16
26274.86
30581.48
46968.49
29819.41
30197.60
54424.59
87996.79
68750.23
48019.02
35406.50
40567.15
34254.08
37653.24
50179.74
52251.61
30968.46
22049.51
21657.34
31538.07
25038.19
40317.49
37490.87
47516.80
49484.57
60323.46
53614.04
40035.04
28596.12
40819.74
28133.84
35059.46
46328.03
73005.77
33526.69
52222.92
50668.44
48580.34
51022.78
29634.39
49202.20
53088.99
80604.20
103071.48
95454.72
105751.82
47718.93
82987.60
73186.03
57145.91
97933.08
51709.67
55439.01
62383.53
89819.96
35001.39
57229.47
105301.26
82928.52
41047.10
11261.03
1716.99
374.00
300.00
595.00
182.00
380.00
56.00
35.00
62.00
31.00
37.00
109.00
