24.800
24.210
25.210
26.100
26.100
26.500
25.800
25.780
25.500
24.900
25.900
26.880
26.600
26.710
26.920
26.940
26.950
26.970
26.990
27.110
27.170
26.910
29.390
29.250
28.350
28.090
26.940
27.070
26.960
25.800
25.800
25.500
25.750
24.700
25.080
24.660
23.800
24.050
24.000
23.990
24.210
24.000
23.700
23.950
23.170
24.920
25.060
24.810
24.880
25.000
24.900
24.880
24.920
25.330
24.850
24.250
24.100
24.300
24.270
24.190
24.240
24.190
24.230
24.130
24.170
24.450
24.420
24.610
24.430
24.770
25.110
25.260
25.530
24.590
23.900
23.580
23.730
23.730
23.630
23.600
23.510
23.780
23.560
23.150
22.620
23.100
22.760
22.650
22.430
22.000
21.960
22.030
21.480
21.450
20.860
20.830
20.820
20.930
21.140
20.800
20.370
20.230
20.470
20.080
19.200
20.930
21.800
22.610
23.200
23.530
23.710
23.620
23.450
23.260
22.900
23.610
23.580
23.150
22.370
23.170
23.240
23.850
23.790
24.170
24.300
24.450
24.190
22.300
23.710
23.500
23.500
23.350
23.300
23.110
23.410
23.750
23.650
23.710
24.210
24.010
24.200
24.570
24.890
24.500
24.500
24.240
24.740
24.620
25.070
25.060
24.540
23.780
24.150
23.700
23.210
23.130
23.270
22.400
22.620
22.700
22.400
22.210
22.510
22.710
22.350
21.960
22.150
21.940
22.140
22.380
22.500
22.160
22.010
21.970
21.970
21.880
22.040
22.180
22.050
21.960
21.920
21.860
21.720
21.830
21.870
23.340
23.170
23.000
22.650
22.860
22.830
22.920
23.060
22.920
22.860
22.950
22.360
22.800
22.780
22.900
22.950
23.020
22.730
22.710
22.110
21.700
21.860
22.260
22.250
21.760
22.080
21.880
21.860
21.790
21.420
21.430
21.450
21.680
23.000
22.920
22.900
23.790
24.020
24.240
24.100
23.900
23.860
23.830
23.450
23.820
23.760
24.500
23.880
23.140
22.900
22.830
22.080
22.010
21.990
21.050
20.500
20.820
20.500
20.500
20.730
20.860
20.600
19.880
20.100
20.900
22.000
22.110
21.840
22.000
22.320
21.900
20.610
20.350
20.340
19.550
20.690
21.010
32.580
30.360
29.900
29.750
32.180
29.400
28.900
28.250
29.860
30.070
30.000
32.610
34.230
34.610
33.200
35.000
31.870
29.900
28.010
29.290
29.350
30.980
32.600
33.100
32.280
34.750
36.660
36.390
40.430
44.370
44.020
42.000
40.200
42.600
39.720
40.490
40.950
38.330
38.200
39.020
37.800
37.600
36.250
36.210
36.360
36.830
38.070
38.770
38.800
36.760
34.810
36.900
34.050
35.010
37.080
37.240
35.410
35.450
35.040
33.970
33.870
34.610
33.610
35.530
37.110
34.220
33.510
32.600
31.550
31.300
30.610
28.830
27.880
28.800
29.100
28.790
28.000
28.190
27.410
26.550
26.440
28.510
28.000
28.610
28.870
28.500
27.290
27.210
26.760
25.960
26.350
25.460
24.580
23.020
23.410
24.630
24.230
24.730
23.010
23.180
23.000
21.680
21.330
22.760
24.600
25.000
25.300
23.500
23.010
21.900
22.900
24.860
24.880
23.330
22.500
22.730
25.250
27.900
30.210
28.620
31.400
34.270
35.500
34.350
35.000
36.020
34.600
33.630
33.400
35.230
33.400
31.500
30.370
30.500
28.880
27.560
30.500
33.730
32.700
32.230
30.980
30.850
30.500
27.180
30.090
31.500
30.610
27.800
22.080
24.530
27.260
26.560
27.040
29.200
31.080
27.770
30.420
33.800
37.010
38.850
35.530
37.580
41.600
42.480
41.000
45.320
48.000
47.580
45.810
45.510
45.000
45.530
46.890
50.700
50.280
51.000
46.800
52.000
50.050
45.330
42.000
41.580
40.730
38.800
57.700
54.620
51.750
51.200
50.630
47.630
46.100
44.410
42.800
46.000
45.820
46.360
47.300
46.300
46.580
48.330
46.580
46.800
46.950
45.100
44.860
46.590
45.760
46.370
49.110
49.600
49.500
48.000
48.290
46.330
44.410
44.340
44.200
44.180
44.170
43.790
42.600
41.000
40.400
41.190
41.160
40.920
40.700
40.310
39.840
38.910
38.730
38.510
38.620
38.100
39.850
40.500
40.840
39.020
42.940
39.040
35.490
32.260
32.260
24.440
