3045.52
2782.93
4060.97
3172.07
3948.18
5571.91
1773.25
2330.89
3264.92
4046.34
3275.00
2575.19
3618.66
3066.67
2114.93
4162.50
5199.39
4244.66
5816.60
7536.47
9528.93
4364.00
1895.57
2539.71
3664.40
4708.08
3287.34
6242.00
5463.80
3310.53
3722.12
2507.94
1468.70
3424.23
2658.21
3098.22
2525.44
2135.20
3252.98
1991.26
2148.02
3298.11
1971.73
3403.89
2668.00
2367.10
5001.99
4980.11
4489.00
5128.38
5700.51
5848.45
4930.65
8546.74
2752.61
3059.07
3140.36
4521.49
3631.23
4660.10
6694.72
5209.10
9423.30
4749.46
6943.48
4636.11
4808.12
2126.99
4456.70
3319.05
4526.51
2862.60
3984.75
7380.23
6423.92
5193.81
4418.44
3901.65
4101.15
4445.87
5910.31
12259.00
4863.26
6558.94
4087.76
3342.47
5945.29
4120.48
6137.36
4742.15
3563.76
3385.02
5005.77
4365.74
3224.86
6067.57
8618.13
3186.54
3853.41
4271.32
4597.68
4883.07
5028.94
4607.80
2076.33
2728.14
3797.00
3433.55
4376.19
2973.16
2693.08
1680.39
4885.13
7493.45
5198.24
2762.01
6619.32
5579.26
8284.33
6429.89
4368.31
3980.66
2931.09
3428.59
5557.93
6058.00
6604.84
6731.80
5305.11
4850.69
4534.04
6459.69
5494.47
6877.45
5045.62
4669.10
8919.25
7944.47
3825.98
4147.77
5556.39
8905.86
8590.53
9362.80
6660.46
7718.10
16271.71
15042.51
19744.17
31634.09
52854.13
25024.00
28006.27
27307.50
22318.21
20327.94
5591.86
12516.32
7729.62
9298.84
6242.49
3954.98
6891.59
6426.00
9715.74
6992.57
4666.53
3954.50
6527.49
7778.96
7250.87
8272.36
10295.83
7913.91
11767.56
9577.15
7117.34
9897.31
14198.07
24735.31
20065.56
9036.02
8459.96
11005.02
11239.92
16813.69
20864.52
6487.18
9502.73
6489.96
7117.64
3548.63
2512.88
5667.79
6346.20
5843.36
5569.20
4581.59
5315.14
5281.31
6358.07
16525.06
8037.73
12790.28
13471.56
5663.74
10150.90
8245.28
3487.27
3384.64
4834.13
3758.38
4496.08
11366.51
3467.40
3616.94
3217.02
5029.03
3777.01
3349.68
4635.62
3735.20
2877.89
4505.59
7630.84
7653.36
14022.28
5629.20
5619.45
5301.89
15061.93
7854.35
10148.41
9256.31
15992.43
6427.39
8200.79
7993.68
7477.18
6707.51
11666.57
12049.08
11864.85
11444.09
16110.53
22176.84
19409.76
23552.04
18601.19
18790.49
23089.24
13182.23
13458.06
15051.99
11681.02
9419.16
15774.91
8430.73
15756.98
11317.07
12961.86
10404.74
13867.42
13767.64
13354.49
13892.88
12794.94
15661.54
13640.10
11311.64
9008.22
17292.19
7878.76
10219.45
12450.49
15400.09
16776.79
7353.54
9440.62
9905.83
10872.61
16178.16
25469.17
19145.76
19575.69
24619.48
25305.60
11847.82
14131.46
9586.79
8352.18
11093.39
15767.78
22169.51
12843.62
13561.69
19675.19
25050.10
13088.89
10284.61
10747.21
9990.35
10296.99
9151.43
17169.74
7332.18
11382.73
11436.07
12857.04
15148.93
13372.65
15352.97
22401.25
32949.74
46015.97
18098.63
14159.61
13810.11
10412.16
15041.37
9405.85
7831.03
7017.91
10054.20
7723.33
10722.28
21092.99
18670.39
11744.53
10096.58
8667.36
14482.69
9806.40
8087.22
11123.36
9454.55
13706.80
11981.97
7988.60
6051.66
5891.35
10316.51
12493.58
10848.81
9428.56
9661.16
5913.07
9602.22
11160.04
6233.60
6829.86
10309.41
11218.19
9884.43
16531.57
11463.22
11465.72
10450.86
9203.82
12250.60
13126.97
3532.07
14307.60
16174.20
12307.07
14642.98
14009.36
20970.36
18516.56
10101.45
11608.76
16450.88
10506.02
15643.22
23008.80
35533.61
12673.18
5785.77
8057.65
5372.58
5536.19
7614.01
10306.47
10772.83
12568.88
7421.64
10510.21
12771.14
19184.67
18398.11
14896.87
11940.52
16951.09
20091.78
14403.88
12770.37
19268.00
15138.70
14962.83
23746.53
19340.69
18361.96
21573.63
23742.02
32742.78
18054.12
19472.12
9676.83
16119.43
7949.33
11130.19
14170.63
18071.34
14109.98
16263.49
9784.08
15683.53
10709.88
6464.45
11036.05
12811.67
7946.50
9829.99
15925.55
11647.89
11521.86
173.00
21038.36
27620.56
6275.00
9373.48
9443.67
7857.15
10771.18
10559.43
7342.22
14630.89
13129.42
9229.25
17846.98
11390.73
8803.05
16006.03
8873.20
7416.68
12394.59
11169.00
10021.87
15222.94
12154.31
17013.05
17492.02
7130.20
8985.53
7541.01
14903.17
15345.60
10161.33
14293.03
10410.77
10965.90
15178.02
13370.18
10403.11
5328.90
11621.53
10715.62
11103.82
8630.08
15489.13
14757.03
25709.63
19510.46
16769.36
15424.21
14230.13
15126.08
23314.90
21441.25
29192.32
716.63
15617.60
24899.34
15006.43
16031.24
17922.05
26640.16
21216.81
17165.47
28041.89
36696.23
18561.12
21198.44
12376.78
16542.24
13632.73
21126.01
14215.15
15960.80
15575.85
14015.71
14205.04
9826.71
6451.17
8297.63
9945.68
9494.75
11252.39
16776.64
30270.16
14192.32
15392.37
14729.12
7352.97
8051.09
7661.66
7256.98
8331.22
11697.14
7276.60
9427.78
9424.94
9551.21
10452.50
12097.76
14665.60
11083.73
11765.09
10444.86
10681.59
7197.81
9936.97
14943.21
12812.25
12671.02
7646.04
8129.78
14131.94
9001.71
7178.30
6091.79
5997.54
5693.82
4115.47
4749.18
5963.22
9690.00
4763.66
5916.59
7257.11
4682.14
5612.16
5043.97
238.00
4036.73
4487.08
5308.90
4714.26
4397.54
4573.38
3438.03
5350.43
5073.75
4060.92
4757.00
4431.33
14584.87
3013.73
4945.43
7128.15
4461.02
7907.57
6523.74
9666.53
9312.10
10194.69
8315.40
2823.23
3317.33
5637.27
3116.58
6892.41
4529.06
4692.49
5954.97
6361.04
4299.37
3244.82
6710.05
3083.06
5326.87
6553.49
6480.53
8475.57
10650.15
5564.41
7942.24
9470.27
5330.65
3477.17
5015.61
6616.25
10327.32
8523.38
13901.28
8886.15
13549.10
17796.17
11552.64
8971.10
7219.48
5752.43
7558.08
6871.66
8328.15
4625.72
5522.74
5002.24
7460.24
14529.39
12132.04
17535.67
10670.26
9279.15
8376.89
9148.70
4620.08
6867.32
5521.42
7642.41
8563.11
9454.10
8038.94
6801.53
10977.60
10162.30
7649.86
8190.89
8436.99
19293.53
11071.69
9094.56
5490.94
7955.02
6889.45
5434.89
7739.24
4592.81
7484.07
6437.14
4908.93
5099.51
9741.24
2700.41
3423.53
2930.13
5459.18
8607.32
6823.97
5009.90
7497.96
4519.55
5176.85
4947.80
6490.46
5322.93
7910.43
4805.32
3188.84
5144.19
3626.59
6286.45
13454.87
4459.32
5290.12
5125.35
7174.03
4133.14
3292.25
3937.09
6112.67
6775.37
7227.06
6830.87
5066.90
5912.23
8239.73
2741.14
6148.74
5713.61
6244.87
6031.51
8583.01
3352.92
5594.80
5744.43
2853.00
4742.92
5970.15
7161.12
8966.57
14823.94
9412.97
6002.30
6359.05
8331.27
6891.39
