30.960
30.800
30.390
30.120
30.050
29.830
29.910
31.190
31.500
30.230
30.380
30.370
30.480
30.200
30.190
30.270
30.000
30.290
30.500
28.050
28.260
28.500
29.550
27.080
26.960
26.890
27.360
26.950
26.970
26.970
27.630
28.500
26.790
26.900
27.170
27.090
26.800
26.750
26.990
27.450
27.200
27.400
27.830
28.260
28.600
29.290
28.920
28.500
27.000
26.950
27.470
27.480
28.530
29.980
30.160
30.370
30.860
32.980
31.580
31.180
31.570
31.680
32.140
31.080
30.350
31.620
32.980
32.990
33.100
32.960
33.230
33.060
33.580
33.930
34.090
34.380
34.500
34.670
34.420
34.790
34.480
34.590
34.350
34.100
33.820
34.290
33.870
33.470
33.890
33.980
33.160
33.260
32.930
32.500
32.960
32.940
33.430
33.600
33.810
34.180
34.260
33.750
33.740
33.800
33.370
33.300
33.450
33.220
32.990
32.740
32.300
32.720
32.750
33.990
35.090
35.310
37.210
36.800
36.660
36.990
37.600
37.060
37.180
36.200
36.340
36.540
36.470
35.900
36.290
36.600
36.490
36.010
35.860
36.300
34.710
34.660
35.100
37.420
36.420
36.890
36.660
36.440
36.680
36.460
35.730
36.720
37.430
39.480
40.350
41.000
39.860
39.880
39.980
39.260
38.430
39.390
41.330
37.990
38.640
38.490
37.460
37.890
37.800
38.380
38.000
36.200
34.210
34.250
34.390
34.990
34.500
34.760
34.680
35.500
34.380
35.500
35.400
35.520
32.700
32.800
30.960
31.260
32.100
32.280
32.120
33.460
34.000
33.060
32.540
32.490
32.200
31.850
31.990
32.400
33.480
32.900
33.490
33.970
33.980
34.870
32.530
30.990
29.130
29.280
29.550
29.330
29.400
30.500
30.050
30.970
29.950
29.800
29.750
29.700
28.560
29.180
29.570
29.500
29.500
28.700
28.880
28.720
28.620
28.900
29.750
30.290
32.300
32.250
31.880
32.150
32.330
32.320
32.280
32.880
33.890
32.850
32.750
32.900
34.780
35.150
34.970
34.370
33.150
32.680
32.950
34.070
33.970
34.130
33.900
34.680
35.080
35.350
36.250
35.000
33.080
32.330
31.720
30.350
32.470
33.740
34.150
33.660
34.180
34.480
34.300
33.790
32.800
33.900
33.310
34.680
32.640
33.400
32.570
29.830
29.680
30.610
30.340
29.950
29.000
30.440
29.950
32.510
35.880
35.650
36.360
36.990
35.580
35.500
35.350
36.030
36.900
36.990
37.290
37.880
35.100
35.200
35.330
33.780
31.550
31.300
31.420
30.820
29.700
30.480
30.450
30.790
31.550
30.500
30.850
31.200
31.480
30.500
30.520
30.600
29.470
26.900
27.400
25.950
25.420
25.360
25.860
25.880
26.370
26.940
26.330
25.390
27.010
28.980
29.970
29.980
30.800
31.180
31.490
31.430
30.500
30.760
28.870
29.400
29.480
28.810
28.820
26.900
27.470
26.500
25.400
27.240
27.190
26.180
27.980
27.790
27.430
26.470
26.790
27.500
29.970
30.500
33.490
37.450
37.490
38.510
37.000
39.000
41.880
42.000
41.960
38.950
38.060
36.400
37.050
35.500
35.600
37.000
35.520
34.890
34.250
33.720
32.990
33.200
33.780
34.800
35.490
34.530
33.960
34.700
35.200
35.500
40.500
38.350
38.520
36.100
36.250
37.340
37.990
38.600
36.340
36.080
37.000
37.400
38.700
35.800
36.840
36.650
33.370
30.340
27.750
27.890
27.850
28.480
30.300
29.800
28.770
26.720
26.040
28.000
28.880
27.600
27.860
26.980
26.950
27.400
26.100
23.920
23.450
22.300
22.170
22.190
22.610
23.300
23.510
22.750
23.260
23.000
21.540
22.590
21.590
20.820
24.730
24.540
24.750
24.720
23.450
23.310
24.800
26.500
29.500
30.500
28.800
30.710
31.400
35.000
37.000
42.000
45.000
50.000
52.630
53.890
51.300
47.000
47.490
47.060
43.010
42.870
44.000
42.130
38.510
40.500
40.990
40.000
40.500
42.900
41.250
37.780
36.530
38.000
35.680
32.630
30.200
31.500
28.640
38.100
35.360
41.470
47.600
49.700
49.200
63.210
64.000
64.000
63.000
63.330
69.800
70.600
71.190
73.890
74.590
69.980
64.880
62.950
66.500
67.150
67.450
71.990
70.710
64.900
62.950
68.150
64.460
60.280
56.830
58.800
57.150
58.800
56.340
51.690
48.930
45.750
49.000
44.780
40.710
37.120
37.150
38.250
39.500
38.550
39.680
37.990
36.880
33.530
30.530
30.540
30.640
29.980
31.000
31.990
31.970
31.990
33.330
30.940
30.240
30.490
31.440
31.330
30.890
31.090
28.980
29.220
29.650
29.250
29.450
28.980
29.380
29.870
28.950
28.690
28.800
28.570
27.800
27.490
27.890
27.950
27.100
27.630
27.890
26.780
26.560
26.550
26.580
26.400
26.240
27.110
28.500
28.480
27.500
25.190
24.800
24.400
24.250
24.140
24.970
25.290
25.650
25.270
25.000
25.650
25.840
26.000
26.050
25.950
26.190
26.280
26.380
25.400
25.290
24.580
24.250
24.250
24.380
24.480
24.850
24.830
24.690
24.990
23.800
23.800
23.470
23.960
24.730
25.200
24.980
24.490
26.160
27.450
27.780
28.100
28.550
28.500
28.250
28.250
28.000
28.900
29.730
30.550
30.980
30.510
30.680
30.680
31.340
32.290
30.350
30.420
30.750
30.350
30.380
30.560
30.310
30.390
32.990
33.700
33.650
33.500
32.980
33.270
32.450
31.900
32.250
31.830
31.640
31.970
32.100
31.260
30.980
32.600
33.560
35.290
36.760
36.600
33.960
32.660
32.360
31.940
31.480
32.400
32.660
31.790
32.050
31.880
31.610
32.370
31.950
31.980
32.550
33.340
34.500
33.990
32.500
29.750
29.850
30.150
29.860
29.840
29.870
30.270
29.480
29.360
28.620
28.180
28.640
28.690
29.750
30.390
30.550
30.390
30.890
30.990
29.600
29.120
29.670
30.750
29.060
29.100
28.640
29.150
29.340
29.310
28.990
29.850
30.290
30.200
31.100
29.730
27.150
27.170
28.370
28.310
29.410
29.430
30.310
31.640
32.750
32.810
32.380
32.400
33.100
32.890
