-0.400
0.440
-0.050
0.430
-0.280
0.050
-0.610
-0.690
0.020
1.660
-1.240
-0.110
-0.290
-0.150
-1.210
0.950
2.620
1.350
-1.090
-0.080
-0.300
1.140
-0.220
0.950
1.030
-1.910
0.020
0.230
-0.180
0.330
-1.850
-2.870
-0.630
-0.560
-0.350
0.620
0.070
-0.310
-1.890
-0.210
0.270
0.090
-0.420
-0.710
0.150
-0.860
0.730
0.520
0.040
-0.060
0.190
-1.550
-0.580
1.150
-2.950
-2.760
-0.860
-0.030
-0.200
0.810
-2.700
-0.760
-0.570
0.330
1.790
-2.950
-2.190
-2.010
-1.490
-0.310
0.480
-0.630
-0.430
-0.800
0.010
1.420
-0.670
0.220
0.120
-1.720
0.180
-1.040
-0.820
2.000
-4.180
4.780
3.620
1.250
-0.810
1.570
0.460
0.490
0.950
-0.750
-0.830
-0.570
0.340
0.580
0.930
-2.280
1.580
0.450
0.020
1.460
-1.180
0.000
0.070
0.150
-1.650
1.770
1.290
0.260
-0.390
1.430
-5.910
-1.560
-0.730
-1.990
-1.240
1.340
-1.400
-0.730
0.620
1.070
-2.930
-2.120
0.190
-0.640
-0.240
-3.360
-1.100
5.160
0.390
-1.800
1.030
0.770
-0.900
0.860
-3.810
-6.700
-1.750
-0.670
1.200
-1.280
-1.010
1.170
-0.240
-2.900
0.280
-2.600
-2.490
-1.300
1.410
0.100
2.080
-2.260
-0.410
0.460
-1.540
-1.920
0.230
1.150
0.100
0.570
-3.880
-6.020
-11.580
-4.400
-1.150
1.260
-1.120
-2.490
6.010
9.590
-9.540
9.590
-0.020
8.720
-2.600
-1.550
3.700
3.700
1.370
7.500
0.030
-0.270
0.250
-0.280
0.120
0.260
0.570
-2.170
0.140
0.800
-2.480
-1.840
-0.490
7.310
-0.020
-1.900
0.750
-1.500
3.260
0.650
2.060
0.280
-2.420
-0.300
1.840
-0.770
-1.000
-0.740
3.370
1.230
-3.100
-1.110
-3.910
-8.490
0.600
-4.700
-1.390
2.040
-2.020
8.220
1.650
-1.700
3.640
0.560
-0.200
-4.600
-1.100
-1.590
2.650
1.340
1.500
0.500
-4.750
0.050
2.790
3.290
0.920
-0.500
3.800
-1.610
2.840
1.970
-1.060
2.980
0.480
-7.600
-4.100
7.280
-0.180
-0.040
1.350
0.100
3.790
1.620
3.130
0.770
0.150
-2.180
1.170
1.840
2.250
-3.450
-0.560
1.250
-0.280
-2.090
-0.600
0.130
-5.140
-3.180
0.360
0.610
1.900
0.010
-0.070
1.960
0.200
-0.750
0.750
-2.550
-6.530
1.230
-2.150
-2.180
6.140
0.880
0.660
3.200
-1.900
-2.080
-1.020
1.580
0.440
0.280
2.950
-2.590
1.250
-0.290
-2.290
2.000
-1.020
1.900
2.600
2.490
-2.850
-2.060
2.010
4.500
0.600
-0.470
0.970
0.900
-6.700
-2.720
2.620
-1.910
-7.790
-3.180
-9.010
-6.420
5.000
2.200
-2.760
1.770
-0.010
4.010
0.000
0.000
7.850
0.230
2.470
-6.460
-1.270
-9.280
1.440
-1.680
4.510
8.010
-5.820
0.510
4.110
-2.740
-9.380
4.340
-9.940
-11.040
10.040
9.130
8.300
7.540
6.860
6.230
5.670
5.150
4.680
4.260
3.870
3.520
3.200
2.910
2.640
2.400
2.190
1.990
1.810
1.640
1.490
1.360
4.140
