77098.08
71264.22
55673.14
64012.92
84150.63
82590.00
108394.65
183907.92
89266.67
82855.31
84698.77
80057.48
108835.09
183273.31
137937.73
191073.08
254937.27
109888.71
65759.67
39870.72
61304.53
78142.54
77574.90
36354.24
25470.30
27022.35
34529.39
20195.77
40965.21
26665.90
29407.63
25171.50
24686.42
31255.89
53361.71
37300.11
20438.30
30631.36
33332.52
44348.50
57741.00
58599.99
49591.47
32094.23
27988.37
31467.07
58069.16
45635.58
27671.62
32221.41
45166.69
29458.52
27924.02
46302.67
27252.00
37857.49
62360.06
35339.02
64871.66
79962.50
100145.69
46052.01
108504.25
41241.14
86081.22
109452.79
92808.16
44704.44
46608.29
78204.58
70632.72
67283.26
98722.69
112578.18
171760.36
143085.72
223752.92
139799.67
40198.38
48050.15
34648.25
54101.51
63069.06
66388.34
74819.74
35673.66
40842.28
47136.24
62975.87
62063.99
25137.71
26420.78
32460.02
27414.59
52403.79
24151.01
30890.77
24750.57
34922.92
51986.20
84492.53
45886.87
40977.55
49148.21
40178.78
12.00
26430.12
25268.28
31677.11
34351.95
35550.92
38146.32
29980.23
43813.22
53291.39
42821.13
49878.96
37899.32
43581.62
33507.65
67643.55
56954.02
51653.71
30733.25
34472.09
51164.32
47202.04
27085.54
37372.61
46691.54
31906.00
40739.32
32277.50
50135.62
37463.76
37180.04
33321.30
42753.40
70242.42
87072.72
66010.16
114214.38
68970.92
73628.97
58424.09
53747.86
58377.26
48294.42
35488.16
53375.43
72680.79
74116.39
91072.70
81193.97
109659.89
40731.90
89826.47
94153.65
132587.61
77954.15
98196.71
100244.85
85102.72
95678.01
153527.91
200675.69
119654.71
179950.06
72099.47
105269.71
128533.30
147082.66
128759.21
173310.19
176365.61
127756.15
120059.97
155851.88
188774.95
220026.38
159454.22
100629.23
70207.02
128101.80
94988.92
127803.42
135382.25
148549.56
168618.41
127614.61
169045.06
165472.09
102662.84
144697.25
82770.39
94353.68
142495.59
153577.59
85335.82
27715.28
22687.88
25322.26
26901.49
27577.30
57949.68
51451.11
47066.70
41999.30
61405.68
62511.12
96568.44
42127.88
52610.49
94128.44
59161.25
21699.58
34357.20
32603.91
53175.93
26826.26
45284.73
54220.31
36956.08
39708.99
58099.30
39497.73
45641.91
74003.66
38536.53
44901.59
60934.01
53921.91
53077.67
46030.42
47400.60
44879.65
62490.98
79358.77
108113.96
119286.02
100941.85
137571.27
155682.80
129500.47
93082.12
90991.41
105897.76
69720.06
56969.66
89997.64
121412.78
49084.55
67126.65
67474.32
84893.05
84824.15
69556.61
98608.69
93806.32
79891.42
60125.26
67266.10
45767.51
36354.98
48392.69
53720.18
53868.23
23852.58
43263.70
21654.29
21848.38
25941.76
16282.84
10527.54
13876.72
19579.67
18182.62
22958.01
28337.12
13190.71
14813.40
13752.82
22659.97
30853.49
23265.24
37260.41
28702.71
23861.77
23134.21
23070.40
23971.95
33142.60
28878.33
33903.05
53310.55
29685.58
31000.95
39373.32
54313.30
46608.66
30718.85
34414.39
38469.47
57848.90
41408.87
46614.18
38446.45
59082.70
80218.06
73562.83
68235.57
110631.23
46751.32
49644.76
42997.39
67857.31
57336.88
51043.97
30966.17
32101.56
42668.31
30559.62
25076.44
30418.72
36574.62
45532.45
66474.46
78954.05
55903.66
79153.75
67149.77
128155.65
138352.36
57461.29
50893.98
80389.06
50381.15
69875.00
61128.98
61512.04
55809.65
67269.17
101482.55
41892.29
49015.55
50315.35
71373.21
68969.13
100509.35
126040.94
102616.60
49620.00
37462.98
40989.07
49430.13
44096.83
41956.98
42043.15
33532.23
35545.83
40036.62
42250.89
12069.00
50859.39
52949.87
42516.74
45034.64
42799.16
44640.00
81413.99
119830.13
157451.75
45632.79
54607.93
58317.16
99349.08
174257.41
106498.99
68557.53
41013.42
43415.14
60213.46
95340.73
145111.73
88694.66
64927.48
76873.92
69519.00
114099.72
167062.41
219945.20
88713.83
95712.05
79584.11
127555.23
131679.16
140139.55
197912.92
174979.20
172025.70
67978.14
211637.20
49898.53
35103.90
83087.16
45285.24
30633.26
27031.16
31654.24
34000.72
39728.00
58311.84
54059.97
77965.15
38078.55
32328.51
38766.26
44023.15
79720.95
31284.38
29755.98
431.00
22801.89
17545.00
23644.44
33447.05
26121.13
22594.10
30815.49
27456.13
29427.47
57393.94
50716.15
20003.14
31846.77
20512.70
24780.81
59232.31
25443.43
48833.34
21080.70
20810.65
32764.07
40709.37
25779.99
42559.40
39976.58
45453.01
34423.30
39712.26
45117.47
50943.43
29487.84
45989.74
43433.94
37833.39
59195.54
71632.68
57326.48
40522.75
68192.92
43754.34
45936.70
47583.67
58097.63
43621.51
48135.34
41767.95
54095.09
64778.38
56250.70
66529.55
64596.00
65041.41
64841.41
240.12
73824.04
17679.00
45776.35
37403.19
40145.99
43040.68
42414.27
37317.73
30480.77
28793.93
29496.91
32978.77
40548.96
71853.37
65070.44
41234.34
51292.73
55426.61
47223.50
43636.27
35072.59
43574.63
48268.89
54347.71
63372.17
74228.48
56729.10
78025.96
115925.11
106355.24
104996.14
87063.57
59536.74
49713.65
62700.38
52780.90
55747.37
53093.06
71549.94
56930.77
62518.73
80287.71
93110.95
36809.25
32654.20
31900.65
28458.79
32027.34
31736.34
45251.79
60877.63
56335.63
85034.32
72396.81
64163.76
115842.64
180612.00
12967.15
1434.61
262.06
464.05
12310.85
13840.42
18461.30
27137.81
23429.49
44789.47
31285.23
21859.01
15135.61
10038.02
14304.79
13288.39
15698.61
29504.97
19962.26
30107.07
29049.31
22213.89
19460.34
21427.46
25035.78
30710.05
26506.16
23321.58
30489.42
18001.73
12534.62
19275.87
23574.08
15444.94
33409.84
41394.72
62946.89
37180.11
33612.98
46214.45
26924.39
20284.48
18413.16
18880.21
19250.49
21223.62
26242.79
22505.22
17347.82
37913.07
56030.20
72164.80
74056.70
82648.68
110227.75
44221.01
15557.83
18367.71
19749.45
30442.30
26219.13
28342.46
23105.62
22874.99
24267.47
41520.29
35551.68
27766.19
37805.48
43544.14
77825.03
137516.66
94452.67
26340.52
21109.07
52215.82
22247.54
21499.42
21889.41
31279.69
19689.82
20628.84
14873.99
9691.75
17439.91
14210.31
31497.44
38148.60
73871.88
34339.62
28487.50
24141.76
21758.82
11936.25
20364.31
23946.99
29970.27
23382.59
12174.61
16406.38
18668.56
20438.18
14810.70
22131.94
19127.83
19057.93
30061.60
42850.88
11894.81
22344.99
14311.64
18991.90
13445.35
9748.87
13434.47
18675.04
22123.40
22581.28
18251.56
24263.61
32837.73
34710.53
