24.840
25.260
25.220
25.350
25.230
24.550
24.240
24.660
24.340
23.990
24.140
24.930
24.920
25.370
24.570
25.060
24.670
23.940
23.450
24.500
24.380
24.430
23.500
23.680
23.450
25.800
26.630
26.300
26.390
26.310
26.140
27.620
28.500
28.580
30.030
29.300
28.480
28.500
28.630
28.000
26.960
26.480
28.070
28.170
28.280
28.880
29.200
28.300
27.980
27.150
26.450
28.400
29.350
29.740
29.560
31.520
35.020
35.480
34.820
37.800
38.560
37.250
36.820
37.300
36.500
36.500
37.970
37.300
36.430
36.620
36.950
37.140
36.970
35.460
35.820
35.670
35.740
36.060
37.520
37.850
36.970
36.850
37.500
38.040
36.520
34.800
34.440
33.370
33.140
33.260
33.200
32.740
32.140
31.850
31.530
32.570
32.770
32.730
32.280
32.060
32.450
32.150
31.900
31.970
31.560
34.520
31.390
31.330
31.000
31.890
31.850
31.620
31.320
32.700
33.570
37.300
35.550
35.200
35.680
35.470
34.600
35.120
34.980
34.750
33.760
33.900
33.850
34.230
34.100
32.840
34.510
34.920
35.380
35.890
35.800
35.760
36.400
35.200
36.250
40.280
38.800
38.750
39.210
38.790
38.030
39.560
40.440
38.860
38.780
39.010
38.240
39.140
38.700
40.910
42.330
43.120
43.210
41.900
42.040
42.000
44.080
42.920
46.120
47.770
43.430
39.480
38.140
37.890
38.900
38.800
39.890
39.800
39.700
39.230
40.000
40.080
39.000
38.990
37.830
38.200
38.320
37.630
37.180
37.960
38.620
38.410
42.300
41.800
41.690
43.300
43.860
44.010
45.730
46.200
46.300
45.550
45.900
44.500
45.960
45.990
46.450
46.330
43.930
43.250
66.270
71.380
69.160
70.250
68.980
65.870
67.980
66.620
68.580
66.990
62.510
61.960
56.330
58.480
64.980
63.310
57.550
58.870
59.760
57.970
56.970
53.400
54.110
49.190
48.770
48.510
49.800
47.500
46.400
46.020
49.180
47.550
46.880
46.760
47.780
51.190
50.500
53.850
58.430
58.870
58.450
56.360
54.910
55.810
54.410
54.880
56.350
52.910
53.750
59.000
56.700
59.610
57.260
52.050
51.200
50.500
48.000
47.850
49.490
49.390
47.460
48.000
47.470
45.530
46.820
47.080
47.540
49.480
47.780
48.970
47.620
45.380
43.890
43.980
45.030
42.830
42.560
43.550
43.420
43.090
42.390
47.100
45.750
44.030
44.100
49.000
51.800
57.550
59.330
58.300
57.150
56.450
55.310
53.190
50.950
52.500
55.570
53.060
54.500
53.710
52.350
48.060
52.570
47.790
53.100
52.060
49.050
54.500
57.020
54.810
57.500
63.890
60.110
63.170
70.190
77.990
82.620
91.200
82.910
75.370
78.200
72.840
66.220
60.200
54.730
49.750
45.230
41.120
37.380
33.980
30.890
28.080
25.530
23.210
21.100
19.180
17.440
