18.790
18.790
18.940
18.930
19.110
18.430
18.540
18.560
18.550
18.590
18.590
18.500
18.520
18.500
18.530
18.530
18.250
18.680
18.910
18.850
18.570
18.560
18.970
18.960
18.730
18.780
18.600
18.200
18.200
18.440
18.280
18.010
17.990
18.120
18.080
18.110
18.100
18.580
18.600
18.880
18.910
18.910
19.290
19.080
18.610
18.400
18.340
18.430
19.160
19.250
19.290
19.140
18.910
18.140
17.800
17.710
17.010
16.960
17.590
17.730
17.750
17.730
17.590
17.170
17.140
16.770
16.960
17.150
16.720
17.180
16.890
17.290
17.800
17.730
18.060
17.950
17.610
17.450
17.750
17.350
17.810
18.000
17.920
18.250
17.840
18.400
16.750
16.310
17.000
16.470
16.440
16.440
16.560
16.700
16.730
16.720
16.790
16.800
17.100
15.900
15.100
14.820
14.810
15.570
14.750
14.470
15.230
15.220
15.350
15.550
15.600
15.300
15.300
15.430
14.960
15.000
14.600
13.980
13.790
13.450
13.800
14.110
13.820
13.930
14.130
14.280
14.430
14.500
13.750
13.230
13.760
13.750
13.980
13.890
13.820
13.750
14.250
14.320
14.250
14.510
14.700
14.420
14.640
14.810
14.800
14.560
14.490
14.830
14.760
14.840
14.980
15.180
15.100
15.340
14.760
14.900
14.640
14.410
14.120
14.360
14.370
14.640
14.770
14.750
14.930
14.730
14.790
14.680
14.500
14.460
14.330
14.450
14.160
13.870
13.770
13.950
13.910
14.010
14.410
14.610
14.150
14.040
14.010
13.900
13.900
13.500
13.950
14.210
13.730
13.750
13.600
13.580
13.510
13.690
13.690
13.600
13.610
13.720
13.960
13.880
13.850
14.050
14.140
14.220
14.010
13.940
13.700
13.570
13.610
13.750
13.730
13.320
13.560
13.560
13.640
13.540
13.920
14.390
14.330
15.270
14.950
14.940
14.960
14.950
14.840
14.920
15.020
15.150
15.510
14.890
14.810
14.810
14.790
14.940
15.170
15.000
14.710
14.900
30.430
30.810
29.720
28.490
29.250
29.720
28.430
28.430
28.780
27.530
27.030
26.300
26.800
28.240
28.880
29.200
27.930
28.040
27.730
27.480
26.300
26.380
26.950
26.950
25.800
25.830
25.600
25.100
24.880
25.650
25.660
25.280
25.560
25.560
26.000
26.000
26.700
27.880
27.900
27.500
26.500
26.800
26.950
26.700
26.180
26.390
25.720
25.910
28.050
27.910
28.900
28.290
28.050
28.120
27.670
26.880
27.630
28.650
28.790
28.130
27.840
28.160
26.600
25.940
26.100
26.160
26.870
25.920
26.240
25.650
24.450
23.280
23.600
23.660
22.490
22.610
23.290
24.410
22.860
22.150
23.230
23.600
22.220
21.870
24.300
24.750
27.500
27.560
28.130
27.850
26.940
27.350
26.650
25.200
25.610
26.700
25.600
25.600
24.480
25.420
24.260
26.400
27.230
30.240
28.820
26.200
27.640
29.000
28.180
27.350
28.350
26.320
26.500
25.670
28.520
28.350
31.500
30.280
31.520
35.020
36.860
36.220
36.200
39.670
39.620
39.000
41.210
41.630
41.500
41.840
38.040
36.000
35.460
35.480
36.210
35.350
34.320
36.080
35.950
37.080
35.990
35.470
33.990
34.540
38.370
37.900
34.450
34.100
33.990
32.910
31.970
31.960
32.490
31.880
33.590
34.620
34.670
34.100
33.240
32.500
33.280
30.840
30.300
30.610
31.580
31.250
34.050
32.980
33.490
32.510
30.160
33.510
30.460
31.280
31.610
29.260
26.600
26.450
25.000
25.160
24.800
24.080
23.440
22.510
20.460
22.040
22.070
21.980
22.570
21.140
19.220
18.580
16.890
18.770
20.860
20.250
21.400
20.670
19.700
18.300
18.300
20.050
21.730
20.250
19.440
21.600
24.000
26.670
28.890
28.330
27.400
30.390
30.990
30.360
29.540
31.630
30.420
29.600
29.130
26.480
24.070
21.880
19.890
22.100
54.210
57.360
63.730
70.800
66.420
73.800
82.000
91.000
89.650
96.000
99.550
100.200
93.900
101.110
112.340
113.300
111.500
109.030
107.980
117.060
117.500
118.800
108.000
98.180
95.380
91.590
93.300
88.050
88.000
87.000
83.550
84.600
78.600
71.450
68.890
68.000
70.600
71.700
73.200
71.400
76.700
82.670
75.150
73.030
67.300
66.000
68.300
67.000
73.300
71.770
74.170
76.190
69.260
69.030
69.000
69.250
70.700
65.190
65.600
64.480
64.900
65.140
59.220
58.700
57.680
54.000
53.960
52.550
51.970
51.850
54.210
53.800
55.230
53.120
50.960
52.400
51.660
49.840
51.000
54.000
54.030
51.550
49.950
48.450
50.890
49.050
49.180
48.330
46.890
49.600
49.960
46.600
44.400
43.850
42.100
42.600
43.480
42.510
41.580
41.920
41.700
42.350
40.380
42.970
43.900
44.950
47.790
47.680
47.210
45.380
44.200
49.110
50.890
50.800
47.820
49.100
48.400
46.890
46.450
44.440
48.690
52.260
58.070
55.950
54.600
54.230
49.300
47.010
48.110
47.620
47.300
46.710
47.200
46.310
42.100
41.030
40.260
42.400
43.640
40.880
42.750
42.300
42.960
41.530
41.900
43.780
43.010
39.100
40.140
39.900
39.260
38.390
38.700
39.870
39.600
38.740
39.810
40.000
39.430
39.660
41.740
41.930
41.780
39.620
39.100
38.190
38.700
37.820
37.500
36.730
36.150
35.550
36.300
36.190
37.450
38.320
37.700
37.430
38.190
38.640
37.170
36.570
36.930
37.820
38.040
37.800
35.630
35.300
35.400
34.840
34.440
35.660
35.750
35.660
35.370
34.540
34.580
34.300
36.000
35.300
35.870
36.690
36.100
37.670
38.810
37.390
37.740
37.130
38.350
