44.020
43.000
41.910
40.820
39.440
39.820
39.610
40.100
40.380
39.280
40.680
41.450
40.200
39.600
40.060
39.450
39.370
36.900
36.680
37.100
37.360
36.530
36.050
35.640
34.000
34.000
37.150
36.620
35.640
35.690
36.150
36.210
36.670
37.310
38.140
36.130
36.150
36.200
35.630
36.140
35.880
37.770
38.780
39.210
39.700
39.310
38.310
37.200
37.890
37.100
38.050
42.280
41.870
42.000
43.010
46.000
46.550
49.010
49.320
48.000
50.590
51.510
51.400
49.860
48.100
48.050
50.210
49.520
48.910
49.080
49.840
50.260
50.420
50.020
50.180
51.610
51.240
52.500
52.800
52.410
51.810
53.000
52.900
53.050
50.880
50.000
49.210
49.060
49.110
49.870
49.650
48.680
47.600
46.510
46.880
46.510
46.600
46.410
45.890
46.110
43.020
42.190
42.400
42.530
42.530
43.390
42.670
42.010
42.220
42.830
41.630
41.410
42.200
41.670
40.300
44.290
46.600
46.110
46.570
46.600
46.250
46.220
42.230
42.170
41.850
42.010
42.520
43.080
41.300
43.880
45.050
45.840
44.960
45.360
45.390
44.230
44.600
45.200
45.790
49.000
49.200
49.760
48.600
47.520
48.300
49.780
49.050
49.490
50.580
48.730
50.760
52.600
52.050
51.800
52.020
51.600
52.400
51.530
52.700
54.690
55.110
55.000
56.800
56.200
56.800
58.180
59.000
55.800
55.750
54.530
56.580
57.080
56.570
56.260
56.000
50.190
48.150
47.180
47.610
47.510
47.550
46.010
46.010
46.480
46.600
45.900
46.120
49.800
51.680
51.880
51.470
51.360
50.800
52.080
53.250
57.420
56.220
56.380
55.170
55.420
55.510
56.420
56.820
56.640
56.380
56.800
55.810
56.800
56.290
59.150
59.260
59.500
59.010
58.530
56.400
56.450
56.800
58.310
57.810
56.740
58.520
57.610
57.910
58.680
56.000
57.020
55.430
56.000
58.890
58.020
62.660
65.080
66.510
66.000
67.720
69.010
68.320
68.600
65.600
69.630
72.390
71.140
71.140
69.490
69.000
68.620
69.330
70.230
68.300
68.300
65.000
69.000
69.060
70.510
73.880
73.400
70.300
62.430
61.080
62.080
56.570
57.030
57.560
58.260
57.650
54.150
53.060
52.730
53.210
54.180
54.850
57.040
56.650
58.640
63.180
58.400
56.160
54.730
55.000
119.000
123.010
123.450
120.500
123.680
115.110
114.000
109.160
108.100
97.010
96.000
94.310
91.880
88.800
89.990
93.880
100.000
95.660
95.000
87.290
88.630
88.880
80.200
79.250
79.500
80.010
79.000
78.180
75.230
73.420
72.030
68.000
63.500
62.770
63.800
56.350
59.200
56.800
59.500
56.030
52.200
56.070
60.150
62.000
64.670
65.510
63.800
60.810
62.610
62.600
61.400
59.000
61.500
63.000
58.800
56.300
54.500
53.120
53.520
52.880
55.510
61.000
58.070
61.070
67.370
67.500
65.530
66.580
59.000
59.000
59.000
57.570
58.000
63.550
67.000
67.150
74.610
82.000
87.500
87.000
88.110
87.820
83.000
81.970
82.010
81.000
84.060
84.530
84.000
83.820
79.560
82.110
84.110
87.100
83.890
82.000
75.020
71.150
64.010
66.600
68.100
68.100
69.680
71.300
65.100
63.620
64.200
56.600
57.000
59.770
59.300
58.550
62.620
63.750
58.600
54.500
52.600
52.560
51.110
49.800
46.800
47.350
47.500
46.500
44.820
43.030
39.000
36.830
36.410
39.680
39.300
37.820
36.660
37.000
36.210
36.750
35.260
35.150
35.700
34.700
33.910
32.800
33.110
34.500
32.010
32.330
30.550
30.820
30.460
27.710
27.000
28.980
31.500
31.500
31.250
28.140
27.750
26.980
28.420
31.060
31.300
28.980
27.120
28.340
31.490
34.980
38.010
35.100
38.520
42.020
42.000
42.000
42.130
40.490
34.260
33.190
33.010
35.530
35.350
33.020
30.980
34.380
38.030
36.900
36.430
34.900
35.800
34.520
32.000
35.550
36.000
35.110
31.300
26.010
25.570
28.410
26.610
28.700
31.890
35.430
33.610
37.340
41.490
44.550
47.640
43.550
47.200
51.550
50.000
50.200
54.000
55.800
54.350
53.040
52.400
52.380
56.500
53.320
52.010
54.100
54.380
47.500
51.440
47.480
46.430
46.210
44.010
44.500
44.690
43.400
42.480
41.620
40.100
40.010
38.400
37.520
37.200
41.000
40.860
41.800
42.000
41.500
41.800
44.100
43.880
43.510
43.010
41.010
40.710
43.750
43.500
45.500
45.180
44.160
41.810
40.500
42.000
43.010
42.850
41.900
40.100
39.800
39.420
38.800
38.600
39.000
38.500
40.800
40.030
40.500
39.880
38.670
37.720
36.800
36.300
37.660
37.560
38.110
39.410
38.300
39.400
39.400
40.180
39.100
39.100
40.230
41.600
39.600
36.880
35.750
35.050
34.360
33.770
34.720
35.490
35.190
32.300
31.800
31.200
31.800
33.050
33.660
33.400
32.870
33.260
33.420
32.830
31.810
30.500
32.120
32.300
32.780
32.670
32.000
31.800
32.100
32.020
32.150
31.800
29.800
29.010
30.180
31.400
31.470
30.540
30.150
30.190
33.340
34.540
33.880
34.500
34.060
33.730
33.700
33.070
33.050
35.170
36.350
38.000
37.010
37.190
36.500
38.100
38.920
38.600
38.510
38.240
37.550
37.200
37.020
37.290
36.600
36.400
36.700
37.000
37.000
39.300
39.070
38.270
38.010
37.800
38.480
37.340
37.220
37.280
36.260
35.590
35.570
36.000
37.810
40.830
40.010
38.590
38.820
38.700
39.470
39.400
40.580
40.100
40.350
36.350
37.080
37.000
37.010
37.310
36.300
35.300
34.300
33.740
33.430
33.210
33.800
33.730
34.600
34.700
34.990
34.600
33.050
32.750
32.950
33.200
34.010
32.300
30.030
29.850
29.500
29.100
29.000
29.100
29.820
29.050
29.570
29.000
28.610
28.550
29.600
29.110
28.600
29.710
29.900
31.100
30.470
30.120
30.040
30.250
30.620
30.800
