18.360
18.270
18.370
18.230
17.530
17.430
17.410
17.740
17.660
17.660
17.660
17.660
18.070
17.780
17.860
17.750
17.780
17.600
17.550
17.480
17.850
17.520
17.220
17.130
16.600
16.580
17.000
16.830
16.600
16.180
16.250
17.040
17.100
17.250
17.280
16.800
16.760
16.620
16.550
17.310
17.330
17.120
17.400
17.470
17.400
18.150
18.410
18.300
19.310
19.270
19.080
19.300
19.450
19.200
19.610
19.820
19.500
20.600
20.820
20.630
20.710
20.880
21.120
21.010
20.830
20.910
21.570
21.510
21.600
21.630
21.440
21.310
20.930
20.700
20.930
21.150
21.010
21.010
20.920
20.900
20.950
21.150
20.910
20.790
20.500
20.640
20.570
20.520
20.640
20.730
20.530
20.500
20.070
19.940
20.000
20.100
20.120
20.350
20.320
20.210
20.030
19.800
19.910
19.930
19.910
19.850
19.750
19.750
19.740
19.440
19.400
19.460
19.400
19.130
20.640
20.600
20.610
20.710
20.460
20.450
20.840
21.140
20.760
21.030
21.100
20.990
20.800
20.810
20.750
20.600
20.630
20.600
20.720
21.510
21.690
21.620
21.570
21.480
21.700
22.000
21.920
21.990
22.120
21.800
22.020
22.380
22.380
22.280
22.200
22.190
22.430
22.160
22.040
22.020
22.080
21.840
22.350
22.250
22.460
22.630
22.690
22.410
22.400
22.290
22.400
22.380
21.820
22.040
22.090
21.960
22.000
22.280
22.140
22.350
22.220
22.000
21.880
21.920
21.510
21.400
21.460
21.610
21.820
21.450
21.490
21.450
21.410
21.700
22.490
23.130
23.100
23.250
23.130
22.810
22.680
22.900
22.880
23.030
23.000
23.430
23.400
23.620
23.490
23.410
23.230
23.260
23.150
23.100
22.550
22.920
23.030
24.200
24.400
24.650
24.530
24.430
24.590
24.010
23.300
24.010
23.750
23.620
25.150
24.440
24.420
24.350
23.830
23.450
23.740
23.800
23.970
24.130
23.400
23.610
25.140
25.500
24.560
24.710
24.300
24.450
24.080
24.650
24.500
23.470
22.560
22.300
21.880
21.750
21.360
21.560
21.500
21.100
21.010
21.590
23.030
23.070
23.220
22.260
22.150
22.150
21.360
20.850
21.180
20.290
20.720
20.510
20.660
20.300
20.510
20.010
20.910
20.590
20.780
20.390
20.740
20.900
20.810
21.630
21.810
21.750
21.050
21.030
20.660
21.320
21.200
21.170
20.500
20.620
21.930
24.100
23.910
24.020
23.710
24.010
48.000
50.520
48.990
52.010
49.150
48.650
47.370
46.790
43.890
42.000
44.220
43.000
45.600
42.780
41.770
41.600
39.300
37.970
37.450
38.230
37.810
36.510
37.210
36.080
35.000
36.500
35.550
37.220
34.790
32.700
35.310
38.010
39.000
42.650
43.600
44.510
44.330
44.500
44.300
43.480
40.200
41.810
41.600
40.210
39.720
39.190
37.500
37.880
38.300
40.000
42.280
41.410
42.650
46.000
45.270
43.000
44.310
44.830
48.500
51.520
53.010
52.200
51.960
55.000
52.000
52.990
54.720
60.360
62.500
62.200
61.410
61.900
59.900
58.160
57.650
56.600
56.900
56.400
56.000
58.350
59.580
59.740
59.900
57.500
60.030
59.000
64.090
67.010
65.080
61.700
61.380
63.000
61.060
60.100
60.000
58.680
60.010
59.770
58.100
58.500
55.830
55.040
54.050
52.980
50.880
49.090
50.990
50.550
50.720
49.600
51.000
51.100
46.600
46.520
49.600
50.400
52.000
48.050
48.300
49.520
49.510
48.320
47.900
46.920
46.010
46.510
44.050
43.890
46.400
45.010
46.060
42.680
41.690
43.880
41.000
41.300
42.010
44.200
45.520
46.280
43.330
42.800
37.370
41.000
44.990
47.700
45.060
42.300
43.370
48.190
53.000
55.000
57.040
63.380
70.420
70.000
64.690
64.600
63.690
60.750
58.500
56.550
56.560
56.520
56.650
56.110
55.810
55.480
53.400
54.150
54.400
53.200
53.180
52.010
50.920
49.890
50.720
51.750
50.220
52.370
53.050
52.260
52.700
52.210
52.120
52.000
52.500
53.510
52.240
53.250
52.710
52.080
48.010
45.800
45.750
45.330
46.500
47.850
47.210
45.550
47.200
47.520
45.020
45.490
44.880
44.870
46.300
46.230
45.100
44.180
39.500
38.110
39.460
39.510
39.180
40.350
40.580
40.850
39.850
39.700
40.460
40.150
40.120
41.550
42.000
41.950
41.020
40.510
44.700
45.980
45.700
47.300
45.520
45.250
45.110
43.720
43.780
44.700
45.450
47.700
46.510
46.060
45.300
46.580
47.110
46.360
46.080
47.330
47.160
46.710
45.900
45.580
45.500
45.080
49.260
47.010
45.720
45.580
45.790
45.300
45.030
45.760
47.240
46.120
46.000
46.240
44.020
42.840
45.300
45.500
46.400
46.220
46.010
45.020
47.700
47.000
48.410
48.200
48.500
45.900
44.920
44.880
44.520
44.480
46.360
46.600
45.530
45.400
46.300
45.680
45.200
47.440
47.500
50.200
49.500
46.640
44.880
44.320
44.010
42.990
41.280
40.000
40.250
38.980
39.900
37.000
35.610
32.910
32.820
32.080
32.120
32.080
31.730
31.610
31.620
31.980
31.810
31.630
31.620
31.880
32.190
32.180
32.300
33.090
32.700
32.300
31.960
31.410
31.800
31.420
31.750
31.320
32.480
33.530
34.370
37.700
37.660
34.240
31.130
28.300
25.730
