68.850
75.010
78.020
76.480
76.000
79.860
82.000
79.800
82.500
73.000
76.780
75.190
75.000
76.000
77.000
77.380
75.910
75.190
74.100
75.040
74.010
73.700
76.000
72.880
80.000
81.730
80.860
76.520
82.680
83.030
83.150
83.500
85.290
85.220
84.000
82.510
83.200
84.610
84.620
84.700
86.600
86.600
87.200
85.000
85.550
86.210
84.950
85.600
85.520
84.300
84.690
84.180
84.650
84.260
83.800
83.910
84.300
85.650
83.810
83.260
83.380
83.900
84.460
84.010
84.000
85.110
85.520
86.510
86.000
87.000
86.500
86.520
85.120
78.770
77.800
77.730
78.120
77.010
76.030
77.000
79.920
80.280
79.620
81.060
79.040
77.500
80.020
81.040
82.010
83.000
83.410
83.270
83.000
84.720
85.880
87.500
87.700
87.200
87.010
87.460
85.640
84.640
84.640
84.020
80.350
79.000
79.000
80.010
78.560
80.000
83.450
83.700
82.000
82.160
81.500
81.800
86.000
85.910
85.300
85.500
86.010
87.000
86.800
88.400
88.490
84.010
84.400
84.020
84.620
83.090
81.800
81.500
80.800
83.530
84.700
83.330
82.990
83.940
88.880
88.960
83.000
78.010
77.510
77.590
78.000
78.060
77.510
77.300
76.980
77.200
75.320
75.750
74.010
73.550
71.900
72.250
71.220
71.530
77.210
77.400
77.100
77.300
78.100
77.000
81.050
89.100
88.660
89.690
91.620
91.420
86.250
87.000
87.300
87.610
87.310
87.450
88.080
86.200
87.000
85.000
89.310
89.420
89.360
89.110
89.030
87.510
87.300
86.360
87.510
86.910
87.890
86.170
85.980
85.500
85.300
85.150
86.100
85.200
87.000
89.040
89.610
89.210
89.600
89.600
89.560
88.880
87.840
87.900
88.300
87.560
87.800
88.500
87.780
87.530
89.250
87.440
87.500
88.000
88.000
84.400
82.500
82.050
84.000
82.000
81.000
84.860
86.000
91.050
88.000
83.830
86.860
83.110
82.630
83.300
82.360
82.330
82.000
78.600
78.550
80.500
77.050
80.220
77.000
77.960
76.200
77.020
76.030
80.030
81.010
81.130
79.300
81.980
86.220
93.220
93.700
99.990
101.470
91.000
85.090
84.970
77.440
75.000
74.600
70.400
70.790
69.010
70.400
70.010
71.250
70.730
69.500
70.030
68.930
67.990
65.000
71.800
71.030
70.660
72.500
71.160
68.010
68.180
66.770
67.010
69.600
69.430
70.500
70.170
70.000
64.660
67.200
65.600
63.500
61.140
62.300
57.300
55.000
55.030
57.510
57.010
53.600
53.610
58.200
57.880
57.700
58.500
56.500
57.030
57.100
56.210
54.710
53.000
55.000
54.000
52.040
50.100
50.620
49.260
48.500
49.330
54.560
58.000
56.360
56.020
59.300
58.230
52.520
56.540
51.510
54.090
54.020
54.810
58.010
62.230
67.030
63.000
69.000
74.990
74.100
75.700
72.400
71.740
71.510
71.470
73.900
73.850
72.510
71.900
71.530
70.980
66.520
66.110
65.900
66.000
68.500
67.910
68.020
67.210
66.000
68.040
62.060
61.230
64.640
63.990
61.000
61.400
60.450
58.340
58.050
60.010
58.030
60.000
62.550
61.120
60.000
58.000
55.000
54.650
54.480
52.900
50.660
50.610
51.000
51.860
53.060
52.650
47.380
45.800
45.700
47.850
48.600
47.810
46.900
46.710
46.500
44.980
44.820
44.800
43.910
43.500
42.770
42.310
42.940
46.090
44.050
44.650
43.310
43.900
45.200
47.000
47.210
52.460
57.300
57.030
57.920
55.000
54.910
56.000
61.070
61.100
59.300
57.000
56.000
56.700
62.100
62.020
66.000
67.000
68.180
69.500
69.500
65.180
64.840
66.610
66.100
62.310
54.100
55.000
51.800
51.510
55.080
56.880
51.440
51.400
56.950
62.880
60.340
59.850
56.680
56.900
53.210
49.380
54.310
60.340
53.800
59.780
66.420
73.800
79.120
80.080
71.100
72.000
72.170
74.790
74.220
66.200
73.040
79.120
76.000
75.570
74.000
73.000
68.310
65.910
65.010
64.800
67.580
64.530
70.410
71.000
67.060
65.000
69.200
66.250
64.640
61.550
58.470
56.020
56.400
54.700
53.070
52.400
52.900
52.800
46.560
45.510
43.010
42.000
46.380
45.210
45.610
45.820
45.310
45.480
48.330
47.810
48.100
47.280
45.490
45.500
46.900
45.510
47.470
49.250
47.800
47.500
46.000
49.460
48.510
48.000
47.650
47.420
47.040
47.070
47.400
50.010
49.030
47.070
49.000
49.010
46.460
47.010
46.850
47.420
46.610
45.330
46.050
45.590
45.010
45.800
45.270
43.000
40.290
38.760
37.870
37.620
37.020
37.030
36.600
37.030
36.410
36.120
35.480
35.510
35.450
35.060
37.820
38.300
37.250
36.590
37.000
37.350
37.370
37.580
37.600
37.610
38.710
38.580
36.800
35.410
34.710
34.100
34.250
33.340
33.570
35.240
35.120
35.100
34.380
34.130
34.920
35.000
35.650
37.040
36.640
35.800
34.000
34.130
37.510
40.000
40.880
41.810
42.050
41.660
40.610
40.350
40.240
43.950
45.000
48.600
48.500
47.800
47.300
46.660
46.280
43.360
43.050
44.000
43.810
42.850
42.560
43.000
41.500
42.980
47.750
47.180
43.200
43.030
40.310
39.250
38.020
38.680
38.680
37.030
37.120
36.070
34.850
34.350
36.600
36.330
36.770
37.000
36.010
34.710
35.740
35.500
35.590
35.100
35.880
36.060
35.200
34.800
34.480
34.720
34.200
34.600
33.080
30.360
27.600
25.090
22.810
20.740
18.850
14.280
