67.800
67.500
67.890
67.750
67.800
67.460
67.100
67.330
66.200
66.200
66.830
66.660
67.220
67.000
67.210
67.710
66.200
64.970
65.720
66.160
66.440
66.140
64.800
64.920
64.090
63.950
65.500
64.650
62.160
61.500
66.590
67.680
68.980
69.000
70.080
68.150
68.560
69.180
70.990
76.500
76.240
76.950
75.700
76.620
70.710
70.970
70.880
69.490
68.850
68.500
68.560
69.900
73.820
75.740
94.150
97.010
96.790
92.980
91.790
91.330
92.090
92.970
92.960
93.860
93.990
92.770
93.900
94.850
89.800
88.000
91.650
92.480
94.200
91.890
91.870
87.960
87.180
87.490
86.900
86.650
84.600
83.940
83.390
81.860
80.140
79.470
79.800
77.510
77.860
78.780
79.900
78.200
78.440
74.960
75.900
76.110
76.840
76.780
76.790
76.000
76.140
75.600
76.000
75.990
75.740
75.590
74.700
74.790
75.290
74.630
73.780
74.340
75.400
77.020
79.990
80.980
83.180
82.790
82.140
83.940
86.680
86.800
86.580
86.880
86.160
85.580
85.300
85.460
86.100
86.500
86.980
86.200
85.880
86.450
86.990
86.290
85.860
89.550
90.950
92.680
92.850
92.320
93.200
99.510
100.990
100.180
101.150
101.800
102.940
104.980
106.980
104.420
103.460
101.600
97.380
99.450
100.480
102.360
100.510
99.660
97.450
98.050
99.300
98.180
97.780
96.780
96.410
94.900
97.990
97.880
96.390
96.180
95.760
97.300
96.380
97.320
99.500
98.580
98.800
97.000
96.420
92.370
92.950
91.500
91.360
94.660
95.580
96.390
96.600
96.300
95.280
92.450
91.970
92.160
92.890
93.890
95.380
93.200
89.000
89.970
89.800
86.660
86.970
85.000
83.400
82.500
82.920
81.680
83.950
83.920
83.290
83.660
82.700
82.100
79.600
79.990
80.470
80.770
80.180
79.350
79.870
79.900
78.120
79.090
80.150
79.450
83.490
83.590
82.580
84.190
85.570
86.450
86.480
88.700
90.400
87.960
87.800
87.170
89.300
91.990
92.180
92.440
87.750
87.660
83.380
84.700
85.150
85.300
85.320
83.780
84.000
82.820
82.440
83.750
77.600
76.500
75.220
71.490
75.500
78.690
79.190
79.260
79.930
76.400
74.700
74.780
71.980
72.490
70.400
70.350
70.570
70.760
69.450
67.950
68.600
69.500
68.800
68.380
67.600
69.790
69.380
71.780
75.290
75.290
75.490
74.480
72.480
73.970
75.460
76.440
81.470
81.630
82.520
87.490
88.450
89.200
91.180
87.500
86.870
87.190
87.500
85.600
88.800
88.880
85.870
82.980
83.330
78.890
76.450
78.500
78.990
80.760
79.000
79.710
80.740
75.810
72.500
71.880
72.700
74.000
70.510
72.770
75.930
72.280
70.580
71.110
75.000
72.480
66.890
71.900
73.390
78.000
80.820
83.180
83.810
82.770
84.900
82.300
79.990
77.200
78.500
78.880
75.880
76.230
74.800
75.500
77.910
80.840
86.220
89.000
87.480
89.300
89.300
88.470
85.800
89.970
90.120
94.700
96.990
99.150
96.990
96.000
99.000
94.850
101.480
106.800
108.500
109.600
112.900
119.000
121.000
115.600
107.980
106.210
109.700
110.200
106.690
104.500
101.980
99.470
99.970
104.790
106.880
104.490
107.990
107.990
106.860
116.900
113.900
110.000
112.900
110.000
107.370
102.980
102.370
97.360
95.990
101.430
99.500
102.290
107.990
99.550
91.670
92.400
85.400
79.970
78.420
77.480
80.180
74.200
70.180
66.000
62.250
62.890
61.330
59.390
63.080
60.190
60.700
61.500
60.600
59.950
60.880
59.090
55.180
55.980
53.200
53.670
53.330
52.500
54.400
53.990
52.690
53.000
51.080
49.000
50.500
49.780
47.870
53.700
54.090
53.970
55.280
52.800
51.000
52.350
52.980
58.440
58.600
56.800
63.200
66.600
70.790
78.420
83.770
84.400
87.000
88.280
82.700
78.580
80.590
82.680
82.580
76.500
75.950
77.500
77.380
75.990
76.990
79.180
77.500
76.980
86.590
90.500
89.890
85.000
86.400
88.390
88.580
86.000
89.990
96.500
93.170
84.700
77.000
70.000
72.000
91.500
84.000
81.800
88.210
85.000
89.880
95.000
102.700
103.300
101.000
106.000
112.980
110.900
109.000
115.950
123.180
121.990
119.990
116.000
118.800
128.730
130.000
127.680
123.230
116.450
122.990
133.070
120.970
110.010
107.500
103.000
98.990
101.880
105.500
103.310
98.550
95.190
88.900
85.000
83.600
77.700
77.550
79.860
79.800
79.450
83.860
84.880
78.900
78.500
78.990
72.320
72.480
71.940
71.500
73.460
74.580
77.100
78.500
75.670
74.900
75.460
70.300
71.150
66.450
66.600
62.680
64.580
62.190
62.430
56.750
51.590
46.900
42.640
38.760
