38.040
38.200
37.180
37.000
37.610
37.550
37.600
37.450
37.020
36.950
37.540
37.600
37.700
37.270
37.800
37.100
36.700
36.200
37.400
36.650
36.260
35.990
34.200
33.780
32.420
33.200
34.000
33.700
32.280
32.200
34.660
35.490
35.400
34.450
34.990
33.980
34.850
34.950
35.840
36.900
35.010
35.000
35.100
35.440
35.200
35.260
34.850
33.990
34.500
33.720
35.000
36.000
35.790
35.650
37.000
37.900
38.190
38.800
38.620
38.140
39.180
39.900
39.880
39.250
38.980
40.200
41.980
41.690
42.040
42.170
42.500
43.500
44.080
43.800
45.190
44.800
43.420
43.090
43.210
43.300
43.100
43.790
43.550
42.400
42.140
42.800
43.000
42.100
41.990
41.780
41.870
41.200
40.180
39.780
41.080
40.720
41.860
42.280
41.960
42.590
42.270
41.550
41.660
41.360
41.110
40.110
41.070
40.410
41.990
41.820
41.540
41.780
38.800
37.870
40.990
44.980
45.660
45.580
46.190
45.700
47.000
47.150
46.800
46.600
47.020
47.690
48.080
46.980
47.000
47.300
47.400
46.890
46.810
47.240
46.620
45.910
47.200
47.690
53.010
53.300
54.330
53.470
53.770
52.960
58.160
58.090
57.720
58.000
59.220
59.000
60.750
61.560
60.870
60.350
60.520
62.000
64.600
62.000
61.900
60.390
59.150
59.470
59.310
59.940
58.000
56.360
57.750
57.100
57.020
58.480
58.080
55.400
56.960
56.050
56.450
55.400
56.970
57.340
55.220
54.590
54.700
53.560
52.800
52.900
53.350
51.830
53.810
54.960
55.040
54.420
55.000
54.000
53.600
53.810
56.000
59.500
58.600
60.400
60.220
58.950
56.390
56.700
55.750
55.610
55.030
56.540
57.900
57.260
57.130
58.200
59.210
59.100
59.800
62.250
53.200
52.630
54.000
54.820
53.500
52.110
53.790
52.800
53.000
52.500
54.210
55.150
55.500
62.260
62.280
63.800
67.000
63.150
64.910
64.510
65.300
63.250
64.350
64.510
66.010
61.250
59.680
62.000
59.990
58.000
60.000
58.910
59.260
60.520
57.900
59.560
66.000
68.030
69.100
70.290
70.000
65.880
66.300
61.490
61.990
61.820
61.700
64.000
64.060
65.660
63.000
62.470
62.920
62.900
62.200
62.770
62.400
65.150
64.000
69.200
74.700
73.870
75.280
72.690
72.000
74.000
75.000
75.480
77.400
75.010
80.520
87.400
88.800
90.000
90.000
89.780
85.270
86.500
85.780
87.020
92.350
92.950
91.990
92.000
96.700
90.680
91.300
93.580
91.000
94.600
92.000
94.050
90.220
85.810
78.520
81.490
81.000
79.000
76.780
80.240
80.400
81.900
80.500
86.630
86.130
83.000
81.260
88.000
91.080
99.390
104.000
107.600
105.750
103.000
108.010
96.000
91.110
84.970
95.000
91.700
91.500
89.880
88.000
82.500
92.200
96.360
103.000
116.000
101.740
93.770
99.700
97.100
96.510
100.680
84.490
92.500
81.660
87.000
92.000
95.200
93.000
92.000
107.410
117.000
112.760
114.000
121.500
120.990
119.090
123.880
121.200
123.890
129.300
131.500
125.100
122.100
119.000
127.000
128.610
138.910
135.600
134.100
145.000
133.080
136.210
142.010
148.000
146.000
158.940
146.000
130.000
121.010
122.410
112.000
109.770
110.120
96.850
102.000
103.950
90.800
79.000
70.500
68.000
67.550
61.000
59.900
54.300
56.000
56.500
54.900
52.850
52.840
51.170
49.680
53.000
50.500
51.000
46.000
43.500
45.000
44.980
43.050
42.440
40.500
39.690
38.350
39.800
38.930
41.140
43.980
39.000
37.990
30.300
30.600
31.990
57.000
58.680
70.480
68.100
68.790
68.000
62.800
63.090
53.010
65.100
70.280
67.500
67.790
63.070
64.000
72.000
79.010
89.460
81.090
100.010
101.000
103.000
96.590
103.000
108.000
95.480
87.300
87.000
92.300
85.800
85.100
95.000
111.000
114.000
105.300
114.010
118.850
96.390
93.600
80.010
79.000
69.000
62.380
84.830
77.120
70.110
90.000
86.560
98.000
116.000
118.740
131.930
150.000
175.970
183.000
159.000
150.000
160.500
156.010
156.000
175.000
210.000
191.000
166.250
165.010
155.040
160.000
161.870
187.000
170.870
163.570
148.700
135.180
122.890
111.720
101.560
92.330
83.940
76.310
69.370
63.060
57.330
52.120
47.380
43.070
39.150
35.590
32.350
29.410
26.740
24.310
22.100
20.090
18.260
16.600
13.840
