33.190
33.130
33.180
33.090
32.440
32.450
32.800
33.250
33.100
33.500
33.970
34.090
34.370
34.480
34.550
34.880
34.190
34.210
33.800
33.950
34.520
33.770
32.140
32.170
32.000
32.770
33.960
33.400
33.250
32.320
32.740
33.250
33.750
33.750
33.270
32.750
32.370
32.510
32.810
33.680
33.530
33.720
34.090
34.670
34.760
34.940
35.200
35.290
35.080
34.760
35.270
35.550
36.160
36.280
36.830
37.100
38.000
38.280
38.300
38.310
39.800
40.880
41.270
40.730
40.360
40.300
42.460
44.440
45.330
45.640
45.800
44.940
44.980
44.790
44.340
44.070
43.880
44.980
43.640
43.380
43.210
43.640
44.100
43.980
43.700
43.760
44.550
42.930
43.300
42.870
41.650
41.870
40.990
41.240
42.120
42.190
42.660
42.390
42.690
42.300
42.430
41.600
41.450
41.500
40.950
40.970
40.880
40.600
40.820
40.960
40.400
40.470
40.660
41.750
43.160
43.890
44.990
45.340
45.260
46.860
48.650
48.850
48.880
49.440
50.100
51.690
52.150
51.900
52.330
52.630
53.200
53.190
55.730
54.640
55.280
53.480
52.480
53.550
54.190
53.550
53.580
53.660
54.980
56.820
59.600
56.780
58.000
58.000
59.270
60.880
58.650
56.800
56.890
53.600
50.300
52.120
52.680
51.950
52.980
52.220
50.880
50.970
51.650
52.000
52.180
51.780
50.960
49.890
49.920
48.700
48.800
48.500
47.190
48.330
47.310
47.250
47.260
47.170
47.440
46.260
44.630
42.250
42.300
41.850
41.940
43.120
43.980
43.000
42.870
42.780
42.880
42.380
42.440
43.200
44.700
44.880
45.560
45.480
45.160
45.450
46.490
46.100
46.080
46.260
47.080
46.550
47.490
47.350
48.600
49.180
48.430
48.690
48.070
47.450
45.500
46.700
47.840
48.370
48.280
46.180
46.220
45.940
44.490
45.700
47.090
46.900
51.000
51.120
50.460
53.040
54.350
55.220
54.250
54.300
54.800
54.490
52.480
51.580
52.970
55.870
54.190
55.310
55.100
51.570
48.980
49.800
51.750
49.560
49.240
48.550
49.560
47.540
48.500
46.680
44.190
43.890
44.050
41.650
43.930
47.200
45.970
44.180
44.500
43.070
42.350
41.920
41.000
41.270
39.990
39.480
38.700
39.000
37.500
37.680
38.680
39.500
39.080
39.160
38.480
40.300
40.010
41.150
43.400
42.690
43.100
42.480
41.940
42.400
42.740
42.580
41.830
41.550
41.880
44.580
44.950
45.200
47.870
48.600
45.580
45.690
45.400
42.500
43.690
43.450
42.970
42.950
42.930
42.480
43.970
46.370
46.490
46.680
45.840
47.250
49.060
50.250
46.550
42.320
38.470
34.970
31.790
28.900
26.270
23.880
