-0.050
-0.030
-0.060
0.120
0.040
-0.010
-0.100
-0.090
-0.310
-0.070
-0.040
0.010
0.070
-0.020
-0.030
0.100
-0.200
0.000
-0.130
0.190
0.380
0.120
0.160
-0.040
0.220
-0.170
0.080
0.030
0.010
-0.150
-0.190
-0.250
-0.180
-0.180
-0.030
0.290
0.030
-0.110
-0.150
-0.010
0.010
0.100
0.250
0.000
-0.580
-0.310
-0.150
0.250
-0.170
0.180
-0.110
-0.140
-0.230
-0.050
0.340
0.000
-0.130
0.140
0.000
-0.340
-0.220
-0.070
0.140
-0.010
-0.400
0.090
-0.050
0.030
0.070
-0.260
-0.030
-0.260
1.170
-0.440
0.060
-0.580
0.180
0.110
-0.520
0.190
-0.290
0.200
0.530
1.540
0.120
-0.030
-0.430
0.180
0.150
0.160
-0.190
0.310
-1.160
-0.390
-0.330
-0.420
-0.440
0.060
0.180
-0.220
1.190
0.000
0.180
-0.150
-0.360
-0.170
-0.930
0.140
-0.590
-1.620
0.780
-0.670
-0.140
0.430
0.240
0.130
-0.110
-0.390
0.140
-0.300
-0.170
0.330
0.020
-0.310
0.140
-0.040
-0.180
-0.180
-0.010
-0.060
-0.300
0.410
0.340
-0.800
-0.200
0.060
-0.140
-0.480
0.690
-0.370
0.260
0.230
-0.040
0.340
-0.250
0.220
0.840
-0.280
-0.280
-0.190
0.000
0.100
-0.490
0.380
0.230
0.010
0.030
-0.490
-0.150
1.050
-0.280
0.480
0.270
-0.250
-0.320
-0.250
0.870
0.930
0.120
0.200
-0.480
-0.020
-0.020
0.090
0.540
-0.140
-0.370
-0.190
-0.350
0.180
0.340
0.080
-0.090
1.000
-0.080
-0.100
-0.120
-0.140
-0.350
0.200
0.250
0.010
-0.810
-0.240
0.330
0.160
-0.510
0.400
0.150
-1.420
-1.300
-0.150
0.060
0.710
-0.040
-0.480
-0.220
0.330
-1.020
0.480
-1.000
-1.700
0.340
1.290
1.080
0.490
0.100
-0.630
1.370
-0.570
-0.640
-0.030
0.650
-0.600
-0.400
0.800
-0.150
0.150
-0.060
-0.860
0.610
-0.730
1.990
0.620
0.550
0.400
-1.000
0.580
-0.410
-0.390
-1.770
-1.100
1.070
1.940
0.080
1.100
-0.290
0.670
-1.670
-1.050
-2.280
0.560
0.640
-2.230
-0.380
1.160
0.200
1.270
1.230
-2.260
0.410
-2.470
-0.390
-2.790
0.850
-2.430
-3.280
1.060
-0.660
0.730
-1.770
-1.280
0.150
-1.650
0.550
2.220
1.970
0.360
-0.010
1.950
-0.660
-2.470
2.930
1.140
1.820
0.550
0.600
-0.290
-2.830
2.580
0.960
-0.800
-1.150
-0.380
1.340
2.350
0.370
0.350
0.050
0.520
0.030
2.010
-1.260
-2.380
-1.540
1.630
-2.050
-1.230
0.320
2.420
2.200
2.000
-6.670
-3.050
6.250
-6.510
-4.270
-8.250
-9.170
5.890
1.720
3.930
-2.840
-0.170
0.180
-5.500
0.660
2.960
0.770
4.030
-1.910
-1.490
4.620
7.170
1.680
-7.550
7.050
2.100
-0.050
-1.630
0.500
6.330
5.750
2.990
-3.490
-0.440
5.310
4.830
-4.350
0.460
-3.710
-3.880
5.440
4.950
4.500
4.090
2.980
3.450
-0.030
0.110
-1.410
0.460
-1.270
3.330
1.500
2.890
2.630
0.180
0.980
0.080
0.320
-0.240
-1.050
1.160
0.000
1.560
0.360
-0.770
-0.650
-1.170
0.650
0.340
-0.370
0.880
0.540
0.890
-0.990
0.040
0.690
0.230
0.620
0.480
-0.500
-0.710
0.210
-0.250
-0.120
2.080
0.390
-1.760
-1.400
0.020
-1.000
-0.530
0.340
0.720
0.090
0.750
-2.000
-1.070
-1.600
-0.260
0.950
0.270
-0.550
-0.370
-0.330
0.140
0.840
0.640
0.010
-0.450
0.480
-0.380
-0.080
-0.580
0.300
1.590
-0.840
0.180
-0.890
0.800
0.230
-0.600
0.910
0.460
-0.010
-0.120
2.040
-1.300
0.100
-2.740
1.110
-0.380
0.230
0.860
0.330
-0.480
0.900
-0.490
-0.450
-0.940
0.570
0.210
0.200
-0.170
-1.040
-0.490
-0.550
2.540
2.310
