21.300
21.010
21.220
21.000
20.860
21.000
20.580
20.830
20.740
21.000
19.390
19.030
19.710
19.550
19.660
20.500
19.910
19.100
18.210
18.100
18.210
17.730
17.500
17.620
16.780
16.900
18.060
17.780
17.700
16.660
17.370
18.880
19.630
19.610
20.010
19.300
18.520
18.170
18.120
17.300
16.810
17.140
18.050
18.300
18.510
18.800
18.450
17.990
18.610
18.590
18.510
19.800
20.180
19.480
20.550
20.200
21.670
21.950
21.880
22.000
22.660
23.180
23.190
22.860
22.660
22.650
23.010
23.830
23.970
24.120
24.150
24.080
24.530
24.460
24.600
24.930
24.900
24.800
24.320
24.730
24.710
24.880
24.820
24.360
24.060
24.550
24.710
24.690
24.900
24.620
24.700
24.820
24.730
24.500
24.500
24.820
24.920
25.300
25.340
25.580
25.880
25.450
24.750
24.520
24.510
24.610
24.110
23.980
23.860
23.430
23.130
23.660
22.690
22.610
24.660
26.000
26.810
27.400
27.330
27.310
27.800
27.250
27.270
27.200
27.810
27.830
27.880
26.800
27.800
28.830
28.800
28.780
28.700
28.180
27.500
27.800
27.100
27.770
30.500
32.600
32.230
32.480
30.750
29.250
29.090
29.000
28.880
30.560
29.800
30.890
32.190
32.800
32.000
32.000
31.800
32.830
32.180
32.850
33.990
33.800
33.000
33.800
33.420
34.010
36.570
35.110
32.600
32.610
32.670
33.210
29.600
29.260
26.510
26.400
25.500
25.900
25.910
25.520
25.330
25.410
24.910
24.830
24.800
24.890
24.630
25.000
26.510
26.810
26.840
26.900
27.000
26.660
26.820
26.800
27.980
29.010
27.940
27.250
27.560
27.500
28.000
27.820
28.200
28.020
28.300
27.510
28.610
28.500
28.880
30.060
29.820
28.960
28.880
28.300
28.110
28.660
27.700
27.310
26.630
27.100
26.700
26.510
26.500
26.180
27.650
27.860
29.180
31.300
31.020
31.560
32.070
32.010
31.700
31.560
32.500
32.400
31.960
30.030
32.760
34.300
34.050
34.600
34.900
34.010
35.200
35.160
34.600
34.000
33.080
32.150
32.300
32.700
32.800
34.540
35.200
35.510
34.890
31.870
34.370
37.100
83.220
74.880
72.500
64.030
61.740
55.000
53.810
56.000
52.970
55.080
56.500
55.730
51.330
48.900
46.310
48.000
43.990
44.020
41.530
43.280
45.930
50.000
50.510
48.310
48.680
45.500
46.000
45.110
45.300
42.520
39.510
39.440
38.000
39.560
43.020
39.880
42.100
40.720
38.100
38.000
37.380
33.600
34.560
34.880
32.350
31.850
32.760
31.160
30.640
32.060
31.710
32.150
33.580
33.000
33.500
32.120
29.630
29.470
29.020
28.200
26.680
27.550
27.260
26.500
28.600
27.700
29.010
28.200
26.010
27.650
29.400
32.380
35.200
35.600
34.120
33.200
33.020
32.310
31.410
29.540
31.700
32.290
30.400
30.000
30.750
26.780
27.870
28.010
30.520
32.130
32.100
33.210
36.690
38.500
40.630
45.140
45.000
38.110
41.450
37.680
34.250
31.140
28.310
25.740
23.400
21.270
19.340
17.580
15.980
14.530
13.210
12.010
9.920
