19.710
20.130
19.450
18.900
18.970
19.200
18.770
19.340
19.160
19.260
19.100
19.490
18.880
18.660
18.140
18.700
18.650
18.840
18.390
18.260
18.000
17.590
18.330
18.350
18.470
18.260
18.240
19.420
19.800
19.940
20.140
20.170
19.680
19.470
19.390
19.100
19.700
19.280
19.780
20.290
20.360
20.450
19.950
19.800
18.960
18.720
18.420
20.360
20.870
20.620
21.410
21.600
22.880
23.920
24.560
24.180
23.600
24.090
23.460
22.400
22.850
23.170
22.300
22.240
22.520
21.810
22.120
22.980
23.040
22.820
22.900
22.700
22.440
22.350
22.640
22.230
22.550
23.110
22.600
22.410
22.040
22.760
22.570
22.740
22.550
23.290
23.450
23.230
24.190
23.500
24.400
24.220
24.150
25.130
25.850
25.630
27.500
25.000
22.730
20.660
18.780
18.610
19.360
20.000
19.750
20.170
20.360
20.060
20.400
20.620
20.530
20.130
20.190
20.110
20.250
20.130
19.730
20.600
20.530
20.380
20.860
20.710
18.830
18.380
18.690
18.080
20.000
20.200
20.600
20.400
20.250
20.140
21.140
21.080
21.660
22.450
22.030
22.060
22.220
22.700
21.700
21.480
21.610
22.140
22.240
21.950
21.870
21.880
21.440
21.710
21.830
21.010
20.820
20.720
21.550
22.180
21.370
21.990
22.260
21.680
20.580
20.290
20.130
19.820
20.440
20.330
20.520
20.870
19.480
19.000
19.470
19.340
20.130
22.040
24.490
24.600
23.210
22.370
22.350
21.660
22.090
22.100
22.500
22.490
22.140
22.700
21.410
20.560
18.690
18.820
19.410
18.060
17.780
17.520
17.750
17.760
17.520
17.690
17.780
17.820
17.950
17.370
16.960
16.710
17.150
16.810
16.650
16.560
16.870
16.840
16.700
16.400
16.970
16.900
17.000
18.480
18.360
19.140
19.580
19.270
19.360
19.140
19.000
19.520
20.050
20.380
21.000
19.650
21.830
20.850
18.950
17.230
16.900
16.650
16.780
16.730
16.560
16.240
16.570
16.270
16.020
15.850
15.630
15.590
15.560
15.050
15.000
16.600
15.700
15.840
15.820
15.550
15.610
15.540
15.100
14.780
30.540
30.500
30.450
30.400
30.050
29.600
29.030
31.110
31.430
31.220
31.500
31.610
30.630
29.930
31.680
33.460
32.300
31.990
31.050
31.200
30.500
31.120
30.850
31.970
33.760
35.300
32.090
31.880
32.980
32.990
31.890
31.050
31.770
30.630
31.230
31.660
31.450
30.510
30.510
30.190
29.020
30.610
31.190
30.710
31.970
30.140
30.400
29.820
28.880
27.800
28.950
30.640
28.500
26.930
27.800
29.210
29.480
27.700
28.470
28.050
25.570
24.760
26.740
27.690
30.770
29.650
30.310
29.660
29.730
28.920
28.700
27.410
27.820
28.850
28.420
29.380
28.290
25.720
24.510
26.220
26.100
29.000
28.480
27.520
29.350
29.700
28.600
27.560
28.460
27.130
28.400
28.970
32.190
32.130
35.700
34.200
37.270
41.410
41.200
41.290
40.700
42.730
43.000
46.080
47.400
43.090
39.170
39.540
37.950
37.530
37.780
36.850
37.040
37.050
38.150
39.800
38.980
38.400
36.100
38.010
36.310
34.480
36.910
37.150
36.600
35.140
35.900
35.500
34.010
35.200
35.820
36.180
38.900
35.440
33.330
33.800
31.900
30.730
31.090
29.880
29.040
28.840
28.920
29.600
32.000
29.440
28.700
26.990
25.800
28.160
27.790
28.630
27.800
27.200
27.750
27.850
26.600
26.990
24.900
24.880
24.070
24.950
24.020
24.800
24.500
24.200
23.990
23.110
22.940
23.680
21.660
23.990
26.650
26.220
26.960
26.280
24.910
25.270
25.160
25.630
28.420
26.650
24.230
22.720
25.240
28.040
30.290
31.290
30.260
33.620
35.150
35.030
34.600
36.140
35.750
34.510
33.850
36.120
35.980
34.570
32.500
31.650
32.560
29.600
31.500
35.000
36.360
33.050
32.970
32.190
32.540
30.610
30.380
33.750
32.450
29.500
26.820
24.380
27.090
30.100
29.500
31.970
33.800
36.060
33.100
36.420
40.470
43.660
42.620
40.100
43.550
47.350
45.200
47.150
51.520
53.700
50.500
48.250
46.680
49.630
50.530
56.140
55.390
54.400
56.300
57.700
60.480
54.980
49.980
47.820
43.470
43.890
44.600
45.760
41.600
40.980
38.870
35.700
35.700
34.500
31.620
33.200
34.560
36.240
36.500
37.790
39.650
36.810
33.460
33.310
33.850
33.630
32.620
33.150
32.630
32.160
33.800
34.560
33.820
33.780
34.390
34.220
33.880
33.410
32.530
32.300
32.420
33.500
35.680
32.440
29.490
26.810
24.370
22.150
