11.880
11.930
11.900
11.930
11.880
11.890
11.920
11.970
11.950
11.850
11.880
12.020
12.010
11.970
11.850
11.950
11.590
11.680
11.660
11.800
11.810
12.000
11.730
11.720
11.710
11.540
11.440
11.550
11.570
11.510
11.420
11.760
12.140
12.080
12.160
12.090
11.900
11.950
12.000
12.260
12.560
12.420
12.510
12.820
12.940
12.590
12.880
12.010
12.170
25.480
25.270
26.170
26.220
25.510
25.700
25.820
26.250
26.310
26.160
26.250
25.810
27.010
27.500
27.740
27.690
27.540
27.390
27.650
28.400
28.400
28.090
28.200
27.950
27.570
26.910
26.750
26.430
26.610
26.600
26.740
27.050
26.460
26.860
26.790
26.570
26.500
26.760
26.630
26.780
27.060
27.180
26.160
26.180
26.040
25.980
26.300
25.990
25.900
26.110
26.080
26.080
26.070
25.820
25.440
25.170
25.000
25.000
24.600
25.520
24.930
24.520
25.000
25.420
24.030
25.420
25.990
26.060
26.290
26.560
26.460
26.690
26.900
26.810
25.980
26.000
25.820
26.020
25.720
25.820
26.580
26.660
26.300
26.830
25.810
25.580
25.280
25.900
25.930
27.630
27.870
28.170
27.640
27.620
27.850
28.480
28.640
28.480
28.690
29.200
29.160
29.730
30.360
29.690
29.930
29.870
30.090
31.110
31.150
32.420
30.580
27.800
27.160
26.860
27.140
27.100
27.300
27.550
28.180
27.830
27.960
27.740
27.620
27.810
28.080
28.280
27.680
27.550
27.220
27.580
27.700
27.700
27.350
27.100
26.640
26.730
26.200
26.980
27.380
27.300
27.300
27.490
27.370
27.300
27.440
28.180
28.330
28.400
28.650
28.420
28.660
28.400
28.660
29.270
28.330
28.690
28.920
28.470
27.670
27.320
27.890
27.600
27.800
28.090
27.980
26.400
26.160
26.770
26.950
26.580
26.130
26.600
26.580
26.690
26.390
26.190
26.470
26.500
28.150
27.580
28.280
28.880
29.020
28.700
28.400
29.140
29.290
28.980
28.990
29.170
28.730
29.130
30.350
27.590
27.460
27.100
27.240
28.000
27.690
27.780
26.100
26.770
26.950
26.060
26.520
26.520
26.510
24.640
23.670
23.450
25.810
26.170
25.850
26.330
26.130
25.980
24.870
23.890
23.950
24.300
24.420
24.190
24.650
23.790
24.150
24.910
24.800
52.470
52.470
51.690
51.490
50.650
50.220
52.500
55.150
54.880
55.230
53.860
53.310
53.740
51.530
50.900
50.820
50.200
50.570
54.040
54.060
54.680
56.680
55.400
54.940
56.300
52.710
51.750
52.210
50.250
48.270
48.710
48.000
46.290
46.960
48.960
47.800
47.800
47.630
48.500
44.900
43.090
41.790
42.200
42.090
40.550
39.920
40.110
40.800
40.720
40.140
42.330
42.500
40.900
40.550
45.050
47.520
45.940
46.370
47.600
46.740
46.410
46.740
46.660
44.700
45.250
45.950
44.980
44.740
43.190
42.900
40.530
42.390
41.690
46.140
45.700
44.540
46.560
47.210
45.530
44.380
44.600
42.280
44.110
43.830
48.700
47.950
53.280
51.550
53.100
59.000
62.240
62.110
60.000
60.850
60.000
59.910
59.630
60.030
59.780
61.210
59.000
57.650
57.150
55.980
58.400
59.000
60.110
60.290
60.000
60.460
59.800
59.870
63.160
58.000
63.210
65.860
67.000
61.500
62.180
63.250
60.610
64.500
68.650
70.040
63.670
60.800
58.780
60.240
57.580
55.950
57.460
55.050
53.930
52.450
52.120
50.790
54.300
53.190
58.300
60.940
55.400
54.550
52.070
50.300
49.300
48.490
44.610
41.400
39.800
39.370
37.640
37.280
37.420
38.750
36.030
39.360
37.080
35.950
34.870
33.200
33.010
34.200
31.500
34.610
38.450
37.110
38.580
37.000
34.280
33.660
37.400
41.560
45.760
42.080
41.600
46.220
51.350
57.060
59.890
63.480
60.000
65.500
67.980
69.340
63.040
62.480
59.340
56.670
54.260
56.200
57.330
52.360
58.180
61.550
65.520
59.560
59.590
65.690
71.030
64.570
58.700
59.000
60.600
58.130
62.620
69.580
70.290
63.900
58.090
52.810
58.680
65.200
67.000
61.990
62.000
63.900
61.410
61.400
61.120
59.690
62.500
62.500
63.890
60.270
54.790
52.000
53.650
57.400
52.860
50.170
48.460
49.030
47.730
47.450
48.060
46.790
42.540
41.780
41.290
40.940
39.620
38.290
39.500
40.950
40.880
41.850
56.330
54.580
56.630
56.160
56.570
55.930
54.550
52.710
54.900
53.650
54.150
57.500
57.380
55.610
54.840
56.500
59.030
57.110
57.100
56.270
54.930
54.920
54.850
55.150
58.180
54.090
54.900
53.000
52.340
53.000
51.300
51.380
50.320
48.740
48.320
48.700
49.050
48.300
50.230
49.350
49.770
51.400
49.960
50.180
50.170
51.430
51.460
49.990
49.560
48.500
48.400
49.330
48.400
49.800
52.860
50.780
48.990
48.680
50.090
46.380
46.830
47.300
47.520
46.670
48.180
47.950
48.160
46.450
45.870
44.230
44.020
45.080
43.160
43.900
44.640
44.590
45.550
43.470
43.970
44.330
44.080
47.470
48.460
46.950
42.680
42.190
44.860
46.150
46.320
47.710
48.760
47.190
46.800
45.970
45.100
48.720
48.710
50.720
50.680
50.390
49.700
52.980
52.210
51.730
53.020
51.830
51.810
51.930
53.200
52.840
53.690
54.870
60.970
67.740
65.040
59.130
55.610
56.850
54.690
56.000
56.860
56.900
57.270
61.170
55.610
54.750
54.840
60.930
59.500
57.210
52.010
51.590
46.900
46.390
46.510
43.780
39.800
40.350
40.550
40.610
40.540
40.750
38.870
39.780
38.690
36.360
36.980
37.290
35.330
34.750
36.150
35.460
35.240
35.570
35.470
35.110
34.990
34.660
34.160
33.660
34.170
34.100
35.030
35.450
35.350
35.800
34.700
34.090
34.150
33.700
33.820
34.410
34.730
34.130
33.410
33.680
33.670
33.380
33.380
34.060
34.210
33.360
33.150
32.710
34.000
33.440
34.530
34.450
35.000
35.630
34.850
35.000
34.680
33.990
33.460
33.120
34.490
