41.490
42.400
42.210
42.250
40.520
39.710
40.120
39.960
38.830
38.200
38.010
39.170
40.290
40.070
39.900
40.420
40.040
39.680
39.190
40.200
38.160
39.240
38.410
38.060
37.490
35.470
37.410
37.120
35.400
34.590
33.900
37.410
39.500
39.390
39.800
40.860
42.670
47.410
48.750
49.290
49.130
48.490
51.310
47.050
48.000
48.650
47.770
47.000
46.770
47.190
46.150
49.020
49.410
49.260
48.950
48.520
49.880
49.210
49.970
54.670
55.340
56.790
56.750
57.180
55.660
54.410
58.760
63.660
61.570
60.460
60.680
60.650
61.230
61.000
60.950
58.870
57.720
57.450
58.420
57.000
56.040
58.850
58.470
59.210
61.150
64.100
58.270
55.300
52.560
51.660
52.690
52.880
52.800
50.800
50.200
49.300
49.300
49.340
47.750
51.300
51.310
50.710
54.270
60.300
67.220
66.990
67.640
65.440
63.780
62.830
63.130
66.120
64.900
62.000
62.000
61.970
61.530
61.190
61.430
59.620
59.850
60.250
59.310
58.400
61.680
63.280
63.740
64.220
65.950
67.080
65.740
66.500
65.250
64.280
65.110
66.530
66.090
66.090
67.180
68.220
67.510
67.280
68.100
67.850
68.300
67.940
67.150
74.080
74.450
73.480
73.910
74.180
72.890
72.270
74.100
73.900
72.970
68.870
70.910
69.290
62.990
62.700
66.330
65.700
66.610
72.460
71.490
73.190
77.140
78.550
77.880
79.600
82.180
80.700
80.550
82.210
80.800
89.490
89.960
89.630
93.050
88.800
88.100
86.700
95.950
92.650
84.230
83.190
84.250
84.650
76.950
69.950
63.590
57.810
52.550
47.770
43.430
39.480
35.890
32.630
29.660
26.960
24.510
22.280
20.250
18.410
16.740
15.220
