-0.370
-0.100
0.940
0.130
-0.150
0.020
-0.640
0.110
0.310
-0.360
-0.540
0.200
-0.610
0.190
-0.370
0.970
0.530
0.410
-0.720
0.600
-0.380
1.140
0.080
0.040
1.460
-1.970
-0.140
0.110
-0.030
0.590
-1.800
-1.300
-0.550
-0.430
0.310
0.470
-1.040
-0.480
-0.280
-0.480
0.210
-1.340
0.300
1.020
0.240
-0.500
0.070
0.580
0.390
0.270
-3.040
-1.350
-0.360
-3.560
-3.960
-4.400
-4.890
-1.400
-0.500
-0.390
-0.250
0.040
3.850
2.500
-1.750
-5.200
-3.700
-2.070
-1.110
0.530
-0.650
-0.090
1.210
0.890
0.040
2.390
-0.810
-0.640
-1.240
0.490
-0.930
-0.090
2.030
0.170
0.050
3.130
-2.590
0.190
-1.150
1.740
2.190
0.010
1.010
-0.830
0.170
-0.410
-0.530
-0.630
3.150
0.280
-0.050
-0.400
1.950
2.340
0.090
1.130
1.390
-0.760
-0.560
1.800
2.850
0.160
0.790
-0.580
-0.210
-1.210
0.450
0.600
0.140
-0.020
0.780
1.190
0.400
0.040
-0.200
-0.780
0.110
1.210
-0.490
1.570
-1.630
-0.020
0.390
0.500
-2.140
-0.280
1.680
1.560
-1.150
0.850
-0.330
0.780
-1.670
-0.190
-2.010
0.910
-0.460
1.170
1.710
-0.320
0.440
0.550
0.360
1.270
0.120
-1.090
-0.400
1.190
0.550
-0.480
1.350
-1.110
-0.380
0.310
-0.610
0.560
-0.930
-0.360
0.230
-0.790
0.260
-0.010
-1.650
0.290
-0.520
0.460
0.100
-0.570
-0.240
-0.560
-0.590
1.190
-0.950
0.440
-0.300
2.660
-1.230
0.480
1.550
1.380
-0.110
0.600
0.100
0.570
-0.450
-0.760
-0.030
0.170
0.120
-0.310
-0.720
0.590
-0.080
-0.160
-0.510
0.850
1.480
0.480
-0.160
-0.870
-0.050
-0.110
0.060
0.520
0.580
0.320
-0.730
-0.240
0.290
-0.820
-1.050
-0.660
0.570
-0.130
-1.360
1.030
1.150
-0.810
-0.050
0.780
-1.200
-1.520
0.400
-0.040
-2.190
-1.970
0.390
1.330
5.760
5.240
-1.350
1.550
-0.210
-0.410
-5.840
0.610
-6.270
1.760
-5.450
-7.530
1.420
1.260
1.260
0.270
-0.690
0.840
-1.590
-1.330
0.640
1.730
1.130
0.740
0.190
1.310
0.200
-0.320
-2.140
-2.020
0.780
0.800
1.100
-1.770
-5.230
-0.750
-2.700
1.750
-1.030
2.420
0.110
-1.530
1.210
-2.440
0.460
-2.760
-9.140
8.020
4.380
-0.200
1.760
1.150
-2.870
1.130
-3.770
1.570
7.290
-0.930
1.270
-0.400
2.000
2.000
2.120
-5.520
-1.500
0.500
0.720
0.480
1.200
1.960
4.040
-1.380
2.080
1.140
-3.180
-0.520
5.450
2.330
3.070
-0.850
-1.360
0.400
-1.020
-5.010
4.790
-2.560
-6.690
-0.650
-3.250
-0.230
1.480
2.100
3.500
-1.500
-2.070
3.160
-0.230
4.190
-6.990
-7.770
0.710
-3.260
5.810
-8.050
-4.500
-3.210
0.100
2.260
7.990
3.250
12.430
-3.900
-0.100
7.520
-1.200
-1.980
-0.500
4.560
2.240
-7.320
-1.500
11.500
2.020
1.980
-4.920
10.540
9.580
-5.900
1.870
9.080
8.250
7.500
-7.000
-6.000
0.500
5.500
-4.200
3.200
3.950
-8.780
-9.280
8.830
8.030
7.300
6.630
6.030
5.480
4.980
4.530
4.120
3.740
11.440
