17.680
16.730
16.560
16.270
16.250
16.260
16.210
16.660
16.390
16.280
16.990
16.990
16.650
16.390
16.530
16.410
16.300
16.170
15.580
15.820
15.980
16.030
15.640
15.750
15.750
15.620
16.100
15.770
15.690
15.650
16.220
16.770
16.860
17.070
17.740
16.840
16.800
16.860
17.180
17.370
16.080
16.500
16.980
17.080
17.160
17.090
17.000
17.280
17.400
17.610
18.230
18.250
18.450
19.050
19.510
18.990
19.340
19.350
19.140
19.190
19.470
19.720
19.840
19.900
19.650
19.800
20.490
20.970
20.710
20.710
20.720
20.770
21.230
20.950
20.930
20.990
20.920
20.950
20.980
20.520
20.400
20.850
20.560
20.720
20.590
19.890
19.840
19.630
19.840
19.800
19.730
19.660
19.430
19.210
19.610
19.540
19.730
19.800
19.750
19.830
19.890
19.390
19.420
19.350
19.300
19.210
19.240
19.200
19.380
19.520
20.080
18.430
18.590
18.510
19.670
20.100
20.380
20.590
20.700
20.750
20.980
21.320
21.380
20.670
20.850
20.800
20.820
21.050
21.200
21.540
21.470
21.590
21.500
21.890
21.830
21.780
21.700
21.960
23.840
24.160
24.950
25.060
25.150
24.900
24.790
24.430
24.670
25.290
25.680
26.040
26.630
25.470
24.850
24.550
24.620
24.780
25.160
25.600
25.880
25.570
25.470
25.700
25.550
25.400
26.100
26.680
24.890
24.450
24.420
24.450
24.630
24.550
24.690
24.950
25.150
25.230
24.970
24.650
24.580
24.590
24.200
24.270
24.300
23.480
23.600
23.550
24.130
24.260
24.320
24.450
24.650
24.660
24.320
24.240
24.080
24.670
24.450
24.490
24.470
24.190
24.120
25.000
25.540
25.850
25.600
25.960
26.300
25.440
25.500
25.700
25.790
26.040
26.140
26.300
25.660
25.220
25.540
25.880
25.620
25.400
25.360
25.580
25.560
25.470
25.800
26.260
26.480
29.000
28.930
30.180
31.500
29.980
30.100
29.200
29.000
29.800
29.520
29.280
29.400
30.350
31.670
30.370
30.290
29.890
29.780
29.650
30.610
30.850
31.550
30.730
30.200
30.280
30.570
30.850
31.190
31.330
29.620
29.460
26.840
28.240
29.650
29.260
27.940
27.990
27.580
28.280
27.170
26.270
27.170
27.270
25.820
25.000
25.440
23.950
24.400
24.200
26.260
25.490
24.350
23.780
23.290
24.260
25.160
27.280
26.670
27.290
26.280
25.480
24.180
25.300
23.250
23.000
23.200
23.300
25.090
25.390
25.510
25.090
25.100
25.250
25.680
26.090
26.100
26.500
25.800
24.520
23.100
24.100
23.320
23.500
24.480
23.350
23.980
23.600
24.040
23.390
23.280
22.480
21.960
21.130
19.530
18.570
19.050
19.210
19.490
19.640
20.180
20.850
20.730
20.140
21.290
22.480
23.990
23.260
23.360
23.500
22.890
24.090
22.180
21.700
20.690
21.580
21.750
21.210
20.880
20.570
20.430
20.790
21.690
23.780
24.880
24.790
26.000
25.500
23.500
22.100
22.830
23.400
23.490
24.650
26.400
26.500
26.850
27.750
27.270
30.140
32.450
33.230
31.760
30.980
31.350
31.500
31.400
30.240
27.510
27.990
26.500
26.030
25.590
23.880
25.000
28.480
26.750
25.540
23.550
21.880
21.300
21.150
21.820
21.600
23.470
24.230
24.140
23.850
24.030
24.500
24.840
23.470
24.360
23.440
24.940
25.980
24.500
24.700
23.770
22.900
24.390
22.180
20.650
21.080
19.990
19.520
20.090
20.720
21.510
19.550
17.770
16.290
16.200
15.970
15.050
14.930
14.010
14.100
14.090
14.140
14.590
15.020
14.850
14.080
13.770
13.360
13.770
13.000
13.000
20.990
20.800
20.900
21.100
19.600
18.870
18.880
19.980
21.500
21.850
20.640
21.240
21.200
24.000
26.140
27.450
27.080
29.990
29.250
29.950
28.860
29.400
30.340
30.500
29.500
27.810
26.300
25.760
25.800
27.600
29.580
28.980
29.600
31.800
31.680
29.500
28.100
28.050
28.470
27.550
25.590
26.480
24.070
23.800
26.760
26.680
27.260
29.170
27.060
28.470
29.700
33.170
33.980
35.730
38.000
42.280
42.570
40.880
41.780
40.860
39.980
38.000
37.270
38.790
39.000
37.900
38.550
39.030
39.000
41.050
46.680
43.400
39.960
38.750
36.700
37.480
36.850
35.200
32.570
30.700
31.390
28.810
29.140
43.400
40.470
38.700
39.160
39.460
39.390
39.940
39.550
41.200
41.800
41.890
42.060
40.870
39.680
40.770
41.980
41.440
43.000
44.770
45.390
42.180
38.980
39.800
39.500
38.880
36.660
35.360
35.220
35.820
35.330
35.800
36.450
35.340
35.350
35.330
34.560
34.650
33.750
33.820
32.900
33.490
32.990
32.630
31.450
32.250
32.970
31.510
31.940
31.650
30.950
30.900
31.000
31.130
31.130
31.240
30.090
29.650
29.350
28.720
28.870
30.440
31.070
32.090
31.950
31.000
31.120
31.240
31.980
32.350
31.560
32.400
32.980
34.470
33.080
30.990
29.790
28.460
27.900
28.100
28.300
28.870
29.000
29.080
29.090
29.130
29.790
31.200
30.490
31.650
30.840
31.400
30.700
30.750
32.430
34.000
36.890
37.000
39.490
36.940
33.580
30.530
27.750
25.230
22.940
20.850
18.950
