47093.13
27532.21
22784.75
39927.38
62725.50
19553.76
25201.17
55421.00
32850.14
13154.00
14954.03
11445.45
19444.18
18684.84
24839.21
40177.73
38822.53
47446.38
16900.47
13662.05
21785.00
34513.39
14118.33
19958.41
23679.78
14325.01
12372.22
12949.48
11277.53
11371.93
15300.83
17760.00
14131.03
17754.00
30991.71
23652.73
24484.27
16253.77
19820.05
23212.23
16294.84
21496.46
22817.67
29401.01
32399.25
24420.10
39470.56
45557.08
23266.66
18297.42
19848.26
16262.00
39645.28
31227.69
26595.83
45398.39
26647.18
21957.89
45729.41
59542.56
57443.56
41741.42
61871.05
63574.75
93233.44
79238.37
105922.18
116522.31
76645.58
71798.21
103256.43
111048.94
125068.15
94954.82
125013.55
117018.66
50865.46
82227.73
77630.59
75331.98
150821.41
221018.44
237848.08
261008.06
5440.34
3175.75
1738.82
735.19
415.00
585.00
364.36
209.00
188.00
162.31
151.00
32.00
29.00
33.00
119.01
