34.970
35.050
34.480
33.960
33.440
34.090
35.500
33.980
33.790
32.300
33.940
34.800
34.300
34.080
34.360
34.770
33.950
33.980
33.580
34.450
34.990
34.430
32.140
31.950
30.950
30.620
32.120
31.260
30.850
30.150
30.800
32.490
34.790
35.330
36.000
34.960
34.500
34.000
33.860
36.550
36.360
37.090
39.270
40.250
40.420
39.680
39.810
38.560
38.120
37.840
37.290
37.290
38.880
39.040
41.360
43.490
45.660
45.430
95.950
93.810
92.630
98.450
93.500
92.880
90.300
91.470
95.300
101.200
100.000
100.580
102.870
101.980
97.770
97.490
95.330
92.000
91.000
92.180
91.970
87.500
88.470
91.350
86.570
86.870
79.750
76.550
77.870
76.600
75.770
75.860
72.670
72.800
72.880
71.970
74.950
77.500
80.800
80.200
80.010
83.630
80.800
79.900
77.680
77.780
78.970
79.000
81.200
80.360
78.700
81.300
78.480
73.990
73.400
76.560
69.960
70.880
74.000
73.820
73.060
67.970
69.500
71.750
72.520
71.800
73.740
78.000
72.510
65.920
59.930
54.480
49.530
45.030
40.940
37.220
33.840
30.760
27.960
25.420
