45.620
42.920
40.870
41.210
40.900
39.930
40.450
41.130
41.610
39.890
37.940
38.870
39.340
39.850
40.610
40.060
39.510
39.420
35.840
38.350
36.950
36.020
34.640
34.400
34.000
32.850
35.350
35.760
35.410
35.410
35.390
38.800
42.220
42.220
42.790
43.380
41.300
41.940
40.420
39.440
40.520
39.200
40.120
41.800
42.980
41.360
42.150
42.260
40.940
39.800
38.860
40.000
40.360
41.000
39.600
40.200
44.640
45.150
45.370
46.810
45.870
50.970
52.200
52.180
51.620
55.260
54.600
59.980
63.300
61.960
61.200
64.590
64.310
63.640
62.850
62.380
58.890
58.100
56.710
56.000
57.000
60.500
57.740
58.250
57.240
54.500
53.620
56.010
54.730
55.800
56.900
51.730
50.370
48.660
52.110
57.900
58.890
56.750
51.590
46.900
42.640
38.760
35.240
32.040
29.130
29.130
26.480
24.070
21.880
19.890
18.080
16.440
