25.800
24.300
24.490
24.700
24.600
24.880
25.580
26.160
26.220
26.740
28.840
30.400
30.770
27.600
28.890
29.000
29.220
28.100
28.500
28.100
30.890
31.010
30.900
30.350
29.510
30.760
30.220
30.000
29.580
29.980
29.390
62.000
63.000
62.420
65.520
61.900
63.150
63.000
62.070
62.990
58.570
60.300
60.200
59.180
59.500
63.240
62.070
60.440
58.800
58.610
61.300
60.980
60.200
59.110
58.500
61.170
63.550
65.880
66.000
67.080
68.000
68.880
66.000
64.000
66.810
70.030
70.980
72.600
73.160
72.180
80.690
76.580
80.510
70.050
72.000
72.000
70.420
72.400
67.030
62.380
63.000
62.400
61.700
59.550
59.400
60.920
61.280
60.800
61.000
61.220
59.900
58.520
58.290
57.450
57.960
57.810
57.580
56.980
54.100
61.880
61.800
59.980
58.020
56.900
55.990
55.990
55.850
54.200
55.150
53.950
51.790
51.540
53.200
53.390
56.270
62.900
62.220
61.870
61.910
61.990
64.500
64.030
64.270
64.000
64.160
61.500
67.000
61.740
56.130
51.030
46.390
42.170
38.340
34.850
31.680
28.800
26.180
19.840
