-0.840
1.570
-0.210
-0.170
-0.230
-0.070
-0.990
-0.360
0.100
-0.990
-1.650
-2.840
0.870
2.800
-0.960
0.090
-0.540
1.410
-0.690
-0.390
-2.470
0.300
0.270
0.780
-0.150
-0.650
1.130
-0.140
0.230
-0.400
0.320
-2.400
-0.900
-0.700
0.560
1.860
-1.720
-0.200
0.250
0.260
4.390
-1.650
0.060
0.540
-0.160
-3.050
0.810
1.250
1.900
-0.300
-2.100
-0.650
1.750
0.590
0.610
-3.840
-0.710
-2.330
-0.320
-1.150
-1.540
-0.890
3.790
1.190
-2.690
-3.490
-0.720
-1.450
-0.350
0.600
-8.100
4.900
2.910
1.390
-0.230
0.150
0.560
-1.680
3.860
6.290
-0.040
0.730
0.360
2.240
-0.140
-1.280
-0.320
0.200
-0.090
-0.410
1.190
1.510
1.230
0.230
-0.660
-0.050
0.150
0.710
1.130
-6.240
0.110
2.090
1.790
1.820
0.600
0.000
0.180
1.020
-0.900
1.740
1.550
0.030
-2.020
1.080
-4.720
-5.270
1.140
-0.540
0.590
-1.370
-1.960
0.940
-0.030
1.020
-0.350
0.410
1.710
5.610
5.100
4.640
4.220
3.830
3.490
3.170
2.880
2.620
2.380
7.270
