0.490
-0.380
1.010
2.240
-1.350
-1.180
0.320
2.230
2.030
0.080
1.840
-1.760
-0.020
0.350
-0.100
-0.250
-2.240
-2.200
-1.400
-0.280
-0.760
2.830
0.130
3.870
0.400
0.310
0.990
-2.360
-0.240
-0.670
-1.070
-0.560
0.700
1.010
0.090
0.600
-0.820
-0.380
-1.050
0.350
-3.850
-4.940
0.290
2.250
-0.430
0.540
-3.640
-1.000
-0.020
0.500
-4.040
-3.350
-2.660
1.350
1.480
0.170
-1.850
-1.170
2.910
-2.140
-5.120
0.340
5.980
-2.300
-0.250
1.780
0.450
0.410
0.610
0.610
1.150
0.740
-5.250
0.060
-1.300
0.000
-0.710
-4.220
-1.730
1.250
0.000
0.050
-2.360
2.070
-0.200
-1.620
2.180
1.630
0.700
-2.730
-4.000
-1.020
2.420
0.050
1.130
0.730
1.460
-0.140
-2.640
-3.210
6.730
-1.590
-1.170
2.620
2.810
0.140
0.780
-0.920
0.220
2.390
-0.200
0.480
0.310
-0.960
-0.640
1.140
1.130
1.800
0.370
0.680
-3.880
0.190
-0.400
-0.290
-2.170
1.280
0.110
-1.070
0.140
0.350
-1.050
-1.890
1.210
-3.630
-2.090
0.260
1.200
-2.510
-7.990
7.270
6.610
6.010
5.460
4.960
4.510
4.100
3.730
3.390
3.080
2.800
2.550
2.320
2.110
1.910
1.740
1.580
1.440
1.310
1.190
1.080
0.980
0.890
2.730
