74.730
74.770
73.500
73.680
76.800
72.790
74.290
72.700
71.940
72.590
73.200
74.780
75.170
74.700
74.010
74.000
75.810
74.020
73.200
72.580
74.210
72.990
72.000
70.750
65.410
64.200
65.400
62.500
61.400
60.440
63.050
69.290
70.290
70.800
70.020
68.190
69.590
69.810
67.500
68.320
67.800
67.500
69.700
70.900
69.740
72.020
73.800
72.630
73.100
78.180
85.030
86.880
87.000
83.310
84.500
83.020
84.800
82.900
86.000
86.500
86.010
91.470
94.500
97.000
96.000
100.350
97.880
97.870
96.990
96.100
98.320
91.700
92.170
90.070
95.790
94.600
93.680
96.000
89.080
89.000
88.370
93.000
92.770
93.500
86.710
84.500
90.000
82.000
77.180
76.870
76.000
66.630
65.000
66.500
71.300
68.810
71.450
73.000
71.190
68.800
63.600
64.720
58.840
53.490
48.630
48.630
44.210
40.190
36.540
33.220
30.200
22.870
