1.400
0.280
-0.530
0.440
1.610
0.280
-0.370
1.390
1.050
0.150
-0.720
0.110
0.280
-0.220
-0.160
0.790
0.010
1.810
-0.430
0.000
-0.660
0.310
0.280
-0.100
1.020
0.000
0.130
0.550
0.020
0.230
-0.990
-0.780
-0.050
-0.520
0.140
0.450
0.700
0.180
0.530
-0.170
0.610
-1.380
-0.370
-0.090
0.300
-0.530
0.170
0.970
0.370
0.450
-0.990
-0.340
-0.410
0.930
-0.730
-2.670
-0.010
0.010
-1.420
0.950
-3.010
-0.290
0.140
0.810
-3.180
-1.980
-3.750
0.180
0.520
0.710
-1.420
-0.090
0.870
0.930
-0.090
1.420
-0.460
0.760
-0.290
-0.660
-2.450
0.770
-0.260
3.450
3.140
2.850
2.590
2.360
2.140
1.950
1.770
1.610
1.460
1.330
1.210
1.100
1.000
0.910
2.780
