17.750
17.650
17.350
17.270
17.300
17.030
17.000
17.290
17.060
17.130
17.350
17.590
17.760
17.750
17.870
18.180
17.600
17.360
17.400
17.750
17.950
17.970
17.160
17.450
17.180
17.600
18.790
18.130
17.790
17.680
18.580
19.740
20.190
20.670
21.200
20.800
20.540
20.470
20.090
20.280
19.880
20.490
21.930
22.470
22.610
22.110
22.520
22.490
20.980
20.500
20.800
21.430
21.480
21.620
21.370
22.000
24.350
25.290
25.840
26.790
29.570
26.880
24.440
22.220
20.200
18.360
16.690
15.170
13.790
12.540
11.400
10.360
9.420
