30.300
30.090
30.040
29.900
29.800
30.380
29.810
30.650
29.530
28.820
30.190
30.700
31.900
31.960
31.520
31.420
31.220
29.200
28.460
30.020
31.900
30.060
27.050
27.300
25.510
27.030
30.030
29.930
31.820
35.360
39.290
43.080
43.610
42.750
42.630
40.850
41.000
41.810
40.580
42.390
42.090
40.690
41.110
41.300
42.000
42.870
42.800
42.300
41.250
41.550
41.500
43.000
43.600
41.340
41.380
42.300
45.070
46.350
45.000
44.380
40.200
44.520
44.150
43.260
43.010
43.880
47.800
48.600
48.010
47.290
48.580
48.600
48.320
47.880
49.310
49.940
50.660
52.010
50.260
49.300
48.880
48.990
50.940
50.630
46.300
45.910
45.630
44.400
44.180
43.380
43.550
43.700
42.700
41.780
42.300
44.000
44.350
45.730
44.080
42.550
43.600
41.300
40.980
40.260
39.900
39.970
39.500
39.060
40.260
41.110
38.170
36.040
37.380
35.250
37.220
41.100
42.770
43.000
46.210
45.900
48.080
50.800
50.510
50.160
50.100
51.500
52.300
52.700
51.050
50.610
54.000
55.260
55.660
55.730
55.550
55.800
50.000
50.020
49.890
53.710
56.660
55.330
56.300
56.200
57.710
60.080
59.500
61.500
61.650
62.000
64.660
64.010
62.660
60.110
58.740
57.610
57.920
60.500
60.300
62.100
61.520
58.600
59.000
58.370
57.770
55.510
55.180
53.020
54.320
54.180
53.080
52.020
52.300
52.380
53.780
52.760
53.280
52.520
52.860
52.850
53.900
51.900
52.250
49.600
49.040
47.700
48.010
52.300
52.400
52.460
53.240
53.800
53.110
53.020
53.500
58.030
59.200
61.290
60.000
58.550
61.500
62.000
59.300
59.080
59.170
60.580
57.440
59.580
61.000
61.170
63.110
68.180
66.000
67.400
66.100
59.200
57.030
57.310
56.500
55.880
59.500
56.190
51.080
46.440
42.220
38.380
34.890
31.720
28.840
26.220
23.840
21.670
19.700
17.910
16.280
14.800
13.450
12.230
11.120
10.110
9.190
6.960
