74.230
74.080
73.500
72.800
72.600
72.120
72.500
72.660
71.200
69.100
72.600
72.500
74.080
74.000
74.000
74.000
74.560
74.020
72.050
72.330
72.680
72.360
71.470
69.500
65.410
64.200
65.000
62.020
60.750
60.420
60.300
63.300
69.500
70.000
70.000
67.670
67.800
68.900
67.100
68.180
66.900
67.480
68.500
69.520
68.200
69.100
72.270
71.600
71.070
72.710
77.540
85.600
85.200
83.030
83.510
82.510
83.650
82.900
82.700
83.050
84.310
87.500
90.500
92.500
91.500
99.000
94.910
97.870
94.000
95.300
93.500
91.500
90.630
90.040
89.510
94.600
93.180
93.680
89.000
88.580
87.730
89.130
91.150
90.120
86.030
83.410
84.100
80.120
76.480
76.000
75.250
65.800
64.600
62.980
65.000
68.810
69.880
70.930
69.100
66.660
63.600
58.900
58.840
53.490
48.630
48.630
44.210
40.190
36.540
33.220
30.200
22.870
