32.780
32.870
32.680
32.730
32.300
32.280
32.380
33.300
32.480
32.800
34.250
35.490
35.800
35.970
36.030
36.490
35.640
35.770
34.380
35.180
36.270
36.370
35.320
32.760
32.750
35.380
39.760
34.150
37.940
42.150
46.830
58.690
60.800
62.290
64.500
62.530
60.960
60.670
57.400
57.580
58.700
58.440
58.680
59.900
62.450
62.990
63.980
64.180
61.980
60.000
58.960
57.990
58.450
59.080
58.550
58.100
59.990
61.500
61.900
62.170
64.800
66.350
66.000
63.490
62.360
61.990
62.550
63.010
62.200
60.950
60.030
59.880
58.840
56.000
54.200
52.800
52.500
51.420
52.500
52.990
50.500
49.940
51.480
51.100
50.300
48.420
48.490
48.490
47.450
47.970
47.910
47.280
47.350
47.190
47.210
48.340
48.890
51.070
49.250
48.100
48.380
50.200
46.600
46.500
46.240
45.500
45.600
44.620
44.870
44.800
44.310
43.630
43.970
44.700
47.190
51.470
53.840
55.970
56.380
56.580
58.480
59.670
59.800
58.860
59.180
59.440
60.440
61.300
60.160
62.980
65.500
60.850
60.200
60.930
59.960
60.250
60.380
59.960
65.800
66.380
68.800
68.430
69.150
69.740
74.870
74.860
74.880
74.980
75.000
77.100
80.500
80.680
83.200
80.300
79.960
77.000
77.880
76.980
77.000
75.750
76.340
74.940
76.610
76.000
74.880
70.550
69.000
73.450
72.590
72.990
76.450
73.580
73.000
70.000
73.900
70.610
74.280
71.840
66.280
67.500
64.960
65.360
63.800
65.230
65.380
65.830
68.490
74.280
74.460
72.460
71.540
72.820
69.850
70.750
71.700
77.300
79.490
81.880
82.870
85.490
87.880
91.590
84.980
78.750
77.780
76.350
77.300
74.480
75.600
74.700
83.950
84.450
81.260
83.600
85.580
81.350
83.990
81.170
73.790
68.000
68.590
68.670
64.690
60.300
62.000
68.000
62.600
63.100
63.980
60.330
69.310
63.010
57.280
52.070
47.340
43.040
39.130
35.570
32.340
29.400
26.730
24.300
22.090
20.080
18.250
16.590
15.080
13.710
