75.730
75.610
75.610
75.720
74.980
75.240
74.890
76.210
74.760
73.890
75.700
76.980
78.180
78.800
79.420
79.300
78.810
77.600
77.700
79.500
80.020
77.100
76.110
77.380
73.560
74.470
80.600
78.780
77.500
73.650
75.660
81.810
88.360
89.500
90.710
86.000
89.200
90.820
88.000
91.050
88.100
88.700
90.000
91.810
91.400
92.910
93.070
88.560
89.670
90.010
87.900
92.050
92.000
92.250
92.550
93.550
100.110
101.900
101.000
100.220
101.810
113.000
115.030
110.050
115.130
124.000
133.180
135.800
147.010
153.010
156.000
142.020
132.730
120.660
109.690
99.720
90.650
82.410
74.920
56.760
