-0.200
1.140
-0.260
0.120
0.350
-0.410
-0.890
1.230
2.230
0.540
-1.050
-0.690
-0.640
0.620
-0.370
2.040
0.290
3.060
-2.040
-0.390
3.000
1.230
0.210
0.310
0.930
-1.930
0.190
0.300
-0.060
0.430
-3.160
-2.250
-0.670
-0.490
0.160
1.470
-0.860
-0.130
0.710
-0.260
0.740
-3.240
0.450
0.240
0.760
-0.880
-0.200
0.420
1.890
0.120
0.200
-0.190
-0.810
1.950
-1.640
-3.790
-1.920
0.660
-0.080
0.750
-4.270
-0.560
0.610
0.180
-1.890
0.590
-3.630
-1.840
-1.250
0.130
-3.750
-0.400
3.600
0.760
4.560
1.250
-1.170
0.510
-0.470
-1.150
-2.340
3.100
-0.300
0.500
0.370
-0.440
-2.260
1.140
-3.490
-2.420
4.800
0.030
1.280
-3.160
-5.540
-4.490
2.300
5.230
4.760
4.330
3.930
3.580
3.250
1.800
-1.610
0.000
2.940
0.830
1.040
2.500
2.270
2.070
1.880
1.710
1.550
1.410
4.310
