26.300
25.920
26.000
26.690
26.390
26.900
27.730
27.600
27.900
27.400
28.150
28.730
29.990
31.200
30.000
30.070
30.130
30.610
31.410
33.600
32.790
29.000
24.600
22.000
21.470
26.800
68.000
56.500
58.670
59.600
59.130
66.210
67.980
68.610
68.200
60.400
59.610
57.450
54.820
54.000
53.000
54.960
53.860
55.280
54.350
54.300
53.720
50.700
50.480
48.500
46.990
46.200
46.470
45.430
46.390
47.080
49.900
50.400
51.750
51.600
53.000
53.770
53.210
52.000
53.350
54.500
59.350
61.040
61.670
60.380
63.100
62.000
61.830
57.990
59.860
58.470
56.760
57.690
56.710
57.100
58.400
57.750
57.180
55.330
55.200
56.080
57.900
57.260
57.600
58.300
58.500
58.100
55.420
54.440
56.200
57.000
55.610
55.650
52.660
52.760
52.900
51.390
52.800
51.260
52.700
52.650
51.030
47.990
49.250
48.000
46.310
46.700
50.210
49.190
47.900
51.000
60.000
55.570
50.520
45.930
41.750
37.950
34.500
31.360
28.510
23.760
