40.930
40.780
40.900
40.580
40.510
40.890
40.650
41.110
40.860
40.720
41.050
42.150
41.960
42.750
42.340
41.490
41.610
40.460
40.200
42.210
42.000
40.600
40.200
40.200
38.070
38.190
41.560
41.700
40.700
40.120
41.180
43.280
47.020
47.500
48.090
45.750
46.190
47.300
45.610
44.660
42.450
44.000
45.500
46.000
45.680
45.700
43.120
40.120
41.700
41.650
41.610
41.510
45.600
100.280
100.100
96.010
100.320
99.650
99.280
98.330
97.300
107.100
108.350
105.220
107.750
107.640
111.000
121.900
121.600
123.550
123.870
121.250
123.670
122.880
126.000
126.030
121.580
121.000
117.500
115.200
114.000
115.560
115.880
114.000
110.600
111.470
111.350
108.700
109.300
109.600
108.500
107.530
105.700
104.120
106.830
108.520
109.050
107.520
105.500
106.900
106.980
105.690
105.510
105.310
105.000
108.570
107.250
103.010
103.050
105.700
102.200
97.010
100.170
96.900
98.520
108.010
113.230
113.180
117.500
120.080
124.710
130.350
129.500
127.560
127.010
126.670
128.500
128.380
123.700
131.510
136.510
136.060
135.600
136.500
139.010
137.100
140.100
138.380
147.690
163.260
166.000
167.800
172.130
168.010
172.500
181.190
180.100
181.010
184.900
181.500
186.100
185.900
186.110
168.880
171.090
168.220
171.360
176.760
170.000
170.500
172.650
167.600
166.400
165.850
165.070
167.000
168.450
167.600
167.280
170.110
173.120
170.020
169.650
168.800
172.710
170.000
172.880
173.500
172.000
173.680
175.450
169.000
163.600
165.030
163.020
151.010
150.520
161.000
160.400
154.200
153.610
152.020
153.480
153.100
151.880
154.180
159.770
175.500
163.120
164.700
160.160
161.180
150.670
151.950
151.460
154.270
148.010
152.350
151.500
151.650
160.660
165.150
164.120
167.500
164.000
154.100
156.000
152.230
147.600
142.000
149.050
150.360
146.560
142.500
149.940
156.060
150.800
147.500
155.100
149.580
158.380
156.130
165.030
163.000
156.180
141.980
129.070
117.340
106.670
96.970
88.150
80.140
72.850
66.230
60.210
54.740
49.760
45.240
41.130
37.390
33.990
30.900
23.410
