-2.560
0.190
0.250
1.140
-0.500
0.480
-0.010
-0.110
-0.380
0.800
-0.580
-0.410
0.680
0.040
-0.100
-0.760
-0.420
0.250
0.390
0.170
0.040
0.230
-0.150
0.080
-1.310
-0.090
-1.400
0.750
-0.320
0.420
0.370
0.180
-0.930
-0.270
0.310
0.770
-0.200
-1.000
0.230
-0.490
0.310
3.050
-0.140
-0.060
0.410
0.790
-0.840
0.140
0.650
0.200
0.130
0.170
-0.040
0.490
-1.830
-0.360
0.910
-0.610
0.660
0.050
-0.370
-0.480
-0.190
-0.060
0.400
-0.480
-0.820
0.330
0.320
-0.950
-0.560
-0.260
0.850
0.050
2.100
0.000
-1.380
-0.700
0.280
1.650
-0.830
0.870
0.340
0.370
-1.000
-0.970
-1.060
-2.190
1.220
-0.410
-0.010
0.320
-0.490
0.870
-1.600
-0.060
0.170
-0.280
-1.590
-0.920
2.320
-2.060
0.190
-0.400
3.670
1.200
-0.650
-0.820
0.160
2.470
0.970
0.480
1.070
-1.600
1.410
0.100
-0.760
2.400
-0.100
-1.400
-0.080
0.470
-0.120
1.810
0.450
0.440
1.730
0.380
0.230
1.170
-1.250
-0.130
0.460
1.320
0.440
-1.270
0.240
1.090
-0.680
-0.120
-0.700
0.000
-1.050
-1.180
0.130
0.150
2.410
0.150
0.140
-0.680
0.730
-0.190
0.710
-0.500
-2.060
-0.760
-1.020
0.050
0.650
0.030
-0.480
1.070
-0.900
-1.420
0.900
1.020
-0.110
-1.250
2.150
0.200
0.640
0.240
-0.630
0.280
-0.400
0.700
2.380
2.360
-0.010
0.120
2.230
-0.890
-1.040
0.150
-0.020
0.330
-2.450
0.060
0.980
0.340
-2.760
-1.160
-3.190
-1.200
0.150
-0.050
0.020
-0.870
0.950
2.050
0.620
-0.020
1.170
0.840
1.390
-1.770
0.590
-3.120
2.250
-2.490
0.510
0.740
-1.130
-1.040
0.860
0.660
0.840
2.510
0.760
0.070
-2.960
-2.260
-3.540
0.150
0.670
-3.600
-3.500
1.930
-0.310
-0.970
-0.730
0.660
-2.550
-0.630
1.350
0.040
3.900
-0.030
2.560
0.090
-3.050
2.110
-1.070
-0.200
-1.080
-0.920
-4.460
2.360
3.880
-1.580
2.060
3.490
0.450
0.620
3.070
-1.490
-0.400
0.250
0.230
1.140
1.750
-0.390
2.690
-0.880
-1.170
0.060
0.050
-0.870
1.650
1.260
1.150
0.940
-2.750
0.490
-0.660
0.160
1.960
-1.010
1.790
1.080
0.250
1.250
1.000
-0.010
-0.810
1.550
-1.930
2.040
0.020
0.670
1.880
0.960
-0.020
1.620
-1.800
-2.000
0.570
-0.360
1.090
1.510
1.330
-1.760
-1.960
-0.470
1.820
0.020
-2.020
-2.250
-2.500
-2.710
-1.110
0.100
-3.190
-0.270
-0.880
0.270
-1.220
-0.180
3.100
1.090
-0.560
-0.800
2.850
-2.200
-1.200
-0.800
2.900
-3.300
-3.680
0.490
0.640
2.450
0.450
2.980
2.710
2.460
0.580
2.180
-2.430
-2.700
-3.000
-1.930
-1.530
-3.720
-4.130
-4.590
4.170
3.790
3.450
-1.050
3.230
1.600
1.870
-0.400
0.290
-0.230
0.770
1.640
1.020
0.250
-0.360
1.670
0.780
-1.420
-0.630
0.690
-0.870
0.670
2.270
-0.350
-0.050
1.100
-0.800
0.610
-0.020
0.980
2.030
0.850
-0.800
-1.140
0.700
0.490
0.560
-0.250
-0.970
1.200
0.260
-0.430
0.280
-0.460
0.680
0.040
1.270
-0.280
0.280
0.080
0.220
0.340
-0.470
-0.250
0.650
-0.220
0.840
-0.110
-0.170
0.570
-0.600
0.050
0.140
0.630
-0.720
-1.880
-0.690
-0.350
1.130
0.040
0.500
-0.040
0.050
0.460
-1.840
0.110
0.750
-0.070
-0.370
-0.240
0.660
0.370
0.970
0.300
-0.010
-0.290
0.550
-0.130
0.450
0.020
-0.750
0.340
-1.240
-0.360
-0.460
-0.010
0.390
-0.440
0.060
-0.500
-0.380
0.070
0.630
0.330
-0.040
-0.330
-0.120
-0.680
0.290
-0.100
-0.810
-0.800
0.210
0.430
-0.040
-0.560
0.620
0.230
0.020
-0.570
1.920
0.710
0.670
-0.480
0.410
0.050
-0.260
-1.340
0.410
0.580
-0.220
-0.180
0.810
0.100
0.480
-0.190
0.520
0.750
0.300
-0.510
0.250
-0.560
-0.270
-0.230
0.140
-0.510
0.650
0.250
0.200
-0.510
0.140
-0.160
0.700
0.300
-0.380
-0.090
0.260
0.250
-1.050
-0.320
0.750
1.530
0.340
0.260
-0.690
-0.530
0.080
0.420
-0.140
0.220
-0.710
-0.880
-0.150
0.130
-0.700
-0.260
-0.450
