14.300
13.530
13.520
13.460
13.590
13.330
13.610
13.550
13.520
13.390
13.580
13.500
13.280
13.190
13.150
13.090
13.080
13.020
12.900
12.990
12.960
12.880
12.890
12.770
12.700
13.090
13.270
13.240
13.100
13.240
13.400
13.810
13.800
13.820
13.870
13.170
13.170
13.130
13.160
13.690
13.600
13.830
13.770
13.970
14.000
14.000
14.000
13.870
14.050
13.970
14.310
14.600
14.660
14.800
14.770
15.170
15.410
15.030
15.070
14.780
14.820
14.970
15.010
14.820
14.500
14.600
14.900
14.810
14.750
14.790
14.160
14.140
14.370
14.300
14.280
14.050
14.000
14.100
13.920
13.800
13.710
13.860
13.980
13.950
13.800
13.790
13.900
13.950
14.140
14.150
14.400
14.350
14.320
14.260
14.240
14.260
14.450
14.420
14.590
14.550
14.600
14.750
14.790
14.280
14.490
14.030
13.950
14.050
13.860
13.760
13.900
14.050
13.790
14.140
13.910
14.130
14.090
14.280
14.160
14.300
14.230
13.980
14.080
13.970
14.090
14.160
14.210
14.190
14.170
14.290
14.150
14.190
14.250
14.270
14.280
14.350
14.170
14.580
14.720
14.500
14.400
14.560
14.560
14.670
14.750
14.900
14.830
14.820
14.650
14.680
14.440
14.430
14.400
14.390
14.500
14.550
14.350
14.180
14.200
14.270
14.340
14.350
14.300
14.430
14.420
14.610
14.470
14.600
14.680
14.720
14.780
14.730
14.730
14.750
14.450
14.750
14.770
14.590
14.710
14.980
14.470
14.350
14.220
14.130
13.900
14.170
14.480
14.390
14.490
14.370
14.200
14.260
14.320
14.600
14.930
14.880
14.470
14.390
14.290
14.200
14.480
14.570
14.250
14.300
14.580
14.410
14.510
14.480
14.490
14.510
14.740
14.620
14.700
14.450
14.370
14.610
15.190
15.200
14.940
15.050
14.650
14.650
14.530
14.690
14.890
15.020
15.500
15.570
15.100
14.800
14.900
14.640
14.230
14.050
14.100
14.270
13.830
13.990
14.330
14.590
14.500
14.500
14.890
14.690
14.490
14.790
14.200
13.710
13.400
13.920
14.030
14.010
13.580
13.200
13.080
13.110
12.500
12.880
13.280
13.950
13.690
13.530
13.660
12.760
12.790
11.910
11.980
30.280
30.500
31.180
30.600
29.650
28.700
28.610
29.490
29.280
29.200
28.710
28.100
29.050
29.130
31.040
31.500
31.000
31.100
30.310
29.570
30.100
30.200
30.500
29.580
28.360
29.400
30.400
30.280
30.240
30.670
30.320
30.280
31.450
31.020
30.800
30.900
29.800
29.000
28.800
28.750
27.880
28.250
28.880
28.510
28.600
28.350
28.380
28.290
26.980
25.680
26.230
26.330
25.140
24.700
25.000
23.880
24.050
23.900
24.260
24.870
23.490
23.350
24.940
25.780
27.880
28.510
28.980
28.500
28.280
28.500
28.310
26.780
25.800
27.740
27.200
26.400
25.430
25.180
24.240
26.580
26.650
28.470
29.040
26.000
26.880
27.500
25.480
24.270
25.160
23.110
25.600
26.480
28.490
30.440
31.600
32.680
30.710
37.800
37.030
38.230
38.200
37.580
35.500
34.280
35.160
35.070
34.980
34.900
33.060
33.000
32.600
31.730
32.000
31.560
31.600
32.850
33.490
34.190
33.000
33.800
33.720
33.600
37.640
40.000
39.480
38.500
40.200
39.100
36.810
35.100
34.900
32.010
34.680
34.700
33.190
31.560
31.980
30.200
30.300
29.330
29.900
30.010
30.500
30.310
30.010
31.380
30.390
28.260
25.800
25.900
24.930
26.100
25.860
25.000
25.620
24.900
24.670
24.200
24.000
23.460
23.280
22.000
20.350
20.950
19.350
18.600
19.470
17.680
17.990
19.130
17.500
17.800
21.580
20.510
21.000
20.460
18.400
17.180
17.000
19.100
22.650
21.200
21.200
20.410
22.680
27.000
29.000
31.180
29.500
33.740
33.150
35.800
32.750
32.880
32.550
30.900
29.980
29.000
30.510
29.960
29.900
30.180
31.430
31.420
30.110
35.500
37.000
35.650
34.740
33.000
32.600
31.450
31.000
35.820
35.480
35.000
39.000
33.400
42.000
43.950
48.800
48.320
47.500
49.830
52.000
49.310
53.000
54.500
50.500
49.320
48.810
50.000
53.290
51.760
51.900
49.020
49.880
45.300
44.180
47.800
49.000
47.480
43.000
41.270
39.700
41.050
39.780
39.490
37.610
38.300
39.160
39.000
34.200
33.580
34.100
34.100
37.800
38.210
38.150
36.400
36.910
37.300
37.400
36.960
36.780
34.680
36.490
36.850
36.000
36.580
37.520
38.020
36.520
40.000
38.870
36.970
36.630
37.300
37.250
35.010
36.990
33.460
32.690
33.000
32.900
29.970
29.800
29.900
30.120
30.530
28.900
29.210
29.050
28.150
27.110
26.350
26.800
27.310
27.780
28.000
28.000
27.710
26.990
27.120
27.020
27.300
27.180
27.290
26.820
26.790
27.090
27.590
28.260
27.740
27.990
27.260
28.450
29.460
30.200
29.050
27.540
27.500
28.500
28.690
28.190
27.560
27.230
27.770
27.480
27.680
28.160
28.370
28.630
28.880
29.300
29.180
29.320
29.010
29.390
27.900
27.500
27.860
27.700
27.800
28.880
29.200
29.100
29.020
29.560
28.690
28.180
28.800
27.770
28.880
29.100
28.900
25.970
26.300
26.240
25.790
26.620
25.450
24.650
24.850
23.250
23.600
23.320
22.700
22.900
22.660
22.740
22.820
23.160
23.800
23.700
23.170
22.900
22.900
23.200
23.060
23.390
23.200
23.480
22.570
21.940
22.420
23.430
23.710
23.980
22.940
22.900
22.920
23.100
23.220
23.530
23.410
23.890
24.050
23.870
22.430
22.080
21.600
21.120
21.300
21.510
21.690
21.390
21.700
22.130
22.390
21.980
21.990
20.880
21.400
21.590
21.970
21.420
21.470
20.950
20.910
20.890
20.810
21.200
21.010
21.510
21.990
21.530
21.260
20.440
20.300
20.020
20.150
19.990
20.040
20.200
19.890
20.060
19.900
19.810
19.320
19.740
20.180
19.830
19.850
19.700
21.200
21.660
21.700
21.640
21.910
22.500
22.790
23.480
23.000
22.410
22.980
22.270
22.300
