25.480
25.180
24.310
24.310
22.980
22.450
22.560
22.420
22.930
22.750
22.270
22.800
23.050
22.340
22.460
22.670
22.210
21.910
19.920
20.480
20.570
20.720
19.810
19.870
18.930
18.500
19.490
19.500
19.700
19.700
19.340
20.100
21.150
21.410
21.950
21.820
20.840
21.390
45.600
48.460
48.600
47.880
48.560
46.960
47.700
48.130
47.950
47.770
47.210
46.480
46.220
47.700
47.940
48.310
47.300
47.870
48.250
49.840
49.340
50.410
49.900
52.300
53.140
53.310
51.060
50.300
51.930
53.210
55.060
54.170
54.330
53.510
53.770
52.290
52.000
53.160
52.640
52.950
53.860
52.480
51.370
51.820
51.980
52.290
51.990
49.590
49.310
49.290
49.010
50.000
50.010
49.520
49.230
47.780
47.590
48.900
48.450
49.390
48.760
48.440
48.950
47.600
47.100
48.240
47.540
48.400
48.400
47.840
47.200
47.930
47.370
46.120
46.390
47.240
46.300
49.200
50.230
49.910
50.320
51.180
51.010
51.520
52.820
49.730
49.300
51.850
52.700
52.710
53.550
52.010
53.020
53.700
53.990
53.050
53.700
53.460
51.800
52.400
51.980
55.830
57.000
59.390
59.270
58.980
58.490
61.000
61.400
60.790
62.250
63.540
63.080
63.280
64.830
64.720
63.500
60.240
61.850
60.030
60.320
60.860
61.390
59.970
61.640
61.040
61.550
61.990
61.250
57.030
58.240
58.070
59.690
59.250
59.250
59.370
59.390
59.900
58.200
56.700
54.600
55.790
55.770
55.670
54.430
53.210
52.770
52.750
52.800
53.050
52.530
52.330
52.580
52.170
52.210
51.670
51.460
54.880
54.950
54.360
55.150
53.020
53.430
56.290
56.850
56.360
56.200
56.930
57.120
57.340
57.180
58.700
58.920
58.460
59.000
59.720
57.960
56.360
56.100
58.390
57.980
57.250
57.510
59.300
58.750
59.190
61.350
60.510
60.470
58.270
63.450
62.970
65.480
68.800
70.800
68.370
70.200
68.850
66.000
64.700
64.320
64.300
67.450
69.600
66.340
66.290
67.010
65.450
65.190
67.120
67.780
68.990
67.600
65.200
67.390
67.000
65.000
63.220
63.500
64.890
59.000
57.600
62.500
60.680
61.760
60.200
57.550
57.350
55.790
52.170
52.980
55.900
55.480
56.610
58.200
53.350
54.470
53.360
56.000
58.280
53.700
52.100
48.800
49.880
53.310
52.000
55.080
54.100
53.950
52.110
48.270
46.670
45.100
43.960
45.700
44.200
47.690
50.020
48.770
47.830
49.020
47.710
47.510
48.840
49.500
47.880
48.360
48.110
44.500
44.720
45.700
42.750
46.140
45.330
45.580
45.960
46.510
47.260
47.440
46.770
42.520
41.990
41.550
38.480
36.230
37.300
38.540
39.100
36.200
35.610
33.340
30.310
30.080
33.420
33.490
36.700
37.000
38.000
36.740
35.870
35.820
35.450
33.830
34.000
35.780
34.560
33.300
31.150
31.890
29.660
32.950
34.160
37.950
38.730
38.000
42.220
42.920
41.020
40.070
40.680
36.980
39.920
38.710
43.010
44.720
49.690
48.650
52.650
58.500
58.000
55.210
50.190
49.390
47.400
47.110
49.730
47.070
48.160
47.090
46.160
45.660
44.480
45.210
46.230
48.200
43.820
45.100
41.600
42.160
40.810
43.240
47.260
42.960
46.750
46.760
45.300
41.180
43.230
42.140
38.310
40.450
42.600
42.520
43.100
45.030
44.880
43.090
40.020
39.300
39.490
35.900
33.740
34.380
33.320
33.760
34.790
34.490
33.000
31.100
30.500
33.800
34.100
33.400
33.990
30.900
30.070
29.310
28.420
27.580
26.000
25.900
25.550
26.620
25.420
27.200
27.900
26.320
26.000
24.700
23.900
23.660
21.510
23.900
26.550
26.360
27.400
26.100
23.740
22.560
23.710
26.300
27.560
25.840
24.000
25.430
28.260
31.400
34.890
37.000
36.800
39.320
38.570
39.620
36.880
38.840
38.770
37.820
34.380
31.250
30.840
28.040
30.630
31.610
33.690
31.450
32.540
36.150
37.590
36.590
36.500
36.000
36.620
33.290
33.670
37.410
36.440
33.130
30.120
27.380
24.890
27.650
29.000
31.000
34.440
38.270
36.600
40.670
45.190
48.190
46.140
45.900
51.000
53.700
53.690
50.200
46.300
46.010
50.000
49.390
46.750
46.040
47.040
44.300
45.200
44.150
42.050
43.120
43.950
39.950
39.000
37.400
35.920
37.100
38.270
39.080
38.800
40.220
39.750
39.220
37.520
38.280
38.550
36.920
36.110
40.000
40.980
40.950
38.850
39.040
36.160
36.100
36.590
36.020
36.260
37.260
39.490
38.850
39.210
37.830
37.290
37.650
36.180
35.650
36.600
37.300
37.320
37.800
39.730
39.380
39.000
40.080
38.250
37.790
38.700
43.500
42.000
41.920
38.110
36.610
36.270
35.880
35.090
33.410
34.760
35.390
33.680
32.380
31.680
31.370
32.290
31.850
32.100
31.520
32.890
32.290
31.910
30.870
31.550
31.450
31.650
32.400
32.430
30.090
28.880
28.340
29.080
28.100
29.130
28.590
29.500
31.860
32.800
34.780
38.640
42.930
41.480
41.790
40.950
39.440
39.920
39.950
39.380
39.450
37.930
37.720
37.780
39.000
40.090
40.100
40.430
41.260
42.100
41.290
40.120
40.110
41.150
42.960
40.460
40.620
41.250
41.760
39.770
40.390
40.880
41.700
42.430
42.710
40.880
40.350
39.880
41.800
41.290
38.530
37.480
35.770
36.750
36.730
35.060
33.280
33.130
33.550
34.930
