10.130
10.080
10.350
10.140
10.150
10.170
10.240
10.320
10.310
10.150
10.180
10.420
10.400
10.410
10.640
10.200
10.250
10.300
10.010
10.180
10.270
9.980
9.910
9.480
9.320
10.010
10.230
10.210
10.070
10.030
10.470
10.970
10.970
19.840
19.950
19.320
19.150
19.100
19.300
19.780
19.660
20.100
20.220
20.380
20.750
21.250
20.840
20.650
20.820
20.650
20.900
20.830
20.600
20.460
20.530
20.400
21.110
21.080
21.500
20.840
21.220
20.880
20.790
20.530
21.180
21.730
22.040
22.180
22.310
22.300
22.500
22.360
22.450
22.420
22.970
22.880
23.010
23.000
22.880
22.640
22.550
22.500
22.060
22.030
21.520
21.650
21.470
21.690
21.850
21.750
21.370
21.350
21.250
21.050
21.320
21.510
21.480
21.360
21.250
21.220
20.800
20.850
21.090
20.840
21.140
20.900
20.600
20.760
20.980
20.360
20.110
20.490
21.460
21.660
21.760
21.700
21.810
22.090
21.610
21.300
20.850
21.250
21.590
21.680
22.010
22.000
21.780
22.040
21.210
21.490
22.290
21.850
22.710
23.330
23.930
23.560
23.350
23.380
23.470
23.330
23.300
23.690
23.930
23.560
23.600
24.200
24.120
23.890
24.150
24.630
24.190
24.200
24.100
24.380
24.350
24.230
24.200
24.210
24.850
24.790
24.800
25.340
25.110
25.300
25.530
25.380
25.040
25.700
25.770
24.860
25.200
25.340
25.300
25.230
25.250
24.530
24.370
24.250
24.250
23.390
24.190
24.270
24.220
24.000
24.100
24.000
24.840
24.980
25.600
24.660
24.880
24.900
24.350
24.710
25.100
24.670
24.900
24.610
24.460
24.030
24.250
23.550
23.930
24.380
23.910
24.380
24.590
24.670
24.450
24.300
24.210
24.650
24.170
23.860
23.890
23.360
23.150
22.830
22.360
22.800
22.990
24.180
24.120
23.420
24.470
24.510
23.730
23.420
23.880
24.210
24.200
24.600
24.530
25.540
25.500
24.750
24.940
25.080
24.840
25.150
25.630
25.550
26.050
25.000
24.100
25.090
25.000
25.270
23.850
24.300
22.580
20.490
20.510
21.110
21.410
21.790
21.700
20.940
20.660
20.010
19.000
18.710
18.250
18.550
18.470
18.400
17.600
17.280
17.820
19.320
19.660
19.300
19.380
18.900
19.460
19.090
19.950
21.290
21.300
21.700
20.700
19.960
19.850
19.450
19.170
20.160
18.550
20.150
19.750
20.200
19.970
20.120
20.850
20.300
19.800
20.510
21.090
20.690
20.580
21.060
20.000
20.380
19.900
20.750
19.780
18.780
18.470
18.200
19.970
22.190
23.950
22.510
23.660
23.210
21.350
21.770
21.170
21.250
21.690
20.450
19.810
21.100
20.280
20.350
18.800
18.120
17.500
17.500
17.620
17.660
17.100
16.200
17.650
17.080
17.930
17.620
16.850
17.600
17.120
16.800
15.600
15.030
14.850
14.880
15.120
14.500
14.900
15.010
14.510
15.040
14.000
13.800
13.400
12.360
12.110
14.300
14.300
14.050
13.840
12.500
12.510
12.000
13.900
14.750
14.100
13.200
14.180
14.180
16.400
18.500
18.700
18.010
20.520
20.800
20.760
20.150
21.040
21.760
20.380
19.380
18.470
18.840
17.050
18.750
19.000
20.890
21.430
20.710
24.510
25.200
24.700
24.520
24.190
23.110
21.300
21.200
25.900
24.860
26.180
22.750
25.500
26.330
22.510
27.000
29.000
32.400
32.210
32.800
32.990
35.780
33.500
34.010
37.700
38.100
35.920
34.770
36.000
36.850
34.000
35.590
34.560
33.400
30.800
29.500
31.000
31.300
31.880
27.480
29.020
28.120
28.300
28.440
27.600
26.840
24.460
23.460
23.910
22.600
22.100
22.820
23.550
24.000
24.000
23.750
23.090
24.910
24.780
23.900
23.900
23.380
22.250
21.660
21.560
21.100
22.910
23.500
23.250
22.680
23.300
25.210
24.870
23.700
22.920
23.980
23.520
22.830
22.580
21.570
21.630
21.820
21.660
21.810
21.110
21.000
21.470
20.980
20.880
19.440
19.400
20.090
19.080
17.600
17.110
17.150
16.810
16.530
17.360
17.360
17.350
17.200
17.350
17.080
17.190
17.620
17.350
16.520
16.980
16.960
16.090
16.060
15.450
15.670
16.300
16.150
16.220
15.800
15.850
15.280
14.780
14.300
14.190
14.510
14.810
14.220
13.890
13.810
13.810
13.990
13.430
13.290
13.390
14.070
14.610
14.700
14.440
14.290
14.080
14.890
15.450
16.100
16.280
16.430
15.850
15.040
14.850
14.700
15.990
16.750
17.030
17.130
15.940
16.100
15.000
15.230
14.590
14.100
14.860
14.250
14.240
14.250
13.970
14.060
14.180
13.830
13.970
13.850
13.640
13.300
13.020
13.280
13.700
13.940
13.500
13.820
14.130
14.150
14.380
14.170
14.100
14.550
14.460
14.710
14.860
14.650
14.950
14.320
14.120
13.320
13.150
13.280
13.200
13.860
14.100
13.270
13.490
13.650
13.990
13.800
13.960
13.720
13.830
13.470
12.990
13.350
12.680
13.150
13.030
13.290
13.280
13.380
13.550
13.260
13.130
13.370
13.230
13.100
13.050
12.930
12.390
12.380
12.210
12.100
12.600
12.800
12.340
12.420
12.200
12.110
11.910
12.520
12.540
12.380
12.230
12.890
13.000
12.800
12.880
12.960
12.910
13.200
13.450
