12.100
12.220
12.050
12.320
12.360
12.120
11.640
11.900
11.840
11.770
11.760
12.190
12.170
12.250
12.050
12.210
11.800
11.870
11.750
12.040
12.280
12.240
11.930
11.950
11.730
11.370
12.580
12.560
12.490
12.640
12.700
14.050
14.550
14.880
15.320
14.780
14.330
14.100
14.240
14.040
14.600
15.400
16.100
15.420
15.670
15.340
14.760
14.670
14.500
14.500
14.200
14.620
14.620
15.490
16.190
16.190
16.640
16.620
15.110
16.500
15.900
15.270
14.990
15.510
14.100
14.000
14.380
14.830
15.000
15.250
15.150
15.000
15.130
15.440
15.320
15.940
15.380
15.370
14.740
14.870
14.680
14.280
14.220
14.560
14.860
14.460
14.210
14.190
14.180
13.750
13.430
13.310
13.650
13.560
13.850
13.820
13.770
13.730
13.580
13.440
13.730
13.450
13.700
13.320
13.170
13.560
13.680
12.440
12.600
12.970
12.770
14.030
14.900
15.080
15.310
15.380
15.450
15.880
15.900
15.560
15.420
15.510
15.770
15.810
16.000
16.540
16.080
16.340
16.250
16.260
15.810
15.560
15.300
15.610
15.860
17.620
17.820
17.960
17.810
17.800
18.600
19.480
19.700
18.910
19.490
19.030
18.850
19.050
19.200
18.400
18.570
18.560
19.080
19.630
19.400
18.740
18.010
17.800
17.790
17.800
17.560
17.760
17.730
18.200
18.010
17.920
18.250
18.360
18.110
18.190
18.030
18.050
17.790
18.540
18.860
18.830
18.700
18.850
18.420
17.960
17.620
17.330
17.760
17.550
17.890
17.800
19.470
20.170
18.800
19.140
19.060
18.620
18.810
19.130
19.080
18.860
19.910
20.100
20.700
20.250
19.960
20.760
21.420
21.150
20.800
20.020
19.320
19.670
20.570
20.110
19.210
19.460
18.800
18.990
18.580
18.500
18.720
19.100
18.800
20.890
20.710
21.400
22.200
23.010
22.070
21.100
19.180
18.280
16.620
16.540
16.700
17.000
17.190
16.710
17.000
17.160
17.340
16.910
16.140
16.680
16.690
15.170
15.600
15.880
15.680
16.080
15.470
15.580
17.310
17.650
17.960
17.750
18.190
17.300
15.730
14.810
15.460
15.740
15.820
15.750
15.650
15.430
15.780
15.450
16.840
15.310
34.910
36.110
37.300
41.400
42.220
46.910
51.300
49.290
49.490
46.630
47.300
46.530
47.380
47.140
45.360
44.400
49.140
54.600
56.100
58.680
55.210
54.930
54.390
54.250
53.800
54.900
58.800
55.850
54.960
55.220
50.200
46.370
48.180
43.800
47.840
47.800
46.810
52.010
47.280
45.350
43.710
43.360
41.580
37.800
38.990
37.450
36.240
35.380
34.720
36.290
33.520
32.350
34.000
33.890
33.550
37.050
35.970
39.970
37.390
33.990
30.900
29.250
30.560
29.890
28.480
30.060
29.010
27.200
27.450
26.900
26.460
27.410
27.280
24.800
25.740
25.200
24.850
25.170
22.880
22.000
22.100
20.090
22.320
24.800
24.260
25.490
23.890
21.720
19.930
20.710
23.010
24.710
22.800
21.300
23.520
26.130
29.030
32.250
34.850
35.060
38.950
39.530
40.100
38.120
40.500
39.910
39.300
37.160
33.780
30.710
34.120
37.910
42.120
46.800
47.380
52.640
58.490
64.990
66.450
71.900
75.490
77.800
77.800
81.220
79.970
80.500
73.180
71.020
73.000
78.280
75.000
73.400
75.500
75.800
72.500
68.800
72.100
77.210
74.730
83.030
84.540
76.850
69.860
71.650
72.510
68.480
68.090
61.900
56.270
51.150
46.500
47.800
47.980
50.160
52.010
50.670
49.400
50.030
53.520
54.790
50.500
50.000
47.850
47.120
45.100
45.300
50.330
53.330
57.000
56.750
59.500
56.590
52.610
52.230
47.480
48.770
47.810
50.900
46.270
42.060
41.000
37.270
33.880
30.800
28.000
25.450
24.200
23.460
22.700
24.150
22.650
22.070
20.460
18.600
18.300
17.890
17.840
18.000
17.860
17.120
17.660
18.460
18.870
18.080
17.980
17.950
17.750
17.150
17.410
17.270
17.880
18.450
17.090
16.630
17.110
16.640
16.610
16.930
16.240
15.930
16.580
16.850
17.030
17.240
17.090
17.320
17.640
17.910
17.870
18.100
16.450
16.220
16.200
15.850
15.410
15.480
15.200
15.460
16.810
16.680
16.410
16.720
17.070
16.930
17.180
17.500
17.200
17.150
16.470
16.660
16.140
15.860
16.500
16.160
15.130
15.140
15.200
14.920
14.590
14.250
14.260
14.320
13.720
13.590
13.560
13.710
13.600
13.100
13.050
13.220
13.190
13.120
13.080
13.120
13.140
13.650
14.460
14.470
13.960
13.840
13.460
13.680
14.420
14.710
14.170
13.610
12.890
