0.260
0.150
-0.180
0.130
0.090
0.060
-0.300
-0.050
0.140
-0.230
-0.250
-0.170
-0.220
0.200
0.010
0.340
-0.440
0.990
-0.690
-0.210
-0.190
0.570
0.000
0.080
1.060
-0.620
-0.550
0.130
0.570
0.330
-1.160
0.140
-0.440
-0.250
1.030
0.810
-0.020
-0.070
-0.200
-0.700
-0.330
0.000
0.010
-0.100
-0.190
-0.350
0.140
0.320
0.080
0.000
-0.540
-0.220
0.130
-0.370
-0.400
-0.630
0.400
0.070
-0.190
-0.230
-0.490
0.380
0.140
0.270
0.070
-0.900
-0.370
-0.320
0.070
0.180
0.070
-0.040
-0.110
-0.030
0.090
0.110
-0.180
0.020
-0.060
-0.200
-0.010
-0.250
0.010
0.430
0.040
-0.250
0.110
0.030
0.320
0.110
-0.010
0.030
0.270
-0.130
-0.350
0.200
0.460
-0.110
-0.090
0.010
0.350
0.160
-0.090
0.010
-0.220
0.030
0.280
-0.430
1.080
0.390
0.020
-0.280
0.560
-1.400
-0.430
-0.120
-0.340
0.120
-0.080
-0.360
-0.280
0.230
-0.090
0.000
0.190
0.010
-0.220
0.150
0.000
0.080
0.140
0.060
-0.020
0.350
0.120
-0.500
-0.110
-2.060
-0.080
-0.130
0.310
-0.200
0.130
-0.490
0.260
-0.040
-0.390
0.040
0.130
-0.550
0.020
0.220
-0.370
0.110
-0.390
-0.140
0.130
0.000
0.540
0.150
-0.140
0.210
-0.170
-0.260
0.080
0.080
-0.330
-0.310
-0.220
0.120
0.130
-0.200
0.010
-0.140
0.430
-0.490
-0.330
-0.180
0.150
-0.030
1.000
0.050
-0.080
-0.500
0.330
-1.440
0.060
1.270
0.370
-0.180
0.200
-0.150
0.070
-2.090
-0.390
0.400
-0.370
0.550
-0.400
0.580
-0.660
0.120
-0.170
-0.950
0.060
1.000
-0.490
2.010
0.180
-0.330
-0.040
0.020
0.100
0.980
0.200
-0.840
0.460
0.140
-0.110
-0.020
-0.450
0.430
0.260
0.130
0.650
-0.080
-1.360
0.660
-0.340
-0.290
-0.130
0.270
-0.130
-0.130
0.000
-0.220
0.550
0.500
-0.800
-0.470
0.050
0.330
0.360
0.720
-0.540
0.170
-0.330
0.200
1.180
0.560
-0.030
0.880
0.000
-0.040
0.350
0.070
0.750
0.110
-1.510
-0.430
0.420
0.040
0.260
0.240
-0.070
1.000
-0.300
-0.330
0.460
-0.030
-0.200
0.070
0.200
0.430
-1.400
0.220
0.160
0.010
-0.220
-0.250
0.180
-1.240
-1.080
0.220
-0.180
0.910
0.200
-0.280
-0.410
0.590
-0.070
0.200
-0.510
-1.710
-0.250
-0.010
-0.330
-0.270
-0.170
0.090
1.390
0.720
-0.060
0.540
0.990
-0.480
-0.350
1.440
-0.890
-0.480
0.200
-0.930
0.420
-0.450
0.280
1.490
1.960
-0.410
-0.360
0.790
-0.540
0.080
0.650
0.490
0.460
-1.700
-0.440
1.870
0.600
-1.930
-1.040
-2.340
-0.300
-0.450
1.130
0.150
-0.660
0.020
0.600
0.180
0.960
0.690
0.450
0.960
-0.550
1.320
-1.820
-0.760
-2.380
0.020
1.100
-1.080
-1.070
0.470
0.600
1.140
2.060
-0.880
1.230
-2.250
-0.730
-2.580
0.420
-2.510
-3.100
-2.450
-0.880
1.550
0.840
-0.360
0.150
0.900
-0.920
-1.390
1.180
-2.370
0.390
1.480
-0.210
1.480
1.770
-0.310
2.550
-1.000
-1.280
-0.590
0.330
-1.690
-0.880
-1.590
2.120
2.930
-1.500
0.710
-0.920
-0.600
1.560
-2.050
0.050
2.080
0.220
1.890
0.220
-0.190
0.490
2.500
-1.770
0.140
-0.530
0.110
2.200
2.260
0.150
2.040
-2.160
-2.510
0.280
0.050
1.650
2.050
1.870
-0.980
-2.240
-2.200
2.040
1.560
-2.330
-2.590
-2.880
-3.200
-3.000
0.080
-3.880
2.890
0.770
2.840
-2.700
-1.320
2.700
3.060
-0.090
0.600
2.730
-3.030
-3.280
-3.740
0.800
-4.060
-4.510
1.450
0.020
0.730
0.790
2.630
2.970
0.590
-4.000
3.630
3.300
3.000
2.730
-2.780
-3.340
-3.710
-3.350
-5.550
-6.640
4.940
-9.450
-10.500
-9.370
-4.630
3.160
0.550
-12.810
2.580
-11.230
-2.610
1.860
8.500
3.100
1.710
-13.800
-1.010
-5.200
-0.050
13.030
6.210
8.620
-8.410
-3.190
5.510
-6.520
-1.700
-2.300
6.000
10.020
5.650
0.960
6.370
-0.050
9.460
5.400
4.190
-4.400
-1.550
-4.040
1.510
0.770
5.920
1.590
-1.000
5.510
7.340
0.640
5.810
-2.010
-2.770
-1.020
-8.080
7.340
6.680
-0.030
2.610
-4.180
-0.940
-1.180
3.480
4.790
-0.190
-0.400
4.600
3.290
1.080
-0.170
0.350
2.800
0.450
-0.030
-0.820
-0.150
-0.090
-0.400
2.590
0.900
0.990
-1.740
-1.350
2.730
0.130
3.240
1.270
-1.850
1.210
0.190
1.280
2.710
1.780
-0.600
-0.090
3.520
0.250
-3.880
-2.190
-1.560
0.290
0.260
-1.800
0.560
-0.710
0.750
1.540
-1.480
0.370
0.270
2.550
1.450
3.500
-0.350
0.130
0.790
-0.870
0.530
2.330
-0.710
1.590
-0.940
0.400
0.700
-2.300
-0.900
0.160
1.460
-1.070
-2.750
-1.320
0.210
-1.150
-0.440
1.000
0.940
0.160
2.000
-2.250
-0.800
-0.580
-0.770
-1.800
0.200
-2.400
-0.090
-0.910
3.180
0.730
-1.130
0.720
-0.580
1.130
-1.240
0.990
1.150
-1.950
-0.100
-2.100
-1.620
-0.380
1.360
-1.350
-0.520
-0.600
-0.430
-0.160
-0.600
0.300
3.600
3.430
-0.160
-1.560
-0.410
1.600
-0.950
-0.980
-1.280
2.720
1.400
1.580
1.590
0.820
0.150
1.050
-0.900
0.140
0.000
1.210
-0.680
0.220
-0.390
0.500
-1.200
-1.500
-0.260
-0.070
2.760
2.260
3.030
2.750
0.030
0.080
-0.530
-0.860
0.310
0.690
1.270
0.040
-2.130
-1.320
