10.410
10.460
10.360
10.190
10.250
10.210
10.210
10.320
10.250
9.830
10.030
10.110
10.080
9.980
10.030
9.880
9.870
9.390
9.800
9.900
10.000
9.740
9.700
9.510
9.220
9.700
9.900
9.860
10.000
9.980
10.540
10.910
10.850
10.770
10.800
10.440
10.430
10.430
10.510
10.830
10.780
10.880
11.000
10.980
11.000
11.220
11.120
10.910
11.000
10.850
11.210
11.190
11.140
11.420
11.570
11.700
12.120
12.070
12.460
12.360
12.670
12.700
12.660
12.390
12.260
12.680
12.870
13.000
13.310
12.990
13.200
13.010
13.220
12.690
12.680
12.360
12.450
12.340
12.160
12.500
12.950
12.620
12.780
12.770
12.570
12.620
12.650
12.290
12.260
12.250
12.210
12.540
12.650
12.570
12.860
12.900
12.620
12.680
12.450
12.200
12.170
12.200
12.030
12.350
12.450
12.020
12.310
12.480
12.530
12.100
11.630
11.540
11.610
11.770
11.450
11.790
11.710
11.690
11.490
11.550
11.420
11.360
11.290
10.930
11.140
11.190
11.000
11.050
11.050
10.670
10.550
10.750
10.640
11.850
11.760
11.870
11.790
12.040
11.600
12.180
12.300
12.480
12.870
13.180
13.110
13.440
12.770
12.750
12.440
12.390
12.330
12.430
12.310
12.220
12.190
12.080
12.180
12.170
12.220
12.210
12.330
12.090
12.060
11.870
11.880
11.950
11.810
12.010
12.000
12.170
11.880
11.940
11.950
11.920
11.950
11.930
11.570
11.480
11.590
11.700
11.380
12.460
12.900
12.700
13.900
14.250
13.680
14.450
13.900
14.080
13.800
12.430
12.500
13.450
13.930
13.960
13.810
13.480
13.480
13.500
13.000
12.600
13.180
12.650
13.320
13.380
13.050
13.200
13.200
12.340
13.100
12.950
12.280
10.700
11.360
10.780
11.800
12.060
12.030
12.090
11.500
11.700
11.810
11.880
10.480
10.190
9.620
10.020
11.000
10.760
10.870
10.770
10.670
10.590
10.510
11.000
10.380
10.700
10.510
9.780
9.890
9.900
9.280
9.480
9.780
9.280
9.580
9.490
9.490
9.500
9.000
8.590
8.900
8.580
8.320
8.020
8.420
8.380
8.370
8.250
8.650
8.640
8.200
8.070
8.820
9.250
9.750
9.540
9.790
9.610
9.350
9.650
9.370
9.050
8.510
9.250
9.100
8.800
8.500
8.570
8.170
8.600
9.000
9.650
9.810
9.600
9.790
10.150
9.500
9.100
9.660
8.980
10.050
9.700
10.500
10.590
11.400
11.420
11.450
13.420
13.550
13.530
12.800
13.100
12.950
13.100
13.650
13.470
13.350
13.490
12.930
12.550
12.550
11.900
12.210
12.330
12.030
12.610
12.600
12.330
12.170
12.060
12.000
11.950
13.000
13.900
13.290
12.870
13.150
13.220
12.910
13.000
13.540
13.000
14.050
13.510
13.360
13.580
13.160
13.200
13.600
12.300
11.600
11.320
11.670
11.700
11.800
11.480
12.100
11.560
11.050
12.150
12.190
12.410
11.350
10.770
11.000
9.500
9.260
9.180
8.450
8.210
8.260
8.270
8.150
8.700
8.800
8.500
8.900
8.450
8.250
8.420
7.510
7.700
7.600
7.610
7.820
8.100
7.710
7.510
7.980
7.940
9.010
10.160
10.360
9.930
11.470
11.050
11.390
10.600
10.700
11.030
10.750
10.170
9.650
9.840
8.980
9.490
9.650
10.370
10.100
9.480
11.100
11.950
11.270
11.200
10.900
10.880
10.280
10.100
10.800
11.320
10.290
9.340
10.370
10.000
11.470
12.600
11.800
13.970
14.850
16.130
16.300
17.000
17.100
16.040
17.500
19.930
19.810
17.200
16.370
14.880
13.530
12.300
10.130
10.250
9.650
9.290
8.940
9.040
9.050
8.570
8.820
8.910
8.490
8.580
8.440
8.340
8.130
8.220
8.260
8.350
8.200
8.250
7.950
7.860
7.840
7.820
7.880
7.970
7.810
7.710
7.860
8.590
8.570
8.710
8.860
8.730
8.500
8.460
8.440
7.650
7.530
7.510
7.490
7.600
7.400
7.810
8.110
8.170
8.300
8.100
7.930
7.850
8.050
7.950
7.990
7.550
7.410
7.400
7.680
7.790
7.950
8.130
8.350
8.120
8.050
7.900
7.630
7.710
7.720
8.110
8.190
7.870
7.780
7.920
7.960
7.880
7.870
7.810
7.720
7.680
7.690
7.690
7.690
7.550
7.510
7.640
7.500
7.810
7.780
7.940
7.880
7.990
8.070
8.000
8.000
8.020
7.900
7.660
7.560
7.610
7.570
7.800
7.800
7.720
7.900
8.080
8.170
8.240
8.220
8.350
8.500
8.270
8.130
8.040
8.080
8.020
7.890
7.770
7.920
7.660
7.690
7.470
7.850
7.650
7.550
7.700
7.530
7.480
7.530
7.500
7.430
6.750
