0.270
0.150
-0.190
0.290
-0.150
0.100
-0.110
-0.070
0.220
0.110
-0.370
-0.110
-0.020
0.030
-0.050
0.280
-0.090
0.510
-0.480
0.060
-0.110
0.370
0.150
0.130
0.200
-0.760
0.050
0.010
0.000
-0.080
0.080
-0.580
-0.130
-0.300
0.050
0.000
0.010
0.600
-0.300
-0.300
-0.510
0.100
0.130
-0.080
-0.130
-0.130
-0.020
0.060
0.120
-0.050
0.160
-0.330
-0.150
0.040
-0.320
-0.210
-0.130
-0.230
0.060
-0.530
0.170
0.010
-0.140
0.360
0.400
0.060
-0.460
-0.160
-0.110
-0.090
0.040
0.140
-0.200
-0.140
0.190
-0.150
0.060
-0.010
-0.190
-0.040
0.010
-0.230
-0.110
0.060
0.310
0.150
-0.170
-0.110
0.210
-0.200
0.130
0.130
-0.070
0.210
0.160
-0.290
0.080
-0.490
-0.190
0.360
-0.210
0.120
0.210
-0.210
0.210
0.030
0.110
0.040
0.000
-0.280
-0.020
0.750
0.080
-0.290
0.280
-1.060
-0.060
-0.240
-0.260
0.080
0.400
-0.400
0.450
0.200
0.030
0.020
0.020
-0.180
0.130
0.110
-0.190
-0.220
0.060
0.120
-0.230
0.100
0.220
-0.240
-0.010
-1.710
-0.200
-0.020
0.090
-0.510
-0.200
-0.810
0.210
0.350
0.150
-0.090
0.350
-0.280
-0.360
0.510
0.030
-0.130
-0.270
-0.280
0.240
0.360
0.160
0.260
-0.520
0.320
-0.180
-0.180
0.090
-0.460
0.010
0.090
-0.210
0.110
0.130
0.710
0.180
-0.300
0.420
-0.280
-0.150
0.020
-0.120
-0.110
0.830
0.070
-0.040
-0.220
0.260
-0.300
-0.280
0.000
-0.170
-0.040
0.280
-0.210
0.350
-0.370
-0.300
0.100
0.000
0.530
0.010
-0.140
-0.380
0.140
0.040
0.110
0.030
-0.470
0.180
0.120
-0.400
-0.170
0.070
0.120
-0.160
0.540
0.590
-0.490
-0.160
0.360
0.280
-0.430
0.270
-0.140
0.140
-0.040
-0.180
-0.370
-1.860
0.270
-0.560
-0.510
0.480
-0.520
0.800
-0.320
-0.360
-0.080
0.550
0.840
-0.480
0.630
-0.320
-0.340
-0.150
0.300
0.100
-0.030
-0.310
-0.010
0.670
1.070
0.430
0.760
-0.550
0.020
0.210
-0.350
0.770
0.240
-1.350
0.030
0.190
-0.050
1.410
-0.260
-0.310
0.240
0.000
-0.440
0.250
0.500
0.070
-0.490
0.000
0.790
-0.360
0.020
-0.630
-0.050
-1.410
-1.070
0.060
-0.010
1.090
-0.420
0.460
-0.430
0.630
-0.410
0.250
-1.130
-2.320
0.320
-0.710
-0.530
0.880
0.180
-0.030
0.840
0.660
-1.020
0.820
1.340
-0.450
0.010
1.010
-0.550
-0.440
-0.190
-0.690
0.700
-0.380
0.400
0.890
1.550
-0.060
-0.330
1.730
-0.240
-0.260
-0.520
0.690
0.810
-1.800
0.250
0.670
0.240
-1.930
-1.080
-2.270
-0.050
-0.500
0.600
0.900
-0.750
0.880
1.970
-0.240
-0.910
1.050
0.080
0.960
0.010
1.700
-1.530
-0.280
-2.090
0.000
0.470
-1.370
-0.650
1.310
0.720
-2.160
1.460
-2.140
-2.580
-2.870
-3.190
0.240
-1.710
0.120
-0.750
-1.500
0.300
-1.050
0.900
0.500
-0.720
0.740
-0.410
-1.290
1.100
0.380
-1.350
1.160
-0.160
3.220
-0.230
-1.470
0.510
-3.710
-1.090
0.860
1.100
-2.850
1.160
3.450
3.130
2.850
2.590
-2.640
2.590
-2.880
-3.200
-2.620
-1.050
0.980
-3.650
-2.300
3.700
-2.700
-2.570
-0.480
0.210
1.240
0.020
-3.720
2.960
-2.870
-1.460
-0.570
-0.370
1.660
-5.070
3.620
2.800
-3.730
-0.300
4.390
3.990
1.220
7.740
7.040
-5.500
6.900
-1.090
5.230
5.890
-0.810
3.970
1.690
-0.480
-1.430
5.090
-3.310
-2.990
5.200
2.680
4.480
4.080
-1.130
-1.720
-0.500
-4.900
-3.860
2.860
2.570
1.920
-2.870
0.770
-5.290
-1.870
3.930
4.620
0.600
1.720
3.990
2.640
3.390
3.080
-0.140
0.030
2.010
1.160
-1.120
-0.680
1.290
-1.550
0.400
0.430
0.020
-0.890
1.070
-1.110
2.420
1.490
0.000
-0.410
1.250
-0.640
-1.430
2.570
0.160
0.960
1.020
-0.870
-1.170
0.090
-0.370
0.980
-1.580
-0.230
-0.290
1.810
1.530
1.610
-0.670
1.410
1.050
-0.860
-0.100
0.550
-0.360
0.740
-0.690
-0.520
-1.000
0.540
0.120
0.730
1.920
-0.370
-2.170
-0.570
2.030
-0.570
-0.280
0.240
1.660
0.080
0.640
-1.490
-0.330
-0.700
0.030
0.510
0.380
-1.760
0.010
-0.350
-1.110
0.160
-0.090
1.260
-0.280
0.520
-0.440
0.460
0.430
-0.610
-0.710
-1.560
-0.660
-0.220
2.280
0.160
-0.970
-0.370
0.350
0.460
0.780
0.860
0.820
-1.620
0.050
0.260
-0.680
-0.320
0.050
-1.060
-0.300
0.240
-0.970
-0.210
-0.140
