18.890
19.290
18.500
18.420
18.200
18.070
18.230
18.500
18.550
18.370
18.450
18.760
17.960
17.690
17.500
17.030
17.100
16.700
17.250
17.450
17.920
17.100
16.900
16.580
16.610
17.550
16.780
17.010
17.560
18.480
18.790
19.720
19.800
20.330
19.700
19.180
18.900
19.200
19.080
19.390
19.200
19.090
20.150
20.500
20.410
19.480
18.520
18.640
18.820
18.110
18.460
18.910
19.080
19.620
19.700
20.000
20.750
20.720
20.900
21.380
21.210
20.720
21.190
20.880
21.300
22.210
22.100
21.880
22.030
22.300
22.130
22.830
22.600
22.500
23.110
22.970
23.410
23.160
22.830
22.800
22.980
23.550
23.700
24.090
23.150
23.810
23.530
23.970
22.490
22.980
20.470
20.500
19.990
20.040
20.870
21.020
21.300
21.060
21.090
21.280
20.790
21.050
21.240
20.950
21.540
21.540
21.210
21.200
20.780
20.720
20.070
20.340
19.950
19.300
19.850
20.950
21.330
22.670
23.270
23.400
23.000
22.910
23.100
22.900
23.010
23.210
23.380
23.400
23.000
23.670
23.820
23.820
24.310
24.490
23.280
23.580
24.210
23.900
25.840
26.460
27.120
27.500
27.460
27.200
27.470
27.900
27.530
27.250
27.900
28.110
27.880
28.780
28.990
28.700
29.150
28.480
29.030
29.960
28.990
30.380
29.350
28.830
28.100
28.690
28.990
28.840
29.300
29.710
29.080
28.880
29.200
26.390
27.650
26.890
27.280
26.780
26.800
26.560
27.350
27.480
26.810
25.930
26.300
26.610
26.480
27.030
27.410
28.390
27.320
24.880
24.470
24.750
25.110
25.500
25.590
25.870
25.850
26.900
26.320
25.130
25.870
26.330
26.380
25.950
26.200
27.480
28.180
28.280
28.710
28.190
27.020
28.150
28.450
28.300
28.300
28.030
29.880
27.660
27.520
27.500
28.240
27.260
27.300
27.500
26.110
27.200
27.200
30.780
30.700
29.500
27.000
31.560
29.200
27.980
25.500
25.190
24.810
23.700
23.950
23.510
24.700
26.360
26.100
27.020
27.000
25.980
25.810
24.260
24.490
23.230
23.590
23.990
24.100
24.150
22.100
21.080
21.400
21.880
21.090
22.690
22.620
22.030
22.550
19.480
18.380
18.780
19.150
18.200
17.130
18.050
17.610
17.730
17.350
18.990
19.600
18.180
17.410
19.720
20.790
22.810
25.610
26.530
25.150
25.570
24.050
23.800
22.930
21.320
24.260
24.290
24.850
20.990
20.600
21.280
23.000
23.380
24.560
24.180
23.730
25.500
25.800
22.850
21.470
21.900
18.350
19.110
20.010
22.510
23.390
24.800
26.000
23.000
24.990
25.300
25.500
24.300
22.090
20.080
18.250
16.590
15.080
13.710
12.460
10.810
10.530
10.480
10.090
10.150
9.850
9.510
10.270
10.220
9.800
10.200
9.300
9.310
9.180
8.700
8.870
10.300
10.030
10.160
9.710
8.830
8.900
8.410
9.900
10.700
10.200
9.980
10.880
10.680
12.100
14.000
13.500
12.430
14.600
14.500
15.840
13.720
13.230
13.220
13.150
11.450
10.800
11.290
10.370
11.000
11.300
11.970
11.300
10.660
12.670
13.920
13.570
12.940
12.610
12.450
11.610
11.250
11.900
12.000
11.650
10.440
8.210
7.910
9.030
11.940
11.500
13.280
14.350
13.080
15.960
16.520
16.700
16.220
16.180
17.600
19.130
18.720
19.700
20.990
20.750
20.600
19.560
19.900
21.580
21.200
22.600
24.000
34.200
31.290
30.030
33.500
31.730
29.220
29.800
29.390
25.450
24.330
23.700
22.000
20.830
20.600
19.290
19.550
18.650
17.700
17.650
17.830
18.260
17.980
18.400
17.540
18.890
19.400
18.700
17.900
17.450
16.500
16.600
17.070
16.400
17.930
18.000
17.690
16.660
17.440
18.000
17.540
17.250
17.070
16.600
16.250
16.350
15.900
16.630
16.140
16.450
16.250
16.350
16.900
14.800
15.030
14.620
14.210
14.300
14.550
14.310
14.010
14.720
14.400
14.420
14.510
13.500
12.950
11.780
12.000
11.600
11.560
11.500
11.190
11.900
12.030
12.150
11.900
11.740
13.060
13.730
14.000
14.180
14.560
14.130
14.160
14.200
13.600
13.880
14.250
14.990
14.600
14.280
13.630
14.590
14.420
14.420
14.770
14.570
14.370
13.710
13.760
13.440
13.410
13.180
13.160
14.000
13.650
13.850
14.090
13.700
13.770
14.030
13.400
13.680
13.600
13.480
13.010
12.630
12.710
13.840
13.770
13.300
13.180
13.400
13.090
12.880
12.890
12.610
13.030
13.400
13.240
13.310
13.180
13.140
13.160
12.690
12.500
12.870
12.740
12.700
12.710
13.320
13.530
13.080
13.270
13.350
13.200
12.580
12.390
12.380
12.490
12.380
11.430
11.970
12.020
12.020
11.660
11.300
11.450
11.130
11.100
10.850
10.650
10.620
10.680
10.670
10.460
10.380
10.370
10.450
10.230
10.070
10.310
10.240
10.220
10.190
9.750
9.630
9.780
10.170
10.030
10.380
10.570
10.810
10.730
10.840
10.590
10.450
10.460
11.010
10.720
