11.670
11.660
11.770
11.750
11.670
11.990
12.060
12.220
12.270
12.350
12.900
13.330
15.090
14.880
14.560
14.650
14.790
15.090
15.840
16.250
16.100
16.080
15.970
15.470
15.860
15.920
16.200
15.350
15.280
15.140
14.920
14.680
14.850
14.770
14.650
14.620
14.630
14.650
14.620
14.960
14.530
14.500
15.000
14.370
14.800
15.050
16.150
14.870
14.950
14.980
14.750
14.640
14.720
14.200
14.270
14.290
14.290
14.380
14.320
14.500
14.840
15.040
15.470
15.050
14.360
14.230
14.180
14.100
15.200
15.270
15.420
15.460
15.420
15.360
15.660
16.000
16.010
16.500
16.640
16.220
16.500
16.370
16.090
16.100
16.250
15.400
15.440
15.550
15.800
15.440
15.250
15.250
15.210
15.170
15.190
15.210
15.300
15.120
15.290
15.400
15.660
15.480
15.290
15.460
15.130
15.000
14.640
14.640
14.690
14.690
14.760
14.650
14.400
14.320
14.290
14.200
14.320
14.660
14.830
14.660
14.630
14.750
14.450
14.550
15.430
16.050
16.250
16.550
17.310
15.870
15.850
16.000
16.070
16.850
16.600
16.810
16.740
16.160
15.630
15.540
15.160
14.940
15.180
14.980
14.800
14.400
14.660
14.750
14.790
14.780
14.690
14.680
14.300
14.240
14.280
14.180
14.080
15.000
15.060
15.140
14.950
14.900
14.950
14.950
15.700
16.060
16.220
16.220
15.980
16.230
16.430
16.460
16.590
16.160
16.360
16.480
17.500
16.200
16.110
15.980
14.940
15.080
15.070
15.680
15.520
15.680
15.760
14.850
13.960
14.650
15.130
15.000
15.810
15.980
14.530
13.700
13.200
13.250
13.340
13.000
12.570
12.220
11.610
11.900
11.530
11.900
13.270
13.630
13.860
13.990
14.190
13.870
13.800
13.960
14.150
14.560
14.500
15.000
15.990
16.900
17.020
18.100
18.400
18.500
18.340
18.270
18.600
18.420
18.600
18.690
18.780
19.030
18.790
18.170
17.960
17.800
17.190
16.730
16.690
17.100
17.550
17.440
17.600
17.380
16.960
17.180
17.490
18.180
18.180
18.500
17.400
16.980
16.640
16.190
16.310
16.600
16.330
16.270
17.200
15.950
15.130
15.170
15.490
15.030
14.350
14.110
14.350
14.200
13.840
14.280
14.080
14.680
14.410
13.560
13.710
13.670
13.650
13.800
13.170
13.250
13.600
12.950
12.020
11.770
11.120
11.120
11.010
11.230
11.430
11.530
11.480
11.970
11.190
10.770
11.170
10.620
10.500
12.230
12.200
12.400
11.950
11.100
10.810
11.000
11.510
13.300
13.480
13.980
14.970
14.990
19.200
21.000
20.880
20.400
21.210
21.600
21.000
19.610
19.890
19.380
19.090
17.510
17.020
16.900
15.380
15.600
16.150
16.580
15.840
15.880
18.570
19.310
19.970
19.140
21.270
23.630
26.490
24.700
23.000
24.250
24.500
24.390
24.110
26.400
25.130
23.310
21.980
20.350
20.480
20.130
18.950
17.560
17.280
16.390
16.490
17.040
17.090
17.260
16.850
15.500
15.290
14.570
14.530
14.640
14.900
14.050
13.880
13.990
14.070
14.570
14.680
14.930
14.820
14.940
15.460
15.290
14.870
13.990
13.370
12.980
12.890
12.570
12.460
12.420
12.590
12.650
12.530
12.390
12.020
12.070
12.110
11.760
11.760
11.810
11.710
11.370
11.350
11.350
11.290
11.300
11.260
10.730
10.630
10.750
10.630
10.640
10.720
10.560
10.200
10.050
9.980
10.050
10.230
10.330
10.350
10.370
10.340
10.180
10.250
10.330
10.200
10.240
10.080
10.070
9.980
9.840
9.870
9.780
9.650
9.670
9.760
9.530
9.770
9.770
9.800
9.790
9.550
9.400
9.580
9.710
9.830
9.770
9.710
9.750
9.990
10.240
10.410
10.500
10.770
10.600
10.530
10.340
10.300
10.420
10.580
10.820
10.780
10.750
10.570
10.530
10.540
10.550
10.380
10.310
10.330
10.280
9.980
10.050
10.060
9.980
9.870
10.010
10.060
10.620
10.780
10.970
10.950
10.920
10.980
10.900
10.990
10.990
10.990
10.860
10.620
10.530
10.880
11.050
11.220
11.160
11.190
11.440
11.580
11.850
11.270
11.260
11.400
11.370
11.270
11.250
11.200
11.220
10.990
10.830
11.000
11.030
11.070
11.050
11.380
11.510
11.300
11.250
11.050
11.070
11.060
11.080
10.960
10.920
10.740
10.590
10.600
10.750
10.770
10.940
10.960
10.990
11.060
11.250
11.260
11.000
10.860
10.930
10.850
10.630
10.550
10.730
10.650
10.720
10.570
10.680
10.620
10.690
10.720
10.640
10.140
9.920
10.070
10.090
9.970
9.730
9.800
10.040
10.190
10.130
9.970
10.000
10.250
10.300
