24570.68
17773.75
17818.25
31287.63
20914.04
20254.44
9921.90
19350.53
18874.65
25577.31
34181.81
15021.20
16368.66
24959.93
25017.34
30993.63
26619.53
46971.73
84255.03
82418.20
21206.74
23404.82
30389.06
22492.93
68436.36
26963.80
18786.41
15622.19
28940.73
20264.06
19235.21
28096.80
22389.50
15379.87
26929.64
21950.39
11117.53
12640.02
26390.79
20749.00
25614.18
28149.90
20171.97
32851.67
21875.00
16766.38
21292.55
32144.03
24164.13
17572.92
18767.62
24515.07
33697.73
38810.27
56013.42
28188.68
51250.20
36615.47
39734.85
57135.40
122773.06
29795.01
30845.25
34025.90
80831.86
77701.06
73292.17
65709.95
52077.84
90643.45
38046.71
44595.86
42991.78
135348.36
93690.46
33629.82
31773.21
26493.28
36231.37
24965.88
30853.68
39065.31
66449.22
52237.81
24966.09
44989.54
21012.89
17287.13
20729.86
20928.96
19771.88
23291.48
21669.43
19190.07
31999.87
19613.54
24310.31
17664.37
38877.76
17500.25
21627.19
20027.64
19047.99
22987.40
33788.12
26888.57
26304.02
67346.00
13735.41
20716.14
25544.86
15904.64
31761.95
36052.25
21231.23
18230.41
35228.25
31878.00
54063.71
29977.58
31906.92
26702.98
26803.36
32760.63
82668.48
15573.80
38290.05
50244.49
34007.60
22865.85
17936.92
16038.17
32582.39
37394.54
30601.17
35801.25
34496.97
70357.44
39944.65
29793.07
36829.32
29595.68
37506.13
35508.61
30400.77
43880.68
53026.47
47753.48
56727.80
37996.00
50082.08
45367.96
47706.75
49781.80
50237.43
83065.61
108657.91
57088.38
55415.90
55753.44
64244.55
34260.34
29001.86
45572.77
72302.19
42251.26
36772.85
34862.73
59859.66
61951.49
53406.83
59594.49
45003.84
53122.86
69968.78
92953.89
39553.54
40150.78
38953.96
75329.55
71289.70
33803.06
34999.39
35089.90
44039.90
56466.25
55326.54
30144.61
27731.41
28577.49
42269.46
36154.27
36559.26
65683.30
60960.55
104686.55
60261.86
67296.15
31375.90
47869.32
32898.58
49156.64
73204.36
57023.97
73578.93
53730.59
46935.58
45347.07
67848.71
60521.20
59645.86
54638.87
69450.27
104271.74
44409.66
73120.27
60765.50
72877.05
70471.13
67194.74
99766.15
61183.24
45573.98
85250.00
59834.96
112207.16
234561.59
124052.32
101850.27
155635.94
199856.34
341492.50
140120.28
109523.08
166287.02
211711.83
146762.22
165849.27
168037.47
152528.42
357828.62
323079.94
174166.03
153718.78
185100.36
177631.11
174870.19
138587.62
150524.75
109397.69
85764.24
139933.02
105152.91
94451.55
137221.97
160300.41
183730.22
214906.06
246017.16
135303.34
274844.41
106469.13
92701.08
107585.76
176711.98
81010.93
88719.82
99107.59
106583.47
123808.58
59591.65
80487.54
60319.31
62962.08
99574.13
155848.39
96964.05
139204.53
119082.97
58669.17
85871.46
112448.68
147708.05
85366.81
109019.59
141807.92
299708.56
139472.70
182504.36
301053.91
174252.34
210884.61
157117.36
248259.81
170060.77
240234.12
230320.44
229044.53
197092.39
398517.06
199140.98
157686.30
223671.66
180895.31
253689.81
232785.77
317370.03
297629.09
330264.62
249647.27
111605.89
111622.52
181560.41
91006.10
124755.61
158174.08
227384.30
159802.66
258081.50
264573.16
250437.55
240302.11
230021.00
282620.56
295296.44
368335.25
508725.03
492199.81
377474.62
2625.50
102626.55
135707.25
120741.04
100624.89
101580.84
148812.61
151196.92
166974.44
158560.55
189378.52
160349.69
146774.69
168647.06
205338.81
207199.30
44931.94
176891.84
223518.75
242126.22
201468.78
182966.12
131990.41
217452.67
164586.38
214918.95
416599.97
104288.66
99898.65
126411.31
159899.55
133504.36
139226.47
96072.02
70588.81
83224.08
97628.65
139040.81
122290.09
162251.41
131818.33
118738.21
153682.30
240960.59
258157.27
288311.06
283921.00
173899.73
315167.81
405288.22
202050.06
129109.22
248074.77
144494.20
246229.44
301872.97
326567.28
235411.02
230569.06
270254.75
170998.59
162362.41
99176.19
111370.25
126374.86
103065.99
158700.19
180986.27
243655.88
218424.38
214216.62
299394.69
226739.52
249225.66
371214.00
510582.75
363165.25
268644.25
214473.58
192889.55
119085.76
1848.37
55695.82
89845.00
103732.98
149275.16
170087.62
163550.94
205482.55
185310.81
230519.67
270315.56
219504.38
262257.44
127863.74
147809.41
224055.53
223407.17
169129.55
214788.67
225068.31
131439.17
194884.77
235600.98
229381.17
311900.09
15996.00
71335.00
241137.31
224470.20
223350.09
285573.62
301067.03
326714.69
203129.88
254826.78
196028.73
203333.03
239961.66
165369.70
184757.73
181359.34
317181.84
188530.94
224358.77
265226.78
324697.44
241286.17
194879.45
216336.00
133140.62
106992.57
142853.44
164237.75
125184.60
109697.78
163978.97
200410.91
232149.97
202077.89
266665.94
320063.44
229272.70
337469.16
236940.83
235090.05
300730.56
368824.25
3105.57
222311.30
177255.58
92530.47
101727.82
86896.71
79241.41
31970.31
64505.35
63937.86
74570.81
85581.56
74050.84
104510.78
174624.53
101339.01
99210.19
88174.06
69737.69
104075.93
82226.54
70978.74
86025.38
76915.90
62928.78
78972.11
121544.24
105261.72
104685.17
104836.79
110534.48
133561.81
107173.41
126310.77
119883.20
41460.70
57075.73
52246.45
35065.94
36950.07
28903.53
45754.31
54461.26
80481.61
46534.90
39771.98
42480.10
55887.38
48015.12
81890.07
64292.65
34290.79
30478.34
38430.34
24412.09
27627.65
32471.09
1046.54
30875.95
31093.01
31859.72
24822.53
28500.49
28598.24
24195.13
35039.69
34088.95
35558.94
63588.21
56295.09
28660.46
29243.40
72070.12
65794.94
57863.60
81713.25
129593.57
146824.81
58063.40
27952.59
44192.89
71012.00
72325.94
78987.17
52919.35
24208.89
50028.65
25970.52
29462.26
20009.16
23618.67
16901.64
15955.81
23843.34
30024.40
46160.66
25573.68
30820.90
62838.68
39674.17
36291.87
45345.69
29131.38
39287.07
55152.67
45177.16
62770.96
90578.37
43458.45
41756.89
56744.23
43574.61
61820.72
38250.48
50211.72
58338.47
27589.70
13195.70
17938.08
37974.49
39628.86
15502.95
34063.49
24585.55
48575.15
63498.55
43458.10
27828.13
21889.01
47736.24
26416.54
51948.25
45750.26
48635.42
49160.62
23759.64
11533.70
19250.10
23120.10
47485.06
29762.20
31544.12
42410.38
42360.10
48072.63
70372.32
45223.75
62217.12
44063.92
53556.86
108618.88
57541.21
32419.72
42690.20
33778.47
29554.64
62852.10
88478.38
41763.80
49468.69
55280.77
104783.49
61514.02
65299.14
71125.33
55967.10
48990.74
36697.20
64582.39
69261.26
29068.81
38707.18
25908.81
47699.88
40834.76
47012.35
65547.97
94599.46
58865.09
43956.07
47501.46
20714.06
29579.62
26776.10
35032.21
34383.47
24362.31
18830.22
32345.73
40272.34
16164.77
18563.09
36449.12
19342.62
14636.06
16597.34
18317.41
32248.83
42707.70
50323.89
52023.92
98999.79
60663.36
26031.07
