20.940
20.800
21.040
20.800
21.000
22.130
21.500
20.970
20.940
20.800
20.630
20.610
20.430
21.030
21.700
21.820
20.990
21.270
21.250
20.970
23.200
23.800
23.290
22.950
22.380
23.850
24.950
24.100
26.700
27.400
25.450
24.700
24.300
23.300
24.790
25.110
25.600
27.100
27.350
29.130
26.480
24.600
25.500
23.510
22.640
22.500
24.110
26.790
24.570
24.260
23.400
24.070
23.850
26.500
24.400
22.180
20.160
18.330
16.660
16.600
17.110
17.260
17.360
17.530
17.400
17.400
17.810
17.930
17.900
18.180
17.960
17.980
18.170
17.870
18.000
17.990
18.270
18.020
17.700
17.470
17.590
17.590
17.600
17.920
17.730
17.620
17.500
17.150
17.000
17.300
17.190
17.640
17.770
17.640
17.840
17.630
17.440
17.640
17.340
17.900
17.530
17.270
17.150
17.290
17.250
16.800
16.810
17.090
16.680
17.860
18.240
18.280
18.710
18.800
18.700
18.970
19.050
18.780
18.640
18.820
18.920
18.940
19.070
18.840
19.090
18.960
18.860
18.840
19.100
18.810
18.600
18.790
18.820
20.680
20.810
21.000
20.880
21.190
21.400
22.150
21.940
21.800
22.130
22.070
21.650
21.950
22.230
21.710
21.830
21.950
22.260
22.090
21.850
21.650
21.670
21.410
21.930
21.630
22.010
21.900
21.760
22.060
22.700
22.620
23.050
22.870
23.400
22.490
21.650
21.710
21.220
21.750
21.640
21.430
21.500
21.600
20.810
20.780
20.730
21.060
20.560
21.220
21.380
21.340
21.150
21.340
21.100
21.240
21.120
22.110
22.580
22.520
22.160
21.520
21.540
21.790
21.850
21.970
22.110
21.750
21.500
21.750
21.500
21.540
22.250
22.240
22.270
22.310
22.410
21.730
21.300
21.870
22.200
21.650
21.260
21.600
21.250
21.540
21.460
22.220
22.580
23.380
25.360
25.130
24.880
24.530
24.490
24.760
24.190
24.110
24.740
24.960
24.380
23.940
24.510
24.730
24.350
24.920
25.540
25.220
25.650
24.960
25.350
25.730
24.660
24.600
24.700
22.450
22.910
22.750
22.300
22.130
20.120
20.380
22.640
22.050
21.760
21.900
22.140
21.650
21.050
19.140
19.180
19.470
19.080
19.070
19.540
19.250
18.890
18.550
19.400
19.090
18.660
18.880
18.940
19.140
19.080
20.170
21.750
21.510
21.550
20.550
20.850
20.900
20.730
20.950
20.410
21.100
23.010
23.130
23.960
23.990
23.640
22.860
23.260
21.800
22.180
23.030
23.030
22.200
22.990
23.690
22.900
22.770
23.010
23.560
22.120
22.190
21.560
20.330
18.480
18.540
19.110
18.000
17.910
18.100
18.580
18.000
17.310
18.760
18.780
17.770
17.180
19.090
19.670
21.860
22.250
22.580
22.000
21.630
22.170
21.770
20.710
20.510
21.150
20.850
20.820
19.810
19.840
18.080
18.810
18.780
20.800
20.630
20.200
21.180
21.630
20.750
19.900
20.760
19.250
20.650
20.250
22.500
23.510
26.120
25.620
28.220
31.350
32.400
31.410
31.300
32.150
32.110
32.030
32.420
32.100
31.930
32.600
31.120
30.600
30.170
29.550
30.350
29.760
30.760
30.720
30.560
30.350
29.380
29.860
30.680
31.220
34.690
36.300
34.820
34.610
35.570
33.920
31.500
33.390
35.100
33.710
35.330
33.700
32.960
33.700
32.380
30.780
30.890
28.080
28.430
30.300
30.070
30.570
33.000
33.600
34.000
31.570
28.700
30.870
28.060
29.180
27.810
25.860
27.030
26.820
25.610
25.090
23.740
23.450
23.780
24.630
22.390
24.250
24.050
23.620
23.460
21.330
20.120
19.780
17.980
19.980
22.200
21.390
22.200
20.570
18.700
17.090
18.410
20.450
22.720
20.690
19.710
21.620
24.020
26.690
29.650
31.640
31.240
34.710
34.070
32.350
30.800
33.400
33.640
32.070
29.150
28.400
26.430
24.030
26.700
28.860
32.070
32.130
35.700
39.670
41.280
40.310
41.500
37.730
34.300
37.690
34.920
38.800
41.490
46.100
46.000
46.620
51.800
54.980
54.000
60.000
59.800
59.490
56.850
53.160
52.650
58.000
59.890
64.150
62.580
65.200
62.330
60.100
66.500
64.150
63.200
140.370
127.610
116.010
110.000
107.000
105.000
108.000
109.300
112.230
102.030
94.030
86.200
87.500
81.000
84.240
85.100
83.930
76.300
81.800
81.770
81.140
76.730
69.750
63.410
65.360
68.840
69.400
76.050
74.110
74.760
70.850
68.650
70.680
66.000
68.000
66.610
62.310
59.120
62.500
61.950
67.990
65.360
59.420
54.020
52.820
54.610
53.600
54.320
49.380
47.670
49.300
51.160
51.710
49.400
52.980
49.950
45.410
45.510
44.800
41.850
40.800
45.470
44.400
45.200
42.400
41.990
39.420
38.180
35.920
37.920
36.600
34.780
35.970
34.400
33.980
36.300
37.080
38.570
35.060
33.800
35.910
36.070
33.760
30.690
29.820
29.190
28.010
28.620
28.870
27.980
27.440
26.740
26.910
24.460
25.330
25.180
26.250
28.120
28.030
28.000
27.070
27.540
30.000
31.450
30.870
29.450
30.690
27.900
27.410
27.450
26.280
28.480
29.290
31.220
31.300
29.810
27.100
28.160
28.040
27.410
27.220
25.880
26.150
25.990
26.500
26.370
26.020
25.130
25.260
26.620
26.070
26.810
27.350
28.480
27.650
27.880
28.600
28.510
29.640
30.190
29.000
28.580
28.000
26.760
27.410
29.450
30.070
29.070
28.300
29.400
30.520
