16.800
16.750
16.970
16.850
16.710
16.800
16.520
16.080
15.890
15.620
16.060
16.300
16.440
16.390
16.490
16.660
16.600
16.580
16.790
16.770
16.800
16.120
15.700
15.760
15.220
15.700
16.460
16.290
16.200
15.960
16.400
16.890
17.150
17.180
17.290
17.240
17.060
16.800
16.850
17.740
18.040
19.440
19.030
20.130
19.590
20.260
19.880
19.050
18.750
18.940
18.640
19.490
19.780
19.190
19.110
19.420
18.120
18.380
18.500
18.850
18.880
18.460
18.970
17.580
17.200
17.240
17.440
17.500
17.660
17.950
17.300
17.170
17.250
17.080
17.130
17.070
16.920
17.380
17.130
17.340
17.170
17.490
17.450
16.850
16.440
16.490
16.600
16.540
16.900
16.720
16.460
16.350
16.420
16.080
16.320
16.330
16.470
17.160
16.300
16.330
16.340
16.220
16.380
16.400
16.390
16.150
16.240
16.050
16.270
16.490
16.180
15.640
15.720
15.950
17.030
17.440
17.490
17.290
17.340
17.160
17.350
17.590
17.510
17.390
17.860
17.760
18.090
18.620
18.860
18.240
16.670
16.740
16.560
16.710
16.950
16.840
16.580
16.780
18.200
18.500
18.790
18.710
19.040
19.070
19.420
19.540
19.700
19.730
19.860
19.720
19.690
19.900
19.850
19.670
19.880
20.010
20.300
19.940
20.140
19.770
19.830
19.980
20.100
20.200
20.920
21.120
21.240
20.340
20.100
20.290
20.400
20.220
20.280
20.300
20.530
20.450
20.710
20.240
20.600
20.380
20.680
20.710
20.060
19.810
19.440
19.530
19.180
19.520
19.670
19.490
19.600
19.770
19.580
20.200
20.550
21.190
21.050
21.280
21.080
20.590
21.200
21.580
21.430
21.570
21.650
21.900
21.780
22.250
21.650
22.190
22.190
22.360
22.450
22.580
22.480
21.490
21.980
22.550
22.470
22.240
21.930
22.330
21.350
21.460
21.580
22.160
22.540
24.400
24.480
24.740
25.210
25.330
26.300
24.420
24.980
24.920
25.560
24.490
24.150
24.580
24.630
24.480
24.890
24.990
25.180
24.600
24.940
24.780
25.150
25.700
24.300
23.960
22.390
21.200
20.600
21.290
20.680
20.480
19.960
21.870
21.490
21.350
21.250
22.360
21.290
21.550
21.470
20.350
20.680
20.320
21.000
19.720
19.750
18.980
18.090
17.680
18.450
17.860
17.600
17.430
18.330
18.360
18.680
21.110
21.740
42.380
40.700
37.700
37.330
37.880
36.900
36.700
37.450
37.650
41.880
41.590
41.350
43.880
43.520
42.970
41.100
42.180
41.660
43.600
44.350
46.000
44.200
43.080
43.230
40.850
40.200
40.280
41.990
41.790
38.500
38.680
35.160
32.200
31.020
30.170
29.870
27.730
29.880
30.490
29.300
29.880
32.180
33.450
35.000
36.900
36.880
36.400
36.080
36.420
36.170
35.850
34.590
34.780
33.000
30.380
28.850
27.490
27.960
28.550
31.000
32.360
34.300
36.880
34.980
31.990
31.600
35.110
39.440
36.950
33.970
33.370
32.450
30.860
33.330
32.680
32.210
32.000
31.500
30.470
30.980
30.990
29.050
28.470
26.380
26.500
26.850
26.840
26.400
27.650
27.380
27.300
26.900
24.880
24.870
22.610
22.530
25.490
26.200
25.240
25.290
22.990
21.770
22.910
24.380
26.600
26.920
24.580
26.660
27.000
30.000
34.590
37.490
35.530
37.980
35.480
38.000
36.800
36.390
37.150
35.570
32.340
30.370
30.500
28.900
28.470
31.450
34.950
33.850
34.980
40.000
41.500
38.480
37.000
37.140
33.760
30.690
29.300
29.230
26.570
24.150
22.940
29.410
31.990
32.800
37.500
37.550
38.350
40.100
47.220
49.990
49.500
49.980
58.020
57.500
55.300
64.000
69.450
63.140
59.510
57.740
58.860
55.190
51.000
51.300
55.650
55.680
52.500
53.000
56.090
56.300
54.990
51.610
46.920
43.880
43.200
45.500
42.660
62.150
56.500
52.300
49.800
46.470
47.520
49.000
47.400
47.200
52.820
54.470
51.110
48.980
45.800
45.840
46.580
46.890
49.470
55.990
55.520
50.470
45.880
42.400
41.510
39.500
38.090
37.900
39.650
39.430
36.560
37.980
38.690
37.370
38.200
34.730
31.750
31.150
32.330
33.600
33.650
34.050
33.450
34.180
33.990
31.200
32.300
32.750
33.680
32.190
29.990
28.200
28.570
30.600
30.880
29.740
29.020
27.600
27.880
26.950
27.190
26.150
24.960
24.100
24.430
24.580
23.190
23.550
23.300
23.450
23.540
22.600
22.800
22.460
23.550
23.960
24.400
23.890
24.780
25.800
27.390
27.800
27.950
28.950
29.250
27.820
26.880
26.600
28.200
29.590
30.490
31.300
31.680
30.790
29.620
30.250
28.660
28.390
29.300
26.750
25.000
24.460
24.750
24.480
24.390
23.940
24.860
24.650
25.640
25.790
26.380
26.110
24.550
25.350
25.580
26.260
27.130
27.750
27.130
26.080
25.850
25.870
26.980
27.170
26.700
26.820
27.750
27.440
28.390
28.430
29.180
30.210
30.510
30.680
29.480
29.500
30.010
27.350
26.790
27.280
27.670
27.610
27.430
27.850
27.780
27.450
26.000
25.300
25.490
25.690
25.660
25.450
25.430
24.700
23.480
23.190
23.950
24.300
24.940
25.400
24.200
25.100
24.090
24.040
23.770
22.830
22.490
22.430
21.870
21.900
21.600
21.550
20.990
20.520
20.850
20.420
20.570
20.690
19.910
19.620
19.400
20.470
20.120
20.430
20.830
20.790
20.880
22.300
22.660
22.440
22.330
23.470
23.050
