5.940
5.900
5.910
5.870
5.830
5.800
5.840
5.880
5.780
5.760
5.910
5.960
5.970
5.940
5.980
5.820
5.840
5.730
5.810
5.830
5.870
5.770
5.720
5.680
5.580
5.750
5.850
5.820
5.770
5.670
5.950
6.080
6.100
6.110
6.130
5.990
6.010
5.900
6.060
6.220
6.070
6.130
6.130
6.080
6.160
6.110
6.150
6.200
6.210
6.250
6.470
6.540
6.500
6.600
6.710
6.800
6.930
6.920
6.920
6.770
6.930
6.870
6.910
6.790
6.770
6.980
7.110
7.120
7.160
7.110
7.220
7.160
7.270
6.990
7.020
6.950
7.030
7.100
7.100
7.200
7.180
7.180
7.150
7.080
7.040
7.090
7.070
7.070
7.110
7.080
7.080
7.070
6.950
6.890
6.970
6.930
7.040
7.040
6.990
7.050
6.990
6.920
6.950
6.880
6.970
6.970
6.930
6.910
6.910
6.890
6.750
6.750
6.850
6.700
7.080
7.220
7.260
7.260
7.350
7.320
7.330
7.360
7.270
7.190
7.210
7.220
7.260
7.270
7.310
7.500
7.540
7.530
7.530
7.530
7.530
7.450
7.520
7.550
8.030
8.040
8.120
8.080
8.080
8.090
8.330
8.340
8.280
8.270
8.310
8.140
8.200
8.250
8.140
8.140
8.190
8.260
8.260
8.180
8.100
8.070
8.050
8.080
8.040
8.030
8.050
8.020
8.110
8.200
8.210
8.270
8.260
8.220
8.150
8.170
8.170
8.060
8.110
8.130
8.150
8.130
8.160
8.060
7.970
7.940
8.020
7.900
8.040
8.110
8.120
8.090
8.130
8.060
8.030
8.110
8.200
8.390
8.320
8.390
8.300
8.240
8.240
8.360
8.390
8.400
8.410
8.450
8.360
8.330
8.220
8.320
8.300
8.300
8.330
8.310
8.110
8.030
8.150
8.250
8.150
8.080
8.160
8.120
8.130
8.060
8.090
8.260
8.380
8.910
8.790
8.810
8.910
8.890
9.030
8.860
8.850
9.060
8.960
8.670
8.560
8.690
8.600
8.610
8.600
8.660
8.480
8.600
8.640
8.700
8.550
8.110
8.300
8.260
8.070
8.210
8.170
8.150
8.310
8.000
7.980
8.480
8.620
8.630
8.750
8.660
8.550
8.530
8.100
8.120
8.260
8.170
8.270
8.370
8.340
8.220
8.210
8.370
8.150
7.950
8.100
8.010
8.440
8.420
8.690
9.230
9.180
9.060
8.810
8.860
8.930
9.090
8.880
9.030
8.850
9.080
9.900
9.880
10.020
10.190
10.120
9.920
9.950
9.900
9.800
10.310
10.350
10.010
10.160
10.420
10.020
9.630
9.730
9.850
9.850
9.820
9.300
9.350
8.900
8.460
8.650
8.700
8.540
8.260
8.450
8.540
8.350
8.280
8.600
8.640
8.150
7.930
8.520
8.880
9.700
9.820
10.020
10.000
9.560
9.990
9.400
9.130
8.430
9.160
9.010
8.910
8.250
8.140
7.800
8.050
8.120
8.750
8.950
8.540
8.700
8.920
8.820
7.850
8.230
7.600
8.450
8.300
8.500
9.600
10.200
10.370
10.120
12.180
12.550
12.290
12.020
12.370
12.300
12.230
12.900
12.860
12.700
13.320
13.300
13.120
12.900
12.210
12.790
12.810
13.600
13.220
13.160
13.190
12.760
12.600
12.600
12.150
12.720
13.180
12.990
13.150
12.850
12.490
11.120
10.840
11.350
10.400
11.040
11.300
10.680
10.550
10.210
10.180
10.320
9.700
9.870
9.900
10.050
10.150
10.600
10.300
10.990
10.080
8.810
9.580
8.720
8.970
8.940
8.340
8.720
8.500
8.130
7.910
7.700
7.530
7.570
7.550
7.500
7.970
7.800
7.390
7.780
7.150
7.310
14.300
12.990
13.260
15.590
15.350
15.080
14.650
13.700
13.800
12.000
13.800
14.800
14.010
13.750
14.850
14.850
17.080
19.750
20.450
18.760
21.700
20.660
21.400
20.120
21.000
21.500
20.390
19.320
18.370
19.100
17.420
18.650
19.300
21.700
21.350
20.750
24.940
25.600
24.500
25.200
22.500
22.060
20.050
22.140
20.990
25.110
26.970
25.050
30.600
32.100
33.700
36.800
33.220
31.390
31.460
27.300
28.400
30.320
30.500
30.030
29.100
29.190
30.910
33.620
30.750
31.800
29.320
26.600
24.220
26.440
27.050
25.890
24.300
25.610
24.010
22.610
22.000
20.980
21.110
20.900
21.000
21.430
20.290
18.860
19.500
18.760
18.900
19.350
18.620
19.410
20.090
20.100
19.720
19.600
20.660
20.630
20.360
19.650
19.100
18.520
18.940
18.550
19.400
19.900
19.000
18.330
16.920
17.010
16.790
17.030
16.900
16.450
16.380
16.030
15.610
15.210
16.010
16.090
15.720
16.700
17.000
16.400
16.580
17.050
17.020
17.330
16.110
15.980
15.470
15.410
14.680
15.260
15.590
15.100
14.370
14.030
13.800
13.790
14.050
14.030
14.050
13.390
13.940
13.840
13.790
13.000
12.800
12.720
12.760
13.090
13.000
12.410
12.470
12.410
12.700
11.970
12.440
12.390
12.580
13.250
13.370
13.400
12.990
12.910
14.300
15.120
14.960
15.280
15.690
15.770
15.560
14.900
14.110
14.800
14.340
14.580
14.480
13.550
13.310
13.700
13.530
13.600
13.650
13.610
13.310
12.800
13.000
12.960
12.700
12.500
12.690
13.070
13.040
14.050
14.220
14.370
13.850
14.020
14.570
14.200
14.500
14.350
14.200
13.890
13.650
13.670
14.090
14.590
14.590
14.080
14.370
14.420
14.300
14.750
14.620
14.800
15.200
15.330
14.720
14.660
14.610
15.020
13.350
13.240
13.080
12.900
12.880
13.280
13.640
13.330
13.200
13.660
13.550
13.340
13.390
13.300
13.290
13.280
12.970
12.790
12.780
12.770
12.890
13.280
13.640
13.260
13.200
13.260
13.050
12.750
12.960
12.820
13.040
13.020
12.830
12.790
12.780
12.080
11.900
11.980
11.990
11.890
11.800
11.530
11.450
11.660
12.150
11.880
11.620
11.910
11.600
11.540
11.820
11.860
11.590
11.340
11.550
11.090
