19.500
19.290
19.190
18.650
18.580
18.390
18.330
18.500
18.650
18.450
18.590
18.850
18.700
18.080
17.940
17.600
17.320
17.350
17.380
17.580
18.060
18.150
17.250
17.170
16.890
17.550
17.380
17.200
17.880
18.480
18.930
19.950
19.980
20.330
20.450
19.730
19.820
19.200
19.170
19.690
19.200
19.280
20.300
20.720
20.900
20.460
19.690
18.650
18.950
18.880
18.950
19.090
19.390
19.620
20.080
20.380
20.980
21.340
21.170
21.380
21.720
21.180
21.190
21.230
21.610
22.400
22.320
22.220
22.140
22.490
22.550
22.830
22.860
22.760
23.650
23.380
23.900
24.150
23.250
23.550
23.180
23.660
23.800
24.150
24.160
23.920
24.190
24.600
24.170
22.980
22.410
20.560
20.420
20.380
20.870
21.020
21.350
21.280
21.400
21.690
21.590
21.050
21.490
21.270
21.640
23.000
21.540
21.600
21.780
21.000
20.950
20.420
20.860
19.860
19.850
21.100
21.540
22.670
23.270
23.580
23.690
23.450
23.100
23.430
23.200
23.460
23.500
23.680
23.720
23.670
24.000
24.050
24.790
24.950
25.580
23.970
24.370
24.700
26.100
26.580
27.250
27.500
27.620
27.680
27.850
28.290
28.130
28.400
27.900
28.120
28.550
28.970
29.060
29.100
29.150
29.200
29.220
30.050
30.150
30.840
30.750
29.640
28.870
28.980
29.000
29.360
29.780
31.200
30.850
29.750
29.660
29.160
27.650
27.660
27.280
27.300
27.550
26.960
27.450
27.720
27.650
26.800
26.350
26.780
27.000
27.600
27.790
28.390
28.590
27.100
24.760
24.800
25.110
25.900
26.170
26.220
26.300
26.900
26.850
26.450
26.150
26.360
26.380
26.520
26.440
27.650
28.180
28.730
28.880
29.170
28.120
28.150
28.640
29.500
29.100
28.390
29.880
30.550
28.150
28.080
28.240
28.250
27.890
27.960
27.590
28.480
27.990
31.240
31.490
31.660
29.330
31.560
29.950
29.660
28.000
26.260
26.000
25.130
24.200
24.500
25.360
26.770
26.860
27.020
27.600
27.250
27.540
26.300
25.870
24.560
24.160
24.430
24.670
25.060
23.870
21.790
21.420
22.380
22.070
22.690
23.300
23.690
22.930
21.400
19.680
19.030
19.380
19.800
18.150
18.450
19.250
18.510
18.290
19.350
20.250
19.980
18.990
19.720
21.000
22.970
25.610
27.120
26.280
25.900
26.460
24.300
24.080
23.190
25.240
25.270
24.900
22.680
21.880
22.200
23.920
24.100
26.200
25.800
25.000
26.530
28.680
26.070
23.700
22.680
21.180
20.660
21.100
22.510
24.800
24.810
27.180
26.330
26.200
25.800
26.730
24.300
22.090
20.080
18.250
16.590
15.080
13.710
12.460
11.450
10.900
10.680
10.190
10.270
10.300
10.170
10.320
10.570
10.400
10.290
10.300
9.690
9.840
9.140
9.200
10.390
10.370
10.400
10.390
9.760
9.380
9.590
10.120
10.790
10.920
10.320
11.300
11.180
12.320
14.600
15.210
14.400
15.300
14.800
16.190
15.380
14.410
14.200
13.730
12.490
11.490
11.650
11.310
11.330
11.830
12.450
11.990
11.920
13.300
14.140
13.950
13.630
13.270
12.980
12.500
12.130
12.100
12.820
11.650
10.590
9.630
9.210
9.090
11.940
12.290
13.600
15.000
14.550
15.980
16.720
17.990
16.770
16.310
17.660
19.130
19.320
19.700
20.990
21.690
20.890
20.960
20.440
21.700
22.250
22.600
24.180
37.310
33.920
31.970
35.300
34.340
31.480
30.500
30.810
28.010
26.380
25.610
23.980
22.800
21.380
20.900
20.250
19.780
18.500
18.170
18.750
18.460
18.360
18.730
18.360
18.980
19.500
20.000
18.280
18.100
17.350
16.990
17.170
17.280
17.930
18.980
18.440
17.790
17.440
18.150
18.200
17.580
17.720
17.180
17.440
16.500
16.300
16.740
16.800
16.720
16.930
16.750
17.390
16.390
15.100
15.090
14.690
14.680
14.660
14.720
14.440
15.020
15.150
14.700
15.530
14.250
12.950
11.950
12.050
12.200
11.860
11.630
11.380
11.910
12.100
12.220
12.220
12.080
13.060
13.730
14.090
14.320
14.760
14.790
14.280
14.220
14.480
14.060
14.330
15.000
15.170
14.780
14.340
14.590
14.680
14.590
14.800
14.950
14.660
14.650
13.890
13.910
13.630
13.530
13.390
14.080
13.910
14.350
14.090
14.150
13.880
14.090
14.060
13.870
14.190
13.670
13.500
13.020
13.090
13.850
14.090
14.290
13.290
13.490
13.640
13.230
12.990
12.890
13.070
13.460
13.380
13.350
13.490
13.250
13.280
13.280
12.720
12.870
13.020
12.860
12.890
13.420
13.530
13.550
13.380
13.390
13.660
13.600
12.810
12.560
12.840
12.480
12.330
12.080
12.190
12.600
12.600
12.200
11.460
11.350
11.290
11.300
10.840
10.900
10.760
10.970
10.690
10.550
10.630
10.540
10.550
10.220
10.370
10.370
10.320
10.290
10.230
9.790
9.830
10.220
10.230
10.380
10.800
10.850
11.200
11.440
10.750
10.660
10.650
11.070
11.080
