10.600
10.680
10.570
10.590
10.440
10.450
10.400
10.520
10.440
10.320
10.490
10.500
10.540
10.490
10.460
10.450
10.320
10.240
10.240
10.350
10.450
10.470
10.260
10.280
10.220
10.310
10.570
10.460
10.510
10.380
10.660
10.810
10.830
10.940
10.970
10.910
10.810
10.780
10.710
10.910
10.970
11.200
11.300
11.600
11.800
12.070
12.280
13.000
11.850
11.960
11.990
11.990
12.050
12.070
12.190
12.650
12.860
12.920
13.040
13.100
13.180
13.020
12.980
12.770
13.030
13.480
13.770
13.780
13.950
14.250
14.310
14.440
14.650
14.500
14.470
14.480
14.700
14.080
13.610
13.580
13.640
13.650
13.420
13.380
13.330
13.390
13.100
13.000
13.080
13.190
13.140
13.070
13.060
13.150
13.220
13.200
13.270
13.300
13.290
13.440
13.430
13.450
13.350
13.240
13.420
13.300
13.360
13.250
13.280
13.360
13.220
13.240
13.250
13.240
14.090
14.290
14.520
14.980
15.140
14.980
14.750
14.920
14.850
14.810
13.960
14.090
14.140
14.260
13.630
13.070
13.180
13.380
13.230
13.030
13.060
12.970
12.720
12.720
13.130
13.200
13.510
13.500
13.520
13.230
13.140
13.380
13.360
13.250
13.380
13.200
13.300
13.540
13.470
13.140
13.210
13.280
13.560
13.680
13.500
13.570
13.800
13.090
11.930
11.930
11.810
11.840
11.840
11.970
12.060
12.040
11.950
11.810
11.720
11.730
11.780
11.750
11.730
11.700
11.810
11.770
11.650
11.600
11.330
11.370
11.370
11.230
11.450
11.610
11.560
11.540
11.400
11.440
11.280
11.320
11.480
12.080
11.920
11.940
11.820
11.750
11.760
11.830
11.680
11.760
11.710
11.680
11.500
11.650
11.560
11.760
11.700
11.760
11.650
11.730
11.610
11.300
11.300
11.400
11.380
11.250
11.340
11.500
11.400
11.240
11.290
11.580
11.850
12.750
12.440
12.260
12.270
12.410
11.900
11.880
11.970
11.980
11.950
12.180
12.070
11.730
11.820
12.000
11.770
11.770
11.700
11.470
11.620
11.680
11.560
11.300
11.070
11.050
11.000
10.930
10.980
11.000
10.690
10.780
10.450
10.970
11.170
11.150
11.130
11.150
11.020
11.100
10.900
10.530
10.550
10.480
10.640
10.530
10.550
10.390
10.500
10.440
10.690
10.450
10.450
10.410
10.550
10.420
10.770
11.500
11.480
11.490
11.400
11.160
11.090
11.210
11.150
10.990
11.000
11.130
11.900
12.000
12.200
12.420
12.460
12.430
12.240
12.190
11.680
12.280
12.300
12.350
11.920
11.930
11.840
11.690
12.110
11.770
11.990
12.060
12.360
12.110
11.390
10.390
10.250
10.130
10.200
9.750
10.140
10.300
10.150
10.150
10.200
10.550
10.050
9.590
10.200
10.580
11.520
11.620
11.680
11.660
11.500
11.750
11.540
11.350
10.870
11.000
11.000
10.800
10.550
10.290
10.320
10.390
10.910
11.900
12.100
11.940
12.570
12.850
12.490
12.250
12.380
12.370
12.440
12.460
13.170
14.350
14.910
15.480
15.750
17.880
18.300
18.430
17.020
17.630
16.770
16.090
16.790
16.400
16.460
16.200
16.090
15.610
15.660
15.050
14.750
15.170
15.210
15.990
16.300
15.880
14.480
14.460
14.380
14.600
15.900
16.640
16.800
16.250
16.610
15.880
15.590
15.720
15.860
15.650
16.100
17.200
17.350
16.630
16.560
16.340
16.190
16.100
15.900
16.990
16.350
15.370
15.670
16.100
16.700
17.000
16.060
16.200
15.570
15.750
15.300
14.100
13.780
13.960
13.420
12.800
12.610
12.420
12.440
19.850
18.920
17.840
17.950
18.150
17.390
16.280
15.000
16.160
15.350
14.860
16.240
16.150
16.100
16.600
15.440
14.220
14.250
14.550
16.620
16.720
16.030
16.980
17.080
20.370
23.300
24.680
24.670
27.260
27.400
27.610
26.500
26.660
26.780
26.950
25.490
24.840
25.140
25.110
25.000
27.100
29.520
29.570
30.570
34.500
36.600
36.000
34.080
30.990
29.180
26.730
28.590
29.600
31.000
33.600
38.850
39.780
40.000
42.800
48.710
48.990
52.050
53.600
52.500
49.500
48.700
46.500
49.400
52.150
51.990
51.800
47.880
44.080
42.150
46.150
46.300
44.500
42.700
47.250
43.960
42.960
44.100
40.830
38.280
35.690
37.280
34.380
32.190
30.500
30.400
28.240
26.600
26.100
26.320
25.500
25.890
26.700
26.990
27.600
26.860
25.100
25.130
28.630
29.880
29.900
28.840
27.260
28.850
28.060
26.790
24.520
22.290
20.260
18.540
18.350
17.310
17.720
17.730
17.570
17.620
17.900
17.840
18.000
18.340
18.780
18.290
17.500
17.060
17.570
18.270
18.090
18.110
18.390
16.790
16.790
16.580
16.290
16.100
16.190
15.810
15.800
15.850
15.150
14.900
14.760
14.500
14.580
15.090
14.900
15.000
14.960
14.700
15.000
14.550
14.760
14.470
14.700
13.820
13.660
13.410
13.300
13.450
13.790
13.950
13.960
13.900
13.380
13.140
12.840
13.140
13.330
13.490
13.280
13.150
13.660
14.360
14.620
15.170
15.360
15.050
14.950
14.740
14.630
14.480
14.790
16.500
17.320
17.080
17.630
17.900
18.190
18.250
17.680
16.190
15.340
15.360
15.950
16.440
16.680
16.750
16.290
16.500
16.080
16.400
16.490
16.190
15.730
15.750
15.750
15.260
15.140
15.390
15.550
15.400
15.080
14.380
14.720
15.270
15.380
15.450
15.790
16.570
16.230
16.080
16.450
17.670
17.380
16.840
16.120
16.200
15.980
16.200
16.290
15.900
16.530
16.790
16.670
16.080
16.350
15.930
15.620
15.940
16.050
16.700
16.040
16.250
14.870
14.600
14.200
14.000
13.890
14.080
14.520
14.660
14.360
14.230
14.330
14.630
14.960
14.740
14.840
14.970
15.000
14.640
14.050
14.150
14.050
13.970
14.040
13.850
13.080
13.210
13.430
13.510
13.300
13.580
14.080
14.140
14.290
14.400
13.860
13.940
14.460
14.140
14.350
14.500
15.070
15.090
