-0.060
0.570
0.280
-0.380
-0.110
-0.260
-0.190
-0.260
0.330
0.520
-0.190
0.510
0.180
-0.430
0.170
0.060
0.140
0.160
-0.300
0.000
0.000
-0.110
0.230
-0.110
0.060
0.330
0.030
-0.160
-0.310
-0.060
-0.080
0.080
0.120
-0.030
-0.070
0.400
0.300
0.000
0.090
0.140
0.030
-0.190
0.140
-0.090
0.130
0.180
0.080
-0.060
-0.050
0.060
-0.140
0.110
0.050
0.020
0.070
-0.020
-0.090
-0.050
-0.080
0.180
0.090
-0.170
0.210
-0.060
-0.120
0.110
-0.210
0.050
0.120
0.120
0.030
0.080
0.130
-0.250
-0.370
0.240
-0.540
-0.010
-0.110
-0.420
-0.010
-0.150
-0.150
0.280
0.050
0.150
-0.210
0.190
-0.350
-0.020
-0.160
-0.700
0.920
0.000
0.240
-0.010
0.250
0.320
-0.210
0.470
-0.370
-0.030
-0.280
0.320
0.020
0.130
0.110
-0.380
-0.260
-0.470
0.870
0.570
-0.770
-0.260
0.140
-0.140
-0.170
0.100
0.090
0.030
-0.030
0.430
0.110
-0.230
0.100
-0.270
-0.060
0.290
-0.010
-0.310
-0.060
0.000
0.050
-0.140
0.100
-0.010
-0.380
0.370
0.670
0.150
0.000
0.050
-0.020
0.390
0.020
0.180
0.040
-0.140
-0.030
0.060
-0.120
0.050
0.060
0.090
0.180
0.080
-0.500
-0.150
0.050
-0.150
0.250
-0.280
-0.020
0.170
0.120
-0.280
0.740
0.110
0.050
0.200
-0.030
0.130
0.110
0.010
-0.150
0.100
0.200
0.070
-0.160
-0.240
0.240
0.130
-0.240
0.260
0.020
0.100
-0.440
-0.040
-0.060
-0.220
0.250
-0.120
-0.090
-0.100
-0.030
0.280
-0.130
0.250
-0.160
0.010
-0.110
0.000
0.090
0.030
-0.120
0.050
0.340
-0.280
1.040
0.010
0.010
0.190
-0.180
0.050
0.140
-0.190
0.110
0.200
-0.180
0.150
-0.040
-0.470
-0.350
-0.140
0.070
-0.060
0.080
-0.120
0.330
0.150
-0.160
0.000
-0.120
0.260
0.170
0.040
0.410
-0.590
0.210
0.190
-0.080
-0.030
0.020
0.050
-0.690
-0.440
0.090
-0.060
0.670
-0.090
0.190
-0.120
0.370
-0.090
0.200
-0.290
-0.960
-0.020
-0.370
0.360
0.140
0.120
-0.130
0.210
-0.390
-0.030
-0.020
0.330
-0.230
-0.320
0.140
0.360
-0.150
0.130
-0.540
-0.080
-0.310
-0.070
1.120
1.020
-0.110
-0.100
0.060
0.010
-0.430
0.110
0.630
0.060
0.150
0.080
-0.140
0.300
0.020
0.000
-0.120
0.600
-0.620
0.300
0.500
-0.790
-0.150
0.730
0.830
-0.430
0.190
0.050
-0.320
-0.970
0.050
-1.060
0.420
-0.030
-1.150
-0.240
0.170
0.010
-0.320
0.160
-0.020
-0.440
0.550
0.060
-0.220
0.310
0.760
0.070
0.300
-0.290
-0.190
-0.450
-0.200
-0.090
0.090
0.100
-0.080
0.490
-0.220
-0.990
0.140
0.060
-0.070
0.430
-0.030
0.360
-0.670
-0.450
-1.060
-1.500
0.990
-1.510
1.060
0.830
-0.390
-0.660
1.330
0.920
0.620
0.920
0.960
0.210
0.020
0.380
1.460
1.060
-0.550
-0.640
-0.650
0.230
0.540
0.320
-1.170
-0.150
-0.320
-0.030
-0.270
1.740
-0.790
0.120
0.330
-1.180
-0.370
-0.370
-0.570
1.220
0.070
0.490
1.080
0.690
0.460
0.630
0.030
0.010
-1.140
0.870
-0.150
0.130
-0.070
-0.040
0.130
0.940
0.030
0.400
0.200
0.460
0.170
0.200
0.050
-0.170
0.320
-0.040
0.350
-0.160
0.620
-0.210
0.070
-0.020
0.150
0.140
0.360
0.310
-0.050
0.080
-0.450
-0.370
-0.140
0.210
-0.100
0.170
-0.220
0.490
0.680
0.060
-0.230
0.100
0.300
0.370
-0.140
0.330
0.180
-0.160
0.360
-0.310
-0.290
0.240
-0.110
0.330
0.250
0.150
-0.560
-0.930
-0.190
0.250
0.160
-0.970
-0.250
-0.460
0.190
-0.500
-0.430
0.330
0.150
0.060
0.370
-0.130
-0.410
-0.520
-0.130
0.610
0.090
-0.310
0.540
0.060
0.180
0.760
0.230
-0.080
0.190
0.140
0.160
-0.770
-0.130
0.150
-0.490
-0.290
-0.200
0.140
0.110
0.010
0.060
-0.150
0.000
0.300
0.610
0.270
-0.110
-0.520
-0.180
-0.100
0.250
-0.540
-0.220
0.040
-0.380
0.000
-0.120
0.410
-0.010
-0.380
0.360
0.500
-0.200
0.890
0.690
-0.280
0.260
-0.220
0.300
-0.400
0.620
0.050
-0.190
0.090
0.020
-0.120
0.350
0.410
0.090
0.290
0.110
-0.270
0.210
-0.090
-0.410
0.000
0.190
-0.110
-0.130
0.160
0.330
-0.100
0.110
-0.190
-0.330
0.050
-0.170
-0.150
0.720
0.170
-0.010
-0.030
-0.290
0.440
0.620
0.850
