23.070
38.380
38.000
36.700
37.440
36.650
36.780
37.000
37.480
36.540
37.150
37.840
37.050
36.800
37.080
37.810
38.110
37.700
37.660
37.460
37.810
37.240
37.390
37.200
38.680
38.620
40.100
39.350
39.540
39.100
38.840
38.850
39.050
40.060
39.490
38.770
39.250
39.800
39.730
39.990
40.200
37.100
36.750
37.020
36.930
35.780
36.620
36.450
36.000
35.680
35.520
35.450
35.080
35.080
35.360
37.300
36.300
36.600
36.230
36.250
36.350
36.870
37.150
37.220
37.010
36.800
37.690
37.880
37.420
38.490
38.500
38.850
38.320
38.390
36.150
36.380
37.580
38.350
38.100
36.490
37.180
36.320
35.620
35.760
36.310
37.580
38.100
40.920
39.600
39.700
40.410
40.250
40.270
39.310
40.600
40.980
40.980
41.290
41.860
44.770
41.560
43.090
42.850
43.870
39.800
38.500
39.540
40.160
39.810
37.450
36.260
36.270
35.030
36.600
35.400
35.360
35.530
32.810
33.500
34.600
35.200
34.700
35.000
32.890
32.300
31.790
30.370
29.200
29.660
28.180
29.990
29.580
29.400
27.900
27.900
28.550
28.680
27.510
28.010
27.510
29.450
28.990
29.680
31.500
31.100
30.800
28.610
28.230
28.080
29.110
28.480
28.100
27.000
28.200
30.480
31.100
31.840
31.970
31.910
31.500
31.510
31.270
31.200
32.910
31.900
31.080
31.310
32.580
31.010
30.210
30.500
29.100
29.300
29.500
29.500
29.800
27.200
24.900
25.300
24.300
22.650
22.600
23.990
23.600
24.100
24.300
25.910
26.160
24.800
24.700
26.980
28.790
31.950
32.830
33.150
33.440
32.800
33.900
32.820
31.170
29.000
30.560
29.130
27.980
27.400
28.150
27.000
30.620
29.050
31.000
31.400
30.800
30.800
32.000
31.280
30.110
30.100
26.050
27.200
26.300
28.300
31.880
34.430
35.350
31.140
39.000
41.210
39.990
39.520
41.300
42.200
41.170
42.800
44.520
43.000
43.770
39.620
39.100
36.770
35.360
39.590
37.860
37.600
38.210
39.880
39.380
40.550
43.980
38.900
40.650
38.050
35.310
34.540
33.990
29.600
31.750
32.490
32.450
32.200
30.280
29.240
29.620
27.180
28.000
28.170
28.610
28.650
29.280
27.800
27.120
25.910
24.730
27.320
26.800
27.820
28.000
26.200
26.180
24.010
23.860
23.550
23.190
22.600
22.080
22.500
21.880
22.910
21.230
20.780
21.360
18.510
18.170
18.250
16.420
17.050
20.500
19.420
19.400
19.350
17.000
16.500
15.870
18.800
20.300
18.820
18.500
20.240
20.240
23.050
26.810
28.280
27.010
32.210
32.170
33.200
32.390
33.950
33.310
31.800
30.780
30.000
31.500
29.000
28.000
30.770
32.000
30.800
30.580
35.900
35.830
36.210
32.400
31.110
32.750
27.880
24.600
26.420
24.020
26.600
24.400
28.010
31.400
30.110
36.300
38.650
45.900
45.900
41.730
37.940
36.170
33.000
30.400
28.790
29.090
29.030
29.100
28.210
26.460
26.700
25.470
25.970
24.230
23.410
24.830
25.110
24.800
25.150
25.400
22.800
23.300
23.100
23.550
24.110
23.050
23.620
22.900
20.440
19.450
20.250
21.260
20.250
20.280
19.620
19.880
20.640
19.660
19.350
19.830
19.810
19.980
19.310
19.530
18.040
17.900
18.020
17.890
17.400
17.380
17.870
18.100
17.490
17.790
16.900
16.960
16.980
16.600
17.150
17.150
17.080
16.560
16.600
18.380
19.480
19.700
18.880
18.790
17.800
18.440
18.180
17.720
19.260
19.570
19.000
18.650
19.030
18.900
18.800
18.540
17.450
17.220
17.140
17.420
16.990
17.000
16.630
16.490
17.400
17.000
18.300
18.540
19.140
19.250
18.660
19.170
19.100
19.540
19.940
20.050
19.340
18.780
18.950
19.160
19.410
20.010
19.830
19.880
20.400
21.180
21.130
20.660
20.650
21.200
20.900
20.620
20.500
21.100
19.200
18.540
17.860
18.180
17.900
17.880
18.010
19.590
19.070
18.340
18.650
18.780
18.160
17.990
17.500
17.600
17.200
16.650
16.110
16.590
16.220
16.800
17.250
17.470
17.310
17.620
17.170
16.940
16.690
17.280
17.000
17.140
16.500
16.200
16.510
16.520
16.450
16.180
17.000
17.000
17.000
15.580
15.050
14.600
15.300
15.810
15.860
15.420
15.500
15.250
15.980
17.000
16.900
16.820
17.340
17.610
18.000
