18.500
17.980
17.860
17.990
17.670
17.670
18.430
17.930
17.780
17.630
17.820
17.540
17.190
16.860
17.480
17.610
17.780
17.360
17.210
17.190
16.640
17.370
17.660
17.850
17.760
16.800
16.860
17.580
18.020
17.810
17.710
16.850
17.050
17.210
18.000
20.000
19.650
19.530
19.930
19.270
19.570
19.630
19.780
18.770
18.550
17.530
17.390
18.400
16.730
17.220
18.150
18.640
18.250
18.230
18.510
18.060
18.780
18.970
18.960
18.580
18.500
19.450
19.740
19.660
19.910
19.670
19.500
20.050
19.950
20.010
20.230
19.980
20.290
20.610
20.500
20.660
20.710
21.120
21.150
20.620
20.600
20.810
20.730
20.540
20.970
20.850
21.150
20.970
19.060
18.740
19.040
19.050
19.620
19.720
19.490
19.670
19.490
19.100
19.420
19.150
20.850
19.400
19.140
19.040
19.320
19.350
18.790
18.890
19.180
18.580
20.280
21.080
21.090
21.180
21.350
21.110
21.610
21.510
21.100
20.900
21.060
21.210
21.400
21.560
21.170
21.530
21.810
21.700
21.600
21.870
21.400
21.060
21.340
21.750
24.170
24.080
24.310
24.020
24.720
25.130
26.120
26.490
25.930
25.970
26.200
25.330
25.660
25.590
24.830
24.710
24.880
25.070
25.300
24.160
24.000
23.960
23.860
24.430
24.220
24.460
24.430
24.220
25.160
25.600
25.350
25.360
25.380
25.250
25.630
25.950
26.300
25.580
26.510
26.030
24.590
24.670
24.630
23.920
23.890
23.920
23.980
23.520
24.250
24.510
24.590
24.510
24.640
24.650
24.760
24.920
26.160
26.720
26.540
26.950
26.060
26.200
26.130
26.120
26.200
26.200
26.080
26.060
26.550
26.420
26.540
26.790
27.060
26.910
27.020
27.220
26.190
25.980
26.430
26.790
26.680
26.270
26.600
26.330
26.880
26.750
27.490
27.590
28.310
30.810
30.800
29.820
29.640
29.580
29.960
29.190
29.620
30.250
29.980
29.640
28.950
29.340
29.310
29.900
29.920
29.960
29.300
29.900
29.460
29.940
29.980
28.610
28.300
28.670
27.740
27.330
27.730
28.110
28.530
27.510
27.630
30.700
31.360
31.980
32.350
32.190
31.990
32.230
29.300
29.570
30.180
28.450
28.300
29.260
28.980
28.150
27.950
29.800
28.750
28.040
37.150
36.510
37.370
37.020
38.060
41.760
41.450
42.050
40.500
40.830
40.180
41.350
40.770
41.920
45.260
45.890
45.320
44.650
45.290
45.310
44.780
46.660
47.900
45.210
46.850
48.080
45.850
44.380
44.900
45.750
46.920
42.650
43.960
42.680
38.800
35.270
36.290
37.640
35.650
34.300
35.410
36.430
35.310
33.800
37.310
36.030
34.520
33.940
37.710
39.390
43.770
44.650
45.040
44.770
44.450
45.200
45.100
41.000
39.650
40.780
40.400
40.450
38.340
38.990
36.780
40.820
40.190
44.650
44.650
44.050
44.850
46.890
45.840
43.800
42.890
38.990
40.870
39.490
43.750
45.360
50.400
48.330
50.320
55.900
59.420
58.900
61.500
63.860
65.060
64.200
66.450
64.160
64.660
67.650
67.000
65.390
64.970
64.700
68.850
65.220
66.300
69.390
63.080
59.770
54.340
58.000
54.500
55.930
59.490
59.410
54.010
52.350
57.120
55.280
50.250
49.500
52.570
53.150
56.000
57.190
57.170
57.300
57.280
52.070
47.340
43.040
44.140
40.130
39.500
38.670
35.150
33.510
30.510
30.460
31.400
32.900
30.450
33.780
34.200
33.090
32.130
29.210
28.690
29.380
26.710
29.680
32.980
32.480
32.960
30.460
27.690
25.880
28.760
31.950
35.500
32.690
31.900
35.440
39.380
43.750
47.770
50.500
48.600
54.000
51.300
50.000
47.630
51.580
51.800
48.180
43.800
44.500
46.280
43.520
48.350
52.000
54.700
50.790
56.430
62.700
62.390
61.160
63.600
61.490
56.400
51.320
51.260
56.950
51.770
47.060
52.290
58.100
64.560
71.730
65.470
72.740
80.820
89.800
97.100
98.500
97.000
102.380
93.070
103.410
114.900
122.000
114.170
103.790
102.600
114.000
116.110
128.500
122.090
110.990
120.470
109.520
99.560
90.510
82.280
74.800
136.020
134.890
129.990
138.840
126.220
127.710
116.100
111.000
102.180
94.550
93.000
92.850
95.980
90.000
84.100
83.800
86.280
84.500
79.530
83.300
86.210
85.880
89.950
89.500
87.870
88.140
94.300
95.900
87.180
79.250
79.050
82.610
82.000
82.800
78.000
77.640
70.650
68.420
62.200
58.800
60.680
62.620
62.810
61.580
58.250
64.180
66.900
65.450
59.500
59.940
54.490
55.560
50.510
49.000
47.960
47.920
43.560
39.600
36.000
36.400
35.500
37.640
41.820
43.620
42.300
41.310
45.900
51.000
51.380
53.190
53.160
52.220
47.470
43.970
45.380
44.150
49.060
52.690
53.160
48.800
45.900
46.990
44.870
40.790
40.000
41.810
39.610
40.520
40.550
41.350
40.540
36.850
33.500
33.220
32.490
30.300
30.550
27.770
27.090
27.000
24.550
24.520
23.980
24.240
24.160
24.000
23.260
21.800
21.740
22.460
23.120
23.160
22.410
24.070
22.700
22.860
23.260
24.350
24.290
25.170
25.310
25.210
25.600
26.130
23.750
22.900
24.670
25.450
24.850
23.700
23.500
21.880
22.180
20.360
20.350
20.300
18.700
18.800
19.300
19.800
19.200
17.450
17.430
17.290
17.650
17.760
17.550
16.850
16.780
16.960
16.970
16.850
16.790
16.880
17.110
17.180
17.600
17.650
17.430
16.760
16.950
16.250
16.900
17.340
17.070
16.290
15.810
16.060
15.510
15.810
16.740
16.290
16.770
17.200
17.860
