12.670
12.560
12.750
12.700
12.610
12.810
12.460
12.710
12.580
12.420
13.020
13.580
13.650
13.450
13.580
13.710
13.920
14.100
14.100
15.010
14.850
14.000
12.330
12.750
12.200
12.570
13.110
12.950
12.520
12.150
11.470
11.250
11.810
11.350
11.450
10.800
10.630
10.480
10.530
10.770
10.890
11.020
10.900
10.710
10.940
11.120
10.800
10.320
10.630
10.550
10.220
11.050
11.000
11.070
11.540
11.820
12.090
12.020
12.110
11.650
11.430
11.430
11.290
11.110
11.050
11.140
11.340
11.210
11.150
11.140
11.110
11.210
11.250
11.240
11.400
11.390
11.300
11.360
11.230
11.230
11.480
11.520
11.550
11.400
11.310
11.420
11.370
11.230
11.230
11.170
11.110
11.180
11.120
10.980
11.020
10.970
11.000
11.190
11.110
11.140
11.230
11.100
11.080
11.000
11.030
11.130
10.970
10.900
10.910
11.080
10.880
10.950
11.020
10.860
10.810
11.330
11.810
11.910
12.230
12.400
12.510
12.550
12.340
12.330
12.150
12.130
12.160
12.260
11.720
12.050
11.940
11.860
11.740
11.640
11.550
11.430
11.420
11.410
11.570
12.480
12.620
12.600
12.610
12.500
12.590
12.600
12.470
12.500
12.820
12.600
12.830
13.060
12.920
12.920
12.860
12.900
13.100
12.950
12.910
12.640
12.580
12.440
12.560
12.460
12.530
12.600
12.600
12.670
12.780
12.800
13.000
13.000
12.960
13.000
13.110
13.100
13.130
13.110
13.160
13.070
13.130
13.000
12.490
12.430
12.410
12.260
12.540
12.610
12.510
12.210
12.150
12.230
12.100
12.080
12.080
12.640
12.590
12.760
12.560
12.650
12.550
12.720
12.840
13.150
13.010
13.090
12.900
13.100
12.930
13.020
13.060
13.060
13.060
13.120
12.800
12.740
12.820
12.950
13.050
12.620
12.700
12.810
12.680
12.420
12.130
12.610
12.610
12.870
14.090
13.890
14.030
14.360
14.010
13.750
13.740
14.030
13.960
13.990
13.760
13.900
13.800
13.700
14.180
14.350
13.910
14.020
14.010
14.580
14.030
13.500
12.480
12.360
12.650
12.650
12.320
12.280
11.750
11.180
10.870
11.030
11.810
11.360
11.260
11.300
11.090
10.610
10.150
9.880
10.080
9.910
10.340
10.350
10.340
9.850
9.850
9.760
10.220
9.860
9.870
9.710
10.330
22.100
22.510
23.410
23.160
23.220
22.320
22.400
22.020
22.180
21.610
21.210
21.040
21.130
21.010
22.890
22.520
23.100
22.810
22.810
22.400
23.500
22.580
22.800
22.230
20.510
19.850
20.100
19.170
18.680
19.380
19.350
19.520
19.460
19.200
19.300
18.600
17.680
17.680
18.030
17.990
17.200
17.120
17.310
17.030
17.830
17.000
18.210
16.890
16.100
16.200
17.400
18.320
19.410
19.600
19.540
19.200
18.910
18.450
17.850
16.900
17.750
17.950
17.360
17.540
17.140
16.100
16.300
16.350
17.530
19.180
18.380
18.740
19.460
19.180
17.500
17.510
17.110
17.850
18.700
19.650
21.030
21.900
23.550
22.380
24.030
26.680
26.380
25.500
26.300
25.850
25.280
25.830
25.660
25.010
25.120
24.620
23.880
23.600
22.680
22.890
23.260
23.330
23.600
24.000
23.900
23.660
22.700
24.000
22.880
24.580
26.300
26.220
24.990
25.500
25.550
24.840
24.720
25.500
24.500
25.200
26.110
25.160
25.110
24.700
24.650
24.300
24.200
22.800
22.390
22.000
22.120
22.200
21.440
22.160
21.620
20.300
20.870
21.960
22.300
22.440
21.290
21.710
21.930
21.280
20.460
20.260
19.950
19.280
20.220
19.400
18.100
19.210
18.820
19.110
17.890
17.630
18.010
16.350
16.410
18.230
19.850
19.700
18.810
16.850
16.500
15.810
17.510
19.350
19.000
17.180
18.480
20.530
22.810
25.340
28.100
26.660
29.230
28.420
30.020
28.810
30.120
32.360
31.800
28.950
26.900
27.630
26.000
26.360
28.410
28.610
26.050
25.830
28.700
31.600
31.500
30.150
30.800
31.500
27.870
24.180
24.870
23.820
21.650
24.050
26.720
29.690
32.800
32.190
35.770
39.740
43.220
43.010
41.810
45.000
48.660
44.860
49.050
53.220
54.000
52.350
49.130
48.000
51.300
55.190
50.580
52.610
55.100
54.000
47.000
49.160
49.670
47.800
44.850
42.600
39.000
40.100
39.210
38.530
38.650
36.810
33.520
33.470
31.810
30.550
30.000
31.310
31.000
33.180
32.900
31.710
32.000
33.030
32.200
33.520
34.310
32.400
31.000
29.850
30.050
31.100
32.910
34.000
32.900
31.880
34.880
37.390
34.410
36.120
32.510
31.110
31.360
33.350
33.910
31.910
30.930
30.930
30.910
31.500
29.870
28.900
27.300
26.710
26.500
26.410
26.320
24.070
23.730
23.300
23.250
23.240
23.590
23.200
23.100
22.820
22.760
22.680
22.660
22.660
22.510
22.090
21.680
21.750
22.700
23.000
22.730
22.730
22.010
22.000
22.450
22.950
22.840
22.000
22.330
22.630
21.990
21.240
20.150
21.490
21.550
20.710
20.300
20.010
19.870
19.670
19.570
19.910
19.700
19.840
19.000
19.930
20.980
20.800
20.310
20.000
19.520
20.470
20.420
21.280
21.430
21.570
21.250
20.520
20.820
20.200
21.630
21.680
22.850
22.660
23.120
22.710
22.500
23.580
23.630
21.950
21.450
20.860
20.950
20.710
20.910
20.100
20.110
19.600
20.050
19.800
20.970
21.300
20.980
21.160
21.330
21.250
21.390
21.600
21.500
20.780
19.960
19.840
19.770
20.390
20.020
19.930
19.270
19.750
19.930
20.220
20.940
19.920
19.800
19.300
19.080
18.730
18.600
19.080
18.610
18.520
18.550
18.510
18.850
18.690
18.800
18.920
18.800
18.990
18.620
18.590
18.510
18.080
17.880
17.730
17.310
17.140
16.700
16.720
16.600
16.820
17.020
17.150
17.100
17.350
16.720
16.580
16.800
16.710
16.750
16.610
16.400
15.740
15.690
