26.700
25.210
24.200
24.860
24.940
24.310
24.730
24.410
25.240
25.060
23.030
23.960
24.270
23.000
22.820
21.800
21.150
20.190
18.350
19.090
18.890
19.120
18.390
18.450
16.770
16.280
17.440
17.500
17.490
17.400
17.260
18.410
18.630
19.110
18.980
19.160
18.370
20.410
20.830
21.090
21.540
21.190
21.180
21.300
21.990
22.270
22.200
21.710
21.400
42.440
41.920
45.340
45.620
47.020
46.960
49.790
50.410
53.170
52.380
53.360
53.200
55.680
56.840
56.200
53.050
51.870
54.200
56.000
56.020
55.800
56.550
58.000
56.490
55.410
55.230
56.650
55.880
58.410
59.700
58.850
59.030
56.880
57.650
59.020
58.890
53.540
50.990
49.750
50.090
48.600
50.530
50.540
49.280
49.840
47.240
46.500
47.980
47.810
50.580
50.680
50.780
50.820
50.310
49.670
47.750
48.250
48.280
46.900
48.650
49.250
48.400
47.500
48.270
47.040
47.880
47.540
43.220
43.070
44.000
44.800
45.070
45.700
43.950
43.840
44.690
44.610
43.700
44.520
44.270
41.580
42.300
42.810
47.570
47.380
48.850
49.160
47.970
48.000
50.150
51.000
50.890
52.510
52.800
51.930
53.550
53.700
51.860
52.400
52.070
53.650
51.950
51.740
51.800
52.260
51.880
53.120
52.750
54.500
57.180
56.910
55.970
55.420
55.330
56.480
57.160
56.870
57.850
58.140
58.990
56.550
55.500
54.800
55.690
55.750
54.050
51.530
50.810
51.320
51.090
50.250
53.410
53.220
53.250
54.180
53.600
52.940
54.180
54.600
59.690
60.150
59.020
60.400
57.860
59.100
62.250
62.160
61.800
61.450
61.900
63.640
64.010
64.390
69.600
68.700
68.160
69.590
67.890
61.720
60.110
60.590
64.070
64.020
62.910
64.370
65.560
64.450
64.800
64.100
63.220
62.480
60.800
63.300
63.400
67.400
73.660
74.350
73.800
74.720
77.330
75.190
76.480
74.500
78.290
77.850
77.270
71.400
68.600
67.900
66.110
66.940
67.600
67.780
71.100
71.370
65.180
65.050
64.980
67.010
65.890
67.660
68.390
62.170
61.430
64.490
62.200
57.920
52.650
53.780
49.980
47.900
44.980
46.130
48.420
47.340
48.810
50.650
47.160
50.000
49.100
48.920
50.610
47.150
46.100
42.000
45.280
47.570
44.900
45.010
44.990
46.010
45.320
41.200
38.590
36.100
34.730
35.300
33.830
35.050
37.660
35.840
34.610
35.000
34.710
34.360
36.170
36.560
35.350
35.970
35.460
32.240
33.250
33.880
30.800
33.400
33.110
33.730
34.500
34.150
34.450
34.410
32.290
29.350
27.400
25.550
23.630
22.810
22.510
23.640
23.210
22.900
25.250
25.270
24.190
24.180
26.870
25.600
27.570
26.900
26.770
25.720
25.460
26.030
25.190
24.000
24.480
25.750
24.700
24.500
23.970
23.110
21.010
22.160
22.770
25.300
27.050
26.100
29.000
29.980
28.590
27.380
26.070
23.700
25.790
24.750
27.500
29.190
32.430
31.920
34.950
38.830
40.180
40.800
37.850
37.610
36.430
36.390
37.300
37.290
38.290
38.480
36.400
37.160
36.300
36.790
39.190
41.540
38.490
38.170
34.700
32.650
29.680
32.800
35.000
34.400
31.600
31.060
30.560
29.500
30.800
30.740
28.710
30.450
31.700
30.650
30.990
31.980
30.850
30.200
29.480
28.700
29.770
27.960
26.800
26.030
25.310
25.150
26.900
27.820
26.080
24.200
23.360
25.950
26.140
26.260
25.200
23.360
24.200
22.610
21.290
21.140
20.030
20.000
19.420
19.990
18.500
19.790
19.630
18.850
18.650
17.710
17.000
16.790
15.260
16.900
18.780
18.800
18.600
17.740
16.140
15.500
16.560
18.400
19.430
18.310
16.790
18.550
20.610
22.900
25.440
27.160
25.360
28.180
28.440
29.000
28.400
29.000
27.810
26.260
26.080
23.710
24.470
23.760
26.400
27.020
28.090
25.780
26.180
28.940
28.290
28.000
28.500
26.580
24.160
26.840
25.720
28.580
31.750
33.660
32.910
32.520
36.130
39.640
37.410
39.000
42.260
42.000
40.950
41.000
38.160
37.270
37.000
38.270
37.520
35.200
33.500
34.000
37.160
35.000
34.900
35.680
36.190
35.750
34.510
33.960
30.870
31.330
32.200
29.590
28.600
26.000
24.450
24.800
25.370
26.850
25.660
25.330
25.190
27.400
27.200
28.180
26.400
25.040
24.310
25.360
25.130
25.770
23.430
21.300
19.360
17.600
16.880
17.900
17.520
18.200
18.460
19.180
19.410
20.900
21.440
21.190
20.500
20.260
19.940
19.950
19.900
19.390
19.870
19.070
19.700
20.950
20.840
22.230
22.140
22.140
22.040
22.500
22.990
22.900
23.320
23.520
22.830
22.080
21.550
21.490
22.100
22.520
22.580
22.050
22.680
23.160
23.830
23.130
23.020
22.180
21.480
21.450
21.490
20.280
20.280
20.660
20.340
20.210
20.810
20.890
21.020
20.530
21.440
21.620
21.330
21.320
21.500
21.590
22.210
22.160
21.950
22.000
20.600
20.360
20.520
19.600
20.300
20.830
20.550
20.800
21.100
20.210
19.130
19.000
19.180
19.340
19.010
18.700
19.000
19.670
19.260
19.100
19.110
19.900
20.150
19.420
18.830
18.750
18.520
19.900
19.970
18.850
19.250
18.690
19.070
20.120
18.290
16.920
16.640
16.700
17.200
