0.030
0.060
-0.050
0.060
-0.040
0.010
-0.100
-0.040
0.090
-0.090
-0.170
-0.040
0.130
-0.070
-0.080
0.170
-0.160
0.000
-0.140
0.090
0.140
0.200
-0.120
0.060
0.700
-0.300
-0.140
0.100
0.200
0.350
-0.360
-0.310
0.020
0.030
0.320
0.180
0.160
-0.120
-0.200
-0.390
-0.110
-0.340
-0.030
0.200
-0.220
0.190
-0.070
-0.060
0.090
0.110
-0.590
0.000
-0.330
-0.150
0.040
0.140
0.030
0.230
-0.500
0.220
0.130
0.180
0.010
0.390
0.060
-0.210
-0.140
0.050
-0.020
0.040
-0.030
-0.150
-0.030
-0.040
0.020
0.060
-0.010
-0.040
0.020
-0.020
-0.120
0.000
0.000
0.050
0.200
-0.050
-0.110
0.080
-0.020
0.080
-0.020
0.030
0.170
0.060
-0.080
0.020
-0.120
-0.010
0.070
-0.100
0.180
0.090
-0.080
0.050
-0.050
0.120
0.120
0.000
-0.080
0.090
0.160
-0.060
-0.020
0.060
-0.510
-0.090
-0.060
-0.110
-0.050
-0.100
-0.050
-0.050
0.410
0.150
-0.060
-0.040
0.030
-0.070
-0.080
-0.080
0.140
0.090
0.000
-0.110
0.140
0.110
-0.110
-0.080
-0.660
-0.060
-0.070
0.030
0.010
-0.160
0.030
-0.010
0.060
-0.070
-0.080
0.040
-0.160
-0.040
0.090
-0.090
-0.120
0.060
-0.020
0.140
0.040
0.020
0.100
-0.170
-0.010
-0.010
0.070
0.000
-0.080
-0.340
0.040
-0.110
0.020
0.040
-0.140
0.010
-0.060
0.220
0.140
-0.100
-0.020
-0.030
0.050
0.320
0.050
-0.100
0.150
0.030
-0.450
-0.080
0.030
-0.010
-0.140
-0.020
0.000
0.110
-0.270
-0.160
-0.010
-0.160
0.610
0.010
-0.120
-0.120
-0.060
-0.020
0.090
-0.040
-0.190
0.000
0.050
-0.290
0.040
0.000
-0.090
0.210
0.400
0.140
-0.430
0.020
0.170
0.060
-0.190
0.280
0.000
0.090
-0.250
0.050
-0.140
-1.010
0.100
-0.390
-0.210
-0.130
0.250
-0.090
0.150
-0.200
0.110
0.020
-0.170
-0.320
0.010
0.050
0.130
0.100
0.200
-0.290
-0.390
0.450
-0.350
0.200
-0.170
-0.580
0.840
0.350
-0.070
0.300
1.020
0.920
-0.240
-1.870
0.090
-0.140
0.770
-0.260
0.450
0.370
1.280
-0.450
-0.480
0.410
-0.460
-0.410
1.240
-0.120
0.630
-0.280
-0.900
1.040
0.220
1.340
0.180
-0.570
0.180
-0.580
0.010
0.370
1.210
-0.170
-0.050
1.040
1.360
-0.210
0.450
-0.300
-1.040
-0.020
-0.770
0.040
0.000
0.110
0.130
0.210
0.190
-0.460
0.240
0.620
-0.180
0.120
0.560
-0.540
-0.310
0.230
-0.520
-0.200
-0.290
0.600
1.020
1.260
-0.350
-0.440
0.670
0.430
0.140
-0.340
-0.020
0.170
-1.070
0.100
0.390
0.310
-1.400
0.000
-1.560
-0.180
-0.270
0.280
0.230
-0.080
0.670
0.920
-0.290
-0.640
0.330
-0.120
0.430
0.730
1.230
-0.880
-1.040
-1.580
-0.790
0.230
-1.800
-0.420
1.600
0.620
0.060
0.940
-0.420
-0.370
-1.800
-0.030
-2.000
0.520
0.430
-2.120
-1.000
0.420
1.460
-0.650
-0.240
0.220
-0.810
0.070
-0.280
0.990
1.910
-1.100
-1.160
0.660
-1.270
2.000
0.310
1.490
0.360
-1.860
-0.100
1.800
-0.050
0.100
1.630
1.480
0.070
0.750
-0.670
-0.540
0.390
0.100
0.400
0.680
-0.110
0.340
0.380
-0.120
0.590
-0.470
0.330
0.240
-1.380
0.000
0.270
-0.410
0.640
1.210
0.470
0.500
0.140
0.540
0.130
0.020
-0.380
0.500
-0.700
0.110
-0.120
0.330
0.430
-0.430
-1.190
0.590
-1.260
-1.400
-1.550
-1.720
-1.920
-2.130
1.940
-1.750
0.800
0.740
0.090
-0.880
0.220
0.980
0.310
0.330
0.890
0.180
0.090
0.010
0.690
1.520
-0.940
0.210
0.770
0.300
-0.220
0.430
-0.680
-0.310
0.820
0.100
0.480
0.760
-0.840
-0.230
0.400
-1.180
0.560
0.460
0.540
-0.470
-0.710
0.070
0.440
-0.050
1.020
0.260
-0.090
0.110
-0.490
0.480
0.020
0.210
-0.040
0.370
0.370
-0.070
0.270
0.230
-0.190
0.140
0.230
0.220
-0.330
-0.020
0.190
-0.120
0.280
0.140
0.130
0.020
0.150
-0.080
0.200
0.090
0.330
-0.020
0.110
0.050
-0.360
-0.210
0.180
0.250
0.040
-0.290
-0.100
-0.160
0.100
0.160
-0.220
0.180
0.140
0.380
-0.330
0.110
-0.560
-1.240
-0.120
0.100
-0.300
-0.040
-0.090
0.020
-0.300
0.110
-0.470
0.000
0.510
0.160
0.800
0.510
-0.370
-0.220
-0.250
0.300
-0.030
0.390
0.060
0.510
0.700
-0.030
0.030
-0.580
-0.040
0.340
0.070
-0.350
0.180
0.250
-0.130
0.470
-0.010
0.010
0.120
0.110
-0.070
0.210
0.090
-0.310
0.090
-0.540
-0.030
-0.250
0.070
0.050
0.080
0.250
-0.080
0.010
0.040
0.200
0.310
-0.020
-0.400
-0.090
0.000
0.210
-0.310
-0.230
0.010
-0.070
-0.120
-0.240
0.050
-0.120
-0.100
0.140
-0.030
-0.180
0.380
0.260
-0.300
-0.010
0.060
0.630
-0.390
0.310
0.220
-0.180
0.200
0.020
0.070
0.300
0.070
0.070
0.190
0.180
-0.130
0.080
-0.390
-0.170
0.310
-0.040
-0.110
0.150
0.080
0.200
-0.140
-0.090
0.010
0.120
-0.010
0.290
-0.030
0.290
0.090
-0.120
0.100
0.000
0.040
0.120
0.050
-0.030
-0.330
0.080
-0.170
-0.080
-0.080
0.000
-0.100
0.230
0.000
-0.100
-0.210
0.150
