22.760
22.950
22.700
23.040
23.260
23.130
23.170
23.350
22.720
22.700
22.530
22.800
22.490
22.700
22.920
22.700
22.210
21.750
21.820
21.730
22.060
22.060
21.350
21.310
21.200
22.140
22.370
22.460
22.350
22.620
22.740
22.570
22.400
22.230
33.310
33.800
32.880
32.560
32.130
31.740
31.720
31.780
31.610
31.370
31.880
32.280
32.870
32.810
32.560
31.970
32.330
31.800
31.970
31.660
31.790
31.400
31.320
31.600
31.630
31.820
31.690
30.410
30.230
30.100
30.520
30.650
30.690
30.900
30.650
30.760
30.110
30.250
30.360
30.640
30.650
30.890
30.370
30.160
30.220
30.300
30.460
30.360
30.060
31.030
31.480
31.750
31.400
31.370
31.680
31.170
31.230
31.180
31.090
30.210
30.140
30.200
30.500
30.540
30.710
30.850
30.550
31.100
31.190
31.620
30.640
30.600
30.470
30.350
29.980
29.760
29.520
29.760
29.620
29.740
29.970
30.400
30.720
31.130
31.310
30.870
31.090
29.980
29.900
30.170
30.430
30.420
30.400
30.440
30.730
30.980
31.020
31.010
30.820
30.950
30.650
30.780
30.500
32.780
33.910
33.050
33.410
33.430
33.140
33.190
33.210
33.050
33.050
33.200
33.070
33.270
33.340
33.230
32.990
32.900
32.970
32.960
32.900
32.920
32.880
33.850
34.030
34.160
33.720
33.950
33.830
34.390
33.970
34.180
34.520
34.740
35.100
34.760
34.980
35.460
35.420
35.150
34.960
34.960
35.260
35.250
35.200
35.000
35.010
34.930
35.000
34.650
34.590
34.550
34.080
34.000
34.810
35.060
34.980
35.220
34.900
34.800
35.160
35.580
35.330
34.900
35.090
35.180
35.150
35.440
35.520
35.050
35.180
35.660
34.730
37.160
36.530
36.550
36.550
36.990
36.920
36.480
36.430
36.480
36.600
36.700
36.340
35.890
36.010
37.590
37.220
36.990
37.570
37.700
37.950
38.510
38.010
37.500
37.510
38.000
36.790
36.400
36.720
36.830
35.900
36.150
35.930
36.530
36.450
35.140
34.390
33.900
33.960
34.760
34.490
34.700
34.750
33.200
33.530
32.630
31.910
32.860
33.250
32.820
33.000
33.490
33.270
32.940
31.900
31.550
31.890
32.370
32.420
32.710
32.510
32.330
31.780
32.520
32.650
31.450
32.050
31.830
30.620
31.000
30.790
32.000
32.000
32.300
31.780
32.180
32.110
32.440
30.890
31.320
30.730
30.900
31.670
31.650
32.070
32.700
32.130
32.390
31.600
31.220
29.610
30.300
30.370
30.000
29.840
30.100
29.190
29.410
29.230
29.170
29.180
29.180
29.600
29.230
28.720
27.870
27.900
28.590
27.830
27.740
27.750
28.180
27.400
27.220
28.550
29.020
28.000
28.150
28.670
28.150
29.930
30.470
30.770
30.740
30.550
30.630
31.010
30.390
29.920
30.200
30.190
29.900
28.900
29.450
28.370
29.150
28.210
28.930
28.900
28.860
29.650
30.520
30.240
30.010
30.290
28.990
29.200
28.110
29.240
27.460
29.850
29.820
28.820
31.580
32.790
32.230
32.000
32.700
33.110
33.170
33.480
33.920
32.830
33.600
32.800
33.300
32.770
31.970
31.530
31.810
32.460
33.750
32.970
33.800
32.210
31.880
31.830
31.080
32.210
33.120
31.560
31.240
32.180
32.600
31.500
32.630
33.090
32.010
33.930
33.520
33.530
33.570
33.100
32.500
33.240
31.540
31.700
32.110
32.380
31.960
33.660
33.560
34.140
32.800
29.820
31.010
30.710
31.740
31.190
30.500
31.350
30.720
28.960
28.360
27.580
27.640
27.880
28.590
27.700
27.880
26.720
27.400
27.100
26.010
25.950
26.650
24.580
25.060
27.090
27.380
28.230
27.850
26.830
28.140
26.950
26.930
26.860
24.850
23.800
23.490
26.100
29.000
31.000
31.910
30.150
32.300
32.710
33.360
33.480
34.600
35.210
33.920
33.230
33.910
34.910
33.830
32.460
31.650
33.500
32.070
31.560
35.070
36.250
35.030
35.810
34.000
34.250
31.790
31.500
35.000
34.410
31.280
28.440
31.600
31.990
31.370
32.240
32.260
29.330
29.450
32.600
33.990
33.970
32.200
34.980
38.370
37.140
37.640
39.230
39.060
40.000
38.900
37.050
37.850
38.880
56.300
58.410
55.320
50.290
45.720
48.280
49.120
46.480
45.690
47.280
44.230
42.520
41.210
39.800
41.240
42.580
42.600
42.910
41.110
39.190
40.080
40.010
40.600
40.680
41.100
39.850
41.730
41.570
41.970
42.780
42.040
39.690
42.420
43.690
43.130
41.770
40.320
38.260
37.730
36.710
38.330
38.630
37.950
36.960
35.850
35.300
34.990
35.020
36.210
36.200
34.880
34.470
35.160
33.900
33.510
33.900
33.100
32.990
33.300
33.520
33.310
32.810
34.450
35.290
32.720
33.630
33.330
32.800
32.330
33.200
33.020
33.420
32.400
32.250
32.670
31.200
30.990
31.050
31.800
32.460
32.990
31.660
32.250
31.960
32.150
32.470
32.700
32.430
34.400
33.090
32.800
29.820
30.040
29.490
29.510
30.200
30.490
29.210
29.200
29.210
30.070
27.650
27.550
27.350
27.280
28.050
27.700
28.200
27.560
27.120
28.580
29.620
29.040
29.600
29.780
29.260
27.160
26.790
25.020
25.290
25.260
26.780
27.010
25.770
25.480
25.740
25.950
25.650
25.870
25.480
25.840
25.610
25.900
26.150
25.700
25.080
25.100
25.870
25.730
26.700
26.970
27.690
26.650
26.650
27.120
27.280
27.240
27.750
27.660
27.100
26.430
26.610
26.150
26.300
26.940
26.480
27.120
27.550
27.850
27.270
26.830
27.090
26.530
26.160
26.140
26.040
26.580
26.620
26.690
26.420
26.400
26.100
25.690
25.330
26.350
26.480
26.460
26.260
26.120
26.670
26.890
26.920
26.800
26.750
26.400
25.530
25.880
26.040
26.780
26.390
26.350
26.790
27.080
27.440
26.300
26.350
26.030
25.890
25.900
24.710
24.470
24.640
24.650
24.410
24.290
23.790
23.710
23.540
23.410
23.490
22.800
23.410
24.340
24.230
24.060
24.120
24.400
25.050
25.100
23.850
24.140
23.580
23.980
