16.660
16.600
16.680
16.700
16.350
16.500
16.330
15.850
15.890
15.610
15.510
15.880
16.180
16.190
16.250
16.470
16.290
16.420
16.300
16.400
16.510
15.950
15.560
15.700
15.050
14.870
15.740
16.210
16.050
15.850
15.560
16.280
16.880
16.810
17.020
17.200
16.620
16.610
16.770
16.720
17.480
18.450
18.400
19.320
19.450
19.700
19.310
18.980
18.420
18.740
18.300
18.570
19.090
18.970
18.560
18.970
17.650
18.090
18.010
18.650
18.060
18.250
18.410
17.360
16.980
16.800
17.180
17.180
17.550
17.320
17.300
16.920
17.230
16.910
16.680
17.020
16.770
16.900
17.050
17.000
16.880
17.000
17.310
16.810
16.390
16.200
16.410
16.500
16.380
16.660
16.450
16.330
16.270
16.000
15.960
16.320
16.190
16.540
16.230
16.100
16.330
16.180
16.060
16.380
16.170
16.150
16.150
15.900
15.900
16.120
16.000
15.510
15.450
15.700
15.480
17.050
17.180
17.100
17.000
17.110
17.100
17.410
17.410
17.230
17.400
17.360
17.460
18.310
18.600
18.240
16.580
16.550
16.430
16.430
16.720
16.570
16.290
16.300
16.530
18.270
18.380
18.680
18.600
18.870
18.850
19.320
19.450
19.400
19.780
19.700
19.330
19.620
19.780
19.430
19.590
19.720
20.080
19.850
19.920
19.720
19.630
19.520
19.940
19.860
20.260
20.680
20.750
19.910
19.930
19.990
20.360
20.110
19.830
20.150
20.180
20.390
20.110
20.150
20.250
20.270
20.400
20.560
19.990
19.490
19.220
19.250
18.330
19.130
19.400
19.410
19.290
19.460
19.160
19.550
19.850
20.760
20.880
20.900
20.930
20.340
20.350
21.190
21.320
21.430
21.390
21.520
21.510
21.830
21.420
21.300
22.010
22.050
22.220
22.300
22.190
21.420
21.210
22.080
22.420
22.120
21.560
21.940
21.000
21.360
21.000
21.590
21.840
22.260
24.260
24.030
24.550
24.750
25.380
24.350
24.080
24.500
25.130
23.960
24.150
23.280
24.000
23.740
24.120
24.600
24.950
23.500
24.500
24.520
24.620
24.950
23.400
23.060
22.390
20.350
20.380
20.500
20.380
20.220
19.350
19.680
21.110
21.100
20.830
20.970
21.060
21.090
21.280
20.050
19.800
20.180
19.500
19.250
19.290
18.760
17.370
16.980
17.920
17.840
16.870
17.220
16.930
17.920
17.860
19.090
21.200
41.000
40.700
37.000
37.180
36.600
36.880
36.260
37.190
36.040
37.450
41.590
40.880
42.030
43.500
41.650
39.960
41.200
39.910
41.150
42.660
43.880
43.850
41.650
42.320
39.400
38.200
38.460
39.900
41.040
38.000
38.680
35.160
31.960
29.300
29.850
29.870
27.150
28.030
30.350
28.570
27.770
30.860
30.490
33.710
34.790
36.760
34.710
34.710
35.700
35.770
35.180
33.000
34.740
31.790
30.380
27.620
27.490
24.990
27.770
28.340
31.490
31.160
32.700
34.980
31.800
31.600
35.110
39.010
35.850
33.590
32.640
31.940
30.400
28.880
31.800
30.730
32.000
31.350
29.250
30.550
29.980
28.680
28.470
26.260
25.880
25.850
26.650
24.710
26.470
26.620
26.310
26.840
24.880
23.510
22.610
20.550
22.820
25.360
24.190
25.290
22.990
20.900
19.810
21.810
24.230
26.920
24.470
23.200
25.780
28.640
31.820
35.350
35.530
32.300
35.180
35.350
36.630
34.620
34.920
35.570
32.340
29.400
29.100
28.900
26.270
29.190
31.500
33.580
30.910
34.340
38.160
37.900
36.300
35.100
33.760
30.690
27.900
27.120
26.570
24.150
21.950
24.390
26.740
29.710
33.010
36.680
34.170
37.970
42.190
46.880
48.840
47.010
51.530
57.250
52.630
58.480
64.980
63.140
57.400
54.100
57.000
55.190
50.170
48.980
48.550
53.940
51.950
50.070
52.330
56.100
51.800
51.610
46.920
42.650
40.280
41.700
42.660
62.150
56.500
51.360
48.000
45.270
45.440
47.120
45.800
44.310
47.390
51.900
51.110
46.460
45.550
41.870
45.460
44.340
44.990
49.990
55.520
50.470
45.880
41.710
40.510
39.010
37.420
36.590
38.320
38.700
36.020
34.900
37.530
37.200
37.160
34.730
31.570
30.630
30.720
32.320
32.050
33.410
32.860
32.840
33.750
30.980
30.270
31.560
31.930
31.820
29.260
27.800
26.630
28.620
28.940
28.950
28.460
27.100
27.670
26.300
26.710
25.170
24.880
23.120
23.750
24.550
22.740
22.660
22.500
22.900
23.540
22.380
22.310
22.010
22.240
23.510
24.000
23.620
22.970
24.080
26.080
27.620
26.830
27.860
28.890
27.790
26.730
26.310
25.130
27.780
28.880
29.690
30.300
30.790
27.990
29.500
28.400
27.800
28.350
26.690
24.800
24.020
24.590
24.030
24.280
23.400
23.450
24.320
24.200
25.720
25.990
26.100
24.400
24.330
25.300
25.160
26.110
27.000
26.900
26.080
25.350
25.180
25.700
26.290
26.400
26.080
26.740
26.820
27.600
28.010
28.760
28.900
30.270
30.520
28.700
28.750
28.560
27.340
26.430
26.250
27.380
27.410
26.980
26.150
27.300
27.110
25.180
25.140
25.000
25.300
25.050
25.050
25.240
24.240
23.350
22.620
23.110
23.130
24.330
24.750
23.740
24.100
23.600
23.870
23.480
21.960
22.100
22.370
21.690
21.630
21.060
21.470
20.800
20.330
20.250
20.310
20.460
20.270
19.880
19.350
19.240
19.330
19.950
19.750
20.400
20.590
20.210
20.790
22.570
21.800
21.990
22.320
23.050
