0.370
0.170
0.090
-0.530
-0.150
-0.020
-0.050
-0.150
-0.140
0.170
0.040
0.480
0.250
0.000
-0.050
0.090
0.000
0.280
-0.120
0.340
-0.040
0.160
0.280
0.130
0.010
-0.090
-0.060
-0.230
-0.080
0.020
-0.180
-0.160
-0.150
-0.230
0.120
0.300
0.020
-0.190
0.080
0.070
-0.010
-0.180
-0.190
-0.490
0.540
-0.080
-0.390
0.010
-0.070
0.100
-0.010
0.110
0.120
-0.210
0.200
0.090
-0.270
0.010
-0.190
-0.130
0.080
0.430
-0.110
0.130
0.080
-0.110
-0.050
0.160
0.020
0.350
0.160
-0.040
-0.090
0.030
-0.090
0.130
-0.040
-0.080
0.780
-0.130
0.040
0.250
0.040
0.170
0.090
0.050
-0.020
-0.010
-0.010
0.050
-0.040
0.110
0.050
0.140
-0.140
0.050
0.010
0.020
0.250
0.050
0.000
0.220
-0.030
-0.010
-0.080
-0.670
0.050
0.090
0.090
0.020
0.180
0.010
-0.070
0.020
-0.520
-0.140
-0.060
-0.140
-0.090
0.010
-0.270
-0.080
0.020
0.200
0.030
-0.130
-0.090
0.150
0.170
-0.070
-0.030
-0.010
0.060
-0.080
0.150
0.000
0.000
0.010
-0.490
-0.070
-0.080
0.090
0.000
-0.160
-0.220
0.090
-0.150
-0.070
0.120
0.190
-0.270
-0.200
-0.040
0.130
-0.130
-0.050
-0.030
0.250
0.040
-0.160
0.050
-0.110
0.300
-0.250
0.500
0.020
0.070
-0.010
0.050
-0.110
0.030
0.030
-0.130
0.200
-0.020
0.090
-0.150
-0.090
0.100
-0.060
-0.030
0.090
-0.040
0.130
0.060
0.040
-0.090
0.140
-0.050
0.060
-0.130
0.060
-0.180
0.030
0.090
0.180
0.040
-0.060
0.110
0.020
-0.070
0.090
0.010
-0.050
0.000
0.070
-0.150
0.080
-0.040
-0.040
-0.050
0.030
-0.010
-0.030
0.200
0.030
-0.140
-0.070
0.090
0.000
0.070
0.050
-0.050
0.050
-0.160
-0.180
-0.330
-0.640
0.130
-0.080
0.120
-0.010
-0.060
0.060
-0.120
-0.250
0.190
0.140
0.040
-0.140
-0.010
0.100
0.030
-0.070
0.110
-0.120
-0.170
0.070
-0.020
0.050
-0.360
0.570
0.020
-0.100
-0.040
0.000
-0.320
0.350
-0.100
-0.690
-0.800
0.000
0.000
-0.510
0.220
0.920
0.830
0.090
-1.010
-0.410
-0.840
0.820
0.880
2.860
0.790
-3.100
0.370
0.800
-1.390
0.570
-0.660
-1.670
-0.090
-2.900
2.070
0.330
0.960
-0.440
1.080
-1.210
2.070
-0.780
1.690
-1.340
-3.730
-0.610
-0.700
0.780
0.300
0.480
-2.470
-2.320
0.200
1.100
1.870
0.920
0.930
-0.610
3.400
0.500
-0.780
-0.510
0.840
1.490
0.410
0.630
2.860
1.710
-1.030
-0.220
1.400
-1.100
-0.400
0.010
0.750
1.370
-2.250
-1.180
1.770
0.270
-3.050
-1.490
-3.550
-3.950
-0.890
0.650
-1.460
0.970
3.660
2.310
-0.540
-0.340
1.140
-1.470
1.150
0.320
-2.690
-4.080
-4.530
4.050
3.750
0.100
1.600
-0.900
2.400
1.500
0.000
2.010
-1.190
0.030
-3.550
-0.440
-3.990
1.600
-4.260
-4.730
0.620
-0.150
0.720
0.170
0.120
-0.240
0.940
1.280
0.000
-0.970
0.230
1.000
2.510
-0.010
-3.350
-0.350
1.100
3.000
1.000
0.840
1.990
-0.130
0.550
-0.030
-0.770
2.250
-0.600
2.630
3.000
-0.330
0.980
1.490
0.120
0.740
1.570
1.250
-2.520
0.440
-0.560
-0.210
0.690
-0.820
0.770
1.640
0.760
1.160
0.410
-0.280
0.130
0.650
-1.600
0.830
-0.430
0.600
2.030
0.140
0.920
1.800
-1.300
-2.150
-0.160
0.350
0.770
1.520
0.380
-1.980
-2.140
-0.260
1.380
1.080
0.000
-2.280
-2.530
-2.390
-1.530
-1.080
-3.370
-3.730
1.310
1.880
0.900
-0.030
0.020
-1.250
3.150
-0.200
-0.190
-0.060
-0.080
0.820
-0.850
-0.010
1.370
-0.090
-0.030
-0.230
1.570
2.680
-0.700
-0.850
1.970
-0.390
0.570
0.320
-1.040
-0.040
0.040
-0.460
1.290
1.010
0.520
0.410
0.500
0.200
-0.060
-0.230
-0.220
0.010
0.990
0.500
-0.630
0.180
0.000
0.470
-0.230
0.210
0.740
0.960
-0.280
0.470
-0.520
-0.530
0.770
-0.010
0.040
0.480
-0.370
1.730
-0.340
0.010
-0.290
-1.090
-0.170
-0.060
0.810
-0.160
-2.010
-0.690
-0.010
-1.000
-0.300
0.410
-0.030
0.340
0.740
-0.700
-0.450
-1.030
-0.150
-0.260
0.380
-0.720
-0.790
0.100
1.580
-0.370
0.170
0.200
0.060
-0.220
0.060
1.900
-0.390
-0.610
0.400
-0.490
-0.370
-0.370
1.210
0.070
-0.520
0.170
0.180
1.250
0.240
0.670
1.320
0.050
-0.570
-0.480
-0.060
0.600
-0.430
0.000
1.250
-0.010
-0.380
-0.180
-0.100
0.020
0.030
0.000
0.450
0.020
0.140
0.200
0.210
0.720
0.010
-0.160
-0.690
0.120
0.110
-0.030
-0.290
0.040
0.500
0.080
0.310
0.080
0.380
0.530
-0.630
0.320
-0.070
-0.370
-0.020
-0.130
0.230
-0.260
0.170
-0.160
0.110
0.560
-0.070
0.540
0.360
-0.200
-0.140
0.500
0.130
-0.360
0.350
0.010
0.160
0.450
0.000
-0.500
-0.730
0.000
-0.350
-0.040
0.630
-0.180
-0.090
-0.270
0.100
-0.280
-0.410
-1.870
