21.750
20.110
19.930
19.480
18.430
17.000
17.230
17.270
17.310
17.070
17.690
17.730
17.760
16.950
17.200
16.750
17.060
16.700
15.440
15.300
15.340
14.990
14.720
15.000
14.720
15.730
15.980
15.800
15.730
15.700
15.840
15.750
15.920
15.970
16.230
16.280
15.240
15.280
15.490
32.480
31.750
32.090
32.150
31.950
32.370
32.450
32.310
32.200
31.880
31.060
34.000
34.830
34.660
34.490
35.570
36.280
37.260
37.290
37.870
38.350
38.950
39.570
39.770
38.200
36.380
36.950
38.230
38.930
38.380
37.280
37.680
37.580
36.130
36.290
37.700
36.890
36.790
37.500
38.170
38.980
36.530
36.160
36.800
37.480
36.580
33.970
32.250
32.450
32.190
32.290
32.100
32.160
31.440
30.500
30.310
30.560
30.750
30.870
30.890
31.120
31.480
30.500
29.590
29.400
29.200
29.200
29.280
28.960
29.040
29.350
29.150
28.700
28.980
29.180
30.300
31.480
31.150
30.870
30.980
31.300
30.390
30.800
31.500
29.390
29.480
29.880
29.850
30.000
30.600
28.770
28.970
29.150
29.160
29.200
29.530
28.710
28.990
29.750
32.040
32.600
32.670
32.210
32.410
32.150
32.650
33.040
33.250
33.100
33.680
33.480
34.090
34.830
34.150
33.750
33.830
34.220
34.580
33.970
33.930
34.130
34.390
35.200
35.700
35.880
35.840
35.910
35.160
34.960
35.190
35.240
35.500
35.250
35.580
36.600
35.880
36.000
34.380
33.500
33.750
33.880
34.150
33.780
32.950
32.940
33.370
32.490
33.760
34.170
34.280
34.280
34.500
34.580
34.150
35.380
37.600
39.100
38.910
39.480
39.390
37.700
38.900
39.520
39.700
39.730
39.870
40.210
39.380
39.570
40.890
42.180
41.580
42.300
42.400
42.920
40.370
39.060
39.750
41.500
39.460
38.840
40.050
40.260
39.950
39.860
39.950
39.590
38.950
41.820
41.860
42.000
45.070
45.990
46.800
46.350
47.200
48.700
48.470
48.020
48.440
49.800
51.990
52.160
49.930
48.550
45.890
44.450
45.260
47.180
47.660
46.550
47.890
47.400
45.390
48.210
47.780
48.980
50.850
48.930
44.850
45.370
47.980
46.000
43.370
41.840
40.600
37.420
34.340
32.900
33.300
33.470
35.400
34.570
34.630
34.000
34.810
33.800
35.310
34.880
32.440
30.100
28.470
29.300
29.780
31.300
30.830
31.370
30.900
30.280
29.200
28.660
27.190
26.200
26.370
26.900
29.390
29.580
29.470
28.270
28.200
28.180
28.090
29.130
29.060
30.610
30.490
30.200
27.800
28.500
28.030
26.580
27.930
26.800
28.220
27.270
28.490
27.100
25.850
23.500
22.070
21.890
20.420
18.990
19.900
20.210
20.400
20.060
20.640
21.300
20.800
19.800
20.880
21.790
23.890
23.320
23.400
23.800
23.150
23.840
23.180
23.350
22.670
23.150
23.060
21.650
21.540
20.440
19.580
19.580
20.790
22.300
23.500
23.290
25.080
25.950
25.440
25.000
24.680
23.720
23.400
23.500
25.000
26.400
27.520
28.620
29.250
33.990
34.500
32.600
32.180
33.360
32.970
32.390
32.000
31.130
31.200
32.100
30.600
29.980
30.620
29.730
31.160
33.710
34.500
32.590
31.400
30.270
30.400
29.750
30.250
31.140
31.460
32.850
32.150
31.680
33.000
36.660
33.410
32.500
31.990
29.080
26.440
24.040
22.370
21.590
23.270
22.560
22.950
22.750
21.780
22.000
21.790
21.480
19.870
19.470
18.330
18.440
18.450
17.910
18.080
18.550
19.000
17.840
17.570
17.200
17.310
15.740
15.700
17.880
17.950
18.350
17.870
17.090
16.630
17.800
18.500
20.490
21.870
20.880
23.580
25.010
25.110
24.830
24.640
24.300
25.750
24.500
23.700
21.980
21.000
20.180
20.420
21.450
22.480
21.700
22.200
24.800
25.900
24.970
23.860
23.020
21.650
20.970
19.600
20.390
20.790
18.900
17.180
15.670
21.120
21.400
23.800
27.200
27.600
29.100
31.250
33.580
32.200
31.530
32.080
35.100
34.580
35.480
38.600
39.480
39.190
36.090
34.600
34.800
36.000
36.890
38.270
38.150
35.230
34.300
36.100
35.800
34.980
34.400
33.510
32.290
30.030
27.460
28.250
27.600
27.910
26.710
27.550
25.880
24.380
23.840
25.050
24.670
24.720
23.600
23.600
24.050
24.700
24.840
24.930
25.390
23.890
22.100
22.250
22.740
22.490
23.810
23.400
22.900
22.300
23.440
23.860
23.560
22.100
22.090
21.270
21.330
19.900
19.790
20.220
19.690
19.340
18.960
18.340
17.780
17.680
17.140
16.690
15.980
15.890
16.140
15.860
16.600
16.770
15.850
16.140
16.190
15.780
16.160
15.760
15.990
15.950
15.300
14.550
14.280
14.150
14.000
13.990
14.510
14.600
14.490
14.440
14.330
14.700
14.850
15.430
15.010
14.800
14.590
14.560
14.490
14.260
14.230
14.000
14.180
14.330
14.250
14.380
14.100
13.960
14.130
13.990
13.700
14.250
14.860
16.840
17.140
17.390
17.500
17.500
16.860
16.860
16.900
16.900
17.320
16.920
17.010
16.580
16.900
17.200
17.320
16.610
16.700
16.210
16.050
16.120
16.160
16.110
16.110
16.320
16.240
16.200
16.740
16.950
17.360
17.130
17.580
16.980
16.750
16.890
17.090
16.950
16.580
16.230
16.330
16.880
17.320
17.380
17.480
17.400
17.610
17.640
17.740
18.100
18.600
19.160
17.760
17.630
17.650
17.470
17.650
17.650
17.440
17.610
17.660
17.610
17.550
18.250
18.430
18.450
18.470
18.320
18.480
18.190
18.160
17.910
17.860
17.530
17.430
17.800
18.130
18.760
18.600
18.220
18.200
18.360
18.450
18.280
17.950
18.240
18.580
18.550
18.320
18.350
18.480
18.330
18.330
17.960
18.470
18.540
18.750
18.210
17.590
17.590
17.920
18.310
18.130
17.310
17.820
17.470
17.880
18.470
19.260
18.760
19.740
19.430
19.280
