5.310
5.250
5.290
5.230
5.260
5.300
5.340
5.400
5.290
5.380
5.570
5.630
5.520
5.540
5.630
5.420
5.720
7.930
7.980
7.900
7.870
7.640
7.680
7.860
6.980
7.310
7.570
7.350
7.140
6.770
7.160
7.470
7.470
7.350
7.100
6.910
6.780
6.850
7.010
7.450
7.540
7.850
7.950
7.770
7.890
7.760
7.720
7.880
7.800
7.750
8.300
8.290
8.630
8.760
8.660
8.510
8.580
8.340
8.630
8.740
8.350
8.270
8.270
7.910
7.880
8.040
8.230
8.170
8.200
8.140
8.180
8.290
8.350
8.360
8.360
8.300
8.280
8.380
8.310
8.370
8.460
8.500
8.470
8.480
8.200
8.260
8.350
8.300
8.300
8.240
8.270
8.220
8.080
8.010
8.100
8.070
8.180
8.220
8.120
8.210
8.050
7.940
8.030
7.970
8.040
8.150
7.900
7.860
7.990
7.990
7.740
7.740
7.830
7.730
8.210
8.380
8.420
8.490
8.570
8.700
8.730
8.690
8.550
8.220
8.250
8.330
8.270
8.320
8.320
8.600
8.400
8.290
8.270
8.400
8.300
8.140
8.290
8.310
9.110
9.030
9.140
9.110
9.130
9.100
9.300
9.250
9.160
9.230
9.360
9.260
9.410
9.480
9.430
9.430
9.590
9.510
9.580
9.430
9.380
9.310
9.350
9.430
9.490
9.470
9.380
9.310
9.450
9.630
9.660
9.780
9.740
9.670
9.810
9.840
9.880
9.660
9.670
9.580
9.720
9.630
9.650
9.380
9.240
9.320
9.240
9.170
9.600
9.700
9.750
9.720
9.840
9.870
9.870
9.800
9.780
10.180
10.150
10.320
9.740
9.790
9.790
9.930
10.050
10.050
10.000
10.050
10.120
10.170
10.120
10.440
10.390
10.370
10.480
10.230
9.970
9.740
10.110
10.150
9.960
9.850
10.100
9.820
9.750
9.730
9.890
10.020
10.070
11.100
10.950
11.360
11.570
11.600
11.570
11.500
11.400
11.510
11.580
11.500
11.570
11.830
12.100
11.770
11.710
11.650
11.490
11.710
12.000
11.770
11.930
11.500
11.900
12.410
11.760
11.400
11.430
11.800
10.760
9.100
9.470
20.480
20.770
20.940
20.380
20.270
19.700
19.600
18.490
18.400
19.200
18.810
19.480
19.550
18.440
18.170
17.990
17.900
18.980
18.000
17.570
16.000
16.630
16.950
16.580
17.280
17.150
16.650
15.700
15.680
15.960
15.810
14.800
13.700
13.370
13.570
14.780
14.850
15.290
15.500
15.490
15.470
15.100
15.380
14.480
15.130
14.900
14.510
14.480
14.420
14.020
14.200
14.800
14.430
14.650
15.200
15.290
15.020
14.450
12.700
13.210
13.220
13.000
12.080
12.160
12.000
12.400
12.480
13.400
13.320
13.030
12.550
13.800
14.030
15.860
15.690
15.900
16.500
15.450
15.900
14.900
14.190
13.650
14.880
14.810
14.500
14.460
13.810
12.350
13.100
14.200
15.660
16.800
16.990
17.700
18.310
16.870
16.400
16.200
14.610
15.900
16.360
17.400
18.540
19.610
19.200
17.520
21.200
21.910
22.510
20.540
20.700
21.100
20.700
21.300
21.390
21.560
22.940
20.550
19.710
21.600
20.450
22.000
19.800
19.120
17.970
17.880
19.010
20.190
19.760
18.030
17.920
17.000
15.670
14.850
14.050
14.730
15.290
14.300
14.580
14.250
13.700
13.630
13.430
13.070
13.150
12.350
13.240
12.630
12.100
13.790
13.730
13.650
13.800
13.330
12.000
11.500
11.280
11.050
10.800
10.600
10.510
10.600
10.380
11.090
11.140
10.650
10.990
10.030
10.540
11.250
10.800
11.320
12.570
13.970
15.520
17.240
19.160
19.590
21.160
20.370
19.610
19.010
20.450
20.500
19.200
18.790
18.290
17.240
17.520
16.750
17.290
17.000
15.170
16.100
15.660
15.000
14.820
15.160
14.420
15.320
15.820
14.600
14.730
14.260
13.400
14.080
14.520
13.900
15.200
14.750
14.290
13.670
14.110
14.950
14.860
14.430
14.420
13.500
13.170
13.280
13.000
13.600
12.970
13.180
12.950
12.910
12.600
12.230
12.300
12.110
11.840
12.060
11.790
11.610
11.350
11.740
11.820
11.590
11.640
11.500
11.250
11.150
11.140
11.200
11.210
11.060
10.820
10.580
10.650
10.500
10.400
10.810
11.060
10.870
10.620
10.380
10.820
10.840
11.030
11.000
10.870
11.060
10.920
10.830
10.470
10.380
10.500
10.880
12.380
12.410
12.400
12.700
12.590
12.800
12.850
13.100
12.990
13.340
13.120
12.900
12.990
12.100
11.350
11.670
11.890
12.340
11.910
12.000
11.750
11.650
11.160
10.270
10.400
10.270
10.970
11.020
10.590
10.610
10.810
10.730
10.500
10.700
10.180
10.300
10.080
10.230
9.960
10.000
9.800
9.700
10.000
9.930
10.490
10.530
10.800
10.690
10.660
10.620
10.330
10.380
10.370
10.400
10.170
9.840
9.860
10.190
10.340
10.350
10.120
10.440
10.600
10.670
10.600
10.800
11.010
11.050
11.150
11.340
11.160
11.070
11.400
10.980
10.730
11.280
10.950
10.820
10.320
10.750
10.400
10.160
10.350
10.110
10.140
10.200
9.780
9.750
9.630
9.480
9.310
9.420
9.300
9.610
9.860
9.580
9.600
9.710
9.540
9.480
9.270
9.360
9.460
9.480
9.320
9.420
9.100
9.100
8.870
8.700
8.880
8.750
8.720
8.730
8.590
8.540
8.590
8.880
8.780
8.950
9.040
9.120
9.190
9.100
9.040
9.000
9.090
9.380
9.180
