13.550
13.490
13.430
13.380
13.400
13.510
13.430
13.770
13.730
13.340
13.400
13.380
13.670
13.520
13.610
14.250
14.430
14.580
14.240
14.480
14.420
14.390
14.430
14.020
13.100
13.270
13.450
13.400
13.200
12.080
12.360
13.010
12.970
12.760
12.910
12.090
12.520
12.210
12.010
12.920
12.910
12.550
12.560
12.790
12.800
12.770
12.660
11.910
12.020
11.810
11.650
12.400
12.310
12.260
12.700
12.970
13.150
13.270
13.380
13.120
13.040
12.900
12.920
12.600
12.160
12.040
12.600
12.870
12.850
12.840
12.600
12.890
13.270
13.250
13.320
13.560
13.350
13.520
13.010
13.110
13.220
13.320
13.230
13.000
12.790
12.810
13.010
12.950
12.930
12.810
12.640
12.620
12.400
12.230
12.300
12.500
12.500
12.860
12.710
12.830
12.950
12.820
12.710
12.710
12.560
12.780
12.710
12.450
12.420
12.580
11.820
11.630
11.970
11.420
12.110
13.380
13.710
13.700
13.850
13.760
14.030
14.380
14.230
14.100
14.010
14.060
14.090
14.220
14.100
14.370
14.200
14.310
14.400
13.750
13.700
13.650
14.070
15.520
15.630
15.730
15.620
15.260
15.550
15.930
15.650
15.860
16.020
15.700
16.350
16.370
16.100
16.060
16.380
16.210
15.780
15.640
15.180
15.280
15.360
15.410
15.400
15.600
15.750
15.900
15.790
15.440
15.430
15.410
15.350
15.320
15.470
15.640
15.280
15.310
14.710
14.540
14.610
14.520
14.300
14.320
14.600
14.610
14.270
14.260
14.350
14.200
14.310
14.410
15.320
15.430
15.490
15.130
15.170
15.160
15.660
15.160
15.010
15.150
15.490
15.420
15.410
15.390
14.640
14.600
14.680
15.300
15.220
14.840
14.960
14.740
14.690
14.660
14.380
15.310
15.180
15.700
16.540
16.380
16.440
16.420
16.460
16.280
15.850
16.190
17.320
17.430
16.880
17.500
17.730
17.500
17.950
18.510
17.910
17.910
17.830
18.200
18.150
17.500
16.800
16.700
16.290
16.150
16.200
16.500
16.590
15.410
14.900
15.100
14.500
14.800
14.960
14.720
14.690
14.060
13.180
13.000
13.260
13.010
13.800
14.000
37.080
36.000
36.700
34.310
33.000
34.230
34.900
34.510
34.200
33.650
33.510
31.010
29.300
28.890
29.150
28.500
27.300
28.260
28.000
26.700
28.350
27.810
30.400
28.600
26.800
28.710
31.230
32.670
34.900
36.060
35.580
35.250
35.500
34.950
34.060
31.220
32.680
32.650
30.800
30.390
29.000
29.010
30.060
29.410
32.680
35.610
33.250
33.660
35.600
34.010
33.050
32.600
28.660
29.770
30.000
27.860
28.660
31.840
33.720
33.010
36.680
40.730
41.100
40.200
40.300
40.800
39.800
41.700
42.920
42.300
43.900
42.720
42.180
42.210
40.000
40.000
39.030
38.530
39.480
39.510
39.140
40.000
38.990
42.000
40.010
43.010
43.010
42.380
38.740
39.000
39.620
38.090
38.380
40.000
38.330
38.000
40.670
40.000
39.500
38.450
40.000
39.580
37.660
36.130
34.800
34.580
34.320
34.880
34.010
34.260
34.410
32.490
32.920
34.900
34.500
34.520
33.200
33.630
33.500
32.690
32.010
31.060
30.110
28.950
28.870
26.500
26.040
28.500
27.900
28.130
27.080
25.500
24.920
22.010
22.260
24.730
25.700
25.600
24.080
21.500
20.610
19.980
22.200
24.480
24.300
21.820
24.240
26.930
29.920
33.240
36.920
35.320
39.240
43.200
43.820
41.340
43.180
44.000
39.680
37.100
36.510
39.000
37.000
38.460
42.730
47.000
42.030
41.800
46.440
47.660
44.110
42.000
39.500
37.650
32.920
29.970
33.300
37.000
33.640
30.580
33.980
37.750
41.940
40.750
45.280
50.310
53.080
57.860
52.700
50.800
54.000
55.100
55.600
60.990
66.660
68.050
65.590
62.010
64.080
69.660
69.350
74.000
74.400
73.000
59.000
63.900
66.000
59.280
53.300
56.500
57.300
50.770
44.510
42.800
40.000
42.190
43.000
42.500
40.180
36.730
36.770
38.400
37.480
35.320
37.000
33.670
33.800
36.720
36.050
37.160
36.000
33.000
31.900
31.420
31.370
32.650
36.200
34.950
33.340
27.880
27.250
25.990
24.780
24.400
25.300
26.000
24.200
24.940
24.690
24.050
23.300
23.000
22.520
22.100
23.100
23.330
22.950
23.060
22.160
21.890
21.330
20.410
20.960
20.960
21.000
21.080
20.740
20.300
20.650
20.880
21.880
21.410
21.000
20.520
18.500
18.030
18.320
17.950
17.730
17.810
16.800
16.520
17.100
16.330
16.880
18.000
18.210
18.020
18.000
17.690
19.410
21.200
21.350
22.310
22.000
21.430
21.000
20.880
21.720
23.330
22.200
23.620
22.480
22.990
23.000
24.200
24.200
24.600
24.020
23.800
24.000
23.420
23.900
23.360
21.560
20.950
21.140
22.100
22.000
23.250
23.900
22.720
22.380
23.200
23.000
23.800
23.100
23.030
22.610
20.550
20.380
21.520
20.500
20.340
17.810
17.600
17.100
16.910
17.700
17.520
17.820
18.230
17.030
16.700
16.380
16.000
15.770
16.030
15.930
15.350
15.710
16.050
15.950
16.000
16.010
16.170
15.800
15.460
14.970
14.460
13.950
14.410
14.900
14.390
14.800
15.160
15.100
15.610
16.330
15.800
16.130
16.360
16.020
