146165.08
69515.33
112882.30
129350.11
128455.74
179421.77
65994.09
118734.71
192119.38
196295.44
261390.08
199808.16
143916.89
99529.73
176271.08
127757.44
79485.84
91863.32
166460.89
170102.56
145931.44
252886.59
277772.53
247228.92
145227.98
160544.56
341361.59
210045.38
172577.06
165017.19
243790.23
208988.44
297747.00
605650.06
969318.25
341815.41
160605.09
177750.92
152510.84
146621.08
115945.41
120832.40
137747.88
205400.64
118875.00
237296.92
131134.33
156915.58
138054.20
264040.72
168081.08
110256.23
127744.65
124606.46
214407.28
252577.64
172428.12
304593.72
315846.09
275107.97
314245.09
158714.81
291527.56
129826.94
278127.12
221457.62
131204.12
171926.48
210544.73
212724.31
156297.02
193808.88
180844.59
371201.47
501896.16
241133.48
542760.62
647533.25
174591.92
320092.47
454791.97
452951.25
153068.84
131843.12
254526.72
193820.27
350497.16
239173.45
334959.69
212484.92
342932.41
417457.09
308182.12
376194.88
396661.75
420949.03
235713.69
252904.41
439168.28
397309.00
347386.31
324554.47
302171.47
321254.22
1329.00
568034.19
620513.94
540735.00
587016.12
487060.97
395506.62
355175.41
392571.47
356420.56
224438.28
337745.25
420673.84
553593.06
602750.25
1071360.25
425035.59
782195.69
235027.59
634468.44
550002.25
898750.06
814865.50
463833.47
306392.19
323442.03
333259.34
328949.38
265341.09
230774.44
576215.25
616309.50
406642.56
413006.09
344058.25
454619.28
369161.47
255401.66
248181.23
410457.47
311509.53
479634.47
566311.19
362630.59
594274.88
334571.28
313730.03
184946.19
311025.47
270249.88
300651.69
378019.03
204840.72
278458.28
333711.56
269632.19
426877.91
262968.78
205332.59
293483.03
176338.36
179438.09
280236.81
672609.25
255703.39
172998.41
203226.55
211092.59
350153.78
525351.94
219624.36
275382.66
178135.44
220738.27
229613.30
355216.94
337808.16
121700.02
110105.85
111552.84
266892.50
287851.06
252138.95
204953.94
169446.77
152314.73
207391.59
201567.45
220625.12
205755.38
211379.91
140947.20
316956.44
306955.88
211774.27
249394.77
102319.40
147406.47
265827.19
391354.12
382665.62
381294.00
422910.66
188281.44
149805.06
147567.64
113645.56
179453.38
154945.52
178412.69
105323.51
92017.40
118267.64
200504.70
153783.52
83779.02
88168.08
76912.15
88621.13
99135.55
85239.99
108894.32
290727.12
127586.55
94130.09
131180.80
120271.17
91474.49
142637.67
119240.89
203324.66
166815.41
161213.02
193353.86
147888.17
138610.52
163575.27
124263.04
166948.73
228072.39
192420.52
103116.58
165180.19
189267.47
172305.56
210083.48
173322.27
260116.27
169649.34
122528.10
109384.63
122809.30
160739.20
94126.13
145094.09
174331.70
80094.10
116978.10
147328.58
117647.80
158376.50
235851.42
69814.03
100006.65
91083.51
85329.47
73606.59
100173.73
87133.03
120947.02
163665.59
129541.96
91357.36
99831.37
157338.80
113681.68
133688.30
223114.56
278566.75
150230.20
149819.44
180147.27
124267.21
225062.62
167122.20
170679.66
190783.20
183825.03
260062.36
422708.44
264758.59
383773.75
439928.28
395468.62
561323.50
456985.38
443197.41
268180.47
235731.84
324918.03
433328.47
268944.59
500452.75
220554.45
147595.41
183717.92
154057.89
272768.25
234863.84
361243.78
328008.47
316556.94
253174.77
132721.92
128983.28
200787.42
80936.96
114837.83
126426.19
194704.69
208642.38
283529.78
304031.44
305436.38
252846.22
290276.06
156911.44
275238.19
189143.20
166852.22
187089.48
153163.16
185341.69
221833.27
172063.12
132025.38
123439.91
182693.16
151109.48
244148.91
241036.23
316740.78
202988.14
263538.28
247462.05
203863.61
233989.88
288609.69
597564.31
168241.36
197187.00
206859.69
246673.73
187018.05
226095.34
291322.75
282609.25
81043.05
230413.06
362322.16
240812.23
323714.50
372407.53
262037.44
498040.50
150789.64
220807.41
305063.62
236128.20
264979.12
288282.75
386624.00
206762.48
240598.39
323110.56
181842.17
208142.38
248586.70
239175.34
212724.77
322377.06
235623.03
306574.28
417470.06
424578.66
547341.50
461958.28
428859.78
372577.81
600573.69
662815.88
362967.88
506274.78
866211.81
476684.12
711336.38
826832.00
576612.44
765602.81
547446.12
547161.06
696551.19
278633.09
174784.31
239670.91
297144.09
214762.44
221233.19
202291.62
247177.38
245495.52
210459.62
294279.53
175807.08
229237.80
211264.06
181363.67
193912.33
174858.64
188263.12
123874.49
153206.55
3600.00
94856.93
135514.56
126140.23
199148.34
145835.39
117143.18
179943.80
133396.38
93126.26
147335.52
108444.19
136680.92
126676.05
99718.60
120947.41
224174.67
142611.12
194120.69
196093.38
150985.34
188510.09
175038.31
171390.23
226961.55
206130.16
126086.80
166629.09
135588.48
194028.09
210482.84
126163.61
156382.77
147805.73
157499.55
235492.55
234813.16
241752.08
220400.19
243667.81
176982.55
181725.19
218754.62
330305.12
230494.77
228868.39
257140.08
203714.25
198018.66
215470.97
253600.27
290853.16
270932.69
408669.78
20915.51
353478.06
243149.19
181960.34
171899.84
203660.70
165777.73
140449.80
111852.18
139581.20
143815.50
165169.17
183620.89
214224.30
184447.62
237987.92
326054.84
205195.48
173903.22
186472.12
174629.84
244462.58
193216.84
219435.30
203334.27
170106.31
180604.50
225337.77
166896.00
251314.64
220581.91
222969.84
152226.89
230209.14
144125.19
165054.48
186704.80
243559.23
196540.34
308441.41
290817.69
193044.34
166181.02
165635.75
206739.38
211146.66
315921.22
534185.56
8316.79
1372.74
176785.03
183250.12
102449.13
131394.38
127385.27
159036.34
183059.83
230563.81
469437.19
501281.75
138844.39
212562.33
216686.83
1715.00
103171.57
182076.09
124833.59
119525.67
86425.50
81984.46
154314.80
264843.53
123763.21
111434.56
134570.16
72000.14
105429.11
100094.78
96831.55
122096.32
139192.92
104200.14
184374.66
208521.27
187429.52
110669.34
85308.54
95263.48
73108.53
77050.59
115703.60
109026.77
70895.86
79092.96
103830.70
82281.22
82432.58
129038.19
197420.48
132928.98
59141.34
69012.47
69606.93
147726.73
93443.78
128835.08
169067.92
153346.05
177355.23
222170.30
235526.70
318550.91
149134.44
142830.14
90061.50
169903.05
167085.94
335192.03
258007.16
121989.14
73873.74
87506.69
104452.35
153930.22
190391.06
104389.86
91566.86
60613.57
81729.01
87858.42
83477.27
90931.24
134192.27
130213.66
95885.30
174619.33
183983.70
197342.81
223238.12
150941.48
108298.58
122581.45
137539.20
148271.33
111816.83
81679.60
78545.31
125378.44
71065.06
113996.23
205852.80
191164.67
293238.41
277909.78
115950.86
177217.77
128958.51
163747.83
106944.78
99728.81
112244.48
35969.18
66178.59
60665.89
116399.00
107084.58
212357.47
189588.59
113643.97
107587.44
130339.98
116244.36
84582.69
97304.86
168939.66
104007.38
50937.99
105522.69
47051.35
96081.05
88179.54
107255.77
51923.89
75640.92
75149.28
71891.11
69062.84
63152.69
53403.41
41882.58
48257.27
51207.28
35507.04
70613.72
153674.70
54678.32
44920.65
43446.06
65194.08
63017.83
