-0.100
0.060
-0.020
0.060
0.040
-0.010
-0.200
0.110
0.030
-0.020
-0.320
0.480
-0.030
0.010
-0.020
0.160
-0.040
0.120
-0.190
0.000
-0.130
0.200
0.150
0.110
0.170
-0.270
0.020
-0.060
0.080
0.220
-0.490
-0.350
0.090
0.180
-0.130
0.450
-0.070
0.070
-0.130
-0.790
0.130
-0.140
-0.380
-0.300
-0.230
0.020
-0.170
0.330
0.480
0.260
-0.190
0.090
-0.200
-0.100
-0.430
-0.140
-0.630
0.880
-0.470
0.310
0.030
0.360
-0.060
0.580
0.040
-0.370
0.060
0.040
-0.020
0.020
-0.120
-0.210
0.150
-0.040
-0.250
-0.010
0.180
-0.170
0.070
-0.130
-0.070
-0.200
-0.120
0.090
0.150
-0.030
-0.060
0.080
0.020
0.100
0.000
-0.110
0.340
0.180
-0.250
0.100
0.110
-0.220
0.070
-0.160
1.160
0.000
-0.080
0.130
0.060
0.000
0.150
0.100
-0.270
-0.020
0.090
0.100
-0.290
0.080
-0.700
-0.270
-0.220
-0.220
0.040
-0.200
0.540
-0.060
0.140
0.130
0.000
0.040
-0.100
-0.010
0.140
-0.080
-0.110
0.140
-0.190
-0.100
0.260
0.180
-0.170
-0.270
-0.960
-0.260
-0.110
0.100
-0.050
0.100
-0.140
-0.010
0.100
-0.150
0.030
0.050
-0.190
-0.150
0.120
-0.130
-0.040
-0.240
0.200
0.130
0.090
0.030
0.190
-0.300
-0.020
-0.030
-0.530
0.070
0.080
-0.040
0.040
-0.230
-0.050
-0.060
-0.360
0.250
-0.250
0.030
-0.180
0.270
0.170
-0.100
-0.130
0.680
0.070
-0.070
-0.130
0.060
-0.970
0.360
0.060
-0.250
0.470
0.260
-0.140
0.280
-0.600
-0.620
0.470
0.200
1.000
-0.060
-0.150
-0.140
0.020
-0.220
0.560
0.240
-0.180
0.250
0.170
-0.170
0.130
-0.090
-0.040
0.070
0.260
0.180
-0.500
0.320
0.200
0.050
0.010
0.050
-0.030
0.050
-0.370
-0.010
0.050
-1.000
0.330
0.470
-0.110
-0.100
-0.140
0.020
-0.120
0.350
-0.050
0.170
0.130
-0.230
0.040
-0.080
0.090
0.430
0.280
-0.230
-0.140
-0.040
0.360
0.180
-0.300
-0.150
0.330
-0.270
0.000
-0.150
0.030
0.330
-0.180
-0.970
0.010
-0.070
-0.130
-0.300
0.100
0.060
0.820
0.100
-0.280
0.750
-0.010
-0.480
0.280
1.230
-0.010
-1.100
0.200
0.100
-0.430
-0.440
-1.550
-1.000
-2.290
-3.300
3.870
0.030
2.490
-0.900
-0.990
-0.860
2.890
0.330
1.130
-0.050
-3.610
-1.280
-0.310
-1.150
1.220
-0.030
-2.690
-0.990
0.740
4.850
1.700
1.690
-0.590
0.410
3.100
-1.630
-0.800
-1.490
1.170
1.300
0.390
0.860
2.330
1.780
-0.710
-0.440
1.990
0.070
-0.530
-1.310
-0.040
1.310
-1.950
-0.260
1.900
0.520
-4.190
0.490
-4.420
-0.960
-0.990
0.630
1.180
-0.610
2.020
3.400
-1.000
-0.100
0.830
0.280
1.570
-1.200
1.910
-2.110
1.300
-4.010
1.060
1.270
-3.140
0.510
1.590
1.730
-1.070
1.930
-0.160
0.340
-4.400
0.580
-4.830
1.610
-1.690
-5.320
-1.980
0.580
0.510
-0.610
-2.600
-0.250
1.400
5.150
3.300
-1.740
4.000
4.180
-0.540
0.060
0.890
-0.530
-1.550
-0.710
0.140
-0.550
0.230
-4.880
1.500
3.640
-1.740
0.370
2.720
1.460
0.350
-0.090
1.090
-1.510
-0.390
0.780
-2.770
-0.740
-0.190
1.050
1.670
0.200
0.250
2.270
-1.260
-0.890
-0.320
0.050
1.100
-0.150
0.870
3.630
1.890
-2.790
0.100
1.690
0.010
1.000
0.000
3.120
1.810
-0.020
0.990
-0.020
0.170
-0.720
0.790
0.360
0.120
-0.050
-0.770
1.350
1.070
0.170
2.360
-0.600
-1.880
0.430
0.100
0.760
1.990
1.410
-2.380
-2.640
-2.220
1.880
-1.160
-3.100
-3.440
-3.830
-1.120
0.300
1.450
0.350
2.820
1.890
-0.260
-0.450
2.520
-1.050
-1.280
-0.840
3.080
-2.170
-3.670
-1.320
0.980
1.050
0.950
-0.360
2.890
1.130
-3.490
0.910
3.090
2.810
2.550
0.220
-2.810
-2.390
-2.710
-3.690
-2.040
1.990
-4.100
-4.560
-2.770
1.330
1.190
-5.090
-3.510
0.920
-2.900
-2.100
-0.400
4.610
3.070
0.170
-3.360
0.240
-0.660
-0.730
2.870
4.800
-1.510
-4.550
-0.750
0.330
1.280
4.840
-0.060
0.030
-0.530
2.970
2.640
0.940
-1.200
0.160
0.900
1.250
0.770
-2.600
-1.800
-1.660
-0.700
0.940
0.370
1.250
-1.120
-2.300
-0.710
0.430
1.080
4.300
-1.150
-3.700
-1.400
-0.170
1.590
2.820
-1.940
0.920
3.080
2.350
1.180
0.010
-0.100
0.400
-1.780
3.430
-0.520
-0.320
-0.880
1.730
1.410
-0.410
0.870
1.480
-1.050
-0.890
0.190
-0.970
-1.530
1.730
-0.370
-0.290
2.430
0.350
-0.340
1.240
0.400
1.600
0.060
1.340
0.450
0.180
0.150
-1.580
-0.330
-0.570
1.540
0.240
0.030
-0.260
0.020
-0.090
-0.140
0.520
-0.750
0.260
0.300
1.000
-0.490
0.340
0.460
-0.650
0.170
-0.410
-0.340
0.050
-0.630
1.090
-0.460
0.620
-0.320
-1.190
0.190
-0.080
0.740
0.030
-1.790
-0.850
0.280
-1.230
-0.560
0.570
0.830
-0.180
3.040
-1.190
-1.010
0.040
-0.370
0.130
1.820
-1.210
0.010
0.220
0.240
1.020
0.620
0.480
-0.850
0.080
-0.150
0.520
0.820
-0.690
0.690
-1.180
-1.390
-0.530
0.120
-0.970
0.020
0.330
-0.100
0.170
0.130
0.640
0.430
-0.510
-1.080
0.860
-1.010
0.110
-0.980
0.400
0.070
-0.390
-0.980
0.320
1.250
0.950
-0.090
0.420
-0.060
-0.540
-0.650
0.120
0.300
0.760
-0.460
0.000
-1.840
-0.340
-0.020
-0.750
-0.490
0.750
0.280
0.100
0.280
0.280
0.400
-0.470
-0.040
0.560
0.140
0.060
-0.290
3.100
1.160
-0.180
0.470
-0.310
0.080
0.770
0.280
-0.460
0.180
