7.660
7.700
7.610
7.660
7.580
7.620
7.630
7.770
7.800
7.690
7.720
8.020
8.060
7.990
7.950
8.060
8.010
7.910
7.740
8.040
8.150
8.200
7.920
7.930
7.920
7.820
8.090
8.380
8.170
8.010
7.900
8.750
9.520
9.190
8.350
8.360
8.130
8.050
8.000
7.920
8.150
8.290
8.740
8.730
8.500
8.460
8.320
8.320
8.250
8.360
8.180
8.710
8.890
9.130
9.460
9.470
9.790
9.770
9.440
10.300
10.550
10.360
10.310
9.370
9.020
9.260
9.720
10.170
10.250
10.380
10.530
10.760
10.970
9.970
9.900
9.900
9.770
9.900
10.120
10.190
10.070
10.050
9.990
10.050
9.990
10.100
9.970
10.050
10.070
10.110
10.100
10.100
9.800
9.760
9.700
9.760
9.720
9.910
9.980
9.940
9.900
9.940
9.850
9.870
10.020
10.390
10.380
10.230
10.290
10.070
10.030
10.100
10.130
10.170
10.180
10.140
10.110
10.500
10.470
10.340
10.510
10.510
10.540
10.510
10.500
10.300
10.170
10.400
10.460
10.400
10.320
10.330
10.190
10.130
10.060
10.320
10.440
10.510
11.150
11.030
11.110
11.250
11.190
11.340
10.940
10.940
10.860
10.960
10.830
10.820
11.100
10.860
10.880
10.920
11.010
10.830
10.830
10.880
11.020
10.530
10.170
10.370
10.370
10.010
10.100
10.020
9.880
10.090
9.770
9.810
10.520
10.510
10.430
10.560
10.520
10.510
10.570
10.080
9.990
9.980
9.820
9.890
10.040
9.830
9.720
9.560
9.980
9.910
9.760
9.960
10.100
10.160
10.180
10.880
11.340
11.750
11.270
11.080
10.910
11.120
11.950
11.950
12.240
12.310
12.190
12.020
12.170
11.900
12.120
12.660
12.740
12.390
12.710
12.730
12.120
11.910
11.920
12.060
12.340
12.220
12.460
11.770
11.100
10.580
10.550
10.940
10.450
10.400
10.780
10.720
10.510
10.240
10.890
10.890
10.350
10.020
11.100
11.610
12.900
13.490
13.050
12.790
13.010
13.090
13.120
12.350
11.920
12.200
12.000
11.850
11.480
11.040
10.130
10.700
10.790
11.990
11.790
11.530
10.800
11.130
10.450
9.850
10.430
9.960
10.350
10.370
11.520
11.600
12.850
12.480
13.080
14.500
14.920
14.590
14.450
15.110
15.000
15.200
15.520
15.720
15.840
15.620
15.120
15.170
15.030
14.510
14.860
15.350
15.200
16.000
16.020
15.550
14.550
15.170
14.960
15.400
16.990
16.560
16.450
17.510
15.920
14.470
13.150
11.950
12.350
13.020
13.320
12.110
13.460
14.950
15.960
15.560
14.970
16.600
17.530
16.510
17.830
18.960
18.900
18.950
18.630
19.160
20.580
19.740
20.050
20.670
18.980
17.680
17.530
19.230
19.500
18.520
19.000
19.580
17.800
17.030
16.700
15.330
16.050
31.770
31.560
31.440
29.330
26.690
28.750
28.790
28.670
28.770
29.040
27.860
29.650
29.990
30.280
30.970
30.690
28.370
28.660
28.860
28.340
30.890
32.520
31.190
29.890
30.500
31.820
31.150
28.320
27.280
26.000
26.350
25.910
26.180
23.800
22.770
23.150
22.250
21.870
21.520
20.500
20.660
20.360
19.490
18.600
19.020
18.640
18.330
19.170
19.280
19.180
19.780
19.590
19.290
19.650
19.090
19.050
19.100
17.880
17.700
17.550
17.330
16.840
17.280
18.720
18.630
18.370
17.850
18.060
18.880
19.390
18.780
18.890
18.420
19.150
18.840
18.720
17.020
17.300
16.930
16.800
17.190
16.170
16.910
16.750
15.230
15.670
15.110
15.990
16.400
15.500
16.130
16.390
16.010
15.400
16.390
18.210
18.670
17.680
18.390
19.000
18.730
17.620
17.300
16.790
18.650
19.880
20.850
21.290
21.920
21.520
22.320
21.980
22.490
21.800
21.430
20.810
19.460
19.490
19.550
19.880
20.150
21.390
22.050
20.660
21.880
20.500
20.630
19.800
19.410
20.050
19.980
20.690
20.850
20.150
19.240
18.670
19.000
18.860
19.290
19.980
19.740
19.650
18.740
19.010
18.610
19.200
19.110
17.370
17.260
17.090
16.390
16.370
16.660
16.900
16.750
16.590
16.260
16.210
16.600
17.230
17.500
17.430
17.970
17.600
17.510
17.930
17.880
18.180
18.210
17.570
17.640
17.610
17.160
17.710
16.100
16.220
16.340
16.640
16.300
16.200
16.140
15.550
15.440
15.550
15.210
15.180
15.430
15.840
15.270
14.990
15.460
15.350
15.260
14.840
14.130
14.290
14.650
15.140
15.240
15.330
15.250
14.680
14.900
14.300
14.480
15.000
15.150
15.270
