11.180
10.830
10.760
10.500
10.500
10.570
10.700
10.630
10.590
10.620
11.250
11.220
11.350
11.250
11.480
11.100
11.250
9.970
10.300
10.720
10.950
10.680
10.770
10.560
9.860
10.240
10.430
10.250
10.160
10.050
10.600
11.300
11.160
11.300
11.120
11.070
11.140
11.460
11.420
11.900
11.560
10.470
10.710
10.680
10.900
11.020
10.740
10.580
10.620
10.540
11.040
11.300
11.100
11.250
11.800
12.140
12.390
12.500
12.320
12.320
12.870
12.920
12.850
12.750
12.550
13.160
13.780
13.940
14.230
14.200
13.790
14.180
14.310
14.180
14.570
14.280
14.210
14.300
14.270
14.390
14.520
14.730
14.380
14.290
14.100
14.240
13.920
13.930
14.100
14.230
13.990
14.090
13.740
13.510
13.630
13.760
13.980
13.810
13.850
14.120
13.950
13.840
13.940
13.950
13.850
14.890
13.880
13.520
13.760
14.200
13.480
13.130
13.270
13.100
13.840
14.500
14.600
15.020
14.640
14.570
14.830
14.850
14.750
14.380
14.400
14.570
14.310
14.490
14.290
14.740
14.590
14.520
14.300
14.400
14.200
13.990
14.250
14.400
16.030
16.310
16.350
16.330
16.260
16.160
17.110
17.280
17.080
17.360
17.260
17.210
17.380
17.400
17.240
17.140
17.210
17.760
17.730
17.590
17.440
17.350
17.400
17.470
17.440
17.500
17.520
17.450
17.780
17.790
18.080
17.810
17.800
18.000
18.000
18.100
18.150
17.870
18.140
17.790
17.890
17.760
17.810
17.410
17.090
16.910
17.400
17.160
17.760
18.200
18.260
18.180
18.340
18.100
18.000
18.350
19.000
19.710
19.760
19.760
19.500
19.530
19.860
20.000
19.830
19.700
19.610
19.500
19.770
19.770
19.790
20.200
19.960
20.130
19.940
20.230
19.380
19.200
19.900
20.090
19.500
19.690
20.190
20.100
19.870
19.910
19.600
19.770
20.550
23.350
23.300
23.150
23.220
24.130
24.650
23.300
22.690
22.620
22.990
22.180
21.850
22.070
22.280
23.000
22.680
21.720
21.300
22.150
21.560
21.800
21.310
20.430
21.700
21.200
20.900
21.350
21.690
21.730
21.900
20.850
21.000
23.380
24.000
24.730
24.600
23.650
23.990
24.010
22.590
22.520
22.470
21.880
21.600
20.650
20.870
19.700
19.060
20.260
20.660
20.230
20.760
20.220
22.550
21.820
23.400
25.930
24.860
24.850
23.820
24.060
24.220
24.500
24.100
24.500
23.200
25.370
27.300
28.300
27.700
27.210
26.900
25.810
25.900
25.600
25.100
27.450
28.030
27.790
28.100
25.560
25.900
24.220
24.150
24.670
23.800
23.120
23.200
21.360
20.200
19.000
20.450
20.000
19.180
18.730
19.080
18.220
18.700
18.950
18.600
18.600
17.970
19.320
21.470
24.200
22.220
22.600
22.590
23.490
23.600
21.800
23.600
24.000
23.350
21.210
19.800
17.320
16.680
16.500
15.880
14.330
13.130
13.480
14.000
13.500
13.420
16.200
15.740
15.010
15.150
13.200
13.950
13.750
15.530
17.500
15.880
16.950
17.250
18.810
21.450
25.150
28.050
22.000
23.180
19.410
19.500
18.280
19.300
19.000
17.990
17.300
17.510
19.680
18.100
21.400
21.490
22.440
22.660
22.300
28.000
27.350
23.510
20.390
20.500
21.060
60.950
60.480
59.100
62.270
65.530
62.500
60.680
61.660
60.500
60.000
60.870
62.000
66.900
60.660
63.190
60.780
61.740
57.980
58.010
58.030
54.340
53.500
56.660
54.050
54.000
52.990
53.800
56.690
55.910
58.000
58.000
54.800
52.000
52.210
53.800
54.870
54.650
54.990
52.000
53.000
51.560
57.570
58.600
59.600
60.900
59.000
57.000
60.100
60.000
63.500
61.000
57.500
61.500
60.340
60.600
53.600
51.830
51.500
56.000
48.180
47.800
50.900
54.500
52.820
53.000
50.000
54.000
55.200
64.700
65.800
64.000
58.060
58.000
60.280
63.980
64.900
59.100
58.390
58.550
52.710
49.120
49.390
49.680
48.500
48.340
55.600
54.710
51.010
43.560
45.040
46.260
40.000
37.100
34.640
33.500
32.920
33.610
34.310
33.790
34.260
35.190
35.140
34.670
36.000
37.700
38.300
37.190
36.110
37.300
35.320
37.490
39.000
39.030
37.300
36.440
37.050
37.390
34.600
35.940
32.750
32.400
32.380
33.600
32.500
29.500
31.400
27.660
28.710
26.230
24.700
24.450
25.740
25.210
25.190
24.200
23.100
22.870
23.350
24.850
24.200
23.950
24.480
24.650
24.870
26.650
25.700
22.160
22.200
21.300
20.990
20.150
20.500
20.500
21.460
22.100
21.600
22.290
23.070
22.100
19.700
19.740
18.120
18.530
17.450
17.100
16.950
17.000
15.980
15.630
15.800
15.780
15.600
15.550
15.280
15.050
15.420
16.160
15.860
15.850
15.950
15.870
16.790
16.900
16.950
16.470
16.300
16.380
16.340
