7.680
8.020
8.080
8.080
8.260
8.390
8.700
8.950
8.950
9.080
8.890
9.120
9.210
9.200
9.100
8.940
9.270
9.420
9.410
9.240
9.310
9.400
9.510
9.690
9.570
9.710
9.630
9.610
9.740
9.740
9.790
9.770
9.790
9.760
9.640
9.670
9.850
10.000
9.590
9.570
9.390
9.480
9.440
9.540
9.690
9.980
9.880
9.950
10.010
10.100
10.290
10.310
10.320
10.120
10.130
9.700
9.670
9.880
9.680
9.600
9.700
9.300
9.490
9.520
8.970
9.570
9.990
10.080
10.300
10.480
10.740
10.820
10.400
10.370
10.270
10.340
10.700
11.770
11.880
11.810
11.510
11.480
11.500
12.000
12.990
13.150
13.160
13.060
13.240
12.900
13.350
13.190
13.030
13.050
13.140
13.200
13.220
13.310
13.400
13.630
13.380
13.440
13.590
13.610
14.080
13.980
14.060
14.150
14.190
13.700
13.480
13.410
13.590
13.550
13.860
14.170
14.180
13.690
13.840
14.280
14.570
14.500
14.700
14.400
14.200
13.300
13.650
13.630
13.480
12.990
13.480
13.150
12.470
11.910
11.540
11.350
11.900
12.030
11.490
10.790
11.190
11.000
10.280
10.170
10.070
10.430
11.000
11.500
11.100
11.030
10.800
10.760
10.230
9.730
9.130
9.480
9.150
9.000
8.360
8.380
7.990
8.590
9.210
10.100
10.160
9.800
10.000
10.590
10.330
10.060
10.750
9.580
10.000
9.950
9.540
10.200
10.790
10.680
10.340
12.580
12.980
12.650
12.500
12.980
12.910
12.690
13.320
13.160
13.080
13.650
13.250
12.970
12.740
12.080
12.900
12.530
12.580
13.580
13.890
13.750
13.150
13.660
14.000
13.390
15.000
14.840
14.450
14.210
14.500
12.910
12.350
12.830
12.460
11.500
12.300
12.500
10.850
10.620
10.600
9.560
9.310
8.970
9.210
9.290
10.380
10.200
10.500
10.820
11.260
11.300
10.220
11.050
10.750
10.250
9.960
9.360
10.140
9.500
8.300
8.050
7.950
7.930
7.930
8.100
8.060
8.950
32.880
35.000
41.000
45.000
42.000
45.890
54.710
52.240
56.020
58.600
59.000
57.680
57.000
58.000
59.000
58.000
59.000
57.000
50.100
47.600
46.150
50.600
52.110
49.980
48.600
47.870
46.510
50.000
48.590
51.100
45.010
45.500
43.000
39.460
40.000
38.670
35.000
31.350
30.900
31.980
32.680
27.270
28.420
30.890
30.020
32.000
31.250
26.550
23.420
22.950
22.000
23.500
24.200
22.000
21.400
18.960
18.380
15.900
15.300
15.000
14.520
13.940
13.900
13.930
14.480
13.750
13.880
13.540
13.240
13.320
12.930
12.990
12.750
12.340
12.430
12.280
12.200
12.020
12.390
12.110
11.800
12.180
11.990
11.790
11.740
11.770
11.680
11.680
11.500
11.320
11.100
11.070
10.850
11.040
11.420
11.380
11.360
11.290
11.090
11.460
11.390
11.400
11.340
11.000
11.250
11.100
10.850
10.520
10.490
10.450
10.440
10.530
10.340
10.650
10.730
10.740
10.860
10.350
10.430
10.220
10.380
10.650
10.800
10.400
10.090
9.950
10.610
11.130
11.290
11.690
11.930
11.660
11.620
11.520
11.170
12.030
12.250
13.210
13.190
13.320
13.240
13.020
12.990
13.130
13.250
13.180
12.870
12.480
12.600
12.550
12.650
12.370
12.470
12.770
12.460
13.300
13.080
13.530
13.310
13.250
13.210
12.820
12.960
12.700
12.620
12.240
11.860
12.040
12.410
12.790
12.830
12.820
13.250
13.160
13.290
13.140
13.340
13.460
13.500
13.400
13.600
13.350
13.200
13.450
13.180
12.830
12.890
12.710
12.590
12.750
13.450
13.160
12.950
13.370
13.190
13.340
13.430
12.140
12.280
12.290
11.900
11.800
12.450
11.900
11.530
11.430
11.280
11.400
11.400
11.550
11.230
11.070
10.900
11.050
10.950
10.800
10.750
10.890
10.830
10.700
10.570
10.750
10.640
10.650
10.400
10.330
10.330
11.200
11.050
11.080
10.370
10.750
10.870
10.400
10.450
10.150
9.850
9.650
10.000
9.960
