7.020
7.030
6.950
6.880
6.830
6.890
6.880
6.750
6.740
6.650
6.960
6.980
6.940
6.820
6.860
6.740
6.740
6.600
6.770
6.800
6.900
6.800
6.730
6.670
6.600
7.040
7.350
7.190
7.280
7.080
7.850
8.270
8.400
7.610
7.410
7.310
7.160
7.210
7.200
7.400
7.050
7.230
7.210
7.260
7.400
7.440
7.240
7.190
7.390
7.700
8.000
7.960
8.320
8.960
9.300
9.520
9.250
9.010
9.110
9.210
9.200
8.860
8.810
8.610
9.030
9.020
9.110
9.100
9.110
9.540
9.720
9.600
9.710
9.470
9.620
9.490
9.410
9.450
9.440
9.650
9.780
9.880
9.690
9.580
9.450
9.660
9.700
9.620
9.860
9.720
9.720
9.650
9.210
9.190
9.650
9.610
10.160
10.230
10.030
10.100
10.080
10.250
10.380
10.180
10.190
10.660
10.310
10.400
10.260
10.210
9.920
9.900
10.190
9.850
10.070
10.500
10.490
10.800
11.050
11.280
11.520
11.350
10.550
10.340
10.390
10.290
10.470
10.380
10.630
10.850
11.100
11.260
11.360
11.140
11.300
10.800
11.600
11.350
10.990
10.460
10.500
10.000
9.510
9.420
9.990
10.350
9.610
9.630
9.800
9.560
9.650
9.450
9.220
8.840
8.770
8.850
9.000
8.830
8.800
8.750
8.540
8.550
8.460
8.390
8.350
8.260
8.370
8.720
8.630
8.620
8.740
8.570
8.610
8.870
8.770
8.650
8.740
8.880
8.850
9.050
8.350
8.440
8.010
7.980
7.880
7.930
8.010
7.990
8.020
7.900
7.870
7.830
7.720
7.700
7.880
8.150
8.020
8.070
8.030
8.070
7.960
7.940
7.970
7.890
7.810
7.780
7.830
7.760
7.770
7.900
7.950
7.920
7.850
7.800
7.650
7.630
7.660
7.660
7.600
7.490
7.550
7.500
7.420
7.390
7.340
7.560
7.670
8.240
8.140
8.200
8.220
8.180
8.240
8.230
8.470
8.480
8.330
8.450
8.010
8.080
8.130
8.100
8.070
8.090
7.800
7.960
7.990
7.870
7.740
7.460
7.680
7.670
7.530
7.790
7.760
7.630
7.630
7.360
7.490
7.750
7.800
7.880
7.770
7.690
7.750
7.550
7.240
7.270
7.300
7.290
7.320
7.350
7.250
7.120
7.180
7.370
7.340
7.110
7.290
7.190
7.330
7.210
7.790
8.270
8.210
8.180
8.000
7.840
8.370
8.130
8.220
8.260
8.230
8.140
8.000
7.910
7.970
8.170
8.030
8.000
8.030
8.190
8.100
8.560
7.780
6.750
6.930
7.170
7.670
7.650
7.540
7.490
7.560
7.400
7.050
7.580
7.290
7.750
7.880
8.510
8.730
9.240
9.180
8.940
10.720
10.950
11.140
11.040
11.060
10.890
10.950
11.180
10.630
10.410
10.480
10.270
10.180
10.090
9.690
10.030
10.120
10.100
10.520
10.430
10.500
10.190
10.310
10.330
10.670
11.700
12.000
12.030
11.760
11.750
11.640
11.380
11.350
11.470
11.200
11.780
11.700
11.470
11.330
11.090
11.010
11.080
10.650
11.090
11.200
11.130
11.210
11.600
11.310
11.600
11.350
10.820
11.900
11.750
11.890
12.110
12.500
13.890
15.430
15.820
15.380
14.430
15.060
14.780
14.290
14.310
13.890
13.520
13.500
13.050
13.130
12.580
12.300
12.970
13.290
13.440
13.690
14.100
13.820
14.650
14.490
13.600
13.590
13.360
12.900
12.860
12.960
12.690
13.100
13.360
13.210
12.990
13.550
14.050
13.160
13.010
12.960
12.690
12.740
12.880
12.620
12.200
12.090
12.360
12.150
12.210
12.040
11.400
11.460
10.980
10.880
10.950
11.200
11.160
11.100
11.500
11.160
10.860
11.010
10.920
10.900
10.840
11.000
10.940
10.940
10.710
10.560
10.460
10.420
10.390
10.420
10.470
10.800
11.110
10.400
10.340
10.320
10.400
10.370
10.600
10.500
10.800
10.010
9.160
8.990
9.410
9.540
9.410
9.390
9.150
8.990
8.900
9.420
9.920
9.910
9.910
9.840
9.960
10.330
10.820
10.700
10.900
10.760
10.580
10.570
10.530
10.050
11.080
11.690
11.820
11.260
11.300
11.320
11.510
11.290
11.490
11.090
10.850
11.150
10.990
11.000
10.890
11.080
11.060
11.150
12.400
12.500
12.800
12.750
12.720
12.790
12.700
12.850
12.760
12.980
12.770
13.000
12.630
13.790
13.880
13.840
14.040
14.260
14.230
13.910
13.910
14.230
13.950
13.600
13.370
13.090
13.800
13.620
13.460
13.320
13.440
13.580
13.570
13.100
13.810
13.700
13.550
13.630
13.300
13.410
13.490
13.390
13.330
13.200
12.800
13.040
13.100
13.610
13.880
13.980
13.860
13.930
14.020
13.880
13.790
13.510
13.660
13.740
13.730
14.040
14.080
13.940
13.880
13.900
13.750
13.760
13.760
13.910
13.220
13.100
12.890
13.010
13.480
13.290
12.810
12.870
12.970
13.220
14.500
15.100
14.930
15.150
15.000
14.890
