0.420
1.280
-0.580
0.630
0.300
0.110
0.010
-0.210
-0.090
-0.050
0.200
-0.500
0.050
0.400
-0.100
-0.040
0.190
0.030
-0.040
-0.280
0.000
-0.140
-0.750
-0.070
0.060
0.180
-0.340
-0.100
0.430
0.210
-0.260
-0.010
1.000
-0.070
0.010
-0.010
-0.020
0.220
0.340
0.080
-0.010
-0.060
-0.070
-0.120
-0.120
-0.080
-0.110
0.320
-0.670
0.000
-0.140
-0.090
0.140
-0.160
0.150
-0.210
0.230
-0.040
0.490
0.480
-0.090
0.030
-0.190
0.080
-0.010
-0.220
0.020
-0.170
-0.090
0.110
0.290
0.060
-0.390
-0.090
0.010
0.740
-0.320
0.210
0.040
0.130
-0.560
0.230
-0.270
-1.140
0.190
0.010
-0.250
1.140
-0.570
0.080
-0.170
-0.250
-0.100
0.360
0.070
0.020
0.140
-0.400
-0.070
-0.210
0.180
-0.030
-0.020
0.000
-0.160
0.400
-0.460
-0.460
0.250
-0.240
-0.310
0.390
0.200
1.650
-0.490
-1.970
1.770
-0.050
-0.090
-0.240
-0.070
0.220
0.730
0.410
-0.330
0.250
-0.360
-0.010
0.540
0.810
0.090
-1.530
0.010
0.220
-0.220
0.070
-0.270
0.440
-1.520
-1.300
0.290
-0.360
1.140
0.520
0.470
0.640
0.480
-0.600
0.460
-0.640
-1.420
-0.100
1.080
0.500
-0.010
0.700
-0.740
-0.230
0.620
0.320
1.240
0.400
0.060
0.230
0.670
0.290
-0.690
-0.460
1.390
0.560
-0.380
0.720
1.180
-0.250
-0.720
0.160
-0.050
0.460
0.190
1.090
-1.210
-0.710
-1.430
-0.380
0.380
-1.590
0.340
0.350
0.230
0.780
1.290
-0.040
1.180
-1.300
-0.610
-1.520
0.530
-1.240
-1.760
-0.300
0.060
-0.230
0.090
-0.420
0.540
-1.310
0.450
-2.090
-2.320
-0.490
0.310
0.360
-1.500
-0.920
1.840
-1.450
-1.780
-0.920
1.060
0.360
0.180
2.380
-1.220
-2.490
2.500
2.270
2.060
1.880
1.550
-0.320
-0.230
1.610
1.580
1.570
1.410
-0.620
0.110
-0.920
-0.610
0.020
1.710
0.990
1.400
-0.400
1.490
0.030
0.330
-1.350
0.350
0.110
-0.140
0.200
0.400
-1.280
0.010
-0.710
0.860
0.190
-0.380
-0.470
0.720
1.460
1.330
0.980
0.840
0.230
-0.070
-0.150
0.940
-0.430
0.970
-0.100
0.130
-0.070
-0.080
0.810
0.470
0.380
0.170
-0.180
-0.070
0.150
0.070
-0.160
0.030
0.290
-0.210
0.090
-0.060
0.320
0.190
0.010
0.020
0.150
0.110
0.120
0.040
0.140
-0.130
-0.330
0.040
-0.080
0.160
0.040
-0.130
-0.050
-0.060
0.030
0.170
-0.120
0.040
0.230
0.290
-0.150
0.100
0.090
-0.020
0.100
-0.280
-0.040
0.040
-0.070
0.250
0.040
0.110
-0.230
-0.310
-0.020
0.010
0.200
0.000
-0.520
-0.220
-0.100
-0.200
-0.010
0.110
0.150
0.130
0.220
-0.490
-0.040
-0.510
-0.050
0.370
0.110
-0.220
-0.120
0.110
0.040
0.110
0.080
0.110
-0.080
-0.010
0.010
0.180
0.000
-0.290
0.130
-0.470
0.020
-0.170
0.090
0.010
-0.100
0.200
-0.110
-0.080
0.080
0.220
0.060
0.070
0.020
-0.270
-0.010
0.110
-0.450
-0.210
0.030
-0.240
0.330
-0.130
-0.100
0.150
0.070
0.010
0.070
-0.180
0.280
0.340
-0.250
0.180
0.010
0.210
-0.520
0.210
0.060
0.110
0.010
0.070
-0.250
0.600
0.000
0.210
0.140
0.080
-0.010
0.010
-0.300
-0.110
0.040
0.000
-0.090
-0.040
0.100
0.040
0.320
0.110
0.000
0.140
0.210
-0.190
-0.030
0.060
0.000
0.160
0.010
0.130
0.140
0.140
0.150
-0.130
-0.270
0.030
0.040
-0.030
-0.150
-0.190
-0.080
0.170
0.010
-0.100
-0.340
-0.030
