13.520
13.640
13.600
13.400
13.390
13.600
13.640
13.680
13.410
13.090
13.010
13.350
13.520
13.230
13.200
13.000
12.820
12.670
12.600
13.100
13.280
13.210
13.050
12.820
12.000
12.150
13.110
13.010
19.370
19.050
19.650
20.320
20.820
20.900
21.020
20.430
20.530
20.280
20.200
20.750
20.520
20.500
21.000
21.380
21.260
21.230
21.420
20.900
21.360
21.260
21.010
22.310
22.220
22.010
22.560
22.830
23.080
23.610
23.860
22.730
23.030
23.190
23.070
22.610
22.510
22.760
23.700
24.160
24.220
24.220
24.080
24.060
24.340
24.440
24.810
24.950
24.810
24.900
24.580
24.460
24.460
24.830
24.900
24.930
24.670
24.650
23.960
23.810
23.750
23.700
23.620
24.050
23.840
23.760
23.510
23.710
23.820
24.580
24.510
24.560
24.780
24.220
24.200
24.060
24.260
24.450
24.100
23.630
23.800
24.210
23.460
23.310
23.440
22.610
22.300
23.800
24.410
24.730
25.010
24.370
24.630
23.920
23.010
22.780
22.600
22.700
22.850
23.420
23.000
23.000
22.440
22.680
22.440
22.780
22.950
22.430
21.820
22.430
23.000
23.760
24.150
24.100
24.280
25.150
25.430
25.350
25.200
25.620
26.500
26.270
27.210
27.430
27.210
27.340
27.200
27.200
26.930
26.600
26.600
26.580
26.550
26.370
27.110
27.210
27.620
27.200
27.000
26.560
26.680
26.580
26.960
26.560
26.510
27.220
27.000
26.250
26.300
26.490
26.650
26.660
26.700
26.120
26.030
25.900
25.910
25.310
25.580
26.340
26.670
26.300
26.310
26.760
26.080
26.150
26.700
28.300
28.800
28.350
27.580
27.770
27.590
28.100
28.550
28.330
28.090
26.000
25.150
25.770
25.510
26.120
26.560
26.630
27.050
27.210
26.660
25.880
25.920
26.810
26.850
25.270
25.700
25.550
25.510
25.300
24.880
25.710
26.200
27.270
27.820
27.640
28.070
28.020
28.150
27.680
27.500
28.800
28.760
29.000
28.480
29.600
29.380
29.100
30.120
30.810
29.600
29.570
29.300
30.130
29.600
28.050
26.800
28.200
27.610
27.400
25.600
26.120
24.790
23.880
23.350
23.340
25.460
25.240
24.920
25.470
25.140
25.000
22.500
20.650
19.740
18.880
19.700
29.800
30.320
29.000
29.610
29.250
29.600
29.510
29.800
28.600
29.590
30.160
29.800
31.400
33.100
33.060
31.980
31.830
31.610
32.900
32.540
32.800
33.000
33.000
32.510
35.780
35.500
36.600
36.550
36.700
36.270
36.100
35.380
36.690
37.200
37.600
36.980
36.610
34.790
33.610
35.800
35.510
36.250
35.610
34.620
34.490
32.500
30.900
30.500
31.550
31.030
30.000
30.500
30.600
28.500
30.700
29.300
32.070
29.400
27.580
28.010
30.110
32.480
34.810
35.160
36.500
35.100
35.260
35.340
33.500
31.000
33.030
32.300
31.080
30.450
28.960
29.630
30.350
29.580
32.390
35.500
32.500
35.330
38.230
36.240
34.530
34.500
30.520
33.170
36.860
40.950
42.600
46.680
46.460
41.230
45.270
49.500
48.330
46.600
47.090
44.420
43.770
46.190
48.880
48.200
48.010
47.090
46.620
46.980
45.520
45.310
45.120
42.880
44.240
45.030
46.010
46.100
42.600
45.300
47.230
51.780
52.890
52.880
52.000
53.440
52.400
48.500
46.680
46.000
42.060
42.000
44.000
43.770
42.700
38.280
36.300
35.710
33.980
33.100
33.000
35.100
33.170
33.400
31.810
31.920
33.400
31.410
32.450
35.000
33.800
32.600
30.600
30.970
31.270
31.180
30.930
31.410
31.130
27.600
28.010
26.410
26.010
26.580
25.540
25.350
23.330
22.250
22.260
21.020
21.380
23.760
25.960
25.010
24.700
21.600
23.260
25.840
28.710
30.580
28.210
24.420
27.120
30.130
33.480
36.720
40.210
40.540
45.040
44.000
46.000
43.780
43.330
40.600
38.080
37.160
36.300
36.330
34.360
35.340
37.800
41.000
37.700
36.220
40.240
42.710
40.700
39.480
39.150
38.810
34.350
29.000
31.370
31.010
31.000
27.000
21.420
23.380
25.980
28.870
32.080
35.640
39.590
36.540
40.600
45.110
48.860
52.510
46.580
45.700
46.410
47.500
50.900
56.510
56.310
56.000
55.000
54.500
56.730
61.500
56.490
60.500
58.320
53.510
46.000
48.020
45.520
55.290
49.370
51.000
50.950
48.800
46.450
43.650
43.000
43.460
44.040
44.400
41.610
40.230
37.580
38.390
36.770
38.380
39.400
38.800
38.190
41.320
39.350
39.500
39.600
37.110
35.000
35.180
34.000
34.730
37.050
37.250
35.950
34.110
36.950
37.760
36.400
36.680
36.460
35.900
35.900
35.700
35.960
37.100
36.650
35.900
35.650
34.850
34.460
34.390
33.600
33.000
31.970
32.820
32.920
32.010
33.300
36.300
36.010
36.170
35.410
35.020
34.360
35.200
36.270
35.620
35.150
34.400
33.750
33.500
33.000
33.860
35.020
36.770
37.000
36.910
35.120
35.010
35.060
35.800
35.860
36.030
36.320
35.580
36.510
36.100
33.100
32.900
32.500
32.330
30.120
30.800
31.800
33.000
32.600
30.600
29.650
29.550
31.900
33.300
34.600
35.500
33.850
33.590
35.730
38.880
38.610
39.580
37.500
37.010
37.300
37.500
34.950
35.300
31.200
29.930
28.710
29.780
29.600
30.920
31.210
30.160
29.740
29.830
29.460
29.440
28.800
28.510
26.820
26.900
28.380
30.410
30.000
30.810
29.920
29.150
29.110
29.050
28.840
28.800
28.710
26.950
26.000
24.800
24.890
24.800
26.700
26.200
25.250
24.870
25.700
26.150
26.280
25.650
25.020
27.320
27.700
27.860
26.730
26.500
26.720
25.620
25.460
24.960
25.410
24.560
24.800
25.300
26.380
26.120
26.030
25.900
26.000
26.180
24.510
21.280
21.200
21.400
21.720
21.620
21.620
21.450
21.010
20.860
21.100
20.970
20.700
20.810
20.740
20.630
20.170
19.800
19.700
19.650
19.760
19.360
19.550
18.750
18.710
18.680
19.220
19.210
19.020
19.810
19.800
19.650
19.970
20.450
20.200
20.380
20.200
19.850
