0.440
0.020
0.000
-0.160
-0.070
0.330
0.010
-0.290
-0.080
-0.160
0.060
-0.040
0.330
0.100
0.320
-0.420
0.000
-0.120
0.200
0.340
0.060
0.310
-0.580
-0.130
-0.060
0.110
0.050
-0.420
-0.360
0.170
-0.080
-0.050
0.370
-0.010
-0.050
-0.370
-0.420
0.220
0.070
-0.220
-0.110
0.030
-0.030
-0.020
0.280
-0.220
-0.040
-0.720
0.020
-0.160
-0.210
-0.250
-0.230
-0.240
-0.140
0.180
0.230
-0.430
-0.070
-0.090
0.100
0.110
-0.540
-0.460
-0.150
0.300
0.140
-0.220
0.080
-0.130
0.270
0.140
0.160
-0.090
-0.060
0.040
-0.120
-0.180
-0.210
0.070
0.370
0.140
-0.210
-0.020
-0.050
-0.130
0.220
-0.080
0.010
0.220
0.150
-0.250
0.020
-0.310
-0.200
0.100
-0.260
0.170
0.050
0.010
0.160
-0.170
1.690
0.080
0.140
-0.210
-0.070
0.500
-0.210
-0.350
0.920
-0.890
-0.580
0.700
0.570
-0.130
0.080
-0.180
-0.020
0.300
0.090
-0.040
-0.020
-0.270
0.040
-0.060
0.010
-0.050
-0.020
0.060
-0.260
0.190
0.110
-0.230
-0.050
-1.360
-0.060
-0.220
0.180
-0.060
-0.020
-0.650
-0.140
0.430
0.000
-0.030
0.280
-0.260
-0.080
0.270
-0.030
-0.150
-0.230
-0.100
0.340
0.010
0.270
0.170
-0.450
0.310
-0.090
-0.020
0.120
-0.520
-0.290
0.120
-0.140
0.080
0.120
-0.350
-0.050
-0.160
0.110
-0.250
-0.300
1.490
0.020
-0.040
0.380
0.070
0.050
-0.190
0.050
-0.520
-0.270
-0.280
0.000
-0.030
0.870
-0.560
-0.100
0.340
0.210
0.220
-0.120
0.440
0.070
-0.100
-0.270
-0.110
0.180
-0.100
-0.020
-0.360
-0.140
0.820
-0.460
0.050
0.060
-0.010
-0.030
0.670
0.190
-0.440
-0.200
0.270
0.130
-0.170
0.130
-0.150
0.020
0.160
-0.280
-0.450
-1.930
-0.040
0.260
0.300
-0.400
-0.170
-0.040
0.210
-0.280
0.570
0.360
0.240
-0.470
0.540
-0.340
0.280
0.140
0.280
-0.200
-0.080
0.030
0.380
0.740
-0.430
0.270
0.600
-0.260
0.000
0.220
-0.360
0.490
0.100
-1.810
-0.350
0.120
-0.250
0.090
0.150
-0.120
1.320
-0.540
-0.110
0.330
-0.300
-0.250
0.990
0.290
0.560
-1.030
-0.080
0.120
0.210
-2.010
0.070
0.630
-1.400
0.180
0.110
0.310
0.750
-0.060
0.010
-0.170
0.030
-0.250
0.310
-0.440
-2.200
0.240
-1.070
-0.850
1.200
0.590
0.510
0.960
-0.560
-0.640
-0.080
0.860
-0.640
0.600
1.050
-1.010
-0.170
0.000
-0.560
0.520
-0.540
0.620
1.380
1.100
0.060
-0.540
0.990
0.350
-0.330
-0.240
0.520
0.530
-1.860
-0.230
0.770
0.520
-2.030
-0.710
-2.330
-0.560
-1.100
2.270
0.340
-0.150
-0.060
1.500
-0.580
-0.380
0.830
0.000
1.080
-0.410
0.940
-2.180
-0.700
-2.500
0.460
0.520
-0.720
0.440
1.020
0.720
-2.510
1.020
-2.670
0.690
0.960
1.350
-2.640
1.350
-1.180
-2.910
-1.680
0.350
0.430
-1.710
-0.480
0.320
-2.630
-0.980
-0.880
3.310
0.870
1.180
-0.190
0.590
-2.830
1.480
0.070
-0.910
2.980
2.710
2.460
2.240
2.040
1.850
1.680
1.530
-1.670
-1.880
-2.090
1.900
0.010
-2.110
-2.350
-2.610
-1.250
-1.940
0.510
-3.200
0.280
-1.250
1.050
-2.720
2.910
2.280
2.680
-1.790
-3.160
1.420
-3.360
-3.740
0.570
0.600
-0.200
0.790
2.230
-0.360
-3.750
1.300
3.290
2.990
2.720
0.090
-3.010
-2.730
0.000
0.350
-3.610
2.630
-3.720
-4.130
-4.590
-0.690
3.910
-0.300
-3.090
4.190
-1.900
-4.210
-1.640
-0.940
0.790
-0.420
-5.580
-4.100
3.490
5.130
2.340
4.290
-1.750
-2.300
4.000
3.400
0.520
3.710
1.550
0.470
-1.840
2.550
3.120
2.840
-1.050
0.770
-1.840
-1.420
1.170
1.000
-1.810
-1.640
2.200
-0.700
6.270
5.700
-5.220
-1.130
-0.810
-7.130
-2.030
4.900
3.730
1.670
-3.240
3.060
-2.060
1.850
0.920
3.550
-3.280
-0.890
-7.010
1.200
3.200
5.970
5.430
1.390
4.170
-0.760
4.500
1.800
-1.740
-0.440
2.330
2.000
-1.370
-1.020
-0.440
-2.070
0.150
1.270
1.030
-1.100
0.400
0.120
1.300
3.930
-1.750
1.050
1.840
-1.870
0.780
0.310
0.780
1.280
3.350
-3.720
1.550
0.150
2.330
3.020
2.740
-1.070
-1.400
1.060
1.180
-0.930
0.610
0.780
2.470
-1.670
0.290
-0.210
-2.390
-0.650
0.060
0.630
0.450
-2.370
-1.170
0.040
-1.090
-1.410
0.880
1.970
2.850
0.310
-1.960
-2.620
-3.230
1.610
-1.710
0.480
0.090
3.230
-0.700
0.210
1.390
2.750
-0.750
1.130
2.570
-0.540
0.680
0.360
-0.890
0.580
-1.580
-0.500
-0.760
0.750
-0.100
-0.400
1.530
0.150
-0.110
1.510
1.420
1.640
-0.940
-0.250
0.780
-0.090
-0.690
1.100
-0.360
-0.380
-0.020
-0.590
-0.240
0.090
-0.810
-0.250
-0.210
0.650
0.310
0.020
-0.110
0.790
0.220
-0.800
1.110
0.830
-0.220
0.820
0.630
-0.240
-0.050
0.160
0.000
0.930
0.070
-0.600
0.990
0.110
-0.660
0.000
0.360
-0.030
-0.390
1.410
0.710
-0.140
-0.360
-0.200
0.270
1.290
0.220
-0.110
0.350
-0.040
-0.190
0.160
0.150
-0.010
0.210
0.600
-0.550
-1.390
0.240
0.090
-0.420
0.080
-0.310
-0.640
1.160
0.120
-0.100
-0.790
0.850
