13.480
12.850
12.980
12.880
13.100
13.010
12.750
13.000
13.160
13.320
13.210
13.230
13.350
12.870
12.830
12.820
12.900
13.050
13.040
12.860
12.510
12.420
12.860
13.060
12.920
12.950
12.850
13.180
13.510
13.610
13.570
13.670
13.440
13.260
13.150
13.500
14.020
13.950
13.980
13.870
14.060
14.030
14.080
14.080
13.990
14.000
14.180
14.650
14.790
14.930
15.090
15.450
15.530
15.750
15.980
16.160
15.750
15.890
16.030
16.100
16.080
16.030
16.480
16.850
16.920
17.050
16.710
16.790
16.980
16.940
17.070
16.860
16.430
16.430
16.500
16.510
16.590
16.680
17.100
16.960
16.820
16.480
16.650
16.620
16.650
16.770
16.720
16.700
16.770
16.670
16.350
16.560
16.560
16.820
16.950
17.070
17.190
17.130
16.930
17.050
16.900
16.880
18.570
16.940
16.870
16.950
17.080
17.050
16.920
17.100
17.090
17.210
17.550
17.670
17.100
16.540
16.480
16.590
16.600
16.720
16.270
16.250
16.350
16.510
16.550
16.490
16.580
16.600
16.730
16.580
16.690
16.900
16.820
16.680
16.800
18.110
18.310
18.550
18.450
18.460
18.470
19.000
19.200
19.090
18.790
18.860
18.670
18.640
18.920
18.750
18.530
18.740
18.810
19.190
18.970
18.880
18.700
18.480
18.620
18.640
18.460
18.570
18.590
18.780
19.260
19.260
19.280
19.330
19.260
19.580
19.510
19.790
19.650
19.930
20.150
20.360
18.520
18.600
18.590
18.210
18.270
18.250
18.290
18.950
19.050
19.400
19.470
19.390
19.290
18.800
19.160
19.060
18.800
18.690
18.520
18.450
18.220
18.070
18.360
18.380
18.430
18.430
18.580
18.470
19.090
18.820
18.500
18.680
18.450
18.540
18.540
18.500
17.720
17.900
18.250
18.210
17.910
17.980
18.050
17.970
18.060
18.130
18.250
18.670
20.450
20.450
20.600
20.340
20.480
20.650
20.780
20.800
20.600
20.790
20.150
19.730
20.380
19.900
19.640
19.880
19.740
19.460
19.450
19.350
19.790
19.290
18.870
18.690
19.040
18.330
18.280
18.150
18.340
18.250
18.390
17.860
19.000
19.660
19.730
19.900
20.300
19.840
19.780
19.720
18.880
19.320
19.200
19.280
19.670
19.350
18.400
18.690
18.280
18.800
18.600
18.750
18.960
21.120
20.350
20.470
21.750
20.780
20.800
20.420
19.680
19.800
20.100
19.870
19.860
20.100
20.390
22.550
22.500
22.530
23.900
24.190
23.460
22.250
21.780
21.210
22.480
22.150
22.410
21.800
22.070
21.230
21.280
21.980
21.500
22.280
22.150
21.770
22.350
21.580
20.200
19.280
19.340
19.600
18.500
18.550
18.520
18.590
18.590
19.320
20.430
19.780
19.240
20.250
21.120
23.090
24.150
24.690
25.000
23.160
23.250
22.790
22.800
21.510
22.300
22.600
21.490
21.750
20.850
20.980
21.500
22.890
24.620
25.490
24.740
25.800
25.690
24.440
23.900
24.990
25.500
26.580
27.520
27.500
26.010
25.600
26.780
26.150
28.850
31.170
31.370
30.600
32.170
32.650
32.630
35.190
35.690
35.900
36.360
33.090
33.000
32.100
31.470
33.000
34.680
33.470
34.690
32.790
29.810
27.100
24.640
22.400
20.360
18.510
16.830
18.000
18.450
20.590
20.940
19.980
21.710
21.740
24.700
27.950
29.290
30.000
32.800
32.200
33.500
32.980
34.390
34.880
32.300
29.430
28.380
32.050
31.980
31.400
34.980
37.900
37.450
37.270
37.880
36.300
35.330
36.750
39.740
36.200
32.910
29.920
28.210
28.110
36.140
35.480
34.900
37.950
36.660
38.340
39.000
46.300
47.900
46.950
44.990
47.800
46.090
44.000
48.600
50.490
52.970
52.220
54.000
54.500
62.500
61.860
56.410
52.610
49.000
47.350
50.970
49.070
44.810
44.720
40.780
37.500
36.970
36.800
37.770
34.340
31.220
29.430
30.950
30.300
31.690
32.990
31.990
32.000
34.490
34.000
72.000
68.950
62.680
63.980
65.000
68.600
70.210
74.990
74.740
69.880
65.200
67.440
67.000
64.580
68.400
64.680
63.330
61.900
63.790
67.940
71.110
69.990
65.700
59.730
54.400
53.530
50.660
49.500
45.670
45.990
46.300
46.720
43.990
43.500
43.950
43.800
45.700
47.500
46.500
46.580
46.990
45.770
45.080
45.900
43.180
40.590
42.800
39.970
41.800
41.850
41.470
40.000
39.500
36.830
36.980
37.980
35.850
36.000
33.170
30.150
28.950
30.390
29.990
28.980
29.290
29.480
28.770
27.180
25.990
26.570
26.600
28.000
29.390
29.990
29.700
29.410
30.200
31.740
33.000
32.450
34.480
35.180
34.000
31.350
29.730
30.140
32.360
35.000
37.380
35.650
36.830
38.600
35.530
33.230
34.450
33.300
31.520
29.960
29.560
28.270
26.420
26.590
25.670
26.470
26.230
27.100
27.860
28.800
28.440
28.390
29.580
28.190
26.890
26.880
26.700
25.280
23.600
23.090
23.450
23.150
22.600
23.350
23.300
22.750
22.620
23.150
23.500
23.640
23.800
25.550
24.750
25.180
25.500
24.250
24.440
24.700
23.950
23.260
24.280
24.600
22.690
22.500
22.600
21.330
20.840
21.050
21.100
20.980
20.800
19.840
20.330
20.490
19.800
19.760
20.750
19.960
20.070
19.880
20.360
18.560
18.480
18.300
18.900
18.520
18.630
17.200
16.850
16.920
16.650
16.960
16.810
16.580
16.730
16.490
16.200
16.160
17.500
17.580
17.420
17.610
17.910
18.240
18.400
18.900
17.380
17.660
18.180
18.160
