11.710
11.700
11.530
11.500
11.370
11.510
11.440
11.730
11.710
11.610
11.610
12.100
11.740
11.760
11.690
11.770
11.720
11.680
11.570
11.820
11.660
11.860
11.840
11.580
11.130
10.920
11.060
10.910
10.980
10.860
10.710
11.000
11.460
11.340
11.430
11.390
11.040
11.030
11.180
11.350
11.610
11.460
11.530
11.860
11.980
11.930
11.930
11.900
11.730
11.880
11.800
12.390
12.450
12.600
12.880
13.160
13.320
13.430
13.460
13.680
13.280
13.580
13.510
13.490
13.360
13.110
13.400
13.530
13.740
13.800
13.870
13.710
13.580
13.670
13.600
13.820
13.620
13.660
13.750
13.600
13.600
13.870
13.980
13.880
13.630
13.510
13.780
13.800
13.870
14.060
13.950
14.070
14.090
13.990
13.840
13.980
13.920
14.240
13.760
13.710
13.890
13.840
13.620
13.800
13.540
14.200
13.620
13.510
13.460
13.710
13.620
13.470
13.120
13.550
13.590
15.090
14.840
14.930
14.610
14.780
14.430
15.090
14.690
14.490
14.850
14.450
14.680
15.280
15.010
14.530
13.210
13.290
13.190
12.970
13.200
12.960
12.840
13.110
13.010
14.040
14.100
14.290
14.330
14.390
14.370
14.770
14.690
14.660
15.060
14.940
14.680
14.790
14.910
14.650
14.540
14.780
15.040
14.900
14.700
14.650
14.610
14.450
14.590
14.450
14.450
14.510
14.430
14.660
15.230
15.260
15.490
15.360
15.150
15.370
15.150
15.260
14.920
15.310
15.850
15.040
15.040
14.970
14.400
14.250
14.190
14.320
14.140
14.730
14.970
14.890
14.780
14.750
14.530
14.760
14.710
15.310
15.520
15.580
15.610
15.290
15.110
15.620
15.710
15.890
15.980
16.010
16.200
15.700
15.310
15.290
15.850
15.900
15.920
15.500
15.510
15.140
14.960
15.250
15.600
15.580
15.190
15.240
14.960
14.990
15.040
15.120
15.460
15.220
16.400
16.250
17.030
17.130
17.390
16.870
16.720
16.920
17.070
17.280
17.150
17.300
17.510
15.920
16.510
16.340
16.620
15.700
15.160
15.500
15.630
15.010
14.070
14.580
14.420
13.900
14.330
14.450
14.590
14.890
14.280
13.700
13.870
13.410
13.160
13.240
13.310
13.060
13.080
12.330
12.530
12.680
12.610
12.600
13.000
12.470
12.030
11.940
12.360
12.390
12.040
12.280
12.350
12.570
12.450
13.150
14.030
13.930
14.000
13.370
13.520
13.360
13.440
13.250
13.320
13.120
13.530
14.680
14.510
15.060
15.320
14.900
14.780
14.630
14.270
14.720
15.030
15.530
15.210
15.680
15.890
14.850
14.800
15.070
14.800
15.130
15.120
15.350
13.960
12.900
12.170
12.410
12.660
12.060
12.050
12.530
12.410
12.220
11.860
12.510
12.600
12.030
11.670
12.840
13.150
14.610
15.160
14.420
14.160
13.880
14.170
13.950
13.340
13.170
13.490
13.200
12.970
11.790
12.600
11.990
12.560
12.500
13.690
13.540
13.140
14.010
14.030
13.510
13.030
13.640
12.830
13.590
13.620
15.130
15.310
17.000
16.370
17.260
19.180
19.900
19.690
19.170
19.230
19.220
18.950
19.590
19.280
19.400
19.610
18.850
18.630
18.630
18.030
18.110
18.000
18.500
19.410
19.080
19.350
18.710
19.380
19.640
19.600
21.200
22.170
20.150
19.350
20.380
19.650
18.750
19.670
20.530
20.300
21.340
19.400
18.650
18.460
18.080
17.590
17.320
15.910
16.490
17.600
17.480
17.540
18.510
17.960
18.100
17.900
16.770
17.470
16.760
15.830
15.700
15.100
15.040
14.990
14.350
13.960
12.930
12.900
12.670
13.220
12.700
13.450
13.340
13.410
13.160
12.290
11.930
12.020
10.930
12.140
13.490
13.180
13.320
12.670
11.660
11.170
11.850
13.170
14.070
12.790
12.010
13.030
14.480
16.090
17.420
17.960
17.670
19.630
19.820
19.560
18.920
19.440
19.610
17.840
16.840
17.430
18.290
16.630
18.480
20.400
21.210
19.800
21.600
21.080
19.970
19.500
19.160
19.450
18.990
17.720
17.120
19.020
17.290
15.720
14.290
12.990
12.420
13.800
15.280
16.450
18.040
19.590
18.400
20.440
22.710
24.640
23.990
24.150
26.380
27.950
27.530
29.030
30.560
30.420
31.020
29.230
29.940
31.920
30.310
31.950
34.150
31.460
28.600
27.330
29.650
26.950
25.030
24.200
25.040
24.010
24.020
24.120
22.890
22.650
22.560
22.680
21.750
20.520
19.470
19.950
20.160
20.900
19.680
19.990
19.660
20.740
20.390
21.240
20.990
20.730
20.020
20.700
20.220
19.960
21.020
21.190
20.710
18.830
18.060
18.130
17.980
17.590
17.080
16.350
16.650
16.850
16.960
17.080
17.150
17.160
17.080
17.550
17.250
16.890
17.050
16.390
16.390
16.100
15.440
15.360
15.270
15.020
14.680
15.010
15.610
15.590
15.440
14.920
14.900
15.040
15.360
15.610
15.220
15.010
15.480
14.960
14.760
13.950
14.000
13.640
14.140
14.570
14.270
14.040
13.940
13.660
13.910
13.350
13.650
13.470
13.990
14.420
14.600
14.580
14.240
14.180
15.640
16.260
16.350
16.800
17.100
16.900
16.560
16.450
15.530
17.100
16.670
16.360
16.170
15.610
15.430
16.200
16.310
16.400
16.570
15.900
15.850
15.730
16.100
15.950
16.010
15.660
15.640
16.370
16.260
17.290
17.530
18.090
17.940
17.420
17.370
17.460
17.760
17.760
17.750
17.190
16.810
16.640
17.200
17.050
17.380
16.900
17.710
18.170
18.250
18.410
18.460
18.520
18.800
18.920
18.900
18.200
18.150
17.740
17.280
16.860
17.270
17.200
17.210
17.210
17.950
18.020
16.820
17.000
16.970
17.070
17.120
16.950
16.790
15.600
15.000
14.820
15.180
14.990
15.490
16.000
15.700
15.600
15.920
15.940
15.390
15.140
15.360
15.550
15.430
15.060
14.770
15.050
14.820
14.670
14.500
14.890
14.650
14.500
14.200
13.660
13.750
14.220
14.710
14.410
14.560
14.500
14.550
15.650
16.390
16.360
16.260
16.300
15.680
