29924.78
19427.29
18461.15
20852.47
14123.00
14659.23
9833.00
17589.02
14401.41
21306.99
23190.62
19004.70
21657.12
11082.00
13865.00
26122.76
12780.99
15427.22
17603.39
16479.69
21320.00
34749.77
14596.41
17025.00
15251.96
21317.38
19309.35
18987.24
25540.30
17639.87
16562.97
14152.35
11561.63
16324.05
21472.22
29761.31
8816.00
19953.19
37433.52
19858.10
14952.37
15910.13
21014.14
23884.43
25842.63
12148.45
14740.06
18271.62
25706.12
17483.31
29594.93
31524.15
23264.40
33304.07
11537.30
18020.26
24322.52
15478.54
23866.94
36378.33
29260.69
14066.17
16420.71
23339.22
11697.86
24505.68
21288.04
18911.46
22705.04
15673.43
23112.33
38958.94
17338.12
18003.53
32129.97
20289.05
16184.13
34110.40
29018.67
33843.54
31382.47
19369.82
27863.86
46184.44
48084.36
32497.35
15460.50
19267.04
22871.52
25380.91
22455.01
17157.13
17485.44
20620.16
16100.99
15746.96
16650.04
17832.74
18034.19
15218.63
21477.68
15107.21
73.00
14170.74
15418.14
14680.92
22243.03
23590.20
13415.11
16685.77
30341.82
55257.50
19059.20
13110.17
19458.41
16714.79
31205.24
17021.00
16130.23
16049.14
19406.73
14195.77
12636.93
14309.26
12953.36
26191.76
19417.99
13343.69
17044.15
17731.92
14123.09
20488.61
22256.01
21718.69
30520.51
61776.80
23948.72
19990.61
18060.27
22036.66
27799.85
40330.11
32850.02
35232.67
49461.42
38976.00
42688.93
50075.98
52219.66
52706.45
35664.74
53292.98
44454.79
76840.50
54507.98
72734.76
67927.00
47994.80
57174.31
50846.52
39202.52
43856.76
57620.15
46102.83
59656.65
35155.49
75128.00
53076.61
52878.02
83474.71
73518.16
86293.19
99794.95
89181.60
112943.90
119388.14
199518.38
108759.10
115588.09
81392.58
77697.26
77358.02
121208.05
125002.38
160204.44
215541.05
105338.00
143805.23
198290.02
175307.05
244380.83
214622.30
109406.49
157000.45
242710.56
58843.11
37705.20
28216.23
30263.42
25725.01
30041.39
40428.06
68274.85
39187.76
36384.36
36475.50
28174.77
25887.00
38218.23
35736.72
31974.57
43333.90
22662.16
27277.48
27741.14
24524.48
20447.51
25160.84
28082.83
23220.19
19791.83
36119.58
36810.00
37142.96
83583.00
36206.34
26973.73
42356.81
32776.39
30420.95
41315.14
35979.45
64767.29
37951.97
63155.30
74319.25
76660.90
52273.67
71822.88
55630.86
59098.63
75325.70
74601.55
96826.22
83275.34
92835.03
122758.26
114988.50
92835.37
110282.36
91961.21
58717.56
83608.77
77696.42
65714.82
41561.75
70094.61
60916.95
48574.75
53612.71
85454.48
135309.48
70254.75
80730.83
26504.88
27853.82
46533.83
91347.32
50962.83
38956.01
29666.23
30679.07
34222.83
30875.53
23921.97
22413.42
28512.44
26399.85
33435.06
43365.44
76896.62
58330.48
65186.46
53908.45
36387.49
50748.47
55215.16
47633.58
86357.67
106470.30
215153.33
86532.59
60771.34
136379.75
116690.69
63118.50
95155.34
58763.28
83038.94
90507.76
76235.98
80403.64
69611.82
50252.76
79613.33
66882.38
54149.52
65994.35
76531.75
92237.57
99027.09
70200.61
94697.41
80073.63
70156.33
37704.56
35358.87
53377.45
25461.28
36699.43
35783.55
48572.55
41754.70
53491.61
55370.08
73118.14
54077.73
68250.90
63144.03
91272.58
89296.35
107366.72
59551.38
52112.59
54143.60
63402.75
59421.55
41010.74
96017.50
150626.25
61927.49
38588.98
26479.34
38336.23
32137.67
49787.81
48705.82
43207.86
51897.08
80130.51
67347.23
91852.41
68726.20
55893.98
67140.45
56381.67
63456.21
75376.93
109584.37
28723.00
172704.31
78175.67
81687.64
43644.14
63439.07
50958.92
69861.95
74242.05
55681.98
83998.30
133632.95
103597.04
71292.99
56920.67
53569.44
45958.01
55832.54
77901.66
106233.74
48655.40
51694.46
53919.44
46388.46
63726.72
86718.21
116572.18
92067.17
93292.58
91702.92
78705.96
76511.40
73868.63
90996.07
174228.75
133414.52
105719.37
142407.34
107828.24
121690.65
273355.38
174282.48
102726.87
96210.96
55496.72
82013.70
90239.20
102381.40
114392.64
109682.15
145813.03
132531.02
137030.41
204223.41
148076.44
111359.58
124721.25
127974.73
83996.46
117114.29
135478.73
112181.46
78155.23
1109.00
46313.24
61548.86
71193.49
75518.96
70871.87
74576.10
110141.27
105422.22
88647.81
141706.44
86897.55
86683.63
126245.93
66969.13
101506.45
148651.47
100155.77
115279.61
142530.09
96723.30
158323.61
327606.59
21882.00
10421.00
465.00
796.00
44038.46
35777.64
42927.87
76802.92
58029.68
43064.24
45962.99
58837.54
48587.70
82041.15
61169.04
65839.85
90799.33
101259.61
102246.88
90155.57
98606.89
101062.94
106513.67
129966.99
134073.70
187132.41
86942.09
85518.36
81720.39
53715.04
77813.18
72570.71
114940.51
123462.01
94012.12
77982.24
59845.34
57651.72
55820.10
54450.74
53529.56
73674.43
78891.99
139794.78
109130.31
230113.16
60902.63
40703.10
46176.83
44735.85
68419.26
57971.62
99090.50
38451.15
66414.62
92559.80
53587.08
53150.11
42377.97
38274.56
35529.92
38458.50
36637.15
49997.31
53274.60
67058.08
44556.89
35992.19
30549.06
39209.05
32431.34
58037.08
45010.40
18371.71
23384.37
24382.60
30427.05
29536.56
21275.89
46125.01
62614.29
62758.63
16326.87
11638.15
13695.38
20068.96
20281.73
26763.58
22886.03
38471.50
42171.39
29872.01
17757.30
28052.48
20083.62
13166.57
14186.12
17188.30
15766.63
17191.88
23063.47
26084.36
19351.97
27778.02
29793.23
42046.79
91463.39
19554.06
12473.77
36092.52
20137.90
15181.12
21583.03
20988.60
18565.61
21582.36
19515.91
16708.61
35016.35
43406.92
40252.49
36764.03
39444.19
33729.25
34132.01
39453.24
27280.74
25359.37
29066.85
37973.16
31937.99
18814.41
19466.13
17129.47
16243.21
16297.07
30704.16
32735.88
41200.82
68709.42
70043.03
29841.97
15466.95
27937.99
20377.69
27787.98
22943.30
15073.49
14296.76
8903.62
18693.34
12377.94
10831.18
12614.39
13966.84
9988.30
15682.36
13240.50
12045.39
20724.98
22396.24
11240.66
16537.24
17855.00
15810.20
16718.61
9418.21
9792.92
9604.43
10004.91
13055.61
27805.07
25596.13
17342.80
27802.42
24214.07
13721.67
13980.30
18337.64
20115.30
20605.07
25696.39
8062.95
10289.70
26789.24
29839.19
11934.86
18051.27
9761.05
12670.33
28731.84
31537.71
9694.82
9269.77
9877.99
19277.99
13170.93
5879.63
12244.59
10671.59
21026.51
5763.04
5170.65
4414.53
4291.94
8714.74
9678.98
2734.43
5108.38
8475.86
5054.22
3585.56
6184.86
8909.24
8853.80
7989.90
4208.78
5866.91
7526.24
5793.80
9861.78
