11.460
11.590
11.630
11.660
11.740
11.740
11.780
11.860
11.840
11.790
12.050
12.100
12.180
12.250
12.300
11.970
11.830
11.780
11.750
11.890
12.120
12.220
12.060
12.120
12.070
12.040
12.200
12.210
12.260
12.260
12.230
12.530
12.300
12.540
12.770
12.700
12.680
12.290
12.480
12.800
12.880
12.940
13.050
12.990
13.100
13.150
12.880
12.520
12.280
12.300
11.840
12.050
12.100
12.250
11.990
14.830
14.950
14.940
14.990
15.090
15.450
15.250
15.120
15.010
14.890
15.300
15.640
15.550
15.420
15.420
15.100
14.970
14.880
15.050
15.330
15.500
15.370
15.500
15.300
15.390
15.500
15.510
15.550
15.620
15.320
15.370
15.560
15.500
15.450
15.350
15.170
14.800
14.770
14.160
14.130
14.100
14.290
14.140
14.200
14.050
14.170
13.480
13.500
13.620
13.490
13.810
13.610
13.530
13.750
13.220
13.230
12.900
12.850
12.750
13.560
14.570
14.640
14.650
14.600
14.730
15.430
15.660
15.690
15.780
15.970
15.930
16.080
15.830
15.380
15.080
15.150
15.200
15.160
15.160
14.850
14.540
14.570
14.700
15.790
15.910
15.900
15.360
15.490
15.530
15.790
15.950
15.820
15.880
15.860
15.750
16.300
16.160
15.870
15.930
16.140
16.100
16.220
16.000
15.590
15.970
15.740
15.700
15.330
15.280
15.090
15.190
14.770
14.920
14.940
14.870
14.890
14.950
14.980
14.990
15.000
14.890
14.950
15.020
15.090
15.170
15.360
14.880
14.340
14.350
14.370
14.320
14.460
14.600
14.560
14.410
14.450
14.490
14.370
14.470
14.830
15.390
15.480
15.540
15.300
15.300
15.030
15.360
15.400
15.770
15.660
16.200
16.500
15.040
14.600
15.020
15.040
15.090
15.140
15.150
14.940
14.360
14.430
14.750
14.660
14.390
14.430
14.410
14.330
14.270
14.300
14.460
14.980
16.310
16.280
16.330
16.460
16.840
17.120
16.600
16.850
17.350
17.140
15.780
15.900
16.310
16.230
16.300
16.440
16.800
16.800
16.390
16.870
16.600
16.720
16.830
16.600
17.110
15.980
14.580
14.270
14.310
13.990
13.900
13.250
14.320
14.620
14.550
14.780
14.820
14.300
14.230
14.020
13.420
13.680
13.700
13.290
13.290
13.470
13.200
13.420
12.960
13.320
13.080
13.070
13.010
13.380
13.300
13.590
14.850
14.700
14.660
14.460
14.020
14.180
14.440
14.300
14.450
14.530
14.540
16.050
16.460
16.700
16.450
16.300
15.980
15.500
15.750
15.180
15.980
16.250
15.650
15.120
15.490
15.290
15.150
15.710
16.310
15.690
15.780
15.590
15.350
14.980
14.200
13.650
13.450
13.500
12.620
13.030
13.010
13.100
12.900
13.300
13.830
13.420
12.980
14.000
14.350
15.390
15.540
15.630
15.510
15.410
16.070
15.300
15.050
14.560
14.380
14.690
14.110
14.240
13.600
13.150
13.080
13.290
14.350
14.970
14.850
15.580
15.960
15.950
15.850
16.380
15.820
15.530
15.580
16.690
17.650
18.550
19.290
18.960
21.400
21.880
21.490
20.450
21.270
20.970
21.510
22.580
22.700
22.600
22.800
21.890
21.640
21.580
20.900
20.590
20.880
20.680
21.350
21.620
22.100
22.110
21.600
21.950
22.800
25.190
25.700
24.930
24.330
24.900
24.970
23.550
25.000
26.700
25.940
26.960
26.790
25.000
23.830
23.890
23.300
22.980
22.160
21.740
22.700
22.800
21.980
22.300
20.750
20.980
20.790
20.450
21.650
22.080
21.650
21.370
20.750
19.750
19.250
19.380
17.990
16.570
15.280
15.400
15.880
16.240
16.600
17.020
17.070
16.860
16.190
15.650
15.800
14.690
14.080
16.950
17.140
17.620
16.920
15.560
15.020
15.900
16.700
19.200
19.360
18.900
20.460
20.980
23.990
27.980
30.500
29.800
32.990
32.950
33.400
32.510
32.230
32.750
32.010
29.620
27.720
27.960
26.240
26.300
28.390
30.390
30.480
31.440
35.440
38.360
36.900
34.660
34.550
31.410
28.550
29.950
34.400
32.030
35.590
37.760
39.720
40.840
37.180
39.080
40.040
45.650
46.020
47.010
48.490
51.460
52.950
54.000
56.340
52.280
47.530
45.090
43.460
44.370
49.260
51.000
53.000
50.570
45.980
43.000
41.740
43.800
40.270
36.610
34.500
36.000
36.500
34.010
32.780
29.880
27.730
28.590
27.450
25.880
26.690
27.380
25.900
25.760
25.080
22.970
24.050
24.850
25.320
26.200
26.360
24.600
23.960
24.490
25.630
25.700
26.680
27.080
27.490
28.300
27.850
27.830
27.950
27.470
27.000
26.640
26.730
26.900
27.260
28.300
29.270
28.070
26.000
25.500
24.520
23.940
22.500
22.000
23.400
23.000
22.510
20.460
18.600
17.080
17.190
16.270
16.280
16.180
16.550
17.000
16.230
16.070
16.310
15.990
15.200
14.600
14.900
14.780
15.190
15.220
15.300
14.800
15.820
15.880
16.150
16.060
16.280
16.300
15.800
15.180
13.860
13.720
13.070
12.800
12.800
12.830
12.580
13.040
13.300
13.360
13.480
13.240
13.500
13.640
13.900
14.170
14.100
13.530
13.420
13.470
13.590
13.430
13.240
12.250
12.470
13.010
13.000
12.960
13.190
13.600
14.190
14.500
14.550
14.670
14.990
14.930
14.790
14.500
14.170
14.180
14.170
13.990
14.090
14.050
14.100
13.500
13.660
13.670
14.500
14.600
14.880
14.770
14.330
14.500
14.470
14.770
14.960
14.980
14.900
14.580
15.060
15.240
15.530
15.530
15.680
15.490
16.580
16.280
16.400
15.380
15.550
16.100
16.250
16.270
15.790
15.490
16.350
16.170
16.270
16.490
16.930
16.790
16.200
16.970
16.790
16.090
16.300
15.330
15.580
15.590
15.680
15.740
15.170
14.790
14.390
14.670
14.850
15.370
15.390
14.730
14.660
14.650
14.490
14.130
14.060
13.230
13.350
13.560
13.650
13.770
13.390
13.300
13.320
13.250
13.270
13.360
13.300
13.330
12.600
12.560
12.780
13.440
13.460
13.450
13.480
13.430
13.890
14.120
14.550
14.930
14.580
14.690
13.700
