10.250
10.300
10.420
10.350
10.270
10.320
10.250
10.360
10.230
10.000
10.300
10.880
11.020
10.780
10.950
10.960
10.930
11.060
10.810
10.840
10.450
10.160
10.010
10.160
9.940
10.020
10.630
11.990
10.610
10.250
9.770
9.820
10.210
10.230
10.310
10.320
9.800
9.980
9.720
9.610
10.100
10.610
10.600
11.310
11.700
11.810
11.680
11.650
10.490
10.330
10.240
11.000
10.870
11.080
10.510
10.880
10.850
11.350
10.640
10.640
10.700
10.730
10.600
10.630
10.510
10.410
10.280
10.240
10.200
10.180
10.070
10.050
10.160
10.360
10.310
10.370
10.510
10.320
10.380
10.300
10.330
10.310
10.530
10.720
10.720
10.720
10.770
10.720
10.710
10.650
10.600
10.630
10.530
10.570
10.310
10.220
10.310
10.360
10.510
10.510
10.480
10.380
10.000
9.970
9.740
9.770
10.110
9.970
9.940
9.880
9.860
9.780
9.420
9.520
9.350
9.230
10.160
10.420
10.600
10.690
10.920
10.050
9.990
9.980
9.950
9.800
9.790
9.870
9.900
9.650
9.700
9.850
9.630
9.450
9.370
9.320
9.200
9.190
9.250
9.250
10.060
10.110
10.080
10.080
10.040
10.140
10.290
10.230
10.270
10.480
10.300
10.550
10.670
10.590
10.530
10.560
10.560
10.760
10.620
10.570
10.360
10.450
10.230
10.570
10.630
10.450
10.330
10.330
10.440
10.720
10.760
10.920
10.830
10.810
10.740
10.750
10.700
10.720
10.860
10.800
10.530
10.510
10.290
10.120
10.170
10.110
9.950
10.140
10.720
10.740
10.630
10.830
10.960
10.860
10.810
11.110
11.250
11.110
10.900
9.620
9.600
9.490
9.700
9.760
9.800
9.530
9.380
9.290
9.500
9.330
9.340
9.430
9.420
9.420
9.400
9.200
9.080
9.090
9.200
9.150
8.900
8.980
8.900
8.950
8.830
8.700
8.980
9.050
9.080
9.410
9.340
9.350
9.490
9.500
9.410
9.400
9.510
9.480
9.470
9.210
9.320
9.400
9.340
9.460
9.490
9.430
9.300
9.050
9.100
9.000
8.700
8.620
8.950
8.760
8.820
8.660
8.770
8.760
8.590
8.560
8.600
9.030
8.990
9.060
9.090
8.970
9.050
8.700
8.530
8.660
8.470
8.650
8.660
8.780
8.520
8.610
8.570
8.950
8.600
8.660
8.410
8.930
13.680
13.860
14.060
14.460
14.380
13.850
13.650
13.530
13.780
13.590
13.480
13.620
13.670
13.680
14.700
14.600
14.870
14.820
14.720
14.510
14.700
14.330
14.670
14.610
14.230
14.030
14.320
13.900
13.590
14.050
14.090
14.120
14.110
14.000
14.100
13.500
13.000
12.890
12.980
12.460
12.120
12.300
12.580
12.120
12.770
12.580
13.230
12.470
12.080
11.870
12.690
12.410
13.200
13.430
13.540
13.370
13.300
13.010
12.830
12.050
12.740
12.630
12.280
12.210
11.660
11.430
11.360
11.320
11.970
13.140
12.510
12.790
13.200
12.750
12.200
12.420
11.850
12.400
12.620
12.670
13.250
13.900
15.000
14.200
15.540
17.210
17.390
17.080
17.270
17.830
17.570
17.520
17.820
17.700
18.030
16.980
16.700
16.590
15.910
16.000
16.060
15.800
16.580
16.430
16.300
16.280
15.600
16.510
15.300
16.300
18.000
17.980
17.400
17.810
18.130
17.560
17.610
18.200
17.000
17.600
17.900
17.810
17.800
17.670
18.120
17.510
16.790
16.100
16.510
16.410
16.200
16.440
15.900
16.800
15.250
14.250
14.130
15.450
15.120
15.510
15.210
14.900
14.860
13.650
12.620
12.450
12.310
11.990
12.110
11.500
11.400
11.800
11.610
11.670
11.160
11.040
10.850
10.150
10.000
10.780
11.680
11.620
11.600
10.600
10.510
9.860
10.510
11.520
11.300
10.530
10.110
10.940
12.150
13.500
14.470
13.860
15.020
16.160
16.550
16.020
16.180
16.400
15.900
15.600
14.930
14.920
13.550
13.160
13.810
13.900
13.160
12.710
14.090
15.410
15.450
15.010
14.550
14.500
13.560
11.580
12.460
12.420
11.290
9.850
10.940
11.200
11.910
13.210
14.450
13.560
15.070
16.740
18.030
19.120
17.510
18.450
20.400
21.050
21.820
23.540
24.900
24.500
24.250
24.330
25.000
25.410
23.500
24.700
24.700
23.130
21.500
23.820
24.640
23.760
22.690
23.600
23.060
22.500
22.050
20.600
20.510
20.500
20.000
20.860
19.700
18.580
18.020
19.410
20.000
20.380
20.480
20.320
20.600
21.670
21.600
22.260
21.670
20.400
20.400
21.390
20.010
21.420
47.180
50.800
46.600
43.800
43.800
40.510
37.620
35.030
32.480
31.800
31.550
30.200
30.000
30.160
29.000
29.610
29.500
29.290
29.220
28.310
27.450
26.550
25.950
26.560
26.920
27.110
26.870
27.330
24.550
24.770
24.330
22.850
22.490
22.500
22.570
22.320
22.220
21.210
21.180
21.060
20.600
20.680
20.930
22.010
22.070
22.070
22.030
22.060
21.820
22.110
22.000
22.120
22.010
22.020
21.800
20.920
20.650
21.410
21.270
21.000
21.170
21.080
21.430
21.530
21.700
21.100
21.180
21.600
21.450
22.700
23.290
22.700
22.750
21.490
22.590
22.310
22.910
22.910
23.340
23.650
23.030
23.570
20.880
20.550
22.180
21.600
23.300
23.050
20.960
20.260
20.620
20.260
20.090
19.800
19.700
19.530
19.120
19.350
18.990
18.460
18.080
18.580
19.250
19.080
20.150
20.200
19.450
19.280
19.050
18.900
18.580
18.920
19.080
18.620
18.200
18.060
18.030
18.580
18.960
19.150
18.910
19.680
19.580
20.080
20.010
20.350
20.200
19.800
19.800
19.610
19.250
19.500
19.500
19.360
19.310
19.920
19.660
19.000
19.730
20.320
19.750
19.780
19.650
19.490
19.650
19.270
19.310
19.060
18.900
18.320
18.430
18.550
18.600
18.880
18.280
18.110
17.950
18.020
17.780
17.500
17.480
17.310
17.710
17.680
17.600
17.570
17.550
17.200
17.140
17.130
17.260
17.030
16.910
16.500
16.360
15.770
16.880
17.070
16.720
16.870
16.930
16.920
17.320
16.850
16.910
17.000
16.830
16.290
