29.300
29.150
29.360
29.100
29.560
29.520
29.510
29.500
29.500
28.920
28.510
29.290
29.410
29.250
29.620
29.210
28.810
28.330
28.610
28.810
28.250
28.710
28.500
28.480
28.000
28.200
28.580
28.560
28.210
26.330
28.260
30.410
31.500
31.500
31.030
29.200
55.110
54.150
53.130
54.600
53.020
54.500
54.600
56.100
57.230
56.380
53.000
52.000
52.000
51.780
50.660
51.300
50.920
50.220
51.070
49.620
51.180
53.800
54.540
54.080
53.800
56.170
55.720
55.010
53.010
58.250
58.900
59.210
57.990
56.600
57.160
57.900
55.100
56.200
56.100
57.500
57.500
59.360
59.660
58.100
61.510
63.010
63.200
63.720
63.000
63.660
63.700
65.080
61.320
59.840
59.700
59.500
59.800
59.790
59.630
59.020
59.640
59.630
59.020
59.540
59.560
59.800
59.230
58.550
60.000
60.030
60.150
60.000
59.590
60.000
59.010
59.650
56.900
54.130
58.110
58.600
58.300
59.210
59.240
59.610
59.200
58.060
57.880
56.000
55.430
55.120
54.620
50.590
54.520
53.680
53.760
53.680
55.100
58.200
64.000
64.030
62.050
63.600
63.500
64.410
60.120
58.510
57.520
59.550
58.500
57.080
54.110
52.450
52.030
52.530
52.240
51.990
51.610
50.050
49.800
49.810
49.340
50.090
50.500
50.510
49.800
49.500
48.050
49.180
49.530
47.200
50.100
50.580
50.060
49.220
50.000
48.800
48.480
49.280
49.210
49.500
48.950
47.720
46.000
43.810
42.550
42.000
42.500
42.350
40.610
41.500
41.380
41.130
41.300
42.000
42.500
43.000
40.160
41.020
42.000
39.510
39.100
38.500
36.510
35.210
35.190
35.230
36.000
36.800
35.350
33.010
33.010
32.330
31.030
30.910
30.550
28.600
28.600
28.600
28.100
28.200
28.680
28.880
28.160
27.100
26.910
26.510
26.310
25.510
25.590
25.030
25.000
25.800
25.680
26.000
26.710
26.620
26.110
25.900
25.350
26.140
25.370
24.600
25.780
25.110
23.630
23.350
23.750
23.200
23.760
24.010
24.400
23.520
23.030
22.620
24.020
24.050
23.500
25.100
23.880
23.800
23.000
22.510
22.800
23.780
24.030
23.560
24.020
24.100
24.650
23.050
22.800
22.210
21.620
21.120
21.260
20.050
19.160
19.230
19.010
19.600
18.810
18.700
18.210
19.020
19.510
19.450
20.550
21.770
21.810
21.200
20.380
20.000
20.720
20.390
19.820
19.710
19.810
20.050
21.950
22.200
22.260
21.800
22.100
21.910
22.510
22.020
21.510
21.900
20.810
20.500
20.400
19.410
19.000
19.300
19.180
19.110
19.560
19.800
19.520
18.540
17.600
17.500
17.680
17.540
16.800
17.100
17.610
16.500
16.980
16.300
17.880
16.930
16.000
16.170
17.410
18.510
19.700
19.830
19.600
18.910
19.200
18.530
17.900
16.920
18.050
17.600
17.030
16.560
15.800
15.560
15.510
17.020
18.910
20.820
20.050
20.500
21.060
20.350
20.000
19.500
16.840
18.530
19.100
21.040
21.800
24.160
25.960
25.920
28.800
31.530
31.280
30.300
30.500
29.600
28.300
30.500
30.180
27.450
27.340
27.120
26.930
26.490
24.910
26.000
26.470
26.240
27.450
27.050
26.000
24.900
23.010
22.900
21.350
23.020
24.980
24.880
23.600
23.720
23.880
23.000
23.010
24.880
24.260
24.220
23.310
22.980
22.710
22.150
20.800
20.500
19.630
19.510
19.620
19.850
19.880
19.820
18.480
19.610
18.720
17.710
17.530
18.660
18.650
18.970
18.360
18.760
18.530
17.780
17.690
16.790
16.460
16.030
15.600
14.940
15.090
15.980
15.500
15.410
14.550
14.160
14.140
13.100
12.850
14.270
15.380
15.410
15.410
13.790
13.330
12.580
13.600
15.050
15.100
14.000
14.020
15.110
16.790
18.620
20.000
19.000
21.020
22.350
22.460
20.970
21.800
22.000
21.400
19.660
18.100
18.250
16.500
16.910
18.620
20.280
19.500
20.880
19.380
21.530
19.570
17.790
16.170
17.970
19.970
22.190
24.590
27.120
30.130
33.480
37.200
38.590
37.520
35.240
34.480
34.880
37.400
38.610
41.400
42.140
40.500
38.090
40.000
41.100
38.520
36.510
36.000
33.990
32.300
32.000
32.000
31.600
32.400
29.090
30.100
31.110
28.260
27.850
25.770
24.000
23.800
24.200
23.350
22.880
23.040
21.020
21.350
19.600
18.500
18.690
20.000
19.030
19.200
17.580
17.180
15.620
14.200
12.580
12.490
12.400
12.550
12.400
12.200
12.110
11.860
11.600
11.420
11.450
11.630
11.980
11.950
11.830
11.660
11.830
12.140
11.830
11.700
11.440
11.400
11.420
11.220
10.850
10.770
10.870
10.800
10.780
10.580
10.560
11.090
11.070
11.010
10.730
10.560
10.610
10.500
10.680
11.180
10.820
10.460
10.360
10.730
11.800
12.320
12.380
12.670
12.620
12.330
12.220
11.820
11.910
12.990
13.240
14.110
13.880
14.210
14.280
14.240
14.240
14.270
14.260
14.010
13.950
13.920
14.210
13.700
13.420
13.210
12.980
13.040
13.000
13.940
13.950
14.300
14.000
14.180
14.070
13.860
14.150
14.140
13.820
13.450
13.420
13.560
14.350
14.710
14.810
14.570
14.930
14.820
14.800
15.250
15.130
15.200
15.470
15.020
14.260
14.110
14.070
13.820
13.300
13.230
13.300
12.910
13.410
13.040
13.760
13.580
13.500
13.240
12.900
13.190
13.160
13.130
13.060
12.550
12.300
12.520
12.330
12.200
12.690
12.620
12.210
12.020
12.040
11.840
11.620
12.100
11.600
11.930
11.870
11.750
11.740
11.600
11.510
11.400
11.330
11.350
11.440
11.380
11.100
10.980
10.870
11.080
11.410
11.430
11.360
11.100
11.100
11.370
11.520
11.880
11.230
11.100
11.320
