11.320
11.420
11.490
11.630
11.740
11.600
11.660
11.720
11.720
11.640
11.700
12.010
12.030
12.140
12.300
11.850
11.690
11.680
11.550
11.800
11.860
12.130
11.960
11.940
12.070
11.860
12.000
12.000
12.170
12.210
12.180
12.330
12.300
12.240
12.420
12.600
12.540
12.280
12.160
12.370
12.670
12.650
12.700
12.840
12.970
12.970
12.800
12.470
12.010
12.080
11.720
11.690
11.930
11.920
11.990
13.320
14.800
14.800
14.800
14.890
15.070
15.210
15.050
14.890
14.750
14.860
15.320
15.550
15.300
15.270
15.040
14.900
14.850
14.790
14.960
15.260
15.240
15.110
15.240
15.200
15.340
15.460
15.550
15.500
15.260
15.070
15.380
15.360
15.190
15.280
14.940
14.700
14.690
14.110
14.050
14.010
13.940
14.050
14.050
13.970
14.000
13.450
13.390
13.500
13.380
13.810
13.410
13.410
13.450
13.150
13.100
12.730
12.580
12.660
12.450
13.580
14.420
14.560
14.410
14.510
14.830
15.230
15.600
15.710
15.700
15.650
15.820
15.780
15.200
14.880
15.070
15.060
15.100
15.100
14.650
14.430
14.230
14.400
14.700
15.530
15.800
15.230
15.230
15.380
15.440
15.770
15.750
15.510
15.760
15.660
15.600
16.160
15.830
15.840
15.950
15.890
15.760
15.950
15.400
15.430
15.670
15.370
15.200
15.140
14.800
14.900
14.560
14.540
14.870
14.780
14.880
14.860
14.790
14.910
14.830
14.890
14.550
14.900
14.970
15.110
15.100
14.860
14.320
14.260
14.250
14.320
13.960
14.460
14.380
14.360
14.300
14.350
14.190
14.310
14.290
15.150
15.360
15.180
15.280
14.930
14.930
14.910
15.300
15.110
15.600
15.450
15.860
15.000
14.490
14.390
14.900
14.820
14.850
14.990
14.810
14.330
14.160
14.440
14.630
14.380
14.190
14.310
14.180
14.200
14.020
14.300
14.340
14.800
16.230
16.100
15.980
16.460
16.690
16.530
16.550
16.450
17.140
15.580
15.490
15.770
15.940
15.880
16.250
16.390
16.660
16.090
16.210
16.290
16.400
16.750
16.040
16.880
15.980
14.530
14.240
13.800
13.950
13.750
13.170
13.100
14.440
14.400
14.460
14.480
14.190
13.980
13.950
13.170
13.450
13.500
12.980
13.030
13.290
13.150
12.800
12.500
13.110
13.070
12.890
12.930
12.990
13.240
13.200
13.770
14.690
14.520
14.440
13.950
14.000
14.050
14.250
14.060
14.450
14.150
14.410
15.990
16.310
16.250
16.250
15.600
15.460
15.350
15.010
15.350
15.840
15.570
15.000
15.290
15.280
14.440
15.020
15.380
15.220
15.750
15.140
15.050
14.810
13.980
13.100
13.210
13.200
12.500
12.620
12.710
13.100
12.660
12.190
13.420
13.330
12.790
12.760
14.180
13.930
15.480
15.200
15.510
15.250
15.370
15.300
14.850
14.310
13.810
14.350
14.110
14.100
13.550
12.900
12.230
13.000
13.090
14.540
14.520
14.460
15.350
15.860
15.390
15.120
15.820
14.380
15.090
15.030
16.700
17.100
19.000
18.190
19.280
21.420
21.380
20.450
20.120
20.780
20.830
21.580
22.360
22.400
22.520
21.750
21.080
21.240
20.900
20.380
20.460
20.000
20.540
21.350
21.230
22.010
21.300
21.390
21.700
22.320
24.800
24.730
23.800
24.010
24.800
23.390
22.140
24.600
25.530
24.620
26.530
24.520
23.260
23.500
23.160
21.940
22.060
20.250
21.390
21.760
21.340
20.790
20.550
20.500
20.480
20.250
19.620
21.800
20.970
20.790
20.650
18.970
19.060
19.180
17.680
16.360
15.220
15.060
15.080
16.050
15.170
16.620
16.450
16.500
16.120
15.390
14.570
14.690
13.350
14.830
16.480
16.650
16.920
15.380
14.160
13.930
15.480
17.200
19.110
17.600
18.410
20.460
22.730
25.250
28.050
29.300
29.090
32.320
32.010
32.440
30.920
32.250
32.010
29.100
27.550
26.730
26.240
23.850
26.500
27.600
29.780
28.880
32.090
35.650
36.600
34.150
33.150
31.410
28.550
25.950
28.830
32.030
29.120
32.360
35.960
37.000
37.130
33.800
37.560
41.730
43.390
44.990
45.000
48.210
51.570
50.500
53.260
52.280
47.530
43.210
42.350
41.760
45.700
47.790
51.140
50.570
45.970
41.800
39.770
40.150
40.270
36.610
33.280
34.620
34.610
33.610
31.200
29.880
27.160
27.770
27.390
25.880
24.200
26.000
25.530
25.150
23.680
22.800
22.190
24.000
24.020
25.320
25.300
24.250
23.090
23.280
23.970
25.630
25.150
26.490
26.670
27.590
27.100
27.380
27.040
27.280
26.510
25.270
26.570
26.100
26.820
27.500
27.900
27.400
25.820
24.900
23.880
23.860
21.760
21.720
21.750
22.950
22.330
20.460
18.600
16.910
16.580
16.140
16.280
15.800
16.180
16.120
16.210
15.890
15.730
15.820
15.200
14.600
14.350
14.360
14.500
14.800
14.810
14.410
15.470
15.710
15.710
15.520
16.030
15.950
15.490
15.180
13.800
13.230
13.060
12.660
12.680
12.780
12.230
12.650
12.880
13.090
13.380
13.170
13.250
12.940
13.460
13.920
13.790
13.480
13.110
12.770
13.420
13.300
13.240
12.040
12.350
12.930
12.970
12.880
12.310
13.190
13.640
14.210
14.320
14.540
14.410
14.910
14.790
14.500
14.120
13.920
14.040
13.830
13.990
13.990
13.980
13.500
13.400
13.660
13.520
14.340
14.360
14.740
14.270
14.230
14.460
14.370
14.610
14.900
14.790
14.280
14.600
14.850
15.150
15.130
15.510
15.230
15.650
16.190
16.380
15.290
15.390
15.600
16.010
15.960
15.550
15.300
15.440
16.070
16.140
16.000
16.530
16.480
16.200
15.780
16.520
15.860
16.110
15.130
15.280
15.490
15.480
15.530
15.040
14.670
14.360
14.220
14.670
14.660
15.160
14.730
14.280
14.320
14.240
14.070
14.000
13.210
13.150
13.300
13.490
13.500
13.160
13.200
13.200
12.870
13.050
13.140
13.190
12.970
12.500
12.340
12.240
12.730
13.370
13.320
13.260
13.390
13.360
13.660
14.370
14.430
14.480
14.510
13.670
