14.670
14.400
14.420
14.290
13.700
13.550
13.100
13.300
13.140
13.120
13.300
13.440
13.640
13.520
13.630
13.600
13.300
13.200
20.770
20.910
20.950
21.140
20.180
20.430
19.230
19.260
19.580
19.330
19.370
18.510
19.180
19.460
19.620
19.680
19.630
18.950
18.660
18.390
18.500
19.640
19.770
20.000
19.380
19.540
19.160
19.130
19.120
18.710
18.800
18.950
18.600
18.950
19.030
19.100
19.610
19.910
20.430
20.500
20.820
20.980
20.200
20.390
20.470
20.250
20.180
20.090
20.300
20.290
20.080
20.180
20.030
20.300
20.720
20.940
21.570
21.300
21.200
21.470
21.550
21.590
21.750
21.970
21.880
21.890
21.220
20.800
21.150
21.200
21.440
20.930
20.560
20.440
20.480
19.990
20.280
20.240
20.480
20.440
20.490
20.930
21.070
21.160
20.810
20.810
20.250
22.220
20.540
20.420
20.450
20.600
20.810
19.700
20.300
20.360
19.980
19.940
19.850
19.480
19.570
19.440
19.940
19.950
19.930
20.700
20.880
20.880
20.410
20.650
20.550
20.810
20.990
20.970
20.960
21.150
21.350
21.050
20.800
21.010
22.860
23.100
23.280
23.300
23.430
23.400
23.870
24.210
24.380
24.200
24.480
24.320
24.710
25.420
25.290
24.730
24.740
24.680
24.950
24.170
24.100
23.870
24.090
24.380
24.290
23.960
23.990
24.190
24.560
24.500
24.530
24.980
25.190
24.820
24.940
25.190
25.500
25.560
25.190
24.490
24.830
25.100
24.870
25.220
23.360
23.160
23.980
24.190
24.210
24.080
24.290
24.650
26.000
27.470
27.560
27.600
27.450
27.850
26.750
24.920
26.490
26.380
26.100
26.310
25.740
23.440
23.580
22.770
24.000
22.610
22.940
22.720
23.460
23.580
23.980
26.160
25.260
25.120
25.100
23.760
23.600
23.750
23.710
24.400
26.110
24.800
26.240
26.050
25.200
24.200
24.960
24.730
23.720
25.110
25.110
25.860
25.550
25.700
26.170
25.850
24.680
23.730
24.060
23.520
21.590
22.480
22.890
22.170
21.770
21.780
22.700
21.800
20.960
21.730
22.770
24.600
25.650
26.970
27.060
26.800
26.560
25.940
26.340
24.850
25.750
25.730
25.190
25.070
23.460
22.120
21.350
22.450
24.090
25.780
25.470
26.500
27.210
27.060
26.670
26.050
25.200
24.570
24.230
24.950
25.700
26.450
27.890
28.010
31.880
34.150
34.980
32.180
32.800
33.280
33.330
34.440
34.700
35.790
36.800
36.140
35.100
35.440
34.900
36.750
36.440
36.550
36.650
37.400
37.160
35.480
34.100
34.900
36.280
38.700
40.500
40.030
38.590
39.250
39.900
40.000
41.000
41.800
41.350
41.000
41.300
39.830
40.600
40.080
37.000
35.490
35.000
33.470
35.300
36.500
35.020
37.000
36.600
36.900
35.800
34.370
35.700
35.980
34.490
34.970
33.710
33.000
33.800
34.000
32.450
32.300
30.300
30.990
32.000
29.330
29.300
31.500
31.290
30.080
30.250
28.790
27.790
25.260
24.700
25.330
25.780
24.700
24.120
21.930
19.940
20.820
20.850
23.800
23.930
23.600
25.520
24.980
28.990
35.490
36.920
34.540
37.280
34.280
32.580
32.180
33.560
34.530
32.500
30.300
28.120
28.420
28.590
27.860
31.800
34.550
35.350
36.210
39.500
39.490
39.740
37.950
34.500
31.360
28.880
38.720
38.700
38.560
39.500
35.930
37.060
39.000
45.800
49.500
52.000
53.180
54.900
52.280
50.190
54.400
55.500
51.340
47.580
50.280
51.300
53.990
54.500
54.800
55.000
53.000
49.500
50.000
47.200
45.000
44.990
47.580
47.500
46.100
43.000
42.130
40.000
40.460
40.450
40.190
36.540
33.220
31.500
31.820
29.840
27.130
52.150
56.700
57.690
56.000
54.900
59.700
60.560
58.190
58.370
58.350
55.480
56.300
56.900
59.000
63.270
63.150
57.590
54.300
51.460
53.300
52.160
54.180
51.230
50.990
52.200
52.070
48.500
49.900
47.580
44.890
43.490
45.090
43.380
42.200
44.800
45.770
45.780
44.880
41.290
37.540
34.380
33.200
32.000
32.750
35.000
35.050
35.850
33.580
33.500
33.730
36.000
35.200
35.460
34.880
36.130
36.070
36.760
36.000
33.500
32.420
33.500
32.700
31.700
31.420
31.660
29.990
28.600
28.000
28.530
28.500
29.250
31.800
32.110
29.950
32.290
33.000
37.200
37.290
33.900
32.800
32.400
29.450
27.820
28.030
29.290
31.080
33.530
35.150
33.010
34.760
33.660
30.930
28.700
28.930
29.380
27.170
25.300
23.620
23.480
23.390
22.500
21.440
21.990
21.990
22.680
22.880
23.510
22.830
22.330
23.050
23.090
23.480
24.800
23.800
24.080
24.000
23.260
23.960
24.170
24.590
24.340
25.060
25.400
25.810
26.010
25.800
26.080
26.500
25.870
25.360
25.900
26.500
26.350
26.340
27.180
26.870
24.880
24.980
24.940
24.960
25.870
25.910
25.950
25.950
24.290
23.780
24.040
23.300
23.100
23.520
23.250
22.580
23.000
23.440
22.400
21.360
21.850
22.260
22.440
22.550
22.750
22.730
22.770
22.790
22.450
23.240
23.580
23.680
22.380
22.150
21.200
21.170
23.160
23.300
23.560
24.700
24.990
24.230
24.740
26.070
24.900
22.640
20.580
