51574.26
68905.34
35090.30
31900.55
31831.49
37894.35
42703.92
44462.04
46348.17
59785.20
67837.52
73569.48
76148.43
74933.90
84010.18
169931.05
89258.15
36734.66
40756.64
40508.14
46668.31
59754.14
54359.18
46895.22
37742.31
38503.13
39905.17
37449.63
54468.50
35644.60
49824.18
43681.49
30005.85
55726.32
109466.29
57304.20
36465.18
41547.55
74012.91
49447.61
45046.58
42097.33
37240.94
39362.95
56661.80
31107.12
47347.71
105378.36
118989.06
44751.21
94051.43
25855.53
42765.76
81774.72
51178.13
63118.52
75525.89
70913.33
149863.12
200559.48
68801.22
89664.85
63891.27
70078.56
106450.49
78171.61
64270.57
89049.15
62676.24
88719.36
118952.32
63019.24
61740.36
77893.43
141110.56
114659.96
132475.69
103440.26
116232.31
135053.05
205257.16
162494.34
88557.02
117823.54
57643.78
89599.32
84376.42
81209.71
135720.11
144258.23
73092.43
61043.44
87636.99
75041.55
190645.23
190196.77
75406.67
125557.97
48006.05
67471.09
70069.97
103920.33
77643.47
85410.59
51407.65
22.00
53392.51
139831.12
98601.26
167776.19
50531.70
42440.79
55717.29
83827.63
126921.59
126301.32
126172.95
122537.22
170090.72
145048.11
60269.98
65858.97
69512.76
65263.86
39769.68
41812.52
35146.95
47287.12
71789.58
74895.66
34065.26
28852.31
27773.80
32708.28
40346.18
70215.43
56498.16
47042.38
81355.69
42518.51
84290.82
33795.10
30124.95
45097.30
51200.92
29414.66
40897.43
54149.22
75330.88
52058.81
41435.55
74913.23
65656.61
45295.84
34984.92
65418.42
53827.55
52578.32
67717.26
52292.90
36254.82
56118.14
70025.62
87423.76
51570.56
98312.78
145027.77
95800.45
207070.62
157391.52
37889.41
46499.76
63122.71
120668.17
36161.23
54755.14
50673.75
35914.18
31270.98
44138.73
47837.79
53637.27
27098.68
30205.96
29716.95
32554.02
42273.24
30142.68
39893.55
27249.99
30041.20
29878.14
52631.68
41673.31
66367.55
48096.58
42658.94
53909.08
48342.11
37493.19
49967.89
38789.46
45278.14
91738.05
45701.66
50258.70
60929.73
45207.24
41550.29
87914.05
45099.14
68676.96
78245.54
99741.78
116551.87
43865.95
71849.92
67019.36
93440.78
123135.81
65215.43
66132.17
75105.55
54846.23
122053.95
101716.27
123362.40
169410.12
84406.45
83536.90
144845.98
120806.57
120993.68
110930.94
144703.06
189359.88
102625.69
156941.48
186242.55
234325.16
170068.19
179292.53
164131.23
304542.91
293979.34
203131.83
202406.30
300075.66
406574.19
468686.16
290438.66
378002.91
179401.44
228353.19
291207.44
322422.50
331584.66
407415.19
400354.62
592382.88
324127.22
240206.88
124181.04
196583.28
67577.80
63702.91
80189.30
109132.21
119550.20
68667.50
55696.51
67535.55
75223.84
39667.16
56398.49
64973.62
60146.29
72794.57
122153.76
81031.88
159767.25
92836.85
37936.62
48345.83
45910.69
52434.58
45939.60
54802.27
65493.79
123095.53
51561.01
70236.11
72518.42
118642.37
129492.07
92956.28
80174.53
106753.48
129522.56
140490.27
101759.95
84228.43
118562.53
125476.59
135810.73
135611.06
100783.83
158932.84
121491.34
202777.48
177237.62
179359.16
172828.70
111548.66
177365.91
180513.31
65467.68
75917.26
128461.78
104010.38
86744.07
106422.44
121173.82
148155.69
120170.58
135941.05
104448.46
133031.73
96391.90
85596.58
104805.24
137522.23
121840.12
130937.28
88142.14
75997.76
81913.45
101969.14
100383.54
117982.80
113277.40
141316.14
104118.12
157669.23
148425.52
108655.38
93973.03
162931.22
103368.60
126246.58
147755.83
188887.20
136654.70
179154.17
140121.44
137389.84
159918.69
35847.00
158249.23
174404.16
175394.64
112856.10
118615.16
82426.19
97249.72
82454.10
97922.85
125633.01
148957.95
119282.09
143529.34
154645.73
112006.06
126240.80
111217.63
109796.97
138655.95
126094.29
170542.84
241401.42
205765.80
152334.66
149930.58
144227.88
207293.30
248259.19
190222.34
186529.88
188493.06
134366.88
140112.62
135337.45
202942.84
211090.55
214367.70
234099.91
263926.22
280852.81
210328.27
250953.33
265417.06
348025.06
196766.81
156248.14
184704.19
231110.75
178290.30
349885.09
332047.81
194979.06
239598.84
195802.16
281443.94
254787.67
298573.12
237682.64
235332.00
232366.23
262737.69
239250.39
228665.97
250095.52
5865.00
199648.25
204550.84
217346.12
211336.44
104375.91
134087.16
164587.44
193481.45
152653.59
193421.94
181753.09
123813.51
104021.64
112694.52
112029.08
285166.66
84005.66
129563.50
98097.36
80098.46
134197.47
158332.05
138509.30
148920.61
92257.90
61594.89
88517.47
117047.91
98438.00
132867.19
106952.70
101993.42
146877.03
123775.22
143478.38
152251.50
120468.20
143162.05
263886.00
148434.56
164568.31
172813.98
246470.09
279014.94
292014.72
302543.03
175452.84
121021.45
125078.54
118231.66
175825.31
128764.86
130876.49
159804.41
175597.34
88226.16
40016.12
151400.19
474761.69
8946.00
134213.14
133834.41
196588.81
194016.67
214430.62
225666.77
152331.17
141802.02
114687.97
121160.12
143577.56
188462.09
266492.72
62608.45
15198.13
521.06
488.22
116829.84
63582.93
103511.38
115028.36
52912.72
90170.31
77641.22
90202.04
57971.65
44368.32
1020.00
68994.10
89156.27
54254.66
27067.45
48126.39
48762.80
55458.99
71571.02
55729.58
123438.38
137145.66
56044.09
79472.47
65788.32
85303.98
98748.82
71473.74
47810.50
68617.86
58812.19
46218.52
51122.39
36729.00
18972.01
28350.19
30231.63
49032.99
77461.67
31385.42
35523.71
67303.87
46355.42
38623.74
104293.98
42826.32
35797.24
39292.48
48887.54
82399.02
59593.35
96771.88
111078.09
126225.43
54495.39
103332.72
42064.75
81045.54
84934.63
130527.64
169809.34
151502.17
68224.31
58882.33
40019.08
56924.53
47289.05
39572.90
45672.13
86547.45
47988.95
35524.71
27448.15
29318.17
36480.47
54347.99
32212.00
57000.64
49759.90
46697.36
65031.08
41096.84
38985.47
35614.30
43099.74
37029.63
46517.29
45899.15
67291.02
56620.49
47928.36
39067.14
46476.38
43713.94
50603.79
33315.87
48686.96
137638.31
101126.57
49194.21
57168.87
68832.34
77253.92
55558.59
41138.53
35382.01
34421.10
64452.25
61283.75
52636.70
57004.73
45488.53
37164.32
70092.55
99293.06
78412.84
104846.53
84891.68
51490.59
53759.64
60522.56
100494.68
110178.51
108836.70
93289.16
39404.15
31606.54
56861.42
64078.10
37962.77
61957.08
57204.19
52168.88
60396.72
63447.21
98814.21
56075.50
45798.83
57308.67
76425.84
36100.52
78708.94
41128.77
48028.15
26173.63
31950.30
35591.35
71782.66
64602.91
45523.69
40080.30
56517.07
65234.65
34067.65
46924.73
22690.24
23662.28
67428.79
41085.14
35001.37
50089.82
86976.50
127682.04
75959.01
