7.620
7.590
7.600
7.560
7.510
7.600
7.600
7.760
7.650
7.540
7.700
7.940
7.950
7.930
7.940
8.000
7.790
7.740
7.730
7.920
8.070
7.890
7.790
7.900
7.630
7.510
8.090
8.020
7.900
7.460
7.880
8.590
9.360
9.190
8.250
7.900
8.020
7.850
7.630
7.900
8.000
8.290
8.650
8.450
8.410
8.200
8.210
7.900
8.060
8.190
8.180
8.680
8.690
9.000
9.430
9.400
9.510
9.410
9.310
10.230
10.000
10.000
9.310
9.060
8.930
9.260
9.690
10.110
10.150
10.300
10.220
10.610
10.540
9.860
9.810
9.750
9.770
9.900
10.070
10.030
10.010
9.970
9.900
9.960
9.960
9.900
9.890
9.920
10.050
10.020
9.990
9.810
9.730
9.700
9.630
9.590
9.680
9.900
9.930
9.860
9.870
9.860
9.770
9.800
9.970
10.300
10.230
10.220
9.960
10.000
9.990
10.100
10.060
10.130
10.110
10.110
10.000
10.410
10.200
10.310
10.380
10.400
10.450
10.500
10.130
10.120
10.170
10.350
10.350
10.200
10.290
10.160
10.040
9.990
9.900
10.250
10.220
10.410
10.970
10.900
11.080
11.190
11.150
10.870
10.580
10.830
10.760
10.760
10.300
10.810
10.800
10.700
10.820
10.800
10.670
10.780
10.820
10.800
10.410
10.010
9.820
10.130
9.930
9.940
9.830
9.900
9.840
9.610
9.610
9.700
10.350
10.430
10.350
10.460
10.400
10.440
10.060
9.800
9.950
9.690
9.790
9.830
9.820
9.520
9.420
9.420
9.680
9.610
9.680
9.700
10.030
10.100
10.120
10.810
11.280
11.300
11.000
10.700
10.910
10.900
11.800
11.820
12.180
12.100
12.080
11.840
12.080
11.720
12.100
12.490
12.160
12.110
12.600
12.000
11.900
11.750
11.710
12.000
12.100
12.080
11.770
11.080
10.590
10.380
10.550
10.480
10.240
10.400
10.300
10.000
10.400
10.010
10.810
10.240
9.920
9.990
10.800
11.610
12.450
12.940
12.770
12.600
12.730
12.630
12.300
11.380
11.910
11.920
11.620
11.380
10.950
10.000
10.050
9.900
10.790
11.650
10.890
10.530
10.710
10.400
9.550
9.800
9.500
9.960
9.960
10.370
10.500
11.570
12.430
12.080
13.070
14.450
14.630
14.230
14.410
14.950
14.650
15.170
15.310
15.530
15.410
15.150
15.110
14.900
14.150
14.500
14.810
15.010
15.070
15.750
15.600
14.620
14.050
14.800
14.010
15.290
16.540
16.100
15.860
17.210
15.920
14.470
13.150
11.120
11.980
12.600
10.900
12.110
13.460
14.590
15.500
14.220
14.940
16.600
16.210
16.400
17.760
18.810
18.500
18.200
18.460
18.820
19.650
18.200
19.300
18.750
17.700
16.050
17.490
18.650
18.520
17.950
18.500
18.120
17.090
16.210
15.180
15.180
15.600
30.530
30.310
29.760
27.010
26.190
28.510
28.260
28.000
28.500
27.900
27.450
29.520
28.790
30.140
30.880
28.380
27.900
28.660
27.390
28.300
30.660
31.150
30.190
27.710
29.900
30.510
28.450
27.000
25.500
25.830
25.600
25.130
21.890
22.150
21.350
22.100
21.520
21.230
20.450
20.100
20.440
19.260
18.810
18.510
18.680
18.060
18.260
18.750
18.900
19.150
19.370
18.970
18.970
18.860
19.050
18.610
18.160
17.720
17.550
17.100
16.640
16.580
17.210
18.430
18.310
17.810
17.310
18.010
18.720
18.450
18.250
18.380
18.350
18.440
18.700
17.100
16.560
16.000
16.710
16.670
16.000
15.770
16.830
15.110
15.200
14.830
14.810
15.970
14.780
15.300
16.120
15.800
15.500
15.090
16.390
17.800
17.170
17.540
18.240
18.310
17.360
17.250
16.570
16.790
18.480
19.450
20.690
20.510
21.320
21.110
21.310
21.790
21.910
20.880
19.710
20.000
18.800
19.120
19.180
19.100
19.780
21.020
20.200
20.450
20.000
19.930
19.800
19.020
19.300
19.720
19.800
20.290
20.000
19.500
18.000
18.650
18.490
18.700
19.290
19.720
18.780
18.260
17.910
18.650
18.200
18.580
17.850
17.120
17.060
16.350
16.230
16.200
16.650
16.620
16.530
16.100
15.870
15.850
16.520
17.110
17.360
17.360
17.450
17.120
17.230
17.600
17.500
17.890
17.480
17.350
17.220
17.000
17.040
16.120
15.930
15.900
16.260
15.870
16.050
16.090
15.480
15.400
15.230
15.230
15.070
15.180
15.330
15.120
14.960
14.990
15.270
15.120
14.570
14.110
14.000
13.800
14.470
14.910
15.210
15.050
14.410
14.380
13.760
14.110
14.160
14.900
15.150
15.060
