8.260
8.210
8.300
8.210
8.080
8.140
8.090
8.150
8.040
7.990
8.320
8.380
8.450
8.330
8.600
8.120
7.860
7.640
7.900
7.840
7.910
7.660
7.530
7.500
7.300
7.630
7.870
7.800
7.670
7.470
8.010
8.490
8.490
8.600
8.430
8.190
8.380
8.360
8.210
8.600
8.300
8.760
9.150
8.980
8.750
8.930
8.730
8.490
8.350
8.300
8.820
9.090
9.580
9.540
9.370
10.170
10.600
11.120
12.350
15.250
15.910
16.150
15.990
15.700
15.650
15.890
15.640
15.630
15.600
15.650
15.910
15.740
15.380
15.430
15.410
15.450
15.740
16.520
15.900
17.590
15.950
16.160
16.230
15.680
15.880
16.000
16.010
15.800
15.720
15.800
16.000
16.000
14.460
13.800
14.100
13.880
13.960
14.010
13.970
13.930
13.880
13.500
13.450
13.500
13.500
13.600
13.580
13.500
12.990
13.290
12.900
12.870
12.880
12.100
13.800
13.900
13.760
13.850
13.800
13.900
13.830
14.170
13.000
13.190
13.400
13.030
14.400
14.100
14.140
14.130
14.460
14.400
14.170
12.830
11.770
11.670
11.700
10.240
12.810
12.870
12.790
12.690
11.730
13.750
13.860
13.600
13.300
14.360
14.510
14.240
14.050
14.070
14.190
13.910
14.160
14.360
14.470
14.430
14.110
13.960
14.080
12.970
13.030
12.510
12.490
12.200
11.810
12.500
12.450
12.550
12.690
12.580
12.450
12.230
12.280
12.110
12.100
12.140
12.470
12.180
12.180
12.100
11.690
11.800
11.800
11.790
12.150
12.290
11.980
11.800
11.420
11.050
10.900
11.110
11.090
11.030
11.220
11.240
11.220
11.180
10.970
10.820
11.100
11.190
11.110
11.400
11.320
10.980
10.620
10.680
10.500
10.510
10.490
10.440
10.550
10.500
10.530
10.650
9.710
9.510
9.930
9.930
9.920
9.950
9.760
9.720
9.750
10.530
10.110
10.150
10.400
10.300
10.150
10.050
9.950
10.010
10.190
10.110
9.850
10.130
9.210
9.250
9.000
9.000
8.900
9.040
8.870
8.770
8.830
8.520
8.660
8.440
8.140
8.410
8.250
8.280
8.200
7.700
7.700
8.130
8.150
8.110
8.240
8.250
8.190
8.300
8.030
7.700
7.800
7.760
7.880
7.910
7.850
7.720
7.650
7.850
7.930
7.650
7.590
7.700
7.900
7.740
8.120
8.780
8.730
8.630
8.390
8.450
8.620
8.740
8.400
8.400
8.300
8.490
9.340
9.250
9.360
9.600
9.710
9.480
8.780
8.740
8.740
8.480
8.550
8.590
8.320
8.510
8.440
8.230
8.480
8.560
8.480
8.390
8.010
7.700
7.790
7.800
7.550
7.450
7.550
7.400
7.450
7.280
7.360
7.400
6.990
6.960
7.710
8.050
8.740
9.000
8.910
8.970
8.760
9.010
8.660
8.400
7.830
8.310
8.130
7.860
7.640
7.860
7.710
8.320
8.690
9.440
9.540
9.330
9.630
9.800
9.350
8.800
10.050
9.010
10.160
10.150
11.300
12.500
13.150
13.130
12.510
14.550
14.540
14.510
12.600
12.240
12.190
12.350
12.250
12.520
12.510
12.280
12.020
11.980
11.740
11.170
11.400
11.200
11.060
11.540
11.780
11.720
11.400
12.580
12.330
12.400
11.880
11.500
11.150
10.720
10.400
10.170
9.960
10.150
10.700
9.830
10.380
10.810
10.380
10.370
9.790
9.510
9.600
9.140
9.300
9.820
9.350
9.130
9.150
9.180
9.440
9.000
8.740
9.210
8.990
8.960
9.100
8.470
8.800
8.460
8.100
8.080
7.940
7.690
7.670
7.500
7.420
7.980
7.930
7.610
7.920
7.410
8.030
7.550
6.450
6.650
7.820
7.790
7.700
7.620
7.290
6.710
6.620
7.540
8.080
7.780
7.500
7.640
7.600
8.650
10.260
10.150
9.510
11.260
10.950
11.280
10.720
10.550
10.700
10.500
9.400
8.810
9.210
8.440
9.200
9.410
10.100
9.700
9.370
11.160
12.110
11.160
11.220
10.550
10.470
9.960
8.870
10.800
10.740
10.580
9.280
7.760
7.970
8.880
12.030
10.940
13.480
14.600
13.540
16.610
17.000
18.800
18.850
18.510
20.210
21.280
19.830
20.180
19.560
18.170
18.030
17.430
17.390
18.200
19.510
18.430
19.120
18.160
16.300
16.350
17.460
17.540
16.900
16.990
18.130
17.400
17.580
17.870
15.600
15.670
15.600
14.900
14.520
13.590
13.060
13.500
13.660
14.000
13.630
13.680
13.180
13.980
14.070
13.970
14.390
14.310
13.320
13.930
13.860
13.400
14.500
15.300
15.200
14.510
15.380
15.500
14.140
14.110
13.900
13.510
13.200
15.250
15.140
13.760
12.510
11.370
10.340
9.680
9.000
8.400
8.510
8.400
8.400
7.900
8.080
8.240
8.110
8.130
7.820
7.700
7.300
7.150
6.960
6.930
6.800
6.750
7.020
6.990
6.900
6.960
6.520
6.570
6.530
6.640
6.770
6.780
6.750
6.740
6.480
6.830
6.980
7.030
7.210
7.330
7.110
7.120
6.760
6.530
7.090
7.060
7.400
7.380
7.210
7.200
7.450
7.580
7.530
7.630
7.280
7.270
7.210
7.300
7.350
7.160
7.010
7.000
7.200
7.090
7.440
7.300
7.520
7.500
7.490
7.400
7.240
7.460
7.650
7.680
7.450
7.230
7.140
7.370
7.700
7.790
7.890
7.780
7.860
8.030
8.740
8.770
8.100
7.080
6.360
6.300
6.000
5.770
5.900
5.710
5.470
5.590
5.550
5.500
5.610
5.910
5.850
5.820
5.880
5.740
5.740
5.830
5.830
5.880
5.880
5.830
5.700
5.670
5.590
5.910
5.700
5.460
5.470
5.160
5.240
5.270
5.320
5.300
5.200
5.000
4.770
4.790
4.650
4.640
4.560
4.510
4.490
4.480
4.490
4.450
4.380
4.360
4.350
4.420
4.360
4.410
4.450
4.520
4.570
4.580
4.430
4.380
4.400
4.390
4.370
