14.280
14.410
14.180
14.090
14.000
13.990
13.820
14.080
14.130
14.160
13.820
14.360
14.350
14.450
14.170
14.400
13.580
13.180
12.820
13.350
13.260
13.400
13.090
13.030
12.730
12.400
12.830
12.950
13.050
12.700
12.410
13.090
13.560
13.760
13.700
13.320
13.000
12.970
13.300
13.660
14.170
14.060
14.410
14.770
14.960
14.630
14.740
14.630
14.850
15.610
15.550
17.010
17.060
17.190
17.760
17.890
18.250
18.470
18.680
18.990
17.940
18.350
18.270
18.360
18.030
17.650
18.180
18.570
18.270
18.270
18.420
18.770
18.970
19.180
18.980
19.350
19.300
18.980
19.220
19.220
19.350
18.930
18.770
18.700
18.110
17.920
18.240
18.430
18.270
18.890
18.350
18.230
18.180
18.050
18.180
18.080
18.840
19.290
18.760
18.700
19.040
19.170
18.680
18.780
18.070
18.920
17.820
17.750
18.570
18.900
17.660
17.310
17.450
17.900
17.600
19.180
20.150
19.920
19.890
19.550
19.140
19.150
19.150
18.770
18.540
18.620
18.660
18.800
19.080
19.410
19.150
19.390
19.240
19.330
19.790
19.830
19.250
19.020
19.180
20.730
20.920
21.570
21.400
21.290
21.700
22.260
22.210
22.340
22.650
22.340
22.310
22.490
22.660
22.430
22.620
22.690
23.090
23.150
23.230
22.980
22.740
22.550
23.080
23.050
23.820
23.800
24.080
23.980
24.220
23.910
23.010
22.990
23.000
23.380
22.750
22.900
22.730
22.740
22.920
23.090
23.010
23.040
22.160
21.930
21.920
22.150
21.850
22.670
22.980
22.800
22.590
22.860
22.650
23.090
23.100
24.170
24.160
24.110
24.130
23.710
23.630
24.160
24.460
24.620
24.050
23.960
23.750
24.280
23.980
24.000
25.090
25.090
25.380
25.540
25.350
24.420
24.320
25.100
25.300
25.570
23.980
23.980
23.860
23.790
23.550
24.510
25.500
25.470
26.810
26.320
26.600
26.400
26.880
26.740
26.150
27.040
28.100
28.000
27.950
28.450
28.180
28.230
28.650
29.090
29.590
28.160
27.930
28.330
28.660
28.570
25.970
26.810
25.650
25.010
26.150
25.960
25.960
26.660
24.870
25.660
24.600
22.360
21.330
21.380
20.280
20.150
20.190
20.920
20.640
19.590
19.080
19.810
19.990
19.080
19.000
18.860
19.460
19.730
20.500
22.050
21.930
21.620
19.650
19.850
19.970
20.300
19.700
19.740
19.530
20.120
21.660
21.650
22.320
22.580
22.100
22.000
21.690
21.130
21.810
22.910
22.450
21.810
22.250
22.190
21.170
21.950
21.770
22.150
22.780
22.620
22.110
21.700
20.550
19.080
19.430
19.340
17.580
17.950
18.520
18.480
17.930
17.370
18.430
18.530
17.740
17.330
19.260
19.890
22.100
22.480
23.000
22.280
22.530
22.770
22.300
21.260
21.150
21.160
20.720
20.420
19.600
19.920
18.500
20.550
21.110
22.940
21.980
21.530
23.910
24.670
23.840
22.650
22.380
21.050
21.250
21.480
23.870
25.160
27.960
28.080
27.530
29.510
29.600
28.980
28.800
29.440
29.300
29.740
31.000
29.970
30.460
31.340
30.580
30.270
29.990
29.180
30.380
29.890
29.750
31.350
30.940
30.120
29.060
29.520
30.610
31.360
34.680
34.890
34.270
33.000
33.880
33.600
32.380
34.490
35.620
33.890
36.100
37.000
33.690
34.150
32.270
30.900
29.110
26.960
27.910
28.990
28.600
28.430
29.710
27.010
26.990
27.170
25.330
28.070
26.430
26.890
26.380
25.350
25.000
25.390
24.470
23.860
21.960
21.700
21.280
21.010
19.500
42.450
43.570
42.460
39.420
35.840
33.200
34.120
31.230
34.700
38.550
37.460
37.710
36.290
34.370
34.990
38.880
43.200
46.750
42.500
39.200
39.060
43.400
48.220
52.040
52.290
51.170
56.860
58.180
60.320
57.850
60.620
61.800
57.920
55.280
58.980
54.850
49.860
55.400
61.550
67.050
70.000
65.700
64.510
58.980
53.620
52.600
53.200
52.180
47.440
44.570
49.520
45.020
40.930
37.210
33.830
37.590
41.770
46.410
51.570
57.300
55.600
50.900
50.390
55.990
55.970
55.520
53.780
55.000
57.990
52.720
47.930
43.570
39.610
36.060
33.690
32.800
34.970
33.130
32.780
32.550
32.480
30.950
31.500
33.390
32.260
32.380
29.440
28.950
29.000
27.980
27.310
28.880
30.400
30.590
28.840
27.900
27.460
27.890
27.830
27.280
26.680
25.280
25.980
25.010
24.250
22.960
23.850
23.380
23.640
24.130
23.870
23.300
22.700
22.610
22.560
21.490
21.990
21.580
23.730
23.330
23.530
23.700
22.790
25.150
27.100
28.150
27.860
26.510
26.700
25.910
26.070
24.960
23.670
26.300
25.800
24.770
24.280
24.040
23.930
24.630
24.650
24.500
24.500
23.720
23.440
22.990
23.540
23.650
23.370
22.570
22.490
23.550
23.500
24.140
24.660
25.280
24.950
25.380
26.140
25.580
25.950
26.340
26.360
25.600
24.870
24.650
25.320
25.750
26.460
26.120
26.120
27.880
27.570
28.290
27.930
27.950
28.800
28.300
27.920
27.760
28.080
28.330
27.340
26.490
27.310
27.300
27.470
27.300
29.130
28.570
27.430
26.740
27.050
27.140
27.230
26.760
26.780
26.470
25.240
24.500
24.540
23.860
24.860
25.550
25.100
25.530
26.090
25.810
25.820
24.020
23.840
24.400
24.220
22.950
22.620
23.790
23.700
23.400
23.210
23.710
23.570
22.560
21.670
21.520
22.150
22.580
22.190
22.130
21.830
21.920
21.860
23.420
23.090
23.360
23.310
24.240
23.620
