20.360
20.330
20.350
20.460
19.110
18.850
18.530
18.350
18.520
18.310
18.140
18.560
18.800
18.900
19.040
19.500
19.100
19.540
19.360
19.600
19.180
19.380
19.150
18.910
18.350
18.080
18.600
18.150
18.600
18.830
18.310
19.040
21.150
21.090
20.490
20.690
20.470
20.690
20.610
20.580
21.630
20.000
19.800
19.960
20.350
20.730
20.900
19.000
19.450
19.670
19.460
19.530
19.430
19.020
19.380
18.960
18.990
19.020
18.950
18.480
18.600
19.090
18.940
19.120
18.690
17.850
18.410
18.380
18.250
17.890
17.910
18.040
17.770
17.930
17.780
18.000
18.250
18.000
17.790
17.620
17.800
17.160
17.320
17.290
16.870
17.040
17.260
17.190
17.210
17.580
17.840
17.430
17.730
17.700
17.470
17.340
17.430
17.470
17.840
18.050
18.080
16.440
16.310
16.640
15.130
15.350
15.350
15.110
14.790
15.100
14.650
13.970
14.380
14.690
14.450
15.570
15.640
15.660
15.710
15.660
16.390
16.900
16.690
16.690
16.470
16.470
16.530
16.740
16.660
16.870
16.890
17.000
16.760
16.900
17.460
17.460
17.420
17.460
17.510
18.830
18.760
18.900
19.020
18.410
18.510
18.820
19.200
18.200
18.880
19.000
18.630
18.660
18.550
18.500
18.460
18.120
18.220
18.190
18.010
17.960
18.000
17.940
18.410
18.230
18.380
18.350
18.070
18.150
18.260
18.370
18.460
18.490
18.490
18.480
18.600
18.780
18.470
19.170
19.130
19.270
18.360
18.210
17.590
17.590
17.740
17.540
17.200
17.760
17.460
17.110
17.120
16.980
16.980
17.220
16.850
17.700
18.020
18.200
17.870
17.770
17.860
17.870
17.440
17.350
17.240
17.350
16.970
16.590
16.520
16.430
16.920
16.860
17.040
16.890
16.820
16.490
16.550
17.300
17.390
17.100
17.500
17.530
17.650
17.200
17.020
17.000
17.270
17.050
18.360
18.520
19.240
18.920
17.200
17.760
16.970
15.430
15.680
15.420
15.640
15.530
15.120
15.440
15.190
14.950
15.000
14.990
15.470
15.340
15.670
15.490
15.100
14.850
14.480
14.140
14.520
14.800
14.010
14.390
13.950
13.880
14.840
14.990
14.000
14.450
14.490
14.380
13.850
13.000
13.270
13.380
12.790
12.780
13.230
12.980
12.520
12.590
12.690
12.710
12.500
27.110
27.020
26.990
26.590
28.380
29.060
28.760
29.440
26.880
27.040
27.680
27.900
27.750
28.220
27.680
28.360
31.290
30.700
30.600
31.540
31.560
30.770
32.250
31.800
33.950
34.900
32.510
31.400
32.360
31.850
29.790
31.340
31.600
32.500
33.970
32.380
31.100
30.340
27.580
25.070
24.550
24.560
23.340
23.560
24.110
24.880
23.470
22.680
24.230
24.780
23.200
22.800
23.790
24.680
27.420
27.190
26.560
26.200
25.900
26.420
26.550
26.140
25.190
24.090
23.720
24.000
21.960
22.880
22.320
24.800
25.790
26.750
26.570
25.860
27.500
27.830
27.330
27.190
28.370
25.790
27.720
25.200
28.000
28.590
31.580
31.500
33.280
36.380
36.400
35.990
36.200
36.950
36.820
36.810
37.250
37.240
37.020
38.150
38.150
37.630
38.050
37.310
36.300
34.400
35.000
36.500
35.800
35.610
35.060
36.150
32.950
31.960
34.520
35.300
35.140
34.400
34.650
35.040
34.270
35.090
36.500
34.690
35.500
36.580
36.510
36.780
34.140
33.000
32.690
30.550
30.200
32.600
31.890
31.790
32.260
32.650
33.200
30.180
28.700
31.390
28.540
27.550
26.850
25.350
25.300
25.020
23.100
23.000
21.790
21.900
21.930
22.730
22.000
23.080
21.960
22.200
22.110
21.210
20.310
20.720
18.840
19.000
20.260
20.280
20.850
19.580
18.060
17.150
17.750
19.720
20.650
19.100
18.350
20.010
22.230
24.700
25.980
26.220
25.170
27.870
28.170
27.000
26.450
27.170
27.400
25.940
24.600
24.720
24.800
23.050
25.470
25.610
26.660
24.970
25.430
28.250
28.290
26.640
26.210
26.820
26.600
24.700
23.250
21.780
19.800
19.810
22.010
24.360
26.980
28.850
27.540
30.600
34.000
36.380
36.200
35.240
39.150
41.730
40.300
40.810
42.900
44.080
42.000
41.430
43.850
44.000
45.610
45.710
44.240
41.210
39.000
37.130
41.360
37.600
34.180
33.180
33.890
33.470
32.860
32.450
30.820
31.820
31.380
30.260
29.880
28.590
27.620
28.580
28.990
29.750
29.520
29.790
28.590
29.700
29.930
31.300
30.530
30.280
29.210
29.240
28.840
28.700
31.180
32.490
32.790
31.520
32.000
34.480
34.380
34.100
33.400
30.360
29.290
29.350
29.010
28.800
28.020
28.360
28.170
28.000
28.010
27.240
27.200
24.810
24.620
25.480
25.660
24.820
24.500
25.550
25.250
25.000
23.960
22.390
22.090
22.510
22.580
22.470
22.530
22.220
21.530
21.500
21.200
20.900
21.240
22.230
22.380
22.800
22.330
22.500
23.500
23.140
22.780
21.930
21.810
22.440
21.510
21.330
20.670
20.490
20.420
20.200
20.470
20.630
20.390
20.150
20.130
20.490
19.690
19.920
19.700
20.380
20.990
19.690
19.850
19.070
18.650
20.210
20.880
21.060
21.870
22.200
21.810
21.500
21.950
21.180
22.610
25.120
27.910
25.370
24.450
24.480
24.530
24.330
24.390
24.250
23.310
23.230
23.690
23.610
24.190
24.360
24.250
24.180
24.200
24.530
23.420
23.230
23.200
23.400
23.430
23.270
23.290
23.230
23.190
23.220
23.290
22.800
22.750
22.750
22.680
22.410
22.280
22.580
22.940
22.780
22.340
22.330
22.400
22.880
23.910
23.760
23.580
23.520
23.850
