24.120
23.800
24.030
23.720
23.700
23.860
23.580
24.460
23.860
24.190
25.950
27.310
27.150
26.810
26.690
26.230
26.510
26.110
25.810
25.530
26.520
26.210
25.590
25.480
24.710
24.670
26.480
26.580
25.630
26.620
26.800
29.030
29.480
30.520
33.300
30.250
31.000
29.890
28.360
29.000
30.660
30.600
32.390
34.080
33.630
31.010
30.530
31.110
29.670
27.750
27.710
26.470
28.350
28.770
29.930
30.060
27.380
24.890
22.630
20.570
18.700
17.000
15.270
15.380
15.560
15.790
15.560
15.470
15.480
15.610
15.580
15.570
15.810
15.790
15.500
15.500
15.210
15.370
15.460
15.510
15.590
15.810
15.510
15.540
15.580
15.590
15.690
15.700
15.860
15.900
15.820
15.630
15.200
15.070
15.190
15.120
15.030
14.950
14.800
14.530
14.580
14.460
14.400
14.640
14.470
14.310
14.420
14.540
14.270
14.060
14.140
13.840
13.500
14.320
14.810
15.050
15.120
15.220
15.580
14.810
14.750
14.590
14.450
14.610
14.530
14.640
14.520
14.290
14.400
14.610
14.480
14.330
14.250
13.990
13.910
13.900
13.910
14.870
14.920
14.940
14.930
14.760
15.080
15.580
15.500
15.600
15.750
15.480
15.650
15.770
15.800
15.800
16.000
16.040
16.120
15.950
16.020
15.810
15.750
15.430
15.850
15.950
15.650
15.580
15.610
15.960
16.310
16.600
16.520
16.480
16.420
16.270
16.220
15.950
15.980
16.270
16.170
16.040
16.080
15.840
15.590
15.560
15.540
15.300
15.820
16.300
15.900
15.750
16.060
15.920
15.730
15.870
16.070
16.720
16.850
17.080
16.280
16.080
15.680
15.990
15.670
15.920
14.910
14.740
14.540
15.000
14.900
15.150
14.540
14.650
14.310
14.440
14.240
14.130
14.180
14.520
14.400
14.170
14.210
14.230
14.290
14.180
14.100
14.450
14.280
14.610
15.120
14.760
14.660
14.900
14.860
14.560
14.630
14.700
14.750
14.550
14.150
14.570
14.570
14.500
14.560
14.690
14.610
14.650
14.580
14.790
14.670
14.480
13.850
14.700
13.910
13.900
14.020
14.120
13.900
13.150
13.090
13.180
13.890
13.870
13.830
13.810
13.380
13.380
12.880
12.670
12.860
12.580
12.890
12.830
12.990
12.600
12.700
12.630
13.030
13.000
12.900
12.520
12.900
12.900
12.810
13.630
14.080
14.110
13.510
13.460
13.300
13.630
13.450
13.210
13.600
13.640
13.610
14.620
14.520
14.760
14.670
14.800
14.600
14.750
14.180
14.300
14.220
13.720
13.510
14.030
13.600
13.320
13.950
14.020
14.120
14.120
14.220
14.190
13.610
13.050
13.000
12.860
12.650
12.210
12.510
12.670
12.330
13.200
12.900
13.220
12.570
12.020
12.080
13.010
13.280
14.180
14.470
14.500
14.290
14.280
14.050
13.780
13.020
13.680
13.380
12.980
12.900
12.620
12.570
12.600
12.350
13.280
14.520
14.020
14.520
15.450
14.960
14.450
14.700
13.880
14.460
14.030
14.370
15.300
16.280
17.410
16.970
18.860
20.730
20.320
19.710
20.200
20.540
20.110
20.900
21.200
21.130
21.340
20.820
20.400
20.300
19.650
19.780
20.110
19.900
21.340
21.120
20.610
20.960
20.110
21.410
19.520
20.790
22.900
23.080
22.650
22.800
23.450
22.900
23.020
24.180
22.500
22.820
23.350
23.010
23.000
22.100
21.660
21.070
20.720
20.350
20.600
20.910
20.660
21.250
20.460
21.850
20.010
18.750
18.210
19.710
19.660
20.020
19.210
19.280
19.510
18.500
17.350
17.220
16.810
16.310
16.900
16.440
15.900
16.290
16.310
16.690
16.230
16.190
15.400
14.030
14.220
15.380
14.800
14.820
13.100
13.130
12.910
14.340
15.930
15.500
14.460
14.110
15.680
17.420
19.000
20.680
19.030
21.130
22.180
22.450
21.810
21.660
21.690
21.150
20.200
19.800
20.360
18.200
18.810
17.350
17.980
16.980
18.110
20.120
21.920
20.700
20.050
20.000
18.520
18.530
20.590
20.090
22.320
24.800
26.450
26.800
23.980
26.070
28.120
26.400
26.340
25.900
25.310
25.500
24.460
24.640
24.660
24.260
22.600
23.870
23.660
22.260
21.430
22.710
23.900
23.840
22.820
23.450
22.390
22.790
22.510
22.640
20.500
21.200
20.510
20.620
20.050
19.050
18.710
19.870
19.350
19.580
18.920
18.640
18.390
19.350
19.080
19.420
19.100
18.240
18.100
18.700
17.990
18.310
19.260
19.720
19.120
18.010
19.350
20.270
19.660
19.480
18.910
18.650
18.510
18.430
18.520
18.700
18.460
18.720
18.900
18.900
18.800
18.520
18.570
17.750
17.640
18.100
18.290
18.050
18.030
19.150
19.430
19.560
18.900
17.000
16.770
16.330
16.460
16.330
16.300
16.300
15.750
15.220
15.070
15.010
14.960
15.750
16.060
15.980
15.710
15.380
15.350
15.510
15.420
15.580
15.600
15.520
15.520
14.920
14.620
14.760
14.920
14.790
14.750
14.800
15.030
14.960
14.920
14.670
14.270
14.430
14.300
15.110
15.770
15.510
15.540
15.390
15.300
15.900
16.280
16.380
16.910
17.070
16.830
16.710
15.390
15.410
15.650
15.780
16.780
16.150
16.320
15.970
16.700
16.070
15.810
15.400
15.400
15.450
15.910
16.020
16.660
16.900
17.050
16.550
16.880
17.100
16.950
17.480
17.730
17.520
17.100
16.750
16.810
17.310
17.600
17.560
17.690
17.980
17.880
18.010
17.760
16.020
15.990
15.390
15.320
15.070
14.820
14.900
14.900
14.840
14.700
15.150
14.880
14.730
15.100
15.200
15.140
15.180
15.310
15.190
15.400
15.130
15.130
15.030
14.550
14.200
14.200
14.420
14.400
14.650
14.900
14.880
14.990
14.500
14.400
14.310
