17.750
18.110
17.830
17.910
17.900
18.160
17.790
17.900
18.220
17.950
18.660
19.500
19.200
18.700
18.850
18.530
18.650
18.650
18.240
19.200
19.650
20.240
19.390
20.480
20.080
20.210
22.050
24.500
23.730
21.570
20.400
18.950
19.240
17.490
15.900
14.660
13.830
13.820
13.800
13.700
14.100
14.000
14.490
15.000
14.590
14.460
14.390
14.130
13.940
13.930
14.000
14.810
14.920
15.220
15.050
16.320
16.830
17.390
16.770
17.080
17.460
16.690
16.880
17.190
16.990
17.090
16.730
16.680
15.880
15.880
15.780
15.850
16.350
16.400
16.270
16.420
16.140
16.220
16.420
16.300
16.460
16.630
16.730
16.800
16.390
16.350
16.640
16.680
16.460
16.610
16.500
16.520
16.330
16.120
15.820
15.970
15.850
16.200
16.190
16.080
16.120
15.940
15.690
15.940
15.780
15.900
15.650
15.230
15.550
15.450
15.150
15.020
15.270
14.880
16.000
16.890
17.260
16.710
17.210
17.170
16.800
16.510
16.320
16.130
16.220
16.510
16.990
16.890
16.720
16.890
17.140
17.020
16.890
17.030
15.480
15.270
15.530
15.500
17.050
16.920
17.250
17.070
16.900
17.600
18.390
18.230
18.400
18.370
18.420
18.350
19.010
19.270
19.140
19.090
19.250
19.670
19.280
18.710
18.660
18.300
18.070
18.420
18.320
18.350
18.400
18.060
18.000
18.660
18.610
18.870
18.840
18.590
18.860
18.940
18.670
18.260
18.900
18.680
18.950
18.500
18.480
17.990
17.840
17.820
18.290
18.500
19.930
19.960
20.200
20.340
20.280
20.890
21.100
21.040
19.130
18.910
19.280
19.450
18.970
18.920
18.560
18.880
18.740
18.950
19.740
19.510
19.440
19.480
19.190
18.760
18.610
19.330
19.420
19.200
18.950
19.360
19.480
19.280
19.300
18.770
19.000
18.950
20.290
19.890
20.130
21.000
21.300
21.000
21.180
21.080
21.150
20.810
20.480
20.890
21.520
21.440
21.650
22.540
22.170
22.050
22.200
22.620
22.560
22.890
21.330
22.000
21.180
19.250
17.500
17.200
17.330
17.030
16.430
16.600
16.960
17.140
16.930
16.850
17.020
17.090
16.900
16.200
15.960
16.010
15.650
15.700
15.980
15.560
15.280
15.300
16.070
15.890
15.660
16.150
16.190
16.700
16.580
17.170
18.900
18.400
18.620
17.620
17.460
17.480
16.640
16.450
17.180
17.270
16.950
18.300
18.560
18.710
18.840
18.910
18.480
18.360
17.800
18.200
18.430
18.260
17.340
17.730
17.350
16.500
16.880
17.210
17.120
17.710
17.570
17.440
17.100
15.940
15.230
15.240
15.240
14.640
14.500
14.770
15.380
15.120
14.750
15.600
15.800
14.930
14.540
16.150
17.330
19.250
18.350
17.840
17.500
17.750
17.770
17.290
16.600
16.370
16.350
15.800
15.770
15.140
15.330
14.800
16.430
17.410
17.330
16.790
16.460
17.470
17.400
16.400
15.680
16.830
16.000
17.360
16.650
18.500
18.940
21.040
20.480
22.410
24.900
25.350
25.100
24.800
26.030
25.830
26.450
26.420
26.680
27.230
26.680
25.900
26.580
26.050
23.680
23.700
23.760
24.400
25.490
24.750
25.600
24.400
25.120
25.050
24.990
27.300
28.380
28.160
27.800
29.440
27.410
26.390
26.320
27.100
25.380
26.600
27.700
27.110
26.240
23.850
23.040
22.510
20.710
21.020
22.320
22.840
22.100
23.080
23.430
24.200
22.610
24.290
23.820
22.080
21.890
20.970
20.550
20.440
21.990
20.850
21.650
19.680
20.000
19.200
18.000
18.010
19.490
17.720
19.690
20.060
20.000
20.470
19.280
17.780
17.720
19.690
21.880
24.310
22.100
22.390
24.880
27.640
30.710
34.110
37.900
35.990
39.990
39.900
39.030
37.310
34.360
33.720
30.650
28.050
29.030
28.630
26.030
28.900
31.380
32.340
29.400
32.670
36.300
36.530
33.210
30.190
28.480
26.350
24.580
27.080
30.090
28.140
25.580
23.250
21.140
23.490
26.100
29.000
32.220
35.800
39.780
37.340
41.490
46.100
50.000
46.000
44.000
48.890
52.500
49.820
55.350
61.500
58.460
57.910
55.590
56.600
53.420
54.400
57.510
60.240
58.150
57.000
54.090
60.100
56.700
52.000
49.900
50.410
47.620
43.290
39.350
37.610
36.180
39.680
41.110
81.000
76.890
69.900
68.900
69.050
70.900
66.490
60.800
59.770
59.500
61.910
61.100
60.000
57.030
54.680
59.110
58.940
60.190
65.500
65.200
64.400
63.800
61.400
62.810
57.100
52.260
49.290
45.610
44.910
46.980
48.990
51.400
48.320
46.860
42.600
43.010
41.880
38.600
40.090
39.330
38.610
42.900
42.690
40.050
36.410
38.050
36.100
35.950
33.000
30.000
29.970
30.100
29.540
28.860
27.510
25.010
23.850
24.390
24.900
24.910
24.520
24.800
25.000
22.870
22.770
22.340
22.280
21.900
21.890
23.330
23.300
23.960
23.790
23.700
22.060
21.890
21.640
21.470
22.390
21.800
21.600
20.250
19.300
18.850
19.440
19.820
20.280
20.000
21.050
21.790
21.800
21.780
20.920
21.780
21.600
21.480
21.660
21.030
21.270
21.580
21.690
20.830
20.930
19.030
18.750
18.700
19.940
19.310
19.100
19.400
19.070
19.000
19.280
18.780
18.590
18.310
18.060
17.700
18.100
18.100
18.990
19.410
19.330
19.400
19.020
19.480
19.200
18.660
18.560
18.500
18.730
18.290
18.620
18.730
19.080
18.360
18.100
18.620
18.980
18.740
18.650
18.170
18.450
18.600
19.700
19.690
18.310
17.940
19.290
17.790
16.170
15.840
16.050
16.380
16.680
