12.470
12.140
12.060
12.030
11.780
11.960
11.530
11.790
11.730
11.880
11.780
12.710
13.170
13.280
12.980
12.910
12.800
12.680
12.600
12.880
12.330
12.510
12.150
11.870
11.610
11.680
12.000
12.100
12.070
11.950
11.650
12.600
12.950
12.880
13.150
12.720
12.510
12.760
12.830
12.730
12.930
12.590
13.280
13.520
13.300
13.600
13.650
13.540
13.950
14.390
14.030
15.200
15.480
15.500
16.290
16.260
18.050
18.720
18.770
18.610
18.010
18.550
18.510
18.410
18.460
17.920
18.840
19.000
19.300
18.550
18.100
18.040
18.330
18.010
17.860
18.270
18.160
18.700
19.150
19.260
19.440
19.400
19.110
18.960
19.270
19.140
20.110
19.250
19.510
21.660
19.690
18.870
19.130
19.060
20.080
18.250
16.590
15.080
14.900
15.720
16.050
15.950
15.900
16.400
16.180
16.050
15.560
15.770
15.360
15.190
15.420
15.160
15.100
14.900
14.970
15.030
15.030
15.600
15.250
15.110
14.740
14.420
14.420
14.600
14.740
14.550
14.600
14.360
14.050
14.650
14.680
14.380
13.910
14.040
13.990
13.660
13.570
14.090
14.000
13.890
15.080
14.950
15.070
15.270
14.640
14.900
15.220
15.190
15.460
14.510
14.730
14.810
14.830
14.750
14.820
14.100
14.040
13.990
14.020
13.880
13.620
13.480
13.730
13.570
13.610
13.770
13.140
13.170
12.670
12.930
13.580
13.730
14.030
13.710
13.670
13.770
13.900
12.980
12.990
12.940
12.610
12.730
12.470
12.190
12.000
11.970
12.910
12.780
12.490
12.200
12.540
13.300
13.070
14.120
14.700
14.290
14.510
14.030
14.100
14.530
14.580
14.900
15.620
15.350
15.400
15.230
14.420
14.810
15.080
15.260
14.930
14.900
13.970
13.180
13.510
14.050
14.690
13.350
12.800
12.460
11.940
11.600
11.280
11.570
11.620
11.350
11.050
11.360
11.410
11.290
10.790
10.990
10.850
10.370
10.160
11.290
11.150
12.390
12.170
12.370
12.190
12.040
12.380
12.320
11.740
11.790
11.990
11.800
11.910
10.830
10.900
10.470
10.960
11.360
12.620
12.650
12.310
12.030
11.300
10.720
10.360
11.330
10.920
11.740
11.930
13.260
13.590
15.090
15.020
14.400
15.850
16.070
15.970
15.900
16.480
16.070
15.830
16.330
16.290
16.210
16.480
15.990
16.070
16.060
15.730
15.840
15.850
16.420
15.620
15.800
15.950
16.560
18.400
20.440
19.370
19.600
18.200
16.830
15.300
14.930
15.260
15.490
15.220
15.050
14.550
15.770
15.640
16.190
16.630
16.530
16.110
16.450
16.730
15.800
15.310
14.720
14.510
14.380
14.750
15.240
14.750
14.810
14.120
13.980
13.830
13.880
14.200
13.750
13.450
13.650
13.600
13.740
13.690
13.480
13.310
12.980
12.870
12.970
13.160
12.620
12.490
12.740
12.920
12.490
12.790
12.230
11.930
11.850
12.200
12.000
12.300
12.230
11.900
11.900
11.730
11.470
11.690
11.870
11.440
11.230
11.060
11.260
11.580
11.650
11.600
11.710
11.700
11.820
11.680
11.390
10.880
10.900
10.810
10.800
10.950
10.800
10.990
11.180
11.250
11.370
10.860
10.960
10.860
11.130
11.560
11.470
11.460
10.970
11.070
11.760
11.960
12.190
12.460
12.790
12.520
12.330
12.200
11.650
12.790
13.000
12.500
12.600
12.160
12.060
12.570
12.760
12.350
11.870
11.620
11.870
11.680
12.140
12.120
12.120
11.670
11.670
12.040
11.870
12.740
13.050
13.300
13.420
13.470
13.940
13.040
13.290
13.590
13.540
13.160
13.780
13.300
13.340
12.900
13.100
12.460
12.330
12.920
13.200
12.750
12.800
11.640
11.090
10.080
9.550
9.480
9.410
9.490
9.310
9.330
9.080
8.940
8.640
8.480
8.680
8.580
8.880
9.020
8.960
8.850
8.980
9.030
8.840
8.690
8.670
8.740
8.720
8.510
8.520
8.490
8.530
8.460
8.310
8.430
8.490
8.250
8.070
7.910
7.860
8.020
8.270
8.260
8.350
8.380
8.370
8.510
8.700
8.870
8.760
8.770
8.800
