8.300
8.250
8.210
8.180
8.140
8.170
8.130
8.240
8.060
7.920
8.110
8.310
8.390
8.460
8.480
8.350
8.320
8.180
8.200
8.290
8.410
8.280
8.180
8.360
7.630
7.690
8.020
7.950
7.640
7.590
7.740
8.000
8.260
8.200
8.310
7.970
8.040
8.000
7.800
8.250
8.560
8.710
9.150
9.620
9.410
9.570
9.460
9.200
9.110
9.010
9.110
9.330
9.400
9.310
9.730
10.180
10.680
10.430
10.410
10.240
10.270
9.980
10.040
10.020
10.060
9.920
10.000
10.000
10.050
9.920
9.820
9.930
10.080
9.900
9.950
10.100
9.860
9.860
9.560
9.550
9.720
9.860
9.890
9.560
9.370
9.510
9.780
9.750
9.790
9.800
9.760
9.780
9.690
9.390
9.490
9.580
9.630
9.770
9.780
9.780
9.720
9.530
9.570
9.460
9.380
9.400
9.330
9.250
9.300
9.280
9.090
8.980
9.120
8.910
8.880
9.710
9.930
9.910
10.110
10.210
10.260
10.210
10.150
10.110
10.000
10.120
10.720
10.980
10.830
10.710
10.660
10.530
10.540
11.000
11.220
11.160
11.180
11.180
11.130
11.190
11.290
11.980
12.050
12.070
11.640
11.730
11.590
11.640
11.600
11.690
11.280
11.330
11.050
11.180
11.050
11.170
11.880
11.800
11.840
11.760
11.230
11.300
11.600
11.130
11.020
10.740
10.900
10.710
10.900
10.850
10.510
11.020
10.800
11.220
12.240
12.040
12.180
12.250
12.180
11.850
11.550
11.830
11.860
11.260
10.640
10.620
10.450
10.360
10.510
10.520
10.470
10.620
10.450
10.520
10.200
9.930
9.720
10.240
9.960
10.050
10.300
10.300
10.180
9.890
9.640
9.840
10.290
10.350
10.530
10.800
21.210
20.450
18.470
18.030
18.220
17.200
17.890
17.920
17.850
16.620
16.900
16.500
17.870
17.530
17.510
17.300
17.980
18.450
18.900
21.000
21.700
21.900
20.650
20.650
20.400
20.710
19.700
19.450
19.960
19.800
19.180
20.600
20.770
20.840
20.280
20.360
19.890
20.600
19.140
19.130
18.800
18.600
17.800
18.300
17.470
16.860
17.570
17.510
17.530
18.010
17.660
17.510
17.000
16.250
16.000
16.070
15.600
14.800
15.030
15.020
14.600
15.400
15.020
16.210
15.300
14.440
15.320
16.280
17.370
18.360
18.650
19.060
18.610
18.820
18.710
18.140
17.220
17.650
17.810
16.920
16.610
16.250
15.630
15.020
15.000
16.610
18.010
16.820
17.540
18.400
17.770
17.100
17.090
15.780
16.300
16.700
17.730
18.330
20.250
21.520
21.160
23.510
26.120
26.870
26.430
26.770
27.670
26.400
27.300
24.500
23.210
23.310
23.500
22.890
22.130
21.400
21.530
21.510
21.320
22.020
21.720
21.300
21.160
20.400
22.050
20.420
22.280
24.560
24.900
23.690
23.850
23.500
22.250
22.150
23.300
21.680
21.800
23.000
22.630
22.510
22.340
22.820
22.220
21.160
20.660
20.280
20.250
20.110
20.010
19.300
20.800
20.010
18.840
18.970
20.500
20.280
20.720
20.080
20.180
19.910
19.400
18.300
18.000
18.090
17.300
17.960
17.100
16.390
17.000
17.700
17.420
16.800
15.780
16.170
14.600
13.100
14.400
15.410
15.210
15.100
13.180
13.120
12.300
13.490
14.920
14.750
13.520
13.450
14.880
16.530
18.350
20.190
19.430
21.520
23.500
24.000
22.900
23.210
23.300
22.220
20.770
19.490
19.680
17.980
17.210
18.640
20.710
20.010
22.190
24.660
26.700
25.650
25.020
25.010
24.030
21.150
20.320
22.580
20.530
22.810
25.340
28.160
31.290
34.770
38.630
42.920
45.330
39.880
37.320
36.800
34.960
35.060
37.920
40.700
41.050
39.710
34.760
34.400
37.000
34.500
34.010
35.700
33.560
32.420
29.010
27.260
25.520
27.230
26.500
25.350
23.810
22.510
22.030
22.250
21.980
22.620
23.100
35.000
35.070
37.900
38.000
35.200
33.800
29.640
29.730
31.500
27.380
28.220
29.740
29.310
27.580
26.990
28.050
28.780
27.700
27.210
26.620
26.530
26.520
25.090
25.600
26.090
25.360
26.010
25.370
24.960
24.870
24.650
25.200
24.500
24.350
24.680
24.020
23.470
23.750
24.120
23.900
24.070
23.850
22.010
22.000
21.830
21.910
21.710
21.550
20.890
20.690
20.530
20.200
20.130
20.250
21.050
21.200
21.510
21.030
21.460
21.620
22.040
21.810
22.600
22.680
22.570
22.560
21.790
21.350
21.480
21.520
21.380
21.320
21.400
21.400
21.700
21.800
21.200
20.880
20.200
19.150
19.000
19.530
19.550
19.330
18.900
19.180
20.590
21.560
21.710
22.000
21.710
21.250
21.040
20.050
20.110
21.330
21.530
22.790
21.960
21.900
21.890
22.680
22.780
22.770
22.330
22.200
22.120
22.140
22.150
21.700
21.240
21.030
21.250
22.170
22.110
23.780
24.210
24.130
24.020
24.090
23.510
23.530
24.010
23.920
23.530
23.150
22.800
22.900
24.320
24.840
24.400
23.870
24.680
24.610
24.970
24.930
25.710
25.290
25.790
26.130
25.700
24.260
23.980
22.950
22.700
22.520
22.590
22.150
21.920
22.200
23.300
22.960
23.000
23.370
23.700
22.610
22.960
21.960
22.100
21.380
21.150
20.850
20.610
20.630
21.240
21.640
21.360
21.310
21.160
20.860
20.410
20.490
20.550
20.730
20.160
20.110
20.120
20.090
19.830
19.510
19.380
19.580
19.320
19.200
18.820
18.410
18.020
18.700
19.370
19.390
19.770
19.540
19.730
19.900
20.060
19.830
19.700
19.880
19.600
