387435.69
262396.91
345486.72
288167.59
248947.27
105532.28
113745.99
203839.52
187080.08
190674.56
249521.92
369087.97
488768.09
175465.06
200541.98
119459.72
157357.02
70688.00
105846.17
95427.94
130154.80
127633.12
106407.44
176461.28
204640.06
229387.28
117114.65
132894.55
217963.64
115275.55
187740.69
174124.66
79228.63
120356.29
128334.79
154798.66
109071.37
204895.16
139866.44
96677.06
110249.27
107590.95
176230.44
156425.06
238767.64
132589.91
223683.36
317451.72
164703.98
257024.00
93546.14
89465.20
64894.31
62649.11
94291.28
90573.90
88460.14
89744.82
191927.55
146153.81
74045.44
72031.66
72362.81
105191.07
99456.14
107703.14
143334.48
103444.04
154054.08
84944.88
98945.50
112533.13
104552.14
137087.88
186030.16
148255.33
210603.12
184917.30
122376.79
111767.81
53412.36
52981.44
70413.47
66115.98
49352.60
92396.41
70838.18
49958.50
32874.56
32537.86
22366.27
24721.50
21983.88
32114.61
29396.73
46819.72
30658.60
25134.31
25449.70
20180.91
12.00
25587.75
36414.75
22904.50
32191.40
72062.67
62932.13
55606.33
60721.43
74367.65
23866.00
28967.25
48251.70
15696.45
32543.08
23049.62
48013.48
63680.06
34740.41
23481.82
20931.09
33728.42
31954.49
33771.56
57729.47
36524.68
34370.10
29945.01
34489.51
26444.72
36024.70
32311.40
36153.54
86214.38
57994.83
66370.97
57513.84
82593.13
51010.58
79332.84
38311.84
41200.55
57467.74
55837.06
109387.20
63726.28
57425.72
52990.53
75411.87
142015.00
270665.75
48640.93
90280.67
74572.00
45069.15
43021.75
68223.42
38342.67
49622.90
67224.52
64864.76
69772.27
157879.03
79241.21
115648.33
53603.40
58926.67
39405.88
58317.85
38584.48
43503.62
26000.75
54297.72
120006.28
62436.69
48686.17
56480.48
82332.11
74539.55
53092.74
71610.84
106227.62
81060.51
82166.36
107586.88
108696.22
120348.07
139450.06
169809.44
180296.42
241491.55
225687.27
334634.06
239949.70
97651.31
62496.64
83709.60
79116.24
130162.01
156796.62
232357.23
135807.47
75230.01
141620.02
130459.67
81955.89
81756.23
123799.19
220097.94
118286.59
122499.48
145852.47
219131.11
186350.27
312628.81
129642.73
169265.11
276759.09
204035.38
272075.25
273657.12
380641.06
219477.80
255691.58
242161.05
290002.75
431072.59
269023.78
322101.12
423443.66
682356.75
686805.62
522164.25
576703.94
721634.81
503885.12
551608.31
819780.19
10226.05
324255.97
167782.98
359719.34
416153.69
398423.47
316551.84
253248.30
191939.02
246477.52
129787.08
89822.50
100540.96
123720.27
121731.94
138854.31
158099.75
135813.69
171380.48
211377.27
266502.47
205994.12
210966.45
185451.73
148162.67
106160.78
227238.92
415708.31
124139.31
166020.33
196098.94
104691.08
196444.56
126915.83
134819.20
131763.69
183657.41
257575.23
392508.59
533275.94
152693.56
231224.38
185375.70
291626.88
275454.47
187383.48
256431.30
427275.12
328471.88
302054.78
243970.28
368718.09
486924.88
639253.06
981059.88
20124.29
14574.82
5801.23
13781.51
234397.05
222257.59
190042.30
106312.50
107664.33
139681.64
245009.09
133973.62
78373.61
80551.70
84741.56
112189.34
123072.94
128323.28
146817.31
158571.83
218890.20
132660.94
130906.02
252092.31
284060.31
252640.05
267963.03
490239.66
352531.50
263285.12
268515.12
99003.36
104114.48
203551.67
128605.64
145124.02
224199.64
189723.70
285451.25
195218.16
181413.88
241218.38
295491.00
208729.66
270293.53
319880.88
333751.16
340660.50
401956.75
178628.14
166719.38
163077.62
274574.25
194358.48
178624.94
230576.44
237277.94
190423.25
220325.48
225246.11
134795.23
151935.91
2395.50
92213.52
111537.78
127475.64
231857.02
236606.12
174930.06
287922.50
334571.47
431026.19
608594.94
711263.38
561464.56
659166.62
559042.19
151339.27
147223.25
91523.89
124931.81
115281.99
120837.46
79562.25
123850.51
112467.55
177545.64
174281.98
234046.22
236130.52
191836.59
218965.52
269753.84
180614.33
222456.75
320890.97
11822.78
4752.00
317551.34
6711.00
114012.22
102647.82
124943.91
140432.19
171244.22
205491.41
151307.06
132160.23
183430.72
140039.89
156431.52
167472.30
137782.14
176642.77
136223.69
168967.11
176210.95
174498.31
168392.05
162759.94
207845.56
194403.48
154014.09
143906.12
191584.61
152208.80
156371.98
203569.38
186401.16
243506.72
147501.27
91724.86
105551.59
121160.11
166994.95
180005.19
121372.24
140034.02
152408.59
202683.62
291362.88
276305.09
329805.88
525885.44
138771.38
7280.15
74139.33
59130.21
50449.33
73347.03
40384.60
64125.21
50386.89
57403.25
78613.95
89054.42
49471.27
60537.37
97642.59
1423.00
32997.43
34527.14
37468.20
19575.50
14726.79
13651.09
15467.47
24332.00
24921.10
27338.94
30185.65
18223.85
24584.20
27315.57
69453.18
64607.81
40986.69
34125.07
41440.99
55927.48
34985.87
35232.17
22474.28
17145.59
17724.19
20448.95
27752.01
34317.75
37260.73
24613.31
46317.07
44279.72
23617.37
31351.28
37533.01
32152.88
21985.01
29350.63
34208.98
76385.66
53372.44
50507.63
65511.99
78059.90
125033.94
56855.29
113526.61
36530.80
66759.52
52595.29
60383.59
63077.41
64962.44
42743.27
44655.83
63500.94
61040.64
53666.96
81651.52
134700.38
38879.15
35840.16
36697.05
29064.92
40353.41
33332.06
56904.66
39822.36
81229.69
47504.64
46664.06
46669.03
41317.92
45285.56
55610.14
68876.06
84744.15
90288.67
108087.21
96087.83
108051.04
158424.80
68226.89
144201.16
87923.46
96953.48
138407.06
169598.88
106751.64
89161.23
67479.38
86803.07
61206.90
89389.37
84830.84
67775.25
63280.68
94028.73
80112.64
153535.91
47503.31
54700.71
58391.33
92911.69
76004.23
60659.94
106815.55
125845.03
77488.28
55813.37
95483.10
103305.97
80809.74
48770.92
42674.14
79075.29
82142.69
168379.69
126793.52
213656.62
108685.39
105248.02
91599.07
56789.46
54551.98
77363.67
93275.19
88891.86
71341.82
117759.09
76308.13
71834.34
66685.38
37468.71
40816.88
55376.00
84405.08
49762.28
63717.26
69042.14
65590.63
111340.70
110764.86
135136.80
202112.34
82454.04
139706.52
86805.76
