-0.030
0.040
-0.110
0.230
0.040
0.070
-0.150
-0.020
0.170
-0.040
-0.060
0.020
-0.050
0.060
-0.030
0.170
0.010
0.130
-0.260
-0.070
-0.050
0.190
0.020
0.040
0.130
-0.220
-0.010
-0.070
0.120
0.030
-0.440
-0.200
-0.040
-0.110
0.000
0.210
0.020
-0.130
0.040
-0.120
0.120
-0.210
-0.030
0.000
-0.020
-0.030
0.000
0.090
0.020
0.080
-0.190
0.050
-0.050
-0.150
-0.010
-0.170
-0.310
-0.020
0.020
-0.040
-0.010
0.050
-0.020
0.210
0.050
-0.380
-0.130
0.030
-0.140
0.010
0.040
-0.320
-0.160
-0.010
-0.010
0.230
-0.100
-0.150
0.300
-0.060
-0.030
-0.320
0.060
0.230
0.070
0.000
0.120
0.150
-0.030
0.110
-0.040
0.020
0.030
0.190
0.180
0.050
-0.210
0.020
0.050
-0.030
0.030
0.200
-0.140
0.080
-0.200
0.330
-0.040
0.140
-0.070
-0.250
0.530
0.550
-0.130
0.200
-0.710
-0.180
-0.070
0.050
-0.180
0.100
-0.070
0.070
0.100
0.230
0.050
0.000
-0.050
-0.020
0.200
-0.220
-0.050
0.110
0.070
-0.070
0.150
0.100
-0.080
0.060
-0.880
0.060
-0.260
0.110
0.020
-0.110
-0.430
0.070
0.020
-0.090
-0.100
0.010
-0.220
-0.170
0.070
0.060
-0.120
-0.200
0.090
0.140
-0.020
0.110
0.110
-0.150
-0.140
0.290
0.400
0.070
-0.240
-0.210
-0.190
0.260
0.030
0.060
-0.250
0.390
-0.080
0.100
-0.300
0.250
-0.070
-0.080
0.320
0.230
0.050
0.000
-0.170
-0.070
-0.430
0.010
-0.020
-0.020
-0.170
0.110
0.150
0.010
-0.170
-0.280
0.060
-0.070
0.260
0.060
-0.120
-0.190
-0.170
0.130
0.110
0.040
0.160
0.150
-0.080
-0.070
0.050
-0.150
0.000
0.020
0.050
0.090
-0.240
-0.100
-0.070
0.220
0.070
-0.330
-0.530
0.410
-0.240
0.320
0.180
-0.560
0.030
0.100
-0.090
-0.010
0.360
0.030
0.380
-0.220
-0.050
0.400
0.470
-0.540
0.150
-0.010
-0.020
0.030
0.380
0.000
0.030
-0.180
0.380
0.460
0.000
-0.100
0.680
-0.030
0.020
0.010
0.070
0.270
0.120
-0.900
0.040
-0.130
0.130
-0.110
0.000
-0.040
0.440
-0.410
0.400
0.440
0.060
-0.170
0.000
0.220
0.120
-0.130
-0.050
0.200
0.040
-0.100
-0.060
0.050
-0.390
-0.510
0.050
0.050
0.330
-0.100
-0.010
-0.120
0.180
-0.150
0.170
-0.270
-0.640
0.090
-0.210
-0.110
0.280
0.150
-0.100
0.210
-0.140
-0.310
0.140
0.360
-0.180
-0.080
0.560
-0.300
-0.120
0.160
-0.440
0.280
0.000
0.210
0.260
0.740
-0.120
-0.100
0.380
-0.070
-0.020
-0.210
0.230
0.320
-0.570
-0.020
0.400
0.240
-0.900
-0.110
-1.020
0.030
-0.180
0.190
0.030
-0.110
0.220
0.490
-0.010
-0.220
0.100
0.040
0.490
-0.020
0.740
-0.460
0.320
-0.830
0.060
0.400
-0.780
-0.170
0.390
0.860
-0.550
0.720
-0.750
0.030
-1.020
-0.230
-1.150
0.250
-0.680
-1.330
-0.530
0.350
0.180
-0.730
0.040
-0.200
0.250
0.180
0.060
-0.220
0.830
0.090
0.060
0.350
0.040
0.120
-0.270
-0.510
0.080
0.010
0.430
-0.250
-0.080
-0.040
-1.210
-0.550
0.180
0.180
-0.800
0.370
0.580
-0.330
-0.150
1.350
0.190
-0.410
0.310
0.000
0.420
1.180
0.120
0.770
-0.130
-0.460
-0.210
-0.180
-0.120
-0.230
0.590
0.620
0.390
-1.180
0.410
-0.240
-0.100
0.310
-0.300
-0.120
0.820
2.080
1.400
0.680
-0.620
-0.280
1.640
-1.210
-0.190
0.140
0.500
1.050
0.990
0.010
1.790
-0.140
-2.000
0.540
-0.750
0.520
1.010
1.450
1.010
-1.800
-1.940
1.650
1.670
-1.370
-2.000
-2.230
-1.800
-1.220
0.720
-2.730
-0.080
0.370
0.980
-0.870
-0.020
2.200
1.600
-0.750
-1.000
2.210
-2.520
-0.380
-1.750
2.250
-2.760
-3.090
-0.600
0.300
0.840
2.760
1.420
2.380
-1.000
-2.750
-3.060
-3.400
-0.490
-3.830
-4.260
-1.090
2.680
3.400
-1.100
-2.480
-1.280
1.210
2.250
1.900
1.860
2.130
0.230
-2.650
-0.240
-1.110
1.460
3.000
1.620
0.090
-3.410
-0.500
1.980
0.940
-0.920
0.000
2.970
2.700
0.840
0.260
1.290
-0.400
0.160
0.840
1.960
-0.670
-0.900
-0.530
1.250
-0.650
1.010
1.290
0.140
0.370
0.260
0.230
0.940
-0.970
-0.570
0.940
-0.640
-0.570
1.220
0.500
-0.420
-0.790
0.130
0.530
0.340
0.660
0.090
-0.190
0.120
-1.200
0.400
0.820
0.310
-0.230
-0.220
0.970
-0.070
0.910
0.580
0.000
0.460
-0.550
-0.220
0.650
0.000
0.380
0.320
0.080
0.140
0.050
-0.090
0.200
0.200
-0.220
-0.110
0.260
0.100
-0.430
0.230
-0.130
0.200
-0.070
-0.590
-0.350
-0.060
-0.050
0.280
-0.270
0.110
0.090
0.650
-0.220
0.180
0.260
-0.010
0.350
-0.300
-0.250
-0.090
-0.120
0.380
0.130
0.140
-0.280
-0.280
-0.030
0.050
0.310
0.210
-0.630
-0.210
-0.340
-0.090
-0.300
0.340
0.220
0.190
0.470
-0.730
-0.080
-0.750
0.020
-0.110
0.040
-0.310
0.110
0.420
-0.070
0.460
0.140
0.200
-0.070
0.120
0.000
0.260
-0.160
-0.860
0.200
-0.860
-0.050
-0.100
0.630
-0.320
-0.060
0.530
-0.160
-0.190
0.050
0.390
0.120
0.260
0.000
-0.090
-0.210
0.220
-0.620
-0.310
-0.410
-0.520
0.250
0.360
0.060
-0.150
-0.270
0.140
-0.130
0.610
0.300
0.510
-0.350
0.060
-0.020
0.710
-0.900
0.750
0.550
-0.390
0.210
0.360
0.290
0.070
0.050
0.220
0.270
0.360
-0.280
0.080
-0.560
-0.430
0.410
0.290
0.090
0.000
0.250
0.210
0.060
-0.110
0.030
0.170
0.160
-0.270
0.010
0.360
0.120
-0.290
0.160
0.060
0.060
0.250
0.060
0.070
-0.470
0.160
-0.180
-0.120
-0.030
-0.400
-0.070
0.280
-0.240
0.090
-0.760
0.080
