28666.70
54042.94
35035.50
54757.64
55075.67
85858.81
31023.00
53680.04
31877.00
61068.02
95591.94
43343.74
72258.16
66238.35
129123.50
41919.50
63721.53
47669.02
39246.00
67106.97
40148.73
44706.88
103330.76
54413.00
108888.36
59718.00
36172.46
29506.83
49769.26
79023.22
63168.88
58140.93
36746.69
48129.03
107040.69
57040.30
96049.86
73264.56
126012.08
85438.24
67866.97
59479.08
103858.66
127445.45
144967.09
200105.19
54951.20
26414.89
75263.50
42213.40
49432.37
45804.44
47257.79
44758.15
60488.25
25257.81
46497.81
31802.76
30830.13
53594.61
46776.66
107874.47
52526.82
65251.53
45789.36
45258.00
29461.49
33344.00
31882.22
53798.66
50334.31
24744.96
24383.50
35868.56
27203.24
40493.91
35379.00
24865.01
64413.54
56640.89
77727.08
45851.42
20059.70
31367.56
75962.50
37471.56
18226.06
39271.58
31717.31
39395.11
35899.98
35097.56
34124.07
24607.50
26050.00
16238.00
2.00
24797.21
29010.83
42319.76
83893.61
37591.50
34576.06
28599.17
60723.44
114869.17
49962.94
36993.03
49403.99
42117.65
51386.00
28461.63
49180.71
55444.01
48143.23
35205.05
42510.00
34797.05
60166.00
52972.69
54179.05
118322.92
82906.42
83021.40
163004.16
91582.14
93994.51
116988.20
112092.34
152798.33
166593.25
240860.92
165596.73
38174.09
65674.33
49402.17
67459.07
55308.94
87468.81
80044.57
48981.92
136403.81
79070.04
90428.07
49657.69
45287.26
104350.43
215851.94
177821.16
105419.01
63388.84
53078.09
57295.80
47401.44
47400.40
41583.00
69969.51
137678.20
106549.53
30602.50
41747.39
100147.30
94460.76
96344.13
58152.85
66816.40
57355.61
64782.00
58179.77
78482.61
61252.53
89943.94
83941.11
82730.35
71844.09
64101.16
99327.88
121032.79
166526.52
78371.26
97859.28
122548.73
88741.47
90651.57
78095.29
176782.52
135495.80
251485.03
230211.80
187652.27
176117.80
268654.97
254077.55
222391.59
329846.53
142511.16
259300.58
333460.84
286215.41
143910.66
204216.48
219489.78
185879.17
336792.06
217125.31
245769.42
94014.68
87038.05
76752.06
106268.28
173471.66
282842.16
158341.30
226771.91
191246.20
170016.11
280341.88
276260.44
302842.59
206821.22
391285.44
442385.62
497973.53
349675.69
428043.47
958788.12
687395.88
22542.09
13301.92
9258.87
141384.81
112677.17
132363.77
161960.62
207412.97
227876.92
177458.66
193184.47
202699.39
159331.62
189324.06
196950.61
211443.75
61182.00
214435.02
243438.59
209873.34
195180.02
188856.41
239161.34
305205.88
258223.62
354632.78
771982.50
1301707.50
31302.00
182080.14
228092.84
215534.47
205065.06
337373.19
422710.00
545590.12
683662.25
567612.75
656118.00
850932.44
573824.44
279167.78
211727.03
169247.27
171253.83
136156.56
327061.19
220823.95
184323.36
205701.52
291778.38
343039.38
372042.62
320422.12
429198.81
618873.31
60166.84
237788.16
227631.48
177784.48
110063.76
111997.50
127490.36
162063.56
201875.31
240211.06
351615.31
552895.62
684351.00
25168.41
10080.93
279965.94
87335.59
105465.03
291545.41
296381.59
178806.80
192784.70
179841.19
232979.52
143206.33
139589.41
186531.30
170561.30
159246.16
128772.16
172324.09
184564.14
179134.98
105823.53
145560.30
149432.44
238068.45
267699.28
252873.42
262229.56
274147.19
212892.00
294287.12
261160.16
289975.84
289145.62
334422.62
7027.55
351485.12
250966.55
286199.31
350689.03
462203.38
353625.12
284728.12
378250.34
560005.62
500902.91
501700.28
1145599.62
26586.40
44368.09
12608.32
9498.96
2178.28
3624.14
1183.19
4590.54
1344.62
839.17
445.90
453.56
60663.36
93426.43
42314.76
58595.12
146787.09
70851.70
92004.95
194997.14
51979.68
44691.79
75339.98
157212.52
123205.84
75660.91
68873.75
68044.24
93653.07
80729.94
90574.51
48977.05
50001.86
126469.66
90799.31
131760.66
59386.60
54192.32
101775.56
68549.80
47043.89
25132.45
33228.89
36922.12
35564.37
29813.23
39133.76
45418.66
97691.63
69257.51
45981.30
55754.81
68015.92
83363.50
44904.92
55139.33
57149.70
108163.78
87839.69
195023.16
144375.53
121450.63
177933.77
88382.28
146056.84
100152.60
61394.54
94056.30
57450.11
36861.55
33491.83
35659.14
27520.75
37166.07
28889.57
41156.34
39797.88
101894.02
49349.06
72869.16
45421.38
53667.06
85893.65
63951.71
94585.32
99541.54
101855.26
83642.13
45136.93
42474.95
75920.96
86076.37
98299.46
78549.15
159685.28
269994.09
200227.81
161271.50
112225.63
172120.30
221340.64
104939.99
138554.58
152869.45
72320.36
110768.44
136855.62
95832.40
104459.61
71305.58
64194.12
73797.16
149840.19
109140.04
95129.92
174641.64
128254.66
160779.08
89240.19
83189.23
107503.45
71112.42
34450.31
32517.11
54395.14
43935.84
86116.36
77721.32
82649.92
104186.12
88663.26
94019.24
105301.02
52412.72
92825.23
76389.78
167785.67
101753.64
43386.20
78839.19
67556.57
82815.61
58531.45
126013.52
48523.63
52770.87
70268.20
75200.95
44004.50
70537.25
44931.70
54198.61
61785.69
65646.90
45893.73
95029.47
291620.59
60113.14
77862.92
85705.91
126496.38
156383.12
