8.540
8.380
8.410
8.450
8.460
8.550
8.510
8.680
8.510
8.380
8.450
8.510
8.400
8.350
8.340
8.380
8.230
8.250
8.260
8.300
8.390
8.390
8.310
8.360
8.350
8.200
8.510
8.220
7.740
7.670
7.960
8.150
8.130
8.220
8.220
8.130
8.090
8.070
8.100
8.380
8.370
8.530
8.630
8.690
8.580
8.630
8.630
8.650
8.790
8.790
8.840
8.870
8.920
8.540
8.770
8.820
8.980
9.020
8.980
8.990
9.030
9.000
9.040
9.010
8.930
9.060
9.160
9.300
9.300
9.230
9.330
9.430
9.520
9.640
9.940
9.760
9.780
9.950
9.960
9.820
9.950
9.630
9.780
9.720
9.480
9.430
9.500
9.340
9.420
9.460
9.550
9.800
9.560
9.470
9.370
9.390
9.420
9.500
9.480
9.520
9.590
9.950
9.410
9.420
9.410
9.340
9.440
9.450
9.640
9.810
10.200
9.270
8.520
8.600
8.850
8.970
9.000
9.110
9.200
9.210
9.370
9.470
9.510
9.630
9.600
9.490
9.510
9.360
9.360
9.420
9.520
9.510
9.570
9.470
9.760
8.890
8.780
8.830
9.460
9.600
9.700
9.680
9.790
9.840
9.920
9.990
10.060
10.050
10.110
10.090
10.110
10.170
10.140
10.110
10.170
10.200
10.460
10.220
10.250
10.130
10.070
10.110
10.190
10.060
10.070
10.080
10.120
10.360
10.380
10.410
10.480
10.340
10.460
10.460
10.400
10.240
10.350
10.330
10.350
10.350
10.480
10.500
10.320
10.040
10.000
10.010
10.050
10.160
10.320
10.200
10.040
10.070
10.080
10.040
10.160
10.590
10.610
10.680
10.640
10.560
10.580
10.780
10.800
10.850
10.830
10.970
11.000
11.190
11.220
11.790
11.470
10.940
10.970
11.090
10.950
10.720
10.750
11.010
11.010
10.860
10.780
10.790
10.720
10.790
11.020
11.480
11.360
12.060
12.050
11.970
12.150
12.290
12.430
12.330
12.290
12.500
12.480
12.680
12.900
12.720
12.900
12.490
11.990
12.040
11.860
11.910
11.910
12.210
12.230
12.280
12.150
12.230
11.190
11.470
11.600
11.180
11.370
11.090
10.540
10.850
10.980
10.790
11.410
11.060
10.600
9.780
9.490
9.240
9.320
9.380
9.550
9.290
9.170
9.120
8.950
8.930
9.200
9.200
9.560
8.830
9.200
9.300
9.650
10.260
10.180
10.400
10.250
9.970
10.070
10.150
10.130
10.080
10.090
10.330
11.220
11.460
11.100
11.410
11.750
11.180
11.050
11.250
10.880
11.810
11.970
11.250
11.080
11.670
11.790
11.330
11.250
11.770
12.890
12.340
11.220
10.200
9.270
8.550
8.450
8.800
17.370
16.210
17.000
16.000
16.000
16.300
15.900
15.140
14.900
13.880
14.580
15.860
17.490
18.050
18.380
18.060
18.090
18.650
18.350
17.450
16.280
16.380
15.790
15.180
15.300
15.000
15.470
14.840
13.770
14.890
15.210
14.760
15.930
16.460
16.680
16.420
16.550
15.680
15.510
15.700
16.760
18.100
19.200
19.800
20.880
23.690
24.180
24.500
22.900
23.080
23.340
24.000
24.440
24.600
24.540
25.250
24.500
24.300
24.680
23.790
23.900
27.280
29.300
28.500
30.650
32.000
33.600
33.000
31.300
31.600
34.900
33.350
30.720
31.880
33.700
33.860
35.480
36.180
33.940
32.090
34.240
33.000
30.660
28.880
31.750
31.310
31.910
29.040
26.400
25.000
23.310
22.880
23.400
22.610
20.550
20.180
21.600
20.790
20.180
21.100
21.000
22.000
23.680
25.160
23.520
22.780
21.340
21.400
21.800
22.170
24.240
26.000
25.880
25.490
26.250
25.530
23.210
21.100
19.180
17.440
15.850
14.410
28.510
28.980
29.340
30.550
30.900
31.820
31.890
32.950
33.900
36.300
36.800
37.140
35.240
32.090
29.260
28.200
27.280
28.400
29.370
29.000
29.650
29.770
29.800
30.000
30.300
30.390
28.330
26.800
26.680
27.480
26.180
28.200
27.050
26.870
24.950
24.530
22.610
20.750
21.300
20.970
21.500
23.880
22.420
21.470
21.700
21.940
22.630
20.660
18.800
18.910
18.990
19.210
18.180
18.470
17.950
16.480
15.410
14.390
13.750
13.450
13.400
13.000
13.130
12.950
12.700
12.830
12.920
12.850
13.140
13.860
13.920
13.630
14.160
13.920
13.630
13.400
13.590
13.560
13.600
13.700
13.580
13.770
14.200
14.300
14.300
13.920
13.940
14.080
14.300
14.090
13.390
13.300
13.720
13.100
12.910
12.980
13.070
13.400
12.970
13.200
13.100
12.880
12.790
12.400
12.020
12.160
12.340
12.370
12.520
12.800
12.780
13.110
13.780
13.580
13.120
12.940
13.260
13.170
