20813.15
22957.46
14037.71
18334.95
16639.86
13549.92
17079.50
13975.38
21771.98
14882.50
15084.84
14483.02
19382.99
12135.37
10124.39
14764.84
10001.22
12431.56
14698.74
15407.42
18472.74
18289.19
17281.36
16736.74
25082.53
16774.65
14505.72
18053.20
22185.77
25735.06
17712.53
16439.34
12310.07
19274.47
19584.92
18878.44
18318.07
19083.33
17498.59
18423.40
13314.20
12247.89
10490.66
11442.90
11839.64
14939.68
13827.19
14426.71
21389.75
12818.81
15973.95
22116.80
19095.64
24660.73
13012.77
14266.26
12154.25
18351.76
15486.87
19195.40
16268.76
17593.09
15223.76
17719.64
12329.13
24667.50
14954.73
9222.18
19831.10
17174.59
20055.75
21329.73
24874.99
19506.56
12862.09
19354.35
10227.05
16594.12
11762.73
7582.57
12961.71
22810.35
33153.04
24794.00
15788.41
19454.41
21023.00
12573.00
23910.30
14279.27
24602.30
8681.99
13721.46
15793.53
13128.27
13991.20
12348.84
11994.10
19395.92
16242.42
20955.61
16913.82
15499.00
17915.00
16063.29
1.00
20341.46
9785.24
13873.10
15214.51
18498.04
27825.22
16971.46
17879.37
33646.58
23964.28
22017.38
21015.12
15026.75
19806.10
33898.52
33950.49
48005.71
33128.10
21430.00
10605.00
13718.25
15343.75
14850.28
19117.17
11948.74
13692.72
12273.00
42692.10
32438.02
39494.00
39719.47
47191.00
47094.00
22699.73
21757.60
18870.17
24985.36
26243.35
31085.23
38997.97
28157.58
38751.48
25985.08
28742.32
51298.94
53798.82
41420.11
55727.00
76078.66
57321.31
60921.43
45523.72
48554.81
49909.45
45050.62
63875.53
60047.62
40712.01
64248.27
62166.23
28782.09
42441.07
33352.59
17969.52
36209.03
46585.01
61021.50
38743.67
36264.53
28317.73
35920.87
32971.91
20592.80
30743.22
28062.45
38486.68
14180.28
19910.13
21310.62
48734.21
27927.02
49183.15
13787.23
11601.00
22066.28
29244.00
28112.66
44260.36
47415.26
21705.00
13494.00
14955.00
21765.98
13401.93
16794.88
17681.90
32341.44
62467.44
58516.52
32070.63
16068.75
18285.07
22913.68
15068.38
31974.53
39956.00
62003.50
51370.42
59578.39
28479.51
32970.08
16394.36
64517.50
33804.89
26498.50
31799.67
30238.33
28093.59
40320.17
59510.28
40059.24
69200.65
66517.78
24519.00
39795.01
66901.45
51085.61
41872.90
48282.73
77792.60
47904.05
55966.34
35187.83
29449.39
29734.16
72577.56
26586.81
34998.85
54580.75
58139.25
27988.67
27972.25
33058.71
19817.00
24671.91
21050.97
18549.31
19720.00
17088.02
23192.04
32187.10
60692.54
23183.93
24118.24
24287.81
26989.67
32976.24
46540.14
29529.99
40286.85
50812.53
24230.01
32208.17
17272.47
28217.73
21566.13
39147.76
33678.34
23918.86
32735.50
15189.27
16196.81
11199.12
19594.36
17343.86
10148.14
21794.63
32409.22
19205.23
23104.54
22593.14
13817.02
15236.77
20676.20
16268.43
18357.60
17016.05
17519.95
41180.13
29384.72
26364.75
42485.29
30236.50
34484.43
30971.49
49024.95
27405.33
33028.22
32436.60
35768.33
32364.93
22048.46
26850.77
22653.05
32450.24
21950.07
25018.30
19652.67
20948.06
32977.54
35330.21
34170.20
19958.12
13157.83
27697.79
12556.12
16972.45
24484.41
22575.68
17375.24
22493.50
21977.03
30241.97
38850.03
34041.00
28193.72
34678.88
40174.08
29416.84
46631.36
36542.47
60895.48
32660.87
22000.22
33971.29
22701.00
52334.29
48660.53
33323.17
40030.88
47752.97
43407.00
49517.31
42234.36
33004.90
43968.31
32746.52
56679.19
64802.47
57586.09
16249.00
47066.26
79510.00
73727.07
80727.52
82850.64
33688.70
73354.58
31582.11
43961.08
54225.45
32844.84
50261.31
47788.76
56926.09
36762.09
35710.95
33024.35
18975.15
24535.85
34984.69
41286.59
39129.24
48899.17
46201.40
53640.46
60544.96
87476.70
94990.57
89066.42
74696.17
81394.78
135480.94
78720.64
87485.77
57766.52
88350.66
87070.08
146243.33
164777.12
151911.75
204094.33
168527.30
173114.55
237090.00
341021.44
96435.75
90117.22
63950.56
61978.32
65745.32
77305.33
93168.56
71483.54
62465.55
103848.50
111904.66
72860.91
85911.06
79617.29
85724.12
75089.67
83923.23
81236.16
83383.50
82348.31
69448.54
87429.11
89303.95
82905.27
89425.29
114839.20
106152.40
100124.09
73828.24
42922.46
43205.40
50480.20
64447.00
46686.18
46091.04
59613.96
65431.03
44882.22
49049.35
37002.83
41183.95
23179.34
441.00
25035.24
29650.47
27336.07
15323.72
15603.95
13817.03
14622.11
23934.23
37726.18
33333.11
32941.31
17989.31
22846.70
47465.98
32452.91
56348.04
78315.34
54837.87
63841.34
68365.90
62691.79
48378.90
28172.79
38817.66
28396.01
20336.73
16974.14
13755.08
17134.82
16476.43
27039.90
16311.48
18353.68
22075.13
24192.15
10133.03
12825.24
13137.58
19771.91
31961.25
20438.24
17403.84
27931.10
25226.27
29669.00
23247.06
31064.79
26361.95
41745.76
57046.26
77603.30
65019.25
47274.44
28216.60
29379.49
28543.73
29601.04
26576.94
23101.04
20740.94
13473.96
16376.71
19703.26
12112.14
24803.35
15065.64
40538.12
25299.28
36204.00
23799.57
40751.26
18557.29
22166.62
32907.55
23130.81
43042.54
41715.88
42840.94
34322.37
20935.74
26232.90
38103.07
43379.76
57305.39
56114.24
85046.80
126356.76
122587.37
92668.00
93974.28
51324.61
70211.05
61533.55
25364.83
30980.29
39111.07
50098.17
43926.73
36061.37
63358.65
37535.65
40553.60
18150.20
37668.30
32193.42
22609.40
39349.96
36478.48
41071.36
21474.53
25349.47
30585.74
28063.08
16189.30
15962.18
13016.88
21000.94
45811.34
23702.16
27405.51
30242.54
31433.79
32380.65
45431.94
23763.59
37338.87
64250.07
91956.18
52285.89
43547.26
59819.17
77607.80
154533.25
241576.17
63999.92
13352.38
16961.78
14450.58
20278.50
20775.61
28303.63
23972.71
18329.99
9989.07
24585.54
10561.33
11524.11
17621.45
14825.76
16462.50
30863.01
31036.19
17435.43
