20.360
20.100
19.450
19.040
19.200
19.500
18.940
19.040
19.080
19.270
19.760
20.290
20.970
19.060
18.570
18.490
18.160
17.800
17.740
17.990
18.200
18.330
17.960
17.480
17.100
18.100
18.690
18.580
18.550
18.300
18.660
19.150
19.240
19.460
19.650
19.370
19.380
19.120
19.940
20.520
20.360
20.500
20.770
20.870
20.530
20.650
20.790
20.660
20.540
20.780
20.490
20.900
21.520
21.150
22.500
23.140
23.320
23.380
23.360
23.380
24.000
24.210
24.250
24.280
23.750
24.570
25.140
25.200
24.920
24.990
25.180
25.040
25.350
25.160
25.490
25.220
25.000
25.620
25.580
25.560
25.530
25.850
25.940
25.750
25.500
25.470
25.700
25.540
25.680
25.280
25.150
25.170
25.300
24.670
24.910
24.980
25.450
25.520
25.800
25.920
25.980
25.460
25.160
24.870
24.900
24.790
25.380
25.030
25.700
26.350
26.160
25.430
25.560
25.790
27.400
29.700
29.300
29.940
31.460
29.370
30.590
30.070
27.340
25.290
24.900
24.940
24.180
23.940
23.880
24.120
24.120
24.390
23.960
23.850
24.190
23.850
23.750
24.440
25.740
26.100
26.450
26.300
26.470
26.590
27.440
27.600
27.880
27.770
27.880
27.940
28.000
28.580
28.450
28.050
28.070
28.320
29.200
28.560
27.960
27.280
27.200
27.450
27.380
27.290
27.140
27.110
27.000
27.090
27.350
27.140
27.280
26.970
26.930
26.950
27.100
26.780
26.940
26.530
26.690
26.600
26.770
26.900
26.170
25.850
26.090
26.200
26.790
26.160
26.490
26.340
26.800
26.050
25.870
25.800
26.290
27.150
27.300
27.870
27.710
27.390
27.660
27.770
27.760
27.880
27.900
28.150
28.230
28.560
27.980
29.480
27.960
27.800
28.100
27.950
27.650
26.680
26.900
27.120
27.030
26.650
26.940
26.790
27.200
26.140
26.200
26.740
27.090
29.810
29.830
29.950
31.150
31.480
31.000
30.520
30.800
30.750
30.600
30.880
30.680
32.000
32.290
32.150
32.350
33.800
32.980
32.300
31.600
33.000
30.370
30.200
27.960
28.300
27.790
28.200
27.800
28.700
27.900
28.450
27.190
29.150
28.930
29.100
29.100
29.540
28.480
28.380
27.780
26.590
26.870
26.940
27.100
26.900
27.560
26.280
26.000
25.490
26.800
25.330
25.780
25.380
28.000
28.860
28.220
28.720
29.360
31.550
31.690
31.290
32.550
32.700
32.500
31.270
31.400
30.200
31.740
32.970
31.760
31.370
32.180
31.200
29.890
31.500
31.700
33.030
32.000
31.930
32.000
30.880
28.600
27.790
27.800
26.980
25.700
26.490
26.780
26.490
27.500
27.240
28.840
27.800
26.660
28.580
29.950
32.960
33.480
33.140
34.380
33.750
35.200
33.070
30.060
27.740
27.080
27.700
27.490
26.080
23.710
23.460
23.260
23.730
25.600
26.480
27.800
29.200
26.840
26.460
25.830
25.490
25.150
25.760
25.750
26.850
29.510
30.970
32.000
32.990
36.900
39.180
39.000
37.580
38.980
38.900
38.550
39.000
39.560
39.490
40.820
41.460
40.300
38.970
37.200
41.500
41.820
38.200
38.160
35.400
35.180
34.870
33.500
32.500
33.320
36.700
38.720
37.380
34.200
35.500
33.660
32.000
32.400
33.780
31.700
32.180
33.440
33.390
32.580
32.790
30.980
30.650
30.410
29.480
30.080
30.380
30.250
31.500
31.550
32.890
33.300
31.500
32.120
29.860
29.080
29.200
29.120
27.660
27.990
27.080
25.260
25.370
24.240
24.360
24.780
25.080
24.490
24.690
24.040
23.870
22.620
20.800
21.250
19.730
19.000
22.450
22.580
22.470
23.150
21.420
19.470
19.240
19.980
21.300
21.590
20.040
20.620
21.340
23.600
26.900
29.440
28.500
31.800
30.800
33.500
31.990
31.750
32.460
31.530
28.660
26.580
28.780
27.160
25.950
30.500
33.200
33.840
34.300
39.010
43.910
43.430
41.200
38.850
38.100
35.400
36.000
39.130
40.280
36.620
33.290
30.260
41.090
44.000
43.560
42.360
38.510
37.660
38.900
44.690
47.990
48.000
50.000
55.500
55.500
57.330
66.660
138.800
141.040
131.500
132.000
132.190
151.400
151.990
155.600
153.680
150.540
136.980
137.760
142.740
129.760
124.880
130.680
121.480
128.580
125.480
114.070
105.700
118.000
110.060
100.050
90.950
82.680
81.770
78.380
73.490
74.000
76.800
73.990
79.300
81.600
83.100
88.850
86.730
80.300
76.850
75.500
80.650
84.300
95.000
96.500
87.770
83.880
76.590
69.630
68.070
65.450
59.500
54.090
49.170
47.970
48.990
50.360
48.500
51.700
51.920
48.180
46.000
45.500
43.500
43.910
46.800
44.330
44.330
40.980
41.000
40.500
42.100
40.270
40.040
39.600
37.550
35.230
35.720
32.990
32.210
33.500
31.520
29.500
29.550
30.590
30.900
30.850
30.500
29.220
28.350
28.580
27.530
26.250
23.890
24.500
23.940
24.180
23.940
24.500
24.540
25.170
26.530
26.810
26.880
26.540
26.830
29.500
28.670
29.000
29.540
30.590
31.100
31.480
31.500
31.920
31.680
32.120
32.500
32.860
31.800
31.800
31.830
31.500
31.600
31.500
31.070
30.610
31.930
32.000
33.280
33.360
34.000
33.660
34.060
34.350
32.570
33.290
33.500
33.300
32.400
31.750
32.080
32.830
33.540
33.600
33.180
32.900
32.900
33.690
34.960
34.930
35.000
35.980
36.380
36.260
36.400
35.600
36.200
36.770
35.290
34.990
35.030
35.170
34.970
36.610
37.300
36.680
37.100
35.500
36.160
36.780
36.150
34.250
33.400
32.700
32.000
31.960
31.970
32.950
33.580
32.550
32.750
34.000
34.100
33.680
32.600
32.940
32.390
32.500
32.950
32.560
31.290
31.340
31.490
31.090
31.000
31.210
31.400
31.400
30.800
31.120
30.710
31.770
31.900
31.600
32.030
32.090
33.300
34.500
32.940
32.000
32.450
33.390
33.300
