7.090
7.110
7.000
6.980
6.940
6.920
6.910
7.020
7.000
6.870
6.840
7.060
7.040
7.040
6.990
7.040
6.910
6.870
6.750
6.950
6.970
6.980
6.850
6.780
6.780
6.700
6.860
6.900
6.880
6.800
6.710
7.000
7.100
7.020
7.040
7.080
6.870
6.850
6.800
6.980
7.080
7.200
7.500
7.810
7.770
7.880
7.970
7.810
7.750
7.770
7.650
7.860
7.820
7.840
8.010
8.100
8.120
8.190
8.150
8.220
8.240
8.370
8.450
8.440
8.270
8.260
8.440
8.580
8.460
8.460
8.350
8.430
8.710
8.750
8.760
8.800
8.690
8.720
8.780
8.720
8.790
8.930
8.960
8.900
8.830
8.760
8.860
8.870
8.910
8.980
9.080
8.830
8.870
8.770
8.720
8.800
8.820
8.930
9.010
9.000
9.040
9.080
8.840
8.710
8.530
8.600
8.600
8.620
8.580
8.510
8.410
8.280
8.320
8.420
8.300
8.700
8.880
8.900
9.160
9.220
9.200
9.290
9.320
9.260
9.130
9.100
9.090
9.210
9.210
9.160
9.330
9.270
9.230
9.170
9.280
9.170
9.060
9.170
9.240
9.850
9.930
10.090
9.970
9.900
9.900
10.040
10.000
10.210
10.560
10.580
10.770
11.300
11.360
11.370
11.250
11.450
11.110
11.270
10.960
11.050
11.170
11.070
10.950
10.940
10.590
10.440
10.370
10.240
10.490
10.430
10.240
10.290
10.060
10.120
10.230
10.340
10.290
10.310
10.350
10.520
10.600
10.450
10.240
10.380
10.530
10.450
10.220
10.160
10.060
9.800
9.750
10.140
10.090
9.860
9.850
10.040
10.180
10.200
10.120
9.750
9.750
9.790
10.050
9.990
9.800
9.690
9.560
9.400
9.340
9.270
9.280
9.340
9.290
9.290
9.250
9.090
9.000
9.100
9.190
9.090
8.960
9.040
9.000
9.050
8.960
9.150
9.250
9.280
9.740
9.430
9.390
9.520
9.590
9.580
9.640
9.630
9.590
9.650
9.490
9.340
9.410
9.470
9.310
9.360
9.280
9.200
9.240
9.290
9.330
9.210
9.030
9.030
9.060
8.880
8.980
9.180
9.100
9.040
8.740
8.760
9.060
8.930
8.930
9.040
9.030
9.120
8.550
8.210
8.270
8.290
8.300
8.310
8.410
8.330
8.210
8.170
8.560
8.520
8.410
8.460
8.530
8.500
8.520
8.990
9.440
9.540
9.670
9.430
9.200
9.120
9.240
8.970
9.050
8.810
8.990
9.660
9.570
9.900
9.990
10.030
9.890
9.710
8.830
8.950
9.150
9.150
8.840
8.960
8.960
8.650
8.930
8.940
8.840
9.050
9.050
9.240
9.100
8.790
8.450
8.530
8.470
8.170
8.230
8.390
8.460
8.320
8.180
8.560
8.470
8.030
7.670
8.500
8.550
9.470
9.530
9.790
9.600
9.330
9.370
9.320
8.990
8.820
8.890
8.610
8.620
8.340
8.530
8.320
9.240
9.790
8.900
8.900
8.880
9.200
9.450
9.210
9.050
9.290
8.800
9.030
8.730
9.660
9.540
10.590
10.340
10.700
11.890
12.170
12.130
11.900
12.370
12.060
12.520
11.850
11.900
11.820
11.820
11.490
11.280
11.300
11.040
11.030
11.150
11.460
11.950
11.540
11.600
11.230
11.560
11.800
11.450
12.380
12.460
11.980
12.190
11.210
11.060
10.750
10.880
11.080
10.880
11.400
11.240
11.250
10.660
10.690
10.520
10.400
9.920
9.960
10.200
10.260
10.200
10.700
10.600
10.710
9.890
9.070
9.970
9.780
10.140
9.840
9.510
9.810
9.610
9.120
9.110
8.680
8.600
8.450
8.680
8.410
8.900
8.480
8.620
8.650
8.160
8.600
9.550
8.870
8.420
7.650
8.310
9.230
9.650
10.430
11.000
11.860
11.140
12.380
13.750
14.160
13.850
13.800
15.330
16.370
15.840
17.160
17.530
17.050
16.630
16.290
16.160
17.060
17.320
17.860
16.440
15.720
14.920
14.700
16.260
15.790
15.160
15.110
15.620
14.200
22.140
22.040
20.830
21.070
20.480
19.830
19.940
19.040
18.380
18.540
18.510
19.170
19.110
19.200
18.900
19.800
20.070
19.710
18.610
16.920
15.380
13.980
13.900
14.150
14.040
13.920
13.840
14.130
14.300
14.470
14.280
14.120
14.120
14.090
13.480
13.500
13.470
13.610
13.960
13.670
13.410
13.230
13.180
13.350
12.820
12.770
12.610
12.490
12.820
13.030
13.110
12.800
12.620
13.190
13.700
13.700
14.090
14.450
14.250
14.150
14.030
13.450
14.390
14.820
15.450
15.450
15.630
15.750
16.140
15.850
15.290
15.210
14.940
14.830
14.660
14.670
14.600
14.610
14.150
14.150
14.400
14.280
14.930
15.270
15.020
15.260
15.240
15.440
15.350
15.620
15.650
15.670
14.730
14.410
14.730
15.290
15.410
15.600
15.290
15.750
16.140
15.990
16.810
16.730
16.110
16.370
16.590
15.380
15.090
15.020
13.650
13.300
13.140
13.250
13.220
13.550
13.770
13.630
13.690
13.700
13.820
13.360
12.890
12.910
13.030
13.060
12.730
12.670
12.820
12.930
13.150
13.110
13.090
13.170
13.090
12.520
12.290
12.280
12.410
12.630
12.450
12.500
12.420
12.910
12.880
12.930
13.070
13.040
12.240
13.000
