6.970
6.780
6.720
6.810
6.810
6.520
6.520
6.580
6.560
6.440
6.490
6.680
6.720
6.740
6.690
6.780
6.740
6.680
6.630
6.720
6.810
6.990
6.850
6.730
6.120
5.960
6.320
6.360
6.360
6.280
6.180
6.520
6.700
6.800
6.830
6.860
6.640
6.670
6.580
6.730
7.010
6.960
7.000
7.260
7.400
7.320
7.360
7.340
7.200
7.150
7.050
7.420
7.390
7.490
7.680
7.990
8.190
8.330
8.140
8.170
8.060
8.220
8.180
8.150
8.000
8.000
8.320
8.510
8.480
8.590
8.670
8.590
8.830
8.910
8.880
8.950
8.920
8.930
9.040
8.960
9.080
8.870
8.930
8.930
8.780
8.830
8.840
8.760
8.730
8.900
8.860
8.880
8.820
8.740
8.470
8.670
8.600
8.820
8.960
8.930
8.920
8.820
8.760
8.800
8.580
8.710
8.710
8.690
8.700
8.690
8.550
8.430
8.490
8.580
8.380
9.080
9.160
9.420
9.440
9.540
9.590
9.530
9.510
9.400
9.390
8.970
9.150
9.290
9.300
8.880
9.080
9.040
8.940
8.950
8.910
8.750
8.570
8.650
8.690
9.310
9.350
9.380
9.290
9.320
9.310
9.790
9.650
9.580
9.700
9.690
9.660
9.800
9.990
9.970
9.850
9.800
10.060
10.200
10.190
10.010
10.090
10.080
10.350
10.000
9.820
9.500
8.640
8.700
8.900
8.990
8.790
8.850
8.830
8.960
8.780
8.860
8.780
8.730
8.720
8.770
8.630
8.630
8.510
8.360
8.330
8.420
8.310
8.670
8.700
8.670
8.750
8.760
8.670
8.760
8.600
8.950
9.210
9.110
9.200
8.840
8.860
8.350
8.340
8.320
8.380
8.290
8.180
8.380
8.370
8.330
8.300
8.310
8.300
8.260
8.250
8.100
8.010
8.140
8.160
8.110
8.020
8.000
7.930
7.920
7.860
7.990
8.100
8.180
8.660
8.520
8.530
8.580
8.570
8.660
8.580
8.600
8.790
8.830
8.790
8.730
8.680
8.540
8.510
8.530
8.500
8.330
8.410
8.400
8.560
8.550
8.370
8.130
8.280
7.930
8.020
8.000
7.910
7.950
7.680
7.650
8.000
8.030
8.060
7.980
7.970
7.890
7.890
7.570
7.590
7.630
7.570
7.550
7.680
7.590
7.490
7.460
7.740
7.630
7.510
7.620
7.610
7.670
7.670
8.020
8.480
8.370
8.400
8.170
8.260
8.150
8.170
8.030
8.070
8.000
8.120
8.720
8.640
8.850
8.920
8.720
8.580
8.680
8.590
8.410
8.660
8.550
8.290
8.400
8.400
8.100
8.340
8.450
8.270
8.580
8.520
8.560
8.370
8.110
7.770
7.880
7.890
7.590
7.630
7.820
8.040
7.960
7.700
7.990
7.970
7.590
7.380
8.170
8.140
9.040
8.820
8.700
8.570
8.640
8.320
8.300
7.790
7.880
8.000
7.830
7.890
7.630
7.710
7.390
7.670
7.650
8.330
8.240
8.060
8.380
8.460
8.210
7.980
8.380
7.980
8.120
7.940
8.800
8.860
9.840
9.620
10.080
11.200
11.580
11.300
11.190
11.270
11.260
11.270
11.620
11.340
11.240
11.410
11.110
11.030
11.000
10.650
10.730
10.710
10.900
11.330
11.160
11.470
11.240
11.860
11.800
11.540
12.600
12.460
12.110
11.910
12.220
12.320
12.320
12.690
12.170
11.800
12.080
11.900
11.520
11.180
11.240
10.920
10.980
10.150
10.090
10.500
10.670
10.590
10.680
10.540
10.600
9.640
9.260
10.290
9.820
10.090
9.820
9.300
9.640
9.540
9.110
9.000
8.540
8.440
8.420
8.770
8.500
8.850
8.700
8.750
8.810
8.250
8.090
8.200
7.450
7.890
8.740
8.590
8.950
8.610
7.970
7.500
7.850
8.560
9.240
8.430
7.880
8.310
9.230
10.250
11.300
12.120
12.040
13.380
12.930
12.870
12.180
12.430
12.550
11.610
11.120
11.050
10.730
9.750
10.510
10.760
11.300
10.560
11.650
12.940
13.690
12.790
11.990
11.710
11.590
10.770
10.580
11.750
11.230
10.210
9.280
8.440
9.350
10.390
11.370
12.630
14.030
15.400
14.510
16.120
17.910
18.910
18.370
17.940
19.880
20.960
20.300
21.890
23.140
22.270
22.400
21.960
21.780
22.130
22.000
22.400
23.500
24.200
24.490
22.300
22.320
20.290
19.890
19.180
19.390
19.050
18.860
18.220
17.940
18.100
17.110
17.250
17.570
17.130
16.270
16.770
17.500
18.410
18.000
17.700
17.400
18.790
18.780
19.160
19.280
18.700
18.070
17.890
18.510
18.670
18.990
17.260
16.730
16.330
17.000
17.740
17.790
17.730
17.340
16.900
16.530
16.650
15.310
15.730
15.230
15.570
15.250
14.950
15.300
15.150
15.320
15.200
14.460
14.010
14.100
14.050
13.850
14.430
14.300
14.390
14.240
13.320
13.000
13.070
12.890
12.850
12.940
12.810
12.590
12.440
12.410
12.240
12.390
12.550
12.310
12.510
12.310
12.580
12.750
12.750
12.900
12.950
12.670
12.940
12.740
12.500
12.100
12.680
12.410
12.300
12.420
12.200
12.490
12.870
12.900
13.090
12.560
12.510
12.240
12.500
12.950
12.840
12.800
12.540
12.540
13.420
13.920
13.690
14.410
14.060
13.810
13.500
13.570
12.620
12.390
12.340
13.060
13.140
12.820
12.340
12.840
13.030
12.930
12.830
12.770
12.440
12.180
12.330
12.340
12.290
12.110
12.150
12.530
12.300
13.120
13.350
13.540
13.370
13.360
13.680
13.540
13.770
13.970
13.860
13.530
13.200
13.450
13.800
14.180
14.530
14.100
14.560
14.430
14.300
14.680
14.780
14.380
13.880
13.400
13.470
13.290
13.270
13.540
13.440
12.920
13.180
13.110
12.970
12.790
13.260
13.560
13.420
13.810
13.220
12.760
12.520
11.970
11.990
11.870
11.700
11.460
11.550
11.490
11.830
12.150
12.040
11.890
12.020
11.920
11.680
11.510
11.470
11.490
11.620
11.520
11.380
11.860
12.010
12.000
11.810
12.060
12.050
11.760
11.700
11.570
11.350
11.480
11.870
11.820
11.890
12.100
12.340
11.510
11.220
10.860
10.980
10.970
11.100
