5.760
6.390
6.600
7.040
7.210
7.300
7.360
7.400
7.210
7.270
7.310
7.390
7.470
7.680
7.740
7.750
7.720
7.580
7.570
7.590
7.560
7.480
7.470
7.330
7.350
7.440
7.350
7.420
7.150
7.010
6.980
6.980
6.980
7.040
7.030
7.000
7.010
7.000
7.160
7.180
7.050
6.900
6.940
6.830
6.790
6.750
6.700
6.730
6.700
6.660
6.720
6.720
6.730
6.730
6.590
6.560
6.530
6.440
6.470
6.370
6.130
6.050
6.240
6.420
6.450
6.470
6.480
6.560
6.540
6.580
6.660
6.660
6.650
6.720
6.710
6.630
6.600
7.030
6.700
6.730
6.550
6.520
6.500
6.460
6.380
6.400
6.580
6.550
6.520
6.500
6.340
6.360
6.540
6.540
6.580
6.670
6.690
6.550
6.720
6.770
6.800
6.800
6.840
6.870
6.900
6.810
6.790
6.660
6.590
6.590
6.510
6.730
6.930
7.170
7.260
7.160
7.220
7.230
7.160
7.180
7.370
7.220
7.280
7.190
7.170
7.120
7.110
7.180
7.000
6.810
6.800
15.350
15.540
15.050
15.570
15.600
15.500
15.370
15.550
15.430
15.880
15.740
16.300
16.680
16.650
16.190
15.850
16.150
16.090
16.320
16.500
17.120
16.670
17.180
16.520
16.320
16.070
16.920
16.450
16.500
16.070
16.050
15.770
15.310
15.720
15.760
15.450
15.340
15.300
15.180
15.070
14.750
14.760
14.880
15.000
15.780
15.680
16.110
16.500
16.530
16.320
16.270
16.070
16.020
15.680
15.550
15.670
16.440
16.810
16.920
16.730
16.660
16.180
16.090
16.210
16.480
16.750
16.420
16.490
17.270
16.550
17.470
15.880
16.980
15.440
14.040
13.990
14.920
14.760
14.480
14.090
13.940
13.800
13.680
13.300
13.240
13.060
13.230
13.070
13.180
13.050
13.000
12.950
13.360
12.900
12.710
12.560
12.730
12.430
12.610
13.580
14.180
14.240
14.390
13.900
13.980
14.170
14.510
14.130
14.270
14.080
14.090
14.780
14.840
15.230
15.290
15.340
15.020
15.350
14.940
14.780
14.960
14.630
14.030
14.260
14.390
13.860
14.090
14.450
13.900
14.290
14.260
14.830
14.290
13.850
12.590
12.910
13.200
12.400
12.390
12.700
12.570
12.670
12.510
12.990
13.240
12.490
12.010
13.160
13.210
13.900
14.150
14.690
14.100
13.360
13.460
12.760
11.600
11.750
11.410
10.950
11.020
10.560
11.090
10.170
11.270
11.560
12.280
12.140
12.000
13.160
13.170
12.640
12.700
13.050
12.410
13.790
15.320
15.980
14.530
16.140
14.670
14.190
15.730
15.500
14.980
14.400
14.800
14.650
15.160
15.910
15.240
15.750
15.590
14.770
14.560
14.290
13.910
14.190
13.720
13.500
13.080
12.760
12.710
12.240
12.650
12.540
12.750
14.110
14.640
14.540
13.350
13.990
13.940
13.510
13.850
14.630
14.240
13.850
13.180
13.400
12.980
13.000
11.820
12.150
11.470
11.490
12.260
12.340
12.310
12.950
12.790
12.410
12.320
12.270
13.080
13.080
12.810
12.500
12.000
12.600
12.130
11.460
11.140
11.310
10.620
11.200
11.820
11.100
10.930
9.940
10.050
10.010
9.100
9.000
9.790
9.120
10.130
11.260
11.690
12.050
11.730
13.030
13.700
13.820
15.360
15.010
15.300
14.740
15.600
15.820
14.680
14.420
13.280
12.510
11.650
11.860
12.590
12.700
11.560
12.840
14.270
13.970
13.800
14.180
13.510
12.280
11.330
11.350
11.860
10.780
9.800
10.870
12.080
13.350
12.710
14.120
15.690
16.160
14.690
14.410
16.010
17.410
17.270
18.910
20.000
19.730
20.150
19.600
19.440
20.920
20.980
21.000
22.200
20.240
18.400
17.810
18.490
18.650
18.020
17.700
18.040
17.760
17.270
17.770
16.150
14.680
15.070
14.200
13.190
12.950
12.400
12.370
12.160
12.870
12.860
12.620
12.450
13.360
13.760
14.150
13.560
13.220
12.280
12.980
13.140
12.850
13.540
13.510
12.510
11.750
12.000
12.550
12.570
12.210
12.160
11.160
11.010
11.220
11.420
11.150
11.300
11.750
11.640
11.630
11.300
11.280
10.650
9.980
9.800
9.900
10.350
10.350
10.000
10.620
10.110
10.040
9.810
8.920
8.700
8.680
8.700
8.660
8.200
8.100
7.720
7.700
7.820
7.560
7.900
7.960
7.910
7.840
7.750
7.950
8.080
8.140
8.080
8.150
7.990
7.940
7.930
7.940
7.630
7.950
7.880
7.820
7.680
7.520
7.370
7.440
7.400
7.400
7.170
7.000
7.130
7.440
7.570
7.790
7.880
7.550
8.390
8.110
8.200
8.260
7.910
7.600
7.730
8.040
8.260
8.450
8.470
8.420
8.600
8.760
8.760
9.130
9.030
8.750
8.740
8.700
8.450
8.340
8.290
8.230
8.080
8.000
8.230
8.210
8.240
8.200
8.770
8.670
8.350
8.270
8.280
8.130
8.150
8.110
8.060
7.950
7.780
8.000
8.350
7.840
7.820
7.810
7.750
7.810
7.860
7.800
7.830
7.360
7.280
7.340
7.250
7.140
7.090
7.210
7.220
7.090
7.020
7.090
6.970
6.950
6.890
6.780
6.790
6.850
7.050
6.960
7.050
7.080
6.970
7.030
7.260
7.260
7.220
7.240
7.330
