11.690
11.530
11.450
11.440
11.510
11.440
11.700
11.710
11.600
11.710
11.960
11.830
11.750
11.630
11.810
11.730
11.690
11.470
11.660
11.740
11.710
11.600
11.470
11.100
10.830
11.080
11.150
10.970
10.900
10.680
11.050
11.390
11.390
11.280
11.380
11.000
11.010
11.200
11.300
11.610
11.410
11.530
11.810
11.870
11.930
11.920
12.000
11.730
11.880
11.800
12.390
12.400
12.600
12.810
13.100
13.320
13.420
13.450
13.720
13.290
13.520
13.460
13.480
13.400
13.150
13.400
13.550
13.710
13.800
13.730
14.130
13.510
13.660
13.600
13.800
13.680
13.550
13.840
13.580
13.610
13.790
13.990
13.910
13.610
13.530
13.800
13.860
13.850
14.070
13.960
14.050
14.080
13.990
13.880
14.050
13.950
14.030
13.920
13.690
13.830
13.800
13.620
13.760
13.560
13.660
13.620
13.570
13.370
13.700
13.750
13.380
13.010
13.420
13.200
14.900
14.660
15.050
14.420
14.700
14.400
14.980
14.680
14.460
14.500
14.400
14.680
14.850
14.900
14.660
14.530
13.240
13.240
12.960
13.190
12.990
12.840
13.100
13.010
14.080
14.080
14.300
14.330
14.490
14.300
14.790
14.660
14.520
14.970
14.920
14.650
14.800
14.930
14.660
14.580
14.770
15.010
14.920
14.690
14.690
14.640
14.690
14.590
14.540
14.460
14.510
14.440
14.680
15.150
15.220
15.480
15.330
15.160
15.340
15.160
15.280
14.990
15.340
15.550
15.240
15.030
14.970
14.450
14.270
14.150
14.320
14.120
14.750
14.960
14.950
14.750
14.860
14.530
14.700
14.860
15.020
15.540
15.500
15.580
15.250
15.170
15.700
15.740
15.850
16.030
16.020
16.180
15.690
15.330
15.200
15.850
15.880
16.010
15.550
15.530
15.210
15.010
15.180
15.520
15.530
15.110
15.160
14.980
15.020
15.000
15.150
15.430
15.230
16.400
16.250
17.080
17.130
17.710
17.000
16.530
16.900
17.040
17.350
17.270
17.520
17.980
15.820
16.340
16.300
16.500
15.400
15.560
15.480
15.500
15.100
13.920
14.450
14.470
13.820
14.450
14.320
14.880
14.780
13.850
13.810
13.660
13.420
13.170
13.320
13.320
13.080
13.100
12.450
12.300
12.630
12.580
12.730
12.800
12.840
11.900
11.990
12.200
12.450
12.040
12.290
12.110
12.600
12.410
13.020
14.140
13.920
13.980
13.390
13.400
13.420
13.360
13.180
13.200
13.100
13.400
14.800
14.650
14.720
15.320
14.980
15.200
14.590
14.510
14.480
15.030
15.250
15.170
15.410
16.270
14.770
14.730
15.060
14.630
14.820
14.810
14.800
14.650
12.970
12.200
12.660
12.600
12.200
11.900
12.390
12.090
12.000
12.050
12.460
12.610
12.030
11.740
12.740
13.300
14.330
14.870
14.440
14.340
13.940
14.350
13.950
13.470
12.500
13.470
13.180
12.970
11.800
12.330
12.010
12.400
12.610
13.480
13.730
13.400
13.680
13.880
13.550
12.660
13.500
12.510
13.780
13.620
14.710
15.930
16.700
16.460
15.700
19.200
19.860
19.980
19.230
19.220
19.380
18.800
19.580
19.250
19.160
19.660
19.160
18.910
18.760
17.500
18.040
18.000
18.300
19.110
19.110
19.450
18.710
19.380
19.500
19.530
21.400
22.300
20.470
19.350
20.200
20.140
18.750
19.610
20.580
19.500
21.500
21.340
19.210
18.130
17.710
17.480
17.800
16.090
16.580
16.800
17.560
17.490
18.950
17.550
18.440
17.970
16.770
18.000
17.060
15.850
15.600
14.880
15.050
14.800
14.490
13.930
13.450
12.830
12.750
12.840
12.880
13.290
13.500
13.350
13.380
12.140
12.120
12.180
10.970
11.600
13.530
13.150
13.050
12.990
11.830
11.580
11.100
12.850
14.100
13.180
12.600
13.250
13.030
15.200
16.950
17.950
16.500
19.420
19.970
19.570
18.610
19.000
19.720
18.260
17.000
16.880
18.230
16.000
17.660
19.500
21.310
20.410
19.700
21.350
20.230
19.640
19.000
18.900
19.020
17.570
15.800
18.180
18.760
17.290
15.720
12.990
11.160
12.800
16.810
15.990
18.090
19.600
18.490
21.010
21.500
24.640
24.310
23.900
25.960
27.840
27.480
28.800
30.170
30.300
31.030
28.860
29.590
31.960
30.870
31.600
33.000
31.860
29.280
27.310
29.650
26.950
25.390
24.000
25.160
24.160
23.960
24.300
23.120
22.500
22.420
22.150
21.960
20.950
19.800
20.100
20.150
20.850
19.680
20.300
19.510
20.550
20.600
20.850
21.000
20.750
19.890
20.490
20.410
19.630
21.020
21.000
22.780
20.710
18.300
18.140
17.600
17.620
17.250
16.500
16.630
16.830
16.920
16.900
17.290
17.200
17.020
17.550
17.240
16.880
17.030
16.380
16.480
16.440
15.460
15.390
15.260
15.000
14.580
15.010
15.630
15.510
15.550
14.950
14.680
15.080
15.300
15.550
15.550
15.000
15.500
14.880
14.890
14.060
13.870
13.670
13.800
14.580
14.140
14.150
13.980
13.610
13.880
13.340
13.600
13.330
13.900
14.420
14.500
14.600
14.330
14.270
15.640
16.110
16.250
16.900
17.010
16.600
16.610
16.300
15.630
17.140
16.770
16.360
16.200
15.700
15.470
16.200
16.360
16.480
16.570
16.080
16.120
15.750
15.980
15.980
15.910
15.800
15.600
16.400
16.310
17.370
17.500
18.120
17.940
17.580
17.450
17.400
17.860
17.690
17.800
17.290
16.790
16.720
17.060
17.120
17.350
17.000
17.640
18.000
18.170
18.330
18.260
18.460
18.810
18.950
18.850
18.260
18.180
17.740
17.200
16.870
17.340
17.170
17.040
17.230
17.940
18.240
16.900
17.000
16.850
17.100
17.100
16.850
16.810
15.910
15.190
14.800
15.160
14.970
15.450
15.920
15.680
15.610
15.930
15.940
15.470
15.230
15.280
15.500
15.430
15.100
14.780
14.950
14.820
14.750
14.500
14.770
14.990
14.620
14.200
13.730
13.710
14.190
14.750
14.460
14.560
14.570
14.500
15.510
16.350
16.300
16.160
16.250
15.510
15.430
