0.330
0.050
-0.060
0.600
-0.210
0.130
-0.210
-0.320
0.080
0.270
-0.060
-0.150
0.140
0.170
-0.300
0.870
0.180
0.190
-0.520
-0.120
0.050
0.790
-0.020
0.470
0.190
-0.250
0.100
-0.100
0.250
0.240
-0.470
-0.160
-0.030
-0.110
-0.020
0.420
0.110
-0.130
0.310
-0.500
0.150
-1.310
-0.140
-0.180
-0.170
-0.080
0.010
0.280
0.100
-0.040
-0.540
0.450
0.010
0.070
-0.490
-0.740
-0.460
0.030
-0.130
-0.350
0.150
0.320
-0.040
0.250
-0.130
-0.460
-0.420
0.280
0.030
-0.160
-0.300
-0.170
0.100
-0.130
0.110
0.070
-0.370
0.080
-0.010
-0.010
-0.230
-0.120
0.000
0.050
-0.230
0.080
-0.090
-0.210
-0.460
0.380
-0.250
0.660
0.170
0.300
-0.430
-0.050
-0.310
0.100
0.090
-0.180
0.810
0.180
-0.130
0.260
-0.530
1.130
0.150
-0.300
0.260
0.050
0.590
-1.160
-0.190
0.000
-0.230
-0.170
-0.180
0.350
-0.250
0.040
-0.590
-0.150
0.300
0.350
0.080
0.160
0.010
-0.180
0.020
0.080
-0.460
-0.360
0.310
-0.130
-0.150
0.270
-0.340
0.120
-1.060
-0.420
0.240
-0.060
-0.300
-0.020
-0.180
0.800
0.140
0.930
-0.260
0.230
0.110
0.120
-0.070
-0.050
0.270
-0.230
0.460
0.450
0.040
0.010
0.450
0.440
-0.390
0.080
-0.150
-0.280
-0.630
0.080
-0.020
-0.640
-0.280
0.270
0.300
-0.260
0.270
0.260
-0.540
-0.490
0.050
-0.020
-0.030
0.950
-0.350
0.890
0.270
-0.200
0.100
0.070
-0.090
-0.280
0.590
0.260
-0.230
0.220
-0.320
0.130
-0.200
-0.330
0.230
-0.700
0.050
-0.320
0.620
-0.200
0.260
0.040
0.400
-0.050
-0.200
-0.010
0.010
0.350
0.630
0.210
0.150
0.310
-0.810
0.260
0.710
0.180
-0.010
0.450
0.370
0.280
0.180
-0.310
-0.170
-0.770
0.040
0.300
-0.450
-0.170
-1.230
-0.230
1.540
0.240
0.260
-0.310
0.360
-0.460
0.870
0.240
0.840
-0.280
0.110
-0.170
0.480
-0.020
-0.070
0.500
-0.240
-0.190
0.090
-0.010
0.260
-0.160
0.000
0.760
1.120
-1.130
-0.040
0.000
0.100
0.240
0.120
0.000
0.930
-0.080
-0.080
0.070
-0.020
-0.200
0.110
0.250
0.200
-0.420
0.040
0.420
0.000
-0.110
-0.450
0.120
-0.940
-0.660
0.060
-0.040
0.580
-0.100
-0.040
-0.090
0.120
0.020
0.180
0.050
-0.930
-0.100
-0.410
0.180
0.370
-0.110
-0.060
0.680
0.210
-0.180
-0.110
0.310
-0.080
-0.350
0.210
0.510
0.000
0.560
-0.090
0.050
-0.230
0.230
0.440
0.450
-0.030
0.020
0.950
-0.100
-0.300
-0.290
0.330
0.470
-0.500
0.000
0.630
0.230
-1.000
0.040
-0.950
0.020
-0.110
0.450
0.130
-0.200
0.010
0.510
0.240
-0.160
0.280
0.160
0.590
-0.080
0.600
-0.750
-0.370
-1.070
0.130
0.170
-0.570
0.000
0.430
0.420
-0.830
0.650
-0.510
-0.260
-1.230
-0.590
-1.430
0.780
-0.950
-1.610
0.020
1.210
0.510
-0.190
0.580
0.290
-0.530
-0.180
0.540
0.340
0.660
0.250
0.120
0.570
-0.200
-0.090
-0.150
-0.550
0.380
-0.110
0.420
-0.100
0.060
0.220
-1.330
-0.290
0.020
0.780
0.020
0.230
0.820
-0.580
-0.510
0.550
-0.410
-0.190
0.660
-0.220
0.350
0.400
0.420
0.700
0.090
-0.460
-0.320
0.320
0.110
-0.050
0.090
0.400
0.610
-0.980
0.460
-0.260
0.000
0.610
-0.390
0.530
0.380
0.220
0.350
0.080
0.100
-0.180
0.510
-0.730
-0.010
-0.160
0.850
0.410
0.170
-0.080
0.690
-0.680
-0.890
0.120
-0.180
0.330
0.630
0.300
-0.270
-0.880
-0.930
0.550
0.830
0.130
-0.770
-1.000
-0.840
-0.320
0.160
-1.230
0.030
0.110
0.160
0.070
0.140
0.630
1.010
0.160
-0.050
0.910
-0.960
-0.420
-0.310
0.860
-0.940
-1.210
-0.200
0.630
-0.220
-0.010
0.790
0.730
0.250
-1.130
0.760
0.960
0.870
0.790
-0.250
-0.900
-0.930
-1.110
-1.210
-1.370
0.690
-1.440
-1.600
-1.780
0.500
-1.330
-2.070
-0.850
1.960
0.600
-0.010
0.080
0.760
0.580
-0.520
-1.080
0.730
-1.060
-1.470
1.270
0.560
-0.950
1.830
1.660
1.510
1.370
1.250
0.670
-0.190
0.160
0.360
0.250
-0.070
0.210
0.000
-0.120
0.430
0.230
0.200
0.520
-0.250
-0.040
0.230
0.090
-0.300
-0.080
0.280
0.070
0.120
0.260
0.020
0.080
0.090
-0.040
0.270
0.040
0.240
0.010
0.080
-0.200
-0.270
0.030
-0.010
0.220
0.160
-0.330
-0.030
0.020
0.040
0.140
-0.210
0.150
0.120
0.270
0.210
0.090
-0.020
-0.150
0.400
-0.440
0.190
0.030
-0.100
0.380
0.040
0.060
-0.310
0.050
-0.160
-0.080
0.360
-0.060
-0.890
-0.380
-0.070
-0.200
0.170
0.090
0.120
0.200
0.220
-0.870
-0.170
-0.430
0.070
0.080
0.230
-0.360
0.030
-0.020
-0.100
0.220
0.100
-0.090
0.190
0.090
-0.010
0.240
0.050
-0.400
0.150
-0.540
-0.050
-0.180
-0.080
0.120
-0.390
-0.100
0.120
0.000
0.010
0.360
0.210
0.050
-0.330
-0.220
-0.430
0.180
-0.510
-0.410
-0.610
-0.340
1.190
0.200
-0.290
0.620
-0.250
-0.150
-0.090
0.500
0.010
0.370
-0.520
0.200
-0.110
0.060
-0.980
-0.170
0.760
1.060
0.970
0.290
-0.040
-0.040
0.360
0.060
0.360
0.110
-0.130
0.070
-0.280
-0.230
0.180
-0.150
-0.120
0.300
0.150
0.060
-0.150
0.260
0.040
0.130
0.030
-0.110
-0.020
0.080
0.040
-0.280
-0.020
0.260
0.110
0.090
0.060
-0.160
0.090
0.100
-0.230
-0.070
0.100
-0.260
-0.540
0.270
0.090
0.220
-0.290
0.470
