94090.04
117932.70
67612.01
50018.15
32120.67
30845.06
37874.88
52066.65
58703.68
64456.41
100697.69
59862.36
70063.12
72851.84
128056.10
233375.95
222076.77
93873.86
75534.24
35578.30
47202.24
76874.40
50874.16
83205.84
88824.41
41023.68
30490.77
38160.50
40339.61
34804.87
52031.34
72910.17
85317.30
74419.72
109547.82
91888.11
68799.49
95898.00
102232.94
139554.38
219129.92
55204.16
19491.92
23221.61
20539.37
18401.88
37473.59
46118.41
20809.20
27168.74
24915.98
20809.63
34105.37
30985.35
38489.74
32672.73
30187.84
21360.12
37014.42
36696.73
48995.86
26789.04
28920.27
32765.16
34443.01
82645.33
95102.11
70134.97
139261.88
217636.64
30232.49
38860.82
19750.60
24187.15
35743.40
36255.50
19299.82
19216.61
28115.42
23141.35
33720.67
45939.96
62013.99
46274.03
36862.85
34635.34
60535.58
28981.71
35562.80
37996.98
46371.27
30814.69
43377.99
21681.82
28957.64
24156.68
31767.64
17742.54
33481.99
28451.01
45561.68
26123.83
28421.61
39950.52
24390.33
15.00
18593.60
19787.49
21964.35
35740.34
65762.18
45605.36
16792.68
23901.33
35712.90
31710.69
22626.31
34384.45
57256.51
16122.10
18844.63
23249.27
31779.01
50553.36
14855.64
17441.87
27032.65
19440.96
23580.99
30048.25
25803.63
22510.29
23835.81
19258.30
30113.86
29102.67
27404.56
40397.82
74154.53
35597.90
31128.78
18995.13
24602.50
24681.90
51540.07
41181.95
50008.78
38018.31
49953.47
32802.04
38318.56
55950.32
34313.89
32057.32
45269.58
64474.82
62557.62
47002.81
38514.45
31455.11
29080.99
42548.33
25693.12
25171.66
28662.54
40060.61
31943.35
43404.99
61520.04
111925.88
29005.42
40015.39
49702.43
82722.96
50975.00
32537.44
44042.72
52675.83
26414.19
35592.57
39203.43
52310.98
33765.37
67162.16
70928.38
32489.06
31989.91
26464.22
28584.35
19078.66
19450.30
25041.96
25157.60
27476.64
60630.06
39403.51
32885.58
53913.71
63513.56
29392.55
35629.40
43131.76
56266.20
31888.38
23119.09
32510.06
43033.55
33675.93
53104.07
94588.18
41379.95
49283.10
57482.62
70406.84
66545.33
35924.03
50405.67
55172.23
50342.98
50889.26
55561.77
58380.99
45044.80
42527.17
61786.31
73111.62
133415.98
150297.70
79707.02
77856.63
146210.23
136147.67
202976.67
325291.44
207820.44
81779.05
125715.44
165408.72
82945.50
93994.75
61285.57
104743.33
120401.86
199121.12
84372.87
76893.09
117741.70
78856.92
99177.64
91980.12
104273.62
97044.16
75637.83
77827.93
74367.89
76861.81
92737.22
120859.42
152872.30
110253.99
109951.46
124561.18
172968.64
147309.70
133785.67
191190.73
184870.53
110203.03
143761.62
175455.23
140492.42
168327.62
117265.72
112721.94
143607.38
112028.16
111876.79
69871.41
66953.04
90039.01
95109.07
66597.64
113640.89
158450.59
141769.77
113754.10
111108.73
56329.95
90238.14
87133.96
101683.33
91599.41
136877.70
155777.45
186007.06
168682.56
243267.23
195677.70
158300.97
257645.62
179040.27
173542.02
167478.31
231695.56
175807.48
274340.19
274835.56
312958.75
209259.42
185883.16
271228.19
280077.22
398064.81
230686.75
341475.62
286550.72
350825.97
266409.62
257808.91
306305.91
359371.03
198664.86
311272.12
202042.22
196885.16
249249.44
249539.98
267191.84
368655.81
4592.00
2512.00
410962.56
282695.75
219491.05
272296.84
317012.28
421731.56
410054.84
372457.34
331160.97
389580.25
356532.97
352546.44
259757.50
281137.12
358765.97
12531.97
236499.88
182655.80
163355.19
258665.92
230796.30
183224.59
183323.56
279018.41
292434.34
281906.66
186770.20
173926.92
232921.58
182506.20
373219.09
271703.72
372748.22
401454.38
133021.38
249999.55
485397.28
741673.06
390427.81
464552.56
111131.45
123314.36
144496.09
122878.93
199509.77
201227.72
139068.88
125207.86
166602.38
224722.05
123121.74
167433.47
180637.14
209799.61
265398.56
440802.38
177857.59
180954.41
155250.05
185953.55
238187.39
53295.62
38815.24
32087.17
56462.34
74507.13
95316.20
55632.96
55349.59
41248.62
52287.47
42526.48
53458.58
97422.16
115733.28
79780.32
75350.33
84893.18
105105.72
69323.34
91790.50
87383.08
33768.81
60779.69
88249.19
28335.96
33236.12
35250.78
49809.90
41547.78
64354.37
110946.79
66416.03
54944.45
26284.48
930.32
50974.50
30227.36
30635.58
45649.54
34732.62
25500.22
35488.73
20534.93
20524.46
21804.33
33094.60
26795.72
24670.03
22433.73
46024.92
54378.11
54593.08
50201.27
42583.61
82793.22
83326.73
75510.87
44652.79
64540.69
68957.07
63219.24
50842.17
23362.36
24597.18
51139.78
43876.38
26427.85
42935.95
24739.23
16174.71
24682.11
27205.35
21552.36
17698.27
39752.44
29825.12
24440.88
20046.75
21552.03
27622.24
25515.88
23103.62
33567.21
47334.92
47050.07
53371.55
44612.33
47318.28
43531.33
40063.74
44230.28
45567.95
41598.05
40205.69
28135.42
16015.10
14270.87
19620.89
19891.98
16242.78
13948.55
19056.81
24901.84
38258.10
25931.62
37625.34
35031.94
32500.79
30109.60
72990.58
64986.47
45435.48
67446.57
43314.78
29355.39
39209.58
61840.12
64411.74
48841.12
54299.86
40779.27
38174.38
38083.41
39869.53
56741.28
66014.98
57710.96
54570.79
65984.84
51736.70
26270.17
29983.79
32353.64
38973.43
58786.01
34230.33
23457.74
25320.40
50768.01
57375.31
29056.81
42125.13
41857.99
56721.25
69316.87
135499.62
53861.95
45149.31
38671.81
39994.36
68457.60
26787.98
26186.04
66036.25
31273.25
37129.88
32152.25
75219.31
83776.65
53227.83
55690.34
60899.98
36137.32
60115.55
45901.59
70506.10
33271.34
72420.92
21239.21
19457.36
21222.66
29802.08
20018.34
21734.22
14415.70
16240.93
20883.62
17128.94
16118.00
17618.56
14838.20
32938.14
26871.93
27696.43
37783.26
17007.16
36217.25
15689.62
