20927.00
56854.90
25718.54
20497.48
12407.90
13421.50
18674.77
30043.81
26899.57
25862.57
22943.73
18451.73
22707.00
23001.41
20046.27
30229.21
13614.43
13146.76
18135.00
19208.52
19691.86
33671.61
31221.20
15649.15
18176.26
20628.00
17420.70
21730.32
19845.26
22677.80
21814.42
22908.00
19726.68
23583.00
29226.11
29000.95
20536.99
27656.59
52045.62
45147.42
57367.45
42366.38
49338.57
24268.00
22668.98
29135.33
33758.92
33230.80
14510.50
26428.01
30260.90
50218.92
29608.84
40199.72
22677.84
26596.92
28647.21
25865.41
40545.11
47271.36
44625.25
35178.99
39495.85
39971.64
24430.21
43795.05
30401.64
50318.21
40808.29
39789.89
68406.05
93959.58
41265.14
41874.46
38701.50
41141.34
21465.57
33819.91
33277.61
29883.27
32893.26
29462.60
45788.01
40338.52
51514.16
38361.87
41705.37
47169.63
55316.36
69694.98
128265.04
48501.49
42232.33
28830.70
41496.74
34111.96
33340.96
39915.92
38616.24
43261.15
48226.63
107727.89
34570.93
35534.27
16425.50
3.00
32317.66
22969.23
39887.89
44275.91
39660.28
23252.34
26173.09
42412.84
69533.76
35991.82
32524.06
62898.44
30576.56
30429.43
35475.30
45642.76
46060.63
43822.34
23808.24
29260.40
41236.14
34497.02
51442.15
39611.92
43553.27
37392.50
37928.20
39669.18
54241.05
58987.66
53841.52
68943.84
128472.14
68689.01
62633.20
63234.77
84590.17
56120.74
80489.51
101991.25
225692.52
269034.41
137723.38
116146.73
466050.03
143622.70
184253.48
195240.72
187321.72
281391.41
198970.38
218287.98
173570.44
267688.69
237707.45
353219.56
266794.19
473942.59
378399.47
163825.38
262751.31
288054.88
119433.35
143585.64
61912.09
131443.19
149207.83
67901.29
146284.06
104277.33
124413.18
151278.14
112117.44
111119.24
149065.91
157359.31
202255.73
140548.47
238418.55
273652.84
151078.94
191445.88
110912.10
74829.03
123935.99
72368.59
102373.92
59692.70
92843.77
70323.31
95546.54
155360.64
126168.98
78326.53
82593.17
105462.30
179806.70
252369.28
188951.45
354249.75
143951.59
70900.25
57041.65
52714.02
38584.60
51557.18
44897.35
52928.82
64178.04
28770.55
37481.16
35525.80
50464.19
30773.98
54254.14
32575.85
31075.56
31014.50
67042.77
53779.20
91718.28
202925.11
96844.24
45118.19
68861.90
63576.48
69805.95
85390.61
92589.06
89217.26
111094.63
172079.78
113495.13
98971.64
86438.22
160769.34
106163.05
123278.54
94156.02
60751.19
68264.60
103142.07
136186.34
120625.25
105148.23
63310.31
70499.50
72284.67
103625.54
207879.80
114508.27
108145.97
76930.28
105360.07
112356.83
81650.32
97904.16
138090.44
265274.59
424295.81
84359.78
33440.46
34004.55
43394.32
40238.14
37275.28
42870.01
50095.03
46279.68
72124.57
75274.42
47834.10
57452.59
79210.16
62912.43
51674.00
92063.42
135931.52
141640.67
152209.80
232516.36
120174.28
68801.17
83777.66
100778.64
67705.69
101439.71
96363.68
188377.03
98809.03
143488.14
154095.38
186439.95
358247.09
651672.50
275938.88
83925.20
95330.15
98013.73
141816.53
60079.03
95753.96
85032.34
67638.19
88355.53
109917.56
143271.95
79843.28
142081.17
124727.54
140535.72
116887.53
53449.24
74317.27
81932.87
37625.50
46457.68
77858.53
81567.68
62439.61
69470.44
90864.86
72422.33
116643.92
112683.70
92993.98
107079.36
81178.50
99168.76
128576.62
121200.74
109869.63
93346.60
118845.48
93063.69
66212.71
113062.55
74625.22
100033.64
84150.32
136948.81
224372.30
437130.34
612770.50
47532.73
60400.83
81627.82
83775.11
87216.12
70821.80
75020.04
80022.14
73456.67
106444.35
90590.19
116158.09
27719.00
96902.65
133487.67
110753.82
99703.12
100891.08
125893.61
167356.19
174041.20
292018.22
508543.78
107988.25
152817.27
140505.27
155290.41
109885.79
74945.30
71518.06
95770.19
83951.24
123111.12
144375.41
179472.59
135844.22
105965.87
144636.64
206534.81
233387.19
239970.72
192810.41
311294.09
324265.75
571468.12
185149.44
112381.76
119817.41
212877.34
134863.36
224948.59
258404.12
231112.67
350555.12
235319.69
216485.38
245422.25
187668.62
99299.35
141062.70
145341.66
139870.73
217594.69
302866.88
423260.06
510337.06
346785.25
406333.88
204764.64
266385.59
290882.38
255767.09
210479.41
276024.03
320343.47
246000.89
289170.50
6882.00
175260.86
134124.11
143331.34
217187.52
291156.56
169073.20
279041.47
276390.59
337337.97
567972.50
659382.44
792455.88
31675.04
121198.34
160454.09
287848.28
264085.16
223934.22
256183.38
311965.75
222566.69
210473.58
158509.52
186975.72
176951.12
199556.52
171021.48
196053.41
261297.30
237381.33
340318.88
256686.41
245810.41
185000.66
303947.44
292759.47
303381.16
410929.50
326404.44
256958.55
290582.88
386639.00
314014.16
313028.75
331894.16
535837.00
515294.59
375381.62
139800.30
172238.17
116774.44
181163.42
210396.92
173221.58
167672.66
108786.85
72181.11
80521.36
84979.64
69252.87
86924.37
90639.79
144482.41
173790.52
265051.66
429645.62
6270.53
12338.33
1055.13
42562.00
34620.43
39818.59
32700.70
32393.39
37878.40
41931.71
63684.24
64882.92
81102.91
65321.72
96092.30
114548.28
74910.72
41786.41
38877.65
43987.68
70864.30
59067.42
68876.18
44931.15
42249.72
73825.21
35460.23
31094.69
34056.38
43344.37
49470.12
39488.39
38462.65
55843.97
71185.20
57123.24
43134.80
56417.58
58380.14
58158.91
47458.20
57990.61
74920.40
106340.98
89430.52
103608.68
93958.32
80453.46
55985.07
95730.59
131620.56
160588.94
62756.32
61626.13
37556.72
66842.71
29382.52
30971.50
33309.40
42598.20
25304.87
68216.85
29386.98
60327.71
56838.17
49194.42
43308.77
51815.00
38194.76
32872.14
46447.38
59596.28
64116.37
67888.58
38230.14
41270.51
50124.15
55470.10
50947.07
42876.88
69120.61
74685.92
76214.42
110335.90
83242.36
152236.77
99154.64
140850.12
218301.86
175023.44
394825.00
16936.60
48394.73
27080.24
36343.39
33702.37
55301.91
43103.88
75801.95
57460.01
65718.67
88980.11
123939.50
113359.40
44831.48
49251.10
58621.84
63650.84
35382.03
51441.27
58919.60
97008.99
45162.46
73635.15
44281.38
81604.51
93931.61
47502.03
43121.89
38842.25
37821.20
53295.15
38693.82
43832.50
56991.85
64532.39
71983.57
70653.07
106900.24
186929.31
185125.95
327722.62
