11.200
11.380
11.480
11.460
11.480
11.540
11.610
11.700
11.600
11.510
11.700
11.880
11.990
11.960
11.750
11.690
11.610
11.540
11.550
11.710
11.770
11.850
11.890
11.920
11.510
11.730
11.900
11.960
11.800
11.940
12.000
11.750
12.090
12.160
12.400
12.450
12.310
12.020
11.940
12.300
12.150
12.610
12.700
12.760
12.720
12.710
12.380
11.860
11.940
11.720
11.450
11.620
11.420
10.910
11.990
13.320
14.720
14.650
14.680
14.780
14.680
15.030
14.810
14.680
14.550
14.830
15.320
15.230
15.220
15.040
14.770
14.580
14.660
14.500
14.960
15.130
15.110
15.050
14.950
15.120
15.280
15.330
15.240
15.180
14.860
15.060
15.200
15.080
15.000
14.870
14.620
14.450
14.120
13.900
13.910
13.700
13.900
13.930
13.840
13.800
13.370
13.100
13.080
13.260
13.200
13.410
13.340
13.330
13.300
13.010
12.680
12.340
12.440
11.940
12.220
13.500
14.360
14.400
14.350
14.330
14.830
15.210
15.310
15.540
15.450
15.490
15.610
14.920
14.500
14.600
14.850
14.990
14.800
14.500
14.350
14.120
14.110
14.150
14.620
15.500
15.190
14.950
15.170
15.110
15.180
15.580
15.370
15.500
15.450
15.110
15.530
15.750
15.650
15.670
15.800
15.510
15.710
15.260
15.180
15.300
15.330
15.020
15.110
14.740
14.660
14.500
14.470
14.430
14.700
14.600
14.750
14.610
14.520
14.800
14.720
14.470
14.430
14.700
14.890
14.940
14.760
14.410
14.240
14.220
14.120
13.980
13.940
14.350
14.360
14.250
14.200
14.200
14.110
14.120
14.260
15.050
15.140
15.140
14.550
14.800
14.700
14.880
15.010
15.080
15.280
15.380
14.600
14.460
14.310
14.300
14.700
14.700
14.790
14.760
14.090
14.030
14.140
14.430
14.280
13.700
14.180
14.140
14.010
13.960
13.500
14.040
14.010
14.800
16.010
15.810
15.860
16.350
16.330
15.880
16.250
16.440
15.770
15.310
14.820
15.740
15.820
15.660
16.150
16.200
16.020
15.980
16.200
16.060
16.110
15.850
15.410
16.110
14.880
14.110
13.730
13.730
13.550
12.950
12.930
13.100
14.150
14.120
14.220
14.250
13.970
13.860
13.110
12.850
13.230
12.600
12.920
12.850
13.100
12.500
12.450
12.230
12.790
12.690
12.610
12.430
12.920
13.000
12.900
13.700
14.430
14.300
13.900
13.810
13.520
14.030
13.830
13.780
13.910
13.940
14.390
15.870
16.010
15.930
15.700
15.480
14.950
15.040
14.700
15.270
15.410
14.960
14.580
15.160
14.620
14.210
14.900
15.140
15.180
14.920
14.520
14.800
13.930
13.120
12.920
13.110
12.700
12.030
12.470
12.410
11.650
12.220
12.120
13.230
12.550
11.780
12.760
13.600
13.930
14.840
14.890
15.080
14.900
15.030
14.610
14.310
13.020
13.810
14.020
13.500
13.200
12.950
12.100
12.190
12.010
13.090
14.250
13.800
14.460
15.000
14.900
14.400
14.710
13.200
14.020
14.570
15.030
15.700
17.100
18.320
17.560
19.280
20.900
20.470
19.910
19.440
20.400
20.000
21.000
21.800
22.020
21.580
21.220
21.010
20.680
19.850
20.050
19.930
19.810
20.460
20.810
21.050
21.350
19.910
20.800
20.100
22.320
24.520
23.360
23.170
23.810
23.400
20.720
22.140
24.600
24.620
24.450
24.130
22.810
22.760
22.300
22.020
21.650
20.300
20.180
20.320
20.300
20.650
20.280
19.010
19.800
19.380
19.080
19.620
20.760
20.450
20.020
18.710
18.510
18.400
17.820
16.160
15.480
15.180
14.800
14.900
14.700
14.960
16.430
15.850
15.510
14.710
14.080
14.420
12.980
13.350
14.830
16.250
16.180
15.410
13.420
13.900
13.930
15.480
17.200
17.660
16.570
18.410
20.460
22.730
25.250
28.040
26.260
29.090
30.630
31.780
29.300
30.850
31.300
29.320
27.740
25.120
26.010
23.350
23.850
25.970
27.290
26.080
28.880
32.090
35.590
33.740
32.400
31.030
29.350
25.800
25.950
28.830
32.030
29.120
32.360
33.880
35.590
30.420
33.800
37.560
40.700
42.040
40.500
43.410
48.000
48.000
49.510
50.980
48.010
44.100
42.000
41.400
41.130
43.900
46.030
48.330
46.200
41.110
36.210
38.410
40.150
39.400
31.210
32.500
33.610
32.850
31.630
30.100
26.730
26.380
26.570
25.900
24.550
24.200
25.120
24.580
23.650
22.540
21.810
21.660
23.760
23.700
25.050
24.280
22.110
23.060
22.810
23.970
25.010
25.010
25.630
25.800
26.840
26.600
26.700
26.480
26.220
24.700
24.850
25.900
25.000
26.200
26.150
27.600
25.520
24.410
23.510
23.150
22.010
21.180
20.830
21.600
21.520
20.800
20.460
18.600
16.380
15.970
15.810
15.700
15.520
16.110
15.880
15.730
15.500
15.710
15.060
14.530
14.200
14.300
14.200
14.500
14.730
14.210
13.950
15.350
15.350
15.100
15.150
15.710
15.030
15.200
13.980
13.310
12.830
12.660
12.500
12.450
12.300
12.200
12.640
12.820
12.960
12.900
12.530
12.960
12.800
13.180
13.730
13.300
13.000
12.750
12.200
12.820
12.900
12.000
12.000
11.640
12.730
12.660
12.350
12.300
13.010
13.380
14.150
13.900
14.410
14.380
14.510
14.360
14.050
13.810
13.890
13.830
13.630
13.820
13.750
13.380
13.300
13.220
13.220
13.180
14.230
14.340
14.200
14.130
14.200
14.230
14.140
14.550
14.710
14.280
13.910
14.600
14.430
15.100
15.100
15.370
14.800
15.600
15.700
15.100
14.920
15.130
15.430
15.800
15.500
15.480
15.220
15.300
15.790
15.850
15.890
16.300
16.000
15.300
15.700
15.660
15.620
15.100
14.930
15.180
15.260
15.240
15.080
14.680
14.300
14.000
14.040
14.540
14.500
14.730
14.030
13.910
14.140
14.070
13.770
13.410
13.060
12.900
13.200
13.390
13.150
13.020
13.000
12.790
12.560
12.910
13.060
12.950
12.540
12.260
12.200
12.130
12.700
13.310
13.110
13.250
13.130
13.230
13.600
14.010
14.340
14.250
13.550
13.380
