25.980
26.140
26.000
26.720
27.200
26.840
27.100
27.720
27.800
27.960
28.200
28.680
28.800
29.010
27.410
27.050
27.220
27.870
28.200
28.060
28.170
27.960
28.290
28.240
27.890
27.400
25.580
25.590
26.320
26.180
27.100
27.270
27.560
27.850
28.300
28.420
28.590
28.320
28.280
28.410
28.310
29.650
29.040
30.600
34.000
34.240
34.190
35.340
35.700
35.280
35.780
35.770
36.300
35.890
35.080
35.270
34.960
34.850
34.890
35.600
35.780
35.720
34.850
34.220
34.180
34.210
34.460
35.940
35.830
36.090
36.500
35.710
34.520
34.640
34.100
35.370
36.300
35.580
34.630
33.670
33.010
33.620
34.080
34.060
34.260
34.350
33.910
35.030
34.200
35.070
36.450
36.360
36.170
36.300
35.820
35.060
35.030
36.430
35.500
35.160
35.760
36.400
36.100
36.140
35.890
36.600
34.300
35.600
39.040
38.360
39.100
39.660
41.300
39.300
39.610
41.190
42.660
42.070
42.050
42.990
42.650
42.540
43.070
43.110
44.150
43.560
43.810
45.150
45.800
43.000
42.450
43.800
45.350
45.190
46.500
46.330
47.290
44.970
42.570
41.790
46.430
42.210
41.400
41.200
42.200
42.830
41.480
39.280
40.060
41.590
39.850
41.010
41.400
38.500
40.120
37.510
37.400
39.190
37.820
35.920
32.650
35.020
35.400
38.770
40.750
42.290
39.660
38.330
38.000
39.500
39.240
37.820
40.150
43.000
43.970
41.610
40.510
39.540
39.140
39.560
39.330
41.200
40.450
43.800
40.300
42.350
38.500
38.790
36.500
33.180
32.220
30.180
30.250
30.400
30.560
31.200
31.670
29.000
26.650
26.740
26.050
24.770
24.500
26.040
26.410
26.270
25.800
28.670
31.850
31.150
28.330
27.500
29.530
32.810
34.950
34.960
35.800
37.060
36.800
35.480
32.250
31.100
31.950
30.530
30.420
27.650
26.610
24.190
26.300
28.470
31.630
31.220
28.680
30.760
30.160
30.530
28.680
27.280
24.800
24.460
22.500
24.380
25.470
28.300
27.880
28.550
31.320
31.890
30.220
28.600
27.260
27.060
27.020
27.900
27.060
27.690
27.610
27.680
27.200
26.140
24.280
25.220
26.290
25.990
24.580
25.380
25.400
25.080
24.810
23.120
21.020
22.990
23.300
22.930
22.930
23.550
22.750
20.680
20.570
19.600
18.780
19.770
20.480
20.230
20.200
20.690
19.600
19.050
17.320
17.670
17.420
16.400
15.770
16.400
16.470
16.150
15.630
14.980
16.590
16.260
16.540
16.250
15.700
15.240
15.030
14.440
14.160
13.510
13.450
13.170
13.360
12.960
13.870
13.800
13.780
13.860
13.050
12.680
12.620
11.470
12.560
13.950
13.610
13.860
13.130
12.100
11.900
12.400
13.050
13.740
12.600
11.880
12.110
13.460
14.950
16.300
17.080
16.690
18.540
18.310
18.440
17.650
18.370
18.730
17.780
16.940
16.910
17.090
15.540
17.170
17.870
18.790
17.080
16.690
18.540
19.350
17.590
17.730
17.040
15.490
14.080
12.800
11.640
12.930
14.000
15.420
17.130
19.030
19.200
21.330
23.700
25.180
25.520
24.800
27.560
28.140
26.880
27.700
28.800
28.440
28.450
28.070
29.630
29.650
30.580
32.390
30.190
30.000
27.370
26.300
28.760
28.400
26.610
26.500
27.470
26.120
24.530
22.300
21.210
21.870
21.900
22.600
21.690
20.980
19.640
19.700
19.620
20.120
20.000
20.210
19.770
21.110
21.300
21.560
20.920
20.360
19.650
20.430
20.890
20.560
21.300
22.010
20.950
20.100
20.100
20.230
19.900
18.660
17.450
16.830
16.180
16.870
16.940
17.950
16.320
16.700
16.800
16.500
16.360
16.590
16.460
15.410
14.210
14.690
14.950
14.700
14.440
14.490
14.900
15.250
15.580
15.600
15.610
15.820
16.150
15.480
15.180
14.850
14.950
13.780
13.520
13.360
14.360
13.930
13.790
13.950
13.860
14.360
13.830
13.520
13.080
12.450
12.100
11.980
11.960
11.690
11.210
11.780
12.120
12.460
11.510
11.740
11.350
10.780
10.720
10.520
10.160
10.380
10.140
10.650
11.280
10.900
10.820
10.560
10.440
11.150
11.970
12.130
12.800
13.050
12.800
12.740
12.550
12.270
12.610
12.680
13.510
13.460
13.950
14.190
13.850
14.400
14.220
12.930
12.650
12.400
11.890
12.000
11.750
12.040
11.060
10.840
11.280
10.960
11.440
11.660
11.940
12.030
12.050
12.450
12.000
11.720
11.910
12.350
12.450
11.540
10.620
10.800
11.500
11.330
11.770
10.890
10.950
10.940
10.350
9.830
9.670
9.630
9.560
9.380
9.200
9.500
9.300
9.140
9.210
9.720
9.130
9.100
9.060
9.100
9.000
9.080
9.040
9.040
8.930
8.790
8.670
8.670
8.620
8.770
9.120
9.140
9.360
9.090
9.200
8.800
8.750
8.910
8.850
8.910
8.820
8.910
8.100
7.360
