31.000
31.020
31.260
31.500
32.730
32.680
33.850
33.500
32.610
32.290
31.890
31.260
31.480
31.610
31.560
31.510
32.090
32.210
32.690
32.580
31.250
31.720
31.880
31.800
32.270
32.300
31.990
31.500
33.110
35.010
35.000
35.590
36.330
36.290
36.330
36.300
35.700
35.530
36.110
36.300
36.850
37.110
35.830
36.440
36.370
35.640
36.670
36.620
36.800
36.600
37.020
37.200
38.880
38.850
38.120
38.510
34.990
36.880
39.100
38.800
38.000
37.860
38.250
37.900
38.370
37.580
37.700
38.150
37.500
37.700
38.170
38.490
40.500
38.600
38.540
37.420
38.450
38.990
38.000
37.700
40.310
39.900
44.260
44.380
44.550
45.320
45.540
44.870
45.000
45.000
44.900
44.110
44.550
44.480
44.880
44.800
45.210
44.550
44.200
44.180
44.550
44.260
45.700
46.030
46.760
46.400
47.000
46.000
44.400
44.780
44.040
44.950
45.160
45.510
44.940
45.550
45.200
46.080
45.900
45.840
45.830
45.800
46.190
46.400
46.200
47.230
47.400
47.770
47.600
47.220
45.530
45.600
46.150
46.500
45.450
46.100
47.350
46.450
46.700
46.000
46.850
48.070
48.310
50.580
48.550
49.950
50.160
50.600
49.780
49.480
51.490
50.720
52.800
52.270
51.800
52.800
48.120
48.280
47.180
46.080
46.450
46.950
46.280
49.020
47.880
47.060
47.390
45.010
47.500
51.800
52.560
53.640
55.690
52.890
55.200
49.550
48.250
48.570
50.500
51.450
52.580
52.460
50.600
51.760
53.900
51.000
50.500
52.500
49.100
51.300
54.880
54.400
54.500
52.500
50.030
51.490
49.700
48.600
46.460
48.000
49.700
51.650
49.200
49.980
49.100
47.550
52.000
48.010
50.900
46.200
44.120
45.200
44.550
43.500
43.000
42.460
41.550
42.500
41.700
39.210
40.800
41.000
38.350
37.920
34.890
34.050
33.960
31.000
32.100
37.000
36.200
35.500
36.480
31.970
31.780
32.300
32.670
34.200
32.000
31.520
33.000
34.140
40.000
44.310
46.010
44.020
48.660
48.500
52.010
49.050
51.000
50.000
47.320
47.000
45.490
50.070
48.350
47.000
45.770
49.100
44.250
43.800
47.000
53.800
52.140
51.500
49.500
52.980
51.920
48.800
56.010
60.000
59.000
52.650
44.200
47.890
64.000
53.800
54.800
54.350
46.000
47.960
49.000
56.350
58.500
52.790
59.000
65.240
65.000
64.500
71.490
67.500
70.000
69.660
68.950
74.400
78.990
77.490
72.110
72.200
66.800
64.670
70.200
76.000
70.000
77.000
73.110
73.500
74.010
78.000
72.000
70.980
79.000
84.800
166.840
149.600
145.680
134.000
129.000
126.250
130.000
138.000
119.050
112.010
119.000
100.080
100.110
92.380
83.220
81.990
82.150
80.840
94.500
92.770
94.500
90.990
83.920
88.180
88.000
90.040
94.050
92.900
86.510
94.350
99.480
94.000
89.970
89.600
91.510
88.300
89.600
82.320
82.500
80.930
87.670
80.980
74.700
80.660
76.580
76.050
78.810
79.000
82.080
79.000
87.980
88.990
88.000
79.120
70.380
70.100
63.200
56.000
58.600
60.000
54.350
53.500
50.990
48.500
50.850
51.800
55.500
55.200
50.050
51.490
50.000
50.000
50.010
49.000
46.000
42.610
42.800
42.800
40.090
37.950
36.000
37.060
35.400
33.700
31.780
30.120
31.490
32.140
30.210
29.220
28.200
32.000
34.690
35.700
35.850
36.110
35.990
37.350
37.510
37.170
38.000
36.860
33.700
35.020
36.040
36.150
35.670
36.720
37.310
37.000
37.170
37.970
38.760
37.260
37.390
37.750
37.390
37.180
37.830
37.600
37.690
37.150
37.870
37.750
37.310
38.020
38.650
39.400
39.430
38.700
39.200
39.810
39.590
38.990
37.570
37.250
37.150
37.780
36.220
37.700
38.280
40.400
40.700
38.920
38.720
39.300
40.400
40.680
39.700
40.470
36.680
36.800
35.570
35.240
33.300
34.800
38.300
40.450
39.310
41.700
42.770
44.000
43.050
