19.630
19.200
18.380
18.260
18.420
17.670
17.850
19.700
19.910
19.900
20.650
21.060
20.940
20.610
20.400
20.560
20.510
20.540
20.370
20.750
20.720
20.800
20.710
20.660
20.310
20.150
19.700
19.500
19.430
18.350
19.800
21.610
21.660
21.230
21.600
21.080
21.600
22.010
22.150
22.210
22.500
21.600
22.280
21.200
21.080
20.700
20.460
20.510
20.690
20.500
20.380
19.700
19.650
19.450
19.690
19.550
19.600
19.240
18.990
18.960
18.910
18.900
18.980
19.000
18.700
18.800
18.600
18.920
18.910
19.170
19.430
19.390
19.000
18.790
18.690
18.480
18.410
17.900
18.700
18.820
19.100
19.020
18.920
18.360
18.200
17.620
17.400
17.810
18.070
17.760
17.730
17.400
17.360
17.350
16.660
16.590
16.020
15.810
15.800
15.790
15.720
15.650
15.640
15.240
14.920
14.990
15.030
14.930
14.520
14.390
14.430
14.300
14.290
14.010
14.660
14.820
15.210
16.200
16.230
16.290
16.360
16.350
15.950
15.750
15.810
16.000
15.650
15.360
15.350
15.280
15.300
15.380
15.500
15.490
15.300
15.060
15.080
14.920
14.420
14.150
14.790
14.210
14.240
14.130
14.480
14.510
14.220
14.430
15.010
16.280
14.700
17.270
17.760
17.710
17.550
17.120
17.000
16.820
17.540
17.430
17.160
16.970
17.360
17.730
17.730
18.680
19.160
19.150
18.560
18.720
18.410
18.800
18.840
18.600
19.020
19.320
19.310
20.510
20.100
20.610
20.780
20.150
19.750
20.030
19.380
20.630
21.360
20.710
20.500
21.150
20.100
19.580
21.110
21.260
21.250
20.790
21.010
20.810
20.000
18.900
18.500
18.810
18.200
17.440
17.900
18.270
17.350
18.750
18.750
20.360
19.250
18.120
18.550
20.200
22.140
23.300
22.980
23.290
22.310
22.500
22.470
22.780
20.420
21.380
19.680
18.850
19.000
18.300
17.500
18.660
20.270
22.520
24.300
23.380
23.510
24.900
21.600
21.340
22.800
20.120
19.690
19.510
21.270
22.000
21.230
22.510
21.300
19.360
17.600
15.410
14.350
13.290
13.420
14.910
16.570
18.140
19.800
18.860
20.700
22.410
22.810
21.980
22.180
22.630
21.500
20.400
19.830
20.250
19.000
19.410
21.100
21.710
20.000
19.220
21.160
23.180
23.720
23.020
22.800
22.510
21.190
18.800
19.360
20.550
18.680
19.800
19.190
19.770
20.500
18.000
19.480
21.640
23.820
25.160
24.200
25.250
28.050
29.710
31.370
34.370
36.070
32.790
33.320
33.910
33.910
35.600
36.020
33.350
34.610
35.200
34.390
34.800
33.360
31.380
29.500
28.410
28.700
29.030
27.160
25.810
24.500
24.230
24.010
23.320
23.150
21.970
21.920
21.730
22.020
21.550
21.650
22.000
21.510
21.710
21.800
21.790
21.520
21.800
22.650
21.980
20.950
20.650
20.380
20.110
19.600
20.000
20.110
19.700
19.820
19.460
19.130
19.340
19.620
19.830
19.810
20.320
20.400
19.880
19.580
19.000
18.310
17.840
17.730
17.820
18.470
18.300
18.220
18.060
18.160
17.600
17.300
17.010
17.010
18.050
18.200
18.510
18.020
17.680
18.040
19.800
21.010
20.990
21.230
21.290
21.530
21.850
20.420
20.010
19.920
19.900
21.020
19.650
20.060
19.960
20.800
20.850
20.700
20.750
20.710
20.590
20.450
20.720
20.250
19.610
19.980
20.060
20.800
21.030
22.100
22.310
22.150
22.110
22.400
23.030
23.000
23.310
23.710
23.510
22.570
22.790
22.020
22.600
23.600
23.010
22.500
22.190
21.660
21.830
21.160
21.500
21.310
21.310
21.280
21.400
21.150
21.020
20.550
20.520
20.550
20.700
20.580
20.380
20.790
21.760
21.910
21.800
21.580
21.590
21.650
21.750
21.240
21.220
20.600
20.000
20.640
20.710
21.120
21.110
21.530
20.410
20.620
21.380
18.600
18.260
18.130
18.100
18.480
18.430
18.300
18.310
18.640
17.890
17.760
17.920
17.200
17.130
17.100
16.700
16.450
16.290
16.920
17.320
17.240
17.210
17.320
17.250
17.700
17.720
17.930
18.030
18.510
18.300
