200003.48
93128.53
153253.66
179147.56
93552.47
29116.84
20978.40
44149.08
31482.82
34799.82
34204.33
22282.22
32929.73
31947.49
40883.91
66262.13
44255.33
92113.96
18485.09
32778.32
30012.26
54164.29
34457.69
25392.43
75981.33
31380.87
21365.94
16573.79
33916.97
30738.74
34768.18
31426.55
25726.29
31119.55
46289.75
48690.13
18787.00
20129.86
34666.90
32430.10
25151.78
27037.57
21573.07
22756.38
28884.50
25527.03
34075.03
56023.76
27820.82
33656.83
39937.54
25934.82
38296.10
61345.93
28863.08
34763.86
31004.71
28226.12
37252.14
61193.25
51618.53
28900.51
39745.44
61472.17
63887.33
66152.65
41855.21
27785.12
32512.75
28767.19
43782.74
46127.30
29232.77
48682.50
101818.01
36616.30
24391.27
30353.27
37801.20
45118.81
54666.54
69269.92
44965.27
67338.43
49517.40
35731.00
44382.83
40071.15
61229.65
49645.46
54198.04
74543.54
109772.10
81270.63
127010.84
47980.52
63731.38
52780.08
69198.94
53842.97
74837.24
67162.60
72294.20
84661.71
100560.36
2.00
71147.87
14946.00
19935.71
24760.10
31620.67
19083.45
27679.50
37911.42
69919.76
37169.01
36669.27
26887.47
23472.89
32585.86
35385.99
55789.35
60860.85
63502.55
24560.00
44757.71
33489.46
30836.42
61147.90
104478.85
30648.99
30902.18
28954.02
32164.52
37040.53
45043.42
64473.14
62299.94
107777.84
54817.04
48912.60
31689.79
35846.00
48037.72
49123.39
30897.32
41925.25
53752.50
56966.21
62184.63
75623.11
83527.79
78555.82
45708.61
54860.26
75603.01
93034.02
101764.76
187401.80
75117.04
77030.12
82840.14
72492.25
54496.90
100398.85
96141.77
60973.53
64336.34
115031.46
74209.20
55637.79
57998.82
71472.58
75852.99
103542.78
77363.09
125213.12
55973.51
50083.08
59698.13
58134.02
70166.28
44260.87
44957.66
52360.93
57159.63
63713.20
69165.52
75581.83
100065.80
189112.55
117496.83
132121.08
124078.62
280144.50
198823.39
235896.42
146662.44
134659.48
166865.67
179172.19
363483.97
200331.31
157115.95
184964.94
102966.39
159896.55
198557.67
130035.11
93855.24
184656.84
101457.53
138911.77
92716.20
125829.70
95313.69
145799.78
282719.81
130811.19
148858.25
255185.23
352421.88
414397.91
446419.38
653537.44
761024.69
67390.80
317767.34
264814.62
369516.59
74977.02
103414.05
78548.08
113155.97
93233.29
106541.39
106572.25
132343.36
212673.75
124072.83
167267.88
150409.66
120766.17
118434.57
95958.16
121599.32
136452.38
169533.98
153762.91
170849.05
196967.59
97681.57
131045.15
174999.45
211767.69
228142.12
227577.41
110639.25
195261.75
173929.81
205694.52
114327.81
103828.21
94287.26
105262.67
70945.98
93420.91
106854.31
80878.54
151584.27
207567.73
84582.25
156017.52
230428.58
192511.08
234110.92
285805.06
75311.18
94377.38
71825.64
110445.51
101852.56
112492.15
179445.83
210452.52
131114.94
167061.70
165198.33
191094.77
257935.77
178939.14
280301.22
344837.03
354373.25
286277.38
348187.81
246308.23
380202.59
383778.44
381207.88
565537.69
868727.06
18322.10
25704.89
14882.37
9594.40
137708.23
147895.06
107258.70
156636.06
165464.09
100962.61
106469.72
134812.62
176453.80
85154.91
118539.89
125103.37
132635.55
140789.91
106712.04
112861.83
120175.79
142127.44
181231.16
108643.95
143380.59
134339.83
219417.33
152973.66
93522.57
108219.56
181257.70
258761.62
153120.62
182181.89
197981.31
206800.12
185772.39
108574.94
110375.44
130082.05
176670.58
202862.53
200237.95
212833.81
167192.70
185702.12
164989.83
175296.69
142919.11
225868.59
54384.00
246157.98
257912.52
151152.95
177930.41
221028.52
138535.62
217350.47
151586.67
200697.88
329371.09
304130.12
99336.09
155120.05
120892.48
88204.89
66022.60
67566.34
77372.32
88220.02
107293.92
146507.97
140749.17
168879.09
165434.67
158643.16
187912.03
205922.09
231627.84
373202.72
370737.75
328793.34
172904.12
139967.03
101068.29
94414.68
168203.80
114830.31
134326.06
155312.06
210220.55
204668.39
193488.22
166059.77
145091.66
123576.62
111265.33
144961.56
206523.81
117456.47
157565.59
180742.41
234175.14
354327.88
385548.56
411352.38
160847.31
123710.48
145341.66
148397.30
129538.05
150108.70
167909.03
102085.82
87516.58
3457.00
55194.75
60387.71
72773.01
90471.88
89635.42
106831.28
129793.60
99255.29
71962.27
104393.06
97202.88
98470.52
81382.68
75777.79
91875.45
149051.09
166501.22
140597.78
98770.70
105546.99
98421.55
157693.03
117102.47
153531.00
81251.25
72755.89
160446.41
100999.80
133226.06
168226.45
132275.62
164313.28
163566.45
151732.98
174788.77
193889.84
204777.88
185536.66
283497.78
113759.69
100184.30
96877.93
122640.55
137214.30
152552.30
156534.12
196617.52
177918.23
183800.97
151226.19
177894.09
148259.81
150761.94
124481.36
272503.56
170733.34
45313.16
147117.00
295115.78
57726.71
237908.41
295174.16
122137.00
143314.33
154395.64
129072.24
101151.31
122534.93
121550.36
108087.10
136513.44
147550.83
159820.19
191292.78
156735.97
184400.48
212534.55
139368.48
194056.97
225371.80
224290.11
279207.44
308257.03
301287.53
202955.20
214027.34
241949.34
285376.81
112212.79
188283.09
266117.66
215358.95
232314.53
212849.27
240580.41
181485.69
184961.22
276499.34
272581.56
275178.22
305268.03
303298.34
222060.73
233954.03
138540.56
165919.66
104767.01
160620.48
275847.81
142956.52
157528.09
140292.66
131670.48
139541.41
123715.17
98749.98
130929.34
122914.65
146890.88
139221.12
171923.98
249122.48
241918.48
258971.72
229209.33
249811.75
271427.62
324638.59
280713.81
466804.84
137134.91
561848.50
265485.03
367425.16
156178.70
202194.05
211187.94
218884.09
181611.59
117315.94
99442.19
111166.55
87714.77
143151.55
139455.31
177961.34
249564.45
133871.47
158284.72
81028.81
70874.94
2273.50
108840.23
140476.50
119245.08
132049.52
66432.30
60312.19
79526.39
107861.37
178991.31
81169.24
68675.60
35838.42
55286.06
48731.79
96391.14
60729.49
45498.63
81862.06
64583.03
86672.09
86315.52
97482.08
74272.84
35857.26
50568.28
55785.41
42725.40
47245.53
49751.62
44519.87
70313.78
55182.53
41468.70
55734.05
50901.76
53691.57
37442.55
55242.23
59355.54
84077.81
71264.79
42713.33
64863.55
84942.88
77387.15
80545.37
70369.28
112259.08
101975.46
131701.16
165736.45
107606.90
108689.67
58723.80
92696.26
114183.53
98171.02
118781.29
158499.66
185422.08
203153.81
40937.70
61472.93
38051.91
49581.52
49637.91
86560.01
41103.54
105040.42
81654.62
110072.47
36511.38
61999.66
61166.12
59584.58
65244.20
50238.04
73117.59
35010.86
27187.65
51650.61
64022.36
31092.00
42980.35
43304.86
60225.48
56436.93
98320.58
48442.06
65081.58
72990.94
66481.03
56038.03
59143.23
93307.38
51405.71
95729.47
76673.53
101410.63
109770.63
93655.33
99963.34
94910.49
161586.69
156552.98
140140.55
229819.48
65954.57
59568.81
91249.57
93067.24
89882.54
59152.76
69248.99
52333.50
52424.79
79826.55
91172.37
135410.38
106281.53
154908.28
55701.76
88175.68
61974.85
66873.05
76906.76
28315.43
26663.91
25843.21
27869.20
35249.43
71362.90
37817.06
18663.19
24602.00
27682.07
27902.73
30602.73
27602.24
18432.64
25848.13
21446.63
17617.56
35591.04
32584.12
19725.80
29769.86
67647.61
36528.51
30171.43
40639.31
68166.04
37378.38
