19.480
19.300
19.320
19.250
19.780
20.590
21.230
21.360
21.880
23.000
24.080
25.000
25.920
26.260
26.500
25.930
25.880
25.630
27.210
28.000
28.150
28.460
28.750
26.660
26.700
27.050
28.450
28.750
29.300
29.290
29.500
30.090
30.200
30.200
30.200
30.000
29.380
29.780
29.590
29.750
29.800
29.400
29.550
29.730
30.060
29.150
28.700
28.330
26.950
26.290
26.250
28.490
29.440
30.500
30.500
29.980
30.850
30.870
31.500
35.950
33.590
32.400
31.770
30.590
28.000
28.300
28.780
29.000
29.500
29.800
29.850
30.190
30.500
30.370
30.450
29.480
29.360
29.700
30.100
29.490
29.470
28.550
26.400
26.200
26.290
26.780
26.580
26.650
26.760
27.500
28.180
27.100
26.850
27.380
26.500
25.500
25.980
25.970
24.800
24.350
24.500
23.580
22.700
22.780
22.450
22.270
22.400
21.880
22.230
22.100
21.780
21.780
22.300
22.300
23.280
22.890
22.530
21.960
21.700
22.260
21.860
22.020
21.940
22.210
21.880
21.690
21.090
20.860
20.840
21.300
21.160
21.240
21.380
21.750
21.530
20.800
20.150
19.970
20.720
20.900
20.220
19.860
19.720
19.810
20.310
20.680
21.030
21.080
21.560
21.240
21.080
21.450
21.500
21.490
21.260
20.980
21.680
20.690
20.970
19.970
19.880
19.700
19.580
19.460
19.450
19.530
19.470
19.980
20.170
20.220
20.200
20.270
20.190
20.040
20.240
20.200
19.960
20.190
20.290
20.200
19.900
19.850
19.190
19.240
19.200
19.260
19.910
20.000
19.850
19.910
19.340
19.320
19.150
19.500
19.750
20.450
20.690
20.230
19.610
19.790
19.450
19.770
19.500
19.720
19.970
20.190
20.090
19.540
19.270
19.310
19.380
19.420
19.120
19.230
19.130
18.200
18.570
18.870
18.800
18.660
18.780
18.890
18.640
18.530
18.340
18.680
18.870
20.580
20.500
20.880
20.440
20.610
20.610
20.600
20.510
20.540
20.750
20.560
20.450
22.290
22.300
22.380
22.490
22.980
23.350
23.000
23.030
23.560
23.700
23.100
22.320
23.250
21.940
21.470
21.800
21.850
21.510
21.400
20.700
21.190
20.680
21.180
20.390
20.130
20.190
20.200
19.460
18.110
18.100
18.120
18.200
18.170
18.180
17.390
17.430
17.950
18.500
17.930
18.190
17.980
19.050
19.220
21.140
23.570
23.950
23.980
22.350
21.500
21.770
22.100
22.800
23.500
23.950
23.600
23.700
23.300
23.230
21.700
21.220
20.590
20.050
19.930
19.570
20.300
20.000
20.050
19.370
20.000
19.600
18.650
19.310
19.000
19.880
19.200
18.990
18.900
18.820
17.850
17.970
16.650
16.850
15.830
16.160
16.060
15.560
15.870
16.070
16.800
16.350
15.870
16.170
17.760
19.490
19.840
20.290
20.440
20.180
19.970
19.750
19.500
18.270
18.490
18.790
18.350
18.620
17.630
17.460
18.300
18.880
20.600
22.280
21.740
23.640
23.590
24.240
22.600
22.890
22.500
22.450
23.970
26.170
30.200
32.000
32.300
33.100
37.000
37.160
35.980
36.490
34.980
33.000
30.340
31.180
29.420
29.790
29.490
28.900
29.860
28.300
27.550
28.500
29.450
26.770
26.160
25.950
25.500
24.850
25.450
27.300
28.000
30.350
30.660
27.890
25.440
25.880
25.190
22.900
22.650
23.420
22.750
22.790
23.860
23.990
23.300
23.010
23.330
23.600
22.880
21.000
20.800
21.200
21.150
21.500
20.770
19.900
19.160
17.680
18.790
18.350
18.270
18.690
18.200
18.300
18.000
18.240
17.470
16.960
16.000
16.390
16.180
16.200
16.120
16.450
15.870
15.970
14.960
14.460
14.960
14.080
13.730
15.930
16.200
16.150
16.120
15.170
14.260
15.160
16.340
17.780
18.360
17.450
18.700
18.480
21.000
24.100
25.750
25.810
27.670
25.960
24.500
25.080
23.100
24.600
24.100
23.150
21.750
20.770
19.550
19.760
20.990
22.530
20.950
21.850
24.800
25.880
24.840
24.000
23.830
23.300
22.480
22.300
22.770
24.880
23.020
20.930
19.030
18.100
17.950
24.200
25.440
27.500
30.600
30.700
31.770
34.970
35.700
34.600
34.180
35.800
38.810
40.000
42.490
44.980
43.690
43.500
40.090
40.500
39.190
36.980
38.400
39.700
39.280
36.200
35.000
36.000
37.600
37.000
35.000
37.500
37.500
37.790
34.350
31.700
30.680
31.870
30.490
29.930
30.380
28.200
25.980
26.260
26.500
25.530
25.670
25.170
25.180
26.400
26.520
26.900
28.000
26.200
26.390
24.950
24.960
25.590
26.160
26.260
23.930
21.750
22.900
22.870
22.190
22.000
21.680
21.180
20.690
21.000
20.650
21.270
21.790
22.290
21.900
20.770
20.550
20.750
19.800
19.180
18.920
19.490
19.480
19.350
19.830
20.050
20.000
20.100
19.580
19.200
19.630
19.680
19.150
19.150
19.200
19.190
18.170
17.350
17.300
17.460
18.070
18.500
18.050
18.170
18.190
18.540
18.480
18.300
18.170
17.620
17.320
17.450
17.400
16.810
16.600
16.190
16.220
16.480
16.390
15.850
16.370
16.360
16.100
16.190
15.230
15.270
15.400
15.800
16.290
16.400
16.350
16.790
18.240
19.210
19.480
19.760
20.260
20.050
20.090
19.620
19.670
20.500
22.360
22.520
22.690
20.920
21.250
21.990
21.490
21.450
21.090
19.210
19.660
19.420
19.590
20.450
19.510
19.710
19.050
19.780
19.490
20.000
20.350
21.960
21.730
21.820
21.950
21.300
22.670
22.170
22.190
21.000
20.290
20.360
21.600
22.000
21.080
21.100
21.250
22.280
21.540
21.570
21.300
19.980
19.500
19.490
19.240
19.390
19.550
19.560
19.280
18.790
18.480
18.390
18.290
18.330
19.130
19.350
19.080
18.970
18.680
18.250
18.460
18.380
18.600
18.850
18.040
16.770
16.260
16.700
15.680
15.880
15.560
15.370
15.530
15.660
15.450
15.480
15.980
15.190
15.190
15.140
15.170
15.440
14.670
14.940
14.800
14.420
14.380
14.240
14.050
13.840
13.520
13.850
14.430
14.460
14.600
14.820
14.700
15.160
15.440
15.250
15.260
15.390
15.680
15.600
