10.810
10.500
10.500
10.350
10.420
10.360
10.510
10.500
10.310
10.340
10.570
10.530
10.500
10.400
10.470
10.160
10.220
10.050
10.210
10.100
10.170
9.880
9.640
9.710
9.550
10.260
10.500
10.350
10.490
10.200
10.560
11.140
11.240
11.050
11.320
10.700
10.990
10.900
11.240
11.950
11.710
12.050
12.080
12.010
12.010
12.220
12.070
12.150
12.060
11.970
12.950
13.020
13.080
13.300
14.000
14.100
14.200
14.010
14.210
14.000
14.080
14.240
14.250
13.980
13.900
14.180
14.540
14.430
14.500
14.290
14.380
14.600
14.720
14.570
14.500
14.360
14.270
14.320
14.260
14.180
14.500
14.630
14.530
14.310
14.480
14.900
14.960
14.850
14.930
14.830
15.080
14.950
14.730
14.780
14.720
14.620
14.930
14.800
14.610
14.830
14.350
14.110
14.110
13.890
13.510
13.510
13.500
13.500
13.850
13.730
13.530
13.500
13.570
13.450
14.550
14.890
14.790
14.820
14.750
14.580
14.670
14.660
14.490
14.380
14.240
14.130
14.480
14.340
14.040
14.380
14.470
14.480
14.320
14.390
14.300
14.150
14.120
14.150
15.670
16.140
16.500
16.060
16.320
15.480
16.020
15.880
15.260
15.570
15.350
15.190
15.430
15.500
15.200
15.280
15.350
15.100
15.350
15.190
15.120
15.120
15.080
14.740
14.800
14.640
14.680
14.470
14.640
15.100
15.030
15.330
15.350
15.040
15.210
15.100
15.270
14.890
15.200
15.100
15.150
14.920
14.930
14.700
14.460
14.500
14.580
14.400
14.610
14.890
14.980
14.880
14.880
14.830
14.740
14.880
15.200
16.050
15.980
16.120
15.420
15.520
15.600
15.720
15.280
15.390
14.850
14.960
14.890
14.810
14.720
15.280
15.180
15.130
15.480
15.290
14.970
14.810
14.760
14.800
14.650
14.250
14.530
14.460
14.310
14.140
14.450
14.760
14.880
16.110
16.300
15.680
15.600
15.310
15.500
15.190
14.920
15.180
14.930
14.890
14.480
14.710
14.620
14.700
14.950
15.050
14.500
14.800
14.720
14.970
14.700
13.990
14.350
14.200
13.540
14.140
13.630
13.520
13.280
12.750
12.800
13.700
13.900
13.890
14.100
13.950
13.580
13.590
12.810
12.810
13.040
12.980
12.990
12.920
12.930
12.400
12.520
12.880
12.800
12.500
12.620
12.380
12.990
12.700
13.280
14.510
14.260
14.200
13.810
13.910
14.070
14.040
13.780
13.630
13.400
13.890
15.310
15.300
15.400
15.830
15.510
15.230
15.400
15.100
14.610
15.500
15.360
14.840
14.850
15.100
14.550
14.500
14.910
14.800
15.130
15.030
15.100
15.390
14.550
13.470
13.710
13.400
13.180
12.510
13.250
13.090
12.890
12.790
13.330
13.470
12.840
12.270
13.640
14.300
15.750
16.020
16.210
16.500
15.800
16.040
15.810
15.500
13.410
14.250
14.300
14.000
12.700
12.380
11.700
12.400
13.000
14.100
14.660
14.300
14.120
14.420
13.930
13.100
13.770
12.280
14.050
13.600
14.600
16.030
16.900
17.380
16.960
20.560
21.790
21.200
20.640
21.940
21.560
21.500
22.700
22.550
23.100
23.550
23.260
23.020
22.600
21.890
21.900
20.780
20.230
20.500
20.200
20.850
20.100
22.440
21.780
21.340
22.280
23.800
23.000
20.550
21.050
20.300
19.290
19.430
20.350
18.950
20.100
21.600
20.140
20.340
20.400
19.610
20.050
18.710
18.950
18.960
19.460
19.980
20.040
20.310
21.000
20.190
20.200
19.700
18.080
18.350
18.420
16.720
17.310
17.020
16.900
16.400
16.300
15.820
16.130
15.530
14.530
15.710
15.920
15.000
15.920
14.800
15.600
15.000
12.600
12.710
14.580
14.130
13.780
13.580
12.000
11.280
11.000
13.000
14.770
14.000
14.000
15.010
15.080
17.000
19.690
18.880
17.980
21.050
21.080
21.560
20.600
20.350
20.960
19.800
18.400
17.590
19.130
17.400
18.290
18.920
21.110
21.450
21.110
25.310
26.550
25.380
26.970
23.950
23.000
21.770
24.190
22.080
25.800
29.900
24.810
30.800
31.490
38.240
39.200
37.100
37.810
43.310
38.300
39.420
35.840
32.580
28.610
27.190
25.950
25.100
25.750
27.100
27.570
27.410
26.400
28.670
28.600
28.500
28.880
28.700
26.980
26.960
29.030
27.500
29.590
28.950
28.500
25.200
26.290
27.010
27.580
26.750
24.510
23.040
22.410
22.910
22.270
24.000
24.000
23.880
23.400
22.980
22.900
22.050
22.530
22.000
18.990
18.750
18.800
18.000
17.360
18.280
18.400
17.500
18.280
18.100
17.480
18.000
18.020
17.650
17.850
17.270
16.800
16.830
15.890
15.230
15.600
16.320
15.680
15.280
14.800
14.600
15.350
15.630
15.580
15.490
15.290
16.000
15.920
15.940
15.120
14.880
14.720
14.780
15.000
13.800
14.500
14.740
14.800
14.790
13.610
13.640
13.260
14.000
14.850
14.900
14.730
14.690
14.970
16.690
17.150
16.770
17.080
17.770
17.310
17.500
16.900
16.620
16.800
17.600
18.770
19.250
18.720
18.540
18.510
19.640
20.200
19.300
18.200
18.950
18.100
18.530
18.300
17.300
16.860
16.960
17.300
16.670
17.940
17.760
17.460
17.050
17.450
17.300
17.100
17.510
17.720
17.380
17.320
16.750
16.640
17.310
17.700
17.980
17.160
17.550
17.660
17.400
17.800
18.100
18.600
19.040
19.310
19.370
18.960
18.800
19.380
19.200
19.330
18.900
18.910
17.680
17.330
18.510
17.910
17.800
17.870
17.650
17.500
17.800
15.350
15.170
15.100
14.200
13.910
14.270
14.200
14.500
15.120
14.630
14.500
14.610
14.360
13.710
13.530
13.610
13.730
13.890
13.740
13.480
13.560
13.600
13.490
13.400
13.650
13.850
13.400
13.000
12.500
12.370
12.580
13.190
13.090
13.540
13.730
13.800
14.030
14.500
14.510
14.440
14.200
15.100
14.790
