6.780
6.790
6.750
6.680
6.630
6.640
6.620
6.670
6.520
6.540
6.620
6.830
6.880
6.830
6.840
6.730
6.670
6.520
6.580
6.740
6.830
6.710
6.690
6.670
6.450
6.470
6.670
6.650
6.480
6.410
6.510
6.700
6.980
6.920
6.870
6.620
6.650
6.660
6.600
6.880
6.920
7.010
7.170
7.450
7.430
7.390
7.320
7.000
7.320
7.250
7.290
7.570
7.520
7.750
7.920
8.070
8.200
8.320
8.270
8.270
8.280
8.360
8.370
8.260
8.170
8.220
8.460
8.520
8.520
8.580
8.670
8.760
8.770
8.680
8.720
8.810
8.750
8.790
8.820
8.930
8.850
8.870
9.000
8.870
8.770
8.800
8.500
8.770
8.680
8.760
8.720
8.750
8.710
8.640
8.590
8.600
8.640
8.750
8.620
8.640
8.650
8.550
8.470
8.390
8.360
8.340
8.310
8.350
8.370
8.200
8.160
8.290
8.210
7.870
8.590
8.800
8.880
9.030
9.100
9.120
9.180
9.140
8.940
8.810
8.730
8.720
8.700
8.410
8.550
8.660
8.610
8.540
8.510
8.270
8.180
8.160
8.090
8.120
8.610
8.660
8.470
8.460
8.480
8.540
8.700
8.660
8.760
8.830
8.630
8.830
8.980
8.930
8.750
8.820
8.730
8.860
8.750
8.710
8.690
8.610
8.400
8.540
8.410
8.380
8.320
8.330
8.220
8.350
8.420
8.410
8.370
8.250
8.280
8.280
8.190
8.180
8.270
8.370
8.420
8.440
8.340
8.300
7.980
7.890
7.760
7.840
7.940
8.020
7.980
7.950
7.870
7.780
7.750
7.720
7.950
8.050
8.020
7.830
7.790
7.750
7.820
7.770
7.770
7.740
7.660
7.620
7.710
7.660
7.660
7.720
7.710
7.700
7.690
7.530
7.430
7.420
7.590
7.490
7.400
7.460
7.420
7.410
7.310
7.240
7.390
7.420
7.410
7.760
7.720
7.710
7.800
7.850
7.710
7.800
7.910
7.850
7.840
7.650
7.830
7.770
7.710
7.720
7.720
7.670
7.660
7.650
7.680
7.570
7.350
7.200
7.410
7.280
7.310
7.250
7.240
7.310
7.050
7.040
7.100
7.440
7.420
7.510
7.460
7.420
7.380
7.100
7.010
7.070
6.910
7.050
7.000
7.040
6.870
6.930
6.900
7.130
7.020
7.060
7.080
7.300
7.350
7.390
7.770
8.090
8.020
7.720
7.780
7.690
7.860
7.670
7.510
7.610
7.560
7.480
8.090
8.130
8.220
8.170
8.100
7.960
7.920
7.770
8.030
8.090
7.900
7.820
8.050
8.060
7.910
8.120
8.000
8.010
8.050
8.080
8.050
7.770
7.500
7.420
7.450
7.360
7.180
7.240
7.230
7.030
7.370
7.120
7.540
7.170
6.960
6.860
7.250
7.370
7.910
8.020
8.130
7.940
7.970
7.850
7.680
7.260
7.620
7.770
7.530
7.510
7.330
7.050
7.030
7.000
7.640
8.380
8.200
8.000
8.300
8.050
7.600
7.680
7.380
7.680
7.740
7.960
8.200
8.880
9.400
9.160
9.820
10.900
10.900
10.050
10.100
9.940
9.720
9.880
9.950
10.060
9.920
9.880
9.710
9.580
9.310
9.120
9.180
9.150
9.450
9.400
9.300
9.120
8.680
9.250
8.550
8.520
9.230
9.240
8.820
8.950
8.750
8.500
8.500
8.580
8.220
8.480
8.640
8.610
8.600
8.510
8.420
8.280
7.990
7.880
7.900
8.140
8.110
8.130
7.850
8.210
7.920
7.500
7.390
7.850
7.820
7.800
7.600
7.430
7.500
7.110
6.860
6.790
6.640
6.600
6.520
6.480
6.460
6.750
6.660
6.680
6.430
6.420
6.450
6.200
6.110
6.600
7.020
6.870
6.850
6.380
6.400
6.080
6.370
6.800
6.900
6.400
6.130
6.700
7.440
8.200
8.880
8.090
8.650
9.250
8.860
8.630
8.600
8.870
8.110
7.760
7.320
7.410
7.080
6.890
7.510
7.860
7.600
7.610
8.460
9.250
9.610
9.080
9.460
9.350
9.100
9.020
8.560
8.210
8.000
8.490
8.690
9.040
9.030
8.730
8.620
9.200
9.050
8.890
8.760
8.320
8.260
8.690
8.350
8.670
8.920
9.180
8.410
7.900
8.300
8.400
8.030
7.710
7.470
7.300
7.290
7.150
7.100
7.120
6.960
7.150
6.850
6.740
6.520
6.460
6.330
6.220
6.190
6.230
6.160
6.040
6.070
6.130
6.020
6.040
6.050
5.960
5.870
5.850
5.890
5.860
5.800
5.730
5.640
5.570
5.510
5.500
5.580
5.760
5.750
5.690
5.600
5.690
5.690
5.740
5.730
5.700
5.660
5.650
5.590
5.420
5.330
5.410
5.380
5.340
5.300
5.270
5.500
5.530
5.520
5.430
5.330
5.390
5.360
5.390
5.530
5.500
5.390
5.330
5.310
5.650
5.830
5.890
6.000
5.940
5.930
5.810
5.710
5.690
6.030
5.980
6.340
6.190
6.210
6.210
6.310
6.290
6.210
6.150
6.120
6.040
6.030
6.030
6.010
5.910
5.830
5.880
5.890
5.880
6.230
6.270
6.260
6.230
6.290
6.250
6.200
6.320
6.290
6.090
5.930
5.960
5.920
6.150
6.310
6.270
6.080
6.550
6.550
6.670
6.630
6.790
6.690
6.690
6.470
6.300
6.250
6.290
6.130
6.090
6.060
6.160
6.140
6.030
6.100
6.220
6.170
6.210
6.060
5.800
5.640
5.600
5.600
5.570
5.460
5.370
5.400
5.300
5.280
5.470
5.510
5.470
5.370
5.350
5.310
5.190
5.200
5.120
5.190
5.180
5.100
5.090
5.080
5.060
5.000
5.000
4.990
4.970
4.940
4.900
4.810
4.740
4.780
4.850
4.880
4.890
4.930
4.930
5.010
5.110
5.090
5.090
5.070
5.110
