85848.41
29386.51
20866.48
16169.20
19507.39
21990.36
18250.96
14236.68
25571.17
23577.83
28373.26
26376.95
28441.85
62143.25
31087.51
35658.53
19020.82
29674.87
46897.27
52375.94
52492.70
82594.33
44438.53
26149.10
21509.53
27548.63
30770.66
42630.01
22868.04
26305.41
34141.00
25655.38
37788.84
40296.60
27391.32
45399.91
46427.55
32232.23
46216.18
46246.16
51110.73
47965.18
61414.56
42734.32
52812.27
77539.53
53019.67
45974.34
66151.65
68961.48
90842.30
90080.77
60277.52
54559.30
88628.01
60546.35
47613.77
51483.63
52545.50
40600.72
60086.85
71474.60
95936.50
54813.18
44311.30
67871.25
47161.88
49319.83
53781.57
75101.99
59452.81
60858.08
83671.09
68767.63
50486.03
49817.17
65690.99
54545.20
76167.23
104343.59
130575.00
90126.50
67749.80
75808.43
58757.57
110.00
65119.94
67486.75
95888.06
108720.71
103453.60
106554.28
122617.30
191508.69
168969.92
184381.41
212321.20
337826.81
218057.00
152206.59
130721.62
112216.68
96019.23
64434.70
61685.31
84629.49
40402.96
50579.39
77050.60
49390.38
68059.68
103159.03
51689.76
85694.53
59189.41
34023.90
83136.83
45849.47
76295.72
58443.49
67293.29
46956.53
58206.96
64443.56
27339.35
23787.57
37159.06
83486.14
26467.82
22279.12
26459.22
46326.41
61657.82
48756.02
30813.42
25530.76
37135.89
21133.95
19820.13
21961.50
16789.40
25905.76
14257.01
25676.94
30416.06
31810.92
39306.13
14143.70
22265.63
19829.20
25669.35
35942.25
29026.86
22387.78
12924.68
12722.00
17020.08
13071.32
16403.56
10253.97
20384.41
27581.45
8571.33
15270.44
12862.65
22582.46
30486.99
37195.95
44775.27
62437.01
79128.72
88404.14
48556.90
89996.85
62776.32
86526.82
34907.65
19570.11
11974.00
15382.41
19513.57
11318.38
14908.00
27820.34
21316.60
25432.84
11697.79
23560.00
22418.82
12661.49
18367.94
19382.50
20377.22
28128.96
31249.76
20480.33
18996.97
19237.00
33109.34
30554.61
37192.46
45784.57
111683.21
21196.01
34330.69
51114.02
36165.22
54752.78
66534.25
54458.63
22921.22
25253.85
28787.65
31058.67
53361.26
66233.72
30052.56
44011.03
42087.34
37534.12
44326.14
42156.11
17334.01
37182.16
35695.76
19199.02
53366.64
44218.53
49752.88
41080.29
56894.27
28125.46
32355.64
41436.76
65449.85
51704.14
26719.00
33550.87
13008.54
31844.33
30353.14
52036.47
21953.88
45565.75
80109.42
101800.06
34432.48
16697.08
15801.68
19432.17
21308.16
21104.55
36508.45
18147.54
19465.27
18083.90
18379.13
30251.99
18258.09
12816.20
21991.96
8432.80
20187.11
20444.48
10981.37
17618.80
25994.76
19579.68
32562.74
27956.94
24629.29
19444.84
24919.29
31061.16
39474.54
19210.68
25851.01
21021.87
57751.41
40217.69
27426.99
31456.04
25290.43
43329.40
29660.91
46921.78
41069.76
39851.94
38703.52
29768.11
54805.90
34090.97
54321.91
41567.22
55689.30
76212.23
74874.09
46964.90
40522.33
48847.40
82099.07
84218.89
61021.20
63284.86
40406.23
30176.14
34667.71
40834.78
38461.69
36468.97
25901.46
43523.90
40607.82
53442.41
31367.38
43176.84
23144.49
30589.57
36788.49
39637.05
22322.62
21819.81
25275.96
19841.73
20650.53
16989.59
32821.86
47958.99
43333.92
25135.24
20886.21
25087.84
27997.65
35248.50
29886.92
36592.46
59372.92
60322.87
54629.89
41948.62
42961.03
57817.54
11256.00
73001.85
70372.05
61747.45
127788.36
48369.13
86794.30
63985.74
39874.31
45278.44
37975.57
34178.82
38898.48
44238.50
53936.24
48359.81
47381.58
60321.23
36079.73
49534.07
53765.95
34763.28
37545.39
63801.31
48701.02
74643.72
76869.21
93114.37
110502.87
152424.48
143103.91
108783.38
93943.71
61961.52
47591.68
50091.64
116700.69
87386.62
70282.04
110761.05
81087.92
73613.31
69374.47
49538.67
56444.76
76549.10
36099.10
37796.20
40523.50
48677.70
52744.30
69266.88
92066.42
83211.63
82204.55
69656.24
51823.82
51137.30
69307.86
55692.86
36679.27
35588.04
52499.02
46891.08
77302.85
2122.00
79204.98
104219.95
93225.24
47201.20
44755.10
60080.81
75947.90
76012.97
34003.89
53746.52
33280.89
37358.15
69285.19
32369.27
39373.87
62991.97
46915.70
41179.97
57040.28
48750.53
63561.78
55277.66
48971.61
73861.13
58957.70
44314.00
52369.12
41524.09
83397.37
88924.98
59805.06
80916.67
55842.50
62761.31
78674.68
67667.69
70631.37
37853.20
50815.27
57893.13
64188.56
85409.68
102285.56
97844.81
101106.62
202182.39
107433.33
103650.56
73007.12
82364.75
128912.90
95624.97
137624.02
178586.06
560.17
60909.42
110463.13
122393.28
111693.61
71721.27
69080.12
90951.96
63840.37
68135.16
54946.72
61618.40
38898.53
55441.59
35747.38
58180.56
85368.31
136458.33
120716.38
66725.35
73141.75
58460.70
65038.61
92327.51
77252.43
72774.51
66280.24
55366.95
69204.19
90649.53
147488.12
115493.61
100183.98
103228.60
64614.31
78084.78
86292.93
74146.64
102631.20
87587.86
102371.64
127958.28
129774.43
102998.12
98753.58
138655.86
175453.64
194119.42
148632.22
44948.96
60648.30
55927.96
59319.30
60983.49
72009.90
48468.29
52942.80
70699.33
43116.82
70652.66
65827.88
92625.58
66208.17
70567.48
105358.61
169507.95
85857.28
107115.97
75230.65
61380.70
61913.65
41047.30
87206.76
134672.66
102447.29
92891.75
83959.51
94252.71
158702.27
76915.12
136792.48
154654.34
42809.98
37563.30
60180.42
1177.00
62147.13
53321.64
39975.02
36374.46
49962.02
36402.73
91033.58
74608.94
167406.20
127456.31
19076.23
16542.40
16945.05
18157.00
23620.49
37944.08
39278.66
47578.19
36558.73
67530.16
62077.22
36877.20
13266.00
16531.30
16548.55
11671.62
19407.77
22525.35
32899.93
28810.79
26469.58
22990.06
19200.44
20724.86
28270.42
18995.71
17954.12
21370.86
19769.82
35637.08
30204.90
19676.45
19169.56
23274.46
31083.45
24984.96
22465.20
32124.06
62254.00
46924.64
57624.71
52134.08
51414.57
25157.48
38044.07
47482.80
46925.24
38291.80
34919.91
46267.55
29667.30
21266.93
15854.25
22330.97
34222.69
26452.69
36085.46
23631.05
62907.80
33923.96
55265.01
34490.31
47250.17
51929.52
75659.74
75349.78
84945.86
149067.44
70697.02
63468.92
40976.60
82649.18
20404.53
20121.75
23746.44
34246.26
38413.47
30267.32
44840.89
42940.90
59107.46
79550.65
51988.70
46475.78
55995.00
21851.85
32359.07
26392.97
17091.76
21003.65
16625.77
22780.72
43745.88
59540.95
49032.04
34643.81
67680.53
38768.14
36991.81
39923.65
87787.33
63076.28
108285.93
43830.30
27693.77
53427.54
110261.97
41061.27
53229.86
85258.75
103943.89
88301.89
45319.39
40369.57
44217.74
33268.48
19224.92
29516.01
20972.43
25915.84
30955.45
10983.19
18014.29
13711.26
19058.12
16304.52
37702.13
39414.58
35631.15
51371.28
19394.85
9194.44
7920.77
7495.74
5385.24
3704.68
5413.95
14884.73
9696.70
6794.43
9777.19
20807.51
32456.96
