19.420
19.430
19.470
19.120
19.810
20.000
19.930
19.960
19.730
19.800
20.060
20.100
20.360
20.240
20.150
19.960
20.000
19.900
19.910
20.220
20.240
19.880
19.730
19.850
19.790
19.900
20.310
20.280
20.200
20.080
20.400
20.500
20.260
20.310
20.320
19.850
20.280
20.210
20.180
20.630
20.610
20.680
21.070
21.060
21.010
21.000
21.100
20.950
21.440
21.400
21.000
21.450
21.230
21.430
21.980
21.900
22.030
22.000
22.250
22.040
22.010
22.130
22.490
22.400
21.710
21.800
22.410
22.560
22.550
22.490
22.230
22.680
23.700
23.220
23.300
23.220
23.210
23.350
23.150
23.300
23.270
23.380
23.500
23.260
23.100
23.200
23.180
23.080
23.240
23.420
23.480
23.710
23.410
23.350
23.450
23.210
23.260
23.250
23.010
23.170
23.220
23.110
23.200
22.970
22.880
23.320
23.060
22.710
22.690
22.890
22.200
21.960
21.720
21.400
20.260
22.310
22.610
22.890
22.830
23.250
23.400
23.310
23.360
23.010
22.750
22.600
22.680
22.640
22.390
22.450
22.200
22.270
22.410
22.470
22.670
21.560
21.760
22.550
22.610
23.420
23.520
22.730
22.690
22.510
22.620
23.010
22.930
22.860
23.750
23.570
24.000
24.030
24.150
23.760
23.780
23.590
24.100
23.920
23.310
23.050
23.200
22.800
23.210
23.010
23.010
22.850
23.120
22.790
23.150
23.110
23.510
23.450
23.240
23.250
23.300
23.180
23.260
23.300
23.240
23.130
23.120
22.960
22.500
22.660
22.530
22.440
22.410
22.540
22.900
22.820
22.860
22.950
22.870
22.910
23.220
24.010
24.330
24.310
23.250
23.460
23.420
23.190
23.050
23.140
23.070
23.050
22.800
23.250
23.140
23.360
23.400
23.430
23.340
23.420
22.930
22.680
22.680
23.340
23.300
23.050
23.230
22.540
22.380
22.220
22.000
23.010
23.160
23.120
25.100
24.710
24.860
25.060
25.010
24.620
24.700
24.980
25.430
24.900
24.620
25.360
25.160
25.110
25.910
25.830
25.000
25.460
25.680
26.210
25.860
25.300
24.680
26.260
26.010
26.700
25.800
26.300
24.840
22.900
24.010
24.110
23.670
23.180
22.620
21.960
22.800
22.790
23.000
22.010
21.920
21.820
22.200
20.500
21.000
20.550
20.900
21.290
21.490
22.400
23.600
23.210
22.850
22.340
21.550
22.000
21.920
21.050
21.200
21.310
21.920
23.880
24.380
24.680
24.400
24.040
23.550
22.960
22.410
23.230
23.610
22.460
22.130
22.870
22.100
21.700
22.690
22.900
23.150
23.800
23.600
23.810
22.890
21.800
21.460
21.910
21.240
20.660
21.460
21.810
20.500
20.410
20.440
22.500
21.580
22.590
25.020
24.630
24.450
23.410
24.010
23.030
22.700
22.210
21.710
21.050
21.900
20.800
21.660
23.650
21.690
22.250
22.650
21.200
20.550
20.480
20.390
21.160
20.830
21.130
22.080
23.250
25.200
24.270
26.950
29.600
28.500
28.010
28.850
30.010
30.360
30.910
31.210
31.210
30.680
29.380
28.800
28.630
26.500
27.360
29.000
30.660
28.810
32.010
35.060
36.000
35.190
36.110
38.000
37.710
38.170
41.800
41.890
38.100
36.320
35.820
35.170
38.000
36.170
38.700
37.150
34.000
32.230
35.010
37.410
37.850
34.300
34.800
31.100
29.400
29.020
28.020
26.800
26.530
25.400
25.650
24.500
23.700
20.580
20.460
20.070
21.000
56.880
54.480
55.690
59.500
57.570
60.010
61.100
57.800
56.400
56.780
56.700
60.490
66.590
63.840
58.040
52.760
47.960
42.490
41.620
40.910
41.800
40.760
41.450
42.800
42.360
41.300
41.100
39.810
39.260
40.600
42.000
41.890
41.900
41.080
40.300
40.010
39.290
39.010
40.250
41.320
41.560
41.710
40.510
40.800
41.700
41.940
43.700
43.310
41.500
41.680
39.910
35.510
34.380
34.810
34.900
32.360
31.650
32.460
33.260
32.330
32.520
34.850
35.610
36.000
31.300
30.450
28.980
31.060
33.000
31.940
31.810
31.650
30.240
29.660
28.720
28.580
31.460
31.980
34.050
33.300
33.020
33.000
34.600
34.350
33.690
32.980
32.760
33.060
33.000
32.400
32.530
32.200
32.580
32.800
32.810
32.830
33.020
33.700
34.300
34.340
35.930
35.350
34.400
34.330
34.070
34.120
33.140
32.900
34.050
34.500
33.670
32.650
32.260
33.700
34.610
34.560
34.150
34.130
34.700
34.990
34.400
34.500
34.930
30.600
