21.490
20.780
20.920
21.250
21.180
19.900
19.840
19.880
19.780
19.580
19.970
19.950
20.210
19.430
19.550
19.850
19.270
19.090
19.160
19.020
19.260
19.050
18.620
18.380
17.980
18.570
19.390
19.100
19.000
19.020
19.290
19.840
19.930
19.950
19.980
19.800
19.390
19.300
19.470
20.100
20.100
20.700
20.770
20.800
21.320
21.400
21.480
21.490
21.170
21.390
21.140
21.400
21.530
21.410
22.340
22.560
22.330
22.220
22.120
21.920
22.690
22.990
23.770
23.760
22.150
21.950
22.490
22.250
22.480
21.490
20.910
20.750
20.800
20.380
20.700
20.680
20.150
20.270
20.130
20.330
20.350
20.500
20.770
20.650
21.060
21.570
21.540
21.180
21.280
20.470
20.900
20.980
21.100
20.780
21.180
21.250
21.500
20.990
21.060
21.530
21.300
21.470
21.580
20.390
20.660
19.570
20.350
19.270
19.830
18.870
17.180
17.110
17.190
17.100
17.050
17.500
17.510
17.620
17.680
17.250
17.180
17.160
16.880
17.120
17.250
17.000
16.600
16.520
16.160
15.830
15.840
15.830
15.700
16.190
16.350
16.390
16.380
16.340
16.880
16.930
16.930
16.600
16.430
16.360
16.750
16.730
16.680
16.780
16.850
17.200
17.390
16.950
17.080
17.170
17.390
17.580
17.630
17.400
17.350
16.860
16.880
16.670
16.630
16.690
16.900
16.450
16.380
16.800
15.840
15.880
15.730
15.620
15.490
15.500
15.610
15.850
15.350
15.320
15.380
15.390
15.550
15.480
15.190
14.970
15.030
15.040
15.150
15.200
15.330
15.340
15.350
15.210
15.350
15.400
15.580
15.870
16.000
16.140
16.180
16.060
16.140
16.240
16.070
16.150
16.150
16.250
16.250
16.400
16.490
16.770
16.660
16.420
16.600
16.530
16.430
15.990
16.110
16.390
16.400
16.940
16.130
16.050
16.160
16.220
16.250
16.550
16.680
17.520
17.450
17.360
16.960
16.780
16.920
17.060
17.090
16.700
16.680
16.790
16.650
17.010
16.970
16.450
16.270
16.670
16.440
16.480
16.600
16.270
16.090
16.100
16.040
16.360
16.550
16.300
15.400
15.850
15.700
15.800
15.230
15.510
14.390
14.050
14.200
13.880
13.680
13.620
13.860
13.640
13.890
13.930
14.220
14.290
14.530
15.550
15.400
15.550
15.320
14.840
14.880
15.100
15.030
15.050
14.850
15.050
16.240
16.310
17.000
17.540
17.260
17.500
18.790
17.890
17.200
16.690
16.650
16.890
16.240
14.880
14.650
15.090
15.340
14.540
14.450
14.590
13.900
14.100
14.340
14.960
14.570
13.810
14.680
15.270
16.850
16.990
17.500
17.430
17.340
17.980
17.780
17.590
16.900
16.990
16.690
16.420
16.500
15.800
16.100
15.990
16.890
18.680
18.460
18.480
19.200
19.900
19.280
18.890
19.100
19.230
21.390
22.450
23.950
24.940
27.400
26.880
27.470
31.500
31.930
31.930
29.360
29.690
29.880
29.550
29.670
31.000
31.750
32.010
31.900
31.000
29.640
28.750
28.980
27.850
25.600
25.150
25.570
25.490
24.170
24.480
24.550
24.600
25.480
26.550
26.300
25.880
26.970
27.140
25.300
25.990
28.510
27.730
27.980
26.070
26.000
24.480
24.500
22.520
20.600
20.590
19.660
19.850
19.370
19.300
19.170
18.640
19.150
18.600
18.250
19.180
19.630
19.350
18.500
18.460
19.180
19.260
19.210
17.580
17.080
16.390
16.400
16.480
16.050
16.470
16.630
16.500
16.880
15.750
14.690
15.300
15.370
14.960
17.400
17.720
17.980
17.800
16.800
16.650
17.200
19.200
20.880
20.670
19.150
19.980
20.900
24.900
27.940
28.290
28.050
29.490
29.520
29.880
28.900
29.190
30.370
30.000
29.020
28.580
29.180
28.200
27.380
27.190
27.740
25.800
25.200
28.000
29.300
28.570
27.180
26.790
26.500
25.780
24.240
25.250
24.440
22.220
22.950
24.090
26.600
25.000
25.780
27.000
29.950
30.800
30.490
33.480
35.490
34.880
35.600
34.350
35.080
35.260
36.530
35.800
37.200
41.900
39.600
36.000
32.730
61.500
58.660
57.450
55.300
51.680
52.950
52.630
51.100
52.220
53.100
53.250
53.300
53.390
54.560
55.590
57.300
56.490
55.520
58.200
56.740
55.090
52.810
49.880
49.200
47.800
48.300
48.880
49.000
49.000
48.450
50.430
49.980
48.350
47.630
47.790
47.360
47.480
47.670
46.860
43.950
43.530
40.150
39.880
39.950
39.500
39.050
38.680
38.400
37.500
38.000
38.510
39.230
39.790
39.650
39.970
40.200
38.560
38.760
38.150
37.500
37.260
37.400
37.300
36.500
37.400
37.520
36.500
36.000
35.000
35.180
35.530
35.450
36.630
36.130
35.530
35.280
36.480
36.500
37.480
37.690
37.980
37.330
38.280
39.610
40.200
40.400
40.920
41.880
41.360
38.740
37.770
36.310
37.040
38.120
38.840
37.560
36.180
36.890
37.300
38.000
37.700
36.350
34.420
33.570
33.300
33.490
32.800
32.900
32.480
32.860
33.360
33.840
34.700
34.890
34.350
34.070
34.480
34.690
34.550
35.290
35.500
35.550
35.270
34.190
33.750
33.790
34.300
34.320
34.200
34.820
34.850
35.180
35.090
35.570
36.880
37.170
37.250
37.180
37.090
37.150
37.280
37.060
37.460
37.790
38.200
38.480
40.400
40.260
39.810
39.790
39.590
39.800
40.260
40.010
39.400
38.930
37.930
36.900
37.060
37.080
36.520
36.620
37.300
37.530
37.630
37.480
36.370
36.250
36.960
37.190
37.670
37.500
37.450
37.390
37.100
35.660
34.800
35.200
35.350
35.000
35.200
34.800
33.580
32.930
33.500
33.580
33.580
33.800
33.800
34.200
34.520
34.880
34.360
34.380
34.960
35.080
