9.430
9.580
9.300
9.330
9.280
9.170
9.130
9.140
9.170
9.130
9.070
9.190
9.240
9.120
9.080
9.040
8.910
8.910
8.730
8.870
8.930
8.930
8.740
8.750
8.730
8.570
9.040
9.140
9.190
9.080
9.000
9.130
8.970
9.010
8.950
9.030
8.890
8.710
8.570
8.900
9.110
8.990
9.040
8.890
9.030
9.120
9.210
9.260
9.680
10.140
10.180
10.300
9.550
9.220
9.320
9.600
10.160
9.990
9.930
10.000
9.910
10.110
10.080
10.010
9.800
9.930
10.060
10.390
10.540
10.530
10.450
10.390
10.500
10.590
10.410
10.240
10.140
10.110
10.340
9.940
9.940
10.210
10.130
10.200
10.300
10.380
10.480
9.980
9.900
9.700
9.650
9.510
9.580
9.440
9.380
9.650
9.360
9.310
9.480
9.470
9.710
9.350
9.280
9.250
9.180
9.330
9.300
9.380
9.790
10.020
9.490
8.630
8.820
8.910
9.480
9.980
10.200
9.940
9.950
9.970
10.000
9.930
9.870
9.670
9.540
9.570
9.650
9.720
9.730
9.970
10.140
10.140
10.000
10.140
10.110
10.040
10.060
10.500
11.100
11.080
11.300
11.250
11.310
11.390
11.630
11.610
11.670
11.850
11.760
11.610
11.710
11.660
11.610
11.610
11.720
11.670
11.670
11.730
11.650
11.550
11.500
11.670
11.610
11.710
11.870
11.790
11.740
11.940
11.950
12.050
12.090
12.220
11.740
11.750
11.910
11.810
11.990
12.040
12.040
12.060
12.050
11.540
11.470
11.580
11.370
11.250
11.420
11.470
11.360
11.320
11.420
11.250
11.360
11.190
11.620
11.450
11.500
11.330
11.220
11.250
11.220
11.350
11.360
11.520
11.540
11.560
11.440
11.380
11.340
11.350
11.620
11.980
12.120
12.200
11.940
11.970
11.670
11.660
11.790
11.490
11.550
11.340
11.550
10.800
11.380
11.690
11.580
12.120
11.910
12.030
12.160
12.200
12.210
12.130
12.230
12.790
12.690
12.790
12.620
12.840
13.070
13.260
12.960
12.950
12.480
12.170
12.190
12.220
12.300
11.800
12.100
12.490
12.000
11.940
10.850
10.690
10.950
10.590
10.600
11.260
11.260
11.390
11.290
11.360
11.350
14.700
14.200
13.740
13.810
13.760
13.780
14.050
13.930
14.050
14.190
14.740
14.830
14.600
14.470
14.600
14.650
14.620
16.240
17.430
17.030
17.110
16.440
16.750
17.040
16.900
16.760
17.000
16.680
16.550
17.700
17.840
17.600
17.980
18.110
18.040
18.930
18.610
16.930
16.580
16.620
16.010
16.500
16.460
15.810
16.800
17.200
16.780
17.000
17.220
17.450
16.850
16.430
15.270
15.630
15.600
14.560
14.570
14.900
14.980
14.480
14.090
15.090
15.150
14.530
13.900
15.440
16.160
17.950
17.250
18.160
17.830
18.210
18.830
17.610
16.010
15.500
15.500
15.440
14.040
13.220
13.850
13.500
13.380
14.870
14.200
15.390
15.290
16.990
15.600
15.910
14.990
14.180
13.170
13.590
15.100
15.740
15.450
15.450
16.020
15.900
16.590
16.920
17.230
16.910
17.360
16.800
17.220
16.680
16.490
14.990
13.630
12.390
11.260
12.000
12.980
12.700
13.000
11.990
11.370
11.100
11.010
11.970
12.570
11.660
10.600
9.990
11.100
12.330
13.580
14.140
13.950
15.500
15.530
15.000
14.620
14.880
15.290
13.900
13.080
12.920
12.410
11.280
12.280
12.830
13.500
12.960
14.400
16.000
16.410
15.880
15.560
15.760
15.520
14.210
13.700
15.220
14.640
13.310
12.100
11.000
10.740
11.930
13.260
19.200
21.330
23.700
22.440
24.930
27.700
29.950
29.270
29.900
32.000
32.740
30.390
32.140
32.960
31.250
29.880
27.710
27.590
30.300
30.390
32.400
32.800
32.800
29.830
29.110
30.550
27.770
26.910
27.140
28.070
25.520
24.520
25.100
24.350
24.600
22.360
21.800
21.820
20.570
19.830
20.420
20.440
21.060
20.890
20.560
20.000
20.990
21.270
21.940
21.890
21.030
20.400
21.120
20.770
20.700
22.320
22.880
23.130
23.180
24.450
22.300
21.700
22.390
20.350
18.500
17.420
17.380
17.390
17.800
17.200
17.610
17.380
17.400
17.680
16.750
16.330
16.060
15.620
15.860
16.020
15.980
15.860
16.030
16.200
16.180
16.650
16.300
16.290
16.540
15.530
15.550
15.270
15.380
15.100
15.000
15.070
14.770
14.840
15.300
15.440
15.370
15.380
15.600
15.500
15.850
15.910
14.960
14.390
14.370
14.170
13.750
13.220
13.440
13.420
13.140
13.150
12.730
13.060
13.280
13.210
13.360
12.840
12.890
12.600
13.060
13.110
13.200
13.200
12.590
13.030
14.020
14.520
14.300
14.650
15.010
14.600
14.270
14.350
14.300
14.770
15.120
15.890
15.900
16.210
15.690
16.420
16.170
15.560
15.620
15.560
15.420
15.350
15.430
15.400
15.620
15.550
15.650
15.680
15.340
16.000
16.560
16.480
16.300
16.380
15.930
15.960
15.910
16.110
15.890
15.220
14.930
14.650
14.950
15.210
15.210
15.250
16.070
16.500
16.670
16.700
16.880
17.050
16.590
15.900
15.900
15.930
16.000
15.760
15.900
15.950
16.100
15.850
14.980
15.000
14.440
14.380
14.330
14.640
14.070
14.040
14.130
14.360
13.730
13.700
13.880
13.700
13.690
13.650
13.980
14.170
13.970
14.000
14.150
14.150
13.510
12.760
13.440
13.640
13.640
13.540
13.360
13.250
13.230
13.230
12.720
13.000
13.150
13.060
12.640
12.600
12.450
12.550
13.040
12.910
12.720
12.990
13.370
13.740
13.380
12.960
12.640
12.660
12.980
