-0.290
0.230
-0.200
0.100
0.360
0.410
-0.090
0.000
0.140
0.080
-0.290
-0.200
0.350
0.040
-0.110
0.160
0.040
0.370
-0.120
-0.240
0.210
0.620
0.040
0.020
-0.130
-0.240
0.120
-0.020
0.110
0.130
-0.240
-0.180
-0.240
0.000
0.100
0.250
-0.050
0.080
-0.170
-0.150
-0.410
-0.340
-0.220
0.000
-0.110
-0.030
0.440
-0.220
-0.030
0.000
0.190
-0.020
0.000
0.020
-0.370
-0.260
-0.050
-0.170
-0.540
0.550
-0.300
-0.040
0.040
0.210
-0.110
-0.190
-0.250
-0.260
0.260
0.250
-0.350
0.450
-0.050
-0.020
-0.380
-0.140
0.200
0.080
0.530
-0.050
-0.220
0.130
0.420
0.520
0.100
-0.120
0.310
-0.100
0.010
0.030
-0.190
0.170
-0.020
-0.050
-0.160
0.000
-0.100
0.030
0.320
-0.250
0.630
-0.010
-0.100
0.240
-0.150
0.010
0.080
-0.030
0.250
0.130
-0.160
0.040
0.320
-0.580
-0.020
-0.520
-0.220
0.040
0.040
-0.490
0.070
0.140
0.010
0.310
-0.510
-0.290
-0.100
-0.230
-0.020
0.200
0.060
0.360
0.120
-0.110
0.130
-0.090
-0.240
-0.410
-0.310
-0.060
-0.060
-0.170
0.240
-0.250
0.000
-0.300
-0.380
0.010
0.020
-0.310
0.280
-0.040
0.000
-0.080
-0.190
-0.180
0.520
-0.160
-0.110
0.130
-0.200
-0.140
0.730
-0.050
0.060
0.000
0.240
-0.120
0.200
0.130
0.310
-0.180
-0.210
-0.010
0.170
-0.390
0.170
-0.250
0.050
0.030
0.390
-0.320
-0.090
0.260
-0.110
-0.220
-0.040
0.610
0.000
-0.040
0.190
0.220
0.160
-0.240
-0.200
-0.280
-0.080
0.100
-0.080
-0.610
0.760
-0.390
0.500
0.380
0.720
-0.140
-0.390
0.190
0.070
0.730
-0.080
0.720
-0.020
0.180
0.010
-0.050
0.160
0.040
0.160
-0.070
0.070
-0.110
0.150
0.120
0.000
-0.170
-0.550
0.160
0.050
-0.100
-0.200
-0.060
0.050
0.340
0.160
0.010
0.020
0.230
-0.320
-0.170
0.650
0.150
0.270
0.090
0.350
0.150
-0.060
0.100
0.280
0.000
-0.190
0.000
0.360
-0.130
-0.100
0.560
0.380
0.010
-0.580
0.050
-0.050
-0.030
-0.050
0.240
0.110
0.450
-0.120
-0.050
-0.090
-0.010
0.030
0.130
0.130
0.080
-0.780
-0.020
0.120
0.010
-0.220
-0.530
0.190
-1.060
-1.050
0.200
0.410
0.430
0.960
0.130
-0.550
0.490
-0.060
1.100
-0.440
-2.550
0.180
-0.820
-0.160
0.680
0.450
-0.660
0.870
-0.820
-1.650
0.330
0.630
0.300
-0.390
1.520
-0.170
0.290
-0.660
0.290
0.030
0.100
0.440
1.110
1.420
0.370
-0.670
1.090
0.620
-0.780
-1.510
-0.560
0.080
-1.400
2.310
1.330
0.610
-2.080
0.390
-2.540
0.580
0.300
0.090
1.360
-0.200
-0.510
0.830
1.340
0.390
1.100
-0.140
1.310
-0.170
0.870
-2.020
-0.660
-0.980
0.070
0.910
-2.210
0.660
0.390
1.210
1.900
1.720
-1.880
-0.790
-2.210
-0.030
-2.450
-0.450
-0.420
-2.820
-1.320
-0.340
0.360
-2.410
-0.950
2.530
1.130
0.110
-0.100
0.800
1.530
-0.270
0.230
0.150
-1.470
-0.250
-0.010
-1.130
2.700
0.880
0.410
0.100
-0.680
-0.830
0.320
-0.610
0.510
-0.400
-0.790
0.210
0.880
-0.870
0.070
1.080
-1.130
1.650
2.320
-0.990
-1.150
1.920
0.800
1.850
-0.150
1.930
0.920
0.020
-1.200
1.720
0.460
0.930
0.620
-1.530
0.290
-0.550
0.140
0.970
-0.270
0.300
1.220
0.010
0.850
0.040
-0.070
-0.830
0.370
-0.970
1.480
-0.690
-0.220
0.340
-0.340
-0.350
1.450
-1.450
1.460
0.380
-0.250
0.610
0.960
0.600
-1.360
-1.520
-1.230
1.490
-0.160
-1.670
-1.860
-2.070
-2.300
-2.550
-2.830
-3.150
-3.500
-3.000
2.270
2.400
0.930
-1.430
2.270
0.330
1.790
1.350
-0.160
0.360
-0.090
1.320
2.190
1.500
2.090
0.910
-0.810
0.200
-0.020
0.050
-1.440
0.330
-0.500
-0.010
0.500
1.490
-1.830
-0.630
1.260
-1.660
0.300
2.070
0.730
-0.260
-0.580
0.180
-0.370
-0.220
1.930
1.030
1.660
0.440
-0.420
-0.030
-0.400
0.030
0.370
0.110
0.240
-0.210
0.470
-0.140
0.130
0.050
0.270
0.340
-1.420
0.000
0.210
0.050
1.090
0.240
-0.330
0.210
0.270
0.390
0.160
-0.010
0.630
0.440
0.250
0.130
0.350
0.680
-0.160
0.040
-0.170
-0.770
0.250
0.580
-0.220
0.080
-0.380
0.240
0.360
0.380
-0.270
0.100
-0.410
0.110
0.510
0.290
-0.080
-0.010
0.000
0.450
0.150
0.500
-0.510
-0.470
-0.100
-0.200
0.490
0.240
-1.080
-0.960
-0.450
-0.230
-0.420
0.000
0.490
0.000
0.400
-1.460
-1.090
-0.720
-0.130
-0.320
0.900
-0.630
0.170
1.530
0.080
0.010
-0.490
0.230
0.020
-0.250
0.230
-0.050
-0.510
0.340
1.420
0.220
0.510
-0.260
0.050
-0.140
-0.080
0.560
-0.400
-0.140
-0.010
0.180
0.270
0.210
-0.430
-0.200
-0.730
0.110
-0.180
-0.410
-0.060
0.150
0.230
0.080
0.320
0.210
0.080
-0.070
-0.290
0.650
0.140
-0.260
0.020
-0.020
-0.260
1.020
0.170
0.510
0.000
0.290
0.070
0.230
0.120
-0.130
0.440
-0.430
-0.250
0.120
-0.120
-0.170
0.550
0.020
0.150
0.120
-0.040
0.200
0.160
0.210
-0.150
-0.120
0.080
0.420
-0.190
-0.060
0.100
0.340
0.060
0.230
-0.070
-0.280
0.150
0.000
-0.100
-0.340
-0.550
-0.120
0.440
0.300
-0.050
-0.040
-0.050
