30600.82
42213.20
34607.08
35623.55
30094.74
35210.87
37954.17
32431.05
38649.17
33160.11
42197.48
39041.74
39962.91
40157.92
23733.26
34313.28
55890.38
33575.13
38828.89
44358.79
49516.09
51291.62
52913.67
52797.85
49434.23
67897.10
57870.45
88673.03
68614.69
47993.88
35860.94
49298.19
35832.62
36999.04
51909.32
54261.67
25783.72
47957.86
34121.44
43341.29
33437.01
17779.17
28387.26
21912.48
31067.78
28383.52
29576.89
25257.88
18406.78
16079.01
17113.65
2.00
27485.95
36201.69
65515.48
35241.54
61646.83
34019.00
39797.15
55427.41
55806.49
39597.50
35755.86
38428.36
37664.71
25229.79
43664.35
40069.75
43382.55
54726.08
105423.10
111256.76
60189.15
31649.13
37527.25
29625.34
15840.34
35604.57
17934.23
50978.53
29877.47
40983.08
30486.49
37473.06
57932.66
35538.48
32925.34
25980.87
32148.82
30612.97
39307.87
37973.47
61297.82
50297.20
71140.73
51145.49
34142.71
48224.47
43341.11
60293.51
41755.66
68546.35
87767.51
73297.75
121206.40
76555.82
25435.45
52022.53
42108.93
28613.24
25082.13
79014.18
33186.97
46738.08
30112.40
50792.86
23236.89
29386.25
36099.88
19244.26
33060.39
40825.00
25628.67
22684.36
23353.46
21512.89
19738.09
33228.64
19394.14
13243.70
15604.85
21627.13
23433.39
16696.74
21967.63
24270.92
15766.40
15188.45
20841.98
41950.21
45840.06
26410.63
25146.92
45528.57
50822.22
31003.48
42796.65
35485.21
46809.86
24000.52
34456.15
60556.54
64251.75
29543.19
28514.47
28775.70
44100.43
38891.78
36084.62
48822.84
72712.06
32799.65
45253.01
34007.29
32803.76
43332.21
35163.13
32402.22
25784.34
26991.36
45118.11
64159.54
116848.63
141202.17
67249.15
56168.33
64736.97
129687.60
96145.61
200877.31
104689.31
89966.39
105426.23
146837.92
90432.70
79950.71
45205.72
67689.00
71352.71
140332.61
52280.75
56112.64
66674.08
70590.41
115204.60
70610.45
60766.52
41558.65
43739.02
62200.56
41414.82
50775.80
68232.84
64626.13
61709.80
69040.31
57109.69
46387.59
64381.07
87791.48
96531.38
95552.29
109892.34
56657.17
55617.80
44716.31
47491.53
47017.85
70208.41
35017.96
54682.99
57779.18
65452.89
54936.50
51569.40
70605.19
83407.46
54058.89
88390.08
151006.31
187737.55
71373.96
82862.98
34315.47
52330.88
62739.60
65193.54
69875.15
45680.07
69250.04
147426.41
56949.31
96964.40
99809.31
134204.62
136701.38
75903.27
102113.24
97317.73
86967.44
93306.80
122004.18
113641.04
186505.52
152486.02
90598.93
118830.44
91556.42
104769.69
89542.88
96309.11
136663.38
169746.75
158843.09
79312.29
83260.57
130892.33
85938.28
89809.91
126005.98
151035.70
101181.17
136845.30
147091.48
137885.38
121967.86
101665.96
125550.38
120666.57
92528.75
96308.19
84636.79
80515.39
99342.90
101333.04
76554.64
71278.92
54826.69
78469.19
77029.18
77531.53
67330.76
96153.97
77783.08
96258.49
99142.83
107625.41
97822.23
107629.75
109681.26
134673.55
169721.19
123751.01
146329.06
121670.07
138144.80
110521.74
125783.06
28237.60
138644.95
199302.48
68971.76
109057.90
89363.51
107058.55
97425.23
104808.15
99157.41
122647.37
96579.83
163882.89
104065.22
138758.69
77800.88
72410.00
63398.21
72862.00
101005.65
115084.30
138932.78
177146.16
91512.66
63647.98
81391.11
82228.33
107206.51
110345.90
78417.75
100307.74
121217.11
159809.98
114095.31
137082.88
73761.27
90778.23
91916.86
115785.80
116923.50
97784.07
130060.91
168398.62
128071.60
187099.83
248379.14
178185.72
126423.97
98951.19
169636.23
105062.48
82373.09
1733.83
68269.67
87061.18
73188.72
82921.40
59854.30
70280.82
114676.23
109412.52
74155.08
110462.12
80741.42
64290.70
64210.58
127803.44
119912.72
130333.67
98279.80
88110.37
153459.53
107486.20
164053.69
169902.55
144865.72
163525.23
87365.26
140651.23
115705.58
87178.55
114405.72
144725.45
233192.05
66863.68
75992.20
83489.63
134676.84
108180.44
111751.63
87206.47
134088.06
162474.45
216533.11
157681.77
126739.38
166463.59
243728.06
200274.91
232580.00
208499.55
153547.81
164122.69
189782.97
134937.17
201157.62
81021.12
261207.72
265549.25
18720.00
42972.91
134930.08
90774.38
103910.22
122772.14
110481.20
129120.18
79102.66
109020.92
99348.16
143383.73
154935.05
100117.67
77801.79
54554.52
48752.05
89802.01
113735.01
85698.17
73786.99
78135.19
66081.74
46298.65
59411.10
60630.01
65659.25
73311.18
81397.95
40990.89
45904.66
44056.60
55513.89
56139.14
47079.60
38869.92
46987.10
37056.96
40131.04
27308.32
37588.73
39107.25
37378.01
91190.58
99153.45
49512.35
37266.13
39172.34
45042.38
36607.34
38713.66
34277.16
46656.07
56387.67
76295.27
63631.04
63671.77
31375.01
40938.31
44073.54
34525.97
44822.87
42522.44
68866.27
45271.47
50845.74
38322.62
50562.17
21866.80
21444.69
22747.66
37238.54
42307.05
42695.11
26918.37
49848.69
29993.85
30960.51
42901.05
36410.34
35911.47
48782.88
108386.37
81181.58
52700.72
41517.52
293.33
39160.64
84279.96
70993.31
21532.64
35365.22
29448.87
41270.00
28714.29
53025.61
63673.77
60082.41
31086.85
47929.89
27851.38
47286.12
27983.71
28513.07
35268.87
41901.13
63667.16
42680.41
72127.04
35412.14
32984.58
28075.74
25177.56
29803.95
29630.16
29242.86
51421.56
48419.75
25382.42
19105.12
22952.17
47515.05
22167.24
21328.29
16125.18
30539.14
47089.25
35215.67
24263.44
28371.22
68961.55
63137.33
70610.18
70509.77
77504.57
50112.98
51906.48
58466.58
65647.15
67623.16
35372.59
34057.24
23499.79
27719.91
33600.02
34504.31
38695.33
33300.55
22993.40
49802.49
25652.73
28884.91
13515.99
25952.21
27301.51
105260.33
41289.42
26427.30
21248.77
14635.62
35034.49
20626.21
31629.25
16977.92
17366.03
30903.83
26312.08
12777.02
19942.35
18212.37
28402.81
15276.72
25868.85
27012.08
60371.52
24094.09
38408.22
18627.91
41215.08
71506.21
20080.28
23436.37
25327.10
46394.99
25794.43
30329.67
48981.62
15757.77
20733.94
26589.93
29018.76
36135.62
21518.53
33403.38
31683.15
39856.05
45235.60
76677.88
56736.02
46687.30
66263.12
47107.13
28586.51
25462.71
28645.58
21196.52
13912.17
14410.03
13528.02
27070.65
21046.35
32596.23
44637.00
36758.08
44519.96
22015.34
20483.76
19108.74
19923.81
30374.73
40744.89
29740.04
30413.47
14534.63
31852.46
36049.69
45992.21
22893.01
30075.97
35155.17
13579.78
22698.23
12959.84
17956.16
17992.97
