15.970
15.820
16.200
16.490
16.420
16.530
16.440
17.190
16.800
16.020
16.780
16.770
16.850
16.350
16.200
16.180
16.180
16.130
15.620
15.200
15.090
15.100
14.990
14.920
13.650
15.120
15.080
14.950
14.920
15.010
14.800
14.880
14.540
14.400
14.560
14.010
14.050
14.090
13.460
14.100
14.250
13.730
13.720
14.030
13.550
13.510
13.240
12.950
12.510
12.430
12.280
12.510
12.370
12.220
11.930
11.770
11.690
11.780
11.770
11.740
11.660
11.790
12.020
12.010
11.860
12.340
12.500
12.460
12.670
12.520
12.460
12.230
12.160
12.030
12.090
12.120
11.920
11.910
11.890
12.000
11.730
11.840
11.690
11.550
11.450
11.490
11.410
11.320
11.340
11.430
11.290
11.280
11.150
11.020
11.070
11.130
11.060
11.330
11.380
11.430
11.320
11.160
11.200
11.250
11.240
11.350
11.050
10.980
11.110
10.650
10.500
10.600
10.310
10.470
11.610
12.020
12.090
12.210
12.160
12.220
12.390
12.430
12.380
12.260
12.190
12.160
12.230
12.060
12.170
12.190
12.280
12.240
12.190
12.300
12.210
12.110
12.160
12.200
13.150
13.270
13.360
13.320
13.320
13.300
13.770
13.770
13.800
13.900
13.710
13.930
13.880
13.820
13.850
13.890
13.930
13.900
13.760
13.700
13.660
13.640
13.540
13.660
13.620
13.720
13.690
13.750
13.750
13.830
13.880
13.790
13.760
13.700
13.860
13.850
13.600
13.520
13.710
13.780
13.710
13.730
13.530
13.330
13.220
13.190
13.150
13.170
13.450
13.450
13.330
13.320
13.320
13.260
13.320
13.310
13.760
13.750
13.730
13.470
13.410
13.380
13.630
13.620
13.750
13.640
13.570
13.480
13.760
13.350
13.530
13.440
13.660
13.640
13.700
13.300
13.240
13.310
13.400
13.400
13.100
13.260
13.260
13.230
13.100
12.760
13.060
13.060
13.280
14.250
14.050
14.130
14.230
14.320
14.250
14.060
14.250
14.700
14.820
14.530
14.660
14.960
15.150
14.940
14.880
14.810
14.910
14.830
14.910
14.220
13.600
13.460
14.110
13.900
13.820
13.900
13.710
13.650
13.110
13.200
13.410
14.550
14.280
14.220
14.320
14.410
14.280
14.120
13.550
13.050
12.510
12.750
12.580
12.750
12.270
12.470
12.380
12.990
12.600
12.730
12.560
12.930
13.000
13.100
13.900
14.840
15.050
14.610
14.560
14.450
15.010
14.950
14.630
14.330
14.300
14.300
15.380
15.330
15.710
15.750
15.680
15.330
15.050
14.650
15.060
15.420
14.550
14.350
14.980
14.090
13.770
14.600
14.100
14.270
14.370
14.080
14.020
13.180
12.640
12.400
12.850
12.610
12.210
12.450
12.300
11.910
12.300
11.990
12.780
12.100
11.600
11.880
12.790
13.380
14.330
14.510
14.760
14.570
14.710
14.520
14.000
13.400
14.020
14.260
13.800
13.720
13.310
12.700
12.700
12.180
13.110
14.330
13.610
14.010
14.480
13.910
13.460
13.510
12.600
13.420
13.700
13.970
14.180
15.630
16.730
16.160
17.910
19.880
19.860
19.380
19.580
20.480
20.110
20.220
20.680
20.680
19.720
19.380
19.300
19.100
18.200
18.710
18.630
18.590
19.090
19.800
19.630
19.220
18.550
19.700
18.620
20.350
22.450
21.350
20.750
20.890
20.490
19.580
19.400
20.030
20.180
19.800
19.700
19.210
19.210
18.400
18.100
17.890
17.350
17.040
16.900
17.910
18.130
18.180
17.990
47.500
46.150
42.000
41.390
43.500
43.330
44.270
43.110
42.400
42.570
41.880
40.700
39.730
38.820
37.700
37.500
36.030
36.000
38.150
37.700
37.770
33.000
33.000
32.020
30.360
29.720
32.060
34.850
34.000
34.180
31.000
30.000
28.520
31.540
35.000
35.590
32.510
31.020
32.870
36.520
40.230
44.200
40.650
44.440
47.120
47.910
46.000
46.270
46.810
45.120
41.700
40.220
41.880
39.600
38.700
42.500
47.000
46.800
46.050
50.780
47.100
45.000
44.180
43.850
43.700
42.000
38.000
39.280
42.430
40.010
37.400
31.100
30.620
34.020
37.130
40.500
43.610
48.000
43.440
48.270
53.470
57.010
60.000
54.000
56.700
61.800
60.020
63.390
67.020
69.410
66.500
63.800
61.880
62.890
68.720
69.350
64.990
66.000
68.120
65.630
60.050
57.550
57.200
53.900
48.930
48.080
47.300
45.930
43.100
42.320
44.110
44.630
42.500
42.880
41.600
40.880
44.320
42.000
41.500
41.700
41.310
38.720
39.000
38.000
37.510
38.000
37.010
38.330
38.100
37.910
38.500
36.170
35.710
34.250
34.100
35.260
35.120
34.800
33.910
33.530
33.930
35.030
34.300
34.010
33.700
32.610
32.570
31.850
31.950
32.220
32.030
32.110
31.920
31.920
32.400
32.500
32.230
32.110
32.660
32.620
32.080
32.200
31.550
31.000
31.490
28.560
28.340
27.920
27.900
28.650
28.410
28.800
28.200
27.500
28.010
28.000
28.050
28.480
28.430
27.960
27.400
26.950
29.000
30.780
30.590
31.800
31.150
31.380
30.680
29.510
29.500
31.210
31.580
34.650
34.380
35.330
34.310
34.220
34.310
34.400
34.120
33.880
32.210
32.180
32.390
32.120
31.230
31.200
32.100
31.750
32.010
34.270
34.680
33.210
32.930
33.520
32.950
33.680
34.000
33.330
31.840
30.680
31.060
31.150
30.760
31.550
31.190
30.880
27.140
26.980
26.510
26.420
26.260
26.580
26.300
26.000
25.210
25.000
27.130
27.020
26.860
26.810
26.720
27.130
26.670
27.270
27.900
27.710
27.020
