25.050
24.800
24.940
25.170
25.130
25.350
25.080
24.750
24.300
24.160
24.280
25.160
25.200
25.590
25.760
25.810
25.600
25.460
25.550
25.410
25.400
24.530
24.280
24.090
23.100
24.000
24.070
24.460
23.920
22.290
22.390
24.500
24.920
25.220
25.250
24.850
24.850
24.720
24.300
25.320
24.920
24.650
24.880
25.090
25.700
25.860
25.650
25.310
26.010
26.000
26.520
27.100
27.030
27.000
28.220
29.260
29.210
29.860
29.750
29.800
30.000
30.920
30.950
30.210
29.500
29.380
30.380
30.250
30.040
29.980
29.860
30.110
30.350
30.060
30.510
30.800
31.200
31.320
31.040
31.220
31.410
31.300
31.190
31.010
30.750
30.920
31.130
31.180
30.800
30.700
29.770
29.700
30.000
29.910
29.920
30.380
31.060
31.120
31.120
31.450
30.850
30.410
30.130
30.350
30.480
29.000
30.500
30.190
30.040
30.510
30.310
30.000
29.600
28.480
28.260
30.750
32.010
33.050
33.430
33.410
33.610
33.880
33.210
33.110
33.110
34.020
34.230
31.990
33.620
34.300
34.580
34.890
34.650
35.860
35.860
35.800
35.710
35.600
37.700
41.500
41.490
41.200
41.180
41.000
40.950
40.890
40.980
40.980
41.760
41.980
42.290
42.820
42.830
42.720
42.350
41.460
42.400
42.160
42.510
42.370
42.710
42.180
42.100
42.010
43.110
43.000
43.110
42.750
43.660
43.580
44.500
46.630
46.530
46.620
46.280
45.810
45.020
44.070
43.810
43.610
46.650
45.720
45.650
44.500
45.420
45.010
46.100
46.300
46.800
46.150
45.800
44.200
45.340
44.540
45.310
44.680
45.050
45.150
44.910
43.610
43.600
42.420
43.250
42.370
41.000
41.820
40.810
40.810
41.110
40.700
41.870
43.700
44.010
47.690
47.130
47.620
48.700
49.050
46.860
46.200
46.450
47.870
47.880
47.170
48.890
48.110
46.320
45.710
44.900
44.010
43.700
43.610
43.210
41.910
41.110
40.000
41.310
39.050
38.700
38.720
38.600
38.100
38.720
38.800
38.000
38.460
36.780
35.750
35.050
35.050
35.490
35.500
36.340
35.630
36.410
36.510
35.850
34.880
35.330
34.300
35.180
34.400
35.100
39.000
40.310
40.900
38.510
37.920
37.600
37.510
37.350
36.590
38.310
38.480
38.690
41.900
42.500
44.210
44.620
44.400
42.940
42.750
41.770
43.400
42.610
42.000
41.380
41.700
45.900
51.000
51.410
47.560
45.530
44.850
44.900
41.180
39.590
39.140
40.650
40.000
41.070
40.000
40.500
41.600
38.960
39.500
39.630
39.130
40.480
39.160
39.150
40.500
38.820
38.410
37.530
37.800
36.030
37.200
34.900
34.990
36.120
33.660
34.000
32.100
32.080
32.000
29.110
28.330
29.750
32.500
31.660
31.310
28.110
27.530
25.780
25.460
28.230
28.500
26.670
25.300
27.180
30.200
32.980
35.500
32.860
35.000
37.800
39.000
37.430
37.220
38.210
35.630
33.990
33.100
33.330
30.560
29.640
31.000
33.000
31.500
33.840
37.600
41.510
41.300
40.000
39.500
38.500
36.880
33.530
36.620
36.400
38.010
38.600
33.400
34.790
38.660
42.900
45.610
42.600
47.150
52.390
53.200
52.850
55.880
58.800
52.500
50.600
49.000
50.500
52.710
46.660
48.510
51.270
46.900
43.100
46.900
51.510
49.680
48.150
46.880
43.010
43.000
42.960
42.800
37.180
37.660
38.490
37.410
36.300
34.510
34.000
34.080
33.680
34.400
34.880
35.250
35.270
37.450
35.500
34.700
34.350
32.300
32.030
33.610
33.800
68.000
75.010
79.500
73.030
70.000
73.220
77.050
78.900
78.000
77.000
73.220
71.610
68.800
67.010
66.790
64.990
67.330
65.700
66.330
63.700
62.880
63.350
62.150
60.470
64.450
65.400
63.120
63.510
65.600
63.000
62.000
60.800
59.800
59.030
59.860
59.090
57.170
56.700
56.700
56.610
55.650
55.500
54.710
54.700
53.510
53.540
50.620
50.400
55.800
55.600
55.300
55.500
55.200
56.050
56.030
55.580
52.940
49.080
48.000
49.200
49.370
49.830
47.000
45.650
45.400
44.960
44.050
44.360
45.250
47.900
52.480
54.460
54.080
51.130
50.700
52.300
55.500
58.600
58.020
57.700
59.500
56.500
54.100
52.310
53.870
59.850
64.000
66.500
63.760
64.510
62.500
63.750
60.600
58.000
59.130
58.500
57.450
56.210
56.800
54.000
53.000
51.800
51.500
51.300
52.020
54.250
54.180
54.410
54.000
55.380
56.590
53.070
53.400
53.000
53.510
54.550
53.310
52.990
55.200
55.620
55.000
54.000
56.510
57.800
57.800
58.020
54.510
54.020
52.910
52.010
50.500
49.780
51.500
53.500
53.310
53.370
52.620
52.710
51.900
52.620
53.980
55.300
55.480
54.210
53.200
53.500
52.370
51.420
50.760
51.100
50.650
51.130
50.020
49.880
50.500
49.940
49.800
49.900
50.100
48.490
47.900
48.610
48.660
49.800
49.710
49.910
49.550
49.900
49.220
50.120
51.200
50.110
50.800
47.910
47.000
47.300
46.070
47.700
49.060
47.640
48.510
47.870
48.000
49.500
51.100
52.600
54.000
55.300
53.180
