58676.00
55928.07
89226.93
92289.41
60777.73
84972.58
89157.23
76573.82
63902.44
89246.71
128905.94
157573.34
156646.70
280085.09
114080.27
25291.34
24566.19
30390.00
20116.00
25499.81
30675.00
29090.00
24018.99
15010.59
44613.30
28761.51
21064.33
43267.62
38466.45
49718.41
54476.87
41011.21
70205.23
76446.71
142759.41
59627.92
42221.03
44666.42
108162.91
48287.27
51802.82
85782.69
43168.30
76581.14
48578.26
42787.17
22944.54
27964.09
20645.13
33205.07
42223.68
74472.81
59110.72
67859.69
43589.75
26591.42
36702.76
37942.94
60265.87
82758.23
77127.54
40103.72
37913.41
55555.84
29280.31
63098.24
47636.01
56676.12
90215.50
111656.42
192513.50
32432.66
30631.12
34578.35
59782.59
23038.58
20536.65
16796.51
26991.66
12483.63
33086.70
28477.52
29385.34
36742.46
22725.92
20234.83
20295.77
32539.51
49655.21
16538.76
20350.73
25073.82
30876.84
19227.54
12294.80
15775.01
15098.93
15174.74
13569.50
16307.25
17319.52
16349.28
20147.65
17000.41
13332.47
6.00
13488.05
25126.57
21561.64
17102.70
12938.48
13718.42
18914.13
39035.55
51210.83
21287.28
14686.79
12864.63
12640.02
11728.57
14059.57
37704.13
20996.82
27310.44
18749.44
19232.00
15619.11
18468.77
24211.60
18315.85
17190.86
36876.57
22405.40
18032.82
15218.84
35578.89
34161.99
32948.46
51021.28
13549.97
19174.25
23548.46
29023.43
29766.09
25916.34
22905.54
23009.33
37266.79
38001.53
34482.49
39996.49
39767.62
43016.04
52773.52
46934.17
24171.19
41393.75
42428.85
82679.47
50160.51
38182.15
35309.16
24780.25
28661.60
26765.36
33171.50
27190.60
34122.66
30989.02
44192.55
28068.88
28377.69
22628.52
21083.98
31718.65
31787.82
26325.32
30839.34
32288.38
70062.24
34470.65
27250.32
14293.29
21163.00
27927.20
33269.39
91006.09
57547.60
92242.41
50108.59
62423.05
68885.16
54769.65
90223.99
163070.80
77333.34
20273.92
24901.43
33767.42
30003.66
23457.53
36111.12
31012.58
40875.56
37463.58
34218.79
46424.23
54356.52
45061.89
30614.68
33617.64
39240.89
41060.24
45780.51
36163.86
48315.93
26508.20
45606.48
48767.55
75974.29
103347.00
55795.88
66553.24
70809.02
67286.00
78223.35
62810.73
83167.71
97376.35
121082.49
227094.59
131731.88
117512.36
130871.67
178000.00
237802.77
235940.19
153581.27
158682.91
265733.75
290321.69
288250.09
361850.94
418177.50
490194.44
289079.56
159749.38
276342.75
139065.88
114387.24
94782.09
40005.89
86807.04
70216.86
67917.02
94796.49
149614.52
134516.34
154774.94
142110.17
84768.72
106673.79
154296.56
144258.70
186327.45
478555.84
302242.78
31858.11
42381.98
46229.01
48778.26
41675.67
47108.55
50751.18
54496.72
107374.25
146742.88
90935.47
128691.50
115455.00
66797.39
83310.11
127716.28
116229.44
50851.00
67909.00
68329.38
134865.55
153879.91
99276.49
103373.96
77298.64
131260.33
111652.89
66189.68
60591.32
89349.32
81518.10
98697.82
71052.01
84717.05
92156.94
80116.36
81405.97
58211.91
95128.35
99535.39
108211.91
159908.20
196295.95
125023.57
129040.36
136200.48
160298.66
58914.09
92775.07
207456.52
132681.17
67895.93
69087.15
80305.47
70622.43
64123.54
59953.93
53543.89
69771.33
61250.54
56675.39
55720.39
50025.98
64281.99
77278.09
73744.42
51642.37
54652.54
61226.09
52781.45
60508.32
47445.70
56763.20
45579.97
70448.61
95336.38
70283.51
62109.76
79344.38
83425.96
91140.13
70798.70
89116.65
107406.55
76617.40
71614.35
81559.69
109334.27
27559.00
98672.07
145141.91
121072.41
164865.03
221528.91
133020.34
138904.20
89966.00
110357.15
161226.80
135720.89
179791.50
227518.84
432870.94
224419.66
85722.31
106997.11
81222.26
107366.87
199059.12
115898.30
126069.43
135827.53
137275.97
176325.08
123817.51
174433.81
205057.50
143440.58
75485.24
168715.58
115501.43
151720.02
155689.62
154901.81
131622.72
146445.19
147788.16
141856.81
156881.56
84696.56
95601.15
89631.86
118061.22
160229.06
197004.50
155115.52
125938.70
112337.08
173147.56
139085.61
122813.00
157070.19
136037.77
141603.38
126503.74
138032.00
176813.41
140674.78
19017.00
74409.83
79113.69
119891.90
137117.44
162141.56
107070.66
140964.48
148701.30
84980.86
130111.40
98394.61
89759.17
121268.61
88301.94
98161.07
177560.44
127267.63
131982.17
148723.45
146642.05
174415.56
319839.69
105137.19
147658.50
61884.50
46840.00
86173.76
57581.37
77058.79
94605.06
91661.75
149067.42
79034.97
91460.61
133959.52
141140.38
97215.49
64750.47
108123.50
104894.57
108966.26
89036.58
104756.28
123703.59
179436.09
208431.98
233602.20
170572.91
149719.09
168197.58
225356.02
224813.41
296268.81
362278.12
7034.32
137682.80
117147.30
107958.11
105036.44
119041.22
66810.25
65623.76
60688.56
78905.13
66617.79
56865.32
58982.94
85944.77
108991.00
123722.67
131085.30
176093.38
105388.97
118563.27
138770.36
144099.55
149503.50
237050.88
169136.81
139126.09
164725.59
201310.05
172487.02
73133.19
68743.28
66257.78
56069.14
45549.50
56999.42
84511.02
90951.51
99415.61
12734.95
34006.92
59491.07
51745.44
52683.10
54133.89
55226.92
67242.59
60025.28
48983.69
69975.14
66970.42
55655.34
66160.46
84127.38
117918.68
116795.44
87914.59
115916.49
85651.20
137177.36
198835.19
97873.48
78715.76
65207.96
35603.70
70465.84
87019.26
97791.02
67092.83
51200.96
47329.83
41874.42
54793.25
54531.05
22700.94
24849.38
23951.97
24772.38
29611.47
38279.03
50119.46
26417.40
38945.55
32548.93
19946.94
17512.01
23305.66
823.00
20468.88
34752.05
23824.30
21470.14
20256.21
14193.63
19347.78
19599.76
56544.37
17014.48
30266.37
13699.02
11855.11
14351.11
23130.76
36535.24
62400.82
40435.43
84911.68
83751.78
22490.87
28407.79
15565.01
11085.65
13757.31
33174.69
18476.59
21683.30
23134.92
19590.86
29351.03
16141.17
42622.23
35410.31
39461.51
27779.88
18835.50
22063.60
26763.74
51284.13
52093.11
15886.44
27863.80
25350.62
46214.07
20742.98
24456.83
43740.13
61360.52
41333.53
81832.57
66793.71
102984.76
49540.65
43319.88
57663.15
40112.13
54948.65
73549.08
41893.82
45293.19
49200.31
19048.91
34015.91
36901.31
35694.78
24960.25
32989.39
47172.28
52360.61
36588.42
55509.07
56073.69
18735.79
17918.38
23532.65
27953.02
40947.97
37040.87
49743.45
15507.47
21702.18
15690.03
29856.20
24454.38
28720.62
35113.38
17136.04
32722.99
43727.54
29207.93
30599.93
20247.11
29481.97
24904.67
23407.87
36702.78
53891.00
26542.78
27400.40
32664.89
21689.38
46415.57
54008.10
47360.09
22836.77
43858.86
39657.89
44151.44
59273.33
64189.23
28785.93
36366.03
26171.59
17914.27
23290.27
29654.20
39575.85
31311.16
52765.87
51773.23
22568.07
36690.87
63119.11
20591.63
16654.04
21801.81
23088.49
27852.47
27458.71
32300.93
29148.27
26221.72
31055.15
56804.65
29130.61
57321.71
50980.46
46357.43
19783.85
41282.17
34746.68
24433.10
20002.55
48077.54
32027.83
20798.95
23938.65
45737.69
18521.53
21249.00
28076.76
30672.98
