0.960
-0.120
0.020
0.580
0.140
-0.510
-0.170
-0.940
-2.280
0.320
-0.590
0.000
-0.800
0.170
0.440
0.210
0.370
0.350
-0.940
0.550
-0.270
1.450
0.330
0.610
0.610
-1.390
1.040
-0.870
-0.370
1.540
-1.450
-0.440
-0.210
0.370
0.760
1.910
-0.330
-0.440
-0.190
-1.570
0.620
0.220
-0.500
-0.800
0.470
0.230
0.280
1.920
0.130
0.590
-0.670
-0.500
0.150
0.520
-0.330
-1.690
-2.330
0.040
-0.820
-0.290
-1.080
-0.590
0.280
2.110
0.590
-1.370
0.130
-0.420
0.680
-0.740
-1.270
0.330
-0.750
-0.250
0.750
0.490
-0.410
-0.860
1.680
-0.600
0.210
-1.490
0.990
-0.010
1.580
1.550
0.020
-0.310
1.650
1.230
0.360
-0.040
0.260
1.140
0.480
0.020
-0.380
-0.060
0.330
-0.330
0.180
0.370
-0.340
0.320
-0.200
0.000
-0.020
0.200
-0.430
-0.020
0.540
0.050
-0.250
0.520
-1.630
-1.270
-0.140
0.230
0.240
0.200
-0.540
0.190
0.420
-0.390
0.130
-0.090
-0.890
-0.110
0.620
0.230
-0.220
0.300
0.050
-0.340
0.120
0.450
-0.050
-0.360
-2.270
-1.480
-0.860
1.010
0.030
-0.360
-0.820
-0.160
0.160
-0.400
-0.200
-0.200
-0.300
-0.570
0.290
0.440
0.130
-0.510
0.810
0.210
0.320
0.070
0.190
-0.660
0.130
-0.490
0.750
0.120
-0.740
-1.040
-0.440
-0.750
0.250
-0.160
1.300
0.290
-0.320
0.410
-0.200
-0.270
0.400
-0.420
0.430
1.190
-0.210
0.430
-0.960
0.300
-2.790
-2.330
2.750
-0.030
-3.060
-1.200
-3.250
0.700
0.330
-1.530
-0.750
1.060
0.610
-0.730
3.220
1.810
2.120
-0.460
1.620
-2.900
0.100
-3.320
0.100
1.560
-3.430
0.270
1.920
2.620
-0.590
2.800
-3.090
1.060
-2.910
-1.880
-3.870
0.540
-4.240
-4.710
-1.130
1.010
0.190
-1.580
2.100
0.480
-2.690
0.690
-0.850
-1.090
4.540
4.130
0.570
0.710
-2.510
-1.390
0.180
-1.090
1.800
-0.630
0.630
-0.090
-4.790
-2.720
-4.410
1.900
1.680
-1.620
0.640
-2.200
3.280
-1.630
-1.740
3.830
-5.650
1.510
1.100
4.900
4.460
4.050
-0.010
3.680
-2.670
-2.700
3.690
3.500
-3.500
3.500
3.180
2.890
2.630
2.390
-2.660
2.290
-2.700
-3.000
-0.990
-0.920
-0.500
-3.600
-3.000
-0.300
-3.100
0.520
1.960
0.150
0.790
-0.840
-4.420
4.020
1.220
2.150
2.850
3.000
0.260
-2.450
-1.360
0.550
-1.700
3.250
2.950
2.680
2.440
2.220
-0.650
-0.010
-1.790
3.250
2.540
0.640
-0.130
-0.210
1.950
0.750
2.030
2.010
-1.040
-1.050
2.280
2.070
1.880
1.710
1.050
0.220
0.390
-0.800
0.020
0.650
-0.300
0.030
0.770
-0.110
-0.700
0.090
0.110
-0.240
0.210
0.420
-0.210
-0.190
0.560
0.670
0.010
0.040
0.390
0.030
0.020
-0.250
-0.160
0.040
0.230
-0.660
1.350
0.260
0.620
-0.310
0.020
-0.310
0.290
0.310
0.140
-0.060
0.260
-0.280
0.360
-0.110
0.030
-0.080
-0.520
-0.360
0.110
0.660
0.080
-0.790
-0.700
-0.410
-0.400
-0.190
0.420
-0.070
0.920
1.240
-1.380
-1.010
1.340
1.220
1.110
-1.090
-0.400
0.350
-0.300
-0.550
0.330
0.340
