22.950
23.010
23.160
22.760
22.260
21.670
21.340
21.650
20.930
20.590
20.630
20.860
20.450
20.210
20.470
19.750
19.620
19.160
19.670
20.130
20.020
19.430
18.990
19.050
19.000
19.800
20.840
21.170
21.340
21.250
24.400
24.500
25.080
24.830
25.350
23.820
23.800
22.910
23.190
23.080
23.370
23.580
23.620
23.510
23.550
23.230
23.180
22.660
22.420
22.640
22.800
23.260
23.900
23.650
24.460
24.320
24.590
24.540
25.000
24.650
27.560
28.400
28.750
27.120
28.180
27.600
27.100
27.400
26.950
26.460
27.310
27.250
27.290
27.620
29.260
27.820
26.980
25.900
25.980
24.800
24.450
24.510
24.880
23.380
20.930
21.010
20.770
21.090
21.320
20.840
20.620
20.650
20.050
20.080
20.300
20.030
20.000
20.100
20.050
20.300
20.230
20.010
20.280
19.980
20.250
20.950
19.800
19.640
19.790
19.600
19.370
19.260
19.380
19.050
20.180
20.110
20.100
19.980
20.200
20.050
20.640
21.580
21.050
19.960
19.910
19.690
19.830
19.910
19.670
19.850
19.700
19.700
19.490
20.080
19.770
19.020
19.730
20.000
21.030
21.070
21.500
21.080
21.470
21.450
22.400
22.040
21.700
22.000
22.620
22.120
22.080
22.680
22.180
22.000
22.270
22.710
22.070
21.730
21.470
21.480
21.010
21.350
20.950
20.920
21.150
20.660
21.060
21.200
21.440
21.580
21.630
21.460
21.800
21.710
22.100
21.500
21.660
21.500
21.880
21.570
21.950
21.510
20.990
20.550
20.600
20.130
21.000
21.430
21.550
21.260
21.590
21.200
21.000
21.500
21.800
22.570
22.620
22.650
22.500
23.060
23.340
23.100
23.160
22.820
22.750
23.410
23.330
22.980
23.300
23.600
23.200
22.940
22.980
22.920
22.130
21.870
22.570
23.150
22.600
22.600
22.320
22.090
22.020
21.760
22.030
22.550
23.340
25.980
25.400
25.670
25.700
26.180
27.060
27.300
26.800
27.130
26.640
26.180
25.600
26.750
26.580
26.900
26.960
27.250
26.690
27.420
28.000
27.490
25.930
24.950
26.000
25.970
25.500
25.480
25.300
25.010
24.100
22.790
23.500
26.100
26.400
26.900
26.380
27.010
27.000
26.440
25.470
24.880
25.980
25.310
24.800
25.020
24.150
21.950
21.400
22.270
22.390
21.550
21.910
21.050
22.350
21.710
22.650
25.060
24.600
24.910
24.100
24.350
23.380
23.900
23.150
23.680
23.450
24.530
28.450
28.600
26.890
26.800
26.580
26.600
28.220
27.920
27.500
28.350
27.510
26.980
26.550
28.110
27.600
26.060
22.500
19.390
18.300
18.410
18.480
17.680
17.670
15.830
15.800
15.350
16.320
16.800
15.800
15.480
17.650
18.710
22.130
19.410
17.620
17.490
17.170
17.920
17.680
17.100
16.520
16.940
16.430
15.600
15.060
15.500
14.750
16.100
17.000
18.500
19.810
19.010
20.010
19.600
19.060
18.090
17.600
16.000
18.080
18.500
20.400
23.270
21.160
34.000
29.890
35.000
35.510
37.200
35.120
36.720
38.070
36.500
33.020
31.000
33.500
30.330
33.500
33.200
38.500
36.860
36.510
43.050
46.500
45.800
45.980
42.900
39.150
34.660
38.300
41.120
43.840
39.850
36.920
47.500
45.770
43.000
43.000
34.820
43.100
44.780
54.000
52.320
57.500
56.010
58.000
54.010
50.540
55.000
56.930
55.300
53.000
52.880
46.630
45.000
46.600
48.460
48.000
47.050
49.000
47.140
50.200
44.530
39.200
40.000
39.400
36.800
35.500
32.890
30.330
29.300
28.070
26.720
28.200
54.270
50.690
52.180
59.000
53.850
48.950
44.500
40.100
40.030
39.260
36.800
36.610
39.010
38.250
38.100
35.680
35.100
37.380
36.760
38.150
36.500
35.160
36.680
34.500
34.300
30.780
31.000
32.000
33.550
34.850
33.110
32.800
33.060
32.690
32.880
29.960
31.000
29.950
31.300
34.000
34.050
34.100
33.000
32.860
36.360
37.980
40.190
40.000
40.000
38.020
37.900
37.300
36.400
39.980
39.670
43.120
44.000
45.500
46.990
43.060
42.770
38.240
40.600
37.500
37.590
37.510
38.000
36.700
34.000
33.750
33.200
35.000
34.600
37.550
38.000
37.200
33.150
32.810
32.700
30.600
29.470
29.850
29.540
28.560
28.700
29.800
28.900
29.530
28.700
26.970
27.380
27.810
28.250
27.900
28.000
27.790
27.880
27.880
27.930
27.270
26.480
26.900
26.130
26.260
26.290
26.000
25.680
26.070
27.200
26.570
26.170
26.520
25.650
25.150
25.110
25.770
25.280
25.390
24.300
23.580
24.370
24.570
25.320
25.480
25.110
24.750
25.350
25.000
24.100
22.700
23.150
23.900
23.510
23.750
24.030
24.770
25.400
25.590
25.110
25.690
25.280
26.280
25.850
