18.900
19.130
18.890
18.940
18.710
18.900
18.510
18.620
18.710
18.400
18.520
19.100
19.200
19.400
19.240
19.500
18.940
18.730
18.290
19.070
18.790
18.940
18.410
18.150
18.160
17.510
18.660
18.550
18.560
18.520
18.150
19.370
19.980
20.010
20.300
20.330
19.720
19.830
20.050
20.590
21.970
21.640
21.400
21.320
21.360
21.450
21.540
21.500
21.250
21.390
21.270
22.130
22.380
22.240
22.270
23.130
23.850
23.750
23.640
23.960
23.730
24.550
24.820
24.870
24.460
24.150
25.160
25.670
25.780
26.080
25.980
26.100
26.680
26.960
26.680
26.920
26.900
26.340
26.630
26.460
26.820
26.560
26.740
26.690
25.930
25.840
26.370
26.440
26.280
26.840
26.370
26.520
26.420
25.910
25.570
25.460
25.490
26.250
26.520
26.210
26.530
26.260
25.910
26.550
26.040
26.330
26.340
26.200
26.170
26.920
27.290
24.810
24.750
24.840
24.250
26.500
28.530
28.700
28.670
28.900
28.780
29.270
29.560
29.140
28.890
28.960
28.950
29.030
29.250
29.050
29.310
29.660
29.490
29.260
29.640
29.500
28.960
29.500
29.440
32.220
32.090
32.910
32.390
33.050
32.630
34.320
34.900
33.980
33.530
33.790
31.990
32.600
31.950
31.430
31.460
31.390
31.810
32.100
31.560
31.250
31.160
30.360
31.160
31.230
31.040
30.480
30.500
30.590
30.520
30.590
30.560
31.010
31.420
30.920
30.750
30.800
31.200
31.400
31.100
31.070
31.100
30.200
29.770
30.250
30.680
30.300
30.000
30.400
30.090
30.280
29.980
30.370
30.900
31.480
34.380
33.900
33.920
33.630
33.510
33.980
33.200
33.590
33.940
34.180
32.560
32.300
32.730
32.480
32.990
32.420
32.620
31.950
32.500
32.060
32.400
31.980
30.550
31.140
30.920
30.160
30.250
30.600
30.380
31.360
30.390
30.190
32.610
32.900
33.010
33.600
32.900
32.500
32.650
30.600
31.160
32.050
31.860
30.750
31.250
30.860
31.880
32.250
32.260
33.590
35.670
35.230
35.590
33.380
33.580
33.230
33.700
33.010
33.800
33.300
33.960
36.800
36.400
37.750
38.200
37.660
36.540
37.360
36.700
37.180
38.770
39.050
37.660
38.700
39.250
36.940
37.680
38.680
39.100
40.930
39.010
36.990
36.160
33.700
31.470
31.700
32.850
31.150
31.490
32.580
34.180
34.950
34.250
35.150
33.660
30.600
29.350
31.550
32.380
35.980
36.360
37.290
36.100
35.880
36.670
36.670
34.760
34.870
35.590
35.340
33.400
30.360
30.540
28.770
31.350
31.800
35.330
35.500
35.100
36.300
37.170
35.750
34.180
36.180
33.690
35.920
34.480
38.310
38.480
42.750
41.470
44.640
49.600
51.200
50.280
50.650
51.640
52.070
51.290
52.910
52.700
53.340
55.090
53.480
53.920
52.150
51.040
53.400
52.750
53.600
56.080
55.940
53.950
52.150
54.960
55.250
55.940
60.900
61.670
60.050
56.990
57.400
57.510
55.200
56.480
58.100
56.400
60.500
61.240
58.830
56.320
51.200
46.750
48.160
44.000
45.620
47.000
49.700
102.620
100.650
91.500
95.300
95.050
87.750
97.500
93.880
89.090
80.990
73.850
77.100
75.000
68.660
68.520
64.330
63.870
64.200
66.510
60.460
67.180
67.650
66.000
65.750
59.770
55.920
54.670
49.700
55.170
61.300
59.200
61.580
59.070
53.700
49.960
50.000
55.560
60.860
56.420
51.290
52.780
58.640
65.150
69.700
73.500
69.440
77.150
79.810
82.010
77.000
82.750
83.850
78.020
70.930
72.410
72.070
65.520
72.800
76.490
84.990
82.620
91.800
102.000
103.410
103.170
106.630
101.790
92.540
84.130
81.980
83.280
75.710
84.120
93.470
103.850
115.390
104.900
116.550
129.500
142.020
139.850
142.010
157.790
175.320
169.200
188.000
195.800
190.190
172.900
160.480
156.360
170.000
183.500
190.240
173.400
158.810
153.860
185.970
192.620
206.310
208.600
219.970
229.860
208.960
214.450
220.900
228.870
213.000
226.990
234.700
238.080
229.700
208.820
189.840
182.500
194.000
200.040
201.630
183.300
184.050
175.270
175.450
164.000
164.000
161.750
162.510
162.520
160.990
174.900
174.000
168.360
163.500
156.000
169.860
168.000
173.580
177.000
173.090
170.000
180.970
183.450
203.830
202.100
183.920
167.200
158.120
154.100
151.500
152.450
140.600
135.020
138.600
130.780
126.990
118.510
121.990
126.400
127.000
129.250
118.840
115.720
118.310
129.200
128.000
128.500
130.000
120.400
124.810
124.680
120.010
124.300
129.980
132.200
125.610
116.990
110.300
117.880
108.990
108.900
108.300
99.990
105.700
107.560
104.000
100.300
97.300
88.450
88.820
91.060
88.310
83.510
85.990
82.620
83.320
77.350
75.800
78.120
86.800
96.440
97.570
97.950
91.200
86.870
88.960
84.050
80.650
80.590
81.110
74.590
77.860
72.180
71.700
67.880
69.000
70.740
72.950
73.200
72.980
71.720
77.400
120.500
119.680
119.280
125.240
124.380
122.580
116.800
116.050
113.390
119.970
119.500
118.320
119.950
125.000
122.600
124.400
121.650
125.990
119.300
117.960
121.650
122.250
117.260
119.580
118.250
107.500
104.020
100.700
100.140
99.860
99.980
103.200
105.880
104.900
101.450
103.020
102.700
101.000
100.090
99.930
102.350
107.350
104.000
99.560
99.950
100.800
98.420
98.530
98.980
100.560
100.450
91.320
87.880
88.270
87.180
89.470
89.240
92.370
92.110
92.100
93.640
99.250
101.400
104.650
101.310
94.710
