-0.080
-0.280
-0.300
-0.150
0.060
0.480
-0.050
-0.340
-0.350
0.230
0.240
-0.110
0.300
-0.030
-0.050
-0.140
0.460
0.480
0.010
-0.240
0.440
0.330
-0.110
0.260
0.290
-0.440
-0.350
-0.240
0.050
0.120
-0.120
0.310
0.440
0.150
0.080
0.280
0.110
-0.010
-0.280
-0.280
-0.700
-0.020
-0.390
0.010
0.140
0.660
-0.030
0.320
0.010
-0.020
-0.400
-0.050
0.000
-0.160
-0.090
-0.120
-0.140
0.320
-0.140
0.050
0.070
0.050
0.040
0.140
0.000
-0.260
-0.120
0.020
0.010
0.010
0.110
-0.100
-0.040
0.010
-0.160
0.110
-0.070
-0.090
0.140
-0.130
0.060
-0.050
0.070
0.110
0.030
0.000
-0.020
-0.020
-0.120
-0.060
0.100
0.050
0.060
0.050
-0.030
0.020
-0.070
-0.040
0.010
-0.030
0.060
0.120
-0.030
0.010
0.100
0.000
0.040
-0.030
-0.130
0.140
0.080
-0.050
-0.080
-0.030
-0.370
-0.100
-0.030
-0.150
-0.160
0.320
0.040
0.020
0.030
-0.010
0.160
-0.030
-0.050
-0.050
0.010
-0.110
0.040
0.020
0.040
0.020
0.080
0.010
-0.210
0.000
-0.520
-0.090
-0.070
0.060
-0.050
0.150
-0.150
-0.050
0.050
-0.120
0.030
0.020
-0.090
-0.080
0.030
0.130
-0.040
-0.120
0.160
0.050
0.000
0.020
0.190
-0.140
-0.020
0.050
-0.080
-0.010
0.020
-0.140
0.060
0.060
-0.060
-0.020
-0.150
0.320
-0.050
0.130
-0.200
-0.120
0.080
0.060
0.040
0.270
-0.010
-0.010
-0.110
0.050
-0.070
-0.140
-0.120
-0.030
0.060
0.040
-0.100
-0.060
-0.190
-0.260
0.010
0.120
0.300
0.060
-0.090
-0.090
0.070
-0.120
0.380
0.090
-0.060
0.010
0.000
-0.200
0.000
-0.040
0.070
0.090
0.200
0.240
-0.210
-0.080
0.150
0.070
-0.160
0.180
0.030
0.060
-0.100
-0.190
-0.470
-0.320
0.030
0.210
-0.150
-0.080
0.010
0.050
-0.120
-0.090
-0.010
0.130
-0.300
-1.060
-0.120
-0.170
0.080
-0.170
-0.030
-0.210
-0.400
0.190
0.510
0.990
-0.400
-0.450
0.630
-0.650
1.300
0.240
-0.570
0.930
1.270
-0.100
-0.180
-0.370
0.640
-0.160
-0.260
-0.020
0.450
-0.460
0.730
0.340
0.530
0.390
0.910
0.360
0.020
-0.870
0.070
0.210
-0.300
0.150
-0.470
-0.490
-1.450
-1.190
0.150
-0.230
0.730
0.240
-0.040
-0.470
-0.230
0.680
0.320
-0.660
-1.480
1.840
-0.560
0.230
1.700
0.360
-0.170
0.740
-0.780
-0.220
0.130
0.790
-0.190
0.190
0.770
-0.490
-0.180
0.250
-0.630
0.230
-0.290
0.560
0.930
0.530
-0.090
-0.150
0.650
-0.040
-0.030
-0.480
0.160
0.660
-0.970
-0.040
0.640
0.190
-1.550
-0.610
-1.790
-0.510
-0.740
0.340
0.600
0.260
-0.250
1.060
-0.270
-0.510
1.590
-0.120
0.900
-0.560
0.760
-1.710
-1.510
-2.070
-0.270
0.690
0.250
-0.550
1.040
-0.100
-2.180
0.290
-1.090
0.510
-2.450
1.260
-2.590
-0.060
-0.070
-2.890
0.550
-0.150
0.300
0.990
2.100
0.860
-0.180
-0.520
1.340
0.660
0.820
2.010
-0.050
0.930
-0.360
-0.010
-0.550
-1.090
0.550
-0.330
1.170
-0.040
-0.400
-0.040
-2.260
-0.780
0.300
0.080
-0.280
1.380
0.420
-0.920
0.850
0.570
-1.190
-0.670
1.320
-0.230
0.810
0.880
-0.300
1.850
-0.550
-1.530
-1.050
1.970
1.790
1.630
-1.810
-2.010
-2.230
-0.100
-2.490
-2.770
-2.340
0.150
1.350
-2.220
-0.980
0.630
-2.860
-2.790
1.170
0.020
0.190
-0.870
-3.190
0.550
0.630
-1.430
3.350
1.800
-0.310
-2.790
-0.050
2.020
0.590
-0.250
0.530
1.800
3.000
-0.530
0.630
-0.540
0.260
0.880
0.120
2.210
-0.760
-1.370
-2.400
-0.310
0.100
0.930
-0.160
1.670
0.680
-0.940
0.850
1.880
-0.090
0.510
1.480
-1.650
-0.460
1.630
0.680
-0.280
-0.120
0.260
-0.350
2.290
1.510
0.940
-0.300
0.320
-0.370
-0.500
-0.470
0.000
-0.630
-0.050
0.270
0.410
0.200
0.820
0.050
0.600
0.600
0.280
-0.980
0.040
0.510
-0.470
0.740
-0.140
1.370
0.570
0.300
-0.270
0.160
1.000
0.050
0.290
0.180
-0.230
-0.010
-0.260
-0.670
0.270
0.150
-0.390
-0.660
-0.070
0.060
0.180
-0.610
0.180
0.040
0.880
0.450
-0.150
-0.200
0.110
0.870
-0.920
-0.190
0.140
-0.430
-0.170
-0.030
0.370
-1.940
-1.750
0.810
-0.360
0.920
0.080
0.330
1.030
-1.460
-0.900
-0.290
0.200
1.890
0.260
-0.420
1.730
0.250
-0.090
0.240
1.260
0.560
-0.010
0.620
-0.220
0.200
0.310
-0.350
0.030
-0.550
-0.120
-0.310
0.400
-0.290
0.000
0.020
-0.630
0.070
-0.300
0.620
0.360
0.160
-0.340
-0.390
-0.560
0.190
-0.010
-0.060
-0.060
-0.270
-0.080
-0.680
-0.160
0.670
-0.200
-0.180
0.650
0.110
0.190
0.130
-0.710
0.190
0.740
-0.250
-1.020
0.150
-0.100
-0.070
1.100
-0.310
0.340
0.210
1.440
-0.120
-0.040
0.490
0.000
0.520
0.260
0.040
-0.100
-0.210
0.450
0.080
-0.110
-0.140
0.420
-0.040
-0.280
0.160
0.250
0.110
0.220
0.600
-0.520
-0.660
0.210
-0.540
-0.500
0.520
-0.110
-0.120
0.270
-0.110
-0.400
-0.750
0.090
