8.200
8.310
8.260
8.330
8.190
8.200
8.200
8.280
8.250
8.120
8.200
8.380
8.350
8.430
8.450
8.530
8.370
8.510
8.340
8.330
8.300
8.300
8.130
8.100
8.010
7.880
8.140
8.130
8.170
8.090
8.080
8.270
8.370
8.460
8.600
8.550
8.320
8.290
8.220
8.350
8.480
8.320
8.330
8.430
8.470
8.540
8.620
8.680
8.390
8.500
8.450
8.570
8.430
8.400
8.540
8.750
8.850
9.060
9.030
9.080
9.130
9.340
9.370
9.450
9.380
9.310
9.470
9.550
9.590
9.600
9.510
9.510
9.590
9.590
9.580
9.680
9.630
9.670
9.700
9.700
9.680
9.780
9.850
9.860
9.720
9.760
9.920
9.830
9.830
9.880
9.800
9.760
9.770
9.570
9.560
9.750
9.740
9.840
9.930
9.920
9.970
9.970
9.920
9.980
10.000
11.730
10.660
10.310
10.160
10.220
10.210
10.010
9.900
9.880
9.680
10.150
10.110
10.130
10.210
10.160
10.130
10.290
10.420
9.880
9.760
9.800
9.710
9.820
9.900
9.970
10.170
10.170
10.140
10.110
10.270
10.180
10.110
10.190
10.200
11.150
11.090
11.250
11.290
11.440
11.150
11.340
11.410
11.200
11.130
11.200
11.060
11.180
11.330
11.210
11.200
11.280
11.340
11.420
11.120
11.090
10.970
10.870
11.080
10.900
10.950
10.860
10.830
10.990
11.070
10.960
11.060
11.040
10.810
10.910
10.940
10.930
10.750
10.860
10.910
10.850
10.940
10.980
10.850
10.730
10.760
10.740
10.510
10.750
10.860
10.860
10.920
10.870
10.770
10.800
10.850
11.260
11.180
11.160
11.240
11.070
11.060
11.030
11.210
11.230
11.230
11.300
11.340
11.590
11.480
11.390
11.600
11.600
11.700
11.640
11.380
10.990
10.850
11.070
11.030
10.900
10.830
10.970
10.860
10.890
10.800
11.020
11.180
11.170
11.870
11.650
11.760
11.920
12.010
12.130
12.050
12.030
12.260
12.170
11.590
11.500
11.630
11.750
11.660
11.560
11.580
11.420
11.560
11.460
11.480
11.360
11.180
11.090
11.110
10.910
11.070
11.230
11.160
11.270
11.090
11.000
12.210
12.200
12.290
12.530
12.520
12.450
12.040
11.460
25.470
25.300
26.050
24.650
22.410
23.050
22.940
21.820
22.620
23.070
23.700
23.650
23.670
23.770
22.260
20.240
19.130
19.420
19.900
18.950
18.900
19.470
20.130
19.460
19.030
19.880
20.170
19.370
18.650
20.600
21.440
23.820
23.500
24.450
24.500
24.350
24.410
24.620
24.080
22.750
22.830
22.600
21.670
21.030
20.100
19.270
20.790
20.980
23.310
23.240
22.400
23.180
23.020
22.400
21.680
22.600
21.550
23.000
22.590
25.100
24.870
27.630
27.480
27.310
30.290
30.520
31.080
30.850
32.500
33.490
32.770
33.780
34.000
35.020
33.440
32.800
33.300
32.880
30.120
31.570
32.600
32.060
33.480
31.070
31.260
29.050
29.590
29.770
27.590
28.200
28.940
27.820
27.890
27.400
27.760
26.710
26.640
27.180
26.610
26.770
27.550
27.800
27.500
27.180
26.300
27.000
25.990
25.220
25.150
24.940
24.770
26.150
25.130
25.830
25.460
25.150
27.940
27.040
28.050
26.680
25.880
27.840
28.270
26.830
27.330
28.030
27.490
26.910
29.510
28.110
30.540
29.600
27.900
29.100
28.310
25.740
25.800
23.450
23.840
26.490
26.770
24.460
23.810
23.100
21.100
23.160
23.790
21.630
20.370
18.520
18.560
20.620
22.910
24.750
26.200
26.020
28.910
29.500
30.280
28.670
29.770
29.180
28.180
26.560
26.160
27.910
25.370
28.190
30.690
31.740
28.850
29.950
28.970
29.480
28.510
29.000
27.050
24.590
22.350
22.630
24.970
22.700
24.100
23.570
24.450
24.900
22.640
25.160
27.950
30.200
30.490
29.000
32.030
35.490
35.280
45.190
49.860
46.420
47.090
43.100
42.310
44.440
46.650
45.780
48.000
45.710
42.370
38.520
41.980
40.870
37.150
37.700
38.060
37.210
36.770
35.630
34.960
36.110
36.470
35.780
34.110
32.210
29.280
30.810
31.090
32.850
31.720
31.540
30.930
32.830
32.650
33.570
32.680
31.810
30.720
31.870
31.460
31.250
30.510
31.290
31.440
31.150
32.690
34.220
34.120
33.980
33.180
32.430
32.240
32.590
32.210
34.050
34.590
35.400
34.050
33.390
33.670
33.570
34.360
33.590
32.330
33.670
34.500
33.100
33.730
36.420
33.110
30.100
28.830
28.550
28.060
27.530
30.480
28.930
29.610
26.920
25.770
24.910
25.030
24.510
26.400
26.730
26.030
25.860
25.320
26.930
26.810
26.250
26.750
26.520
27.200
26.730
24.300
23.730
24.450
23.810
24.460
25.360
24.880
24.560
24.530
24.780
25.660
23.920
23.640
24.700
26.920
25.270
24.550
25.000
25.580
24.500
23.310
24.890
25.900
24.600
24.780
24.960
24.750
24.170
21.970
21.630
20.000
20.990
20.360
18.980
18.820
19.030
19.020
19.000
19.190
19.140
19.330
19.000
19.780
18.490
18.460
17.770
17.750
18.540
18.440
19.570
19.700
20.070
19.720
19.930
20.340
20.430
20.270
20.530
20.350
19.850
19.980
19.930
19.850
20.020
20.310
20.100
20.770
20.960
21.290
20.800
21.070
21.340
21.060
20.930
20.910
20.190
20.320
20.150
20.020
19.950
20.550
20.340
20.480
20.470
21.720
21.530
21.630
21.090
20.980
21.100
21.400
21.240
20.800
20.440
20.020
19.910
20.170
20.130
20.950
21.460
21.850
20.850
21.340
20.740
19.430
19.420
19.670
20.120
20.030
19.860
20.150
19.800
19.880
18.150
17.990
18.560
18.150
18.310
18.240
17.330
17.130
17.720
18.130
18.110
18.630
18.840
19.260
18.640
19.930
20.290
20.430
20.660
21.590
