19.560
19.190
19.280
19.010
18.810
18.770
18.690
19.050
18.850
18.450
19.380
19.530
19.810
19.540
19.700
19.650
19.110
18.630
18.600
18.900
18.940
18.760
18.170
18.060
17.800
18.600
19.420
19.000
19.190
18.870
19.620
20.440
20.620
20.780
20.480
20.220
19.770
19.950
20.470
21.490
21.330
21.280
21.570
22.000
21.740
21.820
21.520
21.380
20.800
20.830
21.390
21.870
21.940
22.300
23.200
24.890
25.430
25.940
25.900
25.960
26.440
26.360
26.490
26.190
25.890
26.840
27.740
27.850
28.180
27.920
27.940
28.290
28.100
28.130
28.720
28.400
27.990
28.320
28.210
27.970
28.480
28.880
28.790
28.790
27.960
27.960
28.000
28.440
29.300
28.390
28.480
29.880
27.490
26.680
26.980
26.890
27.480
27.530
27.890
27.590
27.680
27.300
27.980
26.980
26.640
26.650
26.270
26.380
26.180
26.000
25.200
25.860
26.600
29.000
29.590
30.580
30.480
30.460
30.200
30.550
30.550
30.080
29.960
29.550
29.460
29.640
30.250
31.300
32.000
31.540
30.500
30.290
30.400
30.300
29.050
28.590
28.900
32.490
32.780
33.530
33.370
33.880
34.050
35.120
35.370
35.580
34.690
34.830
34.700
34.300
34.960
34.960
34.270
34.150
34.280
34.870
34.200
33.970
33.450
32.990
33.490
33.600
33.670
33.760
33.900
35.200
33.980
34.070
35.150
33.130
33.290
33.150
33.450
32.950
32.800
32.990
32.860
33.100
33.380
32.940
32.820
31.750
31.780
31.830
31.790
32.330
32.640
32.840
32.580
32.560
32.300
32.410
32.840
33.600
34.270
33.590
33.550
33.080
32.950
32.830
33.690
33.330
33.160
32.730
33.420
32.800
32.940
33.150
35.950
35.500
34.360
34.680
34.160
34.120
32.990
34.150
34.210
33.740
33.590
34.790
35.200
35.020
35.360
38.490
40.300
40.620
38.200
37.700
37.730
34.700
35.280
35.200
34.990
35.900
36.100
36.280
35.960
35.180
35.820
35.950
36.330
36.960
36.960
36.150
36.160
36.200
36.380
36.350
35.120
34.140
34.650
33.500
34.100
34.150
34.590
34.650
33.180
32.100
35.400
37.230
37.990
38.800
41.800
41.500
43.000
41.470
41.580
43.200
44.900
43.900
48.990
47.950
47.250
46.960
48.400
45.500
41.970
42.500
43.780
43.180
41.290
43.800
43.300
40.850
40.000
38.880
37.700
37.980
35.590
36.770
37.120
38.480
39.420
38.610
39.860
37.000
34.120
36.330
36.670
35.300
35.870
36.000
34.800
36.250
34.710
32.200
30.840
28.540
28.910
28.870
29.450
29.820
31.800
30.520
30.330
28.890
26.850
27.870
26.070
25.180
29.430
29.950
29.790
29.780
27.210
25.850
27.770
28.500
32.250
33.250
32.000
34.080
34.400
42.870
43.870
45.170
41.060
43.090
42.430
45.030
44.030
43.200
44.000
42.720
39.400
36.880
39.250
35.710
35.850
38.970
44.200
44.990
47.900
54.600
52.760
47.960
43.600
45.220
49.000
56.500
56.200
59.980
62.500
68.200
70.990
68.090
66.700
76.520
76.850
78.790
79.850
76.980
81.500
85.550
85.000
93.600
91.310
84.310
76.890
75.570
74.750
71.520
65.020
64.500
65.890
61.750
57.000
56.000
53.500
55.800
56.310
52.890
50.220
45.650
43.500
42.800
41.750
42.610
43.510
44.560
41.880
40.230
39.800
41.280
40.490
40.200
38.660
37.270
36.990
38.560
39.850
39.980
40.500
40.200
43.500
45.700
43.870
42.660
43.510
44.780
42.860
43.100
42.440
41.160
41.320
41.410
39.700
39.170
37.930
37.610
38.680
38.880
37.990
39.100
39.190
40.780
40.830
38.770
37.180
39.120
40.410
40.100
39.510
41.600
40.260
37.200
38.200
39.500
38.070
37.670
34.420
32.280
30.610
31.240
31.240
32.290
31.600
31.830
32.540
33.000
32.560
30.320
28.780
27.880
27.950
28.380
28.350
27.990
29.100
28.400
28.600
28.440
28.400
27.570
27.340
28.980
29.780
29.350
29.180
29.370
31.150
33.500
34.880
35.590
37.570
34.380
34.300
36.280
36.710
34.580
34.600
34.330
33.210
33.810
34.300
35.130
35.180
34.650
32.100
33.820
34.440
36.590
36.960
37.780
37.390
37.550
40.500
40.500
40.270
41.890
40.880
37.470
36.300
36.650
38.800
38.990
39.480
39.580
38.600
40.500
42.530
44.940
46.000
44.200
44.650
41.250
39.770
39.510
36.440
33.450
33.530
32.380
30.900
31.080
31.090
31.790
32.540
31.000
52.000
49.510
49.390
50.680
52.500
53.300
50.590
47.500
44.380
40.600
38.500
38.380
39.900
39.780
38.660
37.180
35.450
33.760
34.330
33.040
33.770
33.380
34.130
34.260
34.500
35.770
34.800
34.270
31.330
30.660
30.800
29.690
29.790
28.350
28.390
28.950
30.200
31.310
32.080
32.090
32.240
30.680
30.150
31.000
31.550
31.050
32.370
32.750
