-0.390
-0.280
-0.460
-0.740
0.560
-0.540
0.430
0.570
1.410
1.780
1.060
0.250
-0.080
-0.160
0.060
0.330
0.120
0.190
0.060
-0.350
0.040
0.340
0.270
-0.190
0.330
-0.290
-0.440
-0.210
0.930
0.790
-0.320
-0.330
0.530
-3.980
0.320
1.170
0.180
-0.470
0.010
-1.320
-0.210
0.300
-1.000
-0.200
-0.460
0.350
-0.040
-0.090
-0.540
-1.150
1.080
0.450
0.120
0.280
-0.370
-1.060
0.330
0.880
0.070
2.010
0.730
-0.570
-0.100
-0.470
-0.600
-0.230
0.260
0.490
1.580
-1.000
1.680
0.620
-0.490
0.280
-0.030
0.970
0.770
0.310
-0.070
0.330
-0.110
-0.140
0.030
1.210
0.610
0.480
-0.010
0.160
-0.020
-0.160
-0.090
-0.250
-0.870
-0.280
0.070
0.010
1.020
-0.440
-0.190
-0.620
0.150
-0.880
0.930
-0.040
0.000
-0.300
-1.110
0.110
1.940
2.550
0.290
0.090
0.050
0.000
-0.030
0.030
0.970
0.190
0.160
0.040
-0.510
-0.960
0.830
0.600
0.120
-0.320
-0.300
-0.720
0.220
0.800
0.990
-0.540
-0.200
-0.010
-0.820
0.580
-0.420
-0.160
0.270
0.000
0.500
-0.500
-0.300
0.630
1.300
0.420
0.110
-0.160
0.080
-0.090
-0.120
0.110
-1.170
-0.190
0.130
-0.600
0.970
0.130
0.180
-0.640
-0.540
1.360
-0.120
-0.580
-0.320
-0.090
-0.170
-0.050
-0.770
0.250
0.910
0.840
0.660
-0.150
0.240
-0.540
0.440
0.560
0.860
0.080
-0.330
0.090
0.740
-0.180
-0.670
-0.160
0.590
-0.300
-0.430
0.200
0.920
2.550
-0.990
0.600
1.590
-0.070
-0.620
0.160
0.430
0.340
-0.930
-0.720
0.350
0.780
-0.050
0.230
-0.050
-1.240
-0.060
-0.080
-0.980
0.700
-0.120
-0.570
-0.260
0.300
1.770
0.430
0.550
-1.780
-0.410
2.190
0.590
0.290
0.610
1.160
-0.350
-0.080
0.280
-2.060
0.110
0.330
0.580
3.340
-1.490
0.970
1.800
1.110
-0.550
-0.260
1.320
-0.480
-0.850
-0.150
-0.140
0.160
-1.820
-1.680
1.370
1.370
-2.280
-0.750
-1.190
-0.060
0.170
0.950
0.220
-0.910
1.230
1.440
-0.050
0.450
0.450
0.260
1.290
-0.850
0.910
-3.490
-1.700
-4.070
-0.050
-0.010
-1.570
0.340
1.240
0.150
1.400
0.970
-1.970
-2.370
-4.730
1.850
-4.840
2.760
1.380
-5.090
0.190
-1.050
0.110
-1.310
1.540
-1.420
-0.530
1.770
0.610
-0.770
-1.490
-0.410
-0.210
1.310
1.000
-4.120
-3.030
3.040
-1.190
5.200
4.340
2.920
-4.970
-5.520
3.640
1.450
0.510
-0.210
0.900
1.750
0.100
7.050
4.850
2.280
0.850
3.870
5.750
2.750
2.500
2.000
0.000
4.200
-2.660
2.430
2.840
7.200
-1.010
2.600
-7.490
-1.360
-2.120
-2.130
-0.400
1.990
2.960
-0.310
1.260
-3.100
-2.900
2.200
0.540
-0.740
-3.010
7.730
7.030
3.060
0.710
1.400
-2.400
-0.230
-0.960
0.810
-0.140
0.110
-1.060
2.390
1.000
2.580
1.490
1.100
-0.260
-1.150
0.150
1.150
1.620
0.620
-0.460
0.260
2.670
-0.010
-2.160
1.380
1.420
2.210
0.690
2.890
0.070
0.720
1.470
-0.260
-1.420
-0.360
1.590
-0.020
-0.220
-0.900
-0.480
-0.350
0.050
-0.050
1.160
0.800
1.790
1.210
-0.480
-0.010
-0.020
-0.450
-1.430
-0.900
1.660
-0.530
1.180
0.850
-1.780
0.400
-1.270
-1.230
0.030
1.740
1.730
-2.940
-3.630
-2.080
3.570
-1.310
-0.110
2.210
0.180
2.030
1.080
4.320
-0.360
-0.240
0.370
3.310
0.810
0.470
0.120
-0.320
0.110
0.030
0.200
-0.700
-0.800
0.610
-0.450
-0.030
-0.480
0.550
0.530
-0.800
0.040
-1.400
1.470
0.170
0.340
-0.270
1.530
-0.330
-0.190
1.000
-0.860
0.030
-1.030
3.240
1.780
0.830
-0.130
0.150
1.000
0.820
0.650
0.720
-0.860
-0.020
0.520
0.260
-0.030
0.870
-0.270
-0.310
-0.680
-0.300
-0.630
0.160
-0.110
-1.310
1.660
2.890
0.150
0.010
-1.630
-0.980
1.110
-0.210
-0.460
0.030
-0.190
