0.460
0.590
-0.120
0.210
0.070
-0.020
-0.120
0.010
0.090
-0.060
-0.380
0.090
0.270
0.090
-0.140
0.040
0.250
0.800
-0.410
0.110
-0.210
0.310
-0.110
0.230
0.030
-0.460
-0.400
-0.160
-0.220
-0.020
-0.480
-0.030
-0.210
-0.490
-0.050
0.200
-0.080
0.070
0.120
-0.330
0.110
-0.160
0.010
-0.240
0.230
-0.150
0.300
0.250
-0.170
0.000
-0.630
-0.130
0.050
-0.140
-1.340
-0.420
0.300
0.160
0.230
-0.190
-0.180
-0.290
0.030
0.780
-0.170
-0.670
-0.050
-0.120
-0.290
0.140
0.520
-0.190
-0.230
0.240
-0.270
0.010
0.240
-0.120
0.610
-0.100
-0.160
-0.400
0.020
0.060
0.250
0.300
0.300
0.110
-0.180
0.010
0.160
0.040
0.060
0.000
-0.300
0.720
-0.220
-0.160
0.060
-0.400
0.880
0.090
0.080
0.170
-0.330
0.920
0.710
-0.090
-0.340
0.020
0.410
-0.820
-0.280
0.120
-0.600
-0.420
0.060
-0.860
0.020
0.380
-0.570
0.520
0.630
0.000
0.320
0.170
-0.120
-0.130
-0.230
-0.200
-0.150
0.470
0.090
-0.450
0.000
0.070
-0.130
-0.890
-0.960
-0.230
0.260
-0.050
0.130
0.440
-0.340
0.050
-0.240
-0.440
0.000
-0.070
0.010
-0.590
0.090
0.060
-0.160
0.020
-0.410
0.070
0.110
0.260
0.380
0.050
-0.010
-0.190
0.200
0.040
0.090
0.030
-0.080
-0.310
0.030
0.150
-0.040
-0.030
-0.140
0.490
0.140
-0.210
-0.140
-0.230
-0.080
0.180
0.200
0.670
-0.150
0.420
-0.500
-0.610
0.340
0.190
-0.020
0.080
0.180
-0.080
-1.000
0.160
-0.030
-0.060
0.330
0.180
-0.230
0.030
0.160
0.110
0.110
0.080
-0.530
0.080
0.020
-0.690
0.350
-0.230
-0.140
0.060
0.550
0.210
-0.390
-0.040
0.670
0.220
-0.700
0.240
-0.050
0.280
0.420
-0.470
0.010
-1.600
0.700
-0.280
-0.350
-0.290
0.130
0.170
0.040
-1.740
-0.190
-0.310
0.370
-0.030
-0.460
1.070
-0.130
0.400
0.630
-0.220
-0.860
0.780
0.050
0.550
0.040
-1.440
0.660
-1.330
0.210
-0.480
0.590
1.390
-0.190
-1.150
-1.090
-0.290
0.790
-0.300
-0.290
0.260
2.070
0.750
-0.590
1.340
-0.740
-0.480
0.000
0.400
0.930
0.590
0.400
1.780
-0.300
0.630
-0.140
0.090
-1.160
-0.740
0.020
-0.350
0.880
0.110
0.310
0.330
0.330
-0.670
-0.930
0.970
-0.400
0.190
-0.420
-0.690
0.320
0.710
-0.840
1.830
0.520
0.910
-0.030
-0.200
0.850
0.480
0.120
0.130
0.070
0.300
-1.170
-0.190
0.910
0.160
-1.390
0.620
-1.600
0.120
-0.450
0.410
0.180
-0.310
0.510
0.750
0.340
-0.290
0.600
-0.150
0.600
-0.380
0.930
-1.090
-0.840
-1.870
0.090
0.210
-1.000
-0.130
1.780
0.390
-0.610
0.600
-0.350
0.190
-1.400
0.360
-2.050
0.280
-0.450
-2.320
-0.600
0.290
0.470
-0.600
0.100
-0.600
-0.810
0.160
0.100
-0.220
0.300
-0.280
1.210
-0.950
0.720
-0.220
1.480
-1.090
0.460
-0.480
0.680
-0.160
-0.050
-0.630
-2.180
-0.390
0.470
0.780
-0.990
0.090
0.750
-1.720
-0.930
0.210
-1.690
1.190
-0.010
1.650
0.030
0.060
-0.290
1.450
-0.180
0.040
0.180
0.010
-0.520
-0.310
0.440
0.370
0.920
-2.720
-0.540
1.040
-0.730
0.400
-2.010
0.210
2.160
0.140
1.400
0.420
0.000
0.650
2.150
-1.620
0.020
0.240
-0.250
0.920
1.010
0.310
1.970
-1.820
-2.130
0.970
-1.020
1.930
1.570
0.800
-1.050
-2.050
-1.300
1.610
2.020
0.510
-2.180
-2.430
-2.680
-0.050
1.850
-2.790
-0.070
-1.410
0.020
0.330
-0.110
2.030
0.830
2.390
1.500
1.760
-2.300
-0.530
0.070
2.130
-1.480
-2.530
-1.180
0.110
0.520
0.410
0.550
1.820
1.080
-0.900
1.340
1.960
1.780
1.620
-0.450
-1.850
-1.690
0.160
-0.320
-0.740
1.920
-2.130
-2.370
-1.700
0.300
0.730
-2.660
-1.600
0.580
-3.110
-1.420
1.750
0.600
0.910
0.580
-1.470
0.430
-1.650
-1.410
0.420
1.440
0.580
-3.350
-0.970
4.230
-0.780
0.520
4.700
1.450
5.100
1.110
0.300
0.450
-1.100
-0.050
2.840
3.310
-2.250
1.040
-0.020
4.130
3.750
1.300
-2.000
-0.290
-0.710
0.610
-0.710
2.900
0.360
-0.240
0.950
-2.800
-1.180
-0.790
1.800
-1.950
-0.350
3.260
1.550
1.760
1.580
1.500
-0.440
0.840
0.000
0.540
-0.990
0.830
0.810
-0.720
0.830
-0.120
0.680
1.280
-0.490
-1.230
0.240
0.290
-0.920
-0.590
-0.190
-1.030
0.790
-0.150
0.190
-1.010
0.160
1.890
2.690
1.210
0.110
0.320
-0.990
-0.600
-1.000
0.240
0.760
0.560
-0.480
-0.050
0.210
0.000
-0.200
1.110
-0.950
0.280
0.450
1.170
-0.970
0.180
-0.390
-0.250
0.710
0.770
0.990
-0.640
-0.420
0.920
-0.500
2.220
-1.430
-2.580
-0.020
0.240
0.940
-2.780
-3.090
-1.200
-0.220
0.520
-1.000
0.510
1.420
1.700
0.040
0.100
0.040
0.380
-0.050
0.990
0.150
-0.480
-0.010
-0.680
-0.430
0.100
-0.270
0.650
0.190
-0.630
-0.940
0.450
1.540
0.630
0.730
0.010
-1.850
-0.110
-1.650
2.750
2.500
-0.310
0.160
-1.330
1.070
0.710
-0.650
0.850
0.650
1.210
