10.120
10.100
10.210
10.260
10.170
10.290
10.370
10.500
10.600
10.490
10.350
10.260
10.350
10.550
9.850
9.860
9.700
9.650
9.770
9.820
9.820
9.850
9.550
9.470
9.390
9.560
11.800
11.670
11.400
11.100
11.260
11.780
11.770
11.850
11.880
11.580
11.260
11.270
11.350
11.750
11.590
11.790
11.880
12.150
12.040
11.930
11.860
11.900
11.580
11.540
11.900
12.080
12.290
12.230
12.750
13.080
13.510
13.750
13.260
13.280
13.650
14.200
13.490
13.120
12.700
13.250
13.730
13.780
13.700
13.770
13.900
13.970
14.060
13.990
14.070
14.110
13.890
13.950
13.800
13.840
14.070
14.420
13.820
13.740
13.640
13.780
13.750
13.630
13.890
13.870
13.350
13.240
13.200
13.030
13.100
13.000
13.160
13.040
13.070
13.090
13.200
12.950
12.710
12.770
12.630
12.580
12.520
12.500
12.620
12.470
13.000
13.610
13.770
14.440
14.370
14.600
14.850
14.900
14.900
15.100
14.920
14.970
14.770
14.660
14.730
14.750
14.920
14.550
14.680
15.290
14.450
14.420
14.450
14.480
14.410
14.330
14.440
15.300
15.380
15.660
15.630
15.820
15.930
16.590
16.700
16.740
16.180
16.320
16.270
16.450
16.580
16.370
16.280
16.480
16.520
16.480
16.340
16.350
16.070
16.040
16.120
15.940
15.840
15.820
15.850
15.880
16.020
16.140
16.140
16.080
16.100
16.080
16.090
16.260
16.150
16.440
16.000
16.250
16.080
15.830
15.840
15.560
15.540
15.490
15.510
15.510
15.750
15.770
15.580
15.650
15.540
15.470
15.540
15.960
16.620
16.680
16.920
16.390
15.850
15.840
15.980
16.050
16.230
16.500
16.090
15.580
16.000
15.550
15.730
15.780
15.810
15.490
15.380
15.300
14.860
14.970
15.170
15.100
14.860
14.860
14.920
14.940
14.970
15.230
15.330
15.450
16.500
16.300
16.250
16.390
16.520
16.290
16.270
16.340
16.450
16.550
16.750
15.850
15.970
15.900
15.950
15.890
15.970
15.980
15.680
15.580
15.740
15.650
15.540
15.280
15.460
15.240
15.270
15.090
15.470
14.650
14.630
14.250
15.150
15.470
15.730
15.620
15.560
15.490
15.660
15.320
14.800
14.880
14.760
15.060
15.150
15.090
14.750
14.850
14.840
15.200
15.060
15.170
15.050
15.090
14.850
15.800
16.960
17.060
17.270
17.100
17.180
17.180
17.120
17.070
17.050
17.110
17.110
18.390
18.380
18.700
19.280
18.370
18.250
18.280
18.090
17.140
18.040
17.980
17.890
17.730
18.190
17.840
17.720
18.790
18.090
17.980
18.000
18.220
18.080
17.880
17.170
16.140
16.130
16.200
15.660
16.710
17.310
16.780
16.790
17.170
17.430
17.080
16.500
16.700
17.340
18.630
18.500
18.680
18.880
18.600
19.030
18.960
18.970
18.270
18.400
18.340
17.960
17.600
17.110
17.200
16.640
17.250
18.480
19.210
18.560
19.210
19.480
19.300
18.620
18.880
19.000
18.850
18.890
19.980
22.060
23.060
23.970
24.200
27.230
28.200
27.860
27.270
27.700
26.900
25.500
25.000
25.880
25.250
23.430
23.180
22.780
22.270
21.680
22.170
22.400
22.480
23.200
23.650
23.930
23.270
24.220
26.200
25.180
24.450
24.620
23.760
22.600
23.200
23.240
22.770
23.190
24.700
23.480
24.190
24.890
24.340
23.780
23.490
22.090
22.290
22.190
23.990
23.750
21.800
21.060
19.550
19.180
19.880
18.460
17.250
16.580
16.810
18.880
19.880
19.460
19.150
19.320
19.680
18.890
17.920
17.070
15.520
15.950
16.800
18.480
20.780
20.200
21.390
22.630
25.500
25.770
25.630
27.570
30.970
30.180
31.660
33.000
31.820
29.200
28.300
27.500
28.000
26.770
26.190
26.360
25.960
24.330
24.000
26.800
26.680
26.790
26.950
26.800
24.550
24.080
23.470
23.080
22.380
22.200
23.480
22.400
20.500
19.780
19.530
26.450
25.870
26.060
26.680
26.940
26.580
27.000
27.050
27.300
27.330
26.250
26.100
28.250
28.150
28.270
29.480
29.500
27.990
25.880
26.200
27.090
27.470
25.730
25.200
24.650
23.170
23.440
23.550
24.170
24.200
24.530
23.590
23.570
23.880
23.320
23.200
22.330
22.710
23.320
23.920
23.390
23.750
25.500
24.740
23.250
23.290
22.750
22.500
22.990
21.870
21.520
19.860
20.420
18.980
17.560
17.230
17.580
18.880
19.280
19.070
19.080
18.660
18.920
18.700
19.150
19.090
19.460
19.600
19.950
18.950
18.350
18.160
17.870
18.180
18.370
18.160
18.930
18.480
17.150
17.150
17.350
16.890
16.870
17.290
17.680
18.700
17.800
17.450
17.730
18.230
18.450
19.090
18.860
19.540
19.700
19.140
19.070
18.380
19.390
19.440
19.710
19.940
19.970
19.980
20.090
20.130
21.230
21.040
21.150
21.080
22.020
24.330
22.120
20.110
18.630
18.700
19.750
19.280
19.060
18.830
18.730
18.600
17.920
17.890
18.310
17.460
17.690
17.700
17.490
17.220
16.840
17.100
17.300
17.540
17.490
17.920
18.160
17.900
18.200
18.320
18.450
18.990
18.850
19.570
18.280
17.970
17.990
18.260
17.090
17.750
17.880
17.690
17.450
18.320
18.340
18.270
18.560
18.610
18.550
19.000
18.680
17.690
17.400
17.240
16.900
16.860
16.780
17.480
18.400
18.320
18.280
19.800
19.040
18.350
18.280
18.380
18.300
19.020
18.250
17.830
18.270
17.710
17.940
17.670
18.260
18.230
18.850
17.880
17.450
17.360
17.150
18.480
18.980
18.090
18.480
19.260
20.400
20.970
19.060
