10.140
9.680
9.090
9.210
9.000
8.930
8.950
9.070
9.060
8.970
9.030
9.410
9.320
9.050
8.960
9.100
9.060
8.810
8.010
8.420
8.310
8.520
8.210
8.320
8.090
8.060
8.520
8.920
9.080
9.300
9.320
9.800
9.830
10.040
10.530
10.580
10.380
10.460
10.390
10.270
10.600
10.490
10.650
10.640
10.880
10.650
10.800
10.500
10.250
10.420
10.420
11.050
11.180
11.130
17.200
18.540
18.960
18.660
18.500
18.270
18.460
18.640
18.930
18.900
18.120
18.290
18.960
19.010
19.130
19.420
19.280
18.760
18.950
19.180
18.940
19.210
19.200
18.960
19.080
18.470
18.570
18.730
19.130
19.110
19.050
18.800
18.500
18.200
18.090
18.270
18.260
18.100
18.060
18.000
18.000
18.300
17.580
17.800
17.960
17.900
18.300
17.420
17.330
17.250
17.080
18.330
17.410
16.700
16.790
17.130
17.110
16.700
17.520
17.800
17.680
18.280
18.700
18.640
19.500
19.480
19.100
19.670
19.150
18.520
18.520
18.200
18.030
18.150
18.280
18.510
18.710
18.860
18.390
18.300
18.750
18.750
18.680
18.810
19.700
20.660
20.890
20.630
20.680
20.550
20.110
20.450
20.400
20.640
21.080
21.080
21.150
21.140
21.730
21.640
21.580
21.740
21.720
22.130
22.060
21.950
21.690
21.310
21.260
21.270
21.460
21.260
21.220
20.770
20.740
20.820
21.130
21.100
20.950
20.990
21.020
21.160
20.670
20.530
20.740
20.880
21.110
21.190
21.010
20.810
20.140
20.290
19.870
20.370
20.980
20.640
20.450
20.470
20.390
20.210
20.290
21.290
21.130
21.160
21.220
20.890
20.710
20.940
20.910
20.750
20.640
20.530
20.450
20.980
20.900
20.880
21.570
21.220
21.450
21.590
21.530
20.980
20.770
21.160
21.200
20.530
20.310
21.010
20.770
20.820
20.540
20.120
20.590
20.580
22.180
21.480
21.760
22.110
22.400
22.270
22.100
22.060
23.800
23.990
24.300
23.930
23.960
24.420
23.350
23.480
23.080
22.450
22.670
23.530
22.750
22.700
22.150
22.110
23.550
22.890
24.220
24.010
24.490
23.900
22.510
22.700
23.850
24.940
25.230
24.440
24.740
25.030
24.770
22.700
21.950
22.600
21.260
22.000
22.480
22.480
22.080
21.150
20.560
20.160
18.380
18.680
18.050
18.190
18.100
19.260
20.000
19.980
20.330
19.450
19.340
19.030
18.700
18.370
19.040
19.970
19.000
19.400
19.210
19.630
20.320
20.000
19.290
20.130
18.300
17.780
16.870
16.900
17.100
16.250
15.770
15.650
15.520
15.450
15.150
16.320
16.510
15.600
15.440
16.830
16.210
17.810
17.690
18.140
17.730
17.550
17.860
17.350
16.600
16.260
16.550
15.950
16.100
15.500
15.880
14.950
16.040
16.880
18.750
18.660
18.450
19.450
19.580
17.800
17.410
18.020
17.420
17.770
17.580
18.980
18.620
20.670
20.390
20.840
23.160
23.760
23.470
23.000
23.600
23.500
24.100
24.910
24.750
24.650
24.870
24.570
24.850
23.640
24.590
23.870
24.090
22.610
23.700
23.240
23.720
23.040
23.200
23.250
23.880
26.060
26.450
25.980
25.200
26.190
26.100
25.350
27.070
28.000
27.790
29.480
28.290
28.300
26.650
26.620
26.560
26.850
25.400
25.580
25.540
25.360
25.350
25.870
26.180
25.740
25.370
24.450
27.170
27.710
26.670
27.400
27.000
29.010
28.800
26.640
26.500
25.520
25.100
25.100
24.450
22.300
23.920
23.900
23.660
23.910
22.990
21.980
21.670
19.700
21.520
23.650
22.680
23.700
21.770
20.200
19.400
20.450
22.500
23.800
22.190
20.170
19.660
21.840
24.270
26.950
27.000
25.150
27.940
28.010
29.420
29.400
29.070
29.180
27.150
26.320
23.930
22.430
20.670
22.970
23.500
23.430
21.300
22.780
25.310
26.490
26.380
25.860
25.450
24.900
23.080
22.000
22.900
21.560
19.600
17.820
16.200
16.650
18.500
20.190
20.030
20.350
21.090
19.170
21.300
23.670
25.370
25.070
24.340
27.000
28.600
28.020
31.130
32.550
30.800
30.200
29.290
28.710
30.180
29.750
31.400
32.810
32.390
30.950
30.370
33.720
66.230
62.000
62.780
62.260
57.560
56.110
51.010
49.900
49.600
49.150
50.250
50.300
47.460
44.150
46.400
45.360
45.380
41.250
37.500
36.200
38.200
38.490
39.200
38.590
39.300
36.400
36.040
36.280
35.330
38.130
39.310
40.100
38.300
40.250
40.600
37.340
35.790
34.030
32.450
30.950
31.390
30.550
30.550
30.010
31.000
30.170
29.360
30.080
29.250
29.370
28.690
27.410
27.900
29.130
28.890
28.600
29.520
30.110
30.300
31.330
30.540
30.690
30.500
31.670
31.510
29.620
26.930
25.720
25.610
25.290
26.280
26.880
27.880
27.640
26.880
26.320
26.800
26.850
26.640
26.640
26.840
25.730
26.680
26.400
25.950
24.780
25.750
25.570
25.960
26.210
25.500
24.730
23.740
24.380
24.800
23.880
24.380
22.160
23.590
26.170
26.190
25.950
25.010
27.790
30.880
32.080
32.300
31.780
32.780
32.270
30.850
29.150
29.110
29.010
28.970
28.590
28.640
27.650
27.500
27.980
27.990
28.670
29.100
29.000
29.270
28.620
28.430
29.060
30.000
29.550
28.010
27.380
26.650
26.640
28.490
28.600
30.250
27.500
25.000
25.310
25.150
26.480
25.410
24.700
25.350
24.500
23.850
