21.780
21.890
21.920
21.890
21.690
21.780
21.790
21.790
21.650
21.600
21.580
21.960
21.960
22.120
22.050
21.600
21.310
21.380
20.830
21.630
21.340
21.300
20.620
20.240
20.070
20.620
21.420
21.380
21.350
21.270
21.250
21.580
21.630
21.460
21.350
21.140
20.570
20.690
20.600
20.590
20.770
20.000
19.990
20.190
20.140
20.450
20.710
20.700
20.100
20.650
19.890
20.670
20.710
21.220
21.770
22.230
23.220
23.220
23.010
23.730
23.630
24.000
23.870
23.450
22.990
22.950
23.850
24.300
24.000
24.140
24.030
23.960
24.330
24.350
24.100
24.000
23.780
23.850
24.150
23.860
24.030
23.980
24.310
24.100
23.670
23.730
23.960
23.980
24.130
24.260
24.030
23.770
23.780
23.450
23.180
23.370
23.610
23.660
23.900
23.790
24.000
23.800
23.360
23.630
23.220
23.530
23.540
23.150
23.150
23.630
23.700
23.330
23.500
23.920
24.000
24.000
24.220
24.610
24.700
24.950
24.820
25.300
25.310
25.080
24.900
24.920
24.870
24.670
24.470
24.020
24.250
24.770
24.530
24.420
25.110
24.020
24.000
23.380
23.840
25.260
24.820
25.510
25.200
26.590
27.000
27.830
27.040
26.900
27.190
27.690
27.000
26.940
26.350
25.700
25.120
25.570
25.360
26.000
25.900
25.770
25.280
26.240
25.700
27.020
26.710
27.170
26.290
25.210
25.100
24.760
25.780
26.970
26.170
23.790
23.890
23.010
22.070
22.640
25.150
24.950
24.730
24.850
25.030
24.880
24.260
23.150
23.060
22.880
21.690
21.460
22.150
21.970
21.640
21.230
22.100
21.700
21.260
21.120
21.230
21.430
21.900
24.330
24.230
24.320
24.080
23.130
23.600
24.030
23.950
23.800
25.350
24.400
24.440
26.400
26.690
25.800
24.810
24.080
23.500
24.050
23.350
23.330
24.210
23.740
22.650
22.900
22.900
21.710
22.250
23.180
22.800
23.400
22.990
23.550
22.890
21.160
20.090
20.400
20.310
19.140
19.340
19.760
20.500
19.740
19.190
21.090
21.360
20.060
19.650
21.830
22.680
25.200
25.240
25.920
25.210
24.810
25.210
24.630
22.390
23.060
23.650
22.770
22.750
21.250
22.600
22.230
23.360
23.790
25.300
24.790
24.160
26.020
26.210
25.300
24.200
25.160
22.870
25.410
25.350
28.170
28.240
31.380
30.560
32.850
36.500
38.680
37.650
37.840
40.300
39.240
39.180
39.550
39.830
39.710
40.300
38.690
38.500
37.750
37.590
37.300
37.770
39.610
40.720
38.030
39.150
38.100
36.450
34.740
35.000
38.460
37.800
36.700
36.350
37.950
35.500
33.800
34.670
35.680
33.710
35.900
36.300
34.900
34.790
32.920
31.320
31.760
29.700
29.210
30.390
31.120
30.800
32.350
32.830
31.990
29.830
29.210
32.450
31.300
32.070
32.490
30.930
32.120
31.760
29.380
28.500
27.360
26.980
27.010
28.480
26.960
29.640
27.780
28.550
29.060
28.050
31.170
34.630
33.180
32.920
36.580
38.360
39.290
38.280
38.860
35.500
33.390
35.080
35.150
31.950
30.990
29.600
32.890
36.540
38.500
35.000
32.500
33.020
31.910
31.570
28.700
30.480
30.620
28.390
27.290
27.900
26.210
23.830
26.480
26.800
28.500
27.130
29.610
32.900
29.910
27.190
24.720
22.470
20.430
22.700
24.870
27.630
30.700
31.950
30.200
33.560
37.290
40.970
40.220
36.560
39.780
44.200
42.770
46.690
51.880
49.140
49.500
46.610
46.000
47.850
49.000
54.440
58.400
56.020
52.980
50.180
51.040
46.400
42.650
43.800
45.800
41.850
39.460
40.370
38.900
40.450
40.030
40.900
41.210
39.370
36.980
37.140
34.300
34.100
31.800
31.130
28.300
27.000
27.100
27.700
27.000
26.780
25.620
25.010
25.410
25.700
27.530
28.490
28.070
27.770
29.060
30.280
30.580
27.800
27.950
26.500
26.600
26.500
26.530
26.750
26.080
25.290
24.440
24.110
23.580
22.560
22.640
22.110
21.220
21.480
21.920
21.490
20.990
21.800
22.250
21.760
22.000
21.080
20.390
20.200
20.830
20.640
20.660
20.150
20.030
19.370
19.200
18.960
19.220
20.100
20.600
19.570
18.470
18.750
19.300
19.490
19.260
19.290
19.130
19.710
19.410
19.100
17.930
18.140
17.880
17.800
18.240
17.600
18.060
18.270
17.840
18.180
17.900
18.300
17.730
17.990
19.650
19.440
19.520
19.150
20.870
21.800
22.400
22.200
21.960
22.170
21.200
20.370
20.060
19.350
20.080
20.190
21.150
21.330
21.890
21.860
22.990
22.700
22.410
22.230
21.050
21.300
21.180
21.670
21.080
21.080
20.240
20.040
21.080
20.660
21.560
21.610
22.050
21.420
21.700
22.390
22.140
22.010
22.530
22.240
21.560
21.230
21.200
21.980
23.290
23.340
23.090
23.130
23.870
23.670
24.150
24.100
25.070
26.000
26.010
25.470
23.150
23.030
21.670
19.700
18.880
18.670
18.890
19.240
18.980
19.520
18.840
18.530
18.730
18.620
18.480
18.790
18.900
18.000
17.810
17.640
17.200
16.960
16.820
17.430
17.890
17.510
17.400
17.590
17.460
17.130
17.110
17.200
17.150
17.290
17.160
16.670
17.010
17.250
16.820
16.730
17.000
16.540
16.560
16.390
16.100
16.020
16.750
17.550
17.670
17.350
17.200
16.280
17.000
16.550
16.220
16.240
16.120
16.400
