20.960
20.770
20.800
21.510
20.990
20.860
20.800
21.000
20.990
20.800
20.810
21.600
22.010
21.930
21.680
22.000
20.860
20.680
20.180
21.050
21.250
21.250
20.520
20.700
20.600
20.000
21.330
21.410
21.450
21.800
21.900
22.550
22.990
23.290
23.470
23.300
22.960
23.000
23.060
22.960
23.200
23.010
23.500
23.930
24.030
24.000
23.740
23.650
23.530
23.530
23.280
23.990
23.900
23.810
23.700
24.120
23.890
24.020
23.800
23.910
24.120
24.850
24.850
24.780
24.440
24.950
24.940
25.220
25.200
25.270
25.100
25.490
25.790
25.790
25.570
25.730
25.100
25.080
24.340
24.260
24.340
24.500
24.850
24.830
24.850
24.160
24.140
24.240
24.110
24.300
24.400
23.750
23.540
22.860
23.050
23.050
23.110
23.270
23.670
23.730
23.360
23.250
23.060
23.220
23.150
23.170
23.180
22.820
22.750
23.150
23.120
22.880
23.100
23.200
22.730
22.740
23.050
23.480
23.780
23.980
23.770
24.770
24.530
24.020
24.370
23.880
23.800
23.660
23.900
23.900
23.850
23.850
23.390
23.430
23.700
23.880
23.940
24.220
24.170
25.210
25.390
25.670
25.530
24.090
24.770
25.850
26.710
27.210
26.500
26.810
26.870
26.800
25.660
26.020
25.900
25.860
25.840
25.960
26.050
25.680
25.630
25.480
25.500
25.600
25.540
25.850
25.940
26.380
26.400
26.100
25.370
25.160
25.200
25.560
25.510
24.450
23.410
22.850
22.770
22.690
23.000
22.660
23.510
22.720
22.520
22.510
22.620
22.590
22.570
22.600
23.220
23.450
23.430
23.600
23.220
23.200
23.390
23.750
23.260
22.910
23.340
23.350
23.590
23.630
23.680
24.090
24.020
24.020
23.960
23.970
23.460
23.440
23.940
24.130
23.900
23.820
23.760
24.050
24.390
24.280
24.230
24.600
24.490
25.990
26.130
25.600
25.700
25.800
25.550
26.300
26.700
26.900
27.090
26.910
26.680
26.760
26.800
26.670
25.980
26.060
25.900
25.890
25.780
26.240
25.980
25.600
25.850
26.270
25.580
25.830
26.080
26.210
26.570
25.850
25.500
27.430
26.630
26.420
25.960
25.310
25.330
24.770
23.880
24.070
24.350
24.300
24.240
24.400
24.220
24.010
23.740
24.510
24.680
24.860
24.900
25.170
24.900
24.730
25.020
26.350
25.880
25.450
25.000
23.730
23.530
23.910
23.540
23.640
23.150
23.450
25.120
25.270
25.070
25.320
25.200
25.210
25.540
24.460
24.390
25.200
24.350
23.860
23.460
23.720
22.140
23.080
22.840
22.610
22.860
22.540
22.450
21.500
20.420
19.530
19.530
19.860
18.890
18.870
19.090
19.590
19.080
18.540
19.950
19.780
19.060
19.060
21.180
23.030
25.580
25.410
24.990
24.470
24.280
24.530
24.550
23.430
23.550
23.810
23.270
23.280
22.200
22.620
21.700
22.930
22.870
24.900
24.520
24.000
25.070
25.880
25.060
24.470
25.260
23.950
23.880
23.150
25.700
25.630
28.440
27.880
29.390
32.660
32.580
31.500
31.200
31.290
31.720
32.200
33.280
33.430
32.840
32.060
31.260
30.900
30.650
29.650
30.460
30.690
31.500
32.390
31.810
32.200
31.110
31.880
32.160
33.230
36.340
37.510
35.960
34.300
34.620
34.540
33.800
35.100
35.890
34.200
35.660
36.300
34.040
34.240
34.090
32.180
32.830
31.060
31.460
31.900
31.870
30.950
32.750
32.830
33.080
31.990
29.750
33.050
32.600
31.390
31.350
28.500
29.000
28.700
27.990
26.370
24.320
23.970
24.120
25.160
24.410
25.660
25.400
25.720
26.060
24.590
23.980
50.160
45.600
48.290
53.660
53.700
54.040
51.640
47.100
45.000
46.100
50.650
54.990
51.500
48.660
49.490
54.990
61.100
67.890
66.880
63.440
70.400
69.400
70.300
67.900
72.350
74.920
71.500
65.000
64.380
61.880
56.250
62.450
65.200
69.630
65.700
69.550
77.280
78.500
74.900
74.930
72.310
72.020
65.960
62.110
59.400
54.000
57.800
64.220
71.360
72.570
75.400
74.860
68.050
75.170
83.520
92.800
84.980
80.990
86.200
91.300
87.600
90.800
97.690
97.880
94.550
90.800
90.640
100.710
101.900
110.780
115.300
108.800
109.970
99.970
90.880
82.620
75.110
68.280
62.070
56.430
51.300
46.940
42.670
38.790
39.190
38.820
39.930
37.480
37.230
34.220
34.740
38.600
40.150
40.310
41.600
42.750
41.880
42.210
42.750
42.170
40.660
44.550
46.450
46.350
46.750
44.860
41.920
38.110
38.600
37.150
37.170
37.590
37.500
38.290
38.620
38.240
37.950
37.350
38.210
37.200
38.500
38.300
39.630
39.140
38.630
37.860
37.090
36.800
37.620
37.500
37.310
37.260
35.370
34.880
35.840
36.850
36.690
36.570
38.100
37.460
37.790
36.110
35.390
33.130
32.250
32.340
32.130
32.000
32.730
32.020
30.750
30.700
30.110
29.940
29.940
30.940
31.470
31.420
31.650
31.540
31.550
31.300
30.420
30.530
30.000
28.570
28.090
28.830
28.810
29.100
29.130
29.410
29.180
28.790
28.810
27.980
27.850
27.870
28.350
28.510
27.800
27.550
28.130
28.410
29.680
29.180
27.740
28.130
28.010
27.640
26.900
26.880
26.880
27.960
27.430
27.600
27.850
28.120
29.100
28.910
28.070
28.570
28.990
29.540
