16.040
16.060
16.450
16.190
16.210
16.100
15.750
15.700
15.570
15.160
15.400
15.090
15.280
15.170
14.970
14.940
14.990
14.940
14.800
14.950
14.860
14.800
14.310
14.290
13.910
14.060
14.250
14.190
14.300
14.550
14.780
14.820
14.970
15.000
15.270
15.080
14.790
15.040
15.020
15.130
14.730
14.760
14.490
14.310
14.370
14.500
14.580
14.410
13.950
13.890
13.950
13.970
13.950
14.050
14.300
14.330
14.680
14.850
14.930
15.400
15.690
15.330
15.240
14.940
14.800
15.070
15.350
15.260
15.780
15.760
15.660
15.290
14.940
14.840
15.120
15.130
14.900
15.160
14.300
14.170
14.170
14.400
14.570
14.850
14.600
14.650
14.500
14.400
13.870
13.170
13.250
13.340
13.350
13.990
14.040
14.150
14.150
14.060
14.160
14.180
14.300
13.810
13.800
13.350
13.420
13.590
13.520
13.800
13.820
13.640
13.770
13.540
13.490
13.190
13.240
13.300
13.520
13.780
13.500
14.220
14.560
14.820
15.000
15.040
15.070
15.070
15.150
14.900
14.900
15.090
14.990
14.600
14.950
14.950
14.700
14.530
14.470
15.820
15.760
15.960
15.780
15.850
15.960
15.600
15.820
15.790
15.640
15.890
16.080
16.380
17.310
17.350
17.460
16.840
16.800
16.800
16.600
16.790
17.180
17.160
16.850
16.990
16.710
17.050
16.940
17.050
17.950
18.040
17.800
17.700
17.830
18.070
18.250
18.200
18.100
18.200
18.990
18.340
16.700
16.830
16.870
16.670
16.900
16.900
16.650
17.180
17.680
17.850
17.640
17.630
17.650
18.300
18.040
16.650
16.600
16.620
17.000
16.910
16.410
15.780
15.830
15.950
14.900
14.970
15.180
14.920
14.920
15.000
15.440
15.380
14.860
14.810
14.860
15.030
14.690
14.610
14.790
14.510
14.150
14.480
14.490
14.570
14.760
14.780
14.960
14.850
15.450
14.870
14.480
14.770
14.890
14.560
14.340
14.350
15.040
15.530
15.700
15.590
15.510
15.520
16.180
16.100
15.450
15.540
15.990
16.130
16.050
16.490
16.620
16.460
16.540
16.550
17.380
17.180
17.760
17.320
17.300
15.960
16.380
16.340
16.430
16.440
17.430
16.800
16.100
15.290
14.440
13.980
14.250
14.630
14.490
36.410
36.450
37.690
38.400
39.000
37.840
37.500
37.150
37.500
36.720
34.880
35.880
35.790
35.990
35.590
33.200
32.680
32.800
32.250
33.380
33.490
33.330
34.930
34.980
34.800
34.560
34.200
34.660
34.800
35.710
35.300
36.270
35.970
35.310
33.800
34.800
34.270
32.000
33.650
34.100
34.980
33.790
32.530
31.880
31.800
29.880
29.860
29.080
29.150
27.260
27.790
28.570
28.300
28.190
28.260
29.280
28.520
27.300
29.000
30.030
32.900
33.330
33.680
34.000
33.850
34.590
34.200
33.400
31.730
32.550
32.500
31.400
30.580
29.140
29.300
30.180
31.290
33.600
34.700
33.990
34.900
36.500
33.410
31.200
30.370
30.500
32.720
32.420
34.770
34.260
34.680
35.700
36.190
39.000
39.680
41.300
42.000
42.920
44.500
41.110
40.830
41.390
41.340
41.240
40.020
37.360
37.200
34.800
33.960
35.350
35.570
36.550
36.250
36.550
37.240
38.700
40.500
39.530
40.250
38.890
37.390
34.010
31.990
31.480
30.930
31.000
32.400
30.900
33.200
34.050
34.000
34.540
34.680
35.230
33.700
32.010
30.150
31.000
30.380
29.880
31.200
30.630
30.000
27.830
26.300
24.590
24.310
22.520
22.000
20.950
20.960
21.050
21.190
21.530
21.580
21.230
21.950
20.560
18.940
19.370
18.440
17.780
19.890
20.200
20.660
20.700
18.840
17.530
18.300
19.300
21.500
21.980
21.290
21.300
20.530
23.100
25.300
26.550
26.500
27.200
27.210
28.550
28.470
27.680
29.040
27.010
24.550
22.890
23.000
22.490
22.490
25.300
27.600
27.490
28.490
29.100
29.680
27.950
26.220
26.350
25.700
24.330
22.220
24.680
25.860
29.650
27.700
28.880
29.970
32.700
33.850
30.770
30.480
33.800
32.680
29.830
27.120
24.650
22.410
20.750
20.800
21.400
21.000
20.450
20.480
19.490
19.650
19.310
20.500
20.550
20.490
19.000
17.900
18.000
17.150
16.850
15.660
16.480
16.500
17.000
15.590
15.440
15.700
15.950
15.880
15.000
14.980
14.430
14.600
14.100
14.160
13.540
13.570
13.380
13.500
13.500
13.530
13.500
13.800
13.980
14.020
14.300
14.280
14.290
14.690
15.290
15.920
15.290
15.800
15.870
15.830
15.850
14.670
15.280
15.660
16.550
16.810
16.870
16.770
16.970
17.220
17.490
17.290
16.290
16.000
15.760
15.680
15.920
15.540
15.590
15.220
15.670
15.760
16.490
16.340
16.580
16.630
16.480
16.990
17.380
17.600
17.670
17.370
17.200
16.280
16.600
16.870
17.280
17.470
17.510
17.450
17.950
18.320
18.690
18.780
18.960
19.200
37.970
35.300
35.400
35.230
35.480
35.600
33.380
31.670
31.500
31.420
32.600
33.990
34.250
33.000
33.410
33.430
33.470
33.980
33.820
33.490
33.000
31.650
31.390
31.500
32.330
33.200
33.870
34.780
35.820
32.560
29.880
29.250
29.480
28.750
28.480
27.770
27.650
28.200
27.240
26.080
26.140
24.570
24.680
24.670
24.770
24.840
24.200
24.560
25.200
27.160
26.590
25.790
25.650
25.690
26.450
27.080
27.200
25.630
23.780
24.050
23.550
