30142.66
35336.01
15454.30
20130.50
31717.83
26448.56
23418.52
29432.06
26695.08
28342.18
37747.92
33868.13
71727.30
49954.01
29594.90
66676.18
47125.67
33581.25
32200.58
28114.26
39078.80
61801.13
57600.92
33961.00
31452.28
35888.23
37716.46
23542.77
34609.82
35554.49
39106.71
35200.38
48473.89
55648.43
80996.81
75159.50
84768.74
37378.48
53358.45
58689.72
88315.27
116053.36
17470.32
23773.02
20698.04
17578.95
22139.50
48796.45
20323.57
20603.50
27019.01
26297.74
31271.01
30080.07
21229.51
18423.89
25612.53
18403.45
28808.18
34778.24
38876.82
28248.19
25860.07
25924.06
22250.08
39029.95
25700.53
18576.31
27529.47
32267.86
53743.45
53471.13
44279.72
70179.02
98145.48
53065.30
34041.97
35011.99
38469.71
25205.63
42494.13
64501.88
63109.99
91504.69
57210.30
32271.21
42197.57
26843.97
50732.88
63330.58
44916.43
49858.47
95304.33
47325.44
45405.67
38034.90
44891.81
29806.53
47775.70
47747.34
58000.71
59685.23
52388.75
60433.28
39095.14
11.00
30053.27
49911.80
75499.99
136178.00
53151.51
24879.70
37958.34
58164.19
64231.24
30378.24
23382.36
25368.81
23350.05
21415.14
35281.31
32752.56
42957.55
31710.83
39818.57
79516.46
33829.64
24831.27
40804.40
33369.28
32005.86
36754.06
37655.22
32559.74
49411.64
51369.43
43636.55
52082.54
104596.43
48803.06
47626.76
44939.96
74524.85
84738.36
122269.63
136835.14
228715.56
99889.47
116863.86
97478.88
69124.80
104592.59
82921.87
47340.35
49042.84
76962.84
123057.38
114600.23
167230.86
63975.24
40882.36
60594.55
43259.30
32942.07
47400.04
51296.37
63663.81
71481.01
97146.80
76078.32
51942.84
64486.20
55177.69
50074.31
44279.00
63441.45
51724.10
54264.75
48645.97
50919.12
84261.92
145809.73
33095.37
34680.75
40497.73
54815.01
74879.89
89889.67
37356.00
34509.76
30590.22
39556.52
56606.77
41133.67
73160.52
65160.39
72634.24
115357.48
155254.33
42059.00
59547.01
56941.02
77134.71
81566.44
62814.63
59268.82
59511.58
51658.29
43622.67
56536.21
46879.10
66519.11
61534.47
66133.46
92214.00
46606.88
58866.36
57331.26
64171.50
46585.80
48475.74
70366.74
54253.59
60974.13
66175.81
82868.78
130106.27
153657.61
105923.14
80942.72
88565.95
82861.65
102159.04
87407.44
89319.13
92839.41
116258.59
207931.25
198626.53
187072.84
160969.27
107967.07
119584.98
190845.08
108320.83
103192.67
164196.31
109301.96
173346.59
173082.67
120251.78
140218.50
116224.31
81241.78
65721.41
66170.13
66424.65
80565.46
61305.64
112039.03
84521.31
71573.88
93726.26
139596.05
119680.95
168667.42
199687.41
51674.89
80051.03
114656.86
129947.13
161140.11
103751.76
65162.10
88380.67
73610.18
105445.95
56088.66
58075.18
62878.89
64061.32
56143.29
118632.09
156900.80
90305.34
114645.98
125836.78
99134.57
108304.85
97915.15
91083.14
81958.92
100327.63
154535.88
271099.09
130248.41
140296.48
233772.59
174423.84
239058.38
110083.95
119991.16
147225.62
188987.67
213272.27
191238.59
166883.89
242349.70
247965.81
146465.05
184195.02
161467.95
226488.47
222603.16
247454.06
338499.28
406059.94
419865.69
352550.66
223219.19
199108.86
148603.20
182685.81
273846.88
231829.34
152852.19
198842.19
242245.66
228787.98
212067.91
97168.40
110911.28
149777.44
200827.19
137851.11
195681.48
207210.12
155267.55
180631.50
152881.06
107338.42
174980.88
187534.45
219243.59
146545.50
118942.63
132202.69
102854.18
107081.74
129441.11
77352.35
111488.97
120632.83
132724.05
138758.41
142980.88
152110.91
140241.53
112719.00
143753.06
120966.61
150970.59
32776.51
196675.64
189891.94
124441.87
126614.33
180263.56
143711.73
256881.52
94751.87
148928.91
219148.03
127756.52
141236.31
177524.12
284012.06
144021.33
163085.45
148572.48
216289.84
241967.06
282524.53
252304.55
111842.06
152379.34
151138.22
95230.64
110399.95
149169.09
189920.55
230637.20
191155.09
172330.88
216473.31
322876.72
253765.09
255601.84
247668.09
178823.62
206150.06
270881.19
278622.12
274635.66
320518.50
352389.28
362373.91
251238.27
247814.77
435233.25
420802.62
208418.02
333067.69
295150.12
284235.25
272914.41
251024.72
324867.28
319604.25
212722.36
274619.69
280506.28
260177.98
363930.69
378102.12
267123.00
310859.78
4158.00
233997.36
428025.03
278643.97
267032.66
277474.09
390432.03
351368.97
402647.56
501451.53
479023.22
385198.12
334852.03
378285.12
484610.78
394490.38
292329.84
333397.22
85249.98
217687.39
153576.16
246550.62
247204.23
260247.59
293650.88
13850.00
47006.00
393811.12
526296.81
311880.59
436614.94
278890.38
164243.22
156742.67
143051.62
233678.62
264590.41
249053.98
116657.37
194619.27
196406.52
135703.86
176278.69
270675.62
226037.03
257773.98
323087.03
495715.12
263053.59
46345.78
5128.64
1105.50
5598.37
360793.94
66862.21
154291.61
139160.94
144352.89
156368.52
159601.62
114222.53
89821.75
108066.59
125355.91
114420.30
103498.67
150246.84
166285.48
171177.30
234477.09
177786.66
113841.88
132765.16
164564.88
166926.34
172733.22
210205.27
212913.91
171856.70
149737.72
182132.11
220406.09
114310.60
90671.08
103854.98
144992.17
142703.00
146438.03
225568.48
85844.85
121392.79
131371.19
166693.66
200491.31
160073.00
161922.59
114704.22
120942.58
72317.45
64063.52
86752.63
67285.60
94129.31
72723.75
81507.63
81169.49
97402.29
96538.95
76069.32
63697.51
81057.06
103246.28
170238.56
95959.37
71972.21
104293.03
166254.77
150802.53
115966.79
92153.04
56820.00
78002.82
60686.74
40682.55
88277.11
86167.50
80705.56
63353.17
59155.39
61421.41
63030.02
104493.52
120955.30
82323.09
62290.59
97798.33
53290.00
81036.10
71983.68
65941.24
130927.02
100033.96
133065.30
79654.07
77140.33
90836.47
3600.00
158881.47
114383.98
128012.35
72895.52
62796.40
79662.73
66144.41
77552.75
149491.27
72014.65
107379.68
44629.17
62461.19
68161.19
143499.83
122050.28
89970.41
76227.45
88739.39
133355.55
143770.86
160711.12
169337.06
138627.94
300546.69
92435.51
69913.83
59415.41
68484.08
50380.43
81082.17
47345.79
58262.87
31116.30
58066.45
43751.83
88073.03
53666.51
26675.47
46431.85
37855.14
46290.60
43906.01
42086.39
50365.41
36807.18
36812.12
51529.25
67697.88
66376.21
72768.19
117118.66
64985.02
42874.95
56666.23
56077.58
40291.19
39849.97
43897.23
34003.26
34248.29
33623.09
67578.83
21848.15
41782.07
37386.09
77297.80
25521.12
54370.41
72046.80
53846.47
32615.74
26616.32
42343.21
22295.61
28863.67
40079.07
74566.86
48749.19
28372.95
24246.94
39986.64
23960.42
41685.66
55777.29
39285.02
42860.81
41085.56
54251.58
83432.49
38543.82
57248.55
51416.73
58692.86
33010.23
45973.41
57069.80
66048.65
51290.10
73569.70
84407.60
45786.38
30589.02
44655.50
55015.79
28975.64
29229.63
31149.88
50203.85
41526.84
44873.14
31036.54
30605.36
25609.18
15360.85
18776.33
23766.69
44049.56
40465.68
20971.92
27874.52
48784.99
36693.96
29862.57
37361.77
30895.22
45805.32
36233.38
28107.23
31115.83
36332.31
27999.81
51130.78
28015.99
29801.58
34757.73
80685.81
66984.90
86300.81
34852.97
31535.64
66099.76
26497.36
30828.86
31357.41
35171.82
44456.16
51945.83
60316.16
79496.94
92773.95
70112.42
95982.31
