30.550
30.570
29.730
29.540
29.500
29.640
29.620
29.610
29.580
29.610
29.660
29.740
29.560
29.610
29.700
29.700
29.700
29.530
29.110
29.320
29.750
29.760
29.710
29.730
29.750
29.850
30.100
29.760
29.580
29.050
29.700
29.700
29.700
29.880
30.050
29.670
29.760
29.820
29.580
29.880
28.520
30.030
30.900
30.910
30.900
30.860
30.760
30.600
30.740
30.310
29.410
30.810
30.860
30.620
30.710
30.510
30.880
31.540
31.680
31.630
31.060
30.660
30.850
30.810
30.680
31.400
31.310
31.300
30.710
30.440
30.320
31.120
31.830
31.440
30.250
30.910
30.750
30.850
30.610
30.400
30.050
30.180
30.510
30.320
30.450
30.880
30.990
30.250
30.480
29.160
28.680
29.200
28.130
28.000
28.810
28.000
29.820
29.930
30.030
29.840
30.040
30.000
30.010
29.610
29.490
29.360
28.510
28.900
29.210
28.970
28.500
28.790
27.830
29.650
32.500
32.810
32.500
32.510
32.500
32.150
32.310
32.000
33.260
33.000
33.660
33.300
33.130
33.130
32.040
31.700
31.650
31.500
31.600
31.750
31.550
31.510
30.510
31.050
32.480
32.520
33.110
33.510
31.990
32.600
32.810
32.150
32.390
32.910
33.010
33.330
33.320
33.680
33.470
33.340
33.190
33.440
33.300
33.840
33.280
32.150
32.800
32.950
32.260
32.560
33.450
33.510
32.310
32.430
32.250
32.010
31.680
31.000
31.000
30.100
30.650
30.580
31.010
31.340
31.510
31.000
33.050
32.140
32.010
32.060
31.630
31.820
31.360
30.500
29.870
30.080
30.020
31.270
30.830
31.520
30.660
30.260
30.520
30.510
30.640
30.510
30.450
30.340
30.130
29.650
29.510
29.450
29.600
29.770
29.670
30.010
29.550
29.510
29.740
30.530
28.700
27.920
28.910
29.040
28.800
28.650
27.270
27.320
27.320
27.280
29.680
29.600
30.400
30.800
30.380
30.180
30.170
30.880
30.920
30.880
30.700
29.500
29.380
29.100
29.000
29.000
29.410
28.200
27.800
27.330
27.110
26.890
25.800
26.650
26.300
26.150
27.100
28.010
28.010
26.800
26.620
27.010
28.600
29.580
29.260
28.730
28.830
29.020
27.450
27.250
27.080
26.630
27.580
27.310
27.070
26.000
26.810
26.500
27.700
27.300
27.020
25.120
27.010
29.420
29.880
32.000
32.600
32.010
30.550
30.810
30.700
32.000
29.870
29.810
30.400
30.150
33.010
33.800
34.310
34.050
33.130
32.810
33.410
32.500
33.010
35.730
35.020
34.600
34.500
32.500
32.050
32.510
32.300
30.310
29.620
29.340
28.500
28.610
26.890
27.180
27.290
26.300
25.110
26.500
25.800
25.030
26.110
25.300
25.040
24.050
23.200
24.920
26.930
28.110
28.680
26.070
22.000
20.400
20.010
19.900
17.910
19.890
20.500
20.180
18.580
15.350
15.610
17.340
19.290
21.430
23.810
26.450
24.640
27.380
30.420
33.000
33.980
32.000
31.200
34.300
33.880
32.210
35.400
37.310
35.600
34.500
35.420
39.350
42.050
41.510
37.000
35.700
36.000
34.890
33.300
35.330
34.610
35.350
36.760
35.510
33.950
34.800
31.550
32.000
27.580
24.790
23.600
23.850
23.600
22.000
22.950
21.200
20.620
22.580
23.650
25.100
25.590
23.500
23.730
23.800
23.180
24.000
24.100
22.570
21.800
20.040
20.970
21.650
21.100
20.580
19.910
19.400
19.700
19.410
19.000
19.500
17.630
17.400
17.040
16.980
16.730
16.600
16.460
16.260
16.100
15.550
15.600
14.800
14.860
14.920
14.850
14.950
14.810
14.700
14.610
14.310
14.420
14.300
14.090
13.830
13.490
13.450
13.400
13.460
13.750
14.200
14.160
13.900
13.640
13.920
13.960
14.160
14.130
14.200
14.080
14.210
13.930
13.480
13.180
13.480
13.400
13.400
13.200
13.100
13.220
13.220
13.190
12.980
13.010
13.920
14.120
13.840
13.960
13.950
14.160
13.800
13.670
14.640
15.630
16.860
16.740
14.760
14.670
14.560
14.300
14.020
14.110
13.920
14.210
14.130
14.420
14.210
13.900
13.780
13.800
13.550
13.320
13.260
13.180
13.250
13.230
13.190
13.200
13.390
13.130
12.760
12.780
13.070
12.860
12.780
12.580
12.030
11.910
12.310
12.570
12.420
12.500
12.590
12.460
12.530
13.040
12.860
12.850
12.810
13.180
