7.380
7.260
7.230
7.160
7.070
7.100
7.060
7.180
7.070
7.030
7.100
7.270
7.290
7.290
7.220
7.160
7.140
6.990
6.960
7.110
7.260
7.090
6.960
6.870
6.640
6.710
7.020
6.980
6.780
6.650
6.880
7.200
7.620
7.600
7.680
7.320
7.350
7.280
7.180
7.450
7.410
7.410
7.720
7.760
7.770
7.860
7.950
7.300
7.370
7.020
7.430
7.740
7.600
7.700
8.030
7.950
8.560
8.870
8.910
8.680
8.720
8.900
8.950
8.770
8.660
8.760
9.220
9.320
9.330
9.270
9.220
9.320
9.580
9.550
9.590
9.610
9.520
9.650
9.460
9.710
9.750
9.750
9.850
9.820
9.620
9.650
9.520
9.600
9.700
9.600
9.490
9.640
9.620
9.450
9.520
9.650
9.670
9.800
9.750
9.700
9.710
9.610
9.530
9.430
9.490
9.650
9.460
9.560
9.210
8.950
8.920
9.120
8.900
8.900
9.720
10.080
10.020
10.210
10.020
10.090
10.080
9.950
9.810
9.720
9.690
9.550
9.610
9.380
9.470
9.670
9.740
9.650
9.660
9.410
9.260
9.250
9.110
9.140
10.130
10.150
10.140
10.140
10.100
10.280
10.470
10.390
10.710
10.800
10.660
10.960
11.080
11.160
10.820
10.870
10.910
11.000
10.860
10.890
10.960
10.700
10.490
10.680
10.580
10.500
10.310
10.250
10.050
10.070
10.070
10.150
10.040
10.000
10.200
10.160
10.010
9.990
10.000
10.190
10.250
10.290
10.030
9.800
9.710
9.640
9.250
9.370
9.460
9.460
9.360
9.320
9.320
9.120
9.130
9.280
9.690
9.520
9.520
9.280
9.220
9.180
9.250
9.220
9.310
9.230
9.190
9.030
9.180
9.020
9.010
9.170
9.170
9.050
9.010
8.750
8.600
8.650
8.870
8.870
8.580
8.730
8.650
8.600
8.510
8.370
8.950
8.950
9.060
9.470
9.320
9.440
9.770
9.700
9.430
9.330
9.480
9.430
9.400
9.120
9.280
9.380
9.020
9.130
9.170
9.040
9.000
8.980
8.960
8.650
8.330
8.220
8.460
8.280
8.340
8.260
8.350
8.260
7.850
7.830
7.860
8.500
8.330
8.380
8.430
8.360
8.320
7.950
7.780
7.860
7.630
7.840
7.830
7.850
7.540
7.610
7.600
8.080
7.940
7.800
7.460
7.940
7.970
7.880
8.310
8.620
8.130
7.820
7.860
8.000
7.760
10.490
10.350
10.020
10.200
10.120
9.910
10.040
10.250
9.880
9.410
9.000
9.050
9.800
10.220
10.820
10.810
10.900
10.730
10.820
10.720
10.680
9.840
10.180
9.930
9.540
9.120
8.990
8.880
8.900
9.350
10.150
11.130
11.030
11.060
11.520
11.020
11.000
10.960
10.420
10.900
10.460
10.870
11.180
11.880
12.600
12.020
12.960
14.350
14.320
13.810
14.200
14.240
13.650
13.800
13.880
13.740
13.820
13.680
13.250
12.820
12.080
12.150
12.500
12.610
12.910
12.960
12.760
12.360
12.020
12.310
11.240
12.420
13.600
13.270
12.890
12.910
12.800
12.640
12.800
13.230
12.580
12.920
13.030
12.710
12.850
12.700
12.300
12.000
11.730
11.540
11.100
11.160
11.360
11.200
11.010
11.500
11.150
10.580
10.860
11.590
11.930
11.600
11.260
11.030
10.900
10.640
10.480
10.420
10.230
10.000
10.000
9.800
9.400
10.320
9.630
9.610
9.300
9.140
9.260
8.550
7.800
8.600
9.150
9.040
9.220
8.520
8.320
7.760
8.310
9.060
8.690
8.090
7.800
8.130
9.030
9.950
10.870
9.900
10.840
11.430
11.670
11.300
11.500
11.750
10.900
10.360
9.910
10.120
9.610
9.430
10.210
10.580
9.640
9.740
10.820
11.820
11.410
11.200
11.020
11.050
10.500
9.120
10.130
10.470
9.990
8.680
7.300
7.370
8.190
9.100
10.110
11.230
12.480
11.930
13.250
14.720
16.200
16.800
16.280
18.090
19.730
18.900
19.430
19.560
19.700
17.890
17.350
17.210
17.760
17.430
16.200
16.700
16.260
15.320
14.480
15.470
16.200
15.940
15.500
16.030
16.000
15.700
14.220
13.320
13.160
13.250
13.110
13.620
12.330
11.900
11.600
12.030
12.050
12.500
12.780
26.600
26.400
26.700
26.100
26.500
25.210
24.120
24.000
24.510
23.860
24.320
26.030
26.160
25.510
24.180
25.610
27.010
25.850
25.830
24.600
24.200
24.310
24.120
24.480
26.550
24.700
22.500
21.210
20.550
20.080
19.620
19.290
18.890
18.600
18.730
18.380
17.800
18.650
18.620
18.220
18.110
17.990
17.850
17.800
17.900
17.890
17.710
17.450
17.250
17.090
16.960
16.690
16.580
16.500
16.980
16.870
16.700
16.330
16.600
17.000
17.560
17.380
15.800
15.660
15.780
15.620
15.130
14.550
14.310
14.300
14.160
14.020
14.030
14.390
14.380
14.680
14.530
14.290
14.720
14.650
15.050
15.410
15.770
15.350
14.970
14.560
15.630
16.820
16.940
17.860
17.680
17.650
17.360
16.350
16.250
17.790
18.250
18.960
18.710
18.900
18.930
18.770
17.580
17.740
17.600
17.630
17.610
17.000
16.800
16.530
15.820
15.560
16.500
16.420
16.360
17.420
17.810
17.530
17.510
17.510
17.100
16.850
17.000
16.800
15.920
15.070
14.710
14.630
15.500
15.870
16.320
16.210
16.390
16.130
15.920
15.680
15.670
15.500
15.600
16.000
14.500
14.250
14.390
14.250
14.080
14.150
14.550
14.290
14.200
14.000
14.000
13.960
13.970
13.930
13.800
13.660
13.270
13.200
13.400
13.290
13.700
13.500
13.280
13.310
13.250
13.160
13.030
13.030
12.880
13.350
13.220
13.160
13.160
13.220
12.980
12.710
12.710
12.700
12.640
12.610
12.280
11.930
11.700
12.000
12.250
12.140
12.430
12.000
12.160
12.440
12.520
12.400
12.250
12.330
12.630
