21.000
21.050
20.930
21.110
21.100
20.880
20.800
20.930
21.050
20.970
20.220
21.020
20.910
20.470
20.500
20.490
19.810
19.600
19.500
20.100
20.250
20.440
19.830
19.280
19.290
18.850
20.210
19.990
20.140
19.920
19.940
20.340
20.940
20.990
21.060
21.110
20.250
20.080
20.040
20.550
19.960
20.030
22.250
22.560
22.420
22.550
22.920
23.230
23.260
22.840
22.300
22.900
22.690
22.980
24.050
24.600
24.880
25.010
24.910
25.100
25.000
26.010
26.700
26.690
25.120
25.250
25.850
26.830
27.700
27.290
28.160
28.010
28.250
28.010
27.490
27.100
27.530
25.670
26.350
26.150
26.570
25.950
24.860
25.300
25.900
25.910
26.180
26.260
26.460
26.520
26.070
25.790
26.040
25.510
25.760
25.510
24.990
26.010
25.620
24.980
24.980
25.880
25.000
26.690
27.380
28.070
28.980
29.070
28.990
29.460
29.410
29.400
29.450
29.480
29.680
30.150
29.740
29.300
29.800
30.500
30.190
29.900
30.250
30.100
29.510
29.260
29.390
31.140
31.370
32.300
32.000
32.000
32.270
32.020
32.410
32.520
33.680
33.410
33.410
34.100
34.540
33.450
33.200
32.580
32.950
33.540
32.780
31.580
32.020
31.400
31.400
30.450
31.150
31.280
30.600
29.820
30.000
29.910
30.290
30.480
30.210
30.400
30.230
31.190
30.090
30.000
29.980
30.130
30.730
28.500
28.800
28.860
29.130
29.190
29.340
29.350
29.070
28.700
28.920
28.310
29.530
29.980
30.850
31.100
30.500
30.430
29.900
31.300
30.620
30.500
30.680
29.980
29.520
29.220
30.060
29.400
29.620
28.850
29.350
28.200
27.900
28.380
29.120
29.600
28.270
28.840
29.550
28.670
29.060
28.930
29.080
29.900
33.220
32.980
35.250
33.240
32.840
32.690
33.400
34.140
33.410
33.360
32.800
32.560
32.900
34.100
34.300
33.300
34.300
32.450
29.500
31.990
31.910
30.930
31.910
31.420
30.240
27.490
25.780
24.250
24.410
24.950
23.750
24.190
24.350
24.960
25.000
25.330
26.250
26.580
25.490
23.700
25.600
27.550
30.610
30.210
29.310
28.820
27.800
25.730
25.870
24.250
24.300
24.830
24.340
24.900
24.240
25.450
23.640
24.330
23.850
26.500
26.130
24.300
25.690
25.640
25.160
23.060
22.470
21.080
23.410
23.680
26.300
25.770
28.630
27.360
29.640
32.930
33.290
32.400
32.830
33.460
34.080
34.310
35.470
35.630
35.930
34.120
33.310
31.440
31.520
31.970
33.000
33.000
33.080
35.000
32.600
31.720
30.810
32.600
33.700
33.800
34.710
33.400
31.350
29.320
30.810
30.230
29.320
30.580
30.750
29.250
30.750
31.800
29.580
29.970
28.260
25.690
24.560
22.590
22.400
22.900
23.310
23.500
23.740
23.550
23.200
21.210
20.650
22.940
22.110
23.100
23.330
21.640
21.880
20.480
19.400
19.490
18.270
18.470
17.700
17.320
16.830
17.620
17.390
17.450
17.550
16.750
16.350
17.990
17.060
18.960
21.070
21.190
21.510
20.520
19.610
18.930
20.640
22.930
25.480
23.700
23.020
25.520
28.350
31.500
35.000
34.430
59.490
66.100
62.660
63.020
57.290
60.580
59.810
54.370
49.430
47.990
46.420
42.200
46.400
48.300
50.490
47.510
50.670
56.300
51.650
51.590
50.700
50.000
48.000
46.980
46.650
51.830
51.780
47.070
42.790
38.900
36.810
40.900
44.500
48.950
52.900
53.810
48.920
54.360
60.400
59.410
54.010
49.100
44.640
40.580
40.590
36.900
34.820
35.240
34.120
34.810
34.530
33.000
30.980
30.820
30.610
31.580
32.170
32.200
31.450
33.800
32.670
33.030
33.190
32.410
31.150
32.070
31.790
31.640
34.250
35.300
35.630
36.610
34.390
34.920
33.130
32.230
31.330
30.600
30.450
31.100
30.640
32.430
31.670
30.920
30.010
30.130
30.260
29.000
29.100
28.510
27.730
28.490
29.150
28.600
28.080
29.030
28.400
28.110
28.120
27.280
26.630
26.600
26.950
26.960
27.100
26.420
26.000
25.790
25.800
25.600
25.450
27.060
27.310
26.920
26.410
26.960
27.610
28.100
28.610
28.240
28.090
28.450
27.430
27.350
26.400
26.610
26.200
26.300
26.360
25.410
25.650
25.630
25.650
26.150
25.260
26.260
25.700
26.200
27.310
26.800
26.960
25.390
26.120
29.020
30.020
31.150
31.390
31.870
30.690
30.090
28.340
27.650
29.400
30.860
32.670
32.940
32.890
32.290
32.850
33.810
33.150
32.980
33.060
31.740
28.850
28.850
28.160
28.500
27.930
27.750
28.500
27.850
28.830
29.400
30.270
29.780
30.060
30.400
29.450
28.860
28.750
28.180
27.540
26.790
26.140
26.920
27.330
27.310
26.330
26.310
26.800
27.380
27.890
26.520
26.410
26.730
26.970
25.430
25.240
25.180
25.340
24.780
24.680
25.080
24.400
24.340
24.650
25.870
25.500
25.740
26.090
25.740
25.600
25.730
25.820
25.380
25.280
24.800
24.710
25.360
25.680
26.310
25.970
25.700
25.980
26.150
25.260
25.060
25.000
25.100
25.240
25.150
24.250
24.220
24.500
24.480
24.190
24.200
24.200
23.980
23.720
23.650
23.400
23.440
23.310
23.620
23.350
23.510
23.000
23.100
23.460
23.640
23.670
23.390
23.500
24.500
