91245.64
82851.92
101670.97
156170.06
69890.06
68897.60
56636.39
59226.07
53549.84
76403.69
103278.57
57367.41
48075.41
25292.03
26955.64
64507.95
32673.01
37567.03
50414.00
42755.76
32203.29
44316.77
25247.93
42506.69
81979.06
58819.83
38681.47
34309.99
49386.50
54769.70
97580.85
57674.45
57602.00
66499.33
77917.51
108993.76
58242.32
76158.33
97825.57
73280.45
87527.13
56952.42
35378.42
39365.92
28958.52
32702.11
34371.67
64060.15
19558.49
29695.84
33696.36
19102.62
28088.89
46715.43
38714.70
29804.98
48085.93
30681.26
32348.44
43545.20
58245.27
43536.97
41722.00
65934.12
33758.25
79318.46
56117.76
36416.82
73161.59
48738.06
67951.66
77295.64
91904.02
125495.46
159717.73
94473.72
72532.09
83718.16
110171.00
73148.98
86971.50
103992.66
183633.41
120609.30
54287.96
74781.09
112201.55
53565.44
84434.24
82289.45
48382.66
71476.02
111174.88
105500.69
44891.30
45701.97
66980.25
67617.78
46904.32
38105.91
51303.24
48470.69
46851.07
48190.27
33678.80
9.00
47672.06
28464.69
38502.75
63579.66
83065.21
37813.00
39293.47
51025.89
83257.64
42808.96
35964.51
45567.30
48492.74
39070.84
41183.51
52229.12
49691.84
34422.34
24399.74
30246.02
26479.94
26213.00
36925.00
42186.73
26906.25
39350.16
38985.23
38330.47
40652.58
44508.22
44013.54
67259.13
119637.95
47701.36
31168.75
31164.45
39277.82
57899.41
80333.93
51708.17
57419.53
68702.94
59561.86
86859.41
71243.61
146142.66
71935.70
43825.29
47488.19
59255.89
83615.58
66382.53
81743.88
64753.02
59791.54
65289.26
50007.19
60686.77
66851.34
79357.89
61927.26
44347.00
41418.03
58573.43
48001.23
61414.14
67825.50
44496.76
78075.42
66061.28
82998.61
132932.31
44045.64
66251.84
47956.19
67142.97
26251.82
35465.75
29722.71
46893.99
40756.06
38170.43
34173.27
45184.87
32484.38
37128.35
46691.67
43907.54
83838.36
58863.68
53775.71
74377.98
86143.40
38755.50
53731.92
57087.83
48814.56
50480.15
61025.87
65344.47
94655.73
84697.07
125325.93
153818.94
105595.12
81611.18
126856.56
125427.05
141006.67
71639.53
92663.38
86999.37
111504.33
68617.21
68036.66
78318.56
53527.21
57333.14
100467.63
85289.01
136540.69
244252.16
114987.53
113122.77
167285.50
194888.28
264056.56
285110.41
227507.70
176848.58
301549.03
193130.69
184748.56
178220.05
164495.38
208272.95
363688.50
160125.03
181282.84
239697.38
603691.38
233217.31
202442.05
197392.12
279343.69
158028.64
142744.09
178206.06
102786.15
164542.05
164574.02
220101.52
182243.48
219763.59
121863.68
139027.44
214310.39
697383.38
260895.02
204337.84
140640.48
59278.61
81799.63
110151.90
90012.55
82601.89
130630.94
103077.95
95452.79
149756.06
246330.50
154968.77
209074.98
161374.95
108200.61
139457.62
176517.02
295636.09
199420.72
296553.50
205240.39
88584.65
182656.27
207480.80
231368.03
225251.80
174071.64
222660.30
180966.89
244690.70
270689.03
147614.52
116829.17
143341.44
162360.41
194962.80
283540.38
124608.95
183234.38
184716.67
224517.77
315919.69
248883.88
207914.81
128411.49
121544.36
147173.91
118020.39
208322.19
146952.58
151140.59
87691.48
160146.95
159311.20
169057.62
156698.88
124345.83
184123.30
230791.45
394899.50
93618.57
118124.42
131292.81
151856.69
182818.95
101572.82
73658.98
97333.86
152817.66
111227.10
132152.75
124556.27
140222.27
105733.44
144469.38
115635.01
140023.28
154594.27
104486.32
147363.47
135563.03
127368.75
109656.96
116182.81
167993.64
83833.58
88098.37
110984.73
30124.81
94962.81
126729.49
127338.71
120085.81
162891.62
128301.16
257112.12
119863.86
76078.39
109720.11
95173.10
146140.48
142267.30
185963.78
139751.48
103533.73
98177.89
83031.89
94586.61
121692.07
123252.95
113872.75
143353.78
111819.56
126766.05
162991.94
223909.19
214920.20
219196.94
298632.72
290926.53
437449.12
523042.53
297788.34
186012.80
430278.81
289116.66
181833.47
263932.16
284145.47
152571.30
201556.48
186005.38
132709.02
131707.94
85592.72
138306.86
118760.77
187271.45
251332.62
146526.30
216811.69
193942.98
158975.20
192072.97
233166.08
128132.82
154743.52
134799.73
158776.98
229793.55
318392.06
131250.53
107851.02
4158.83
91450.90
112380.79
139072.38
142396.75
137463.86
231887.88
230236.70
206856.27
192508.20
119324.89
77206.59
65116.91
94983.76
60066.33
72550.22
124888.00
73397.39
74236.28
75784.02
92255.38
88344.16
137700.41
89072.20
126535.78
126193.30
82423.60
106329.80
111317.80
186839.95
221008.36
91945.68
110665.86
98421.42
129393.74
151452.12
162500.88
142600.73
82333.84
141852.75
123826.92
117459.69
129997.97
129849.11
119693.12
142273.48
150061.78
172804.39
164017.48
175577.94
163925.70
224346.81
196826.52
239524.34
265941.28
312412.19
28590.00
60038.27
185114.94
334506.66
59777.36
192806.56
163216.38
136929.27
150816.66
154620.44
135090.91
118372.16
172765.81
131073.69
125645.53
147291.98
135698.64
153959.09
150933.47
181989.47
143260.94
155380.30
185922.19
180649.16
276043.88
260998.25
268159.38
295891.09
267309.47
232164.98
190398.73
288014.28
247486.02
267813.94
251044.48
286656.38
422426.91
194654.42
185731.22
210031.41
231013.45
211418.81
148423.30
158529.81
143512.19
122902.50
155098.42
150735.52
172428.84
86528.93
105084.27
78415.81
93703.19
131391.03
165821.95
119772.20
143562.94
159791.61
179790.89
191642.12
219172.16
157230.91
124436.85
160343.16
152913.55
138456.80
136334.53
103426.06
128479.96
124296.24
90036.98
161593.88
177544.61
170747.44
121379.87
74683.04
144805.19
139614.56
90507.30
103060.30
76167.37
121618.30
82881.77
119256.16
190098.45
95990.15
151557.94
61670.46
85299.31
142351.91
145154.34
117469.05
48229.35
431.00
41975.58
54462.43
45131.87
38879.90
44607.33
21890.47
22204.62
50488.06
43299.64
53647.61
54829.96
30738.86
35332.99
46728.46
61716.42
68352.35
43060.70
43068.20
56859.89
77468.74
60344.90
70963.00
41780.96
29836.51
32098.37
34243.67
31512.22
50778.49
46805.14
47449.64
73649.65
67560.59
32443.51
32619.60
51646.46
50169.48
47158.59
46342.80
88286.00
75718.60
52546.60
41171.54
51232.84
46012.55
44508.48
48237.73
60494.46
51870.91
121325.72
75094.05
77222.87
85744.10
79398.21
44038.22
66163.97
96359.85
129213.71
140502.94
78165.35
45061.12
33688.53
27986.35
31563.09
32500.37
35904.11
33573.97
97390.10
76478.80
88019.37
50853.58
66313.91
70438.61
68163.35
123601.98
68123.66
47172.41
38096.35
53483.11
40954.74
31169.69
29445.41
44112.69
41368.47
35684.99
39779.01
66862.75
47699.97
52581.27
58678.49
80707.18
53000.49
91587.73
74219.60
119496.57
88386.04
69101.47
71500.20
76213.70
88729.13
80350.66
67794.14
117386.90
136586.59
121407.92
188862.22
191195.41
105734.37
81614.23
107883.43
96352.49
96915.85
138539.30
124309.09
42667.21
31919.32
55198.29
46907.37
110756.04
81360.75
155886.61
89931.91
84212.08
103554.93
84027.68
55762.53
117779.43
116096.07
66397.38
82319.29
79458.77
69948.09
58185.17
113479.52
62134.04
73005.65
72662.72
157290.66
81584.85
74011.82
47229.25
52475.46
98698.97
82966.78
65709.99
54729.01
52706.93
72556.10
174585.16
76227.90
70438.17
55728.17
74486.50
72651.28
