15330.15
19322.57
12812.26
18559.58
20963.05
19135.64
18126.64
19802.12
23486.30
12804.10
21178.93
9345.05
17874.19
11445.40
16586.68
33398.35
14701.37
20776.98
29392.72
12346.08
22822.81
35971.61
14452.01
32645.19
50609.58
20354.23
18337.34
12080.64
18099.78
22523.39
29780.57
29072.36
45010.04
17663.54
28328.52
31357.80
14769.55
38649.28
43113.83
35015.34
39043.63
36297.70
26830.78
22741.91
19317.81
24328.94
23339.96
35951.51
17654.23
25557.84
43652.84
27928.09
35165.46
44767.02
43405.96
73514.87
64271.17
75312.00
57886.89
107060.53
103635.45
119557.39
84261.20
57854.03
32563.09
64760.20
65303.01
80064.13
132897.19
87634.32
80271.09
119151.48
117090.82
193153.00
76578.92
33118.32
25516.45
28500.27
29412.51
25617.15
26014.79
27487.34
34190.46
36577.22
22130.23
35284.36
42812.08
30004.90
51427.93
23265.14
25304.39
28197.93
24096.12
23056.89
23543.05
22909.73
18124.45
31877.03
21412.87
32531.32
36601.25
21859.35
41810.68
32525.96
11326.22
26772.58
19236.75
23623.67
21396.93
22541.62
65819.96
23216.65
20218.22
46375.61
19381.82
24800.04
28005.38
17783.19
19301.26
41194.16
20951.47
25343.91
28711.10
29171.74
19140.26
24106.68
36149.22
30749.98
38624.49
29266.64
32790.33
32598.98
35810.91
48218.04
46236.33
33480.92
46113.35
62572.86
62014.96
36031.04
40333.14
29003.49
46485.72
78292.41
79314.70
55556.57
61106.43
60440.72
79787.83
67155.26
94084.07
80911.96
78208.53
43657.15
53509.24
72377.34
86376.44
112157.92
69192.95
87245.47
96659.74
126194.88
81767.09
87232.69
145236.20
158304.55
218750.09
214591.97
150454.02
95351.50
57693.79
80298.58
89396.02
99693.44
88391.74
120273.04
133762.75
221041.02
133714.91
195036.67
162570.44
113825.86
173162.91
103582.99
139262.22
165522.16
277789.97
161355.47
58940.51
105481.59
67762.73
84576.77
122693.69
132820.27
162748.48
325086.62
178440.94
129478.71
102379.94
68775.70
82369.28
84864.72
157916.52
204676.77
187713.19
345690.69
100854.11
119743.85
71515.36
40210.15
49951.56
62973.79
74098.78
70756.32
40793.16
72152.99
143375.94
79510.46
95862.11
88605.31
100483.92
85839.58
66532.75
106593.36
150485.77
81255.39
52538.49
11432.50
46583.66
55909.50
30838.45
47677.89
73948.78
91134.08
89115.50
15541.86
24853.45
27808.09
25248.26
26963.57
31966.07
33574.47
24041.56
13990.69
24406.37
19501.20
26672.00
35470.50
34313.98
20388.98
18028.48
15874.44
23693.28
27123.46
30131.34
34308.47
32747.05
32605.11
17800.20
23568.31
9472.23
13841.57
14523.08
18662.80
14560.20
19650.74
22463.26
23138.14
20052.22
19799.81
18688.62
21968.98
15038.19
6144.00
14120.69
6675.13
10381.10
28458.78
17587.44
32565.96
25807.51
11081.93
16418.43
11639.55
18012.03
14083.27
14859.71
16643.65
8752.89
12550.90
6633.53
9546.45
264.00
5776.76
6351.76
6621.82
9160.78
6660.03
9094.00
17559.75
8237.17
6553.05
16286.78
15824.76
8263.00
14000.05
13783.10
24172.28
34328.20
18608.17
26757.26
7709.51
6797.90
8235.62
11476.33
10848.52
13960.88
12876.01
4205.00
14581.52
24857.58
30460.80
34534.68
15131.54
12345.86
9152.43
11519.63
26687.57
11399.95
17222.15
27137.05
30713.43
20991.36
14152.98
20623.87
30714.36
18002.14
22236.26
17019.00
48203.99
27147.30
10727.52
27622.66
51965.74
26005.81
43802.61
26524.04
32630.82
29576.44
35189.06
18012.14
22230.08
12615.94
15969.77
21725.44
15503.19
14452.47
29577.86
37276.61
51932.18
24220.06
25447.76
35883.34
25678.20
45571.01
27825.04
27234.54
29566.43
43466.22
28979.50
52502.17
41733.87
44801.09
23548.30
35545.12
35140.53
33439.54
37688.23
45926.58
41394.37
28970.07
44046.71
30388.53
44800.65
60461.61
60719.37
90831.47
674.19
417.05
214.03
30479.54
25633.85
21746.63
22951.28
23144.08
27793.78
24324.87
27478.24
25947.05
19056.94
18113.05
24789.86
15320.83
14781.08
15609.86
16725.99
24928.55
33834.55
34994.44
20314.56
37164.80
36360.41
26546.43
47740.94
36705.00
36615.66
36326.77
48931.68
38279.74
28294.10
36017.11
41576.73
58384.26
68636.79
108849.61
119189.44
60604.00
55693.51
71587.76
59902.46
20591.49
26124.30
24220.87
17308.22
17034.78
17871.77
19558.01
16454.42
13777.29
19751.59
22719.67
12999.12
24269.08
45502.21
21869.33
29055.98
56124.87
30785.21
35198.46
24050.90
35371.14
50898.95
48468.40
51249.95
55789.89
68388.99
11104.65
20570.20
14327.90
19487.80
27114.55
29239.36
24451.06
14840.49
10463.48
13471.75
16685.67
19002.82
21381.62
11311.72
15153.09
20698.88
16721.53
13895.16
16054.89
11108.13
14520.24
16027.44
12546.25
9710.02
15306.16
13513.77
10742.02
10792.62
11756.41
12716.19
18483.06
38902.20
21191.57
19239.99
23268.12
41625.95
29124.59
