16.150
15.760
16.200
15.890
15.350
15.320
15.530
15.650
15.410
15.700
15.910
16.360
16.270
16.270
16.360
15.880
15.850
15.360
15.550
15.870
16.100
15.390
15.480
15.580
14.730
15.800
16.030
15.530
15.770
16.080
17.210
17.910
18.360
18.300
17.900
17.140
17.170
17.200
17.440
17.920
17.750
18.690
19.110
19.220
19.230
19.010
18.370
18.250
18.020
18.500
18.940
18.970
18.580
18.930
18.940
20.100
20.400
20.560
20.420
20.700
22.370
22.740
22.950
22.050
21.950
21.970
21.970
22.450
22.800
22.800
22.640
23.030
22.420
22.270
22.520
21.880
21.630
21.950
21.780
22.290
21.920
21.750
22.170
20.960
20.750
20.670
20.610
20.690
20.900
20.850
20.530
20.260
19.780
19.480
19.860
19.980
20.200
20.340
19.960
20.300
19.700
19.500
19.310
18.990
19.160
19.020
18.650
19.260
18.950
18.420
18.200
18.960
18.580
22.020
22.130
23.140
23.790
23.670
23.880
23.680
24.270
22.920
21.920
21.790
22.060
21.840
21.930
21.020
22.160
22.230
21.700
21.740
21.500
21.250
20.900
21.250
21.400
24.120
23.480
24.190
23.990
24.250
25.500
26.810
26.800
26.000
25.500
25.760
26.370
26.170
26.400
25.850
25.990
25.690
25.740
26.150
25.200
24.930
24.850
25.660
27.500
27.400
27.400
27.840
27.480
28.290
28.500
29.660
26.960
26.320
27.070
26.600
26.760
27.020
28.670
25.370
24.850
21.800
21.570
23.600
21.090
21.000
20.890
21.380
21.000
21.080
21.800
22.460
23.480
22.850
20.740
20.500
21.050
20.880
21.150
21.210
22.000
20.650
20.080
20.210
20.020
20.080
20.380
20.450
20.590
20.220
20.410
19.580
19.590
20.250
20.160
20.050
20.730
21.120
20.580
20.750
20.080
20.500
21.100
20.360
21.810
21.300
22.490
24.120
24.000
23.680
21.530
19.570
18.680
18.510
17.460
17.550
16.880
16.420
16.670
15.880
15.520
15.150
15.200
15.680
15.640
15.040
16.050
15.100
14.230
13.710
14.900
15.130
16.820
16.830
17.320
16.850
16.270
16.680
16.410
15.730
14.900
15.810
15.390
14.910
14.530
14.560
14.200
14.650
15.320
16.680
16.770
16.600
17.200
17.060
16.310
15.510
16.560
15.210
16.060
15.810
17.090
17.620
18.990
18.510
18.000
22.000
22.980
22.470
22.030
23.220
23.900
23.900
23.880
23.400
22.810
22.850
22.670
21.800
21.400
20.090
21.320
21.610
21.200
21.980
21.500
20.770
19.850
20.690
20.500
20.300
21.990
22.630
22.100
21.270
21.000
20.870
19.900
20.780
21.930
20.300
22.700
22.230
20.750
22.460
20.080
19.750
20.110
18.680
18.800
18.900
19.450
19.750
20.300
19.380
18.300
17.360
15.950
17.890
17.190
17.500
17.110
16.320
16.570
16.830
15.900
15.560
15.280
14.920
14.200
14.350
13.950
15.040
14.460
14.310
14.550
13.880
13.690
13.900
12.980
13.490
16.160
15.050
15.700
15.320
13.800
14.300
13.530
16.000
15.980
14.980
14.460
15.350
15.440
18.000
20.130
22.580
20.800
24.100
23.800
24.180
22.990
23.360
22.300
21.460
20.710
20.800
21.310
19.000
21.250
19.950
19.650
18.130
17.400
20.790
22.010
20.510
20.740
19.800
19.960
19.060
18.100
19.300
20.010
19.560
17.000
13.630
12.690
14.890
18.400
18.110
19.890
22.490
20.100
23.510
24.800
27.850
27.340
26.400
29.400
31.390
30.270
32.000
34.060
35.040
34.540
33.590
32.970
36.300
35.450
38.370
38.160
38.390
38.000
40.470
40.350
36.480
33.730
33.000
35.920
30.880
70.770
71.000
62.230
67.760
57.500
51.790
54.900
50.500
47.810
49.120
50.660
48.910
48.080
46.430
45.390
47.350
47.150
47.500
47.490
46.760
44.590
47.010
53.000
45.700
42.910
43.580
42.420
40.900
41.400
43.800
42.300
41.160
40.200
39.400
39.090
38.800
40.010
43.050
41.110
38.330
38.110
38.350
37.300
37.050
36.250
35.290
34.660
34.960
35.320
35.270
35.020
36.000
36.100
34.150
34.800
34.280
34.350
33.850
34.300
33.890
34.550
33.940
33.380
33.300
32.210
32.400
32.280
33.650
33.940
34.100
33.690
32.800
34.490
34.760
34.770
35.000
34.330
35.700
35.470
36.900
33.290
31.930
31.430
31.390
32.000
31.250
31.930
31.800
31.000
32.150
30.920
32.300
32.050
32.100
33.600
34.010
34.600
32.500
31.690
34.600
37.200
38.280
39.530
40.940
40.150
39.340
39.010
38.110
40.990
42.510
46.230
47.300
44.300
42.800
41.600
41.790
41.400
40.700
41.500
40.500
39.680
39.510
39.850
38.910
37.520
42.010
43.000
44.800
39.280
38.610
39.010
37.130
37.010
38.790
37.560
36.600
37.000
37.400
33.250
35.510
35.100
34.570
34.420
32.770
32.120
31.180
31.880
31.000
31.000
31.260
31.400
32.360
32.380
31.390
30.900
29.960
29.900
29.180
28.410
29.120
29.600
29.490
29.210
30.550
30.920
30.980
30.310
29.150
29.600
29.400
28.800
29.060
28.800
27.370
26.340
26.280
26.270
27.010
26.900
26.890
28.030
26.330
26.130
25.930
26.510
26.010
25.800
27.630
25.120
22.840
20.760
18.870
17.150
15.590
11.810
