9.150
9.090
9.030
8.890
8.880
8.900
9.030
9.050
9.050
9.310
8.940
8.810
8.780
8.750
8.780
8.850
8.870
8.810
8.950
8.980
9.000
8.900
8.860
8.790
8.750
8.590
8.580
8.740
8.670
8.860
8.900
8.970
8.900
9.010
9.100
8.950
9.080
9.090
8.900
9.060
8.830
8.860
9.220
9.110
9.070
9.170
8.810
8.180
8.180
7.910
8.480
8.970
9.120
9.230
9.160
9.550
9.850
9.750
9.510
9.550
9.380
9.290
9.390
9.260
9.250
9.460
9.580
9.510
9.470
9.480
9.440
9.450
9.510
9.400
9.730
10.320
9.630
9.650
9.700
9.770
9.810
9.850
9.880
9.730
9.600
9.720
9.620
9.740
9.810
9.950
9.820
9.890
9.840
9.810
9.900
10.120
10.340
10.400
10.440
10.530
10.600
10.350
10.360
10.260
10.550
10.550
10.270
10.140
10.200
9.660
9.600
9.510
9.640
9.600
9.990
10.130
10.180
10.390
10.410
10.250
10.130
10.290
10.390
9.880
9.610
9.740
9.700
9.740
9.760
9.870
9.970
9.870
10.000
9.970
9.950
9.880
10.130
10.070
10.490
10.550
10.530
10.540
10.040
10.770
11.090
10.800
11.090
11.230
11.540
11.070
11.110
11.140
11.140
10.710
10.790
10.950
11.120
11.190
11.400
11.440
11.370
11.550
11.370
11.710
11.860
11.450
11.260
12.090
12.480
12.280
11.920
11.770
11.360
11.300
11.050
10.500
10.850
10.760
10.890
10.940
11.200
10.820
10.920
10.860
11.270
10.670
10.750
10.810
10.800
10.450
10.500
10.000
9.950
10.400
10.150
10.880
10.510
10.430
10.170
9.650
9.610
9.550
9.400
9.220
8.810
8.680
8.600
8.580
8.610
8.690
8.490
8.460
8.520
8.540
8.400
8.800
8.520
8.210
8.140
7.810
7.830
7.520
7.620
7.680
7.700
7.590
7.650
8.060
7.930
7.970
8.120
8.220
8.110
7.900
8.100
8.320
8.240
8.270
8.130
8.300
8.250
8.310
8.200
8.060
7.900
7.890
8.380
8.140
7.990
7.650
7.860
7.910
7.710
8.100
7.700
7.830
7.900
7.270
7.120
7.500
7.500
6.970
7.150
6.750
6.450
6.220
5.930
5.960
5.980
5.860
5.910
5.880
5.800
5.720
5.750
5.780
5.950
5.950
5.970
5.900
6.070
6.070
6.440
6.830
6.750
6.840
6.640
6.690
6.750
6.720
6.480
6.470
6.450
6.650
7.200
7.330
7.000
7.060
7.030
6.900
6.870
6.820
6.850
7.050
7.140
6.980
6.850
7.000
6.790
6.960
7.020
6.450
6.700
6.660
6.750
6.550
6.480
5.960
6.130
6.180
5.890
5.810
6.160
5.980
5.670
5.400
5.570
5.540
5.220
5.080
5.460
5.590
6.120
6.090
6.280
6.160
6.030
6.200
6.050
5.850
5.390
5.910
5.660
5.450
5.260
5.420
5.200
5.700
6.010
6.270
6.270
6.180
6.200
6.470
6.260
6.090
6.330
5.900
6.500
6.570
7.010
7.410
7.950
7.900
7.630
9.030
9.400
9.300
9.010
9.140
9.200
9.020
9.430
9.420
9.390
9.660
9.510
9.540
9.210
8.810
9.010
8.880
8.900
9.480
9.450
9.400
9.150
9.450
9.470
9.600
10.600
11.020
10.620
10.600
11.490
10.010
9.720
9.650
9.750
8.450
9.010
9.090
9.200
8.610
8.460
8.300
8.450
8.220
8.110
8.200
8.210
8.660
19.570
18.980
19.760
19.390
18.100
17.250
16.650
17.290
17.160
16.210
16.880
16.490
15.900
14.910
14.560
14.090
14.200
14.000
13.710
14.690
14.880
14.480
14.550
12.900
13.170
13.330
12.330
13.000
15.080
15.000
14.480
14.120
13.000
12.850
12.780
15.010
17.250
16.930
17.480
19.000
19.410
22.000
23.790
23.000
20.080
24.540
22.500
23.010
20.400
20.500
20.770
20.000
18.650
18.100
18.000
16.510
18.130
19.120
20.580
19.600
19.200
23.090
23.050
22.330
21.980
19.800
19.880
18.020
16.200
18.850
17.140
15.680
20.460
19.330
22.000
25.800
24.500
28.690
29.430
33.110
32.110
28.330
28.000
31.950
31.200
34.450
35.040
34.460
33.980
31.800
31.200
33.270
34.480
34.960
37.950
39.510
35.480
32.600
34.480
30.500
29.630
27.250
30.000
28.100
28.670
29.180
27.230
26.070
26.530
26.520
27.300
28.700
24.520
25.500
23.520
24.500
24.000
21.800
19.010
19.860
19.350
18.880
19.690
17.880
16.870
16.590
16.800
16.600
17.800
17.290
17.200
16.670
17.700
18.610
17.900
17.500
17.450
17.120
17.010
17.400
17.410
16.990
16.460
16.600
16.430
16.290
16.100
15.600
15.720
15.290
14.930
15.050
15.440
15.250
14.950
15.610
15.640
15.250
15.480
15.090
14.440
14.610
14.430
14.430
14.590
14.160
13.890
13.690
13.640
13.410
13.890
14.610
14.290
14.130
13.690
13.650
14.010
13.960
13.930
14.100
13.910
14.330
13.710
13.750
13.120
13.020
13.580
12.890
12.860
12.360
12.470
12.740
12.620
12.810
12.350
12.250
11.930
12.180
12.800
12.780
12.800
12.770
12.550
13.370
13.990
13.910
14.210
14.400
13.800
14.050
13.750
13.450
14.660
14.890
15.530
15.750
14.820
14.750
15.320
15.590
15.450
15.850
15.050
15.110
14.670
14.690
14.490
14.440
14.110
14.070
14.460
14.090
15.190
15.250
15.870
15.600
15.780
15.600
15.240
15.530
15.860
15.780
15.200
14.940
14.900
15.210
15.470
16.060
15.850
16.300
16.530
16.630
16.640
16.630
17.280
17.880
18.000
17.790
17.630
17.830
17.160
16.500
16.490
16.700
16.560
16.660
17.470
18.490
18.200
18.100
18.360
18.450
18.360
18.600
20.000
19.110
16.850
16.930
17.490
16.750
16.480
17.340
17.650
17.330
17.490
17.000
16.180
16.100
16.400
15.690
15.920
15.650
14.990
14.720
15.110
15.250
14.700
14.500
14.950
13.660
13.550
13.040
12.900
12.100
12.600
12.900
12.820
12.650
12.470
12.330
12.850
13.200
13.070
12.800
12.790
13.200
13.030
