41.900
41.680
40.940
41.460
42.300
41.010
40.900
40.310
39.700
40.500
40.600
41.010
40.850
40.550
41.000
39.500
39.080
38.380
39.600
39.600
39.100
37.160
36.730
36.790
36.570
37.690
38.460
37.360
37.700
37.120
38.700
39.440
40.000
39.620
39.110
38.080
37.900
37.800
37.810
37.580
37.300
38.480
38.080
37.580
38.000
39.400
39.330
38.100
38.200
37.500
37.000
37.700
39.200
39.550
39.970
39.900
40.980
41.000
41.620
42.450
44.300
46.000
45.870
44.960
44.190
45.550
45.700
45.110
47.070
47.710
48.200
48.000
47.110
46.900
47.660
46.840
46.010
46.000
44.570
44.950
44.800
45.160
45.460
45.800
45.000
44.930
43.990
44.040
44.520
43.750
42.500
41.900
41.700
42.300
43.120
43.000
42.560
43.020
43.000
44.320
44.680
42.580
43.930
41.940
41.480
41.040
41.400
41.000
40.500
40.200
39.700
39.970
41.230
41.340
42.130
44.580
44.840
46.000
47.310
47.520
48.640
47.580
47.200
47.160
46.810
48.360
49.550
49.500
48.380
51.900
52.430
52.170
52.700
53.290
52.000
51.450
52.010
51.990
54.880
54.900
54.990
51.870
51.880
52.480
54.730
53.040
52.530
55.000
56.370
56.500
58.000
56.990
58.150
59.510
59.000
57.200
55.000
55.100
52.500
52.960
51.800
53.400
53.740
51.720
52.700
52.220
52.930
50.150
49.990
45.850
45.410
44.040
44.200
44.300
45.600
45.600
45.530
46.200
45.100
45.390
45.990
45.850
46.200
46.680
47.000
45.640
47.680
47.000
44.540
44.500
44.920
44.970
43.600
44.780
45.950
44.270
43.840
43.680
42.730
43.000
43.180
43.120
41.500
38.770
39.600
39.200
38.800
38.300
38.250
39.200
37.000
35.490
35.180
35.930
36.550
35.880
35.310
35.820
36.100
35.770
35.430
34.880
35.760
35.780
38.800
38.360
38.200
39.250
40.000
39.420
37.610
37.300
37.310
37.750
37.600
36.510
38.300
38.700
38.700
38.050
38.380
37.000
37.580
37.790
38.060
37.800
36.090
36.000
36.410
35.110
36.150
35.660
34.900
34.800
32.750
33.510
37.100
35.620
33.840
33.670
33.450
33.280
32.640
31.040
31.010
30.940
31.000
31.210
31.300
30.500
30.200
29.850
30.300
30.800
30.240
30.510
29.020
30.440
30.070
32.100
34.090
33.680
33.600
32.790
32.900
32.250
32.570
32.340
34.140
34.000
34.490
35.150
35.220
35.700
35.630
35.820
34.380
34.330
33.270
33.550
34.880
34.210
32.990
34.000
35.200
33.500
34.400
33.660
33.430
33.900
33.170
33.020
32.700
31.100
29.990
31.200
30.600
29.600
28.300
29.550
29.500
29.550
30.410
29.700
30.350
28.900
27.550
29.580
30.920
34.240
34.580
35.240
35.010
34.270
35.000
34.470
33.000
30.960
33.190
32.200
31.010
30.500
30.650
28.500
29.900
30.180
33.100
33.490
32.800
33.850
34.200
33.000
31.310
32.800
30.000
33.130
32.600
35.700
37.300
40.110
40.420
38.820
47.280
49.300
47.200
47.070
48.080
46.200
45.510
48.420
47.280
47.190
48.200
44.550
43.380
42.700
41.290
41.800
42.200
42.990
45.280
44.300
44.400
42.150
43.520
43.600
42.700
46.530
48.400
46.770
44.470
45.130
45.800
43.900
48.070
52.020
46.990
49.400
45.000
43.390
42.990
42.000
40.690
41.800
39.870
39.650
37.320
38.610
40.000
40.800
40.200
42.000
40.680
37.950
38.890
37.100
38.030
35.940
33.610
35.050
35.340
33.230
31.420
31.350
30.070
29.880
29.510
28.310
30.810
30.600
29.300
29.900
28.000
28.250
28.160
26.000
27.440
31.600
31.580
31.880
31.800
30.000
29.500
28.410
30.900
34.000
33.660
30.800
33.400
33.500
39.700
40.740
43.280
40.700
44.040
43.080
44.990
43.490
44.680
45.700
44.190
43.100
39.210
40.000
35.700
38.750
42.000
45.480
44.000
43.940
51.600
54.580
54.950
52.600
54.000
53.500
48.030
40.180
52.100
48.100
43.730
39.750
29.700
32.480
36.090
47.000
45.500
54.130
52.080
51.900
61.660
63.750
69.670
64.880
68.000
74.900
193.000
187.000
179.990
192.000
177.000
174.480
164.300
166.660
183.000
189.990
200.000
181.700
171.400
172.000
179.800
167.590
138.800
132.300
135.000
122.400
124.060
118.990
119.800
122.500
113.010
105.900
106.200
107.000
113.100
112.980
118.270
114.170
122.200
123.400
125.000
115.000
106.200
99.680
103.100
102.000
98.980
107.760
115.000
116.000
106.500
110.580
106.000
92.700
90.550
88.360
86.980
84.800
87.340
85.010
89.000
88.510
89.000
79.400
76.650
70.270
69.860
69.440
68.000
67.230
67.680
68.200
69.990
66.300
65.210
66.100
63.810
65.550
64.250
62.850
62.030
63.390
63.480
63.340
62.800
61.710
61.200
60.650
59.990
58.740
60.460
60.870
60.800
60.140
60.100
62.230
62.980
62.300
62.750
62.390
62.840
62.990
61.900
59.810
58.340
57.800
57.800
58.950
57.700
59.180
59.800
59.980
60.180
57.700
59.500
59.410
58.600
60.800
61.880
60.980
58.920
57.600
61.890
64.000
65.230
66.580
68.000
65.940
65.990
65.880
64.780
68.050
70.800
72.600
72.580
72.500
72.510
69.000
70.000
68.510
68.000
68.990
68.510
67.580
71.810
75.000
73.330
71.610
71.100
72.900
69.680
70.200
72.430
70.660
69.900
71.520
72.210
70.050
69.890
71.200
75.030
74.100
73.110
78.520
69.490
66.880
65.970
66.810
65.180
64.780
66.100
64.950
64.380
62.940
62.600
63.680
62.800
61.650
62.200
61.880
62.230
62.010
64.430
64.020
62.700
62.260
61.690
61.950
62.380
61.490
61.160
60.800
59.050
58.580
59.170
59.040
60.690
61.990
61.500
62.700
62.100
62.200
62.080
61.450
61.000
60.420
62.300
61.770
60.690
60.490
60.050
59.600
58.680
59.730
60.100
60.930
61.870
61.400
59.500
59.500
60.100
59.310
60.490
60.300
62.200
66.370
65.500
67.500
66.400
63.880
67.280
66.390
