5736.00
7340.00
8244.52
13927.00
17752.23
12997.75
14912.42
11210.20
18688.09
22616.14
21787.79
13622.98
6218.60
6140.36
6031.86
8074.51
12759.59
7160.01
18951.68
8897.52
5931.10
12590.92
11170.00
8224.14
17801.43
48428.41
9501.87
3385.34
10014.63
16203.49
10959.00
12791.32
12189.01
15122.21
22017.84
27477.17
14575.05
25456.45
18393.23
13558.02
10666.22
10899.58
11851.20
11570.50
12072.72
7146.08
6614.92
8442.86
8992.76
15429.41
15443.76
9576.95
11106.31
21271.75
7770.02
7913.59
19581.04
20316.21
12751.07
24507.44
12814.53
11396.80
20536.26
20915.90
12289.13
15277.87
26662.37
28296.58
24924.03
23828.69
7891.21
7829.73
12058.47
10535.40
12752.70
17488.44
30475.74
11698.92
10576.01
9075.51
8848.37
8887.06
8933.30
8347.40
10606.12
7452.05
13737.10
8773.98
17155.87
18665.83
8407.70
15460.66
9394.85
25674.82
12364.34
5652.40
8373.46
7770.58
11659.62
9700.21
7831.36
4756.37
5759.07
13717.24
4222.77
6234.75
12388.62
9848.33
21539.58
8097.15
4669.56
9618.75
7583.02
15000.52
8017.00
7892.46
7243.01
18621.82
12481.00
12712.10
9916.06
26820.89
21163.47
41291.54
29717.57
19652.53
19982.02
24912.95
31886.45
89087.64
12359.28
13535.47
11520.00
38416.60
15995.52
26117.19
33738.43
37608.99
34737.42
19607.78
30954.58
53330.07
53650.35
50138.51
78340.29
49770.39
22083.00
22995.00
23519.60
53772.26
11223.00
11945.25
25664.79
39717.33
29364.14
35139.81
27670.71
40787.74
16158.43
15797.63
19532.40
40235.44
31685.60
22426.75
28664.46
43525.00
36853.63
49284.51
106768.28
31572.01
29298.79
38965.70
40630.59
41653.83
41279.95
63235.97
73641.15
71577.64
35676.81
55357.32
56112.82
27429.32
52784.81
52453.71
66134.33
31094.15
54965.61
53658.57
65139.62
95118.71
54128.17
68100.67
95484.33
127925.00
261392.80
122482.17
36907.39
67135.08
67050.73
121809.26
100557.76
104709.29
80770.09
126357.47
71843.35
52131.32
80799.18
48876.25
94173.18
117219.93
101102.73
206523.92
89815.71
108138.17
98322.59
73951.48
56550.10
49399.68
83103.11
64015.03
41000.50
72596.54
112572.23
104042.37
132546.69
74383.73
77732.47
70764.10
120115.38
65748.42
45754.42
47960.60
81735.83
82376.06
58738.40
69059.61
58690.60
54989.57
39632.00
30564.97
40314.16
38293.89
63654.85
27413.55
44161.01
35243.27
52399.86
61294.87
53991.92
59953.44
84406.80
68186.29
109492.67
97122.45
105177.49
67055.21
65909.95
52977.89
42993.94
60799.68
14860.00
68255.30
93071.62
71084.54
52652.89
59203.17
74253.79
91929.24
103029.12
127173.92
155257.72
67028.99
113705.72
126404.56
213740.88
108428.91
71594.03
58441.67
35827.59
52081.05
47428.68
64670.38
70437.47
89028.72
63413.67
63719.93
87166.24
130863.95
165462.48
179801.20
126752.09
113066.36
243307.25
166303.94
89657.24
71245.77
132999.69
102814.48
85141.88
132012.66
125910.65
110465.00
121301.68
119119.82
81880.10
86355.46
48446.95
70733.37
77464.67
73649.81
102570.55
198344.23
226589.30
165965.81
164897.77
215348.84
183351.80
196733.89
278761.94
129293.25
124861.33
195021.19
214030.77
167030.30
226715.38
2717.00
86070.49
101312.41
57526.94
75821.20
69109.19
84447.57
94177.11
79394.25
53437.13
87111.42
74263.60
76892.34
72790.21
74854.09
69530.10
91059.31
70034.62
61521.47
77236.71
54232.87
57141.02
95852.43
70450.46
83105.13
52177.22
60718.10
89762.05
78498.12
112058.05
114769.44
89462.99
130206.17
103230.62
98664.85
138079.20
133608.39
135237.34
102845.42
149401.27
114947.01
95693.99
89268.46
131996.17
128375.70
133693.98
119182.27
176995.09
155562.94
175562.72
212915.28
290837.78
225050.20
254747.23
256384.98
3525.46
3622.00
7701.00
157674.19
85365.25
95831.70
98559.20
123683.17
79451.58
74286.87
101078.12
64154.68
81936.33
68441.40
94903.51
193689.69
124281.40
122428.40
134683.34
78993.04
101085.60
58923.92
95413.10
82962.19
112778.23
98422.87
126239.78
87018.27
103781.48
101666.06
137410.09
119205.76
127646.39
219850.20
88607.95
37503.81
125705.93
94661.31
62566.71
121112.86
132050.66
179137.77
116795.35
96943.26
62182.55
62486.02
51559.02
67938.26
110169.72
47313.10
33256.67
44854.92
63492.10
75309.51
43009.74
37153.42
43302.73
48585.43
55993.55
45571.19
34981.25
58696.50
52979.19
39332.14
58367.73
45850.39
38315.62
38190.73
44688.26
72421.42
77509.46
46711.31
78590.28
79018.29
98356.49
44214.69
86284.70
86475.83
87969.63
111217.32
55848.39
93462.59
113632.72
66015.64
57967.11
33260.26
44091.65
95813.14
49719.07
45343.09
35299.02
26917.47
26922.43
29719.52
322.00
13155.21
16960.72
14154.62
11892.28
11343.63
12104.52
19456.11
14991.55
21227.53
9796.73
13777.60
9245.69
13824.07
10729.60
17485.37
21059.03
21856.04
37189.98
29595.14
53206.97
45575.17
26573.39
20956.83
11856.52
10723.81
14621.87
11197.04
18282.27
15826.51
15442.88
22907.42
14895.96
16001.12
16669.67
20727.85
10776.22
14270.93
19640.81
17742.78
26476.26
26851.69
14728.58
14152.92
31973.38
21460.97
14310.99
17382.21
17686.78
40743.55
25529.42
34094.66
29851.53
27558.39
28110.21
32178.64
51842.08
40195.74
30966.81
39731.75
19613.66
20804.54
14322.97
20385.90
14380.07
18638.59
18573.72
34999.25
39643.83
43558.13
21908.68
60302.22
30697.69
22316.71
34838.47
31214.58
27165.44
34787.76
52465.25
34599.54
22372.26
33353.57
34557.44
47737.42
52750.51
75142.69
98660.80
138711.55
101211.26
61313.07
40113.04
75929.92
62883.46
38659.51
29126.36
29750.48
23285.88
18114.97
20447.63
22431.31
49238.14
14361.72
16718.48
21874.87
41382.64
33821.04
20727.19
37398.96
28129.08
38582.58
22728.54
40340.93
26801.96
36999.85
19665.27
13904.55
14584.41
16728.62
23623.86
55452.20
51581.95
33929.91
34718.71
71130.08
56346.27
23353.93
39673.63
18157.98
24926.27
19173.54
30181.50
38595.99
32241.15
38857.17
30936.29
57400.56
39655.33
41705.86
23157.78
16957.19
13527.62
30511.28
20018.26
14713.77
16689.27
16442.07
14964.62
22297.54
39682.04
39536.37
64892.82
113183.83
65633.41
87521.11
