-0.110
0.040
-0.190
0.160
0.100
0.000
0.160
0.090
0.220
-0.060
-0.370
0.050
-0.160
0.130
-0.350
0.220
-0.070
0.130
-0.530
0.790
0.130
0.100
0.740
0.050
0.190
-0.580
0.050
0.000
0.060
0.120
-0.480
-0.520
-0.080
0.060
0.050
0.470
0.000
-0.110
-0.210
-0.440
0.090
-0.010
-0.380
-0.010
0.020
0.050
0.020
0.170
0.020
-0.030
-0.560
0.030
0.010
-0.250
-0.360
-0.230
-0.320
0.010
-0.310
0.140
-0.360
-0.130
0.000
0.250
0.080
-0.440
-0.220
0.060
0.010
-0.100
-0.090
-0.410
-0.100
0.010
-0.110
0.100
-0.100
-0.230
0.420
-0.200
0.020
-0.240
0.240
0.150
0.330
-0.170
-0.190
0.260
-0.290
0.220
0.050
0.100
0.260
0.050
-0.210
0.030
-0.210
-0.240
0.290
-0.070
0.150
0.040
-0.210
0.090
0.040
0.000
0.140
0.080
0.030
0.130
0.380
-0.210
-0.320
0.160
-1.320
-0.130
-0.340
-0.060
-0.110
0.020
-0.110
-0.110
-0.040
0.520
0.120
0.020
-0.250
-0.030
0.290
-0.180
-0.210
0.020
0.080
-0.140
0.490
0.410
-0.300
-0.130
-1.740
0.100
-0.390
0.160
-0.120
-0.400
-0.770
0.240
0.170
-0.470
0.430
0.070
0.130
-0.520
0.580
0.170
0.040
-0.340
0.100
0.200
0.140
0.150
0.220
-0.410
0.020
-0.350
0.490
-0.120
-0.150
-0.440
-0.420
0.360
0.510
0.180
-0.180
-0.080
0.110
0.240
-0.040
-0.170
0.030
0.090
-0.010
0.390
0.070
0.020
-0.230
0.130
-0.560
-0.560
0.230
-0.070
-0.360
0.050
0.210
0.050
-0.380
-0.360
-0.640
1.800
0.110
0.010
-0.310
0.220
0.000
-0.020
0.100
0.100
-0.340
0.210
-0.120
-0.620
0.360
0.050
-0.200
0.380
0.390
0.070
-0.250
-0.160
0.210
0.080
-0.360
0.200
0.020
0.170
-0.330
-0.330
-0.360
-1.300
0.100
-0.160
-0.190
0.100
-0.150
0.100
0.270
-0.210
-0.110
0.300
0.150
-0.230
0.000
-0.140
-0.380
0.200
0.580
-0.170
-0.280
0.150
0.710
0.340
-0.580
0.550
0.130
-0.160
-0.320
0.110
-0.470
0.670
0.010
-1.250
-0.230
-0.270
-0.240
-0.150
0.220
-0.200
0.840
0.070
0.160
-0.050
-0.440
0.390
0.280
-0.010
0.180
-1.300
0.040
0.220
0.080
-0.580
-0.710
0.030
-1.860
0.170
0.010
-0.110
0.700
-0.330
-0.470
0.110
0.020
0.070
0.310
-0.410
-1.990
0.270
-0.500
-0.270
0.080
0.100
-0.530
0.800
0.070
-1.180
-0.360
1.190
-0.730
1.130
1.140
-0.880
-0.480
0.320
-1.350
0.320
-0.850
1.480
0.510
1.250
-0.880
-0.680
1.410
0.280
-1.100
0.730
0.660
0.690
-1.500
0.110
1.030
2.140
-2.220
-1.560
-2.800
1.270
-0.460
0.360
-0.370
2.470
-0.160
1.610
-0.130
-0.600
0.680
1.490
0.660
-2.190
-0.740
-2.680
0.360
0.030
-0.460
0.470
-2.930
0.010
0.900
-0.610
0.910
0.470
0.260
2.490
-0.100
0.890
-2.680
2.440
-0.710
-2.420
-2.320
-1.040
1.680
2.650
-1.200
0.160
1.650
1.920
0.030
1.600
-1.240
-0.310
-0.780
-1.570
2.390
-0.670
2.230
2.030
-0.630
-0.600
-1.140
-1.150
0.690
0.540
0.310
-0.350
1.360
-1.040
-1.020
0.640
-2.330
0.100
2.260
-0.180
0.580
0.160
-0.540
0.900
-1.170
-2.540
-0.980
1.330
1.080
-0.710
-0.700
2.310
2.100
1.440
1.780
1.620
0.810
0.400
0.380
2.380
0.140
-0.080
2.160
1.490
-1.070
2.060
1.870
-1.150
0.090
0.780
0.060
1.080
1.180
-0.220
1.540
-1.690
-1.900
0.510
-0.640
1.140
1.630
0.720
-0.900
-1.830
-1.900
1.840
0.550
-1.570
-2.160
-2.400
-1.640
-0.740
1.270
-2.730
0.900
0.000
1.300
-1.410
-0.110
1.840
2.300
0.360
0.110
2.050
-2.270
-0.250
-1.830
1.330
-2.510
-2.890
-1.170
0.980
-0.180
1.970
0.550
2.430
-0.160
-2.720
1.770
2.310
2.100
1.910
-1.560
-2.300
-2.550
-2.830
-3.150
-3.500
1.100
-3.770
-4.190
0.040
0.720
-0.780
-4.650
-5.170
1.690
1.130
1.680
3.700
0.850
3.880
-0.800
-2.850
1.450
-1.380
-1.830
1.160
3.260
0.010
-4.410
-1.880
4.190
3.810
0.820
3.390
0.040
-0.640
1.070
-0.630
2.470
0.140
0.910
1.510
2.640
-1.620
-0.180
-0.900
-0.650
-0.600
2.160
-1.160
-0.260
-1.270
1.740
0.910
1.770
-2.320
0.270
0.070
-2.990
-1.720
0.330
0.020
-0.550
-2.590
-0.960
3.350
1.560
2.900
2.640
2.400
2.180
0.530
0.090
1.570
0.830
-0.030
-0.670
0.850
-0.490
-0.070
0.360
-0.510
-0.640
0.500
0.620
0.680
0.460
0.010
-0.170
0.230
-0.320
-0.550
1.730
0.250
0.480
-0.210
-0.550
-0.690
0.840
-0.110
0.230
-0.710
0.030
0.460
0.830
-0.190
0.310
-0.210
-0.400
0.740
-0.460
-0.250
0.520
0.080
1.480
-0.340
0.220
-0.740
-0.680
0.320
0.280
0.890
-1.420
-1.810
-0.300
0.150
-0.340
-0.630
0.440
0.670
-0.070
0.800
-1.930
-0.850
-1.030
0.070
0.000
-0.350
-0.500
-0.600
1.520
-0.180
-0.330
0.370
-0.740
0.070
1.990
1.170
0.640
-0.070
-1.020
0.210
-0.680
-0.620
-0.320
0.550
0.300
1.790
-0.060
-0.580
0.760
0.110
0.480
0.630
-0.050
-0.550
-0.280
-0.160
0.240
-0.050
-0.290
-0.660
-0.280
0.510
-0.040
0.600
0.030
0.130
-0.340
-0.130
-0.230
0.800
0.240
-0.650
0.460
0.340
-0.300
-1.240
0.440
0.090
-0.730
0.950
1.610
0.050
0.320
-0.090
0.810
0.490
0.180
0.100
-0.230
-1.010
-0.550
0.570
-0.100
-0.350
0.170
0.340
0.140
-0.750
-0.340
1.040
0.270
0.140
-0.150
-0.010
0.730
0.000
-0.300
-0.310
0.420
0.090
0.180
0.120
0.150
-0.750
0.170
0.340
-0.320
-0.310
-0.260
-1.170
0.550
-0.060
-0.270
-0.540
-0.710
