19481.16
15888.78
17192.97
12244.62
13714.00
14064.90
19473.50
30059.80
38001.89
16396.08
16516.34
20643.46
37195.09
17928.31
20434.78
27019.53
11979.02
10318.04
10298.00
15115.15
12727.00
24612.70
9757.92
11767.51
13536.80
18546.20
15194.01
16677.07
38477.13
16755.12
45859.49
17320.00
13309.00
21750.44
34875.46
20631.40
14699.13
19783.04
17150.54
24860.00
32252.76
33207.10
16967.05
28899.12
15742.75
20349.71
18877.05
47777.74
15148.97
17733.48
34631.15
22490.89
21893.92
27688.90
15875.41
17440.29
28193.18
35928.76
38975.10
50373.74
44082.23
55123.52
93489.92
30337.81
22497.94
40394.94
32456.97
33934.50
41390.57
64598.76
23398.34
26060.68
31426.91
47543.98
60060.29
24378.11
11836.43
21193.70
20000.11
14506.60
19845.55
25355.88
21659.22
35024.46
17791.20
18468.66
18057.88
12249.20
23968.21
17228.86
25109.52
22529.38
30232.64
18086.67
15884.37
16183.79
19966.14
14266.17
20600.64
25243.88
45008.13
14266.59
17035.59
15017.22
9297.58
1.00
11345.29
9550.98
12581.37
24342.54
25642.41
25242.66
18152.58
22847.61
39272.96
13173.93
30468.70
14911.75
30764.00
15997.44
29766.68
14810.39
18678.03
15415.66
11623.58
15040.32
9684.77
14418.01
18079.13
10266.62
17838.68
13151.73
16349.50
7150.71
12566.28
17070.01
22547.83
24490.32
29616.11
18308.93
14468.85
20699.88
15927.11
28096.21
40269.00
20223.88
22740.25
41996.36
53508.09
56849.82
40438.65
43004.43
60248.60
33954.40
19938.03
23318.75
33264.23
44397.27
52874.27
43650.80
18480.15
37218.19
26064.00
36270.92
16967.74
22510.13
17930.12
22518.39
21270.23
31877.93
31368.58
53637.95
34076.02
30657.00
52609.15
47763.61
23948.40
61887.44
35327.25
17597.33
24813.03
53464.84
25432.38
24900.25
25636.62
22981.10
20849.25
31104.36
38374.35
33351.61
29618.56
19106.62
41323.53
54238.75
50929.14
137605.55
33283.14
60664.09
38490.82
21130.37
40231.14
23447.52
32862.28
24539.48
34595.04
33578.12
40505.70
40569.98
35566.99
39925.55
42475.25
31989.41
43437.90
49643.76
48766.17
34628.53
27830.59
37770.24
47937.02
26882.51
30583.52
37006.53
35179.58
26963.57
48443.34
88724.61
153606.86
200964.52
44557.28
44730.42
58151.62
45286.47
63337.03
56015.27
47331.04
53630.81
49585.68
86666.33
80819.33
75855.20
53687.76
77649.68
76409.62
97299.48
144833.80
194532.22
142275.02
141348.00
90441.85
82566.18
152470.44
133941.14
127223.16
100763.64
83724.06
76611.62
97761.75
126662.07
125610.43
148394.69
140829.66
95929.88
132279.62
99331.57
80815.26
51329.94
77843.56
85639.07
120247.40
104597.95
81778.91
70241.71
101061.46
81140.95
83959.23
90469.13
89048.53
79701.04
64603.69
86533.26
107081.79
100455.25
105943.71
69474.13
50219.55
30446.43
54278.09
70470.84
77939.99
32209.73
45355.28
84398.38
79828.33
31681.18
41495.64
44257.67
53984.10
30272.69
53484.54
54684.69
76272.00
56549.80
83421.29
65817.93
117607.73
61859.92
114094.29
111562.30
103036.84
93298.16
71128.21
124773.83
123868.14
46308.21
56966.38
78830.74
103190.16
92043.26
126726.11
108629.59
140845.86
128626.49
52676.26
81557.45
89799.60
59056.71
72259.70
122544.55
176466.77
93220.39
85232.45
68029.84
92728.66
79427.31
84831.10
69436.04
63801.43
840.00
46925.05
30369.76
41165.94
52433.57
57814.56
55763.49
102907.79
137607.75
151350.84
80488.35
57404.01
40495.13
42680.04
38175.14
55779.84
66796.39
42939.58
45563.36
59276.62
45185.30
55958.24
57188.18
51882.72
53201.17
28240.74
19528.00
59775.86
32835.37
51557.69
79365.99
68515.91
62227.68
55056.73
70179.85
59727.16
67579.13
56137.34
38613.12
64965.50
57926.77
44569.05
56360.36
72010.05
86020.88
120633.77
87951.97
103314.41
64829.29
74832.32
119358.09
120933.71
96870.33
131337.09
207640.31
3843.45
9651.00
56569.49
118863.21
75039.92
67592.41
74296.05
72886.05
75932.31
44165.06
52258.81
64166.89
59257.64
57050.00
52154.38
85082.19
68766.61
83339.46
99365.16
80790.30
104517.95
97670.56
137712.64
125505.32
130164.70
163062.12
154493.28
203324.92
220283.05
145820.31
140058.27
135344.81
99695.73
109520.86
98728.11
121986.67
223757.62
108861.42
102431.42
56469.11
51027.26
62633.53
77783.67
114922.66
54147.78
56088.25
87296.60
86730.34
107532.44
117320.08
99376.14
92610.66
138840.02
163886.23
231752.98
135914.02
139747.78
166655.72
182978.88
212714.08
92089.42
62241.58
82195.66
56609.30
55132.99
39073.65
39192.79
46427.91
77989.65
64194.41
106292.88
95657.33
32603.28
19701.10
30790.91
43035.22
29569.44
45503.79
22338.91
53598.92
36669.33
64856.60
14686.97
14851.04
286.00
16148.93
22191.74
16540.50
13258.57
11124.51
12012.73
18908.15
20520.13
20250.56
21659.31
18902.08
13407.70
16813.80
18395.96
22506.95
47094.94
62186.03
72404.59
29102.27
28259.83
28228.53
26784.26
15913.31
17355.39
12860.69
14463.31
13498.98
14281.69
18919.15
18802.53
26028.71
36372.39
61249.31
41364.90
21800.45
23991.12
32304.25
27540.88
24808.28
43833.70
39552.84
36190.61
38572.54
50355.68
17727.16
25516.05
32072.16
38072.48
56137.37
37741.00
46871.95
27580.80
17123.41
16769.81
16688.08
16942.03
21234.21
20290.09
28314.66
28078.49
22779.66
25881.85
23943.88
12386.99
12550.45
16254.40
19395.55
28117.77
37792.17
22716.27
19862.13
17468.84
11499.60
15757.79
17054.94
41862.16
24225.83
42424.82
37974.23
37630.20
31419.26
34359.56
15975.80
15386.74
13104.83
30774.17
34765.75
7551.41
13593.30
25896.14
11625.29
8571.49
7064.47
7865.98
15414.55
11556.90
20240.59
15977.01
9567.63
8557.92
16087.28
23721.43
9985.30
12278.20
26091.12
16634.79
16627.75
17742.71
13250.64
16721.67
13047.17
12207.14
14606.25
10496.33
7177.32
11205.78
12887.03
11533.99
25440.65
13618.08
10102.79
12354.78
21402.96
13157.23
20470.85
21098.02
25413.64
26189.73
36998.82
68351.98
4709.35
