3.030
2.750
2.830
2.680
2.610
2.650
2.640
2.690
2.810
2.810
2.700
2.800
2.780
3.080
3.420
3.670
4.080
4.530
5.030
4.570
5.080
5.640
6.270
6.970
7.740
8.600
9.550
10.610
11.790
13.100
14.550
14.520
13.860
14.650
14.640
14.100
14.270
14.100
14.760
14.400
15.720
17.060
16.730
17.190
16.500
16.780
16.890
17.710
16.100
15.540
14.130
14.380
15.850
15.760
15.960
15.400
14.950
14.820
15.150
14.710
14.650
14.600
14.720
14.310
14.300
14.000
13.200
13.840
14.200
13.880
14.580
15.230
14.900
13.970
12.700
12.000
12.130
11.750
11.270
10.990
11.070
11.310
10.900
10.580
11.420
11.550
11.060
10.830
12.030
12.340
13.710
14.200
14.820
13.470
13.270
13.310
13.100
12.500
12.460
12.590
12.120
12.040
11.450
11.660
11.100
12.100
12.600
14.000
13.900
13.500
14.260
13.990
13.450
13.150
13.730
13.070
13.450
13.080
14.350
14.620
16.240
15.600
16.880
18.750
19.900
20.000
20.240
18.610
18.150
17.970
18.560
18.350
18.000
18.270
17.420
17.070
16.990
16.450
16.460
16.900
17.220
18.120
18.220
17.090
16.260
16.800
16.630
16.760
18.620
19.200
18.600
18.080
17.870
17.420
16.700
17.200
17.630
16.990
18.000
17.600
17.200
17.620
17.300
15.730
15.890
14.800
14.640
15.150
15.330
14.660
15.030
15.160
15.000
14.410
13.700
15.220
14.950
15.540
14.130
13.560
13.870
13.630
12.990
12.770
11.980
11.930
11.880
12.190
11.660
12.350
11.850
11.870
11.980
11.420
10.930
10.850
9.860
10.750
11.890
11.680
12.150
11.350
10.610
10.150
10.620
11.800
12.570
11.620
10.960
11.480
12.760
14.180
15.000
15.430
15.290
16.990
16.880
17.490
16.850
17.550
15.950
15.060
14.400
13.970
14.160
12.950
13.830
14.160
14.680
13.740
15.110
16.790
17.280
16.580
16.880
17.050
15.500
14.100
14.010
13.650
12.410
13.690
15.210
16.900
18.780
18.030
20.030
22.250
24.270
26.970
29.970
28.000
29.010
30.180
29.480
59.420
59.500
55.030
57.680
54.670
49.700
49.700
51.590
47.770
45.840
44.010
42.690
44.780
42.000
42.320
42.800
41.600
38.180
37.500
37.750
39.390
39.400
40.110
39.030
42.760
41.580
42.580
42.810
42.420
41.350
40.930
41.500
43.400
44.460
47.810
49.630
45.120
41.020
37.290
37.610
37.900
35.400
32.180
30.750
31.020
30.800
31.980
31.660
32.620
31.130
31.460
31.700
31.200
30.280
29.360
28.730
29.420
29.900
29.320
28.990
29.980
30.130
29.590
31.140
31.000
30.900
32.740
29.760
29.760
27.050
26.730
26.160
26.960
26.590
26.370
26.280
27.510
27.040
26.800
27.090
27.050
26.140
26.280
25.960
25.890
25.590
25.150
25.030
24.910
25.000
25.750
25.900
25.890
26.230
25.670
25.650
25.400
25.680
25.840
26.060
26.020
25.790
25.420
25.600
25.080
24.680
24.420
25.120
25.100
24.880
24.880
24.330
24.200
23.910
24.970
24.670
25.120
25.260
25.110
25.860
26.250
25.790
25.700
25.520
26.610
