9328.50
11981.46
6083.30
9657.54
5010.25
4987.08
5320.24
7656.00
13062.51
7495.39
9164.32
9042.48
11852.12
7049.17
11636.28
19864.26
15728.03
10421.73
10089.63
7441.04
14486.83
12080.53
6894.74
8164.71
11740.83
12566.27
6426.48
3649.88
5884.43
6420.24
8956.50
7847.91
4807.47
6263.50
8009.92
8476.09
5557.47
5633.12
9286.62
6850.10
5503.05
4614.10
4965.90
6432.00
5509.08
7091.26
8259.90
14702.35
7015.69
6613.02
8586.00
6787.42
11182.94
9598.68
9500.15
14295.19
17701.20
16840.87
23036.84
23667.89
34876.78
47810.79
44202.81
11505.53
8612.41
12730.39
10357.69
7163.47
12909.37
20151.87
10771.91
12475.52
11737.09
13389.56
14716.28
16030.98
7748.61
12091.33
14325.57
9215.30
9556.17
10897.76
10843.92
19664.17
12924.87
14629.27
22725.91
14040.32
12165.50
15522.95
14466.35
9250.70
11863.65
8209.14
8714.36
9253.29
7332.17
9973.30
9705.70
10132.66
14473.97
12208.08
15346.64
18550.78
8361.22
10.00
19453.94
18695.34
11741.16
8183.89
9611.98
6012.76
9690.32
14340.45
11800.82
9922.65
12480.51
8515.28
8507.83
9242.39
12243.10
18088.18
9021.05
7635.51
9729.25
6818.13
8435.21
10179.34
13664.40
11903.70
13650.44
21865.97
11241.92
6709.25
5692.48
8042.22
12291.11
21609.81
15573.90
12954.81
16278.11
17089.49
22946.01
21064.29
23972.20
33981.71
14015.93
20083.20
25292.85
24415.78
16825.97
26689.36
31547.86
23570.99
18744.68
14568.00
11720.62
13440.71
20614.50
13812.45
17113.63
12086.65
18028.50
27885.06
51215.92
28065.12
28367.32
16047.37
24547.19
21227.09
14669.40
22236.70
27702.08
31292.34
40427.10
30666.75
28277.01
40754.58
59532.28
64612.32
72854.15
55784.58
34787.91
22635.33
17592.41
24784.29
13454.65
24047.12
30666.98
30936.42
20754.39
33925.87
11530.42
9180.00
9534.83
10112.27
10163.01
13062.31
14076.95
12920.39
12761.95
12004.91
18891.03
16203.08
15841.91
17309.16
23661.59
22139.45
10665.93
11901.76
12483.56
14641.98
15023.68
14394.79
15341.44
13880.71
14494.39
29907.63
15889.28
36415.77
47649.20
20197.83
29869.77
44282.92
34377.20
27216.10
26702.97
22890.86
22947.67
30931.50
30310.58
42127.86
55687.14
27110.58
48506.09
37374.23
41148.38
53493.76
55780.22
57564.56
93497.73
73966.58
55513.09
52864.22
57707.20
35132.50
39998.56
39078.16
23080.60
27029.42
32114.07
20140.63
41865.25
34817.37
32469.73
41357.46
76538.33
53432.02
46106.69
44819.54
24915.09
27271.55
37858.66
36065.74
29781.80
36264.96
40052.54
48121.02
20835.89
25872.60
17553.02
17717.70
13856.91
11084.79
9471.86
14019.82
21912.29
16836.03
14052.71
15824.95
19245.19
10019.46
10156.44
9679.61
10071.99
11038.04
13639.66
21116.22
14056.62
13548.78
14475.89
19692.08
30467.14
45029.05
38637.50
27608.52
18292.87
12471.35
15572.62
20303.67
20124.56
12897.90
13006.99
16742.11
13983.59
16833.28
12033.48
16728.94
18031.44
17299.98
12349.49
8709.53
8938.26
12437.95
6927.08
6369.90
7525.31
12540.39
12492.44
16544.27
10389.89
10433.64
10889.65
12467.32
10926.60
16319.15
21107.86
18493.99
14150.20
17265.22
24687.15
18331.95
8902.86
6700.10
12394.42
7703.82
7448.96
7604.16
5464.38
7670.94
6031.58
7297.00
7823.96
6364.31
8347.11
9730.99
7839.71
10069.46
10344.66
11565.43
10729.91
10776.65
9836.97
11144.85
11217.85
3262.00
13790.03
15474.17
8143.27
13177.44
16140.10
16773.87
30985.41
33695.50
33419.80
2533.19
12941.89
17469.89
8338.30
11725.35
12685.26
5551.63
5888.37
4842.79
6245.55
9541.50
9404.81
12329.00
12124.94
10331.54
13928.40
19155.68
15011.41
15654.49
16155.76
17588.29
21110.45
10656.75
11825.40
11803.08
12290.48
16132.97
14432.34
30082.04
28517.83
20439.54
18096.34
20337.24
16521.52
14156.06
16333.36
13376.95
20599.04
16802.67
11253.21
17689.62
15448.85
17498.65
12889.34
10466.54
18421.67
10570.15
14205.77
13896.62
14397.58
14306.03
13495.85
13194.19
9275.19
15227.07
213.96
6453.10
10678.38
7990.41
9181.47
12552.41
9522.63
12070.84
11544.68
9095.35
13598.08
11147.89
7404.25
11910.53
8506.42
7156.86
15113.44
12163.49
8073.99
10205.95
9611.86
8883.64
12057.27
10695.50
14599.37
12724.99
9945.14
14426.55
7598.17
10043.69
11947.36
15951.75
23807.22
27152.09
12222.85
13160.83
15701.34
15163.25
12496.19
15490.16
12627.62
10988.13
10593.43
14829.86
14588.43
16637.53
19884.54
25543.17
23174.67
16576.23
14200.41
17226.48
15471.86
17202.74
18886.64
32029.45
18026.76
6241.86
19402.55
20388.71
7221.90
16083.47
14334.32
15077.08
17228.77
18172.63
14478.83
12993.14
11967.00
17001.85
14778.80
10224.42
9178.84
11699.31
14251.14
14049.70
13375.05
10544.46
13284.95
10762.10
23398.05
15924.65
16933.23
13859.66
16438.13
17124.69
23600.69
26275.43
22164.92
18576.67
23080.88
18494.24
18966.23
23484.90
23568.30
26325.41
29909.32
13666.82
28846.27
26493.63
26632.01
23989.04
14732.65
18152.75
16994.23
18828.46
30089.10
33244.12
34393.89
21356.56
15349.42
12438.71
16050.10
13451.95
15986.75
14243.13
12823.11
17152.60
18500.58
21102.37
26470.10
24356.93
24554.25
21633.89
22965.41
16072.11
12329.30
11252.05
19610.25
14553.08
36033.27
33585.72
33773.11
22365.09
23891.02
24274.50
31336.24
31926.38
28207.36
21202.86
33259.75
32839.51
37383.55
55449.89
91850.96
22472.58
26286.62
1735.49
215.00
56.00
28.00
43.00
10.00
112.00
