20.580
19.950
19.790
19.790
19.600
19.550
19.590
19.730
19.570
19.600
19.700
19.660
19.850
19.700
19.820
19.730
19.550
19.260
19.420
19.410
19.580
19.150
19.130
18.930
18.460
19.130
19.410
19.300
19.180
18.780
19.430
20.010
19.460
19.600
19.500
19.090
19.160
19.230
19.340
19.860
19.700
20.280
20.500
20.480
20.670
21.100
20.530
20.290
20.300
20.140
20.700
20.710
21.100
21.100
21.650
22.260
22.720
22.650
22.840
22.530
22.910
23.190
23.050
22.350
22.220
22.890
23.130
23.140
23.670
23.900
23.920
23.950
23.910
24.000
24.800
25.650
24.980
25.210
24.690
24.330
24.520
24.600
24.700
23.960
23.720
23.700
23.340
23.450
23.380
23.330
23.580
23.750
23.490
23.990
24.000
23.450
23.510
23.300
22.780
22.680
22.590
22.510
22.620
22.460
22.370
22.130
21.580
21.690
21.340
20.830
21.150
21.240
20.830
22.070
22.970
23.480
23.990
23.590
23.820
23.750
24.190
23.940
23.830
23.800
23.590
23.500
23.410
23.000
23.420
23.610
23.480
23.370
23.680
23.280
23.050
22.800
22.410
24.680
24.630
24.800
24.500
24.440
24.100
25.260
25.850
26.600
26.000
25.700
25.920
26.690
27.160
27.450
26.880
25.930
26.260
26.770
26.730
26.350
26.250
26.100
25.700
25.440
25.360
26.000
25.250
24.990
24.570
24.640
24.800
24.400
24.360
24.680
24.300
24.600
24.010
24.780
24.770
25.000
23.950
23.810
23.410
22.990
22.430
22.590
22.050
23.030
22.830
22.700
22.500
22.800
22.640
22.510
22.610
22.890
23.720
23.660
23.670
22.950
23.200
23.600
23.610
23.560
23.800
23.320
23.100
23.170
23.400
23.210
23.670
23.400
23.680
23.600
23.430
22.380
22.090
22.750
23.020
22.700
22.380
22.650
22.110
22.200
21.660
22.750
23.390
24.620
25.800
25.490
25.000
25.450
24.490
24.280
25.200
24.650
25.210
25.200
24.500
24.200
25.620
25.980
25.800
25.660
26.380
25.920
27.680
26.560
27.020
26.470
23.560
23.800
24.000
25.000
24.290
24.720
25.120
25.490
24.100
22.390
22.720
23.520
22.460
22.220
21.790
21.550
22.010
20.400
20.300
20.100
20.250
19.000
18.360
18.000
17.690
17.640
18.050
17.810
17.350
17.350
17.280
17.750
17.480
18.490
19.630
19.550
19.900
19.280
18.720
18.700
18.920
18.600
19.070
19.080
19.500
20.550
20.270
20.320
20.650
20.580
20.420
20.300
20.160
19.600
20.240
20.200
19.320
19.100
19.300
18.370
18.660
19.180
18.580
19.060
18.600
18.660
18.570
17.680
17.300
17.510
17.400
17.350
16.490
17.660
18.050
17.680
16.810
16.950
16.300
15.560
15.140
16.350
16.450
18.150
17.990
18.490
18.900
18.120
18.390
18.070
17.460
16.610
17.690
17.310
16.700
16.600
16.260
15.500
16.160
16.770
17.900
18.200
17.620
17.650
17.520
16.900
15.650
16.820
15.510
16.900
16.990
18.850
19.260
20.540
20.750
19.550
24.120
25.480
23.970
23.880
24.280
24.150
24.250
24.830
23.990
23.400
24.090
23.380
22.800
22.360
21.580
22.600
22.750
22.900
23.500
23.220
23.570
22.200
21.700
21.300
21.150
22.990
23.960
23.490
22.400
22.400
22.500
21.510
22.380
23.510
22.380
23.680
22.770
22.290
22.000
22.500
22.000
21.660
20.530
19.200
18.950
19.530
19.680
20.130
19.000
19.060
18.200
17.150
18.420
17.590
18.180
18.000
17.080
17.500
17.300
16.900
16.220
16.180
15.650
15.550
15.350
15.210
15.890
15.850
15.500
15.990
15.000
14.540
14.620
13.600
13.460
15.850
15.660
15.590
15.270
13.920
13.700
13.150
15.500
16.880
16.060
15.560
16.000
16.880
19.080
22.700
25.500
23.880
23.150
20.990
20.180
24.660
22.420
22.120
24.660
25.610
24.800
28.900
30.000
33.040
32.000
31.180
33.500
36.600
34.800
36.260
39.790
39.510
37.300
36.390
36.600
38.500
34.500
35.500
37.330
36.200
34.850
35.100
37.420
34.190
30.360
29.090
30.420
29.740
29.800
30.090
27.800
28.800
27.840
26.600
26.550
25.800
24.820
51.580
51.210
53.550
54.540
54.260
52.000
55.100
56.800
55.800
54.600
54.500
51.900
53.810
54.010
52.900
56.100
55.880
54.020
51.900
53.530
56.080
52.840
51.800
49.200
48.820
49.900
49.520
48.850
49.900
49.440
50.890
48.990
48.350
48.200
45.810
45.870
44.600
44.080
44.220
44.380
44.540
43.900
44.940
44.500
43.400
44.600
43.970
43.610
43.400
44.270
44.180
44.350
45.010
43.600
44.000
43.000
42.880
43.500
42.360
42.510
42.970
42.350
41.990
43.520
43.250
43.280
42.420
42.430
43.610
43.450
43.290
41.350
40.000
39.730
39.520
40.020
39.080
39.800
40.100
39.710
40.850
38.910
40.030
39.400
39.600
41.600
41.500
41.940
39.550
38.550
40.500
43.200
43.920
45.290
46.700
45.610
45.080
44.800
43.350
46.100
46.300
49.840
51.490
51.230
50.330
50.100
48.150
47.580
46.710
47.070
46.960
46.000
45.900
46.980
46.980
45.590
48.670
50.860
48.980
49.390
48.530
50.280
47.960
48.200
49.820
49.580
49.890
49.600
46.200
44.910
45.800
48.010
47.700
48.800
45.860
46.310
43.500
45.080
44.700
45.100
42.800
42.810
43.000
40.900
40.750
40.730
39.000
39.300
38.330
38.430
38.170
38.120
37.640
37.300
38.870
39.000
38.160
38.330
38.250
38.510
38.950
37.960
38.000
37.510
36.950
36.330
36.880
36.750
37.490
38.130
37.790
38.050
37.890
38.920
38.100
37.930
38.730
39.440
38.890
37.580
36.570
36.980
37.060
36.370
35.840
36.880
36.480
36.360
35.610
35.000
36.520
34.890
36.530
35.670
35.590
36.050
36.200
36.030
37.300
36.990
37.000
36.900
38.800
40.010
