0.080
0.370
0.410
-0.240
-0.020
0.240
0.150
0.070
0.700
0.240
-0.070
0.000
-0.230
-0.050
-0.070
-0.030
-0.220
0.050
-0.050
-0.670
0.150
0.490
0.110
0.250
-0.060
-0.140
0.040
-0.270
-0.130
0.070
-0.320
-0.180
0.120
-0.200
0.760
0.150
0.050
-0.010
-0.190
0.470
1.160
-1.290
-0.200
-0.120
0.280
0.110
-0.020
0.990
0.060
0.010
-0.420
0.050
0.170
0.060
-0.050
0.110
-0.330
0.240
-0.260
0.170
-0.420
-0.250
-0.120
0.620
0.460
-0.560
-0.440
0.160
-0.320
-0.090
0.490
-0.070
0.030
-0.550
0.500
0.070
0.570
0.010
0.220
0.690
-0.370
-0.080
-0.520
-0.010
-0.010
0.000
-0.080
0.420
-0.140
-0.110
0.060
-0.390
0.400
1.080
-0.140
0.600
0.340
-0.080
0.030
-0.090
-0.040
-0.050
0.930
0.030
0.280
0.420
0.230
-0.050
-0.480
0.030
-0.080
-0.100
0.320
0.830
0.330
-0.840
-0.490
-0.620
0.900
-0.020
0.020
0.150
-0.090
0.230
0.280
0.070
0.330
0.610
0.290
-0.090
0.050
0.340
-0.450
0.020
0.280
-0.090
0.050
0.000
0.640
0.200
0.190
-0.080
0.170
0.240
-0.060
-0.090
-0.170
0.020
0.130
-0.500
-0.070
0.240
0.050
-0.670
0.040
-0.740
-0.110
-0.060
0.070
-0.100
0.130
-0.100
0.420
0.100
-0.020
0.050
-0.330
-0.210
-0.190
0.000
0.260
0.420
0.460
-0.670
0.230
-0.620
-0.380
-0.900
-0.270
-1.030
0.240
0.430
-0.550
-0.430
0.370
0.340
-0.460
0.050
0.070
0.450
0.890
0.160
0.090
0.320
-0.240
-0.100
-0.160
-0.160
0.040
0.470
0.160
-0.340
0.050
0.030
-0.620
-0.320
0.340
0.040
-0.350
0.860
0.540
-0.510
0.540
0.730
-0.130
-0.070
0.240
0.050
-0.020
0.150
-0.060
0.470
0.070
0.010
0.030
0.060
-0.120
-0.140
0.060
0.280
0.260
-0.610
0.200
-0.150
-0.010
0.150
0.010
0.140
0.310
0.130
0.210
0.030
-0.070
-0.110
0.210
-0.240
0.080
0.080
0.150
0.280
-0.080
-0.240
0.460
-0.590
-0.650
0.140
-0.400
0.290
0.130
-0.120
-0.720
-0.800
-0.890
0.460
-0.940
-0.600
-0.180
-0.300
0.220
0.300
0.570
-0.540
0.110
-0.200
-1.160
0.370
0.170
0.430
-0.490
-0.500
0.990
-0.050
0.630
0.160
0.420
-0.130
0.060
-0.440
0.500
-0.390
0.420
0.240
-0.110
0.450
0.010
0.470
0.350
-0.240
-0.400
0.070
-0.140
0.010
0.180
0.410
-0.290
0.510
0.160
-0.070
0.110
0.220
-0.100
0.440
0.280
0.040
-0.040
0.430
-0.210
-0.360
0.100
0.390
0.330
-0.070
-0.180
-0.200
0.350
-0.100
0.170
-0.430
0.010
0.300
0.510
-0.310
0.300
-0.360
0.450
0.930
-0.160
-0.220
0.100
-0.180
0.640
0.010
0.170
-0.440
-0.580
-0.200
0.000
0.320
-0.140
-0.490
-0.250
-0.060
-0.320
-0.290
0.010
0.210
0.330
0.420
-0.870
-0.120
-0.510
0.050
0.170
0.080
-0.480
-0.140
0.210
0.100
0.380
0.080
0.030
-0.190
0.040
0.140
0.300
-0.040
-0.450
0.240
-0.920
0.060
-0.340
0.410
-0.300
-0.150
0.390
-0.270
-0.020
0.040
0.500
0.220
-0.160
-0.980
-0.070
-0.400
0.270
-0.590
-0.370
-0.920
-0.310
0.490
0.630
0.660
0.130
0.040
0.270
-0.030
-0.320
0.160
0.190
0.050
0.060
0.170
-0.250
-0.640
0.010
0.000
-0.090
-0.100
0.570
-0.030
0.300
0.130
0.420
0.120
0.290
-0.320
-0.110
-0.630
0.030
-0.150
0.910
-0.230
0.230
0.120
0.130
-0.500
-0.190
0.200
0.130
-0.130
0.700
0.620
0.320
0.070
-0.260
-0.010
-0.320
0.270
-1.240
