67278.70
40325.40
74015.66
119469.33
9705.00
15589.08
15551.74
15284.65
11323.10
10379.39
14334.89
20215.17
14553.32
36498.69
53460.25
31033.00
52142.93
39643.39
21220.95
45824.35
18598.10
13604.68
42493.73
14372.61
77282.66
17423.87
26650.31
14378.82
27005.34
27822.90
28845.21
16492.44
7167.25
17713.73
13161.18
11846.24
40229.85
22831.25
13320.89
13582.81
35384.32
44426.21
23853.28
22730.50
29807.80
15782.60
19502.65
34829.87
29347.16
38254.77
24601.68
50924.84
41044.81
60037.43
77362.76
131423.28
69294.02
81945.74
51649.71
37301.93
70686.79
35857.89
50572.09
58256.39
62577.08
83051.30
106617.32
125931.03
41869.43
63185.15
82923.70
121183.50
78071.98
97513.39
113739.58
38410.80
67752.52
24390.45
42829.64
66959.10
90657.98
101219.36
126899.25
115613.91
96075.92
91348.05
130418.62
199609.28
307304.66
143133.28
71296.84
44920.76
31515.42
22292.60
22085.60
28116.90
16781.01
15448.43
33256.45
28541.61
19993.00
23726.79
31782.24
30358.06
35633.75
39512.91
67534.72
44950.39
39216.46
20953.00
22467.20
23792.73
42948.21
34130.96
29258.66
22920.60
30725.93
51557.60
50494.60
19500.20
24375.60
40963.07
58044.92
29784.85
34306.30
33381.83
44918.46
45391.01
55217.87
49290.67
52141.60
87416.79
83970.53
66483.08
24198.02
45547.80
68641.80
91245.09
37716.19
31307.89
46856.68
35501.76
25782.61
36966.23
31645.12
33723.12
54378.72
54187.36
84213.00
57719.63
44983.60
108721.76
94762.49
50028.91
56869.20
30093.40
29500.39
46808.68
42583.99
60047.13
50986.30
73414.59
112451.20
46361.63
61582.78
70277.44
63843.49
52171.08
103938.67
129615.25
98507.78
97069.31
123385.70
142165.48
188610.56
350729.41
142465.91
196631.44
56702.77
47165.01
51374.50
40756.12
37207.64
36791.52
40086.13
28083.44
51171.80
42773.51
29034.68
35380.17
57222.43
45467.64
61984.80
81710.58
21098.32
24499.34
29059.20
41871.69
79984.32
57477.64
13285.40
17186.55
21552.36
23263.88
23998.20
18088.24
18785.15
17586.79
21795.52
34480.29
48520.66
55465.72
34719.66
71807.37
40700.22
50833.03
76690.39
63894.23
98347.16
19308.51
32623.86
62185.75
54834.97
46585.12
87426.10
42381.12
71088.22
34227.32
49788.85
38492.28
53397.35
62936.78
73552.16
102478.66
140717.05
46455.97
25724.00
46406.52
33032.20
48459.49
32479.60
54138.16
43982.95
62219.26
47190.14
33207.92
23377.81
52459.96
17577.55
23391.87
24023.06
34964.91
29504.90
40336.61
39069.59
31940.80
33036.72
39744.89
38605.25
55390.67
56634.89
35340.44
33646.58
30402.78
37267.62
36353.02
44823.22
38243.84
71719.49
36995.01
42005.27
49827.51
29580.22
41399.26
91839.35
104269.71
38736.16
40457.86
54627.37
69670.78
43243.18
79780.14
67081.66
42866.16
84873.61
42836.67
75976.83
98600.90
77446.06
31247.00
92429.80
92170.09
56299.57
34940.11
69355.50
57902.48
54727.87
33802.87
51041.27
55925.40
73045.23
109274.88
121421.98
102755.54
56255.98
47639.08
40543.29
54955.18
65521.89
104736.71
192862.83
62683.78
51102.09
68574.59
60238.16
45974.53
80924.52
98723.91
96152.15
92725.50
67455.13
122770.84
88035.81
54003.30
80233.40
133785.59
87447.75
113162.64
122550.85
107678.74
80860.05
91474.27
91781.14
112988.11
92332.39
43448.78
70087.54
63790.86
64780.47
120889.67
170826.81
125723.16
83073.50
69663.58
138418.06
113179.85
77544.43
106452.42
86853.18
98660.11
95035.92
100850.72
58324.13
56276.79
825.00
28177.64
33083.76
41583.41
56104.27
48195.39
55618.14
94124.44
105514.24
103185.70
113063.24
66742.66
68326.39
73154.20
56067.74
101991.66
115400.87
68836.07
66141.92
57111.68
62860.24
69949.49
95554.61
82331.25
88590.78
66352.51
46858.40
74775.21
72133.11
94494.71
115952.53
85905.40
97701.33
99252.96
101598.92
140008.41
121068.26
96682.47
71921.39
116947.26
107473.77
94046.22
89966.39
141192.91
140279.56
142993.41
131189.69
180927.48
131029.47
172112.02
199222.89
159471.14
204283.31
252988.69
114931.40
319502.78
564557.06
66454.32
60829.59
75564.56
89832.02
125314.71
268805.91
85511.97
50007.18
35910.06
49882.03
68277.58
54107.52
46265.30
58779.88
53765.15
65820.41
75880.24
59493.10
61616.25
37488.71
36971.77
34451.84
45109.01
35925.71
29208.48
42994.96
39335.14
25444.64
37978.18
45353.32
38944.35
32427.36
12739.60
12298.14
10304.72
13206.20
16704.77
21787.94
28981.01
31039.00
26902.31
38022.23
25942.65
51161.77
33140.03
37735.29
37293.66
41816.91
67144.39
37534.45
61977.81
62859.04
26120.52
25444.29
40460.14
30646.20
19956.09
31202.60
18916.20
37153.45
29533.07
29023.52
29462.96
28889.31
24532.42
15503.65
37106.63
34795.74
10458.53
13251.99
12700.53
15672.83
15684.75
25748.96
16669.43
19141.47
11230.22
10493.30
15098.99
18074.45
28817.44
105.00
21297.49
26231.69
27180.70
31800.62
19048.78
19741.16
13540.46
20886.49
14138.41
13344.80
8210.50
8642.78
9812.79
15508.00
18855.60
54375.37
28871.75
15455.75
27496.07
27636.34
13244.64
21727.44
14387.95
11483.58
12598.83
23771.53
11958.85
14889.47
13048.73
20562.24
20288.30
22648.80
36261.54
13573.50
14950.88
10620.31
9283.90
17531.27
14474.14
19118.27
13863.13
9686.69
18814.85
15610.55
19502.60
18177.36
15862.23
20251.84
37743.33
16653.78
27900.67
18509.56
16528.53
16906.83
20553.23
24751.85
17205.85
18021.49
18251.31
13593.59
18747.09
11909.00
17890.86
9289.49
12910.57
10546.96
16629.95
15299.19
21729.65
22666.06
21106.95
26818.13
12281.10
14682.76
17028.07
16278.48
25432.80
25596.03
27386.00
25623.59
28173.39
20997.63
17042.27
9833.60
13833.88
19398.31
17161.25
21014.37
22139.97
12878.23
9248.44
15954.97
14125.29
7969.49
17267.58
13825.35
21198.15
20733.70
13480.47
12446.65
11332.02
12711.28
13908.63
24085.44
14973.56
8619.61
18468.99
10981.11
17932.63
10978.55
11903.32
21923.38
26622.39
14963.58
9944.29
9534.50
13024.63
25594.33
12914.76
22330.60
18301.45
18992.92
29371.50
24557.61
20214.68
30668.96
19837.65
25393.79
28884.48
11724.45
17521.98
15124.98
17583.07
21415.56
24822.10
15621.92
11430.54
13515.07
11541.49
8302.46
14592.84
18262.77
11561.60
14303.65
17973.65
12372.13
16442.06
22554.81
21480.26
22368.52
27217.26
31564.70
22590.32
