-0.290
0.660
-0.330
0.230
0.760
-0.140
0.230
1.000
0.650
0.120
-0.370
1.210
0.130
0.020
-0.210
0.220
-0.200
0.280
-0.610
-0.930
-0.630
-1.140
-0.080
-2.260
-2.510
0.020
-0.220
0.010
-0.110
-0.100
0.000
0.770
0.160
-0.300
-0.430
0.480
-0.080
-0.050
0.930
-0.780
0.750
-0.510
-2.620
1.560
-0.080
0.660
0.170
0.300
0.990
0.150
-0.240
-0.190
0.640
0.180
0.020
0.240
0.030
0.000
1.200
0.030
0.010
0.040
0.250
-0.690
0.280
0.000
0.870
-0.020
0.030
-0.190
0.060
-0.360
0.410
-0.320
-0.140
0.000
-0.320
0.750
0.010
0.540
-0.060
-0.460
0.710
0.050
-0.430
0.380
-1.200
-0.230
0.720
0.650
0.660
0.440
-0.050
0.500
0.020
-0.220
0.150
0.630
0.220
-0.110
0.210
0.660
0.100
-0.270
0.030
-0.500
0.170
-0.060
0.670
-0.190
-0.110
0.030
-0.690
0.240
0.020
0.720
-0.090
0.510
0.620
-0.350
-0.270
-0.080
-0.310
0.510
-0.010
0.000
0.760
0.090
0.390
-0.750
-0.060
0.010
1.430
0.530
-0.340
-0.090
0.010
-0.010
0.230
0.040
-0.090
-0.600
0.420
0.010
-0.100
-0.150
0.120
-0.160
-0.020
-0.320
0.130
-0.250
-1.140
0.130
0.190
0.110
-0.150
0.660
0.400
-0.190
0.200
0.470
-0.130
0.220
0.870
-0.120
0.060
-0.160
0.260
0.010
-0.020
0.220
-0.110
0.770
0.090
0.010
-0.040
0.210
-0.160
-0.100
0.510
-0.170
0.250
0.110
-0.400
0.360
0.050
0.310
-0.060
0.040
-0.010
0.450
-0.020
0.050
0.060
0.030
-0.200
0.040
0.230
-0.010
-0.690
0.110
0.260
-0.130
-0.070
-0.210
-0.070
-0.800
-0.950
0.130
0.400
0.470
-0.260
0.230
-0.170
-0.030
0.100
0.020
-0.780
0.160
-0.320
-0.220
0.610
0.590
-0.330
0.260
-0.470
-0.400
0.390
0.390
-0.100
-0.090
0.490
-0.490
-0.210
0.090
-0.490
0.160
-0.290
0.360
0.630
0.620
-0.330
-0.670
0.220
-0.050
-0.310
-0.720
0.950
0.150
0.090
0.100
1.050
0.070
-1.260
-0.640
-1.470
0.500
-0.330
1.320
-0.190
-0.110
-0.120
0.760
-0.020
-0.050
0.440
-0.420
0.350
-0.190
0.650
-0.300
-0.470
-1.430
0.600
-0.150
-1.120
-0.130
0.950
-0.030
-1.570
0.130
-1.730
-0.200
-1.950
0.900
-1.680
1.280
-0.910
-2.180
-0.480
0.180
0.790
-1.170
0.390
0.660
-0.460
-0.650
-0.170
-0.530
0.150
1.000
0.930
-0.150
-0.170
1.980
-0.710
-0.620
0.320
0.780
1.820
0.840
-0.430
-0.080
-1.770
-0.220
0.050
0.920
0.010
-0.170
0.450
-0.750
-0.440
1.190
0.200
-0.700
0.790
0.590
0.100
0.510
-0.040
1.010
0.090
-0.630
-0.460
-0.050
-0.600
-0.130
0.410
0.240
0.030
-1.910
0.530
1.690
0.110
0.370
-0.230
-0.230
-0.810
-1.970
1.790
0.010
1.630
0.440
1.440
0.980
0.690
-0.300
-0.440
0.920
-1.390
-0.580
-0.550
1.040
-0.890
-1.660
-0.220
0.980
-0.390
1.190
0.520
1.320
-0.710
-1.540
1.400
-1.560
-1.730
1.410
0.890
1.360
-1.510
-1.680
-1.870
0.460
-0.890
-2.130
-2.980
-1.390
0.000
-5.180
4.740
4.260
2.380
2.500
-4.200
3.860
3.510
3.190
2.900
2.040
1.660
0.630
0.910
0.190
-0.360
0.010
0.010
0.820
-0.340
0.590
0.390
0.090
0.070
0.860
0.520
0.430
-0.520
-0.050
0.350
0.200
-0.530
0.110
0.290
-0.110
0.220
0.540
0.160
-0.190
-0.050
-0.050
0.300
0.410
0.240
0.110
0.310
-0.320
-0.230
0.060
-0.320
0.430
-0.570
-0.370
0.080
0.040
-0.200
0.090
-0.430
0.330
0.210
0.730
-0.400
0.310
-0.030
0.260
0.620
-0.260
-0.460
-0.020
-0.370
0.730
-0.080
0.400
-0.780
-1.540
-1.410
-0.090
-0.450
-0.660
0.370
1.020
2.000
0.640
-0.630
-0.720
-1.320
0.020
0.260
0.170
-0.760
-0.120
-0.340
0.040
0.430
-0.210
0.250
1.060
0.780
-0.170
0.210
0.190
-0.700
0.060
-0.960
-0.040
0.130
0.260
-0.560
-0.420
0.540
0.120
-0.430
0.000
0.500
0.060
0.220
0.260
-0.120
-0.470
0.110
-0.900
-0.950
0.350
0.290
-0.560
-0.340
-1.060
-0.300
0.470
0.150
0.220
-0.160
0.830
-0.400
-0.340
-0.220
1.030
0.060
-1.230
0.310
0.550
-0.500
0.600
0.850
0.100
-0.150
0.110
0.600
0.380
-0.150
-0.300
1.060
-0.600
-0.080
-0.340
0.320
-0.250
-0.670
0.030
0.000
1.080
-0.230
-0.150
0.110
0.130
0.760
0.390
1.350
0.170
-0.710
-0.170
0.760
0.270
0.410
0.020
-0.270
0.310
-0.120
-0.820
0.030
-0.380
0.000
-0.600
0.650
0.080
0.200
0.060
0.140
