-0.060
0.050
-0.090
0.200
0.770
0.250
-0.250
-0.280
-0.390
-0.050
0.530
-0.250
-0.080
-0.150
-0.010
0.010
-0.070
-0.310
-0.050
-0.310
-0.260
0.240
0.030
0.020
0.010
-0.100
-0.690
-0.010
-0.290
0.030
-0.040
0.210
-0.450
-0.780
-0.270
0.760
0.740
0.010
-0.210
-0.300
0.210
-0.010
0.000
-0.210
-0.700
-0.690
0.050
0.000
0.400
0.060
-0.220
-0.190
-0.100
-0.650
-0.110
-0.300
-0.450
0.360
0.120
0.880
0.550
-0.500
-0.040
0.190
-0.020
-0.490
-0.230
0.900
0.030
0.780
-0.300
0.160
0.150
-0.220
-0.300
-0.110
1.120
0.420
-0.050
-0.240
0.040
0.010
0.200
0.230
0.270
-0.110
-0.090
-0.440
-0.010
1.060
-0.410
0.600
0.000
-0.290
-0.150
0.090
-0.250
-0.560
0.080
-0.160
0.000
0.040
-0.120
0.760
-0.370
0.000
0.670
0.230
-0.970
0.250
-0.240
0.070
0.020
-0.080
0.080
-0.200
-0.330
0.430
-0.360
-0.430
-0.210
-0.930
-0.770
0.430
0.460
0.830
0.580
0.030
0.020
-1.880
-0.470
0.100
-0.110
-0.900
0.040
0.620
-0.550
-1.090
0.390
-0.480
0.080
0.500
1.100
0.500
2.020
0.880
-0.250
-0.580
-0.150
0.050
-0.100
-0.180
-0.090
0.820
0.020
-0.230
-0.210
-0.400
-0.260
-0.030
0.320
0.000
-0.100
-0.120
0.160
0.840
-0.300
-0.070
1.020
0.110
-0.080
0.100
-0.280
-0.310
-0.340
0.230
1.570
0.810
-0.460
0.400
0.240
-0.020
0.190
0.300
0.740
0.420
-1.130
-0.020
-0.620
0.530
0.000
0.190
-0.200
-0.520
0.180
1.820
0.180
0.690
-0.650
-0.280
0.680
0.440
-0.120
1.570
-0.350
-0.080
0.270
-0.390
-0.530
0.930
-0.530
0.850
1.410
0.560
0.750
0.440
-0.030
0.090
0.840
-0.560
-0.530
-0.050
0.030
-0.170
-1.420
-0.220
0.370
-0.100
-0.530
0.110
-1.610
0.100
-0.700
0.600
-0.070
0.240
0.140
0.750
0.140
-0.660
0.320
-0.260
0.700
0.050
0.630
-0.810
0.480
-1.480
0.470
0.330
-1.680
-0.340
1.050
0.850
0.120
1.380
0.010
0.770
-1.450
0.360
-1.570
0.730
-1.520
-1.830
-0.970
0.530
-0.500
-0.860
0.610
0.800
0.680
-0.130
0.210
-0.620
1.210
1.580
0.490
0.590
-0.480
0.250
-0.490
-0.680
-0.030
0.070
0.530
-0.800
0.090
-0.240
-1.430
0.710
0.470
0.480
-0.370
1.510
0.920
-0.630
-0.400
1.030
-0.800
-0.430
0.580
0.100
0.300
0.670
-0.300
0.800
-0.220
-0.280
-0.270
0.080
-0.940
-0.630
1.190
0.600
0.230
-1.500
0.680
-0.390
1.060
1.240
-0.670
0.270
0.720
-0.230
0.740
0.000
1.050
0.230
0.560
-0.610
0.270
-0.080
0.040
0.650
0.260
-0.260
0.860
-0.950
-1.060
0.340
-0.110
0.610
0.890
0.520
-0.650
-1.000
-0.750
0.840
0.390
-1.000
-1.170
-1.300
-0.600
-0.200
0.120
-1.520
0.300
-0.090
0.750
-0.640
-0.290
1.010
0.810
0.410
0.140
1.160
-1.260
-0.380
-0.890
1.290
-1.430
-1.590
-0.390
0.710
-0.250
0.460
1.400
1.270
0.480
1.110
1.010
-1.120
-1.250
-1.390
-1.540
-1.710
-1.900
1.190
-1.980
-2.200
-1.200
0.540
-1.650
-2.700
-2.950
-1.720
2.880
-0.300
0.820
0.180
0.750
-0.570
0.710
0.210
-1.590
-1.240
1.110
1.640
0.820
-1.930
-1.010
1.550
0.370
-1.160
2.590
2.350
0.770
0.140
-0.880
0.870
-1.440
0.920
2.100
1.070
-1.530
0.700
0.010
-0.920
-0.540
4.050
-1.300
0.980
1.430
-0.180
3.600
3.270
-1.590
-1.200
-0.470
-3.990
-0.890
1.180
1.080
-0.800
-0.210
-0.130
-0.130
-0.550
-0.050
1.480
-4.330
2.350
-3.650
2.110
3.860
3.510
1.620
-0.260
-0.150
3.080
2.800
2.550
0.810
1.400
1.570
0.290
-0.990
1.600
0.800
0.120
0.200
0.280
0.270
0.570
0.060
-0.060
0.320
0.260
0.440
0.320
-0.160
-0.340
-0.530
0.370
-0.140
0.500
-0.330
0.020
-0.270
0.000
-0.240
-0.010
0.410
-0.010
0.610
1.400
-0.340
0.420
0.060
-0.280
0.500
-0.320
-0.030
0.090
0.020
0.680
-0.030
0.140
-0.410
-0.730
0.000
0.070
0.520
-0.260
-1.510
-0.870
-0.060
-0.130
-0.690
0.240
0.180
0.300
0.440
-1.230
-0.410
-1.070
0.070
0.240
0.290
-0.880
0.090
0.200
0.020
0.690
-0.030
0.520
-0.410
0.280
0.120
0.210
0.150
-1.030
-0.100
-1.290
0.040
0.180
0.450
-0.430
-0.300
0.630
-0.400
-0.260
0.460
0.460
0.330
0.380
-0.700
-0.650
-0.570
-0.050
-0.650
1.010
1.970
0.020
-0.480
0.340
0.550
0.330
0.260
0.550
-0.030
-0.090
0.340
0.330
-0.830
0.040
-0.090
0.210
-1.190
-0.010
0.170
-0.230
-0.170
0.400
-0.050
0.190
0.060
0.240
0.280
0.440
-0.260
0.140
-0.270
-0.970
-0.290
0.040
-0.260
-0.740
1.570
0.020
0.200
0.130
-0.500
0.060
-0.700
0.220
-0.390
0.780
0.540
-0.610
0.580
1.010
0.250
0.350
-0.370
0.830
-0.650
0.100
-0.500
-0.440
0.250
-0.330
-0.920
0.130
-0.310
1.050
-1.410
1.800
