17046.72
33760.42
55812.15
105931.45
11111.51
9667.91
11273.68
9612.46
13952.58
21190.55
19075.48
19325.60
13157.54
12340.85
16316.34
13307.70
14188.04
10902.81
11455.78
6502.12
18069.63
31821.61
18256.40
23861.82
52269.91
27903.69
8361.49
11593.24
12729.02
6930.68
11155.04
16002.00
10066.93
10802.69
22204.99
14509.24
10849.36
21074.05
15750.47
12482.34
13910.55
12872.35
21494.12
17327.01
22899.30
10987.12
17696.13
30528.18
27983.23
41133.35
22667.45
24142.55
19185.11
14487.66
19101.02
29253.50
11499.28
24750.40
30929.14
28130.98
33487.24
13340.54
10816.16
18918.79
17481.30
23934.92
23132.47
34342.14
26621.74
40483.10
13761.36
33997.59
21820.44
52241.13
16685.49
9925.61
23749.92
19489.44
31706.76
17280.89
23963.32
83414.16
39676.34
26067.10
27179.34
27047.45
15996.29
26743.96
26851.74
25443.09
19292.98
32459.56
15883.93
33104.60
33117.36
22773.93
13493.09
30245.80
23945.33
19939.22
12.00
26820.23
21412.74
17323.74
15389.86
48904.75
13887.30
24466.80
25084.81
18921.81
7777.97
14506.92
30209.75
11089.72
15035.79
9684.12
12117.84
24810.94
16584.84
19777.03
29136.40
9457.50
16491.99
18905.33
15199.02
29712.48
13267.71
11307.22
11100.94
28576.08
47159.04
38518.87
25978.91
37319.71
18043.45
18485.05
20999.57
19178.30
20543.99
25308.00
27467.86
23089.58
23670.82
22069.46
26033.15
55587.78
26826.71
17675.34
19194.31
13560.48
16716.72
21551.28
17868.25
41192.56
49756.59
20424.35
16285.73
17291.97
18347.14
15858.50
28767.66
25129.80
14478.63
27775.29
15223.79
27644.83
22422.16
19397.39
24647.99
20845.36
16585.07
9575.38
24514.98
18705.49
26260.65
23504.27
16388.02
9683.77
10516.09
11018.75
9511.02
11655.43
23880.53
18734.83
11415.59
11446.26
22837.29
14021.06
25381.85
26755.71
33039.33
41447.10
37432.12
26887.83
30747.01
32492.90
22310.29
38641.17
69590.69
23845.80
49825.26
44751.20
60367.48
22282.09
87790.80
62717.60
34486.00
23823.55
35823.63
49198.22
29226.22
34963.04
28235.81
55840.53
31620.68
28265.38
28976.96
51368.54
33127.57
60770.47
71952.85
122934.96
109282.56
65599.06
116806.72
31604.65
33727.99
45418.57
35295.32
43518.65
24798.60
24771.71
51056.50
41120.62
52775.55
61231.13
39576.60
32270.63
42242.43
41131.56
26799.60
20097.28
34104.03
64047.35
36265.28
32668.83
25282.78
29328.26
41653.07
19345.64
34580.05
35665.01
49765.10
44789.40
46935.61
23385.35
41310.30
46928.90
93648.92
54806.86
23533.55
42665.19
24568.19
35162.36
34401.78
43002.64
34775.00
45516.06
31046.79
35058.22
47663.82
84003.08
28857.40
32330.52
36784.04
43262.21
31016.80
44911.83
40877.16
55254.18
52375.49
29762.14
21577.41
29164.37
33836.29
45317.43
50818.02
29774.56
61123.47
61906.02
25499.90
57257.17
48882.60
30139.95
64749.07
50629.57
60006.12
32514.21
58992.84
51254.37
49708.41
51746.27
42336.42
53637.93
64520.00
82673.51
140417.41
35162.94
40923.62
41728.57
29849.39
45477.02
36527.36
44854.01
60213.16
64697.97
47415.23
40246.15
30007.32
38418.90
41603.51
51752.48
57795.76
56067.91
65555.62
39439.80
57450.02
70603.08
102573.07
13015.00
63741.11
67790.67
36715.30
38814.29
44022.00
56799.14
60031.06
31613.87
48585.78
60324.00
58915.26
56079.01
54030.56
68150.80
47435.51
121479.36
66193.31
91707.72
117639.15
128660.67
52624.63
93462.41
66912.69
49960.57
32185.80
38152.91
54486.99
62510.89
62684.68
83057.13
46862.53
56378.96
65637.44
56256.32
53217.55
105821.59
52083.55
86900.75
179762.62
91795.12
80413.67
80597.36
58932.97
51636.25
68996.11
28050.81
38999.96
43211.37
42572.47
59117.38
71580.19
134666.33
155562.75
125164.57
104373.14
58753.80
43958.07
44599.33
54432.49
39527.72
60482.19
78411.88
54383.69
53744.41
955.00
36327.94
70740.76
66849.39
51922.23
50575.98
57050.64
80783.20
88641.57
69922.47
76511.90
60407.39
63028.21
66357.14
56538.81
77228.72
90563.33
80347.78
71820.35
101048.68
83926.52
62171.56
100418.18
86433.22
128433.91
99362.06
86412.00
109526.79
183535.69
112634.93
112913.54
122445.23
96430.71
79401.36
58854.13
80017.41
87352.07
113163.89
50050.56
111004.12
121188.93
93940.29
88214.02
110969.46
162255.94
128482.32
181709.69
197865.55
92940.78
77218.24
95446.41
124709.39
112058.50
101480.90
115582.27
192346.17
268776.69
103497.22
169429.31
479925.31
32695.01
203872.23
194323.98
155052.14
203597.31
140001.33
66770.64
101777.34
67060.08
65335.16
55654.67
67141.39
83648.59
97877.93
126966.21
138248.11
129075.37
97651.69
96112.24
71145.72
103052.09
92206.70
104753.02
152011.88
148165.69
91226.02
94032.77
108077.20
104576.16
128048.71
81661.22
130599.72
150642.61
163882.31
43271.92
33216.08
24800.38
42521.97
45789.95
59244.14
44551.12
54450.05
24705.72
37965.26
40090.26
30309.76
46515.22
56165.83
51741.90
37913.46
30706.26
38424.46
34817.19
30713.19
44137.73
60711.25
56309.62
74515.51
84593.97
7644.72
22749.57
49520.38
43952.58
33943.77
29281.37
35607.14
34712.78
55390.15
32341.91
24701.03
35378.28
47613.22
50193.33
35046.62
23786.65
28032.57
26408.69
41313.75
52795.97
23421.65
32934.34
36991.42
31012.69
39175.38
33306.89
58037.54
57486.42
30629.77
31932.81
19788.25
35008.83
18100.22
182.00
29036.29
39297.06
36019.18
10644.59
23881.05
39159.55
25449.14
27883.32
42538.80
33715.00
37963.10
53762.87
31210.54
37567.58
62964.55
54119.12
146147.55
10606.30
1265.84
19840.70
54284.39
22132.06
45224.17
32313.45
35715.98
23416.01
49323.13
25390.88
32799.49
26090.69
25708.60
21621.95
18127.59
10815.39
17196.07
12289.03
17056.02
13485.51
17793.71
22074.99
29746.95
22340.87
23851.68
30407.46
25192.98
26794.24
38015.86
15452.01
34298.09
24242.96
26991.67
27824.43
19881.17
28725.06
29014.49
46067.29
38799.44
29618.67
49905.95
32061.45
27437.67
27780.98
20780.82
36562.73
24778.04
23256.20
12812.75
16326.17
21769.75
26914.33
20201.49
25990.97
18459.42
26957.99
32091.52
38178.23
48491.79
27284.89
31121.26
29369.72
28028.94
24629.91
17587.61
23796.83
19344.16
20969.81
20052.06
17750.38
12758.21
24724.43
45519.79
32071.43
24623.93
27357.18
43874.25
40623.87
24475.21
37114.87
26251.78
17911.81
25920.84
15711.30
12161.20
15935.22
20454.54
12982.39
15274.22
9461.04
15729.98
11240.79
17293.99
10651.73
16254.32
38067.21
11833.60
8230.01
15472.49
13611.56
26365.83
18478.68
55387.13
16716.23
20088.92
12543.57
20572.68
