23574.30
16798.88
15944.09
18113.22
17317.47
20355.34
22938.88
19545.66
17996.93
22267.16
25370.21
16782.47
33719.28
18254.80
15901.09
21942.00
17748.69
17191.59
20568.07
14666.48
18444.11
35188.96
19560.90
17260.31
19596.75
25529.92
18794.03
15861.57
25696.71
20031.49
25559.41
26477.77
20723.69
28443.90
24720.04
32795.33
16719.49
16746.43
30469.06
21382.59
21370.04
25050.44
26833.27
24384.35
22452.82
16431.57
16672.15
27292.39
17338.03
19336.57
23863.77
19049.80
32692.52
37278.47
26956.71
29661.54
19804.99
14579.68
20579.09
20186.21
29680.31
19831.21
36043.55
25837.95
28852.83
32635.47
26363.59
26909.95
30140.23
21819.31
28297.54
24940.50
25050.86
28068.66
35975.87
34766.52
16433.96
27166.02
23210.74
17613.89
28753.40
26850.66
26467.24
28602.74
19902.53
22358.41
28753.78
27744.40
27220.80
16369.94
26054.66
25513.17
29576.75
24964.43
26147.99
20689.13
20809.56
21723.72
19147.57
24919.35
23936.83
16317.84
15475.01
20832.20
25400.71
4.00
15391.81
18210.20
19677.55
27588.97
35713.36
17499.03
19737.04
21763.73
32867.22
19929.17
23269.20
16027.17
11218.76
20884.40
25077.75
42077.01
34522.18
42915.39
20811.31
13585.29
10511.29
15097.52
20869.99
22481.89
32324.24
23323.65
25084.56
28303.84
24388.09
26108.52
23067.46
25547.18
44206.30
14267.75
15913.62
20938.01
21933.09
23354.96
54007.61
29250.48
44402.10
42125.76
52883.27
53013.54
62322.30
82133.46
46523.94
52567.75
50554.34
72147.04
47289.42
54468.63
88750.79
34258.78
36653.04
32329.29
37198.05
38647.40
28936.50
35914.16
60915.21
19510.09
19562.44
29230.61
29625.36
33722.12
28276.03
22684.46
28744.63
27479.95
30746.79
16504.58
21067.12
28934.10
39522.98
26890.42
11228.03
23364.88
19394.91
23389.01
21611.16
20655.99
35904.76
22145.04
18402.17
18959.37
13739.07
13949.30
26093.65
22521.52
28903.03
41590.21
37755.42
36850.33
32662.27
39087.87
15504.18
17584.14
18284.22
15705.09
22182.64
18729.23
10822.88
12724.02
18904.80
19529.02
15612.95
18398.30
25763.44
14515.02
17357.00
16655.76
16911.00
20497.36
17775.50
16314.06
13133.56
17573.60
25664.56
28629.85
56320.43
68839.00
25123.00
20472.59
23484.48
28068.02
34709.41
34543.74
33674.13
32505.59
41862.95
70221.89
61342.89
78088.39
37911.54
43241.46
41419.85
47247.26
64068.15
91581.72
112472.60
70025.83
71468.98
68306.53
65364.45
51930.46
60887.59
55258.14
44552.13
53610.98
54616.25
64989.43
35091.01
58962.25
53626.96
58131.19
71923.78
106235.36
69917.49
44579.46
26065.72
16511.67
20790.57
11382.01
10182.50
9938.53
11411.44
9016.49
10517.38
12421.34
12644.62
8116.31
10021.31
13705.52
12045.43
13002.98
25252.40
40727.94
23180.75
19160.01
20082.06
12406.16
18903.07
21271.42
33646.60
34618.93
16061.50
22896.65
46042.79
18607.69
23105.83
17955.45
34372.25
46140.78
22108.95
29742.27
26763.68
28450.09
25184.18
37342.77
33064.46
30427.04
21867.55
19498.19
25546.48
24617.64
28616.89
26595.60
35466.40
36778.24
35328.37
29178.51
19626.76
19075.00
18471.20
10405.86
14909.14
17292.91
34368.66
33562.91
54375.04
30455.01
35337.46
54270.20
77627.00
20367.34
31717.70
28373.90
39393.12
29939.72
22364.44
22679.95
21281.99
19138.73
14698.83
17419.93
23980.24
23425.39
23496.94
17417.36
20840.02
19494.30
29918.58
26375.00
23985.03
37693.45
30417.41
29190.82
30886.52
28741.60
28960.60
31607.17
23583.17
30065.09
30215.32
39365.94
10793.00
43557.72
63936.16
36637.00
27608.15
37760.20
34905.70
42425.72
25037.29
22640.93
29394.97
34967.62
38094.56
37419.99
47299.73
29635.97
26335.18
34198.97
36697.45
56193.45
21762.74
21648.48
24199.73
33800.34
33383.66
40547.46
44827.24
46360.54
55491.39
60518.28
62418.65
67660.13
45277.13
51447.40
33900.61
33898.05
54433.56
31152.91
43423.59
50713.12
36838.63
35997.42
34495.36
35650.75
39632.92
41326.61
30080.10
37588.99
32053.60
27714.10
35992.73
48904.75
41615.77
61768.10
44212.33
56173.78
40333.49
34644.77
36155.94
27334.10
48110.80
36034.09
35123.42
28869.26
26982.38
355.00
15847.83
17327.46
19521.92
25560.09
34169.00
25889.63
32543.63
27575.20
21062.57
30348.35
28003.84
17003.22
27065.74
19396.52
24379.02
46319.89
39357.70
25642.04
27637.36
26950.07
23216.89
24656.31
20393.69
26756.56
19675.49
29648.03
44206.70
25107.17
42115.40
60470.20
43815.77
37834.89
34326.48
39360.04
37064.38
35227.43
29399.48
28905.32
31801.27
26165.95
26942.37
20074.96
28986.10
36427.28
60240.30
50498.90
50894.45
49504.69
48031.52
42264.04
49900.15
43415.15
47954.53
44719.86
101944.52
70096.97
39407.75
49529.09
93603.66
19603.64
54633.93
56779.13
38880.38
52537.34
59967.60
48544.10
45401.91
38319.68
49488.70
37380.80
35542.58
34301.31
27333.43
34979.28
47922.96
66252.93
50605.99
60103.81
45582.42
65014.68
59124.46
57787.48
57709.40
67197.17
117894.22
72572.21
74754.33
72025.53
61888.57
51113.04
53354.65
44813.86
50290.66
43118.60
42279.31
39019.43
64304.27
34387.99
40020.59
47649.11
37348.51
42718.08
50233.86
63517.26
25041.44
33068.64
47496.18
42741.86
68001.82
93333.69
65600.41
72561.54
66616.11
118197.70
37551.58
76608.12
65951.41
72669.28
64265.31
68939.68
47798.09
91672.29
78764.25
62991.49
35361.44
21240.63
19722.58
30357.34
31219.51
54443.56
39977.38
26486.86
26853.19
15751.18
29954.47
29182.85
36675.26
47496.94
13534.32
23687.25
20509.90
16278.62
10608.87
14361.30
12724.35
18492.23
13182.60
20316.01
14653.47
8925.18
5508.00
50.00
5987.66
12644.89
14879.08
8287.82
7020.77
5639.68
6617.96
11142.70
8080.63
7354.06
10113.26
6828.28
7542.33
9743.37
15431.13
13648.59
14787.33
14825.35
9451.98
23538.36
19858.52
19984.81
14549.01
9718.33
12839.17
15492.75
7502.75
5031.25
7980.25
21346.74
29831.81
11833.94
2808.97
6610.02
13282.18
8809.88
4916.68
4502.10
3788.90
11905.52
14666.57
6779.87
4979.67
6929.79
12528.98
7059.17
11586.39
7993.38
14484.82
12977.76
20087.37
16142.62
13594.75
16656.94
12191.32
10622.94
10844.26
13601.50
12822.24
12490.20
21295.47
49971.08
24626.81
6902.51
12158.66
16316.33
20752.38
8354.62
8582.02
6948.07
4087.27
7235.88
13365.19
8015.72
5494.00
12226.03
11966.45
5418.88
11645.45
22105.08
5374.35
4877.55
6960.26
10300.02
10572.59
12049.75
10256.23
16829.71
8990.50
7856.37
5478.51
6292.42
11647.44
5837.79
9621.41
9024.28
11535.22
16698.83
15394.52
38530.94
26673.59
14282.62
9502.08
5624.34
12212.87
5130.88
6711.82
16759.69
4932.71
8509.11
8787.71
7867.16
8191.63
6521.17
3985.28
7087.16
12882.52
12929.69
3990.41
6525.13
8115.98
7146.26
6864.05
5765.47
5092.54
7893.22
8730.21
11060.25
7266.11
12403.42
25729.68
5702.64
7443.66
9662.53
4307.63
5296.32
9711.72
3350.47
4897.99
4226.36
3670.75
6151.76
3105.03
3799.48
6535.78
6185.56
4044.59
4842.76
3210.52
6840.19
9226.99
