60502.80
119648.69
98932.78
34677.41
28398.54
21383.69
26905.66
16182.03
15484.82
16271.62
25568.03
28735.50
37091.43
19061.00
21414.53
25051.00
29591.33
32282.84
42017.71
41587.05
43911.08
68436.70
83604.15
137197.22
44869.52
31212.37
36183.16
16425.59
20422.53
32151.66
23812.76
18763.72
28435.53
32016.33
58876.30
40920.31
17500.00
22221.97
44090.92
27425.72
23058.74
32470.20
38964.97
53627.30
34217.79
30021.75
29469.78
43948.41
78885.40
28447.54
36778.19
49159.55
49673.43
15136.29
21517.25
12881.29
25660.05
12140.79
10071.11
13137.34
15398.08
18338.96
16526.10
15024.69
15112.43
28035.98
25078.48
27276.47
22803.38
22916.88
19930.89
21004.64
19817.74
19451.36
33758.10
41514.85
18497.70
23608.07
19893.86
37647.06
20005.77
23476.45
12936.11
19390.60
17053.34
21156.38
14730.72
30951.43
14764.97
15551.62
24395.58
38569.85
15365.58
14327.25
18569.04
10214.89
70.00
11503.70
10228.03
13818.01
11624.51
15947.82
17965.76
9987.15
21912.00
37601.76
18089.54
19457.36
14746.47
17412.67
32653.81
57615.49
17556.36
20860.16
12834.33
13763.20
12112.26
19003.10
25603.64
24198.84
26226.66
19036.92
22398.20
19468.50
24510.56
31464.13
28948.76
37188.61
34324.36
55604.37
27400.77
32377.25
36591.61
42681.90
48756.85
81817.78
70958.19
139945.11
98538.15
43128.27
30335.12
37528.93
55865.90
60755.44
35151.86
42113.00
59006.58
83357.03
44404.81
67230.58
65840.27
46392.51
56255.39
53069.63
85648.89
38336.75
36416.04
45252.17
53070.83
57537.93
50614.04
70469.01
108426.68
139458.22
103544.34
30539.14
32832.12
44514.60
42608.85
52950.19
36371.94
39953.84
46269.20
27301.65
35116.50
41916.99
73897.87
69321.21
103736.21
90657.87
70174.33
97339.85
61329.89
91675.66
88999.34
104541.49
127066.65
185576.38
308631.41
162768.80
80047.50
58053.10
45724.74
56177.92
92663.56
137559.84
21972.78
20410.29
19128.78
19022.94
16866.16
17923.07
14941.22
15153.45
25435.09
21617.82
13382.55
13698.99
12353.21
17261.80
9424.15
16077.00
15998.04
16812.10
14598.87
21437.83
17462.93
31527.78
70377.85
61876.76
31749.34
16197.67
24725.23
19938.64
20915.00
25291.92
34597.77
31233.48
46141.32
44698.26
32987.29
32573.18
38908.99
31335.16
43621.94
51541.36
29606.37
35384.25
55013.45
62942.29
55008.40
70410.75
64859.24
110680.50
104998.61
39903.57
52708.80
73061.76
121622.05
80493.17
66245.93
52066.16
32039.88
40275.07
58744.17
85643.97
61432.52
64369.02
27678.80
26190.69
22557.16
17744.67
18382.48
26975.86
23635.92
44538.99
56774.84
18353.55
10862.05
9594.30
13377.16
11305.06
9062.90
22650.04
36924.98
21365.16
31789.22
26901.02
17444.44
22599.14
15354.28
18147.52
21724.46
16646.79
24422.47
58477.04
23827.03
29337.37
33942.81
40724.97
58254.69
30442.33
36205.90
25485.24
33293.80
37380.79
35219.42
54427.36
98121.98
54214.23
41505.14
36047.96
49594.89
56642.76
36852.35
19023.03
27398.54
30580.69
19521.30
19098.95
22744.42
37514.97
36809.57
54412.19
54833.04
48906.27
38294.78
50814.49
59273.10
76747.88
57735.95
75809.38
61157.59
35203.51
44939.11
60606.08
30830.00
22460.50
25266.16
27647.02
23247.07
26151.51
21047.90
26630.85
23876.04
34487.91
36529.24
26319.46
32081.26
40211.00
60593.49
72997.54
68128.44
47252.15
61196.80
38391.67
30797.47
31788.72
37483.80
9740.00
42566.16
42441.33
28583.45
31129.03
32487.99
51678.87
45105.61
29057.51
34620.96
53194.77
32071.92
37605.21
52594.49
70787.01
61432.64
33745.22
35702.39
30106.85
31293.34
49292.52
55633.29
44069.06
44824.62
46328.60
69125.70
96946.56
73475.42
90874.35
82304.69
78925.67
73622.55
133500.44
181446.77
183719.58
257011.06
227333.88
80877.32
67586.46
82377.29
94804.94
109765.46
86305.68
79390.12
101357.06
75690.05
40483.71
51066.68
61307.19
68920.33
92038.80
96194.99
131681.44
152592.97
121168.23
120089.37
141898.66
173517.69
136431.69
78927.50
93028.33
127204.79
143741.48
99603.29
112490.65
1553.00
150201.42
150291.78
122802.35
79691.52
36293.53
32990.71
49506.92
48985.54
29982.32
50241.70
45820.00
38790.99
52696.32
26938.95
30266.58
55385.46
56220.98
74447.19
74359.36
1966.00
11103.00
79256.86
58185.19
74692.04
110658.92
37541.33
60677.94
35112.82
78653.40
114663.17
24916.94
63840.01
55372.29
54202.11
60684.03
65113.09
51817.78
49541.58
81385.40
59573.49
62749.65
68026.07
60068.19
74635.93
74592.42
54754.68
63641.72
61136.65
59434.94
80654.55
102041.50
99827.49
96004.04
165986.14
178321.61
119858.78
131170.70
255074.12
61392.71
48910.37
71098.05
56982.90
31366.95
31362.39
42127.39
18659.50
34575.43
35311.62
51748.33
46564.94
51907.55
35428.80
17032.85
25645.28
25259.73
22068.81
37343.55
41955.52
40199.41
49307.11
51244.85
39854.41
54463.16
46471.01
45725.54
47019.88
50336.53
61597.89
112069.67
35198.10
68599.27
2341.51
4497.81
6052.86
25824.57
19109.83
13818.00
15409.43
16847.77
33363.00
47092.23
54584.98
26432.16
25182.22
39910.87
14599.04
14173.40
12010.27
10223.50
8940.58
9682.92
8199.79
16732.48
13107.80
16566.33
26528.48
29030.78
12788.51
23383.16
35134.29
337.00
9423.28
8317.54
11174.24
5430.01
5233.95
5878.00
9050.00
8560.50
9907.01
15509.19
8251.85
11450.41
7996.57
9747.65
8884.04
10483.70
8284.51
14797.45
16213.04
23780.35
20144.63
19990.81
11820.30
11209.77
7387.10
10321.40
9022.51
13986.55
14586.10
15680.82
17243.91
16766.88
13117.01
11917.01
20503.86
9114.83
16802.86
19640.66
11810.34
18893.36
21408.88
22401.48
17476.25
19905.42
23498.05
27726.98
34325.62
33858.57
44557.98
30904.11
39087.97
31845.79
40737.53
51705.43
32959.49
30231.33
34798.17
35830.13
48390.10
40959.19
37148.40
29931.94
48764.60
47871.06
32789.93
48482.76
74872.54
42865.35
48865.52
20887.32
33503.32
25375.64
14051.03
23039.04
26574.27
32104.90
25890.76
44275.88
42169.62
28877.15
37439.17
25088.63
31001.13
41550.68
21803.72
29795.84
20320.62
24747.01
16577.53
19494.79
24160.67
41456.80
24802.64
14933.99
18404.15
11539.92
19753.24
27151.27
16074.71
23255.17
16793.36
19740.41
24936.81
39781.58
36870.86
38580.09
82862.16
66007.16
24260.36
37395.02
62152.47
40467.49
50901.88
53967.00
35473.67
25816.79
13950.53
33640.54
30618.26
35291.14
51365.69
82876.54
50525.62
32471.03
41545.69
67585.25
136046.12
30584.86
1132.70
839.39
661.97
357.69
214.00
129.50
532.51
