-0.110
0.350
0.880
0.080
0.030
0.020
-0.200
0.010
-0.030
-0.090
-0.110
-0.120
0.020
0.040
-0.170
0.280
0.070
0.200
-0.420
-0.180
-0.210
0.460
0.030
0.030
0.420
-0.630
0.100
0.060
-0.040
-0.060
-0.670
-0.430
-0.250
-0.260
-0.370
0.870
2.460
-0.280
-0.230
0.260
0.200
-0.110
0.500
-0.450
-0.120
-0.150
0.190
0.470
0.490
0.300
-2.520
-0.420
-0.770
0.200
0.190
-0.860
-0.730
0.220
-0.010
0.540
-2.580
-0.610
-0.160
0.880
0.330
-1.590
-0.550
-0.190
-1.530
0.140
-0.310
-0.310
-0.690
0.870
1.040
0.380
-0.460
0.190
0.030
0.350
0.060
-0.560
-0.160
0.200
0.770
-0.970
-0.280
-0.440
0.880
0.730
2.930
0.250
0.660
0.430
-0.050
-0.360
-0.620
-0.300
0.330
-0.180
0.320
0.250
-0.110
0.650
-0.590
0.000
0.270
0.240
-0.390
0.390
0.950
-0.400
-0.350
0.800
-2.190
-3.260
-0.760
-0.340
0.500
-0.470
-0.970
-0.430
0.440
0.080
0.530
-0.450
0.020
-0.350
0.220
-1.600
2.090
0.180
0.120
-1.020
0.140
0.070
0.020
0.160
-3.810
0.030
-0.950
0.440
0.520
-0.430
-2.220
-0.960
0.410
-0.030
-1.720
-0.790
-0.900
0.670
-0.540
1.160
0.240
3.940
0.580
0.060
0.240
0.400
0.450
-0.650
0.150
0.180
-0.650
-0.780
0.100
0.030
-0.200
-0.040
-0.490
0.360
-0.840
-0.310
0.730
0.670
-0.500
-0.620
-0.450
-0.210
-0.300
1.610
0.550
-0.050
0.470
0.210
-0.650
0.070
-0.160
0.110
-0.220
0.570
-0.010
-1.050
-2.240
-0.890
0.100
-1.490
3.920
-0.010
-0.330
-1.000
-0.780
0.080
-0.610
0.140
-1.080
0.180
0.300
-2.810
-1.100
-1.090
1.160
1.160
-0.050
-0.400
1.130
-4.170
1.710
-0.470
3.020
-0.260
2.070
-3.000
1.890
2.400
-2.100
2.210
-2.500
-0.290
-1.320
-1.800
-0.060
-1.040
2.740
0.290
-0.640
2.980
1.350
2.280
1.400
0.300
-4.140
0.440
-1.500
1.190
-0.560
0.370
1.020
0.480
-0.490
-1.770
-0.960
0.530
-1.410
2.100
2.300
0.180
-1.520
-1.160
1.800
3.260
-0.410
1.520
3.280
2.380
-0.960
-0.520
1.910
-0.560
-0.910
-0.580
2.390
0.880
-1.850
0.200
2.260
0.390
-3.080
0.050
-3.420
-1.140
-1.130
0.350
0.240
1.420
0.410
2.770
-0.890
-0.560
1.260
0.440
2.820
-1.650
1.250
-2.620
-0.930
-3.570
2.360
0.440
-3.660
-0.220
2.690
3.100
-2.440
1.820
-1.220
-2.250
-3.900
-3.060
-4.670
1.270
-5.050
-5.610
-1.120
5.200
-1.470
-3.500
1.550
5.040
0.430
3.040
2.930
-0.770
4.070
0.460
1.280
1.560
-1.250
-1.150
-3.370
0.370
2.400
-1.170
3.590
-1.730
-1.900
0.410
-4.570
-0.790
1.020
-0.360
-2.080
-0.020
3.660
-1.260
1.170
2.120
-0.490
0.070
1.430
-0.650
3.390
1.610
-0.710
3.420
0.650
0.000
0.230
-0.270
-1.900
1.030
-0.850
3.210
2.140
-2.950
1.350
-1.440
0.890
1.630
-1.190
0.610
2.390
-0.050
2.010
0.200
-0.540
0.310
1.600
-2.480
0.770
-0.040
-0.720
2.230
2.310
-0.300
2.150
-2.380
-2.650
0.710
-0.830
1.910
2.250
1.940
-1.750
-2.470
-2.750
2.500
-0.600
-2.840
-3.160
-3.510
-2.990
-2.920
0.960
-4.450
-0.510
-1.400
3.200
-2.310
-1.690
4.290
3.900
0.210
0.680
3.470
-3.850
-3.610
-3.590
2.390
-4.810
-5.350
4.860
4.420
4.020
3.650
3.320
-3.690
-4.100
-4.550
-5.060
0.010
-5.620
-6.250
0.800
-2.200
-0.130
-5.820
-3.350
-2.500
-8.320
-2.520
7.870
0.370
-0.200
-2.270
-0.680
1.470
-1.440
0.060
4.360
2.180
3.540
-7.920
-3.950
5.530
-6.080
-6.300
7.520
1.170
5.410
6.900
4.500
-2.550
2.990
-0.940
2.710
4.530
0.760
1.200
-4.450
-1.870
3.080
5.370
1.720
1.820
-0.940
0.520
2.150
4.400
-0.180
-2.820
-0.810
-1.370
-2.640
-0.900
-0.500
0.830
-2.410
-1.850
2.870
4.070
1.010
2.650
-1.550
3.320
-4.920
-2.120
0.320
0.880
3.070
3.270
0.680
2.350
0.850
-0.240
-1.100
3.740
2.530
1.410
-0.840
-0.290
-0.010
-1.180
1.350
-0.410
0.540
-2.190
0.310
2.690
-0.100
-0.400
-0.050
0.980
1.170
2.250
-1.250
2.140
0.910
1.950
0.300
-2.680
-0.920
-0.160
0.210
1.740
-0.040
-0.160
-1.230
0.780
0.390
1.670
-0.400
-0.050
1.950
0.890
0.010
0.690
0.310
1.400
-0.680
0.500
-0.370
-1.450
-0.050
-0.700
0.920
-0.670
-2.520
-2.170
-0.020
-2.390
0.600
0.030
2.780
0.790
0.710
-2.920
-3.240
-1.750
3.030
0.890
2.270
0.930
0.080
-0.330
1.240
-0.300
-0.250
-0.110
1.030
0.370
-0.250
0.100
-0.500
1.330
1.070
0.340
0.250
-0.690
-0.400
0.030
0.870
0.480
0.240
-1.050
-0.460
-0.060
0.020
-0.060
-0.880
-1.530
-0.240
-0.330
-0.330
-0.360
1.570
0.270
-0.150
0.170
-0.600
-0.150
0.410
-0.670
0.330
0.680
0.120
-1.700
1.210
0.240
0.130
0.430
-0.870
-0.390
0.330
0.700
-0.180
0.770
0.110
-1.300
1.930
-0.570
2.270
2.060
1.870
1.700
