28.980
28.900
29.300
29.000
27.960
28.010
27.830
28.180
28.050
27.990
28.600
28.920
28.760
28.700
29.160
28.760
28.380
28.410
29.100
28.280
28.550
28.720
28.040
28.440
28.180
29.330
30.400
30.480
30.380
29.490
30.000
31.110
29.960
29.980
30.720
28.850
28.450
28.470
29.450
30.480
30.400
30.310
30.850
30.850
31.480
30.920
30.150
29.860
29.390
30.760
32.720
32.890
32.940
33.120
33.480
33.300
34.200
35.150
35.800
36.200
35.750
35.980
36.000
34.940
32.590
33.820
34.280
34.520
34.560
33.600
33.670
33.970
35.000
33.120
33.330
31.850
31.510
31.310
31.290
31.840
31.970
32.180
32.150
31.990
31.470
32.390
32.400
31.980
32.340
32.500
31.800
31.700
32.160
32.970
31.790
30.490
31.090
31.400
31.460
31.960
31.800
31.550
31.790
31.980
31.840
31.500
31.880
31.200
31.390
31.160
30.390
29.950
30.950
31.500
32.400
32.990
33.270
33.380
33.800
34.940
32.860
33.110
32.950
32.450
32.900
34.100
34.900
35.300
34.080
35.700
37.280
37.770
39.750
39.810
36.190
33.600
33.580
33.760
35.300
36.450
36.870
36.970
35.390
35.430
36.500
37.000
37.270
39.450
36.020
35.520
35.150
34.790
34.440
33.750
33.290
33.300
33.350
34.110
36.750
33.560
33.330
32.900
32.970
33.290
33.880
32.690
32.720
32.790
32.920
32.300
32.440
32.280
32.500
33.290
32.390
32.450
31.380
30.880
31.350
31.300
32.650
33.190
33.470
33.090
33.400
33.180
33.150
33.450
33.870
36.100
36.840
38.400
35.200
34.200
34.190
35.500
32.930
32.780
33.160
33.270
33.210
33.980
33.500
34.110
34.690
35.890
35.990
34.800
34.120
33.160
33.200
34.000
33.200
32.520
34.430
34.330
33.480
33.370
33.450
33.400
33.940
37.680
38.280
38.960
40.000
40.150
41.200
41.190
41.500
42.180
42.260
43.270
42.550
42.410
44.000
43.000
41.830
39.960
39.100
36.940
33.580
30.530
28.480
28.280
28.250
28.600
28.940
29.500
28.190
28.650
28.580
28.550
28.280
27.600
27.700
27.660
26.470
26.300
26.300
26.510
26.730
26.600
26.000
26.490
26.990
27.300
26.690
26.870
28.680
30.790
30.300
30.690
29.590
29.150
29.050
28.690
28.490
28.250
28.550
29.200
32.050
32.500
32.600
33.450
31.570
31.580
31.010
31.350
31.690
33.080
32.760
33.000
33.000
34.800
35.800
38.090
34.640
31.970
33.150
32.300
32.770
33.290
32.790
32.000
31.450
30.470
30.300
30.000
28.740
29.500
29.970
30.490
30.750
30.230
31.880
31.750
32.120
35.600
34.850
32.940
33.000
31.680
32.830
33.610
33.400
32.000
32.100
33.100
33.190
34.310
36.380
37.980
38.980
35.590
34.780
33.920
34.800
36.310
34.890
32.490
31.090
31.890
29.500
27.500
26.170
24.790
26.080
27.930
30.880
32.160
30.060
31.780
35.310
39.230
43.590
48.430
53.810
60.000
59.500
56.430
51.370
52.500
52.250
51.500
53.460
57.100
58.200
59.890
56.460
52.830
50.000
53.820
54.070
55.140
55.140
57.000
53.500
54.160
53.000
52.250
48.780
51.900
53.300
51.480
47.700
43.460
42.580
43.700
44.280
47.590
48.600
47.420
45.000
44.100
41.350
42.510
41.530
42.360
39.400
39.550
37.280
34.900
34.280
34.290
32.370
32.300
30.680
31.200
32.000
31.480
30.790
31.700
32.040
32.000
32.500
32.010
29.170
29.240
29.800
29.000
29.030
28.970
28.440
28.000
27.700
27.790
26.980
29.000
29.400
29.490
28.980
28.650
29.630
29.810
29.430
29.980
29.450
30.290
30.900
29.700
29.990
28.350
25.860
26.100
26.300
26.270
26.320
27.630
27.680
27.090
27.360
27.800
25.660
26.250
27.760
28.060
28.480
28.350
27.460
28.620
28.840
29.230
29.930
31.010
30.980
29.680
29.790
29.960
30.200
31.000
31.720
32.490
31.900
31.980
32.300
33.550
34.450
34.310
34.400
34.100
33.800
33.350
33.770
33.200
35.390
35.730
35.880
34.520
35.280
36.330
37.000
33.890
34.350
34.090
31.550
30.080
30.560
29.550
29.280
28.300
27.600
27.900
29.150
29.490
29.290
28.360
29.190
29.730
28.230
26.000
25.940
25.770
25.340
25.020
24.180
24.160
24.150
24.880
25.080
25.380
25.130
25.370
25.470
24.990
24.240
24.180
24.140
24.330
24.350
24.100
24.330
24.150
23.700
23.760
23.960
23.770
23.720
23.390
22.860
22.440
22.700
23.860
23.770
23.500
23.550
23.830
24.280
24.410
24.390
24.470
24.780
24.960
25.000
