28.300
28.020
28.250
28.200
28.160
28.150
28.080
28.300
27.880
27.720
28.050
28.630
28.870
28.070
28.400
29.350
29.100
28.550
28.720
29.000
29.350
28.850
28.620
28.210
27.310
27.800
29.010
29.000
28.320
28.290
28.510
30.130
31.860
32.070
32.010
31.080
31.360
31.000
31.310
33.910
34.300
34.220
35.200
35.200
35.180
35.200
35.590
34.560
35.170
35.120
35.000
36.500
36.470
36.300
37.010
37.810
38.470
37.820
37.710
38.380
38.820
38.050
38.350
37.260
36.610
37.000
38.310
38.800
39.200
38.640
38.120
38.740
38.250
37.770
37.910
37.560
36.910
37.400
36.500
37.000
37.000
37.610
37.800
37.680
37.060
37.280
37.050
36.820
37.090
36.630
36.500
36.000
35.920
35.450
35.810
36.480
36.500
36.630
38.250
38.180
38.350
37.470
37.800
37.800
37.300
36.770
35.350
35.300
35.470
34.620
34.820
35.800
35.310
34.020
36.840
37.580
38.620
38.620
38.190
38.500
38.500
38.620
37.100
36.480
36.770
36.860
36.710
35.560
36.000
36.500
36.700
36.100
36.300
36.000
35.250
35.330
35.270
35.600
38.500
38.650
38.100
38.490
38.010
38.100
39.660
39.550
39.670
40.020
39.430
41.470
41.630
41.880
40.900
40.620
40.210
40.980
40.700
40.400
40.910
40.280
39.420
40.850
40.980
40.800
39.770
39.770
38.280
38.520
38.160
38.620
38.010
37.580
38.210
38.110
37.480
37.310
37.770
37.750
37.310
37.360
36.710
36.220
35.860
35.610
35.500
36.090
38.090
37.850
37.280
37.210
37.020
37.370
38.510
37.100
38.400
38.360
38.700
36.360
36.660
36.070
36.630
37.440
37.250
36.630
35.750
34.500
34.910
34.320
34.530
35.050
35.200
34.970
34.780
33.720
33.740
33.720
34.710
34.510
34.070
34.450
34.420
34.260
33.870
33.210
34.410
34.430
35.550
37.530
37.350
37.650
37.490
37.510
37.040
37.200
38.110
37.710
37.430
36.500
37.210
37.360
37.210
36.100
36.900
34.100
33.550
33.550
31.650
32.000
31.860
32.530
32.310
32.530
32.430
32.180
32.140
31.040
30.800
31.110
30.250
30.810
30.540
29.800
29.000
29.370
28.820
29.900
29.030
28.910
28.300
29.810
30.500
30.140
32.020
33.370
33.110
32.030
32.450
31.830
32.500
32.180
32.240
31.560
31.000
31.500
34.500
34.400
35.620
35.520
34.700
34.000
34.500
33.780
35.010
35.480
34.220
34.200
35.000
34.200
33.800
35.020
34.730
35.020
35.350
35.380
35.210
33.420
32.020
32.340
29.020
29.700
29.510
28.000
30.440
29.330
29.180
27.750
26.700
27.180
28.660
29.910
32.580
32.180
31.100
30.900
31.100
30.810
29.650
28.040
30.010
29.720
28.680
28.560
28.030
25.060
27.100
27.010
29.960
33.030
31.640
32.610
33.600
33.000
32.030
31.700
31.030
31.630
33.560
36.000
38.500
40.000
43.020
39.000
42.080
46.760
46.020
45.560
47.020
47.350
44.900
45.550
45.000
44.500
44.580
44.250
43.700
43.330
42.140
41.800
41.990
42.500
44.560
44.500
43.300
43.090
42.010
44.800
40.620
44.220
49.000
48.350
46.210
46.500
47.010
46.010
46.000
48.520
46.460
47.120
47.900
48.290
47.400
44.120
44.600
44.170
43.000
41.600
41.000
40.240
41.200
41.630
40.120
42.500
39.500
38.070
38.420
41.690
41.000
40.000
39.050
39.300
39.000
36.500
33.510
32.500
32.100
31.180
31.720
31.090
30.000
32.200
31.010
30.980
29.010
28.200
28.610
27.050
27.800
30.890
32.680
32.950
32.400
29.600
31.640
35.150
39.060
43.000
41.120
36.100
35.500
35.850
39.830
43.180
45.000
42.020
44.510
47.560
49.000
46.500
45.400
45.250
43.000
41.300
39.000
36.150
33.880
33.200
35.880
36.060
34.000
35.640
39.600
41.900
41.200
40.000
39.260
38.850
35.580
31.410
33.890
37.660
34.240
30.000
24.660
34.250
38.050
42.280
46.980
52.200
56.810
55.080
61.200
68.000
73.800
77.180
70.000
74.940
80.100
81.500
81.060
85.000
90.500
91.760
90.020
89.500
91.000
95.000
89.010
95.110
98.660
99.000
88.870
93.000
90.580
86.200
81.310
85.030
86.340
79.040
78.900
76.510
74.860
76.180
75.900
75.900
77.010
74.000
72.550
77.000
77.620
75.500
70.150
69.140
68.510
68.210
65.220
67.520
66.870
61.000
59.870
59.000
55.000
61.020
64.530
64.390
64.010
59.030
59.010
58.800
57.110
55.410
52.530
51.410
51.410
51.470
50.750
53.570
50.000
50.380
49.490
48.880
49.450
48.250
47.800
46.500
46.200
46.680
47.700
47.010
47.320
48.050
47.900
49.800
47.500
44.600
44.450
45.050
45.000
44.430
44.190
42.910
42.310
41.590
41.030
41.050
41.800
44.440
44.400
43.370
43.010
45.060
45.350
46.170
46.000
46.210
46.600
46.250
46.020
44.800
43.150
42.820
43.120
42.410
41.700
41.510
42.150
42.650
42.720
41.600
40.100
43.100
42.700
43.000
44.240
44.100
44.010
42.550
42.480
46.600
48.810
48.850
50.550
50.180
49.900
49.070
47.810
47.510
51.100
52.200
56.500
55.230
54.980
53.920
54.800
54.900
54.130
53.500
54.000
53.100
53.050
53.580
53.010
52.520
52.490
56.680
55.060
53.200
53.000
53.790
52.410
52.010
53.390
53.600
51.250
51.480
51.610
49.900
49.580
51.200
53.220
52.190
50.550
51.150
51.100
49.750
48.540
48.010
47.270
46.700
47.000
47.210
46.780
46.520
48.080
47.710
47.580
48.000
49.280
49.410
49.910
48.630
48.400
48.700
48.300
47.780
47.550
46.500
45.600
45.600
45.600
45.500
47.050
46.150
46.000
46.630
46.820
46.180
45.900
45.870
45.600
48.580
48.500
48.490
48.800
49.000
49.900
50.680
50.340
51.900
50.030
48.750
46.690
46.200
43.880
45.000
45.900
45.080
46.050
48.760
48.610
48.050
49.400
53.520
47.210
46.060
45.010
