16.120
15.920
15.980
15.800
15.810
15.770
15.730
15.880
15.800
15.890
16.350
16.530
16.570
16.500
17.170
16.950
17.000
16.550
16.580
16.600
16.650
16.100
15.880
15.950
15.420
16.200
17.500
16.410
16.410
15.500
16.580
17.200
17.250
17.420
17.620
16.950
17.130
16.900
17.060
17.860
17.380
17.280
17.600
17.680
17.550
17.920
17.850
17.440
17.460
17.350
18.090
18.630
18.650
19.160
19.940
20.000
20.000
19.700
20.150
19.750
20.300
20.370
20.280
19.990
19.820
20.580
21.230
21.440
21.620
21.440
21.690
21.730
22.130
22.110
22.940
22.600
22.620
22.590
22.410
22.700
22.310
22.680
22.500
21.960
21.620
22.100
22.090
21.830
22.300
22.100
21.740
21.810
21.500
20.870
21.080
20.960
21.680
21.790
21.580
21.660
21.610
21.200
21.410
21.120
21.260
21.450
21.420
21.330
22.080
23.500
20.840
20.650
21.060
20.600
22.350
23.410
23.660
23.490
23.650
23.530
24.280
24.480
24.000
23.720
23.800
23.750
24.000
24.010
23.610
23.940
24.000
23.980
23.770
24.000
23.890
23.290
23.900
23.900
26.020
26.170
26.460
26.030
26.100
25.870
27.240
27.080
27.000
27.450
27.640
27.090
27.680
28.150
27.660
27.710
27.710
27.870
28.370
27.930
27.750
27.390
27.300
27.490
27.200
27.050
27.110
26.800
27.490
27.800
27.540
27.840
27.890
27.520
28.210
28.160
28.790
28.260
28.860
28.070
28.390
28.160
28.400
27.600
27.050
27.000
27.250
26.580
27.880
27.800
27.700
27.260
27.280
27.200
27.100
27.270
28.000
28.800
28.390
28.780
28.300
29.550
30.010
29.930
30.210
30.040
29.880
29.890
30.230
30.400
30.150
31.010
31.600
31.850
32.410
32.900
31.220
31.660
33.180
33.400
34.060
33.520
32.700
32.060
32.000
30.350
31.500
30.380
29.580
30.240
30.010
30.500
28.900
28.670
28.350
28.300
28.770
29.600
29.000
28.840
28.420
28.780
28.580
28.700
28.800
29.380
28.530
28.920
29.010
29.120
28.700
27.210
28.100
28.010
26.580
27.710
26.900
26.700
26.010
25.250
32.820
35.720
36.450
36.590
37.180
36.200
35.790
36.060
33.470
33.120
33.990
32.880
33.650
34.310
34.400
32.000
33.010
34.010
33.900
33.150
34.800
34.940
36.150
35.200
36.580
38.900
38.200
38.680
37.330
37.360
37.480
38.100
37.300
37.500
37.000
37.800
42.020
42.280
42.410
44.020
43.850
43.700
42.750
41.940
41.900
44.730
43.200
41.970
41.800
43.420
41.500
42.110
45.910
45.000
45.750
44.520
44.510
43.680
41.000
40.100
44.500
44.580
44.300
44.000
44.800
44.000
43.200
40.740
43.000
42.770
40.750
39.000
39.500
41.640
45.600
45.240
46.640
46.200
45.500
45.970
42.710
40.390
39.400
42.100
42.200
41.000
39.100
39.400
36.960
38.290
38.850
41.450
42.480
42.480
42.130
44.600
41.700
38.500
41.410
36.000
41.550
40.360
43.000
45.510
48.400
49.000
48.400
57.380
60.720
60.050
59.400
60.060
60.900
60.430
62.290
61.720
62.780
65.350
64.000
64.640
62.400
61.980
66.780
65.590
62.150
63.100
62.000
61.580
58.700
57.490
59.680
58.900
63.510
66.010
61.900
58.860
61.550
61.100
57.820
59.030
63.020
55.480
61.000
61.300
59.290
59.000
57.470
53.140
53.320
49.520
50.500
49.520
50.350
52.580
54.530
54.450
58.000
55.310
48.200
51.650
48.600
50.500
50.800
47.270
49.110
46.400
45.580
42.700
41.000
40.310
40.300
41.000
39.000
41.790
43.080
40.540
42.400
38.490
38.080
36.940
33.100
33.800
41.300
38.750
38.580
37.000
32.000
31.210
29.810
34.100
40.000
38.840
35.310
32.620
32.750
38.000
42.960
45.200
43.080
51.000
54.290
55.800
51.400
54.000
55.360
53.000
48.370
43.600
50.000
44.060
45.130
51.870
59.000
60.790
58.160
69.000
71.700
68.500
71.000
68.160
64.000
56.980
53.250
59.170
53.790
73.050
66.410
82.000
84.000
66.400
82.480
87.000
93.900
94.990
86.000
87.000
97.490
93.500
102.220
109.810
111.900
114.890
112.000
109.510
117.000
126.990
118.000
128.980
117.950
112.250
100.000
112.110
120.000
115.810
112.010
113.500
97.980
101.880
98.000
108.240
101.000
114.000
114.000
128.820
117.110
106.300
87.000
82.960
83.000
87.100
84.300
80.800
91.500
86.880
88.450
81.600
82.000
76.000
74.200
76.100
77.010
83.300
85.900
85.550
88.000
91.660
97.880
85.250
88.050
88.000
84.000
85.250
89.990
89.090
94.000
98.870
94.750
93.930
89.100
90.990
91.100
96.100
95.000
81.300
76.800
74.140
74.500
68.100
76.000
72.170
71.950
75.000
70.790
69.490
70.220
75.300
76.000
81.000
73.900
74.010
67.280
61.130
52.300
54.420
59.000
58.560
62.500
56.200
56.380
59.890
62.560
60.000
53.500
48.000
49.700
49.800
53.000
48.700
47.770
44.800
45.390
45.950
40.600
37.500
38.800
38.280
37.610
34.640
35.720
34.880
36.000
39.480
41.100
40.250
38.550
38.720
44.110
46.060
48.680
48.500
48.300
45.990
44.640
44.910
41.530
45.000
49.910
51.150
52.000
52.890
54.000
53.960
50.490
49.000
47.290
46.200
46.230
43.710
38.100
38.600
38.120
36.000
35.780
35.420
34.020
37.090
36.410
38.250
37.630
37.000
38.500
39.100
39.450
38.020
38.500
36.780
35.600
36.510
37.760
38.500
36.820
35.560
35.850
36.900
37.280
33.960
32.270
31.850
32.770
30.000
29.320
29.480
28.060
28.400
27.550
26.790
27.380
27.160
26.870
27.120
28.650
28.250
27.850
28.300
27.600
28.300
27.960
27.790
27.900
26.400
25.550
25.150
25.630
25.100
25.570
25.990
25.580
25.600
25.810
25.680
25.200
24.630
24.710
24.880
25.000
24.910
24.500
24.190
24.140
23.750
23.720
24.400
24.460
24.270
24.190
23.560
23.150
23.380
24.440
24.290
23.960
24.000
24.300
24.380
25.920
25.700
25.660
25.500
26.300
25.880
