40971.02
19930.76
22971.79
30267.05
17298.24
18705.26
20088.12
24386.93
37179.52
35745.25
25615.30
22232.11
38781.05
24105.15
21102.02
40676.65
41932.46
128967.85
35415.56
24010.70
38432.76
41346.74
18747.30
25378.25
25783.69
30592.25
24262.97
25747.77
38854.75
47146.76
79184.28
67872.19
30834.79
36607.50
44377.14
81287.47
31913.55
41730.12
69473.19
72121.08
74557.20
38286.52
32176.24
38793.13
28364.59
32284.23
32835.44
55846.15
60585.04
38374.00
31539.50
24974.60
24671.25
32165.08
26451.47
26682.03
41205.36
25064.13
37421.44
64023.52
52296.94
30305.46
33235.69
45149.44
36411.20
77285.12
87279.62
60626.69
64482.92
70876.05
56694.66
80960.02
39873.21
51252.27
75754.05
75720.63
54994.38
55578.60
63972.03
43769.15
66142.91
65459.10
131700.31
87027.08
117990.00
44499.73
35760.13
26385.05
37070.76
33026.72
34534.11
41426.70
36992.86
32542.51
24635.14
30598.92
59991.65
24670.39
32928.95
35884.56
46832.19
30761.22
28337.93
33604.82
29201.69
20802.01
46810.18
40420.98
34658.93
45835.50
16965.25
22718.06
34176.22
48213.06
47981.03
19789.58
23735.39
21954.85
24087.93
46771.61
36044.98
58045.57
66314.75
15779.63
17180.57
15403.00
20438.50
24188.78
23159.84
19138.26
33419.70
45287.86
31288.58
43881.01
72245.40
48692.50
29154.96
48070.21
21259.57
20786.94
25822.24
22324.79
21719.63
40310.88
17618.58
19413.49
24378.44
22314.96
32814.59
36272.37
30333.91
35954.15
26978.14
30594.79
50698.92
120911.74
107142.13
44702.38
39171.36
28355.01
33794.57
24219.97
33652.91
43575.46
60307.01
88884.95
49355.96
22296.88
38638.20
28024.16
38102.26
48564.05
98353.27
44375.15
50801.05
40291.93
33262.95
27117.12
27481.98
56891.03
94472.54
25112.55
34487.81
28413.12
44320.97
52482.11
63452.19
39547.54
37101.30
21621.76
27031.74
30549.44
40673.60
71320.38
35202.87
33963.71
44001.77
44787.32
29976.19
46219.25
46206.07
60320.77
111910.21
34103.25
50315.82
37729.84
61391.46
22389.22
38248.56
43549.29
53268.89
39422.96
48069.09
73647.81
29012.53
49404.29
65987.61
41791.19
33302.27
38091.24
65779.04
36316.92
35218.92
58753.15
42736.56
72283.71
118149.22
29631.24
45606.58
43082.38
58296.94
76602.00
63659.87
92892.43
58272.79
50880.63
69229.58
73853.44
115270.08
77681.30
137361.17
52176.03
66674.62
58080.85
75360.46
122950.43
128092.84
168613.31
109355.29
153335.50
205929.92
187396.77
133600.20
137209.94
133862.00
122676.57
108332.31
157421.64
152127.36
102778.62
133151.38
143268.33
100972.96
106667.09
136168.06
120353.46
168210.77
125347.43
96703.16
95858.01
96383.77
143497.19
129560.49
145400.31
95172.78
117179.15
106548.89
140843.62
158224.52
139574.78
133661.14
157716.95
156632.66
184053.47
88947.60
97766.62
71459.93
86046.15
97415.24
70824.31
58410.68
74795.23
48813.07
84372.97
50706.28
49503.10
52257.10
42951.78
78626.64
61745.42
54786.74
69178.58
113500.04
112512.31
79760.94
77941.93
128321.69
42378.01
56550.14
54128.32
52909.84
69243.75
49471.36
67713.63
75051.94
73095.60
89754.60
57128.62
49907.56
57123.14
38399.85
43943.94
70446.27
91722.21
55312.25
78522.03
66104.60
77087.82
80639.82
53407.17
68019.22
54913.26
56425.35
31378.76
43098.83
35207.79
36905.56
46143.22
51922.78
18306.92
21868.17
33135.31
34113.35
34102.86
39122.02
47276.54
41049.61
60989.40
43492.11
42090.30
79712.32
66154.65
68329.99
63336.49
57230.05
100596.91
68928.64
81519.14
107852.50
77418.22
89594.26
13123.00
62780.91
100670.80
65505.55
116475.56
77881.33
76295.68
88526.92
91005.99
90129.37
80983.09
76987.99
78755.09
55929.00
81403.67
80768.94
75516.09
77044.71
97868.31
66113.82
73806.44
58061.67
70145.79
109239.35
84732.41
127653.09
116206.04
114903.85
90316.76
109461.12
123498.94
83629.00
100424.13
137074.94
116266.63
63658.53
129343.61
91529.75
103119.17
166448.66
258172.16
153071.80
257656.12
20769.78
66376.72
64356.65
42779.97
68952.80
55307.59
42009.51
73364.61
60600.66
64768.49
67190.51
68047.43
100738.19
95791.89
89894.69
85979.93
68936.22
61196.55
63454.56
69280.79
64115.02
57649.48
1357.70
33960.22
47939.21
68067.20
65996.32
73947.81
81449.34
76939.75
82163.64
78434.49
87104.90
75415.45
61330.89
75001.45
59582.14
73153.12
154105.66
93157.56
123994.85
92280.35
53258.95
63202.84
79899.94
70173.47
73172.38
58692.75
61253.62
62127.24
66532.76
77040.21
104642.60
62862.03
74542.83
66123.06
74762.83
83697.91
94100.41
89035.48
80498.20
95775.89
79683.49
64708.07
68641.06
91124.67
76578.90
100863.89
109097.77
145394.38
134053.64
85221.52
92550.46
155159.11
132394.73
147435.05
164451.81
12206.20
3032.93
14757.86
42215.63
151964.48
53097.82
118235.34
74450.72
65369.58
73408.99
78428.87
71027.43
62792.71
67446.35
58213.98
43357.73
66788.91
69200.56
65565.62
72989.61
104566.41
88633.18
94482.56
86783.09
67972.13
83496.62
83524.04
96906.46
85901.33
121392.60
94030.41
132269.31
57727.31
2889.18
59598.20
73869.32
85872.26
70275.91
59857.92
91640.70
129690.05
107035.17
61091.98
55578.19
82191.21
62728.22
41649.53
48888.82
55610.79
67592.20
62233.19
81840.04
63805.56
92826.88
49549.80
60998.43
74695.42
62734.59
97027.06
68460.53
81221.58
112066.29
137289.69
75454.18
63779.48
90690.77
69532.22
78380.55
66748.21
42035.42
43156.12
66920.45
73974.94
97413.50
71984.06
64271.09
76130.76
90090.68
91208.80
59565.86
49052.57
66166.23
59149.52
54564.01
47909.63
61584.21
98130.84
54920.91
58738.62
67968.73
47694.69
29577.60
35158.32
827.00
38286.62
62047.86
29931.49
24588.17
20981.64
16245.92
20201.12
36137.67
69380.81
29286.36
57700.81
19100.72
28879.27
23897.68
36858.73
31969.11
36550.58
45716.40
95596.77
74115.08
42694.10
39319.65
30583.63
17171.97
20751.99
29459.62
16688.53
26684.85
23405.49
25559.31
31440.71
24778.41
27277.15
27264.80
33547.91
19807.40
16966.06
21077.43
22073.68
38002.20
48419.03
30977.27
32543.50
30060.62
27762.93
39482.97
24460.90
30260.48
53786.92
38819.41
59690.59
49159.20
57913.17
67146.46
46914.89
68288.08
45296.43
42966.45
49496.47
50913.46
91293.41
33515.74
28636.76
18594.82
23823.46
18463.39
37984.40
33422.33
46916.96
36188.07
46778.12
33069.39
19938.46
26320.76
33762.53
37609.48
39139.36
45780.90
48252.95
20766.48
30195.69
65880.27
64097.25
57081.40
63824.99
112870.26
48480.15
42258.86
78118.62
27587.36
43337.14
52460.14
50198.02
71917.13
52703.08
31835.90
49164.15
35256.27
25890.20
29722.58
34745.62
26098.58
45895.98
72077.59
44821.31
42405.62
60100.30
46560.46
53175.56
70293.80
52664.13
74836.50
114829.94
91031.81
86924.41
60608.42
113809.60
105457.11
30155.54
45052.00
39292.68
52135.28
63356.79
65342.96
75241.47
85900.95
69189.38
111515.23
106325.23
39369.28
70548.98
38689.39
50624.35
15824.06
39390.15
25004.82
31222.49
37303.22
28107.70
19991.75
43800.74
46279.79
37520.75
70174.67
82067.24
138441.89
74277.66
106351.20
30744.51
24302.03
41298.20
45864.93
33124.97
