13.100
12.900
13.450
13.440
13.300
14.690
16.320
16.560
16.750
16.910
17.000
16.900
16.750
16.870
16.980
16.700
17.100
17.690
18.270
18.340
19.010
18.800
19.000
19.240
20.170
19.980
19.970
19.700
19.300
19.290
19.850
20.050
20.250
20.120
19.910
20.340
20.020
20.500
20.370
20.080
19.960
19.680
19.520
19.500
19.310
19.590
19.390
18.820
18.450
18.230
18.550
19.140
19.090
18.500
18.500
18.070
17.500
19.170
19.960
20.440
19.830
19.580
18.830
18.520
18.000
17.870
18.000
17.460
17.720
18.020
18.190
18.050
17.600
17.510
17.480
17.300
16.660
18.250
17.800
18.240
18.780
18.500
18.560
19.180
19.500
18.850
19.000
18.420
18.280
18.610
18.090
18.200
17.820
17.780
17.780
17.930
17.670
17.100
16.390
16.680
17.000
17.950
17.960
18.260
17.750
17.350
17.570
17.530
17.370
18.000
18.500
18.580
18.950
19.440
19.000
18.370
17.850
17.980
17.790
17.620
17.580
17.690
17.880
17.760
18.480
16.800
16.840
16.900
16.690
16.390
16.440
16.600
16.440
16.410
16.380
16.450
16.350
16.260
16.050
16.490
17.340
17.100
16.950
16.960
16.650
16.600
16.660
16.700
17.000
16.900
16.930
16.890
16.910
16.890
16.840
16.910
16.620
16.250
16.500
16.330
16.710
16.600
16.750
16.190
15.950
15.930
15.740
15.740
15.490
15.940
15.490
15.330
15.740
15.730
15.670
15.550
15.520
15.320
15.160
15.450
15.560
15.270
14.990
15.220
15.130
15.280
14.990
15.090
15.180
15.870
17.140
16.650
16.480
16.790
16.720
16.530
16.500
16.870
17.150
17.070
17.030
16.870
17.160
17.600
17.150
16.580
16.600
16.300
16.400
16.350
16.460
16.100
15.700
15.900
15.950
15.820
16.700
16.100
16.280
16.700
16.400
16.300
16.290
16.350
15.360
15.350
15.520
15.280
15.480
16.130
15.700
15.600
15.430
16.500
16.480
14.980
15.320
15.880
15.680
15.700
17.280
18.430
18.480
18.950
18.050
17.530
17.370
18.200
17.560
17.360
17.650
18.150
20.170
19.710
21.050
21.420
19.470
17.700
18.400
17.990
18.190
18.370
18.210
17.700
16.940
15.750
17.420
17.470
17.900
17.780
16.890
16.180
16.180
15.350
14.510
14.200
14.090
14.280
14.580
14.580
15.500
14.700
13.440
14.930
16.590
16.450
14.950
14.410
13.830
13.800
14.450
15.190
15.160
13.780
12.770
13.510
15.010
16.680
18.000
18.000
17.220
19.130
19.100
18.890
18.320
17.500
17.450
16.180
14.710
14.750
14.860
13.750
14.600
14.570
15.300
14.160
15.730
17.480
17.820
17.610
18.020
16.380
14.890
13.540
13.380
14.610
13.280
12.070
13.410
14.900
16.560
18.400
20.440
22.710
21.220
23.580
26.200
27.770
27.700
27.250
28.950
28.700
26.390
28.750
31.100
28.300
27.820
25.290
22.990
22.330
22.210
22.380
23.200
21.580
20.790
20.430
22.040
21.640
20.030
20.300
20.960
20.700
19.500
19.250
17.500
17.060
16.650
16.980
16.270
14.790
28.010
29.220
28.480
28.640
28.000
28.570
27.960
29.350
29.650
30.700
31.800
30.300
29.010
29.600
29.200
28.350
28.840
29.130
28.680
27.890
28.900
30.000
29.940
29.000
29.090
28.090
27.850
27.450
27.000
27.710
25.880
26.550
25.830
25.330
25.580
24.950
24.100
22.940
22.640
23.200
23.270
23.100
22.650
23.300
23.910
22.780
22.430
21.840
21.890
21.680
22.400
22.200
22.510
21.830
21.950
21.580
21.370
20.600
21.460
22.890
22.780
23.300
23.650
24.110
26.060
23.690
23.630
22.430
22.240
21.680
21.480
21.500
22.500
22.900
22.580
21.000
21.570
21.380
21.390
21.400
21.720
21.610
21.690
21.490
21.500
21.400
21.230
20.950
20.830
20.260
20.120
19.900
19.860
19.790
20.640
20.630
20.510
20.220
20.000
19.920
20.020
19.740
19.690
19.470
19.070
18.830
19.160
19.130
19.670
19.950
19.660
19.440
19.370
19.750
19.390
19.180
19.270
19.440
19.240
18.990
18.980
19.230
19.160
19.030
19.000
18.940
18.840
18.660
18.590
18.230
17.970
18.200
18.580
18.440
18.840
18.980
18.730
19.370
19.880
20.110
18.280
18.270
18.930
