25.990
25.800
25.670
25.640
25.850
26.150
26.250
26.490
26.290
25.940
26.350
26.520
27.450
26.320
26.340
26.490
25.930
25.390
25.480
25.770
26.290
26.450
26.380
26.080
25.590
25.280
26.480
24.400
24.660
24.290
24.970
25.850
26.460
25.870
26.780
25.180
24.990
25.150
25.930
26.890
25.800
25.860
25.300
25.450
25.670
25.810
25.870
25.900
25.220
25.980
25.000
25.790
26.140
26.000
26.950
27.430
27.580
27.890
27.970
28.060
28.980
29.100
29.440
29.200
29.320
29.050
30.030
30.200
30.280
30.280
31.150
31.340
31.940
32.080
31.790
31.540
31.680
31.480
31.190
31.300
31.600
31.920
31.740
31.000
30.350
30.600
30.880
30.500
30.990
31.120
31.390
30.920
31.640
29.480
29.760
29.950
30.660
30.810
30.800
30.750
30.540
30.780
30.140
30.380
29.970
32.000
30.300
30.190
30.860
32.150
33.320
30.700
31.270
29.880
29.720
30.870
31.000
31.120
31.200
31.250
32.100
32.500
32.490
31.310
32.010
32.440
32.210
32.350
32.250
32.440
32.550
32.840
32.520
32.860
33.100
32.720
32.470
32.630
35.190
35.250
35.320
35.250
35.280
35.350
36.400
36.470
36.600
36.290
36.670
36.980
37.660
38.480
37.720
37.400
36.700
37.160
37.890
37.260
38.000
36.790
36.200
35.920
35.480
36.680
37.520
37.270
36.850
37.600
37.860
38.300
37.370
36.850
36.760
37.000
36.980
36.850
36.990
36.990
37.120
36.710
35.990
36.150
34.890
35.100
34.960
34.960
35.590
35.710
36.070
35.770
35.650
35.840
35.500
35.250
35.560
37.240
37.580
37.800
39.130
36.140
36.250
36.800
37.030
37.350
37.200
37.500
37.500
38.180
36.300
37.240
37.150
37.290
37.500
37.600
37.950
36.180
36.440
37.980
38.860
38.390
35.590
36.460
34.560
34.740
34.980
35.470
35.650
39.000
39.400
39.100
39.250
39.550
39.790
39.660
39.260
39.270
39.410
39.430
42.480
43.300
43.770
43.990
43.800
43.530
43.980
43.350
43.970
46.800
45.180
43.950
42.350
41.980
41.490
41.500
39.380
40.570
39.780
39.700
37.480
41.430
42.340
42.350
43.580
43.500
42.280
41.180
38.780
36.090
36.360
36.480
37.340
36.200
36.690
36.100
35.960
35.980
38.330
36.950
34.560
34.400
35.400
35.400
36.820
40.880
40.460
40.490
40.100
40.980
43.890
41.000
37.490
37.400
37.400
38.500
42.950
43.500
42.780
43.780
43.780
43.710
43.700
44.270
45.000
48.140
46.000
45.670
43.780
45.970
44.970
44.500
46.600
47.170
45.090
45.580
45.980
47.900
47.860
43.560
42.000
42.460
38.600
35.090
34.220
32.200
32.430
32.400
32.450
34.680
32.580
31.450
34.000
36.510
40.000
41.370
38.560
39.400
39.900
40.730
39.870
39.960
37.400
37.900
38.450
37.150
37.050
35.950
36.560
36.680
38.420
39.890
41.000
40.500
42.250
42.000
41.290
40.500
40.850
41.000
41.500
41.270
44.000
46.690
48.530
49.970
50.000
55.780
58.610
58.800
59.380
61.200
61.500
60.780
62.460
62.450
62.200
64.300
64.500
63.700
64.600
61.300
62.480
63.600
63.800
64.450
65.700
63.430
62.580
62.270
65.500
65.000
69.930
73.680
76.680
72.080
72.790
69.660
64.490
65.280
70.980
68.000
70.730
75.610
69.960
66.910
66.160
62.100
63.550
60.070
56.550
57.650
60.000
67.800
63.810
58.010
106.500
109.000
108.000
112.750
104.560
103.900
97.880
91.600
87.600
87.800
87.500
80.890
80.870
77.210
77.880
78.790
77.000
77.950
81.530
79.990
79.000
74.580
68.100
71.120
66.830
65.230
76.980
77.650
77.430
80.880
73.700
70.000
66.580
66.800
72.770
70.990
65.040
65.400
66.980
76.480
80.500
83.500
85.300
90.500
90.000
95.630
93.800
95.600
100.490
94.300
87.600
83.200
89.800
83.230
83.500
88.880
99.500
101.000
106.000
115.600
125.400
114.290
107.030
106.490
107.260
102.000
104.100
109.000
112.150
101.950
92.680
84.250
77.680
85.100
108.800
108.000
116.740
147.000
156.100
160.130
177.920
197.690
219.650
244.050
271.260
249.000
265.000
257.000
247.990
236.740
235.090
233.990
267.000
274.800
271.980
278.590
298.000
296.000
302.000
314.060
285.510
259.550
235.950
218.000
202.400
194.000
219.100
217.790
197.990
198.200
205.000
216.260
220.000
215.370
195.790
188.970
179.970
184.000
186.200
195.000
203.000
210.000
214.990
216.000
224.550
220.610
201.480
186.000
181.820
181.000
182.870
192.000
189.920
172.650
156.950
142.680
129.710
117.920
115.990
111.350
103.680
96.000
101.490
105.000
105.980
108.670
103.180
93.800
94.780
102.000
111.000
112.000
109.300
114.980
106.260
100.500
96.980
98.800
98.000
101.660
95.600
86.910
79.010
71.830
65.950
62.990
58.500
58.980
61.000
64.080
62.730
62.000
59.510
55.110
53.980
54.290
55.500
53.880
54.500
52.300
52.080
51.500
52.500
53.000
54.280
55.390
57.390
57.410
56.100
54.800
56.970
61.500
63.350
62.500
66.300
66.840
62.500
61.500
61.300
63.130
64.980
66.610
71.660
74.000
72.050
68.650
63.880
58.070
53.320
56.390
57.350
57.610
56.280
57.570
55.860
57.770
64.640
65.890
64.880
59.960
58.660
57.930
56.500
54.500
57.800
58.500
57.900
54.470
53.050
49.190
50.550
45.950
41.770
37.970
34.520
31.380
28.530
25.940
23.580
21.440
19.490
17.720
16.110
