36106.90
26969.53
32515.91
40500.65
65646.89
35688.28
34308.32
81733.62
34618.31
33326.28
43916.84
41258.60
27760.45
26983.24
33643.42
60843.59
26342.42
32700.17
32811.44
23151.84
30642.95
63438.49
40605.32
90588.02
36056.57
52344.64
28517.06
29413.21
51308.76
28085.00
33516.50
26821.88
30388.17
38453.19
55526.88
52693.05
23009.97
27708.79
45600.19
57030.89
27224.98
63914.01
80972.43
36447.65
61381.01
23921.73
27758.13
44944.85
24718.39
30267.89
37840.84
60251.15
40746.30
31235.71
41813.85
35643.46
29154.64
34531.70
24613.98
36308.09
55048.71
25529.21
30411.49
30793.30
44026.39
63164.45
42624.29
37344.78
24915.97
30270.98
72159.12
41918.45
30051.90
41803.59
67172.33
48199.28
37362.54
39968.92
40288.80
52289.71
75048.69
114478.79
46202.01
64501.55
52552.41
39472.58
51080.95
41695.96
63687.83
65423.85
62041.29
50716.39
58215.64
37700.77
54810.11
28626.35
39940.08
26883.10
37867.23
61336.49
52698.70
70718.26
51359.96
56890.46
45388.08
1.00
26372.89
35226.68
37166.41
51210.53
69972.42
65147.90
25294.35
41019.72
52964.05
47472.62
23503.88
26074.94
31728.73
48540.55
42688.84
41262.60
32753.85
37099.56
24227.48
38257.87
26486.34
23131.75
49843.59
45036.67
24035.77
34113.04
29833.80
33573.68
62174.09
48090.81
65104.45
79846.84
84132.31
31053.89
29880.12
24874.55
29803.95
37170.27
51131.89
65656.72
63874.42
64077.45
43528.66
67837.46
79256.08
103352.32
71215.21
52167.22
51109.28
95956.20
88730.43
149948.64
73567.75
93528.27
45384.65
62344.39
71384.08
68217.41
60629.95
51673.13
67257.57
53964.94
75104.56
142945.88
77634.38
74776.98
76201.03
34142.20
25601.39
28881.73
35747.11
46201.00
39017.16
45100.14
54306.56
40322.65
37442.41
51034.59
77570.89
125938.73
49931.12
32000.21
43813.11
12015.95
16555.69
15762.10
16881.12
25172.49
28936.91
30021.37
52136.63
41923.01
51146.37
20810.05
25075.44
26993.12
22892.46
28610.07
31466.30
58637.74
24967.19
20364.68
23828.19
26254.13
27086.41
23251.38
30003.57
48461.52
77772.95
83077.05
86406.78
38551.76
28661.53
37040.37
42921.52
19858.68
24313.08
12117.07
23874.97
48759.93
59638.46
67089.80
22929.43
30042.78
37509.46
29272.65
31578.81
29351.24
60919.89
33986.68
40505.88
51644.70
80784.62
71150.50
124699.75
52237.90
40363.09
63750.41
100259.20
53731.19
56405.69
86232.33
110033.03
92130.99
158789.02
133028.48
144573.11
99024.76
139281.45
74268.41
20118.76
42655.42
24721.75
34239.26
37071.71
34554.55
77738.52
74733.85
90367.40
54254.94
42332.13
25568.29
22203.78
43606.12
39137.70
28242.31
52113.93
34996.99
32286.08
26601.52
40713.89
32293.81
30687.67
19091.43
34988.31
20839.98
31711.09
46860.66
22768.00
31735.01
46278.08
23824.29
28006.87
30340.80
24891.66
25491.19
42453.04
62973.65
32414.64
59328.73
54668.40
41424.08
71256.04
63519.22
124959.56
91817.09
120960.18
71567.51
77682.98
38167.66
52910.25
46768.65
39521.07
55395.27
34347.20
50028.52
49935.01
65126.43
66254.27
70823.49
73962.97
33478.92
36955.61
66158.19
24518.68
31561.28
39698.24
55310.79
43647.11
81209.44
72678.26
66390.16
61503.73
58672.84
69639.23
75590.73
88666.32
50156.08
45029.41
74683.95
75268.70
78891.17
86820.45
95557.08
113920.04
135530.25
200491.59
151481.19
198394.05
63033.87
82882.70
72163.51
48199.00
71182.25
55441.84
51839.55
48957.00
33307.02
42221.29
72677.86
53641.18
39863.81
51479.40
52733.41
63350.07
85728.75
91490.94
89721.23
68780.38
56675.58
63532.48
63733.53
103196.85
103001.04
50420.99
82317.01
67725.15
81371.13
117219.86
105351.09
106985.14
101388.95
160995.86
120103.22
116191.75
107925.68
140253.09
142007.94
167846.22
272023.06
321080.41
59992.98
8947.60
890.00
393.00
111093.94
157503.25
145831.25
144318.56
130723.27
146059.02
89427.34
63295.34
46364.45
51913.07
51856.89
42473.72
46468.48
48646.29
52232.41
98703.89
61299.87
61803.65
57140.92
54943.55
49919.51
64797.65
48356.47
44166.16
45330.35
57084.80
49946.11
58619.12
45238.54
43323.06
43960.04
66653.70
55931.05
49096.00
52981.37
51111.35
44121.55
51081.22
55193.91
69513.86
81388.60
62753.87
46815.11
57989.22
47672.03
42050.07
67166.46
62964.36
54153.90
60294.87
81721.70
73702.50
46012.05
39634.64
51593.82
54621.88
58092.53
67384.11
82805.04
115961.18
49698.73
43150.56
63579.89
49065.32
51277.43
49714.00
35251.71
34091.74
35119.41
36296.93
59630.39
53596.81
63998.59
36984.68
36785.60
32204.39
32546.98
58290.53
36419.41
20910.42
16694.72
26293.38
32237.59
24502.84
35527.73
28957.40
37047.77
36087.54
25476.35
22350.81
17417.16
29723.83
373.00
24746.25
47764.72
35246.41
33433.01
21687.83
12074.60
11649.20
23819.04
28844.56
21641.26
33684.06
27873.95
49349.97
46397.80
31442.43
19339.95
28537.40
37858.46
33396.71
40882.29
47185.05
47581.51
12238.62
13984.43
24488.61
24372.23
20175.34
20515.25
39009.85
40792.01
17162.72
20140.61
15735.72
23197.55
21924.92
12266.28
9429.40
12043.59
11185.98
22333.21
19461.85
19746.43
16876.84
28359.11
49139.61
36127.34
16813.28
28480.68
34111.98
30548.10
34119.85
37606.99
54017.43
63642.15
89198.71
34873.44
11293.40
7259.63
8014.12
12679.23
15125.81
13134.54
18376.18
23109.54
35558.11
18891.76
10184.81
11534.73
15934.70
6179.81
14225.18
14454.70
15660.31
7864.18
5087.17
9812.36
12640.80
