47073.01
30947.46
51091.17
64455.74
17180.87
15867.50
18559.88
33500.11
18433.59
27173.97
53603.33
93722.22
41336.45
60395.05
17392.50
17342.50
10258.12
17207.51
12522.52
7713.75
15425.44
16690.53
7107.30
13888.59
17852.27
21422.25
7427.24
5888.00
8021.50
9045.50
14905.23
19793.47
11792.11
9161.38
13372.01
17161.93
26289.27
14620.62
7776.87
20840.98
12354.46
15728.25
17123.79
18335.34
23557.09
25969.29
37272.23
14050.00
20730.06
11875.33
21574.97
19401.03
14853.52
14805.60
23768.99
14467.44
24375.77
15977.10
18481.53
26906.60
29409.72
24628.28
16415.36
18846.52
16945.66
19772.44
33830.56
33251.16
30379.38
51795.22
33176.52
64195.66
71058.46
40497.38
38831.01
40179.56
25550.09
29029.83
23054.62
20776.20
24495.81
32504.43
34785.56
28052.88
30275.36
30604.79
39751.91
33468.61
30151.28
39411.32
31972.01
70929.68
55926.66
81539.60
76969.09
135277.55
77606.76
105207.80
75537.21
64990.45
124011.18
140892.97
144619.97
166030.83
176206.41
138302.95
55.00
197390.77
342343.19
19573.60
13557.78
12488.08
13442.51
17994.25
19800.14
17066.47
15054.02
13953.01
9122.44
10165.39
13970.55
18734.99
9843.40
17111.45
21575.23
9091.23
7087.85
6308.50
10049.43
13979.94
11746.96
24237.11
21505.23
19168.99
13563.12
13295.18
16796.12
19211.31
16554.68
37249.63
9053.91
11245.28
14613.89
20171.22
13170.71
20110.41
18624.32
19476.69
19452.31
21202.34
27579.87
24006.94
23522.16
27868.92
22613.47
31515.13
21792.93
31553.59
27968.84
26815.99
28377.15
27451.16
26856.27
17860.10
17497.28
18583.63
24744.29
15814.81
18359.00
12228.35
23335.31
25278.26
41788.62
21239.12
28234.01
17960.22
22538.43
34511.05
16740.40
22759.81
19014.40
24754.94
33840.07
32359.44
22811.48
23760.70
14989.52
17528.87
17790.82
25983.82
20212.70
20326.40
19323.13
28877.34
17528.37
39283.66
34144.23
30588.12
27982.99
31143.67
28166.35
26353.80
55639.60
43336.71
78576.02
44219.46
50058.49
69795.38
32620.23
27482.53
27787.06
29669.95
42219.96
29872.88
38055.09
43901.65
20024.20
34877.49
46737.97
26858.69
25525.15
25061.58
37959.43
24102.28
35233.96
51823.48
49926.78
67818.32
110450.83
86982.66
118489.53
72581.42
123701.58
88595.05
33098.61
43098.01
66599.84
20014.08
31678.83
50784.88
55354.42
50543.85
56480.44
40577.18
43725.96
54799.55
36309.86
56308.57
51977.39
64960.82
57120.33
64180.95
66436.55
103178.91
93501.76
93893.44
61368.14
85466.80
75051.82
80069.37
85647.22
65040.55
75219.01
82979.33
117147.38
162486.69
138241.67
103442.08
91622.85
100819.30
84340.18
76687.38
85963.58
97547.26
123616.15
107061.17
71564.46
89581.79
87683.41
95550.13
110461.80
45600.62
55992.17
52388.06
32899.65
13056.51
21289.45
13757.73
13687.47
17949.86
11057.80
16839.57
17359.38
15795.70
25654.31
41626.66
20929.32
25416.83
24850.35
35824.47
46309.48
19724.57
38350.69
22036.77
29324.88
31885.27
40696.68
28653.19
29982.70
35002.88
24982.33
29197.46
26287.12
38195.51
21726.25
20265.39
27152.09
34466.21
32732.40
15457.58
27699.22
29329.43
11937.36
15453.87
13161.61
21178.41
20615.28
22300.03
26533.61
25628.52
22707.67
15544.05
14174.20
18464.77
14834.09
20288.31
32350.69
16005.99
13772.26
14914.96
20476.25
13539.47
9985.19
14965.10
11398.77
16727.16
10180.34
13962.00
15377.19
19349.52
12700.46
12109.94
11797.93
17085.98
16137.61
19609.88
19186.16
22253.23
17714.98
12621.37
12436.47
28360.39
31263.14
5304.00
22461.47
30620.41
15434.38
23388.79
17523.97
27249.48
29667.16
44951.73
28161.46
35111.16
42819.39
24907.66
26932.39
43753.21
42703.63
37989.28
27806.31
29948.27
16750.25
21158.68
24141.04
38327.96
24766.94
20215.32
19457.28
33534.43
48131.85
51780.03
62973.84
78744.25
46667.40
49021.18
31045.15
28181.61
24974.99
43369.59
29685.32
38244.17
37037.97
51245.13
36174.08
32670.85
55378.44
41385.93
64796.36
53402.20
61380.75
51072.23
48031.54
87479.97
62521.46
58116.29
89371.34
25092.78
41696.29
45155.40
35551.04
43842.68
52122.65
87317.14
84265.49
34792.88
30756.15
27547.49
169.00
8279.04
9195.74
11542.56
19017.13
22982.75
25079.15
28832.83
19997.23
13286.51
21627.98
19525.51
16842.14
19099.43
14683.09
18203.46
23464.28
17478.92
17133.92
18886.34
22997.52
22697.65
26875.94
24923.83
33586.36
26110.46
14202.30
19427.38
15538.20
22851.53
28294.90
26385.75
27379.42
25002.34
30747.51
45838.39
53856.44
58066.21
60716.37
47239.50
36322.30
41063.21
53683.46
70003.31
35832.60
40999.85
32020.70
35248.73
30719.32
26291.34
26817.54
37903.64
30317.52
39457.91
34339.64
58902.02
28631.39
10999.46
26617.19
52510.10
16415.95
31872.76
30848.70
23471.08
29468.36
31531.00
21931.86
26098.37
25198.58
33568.24
21906.78
23195.47
22729.26
31327.74
34520.68
33161.43
25340.65
25240.19
27460.86
26559.97
31567.64
33657.53
40584.71
27601.97
57567.30
47587.98
84312.60
114941.06
83202.72
44897.41
40372.84
46583.47
49421.74
45838.66
57524.72
70316.73
53837.95
39908.47
40373.99
46234.82
38013.99
21352.64
15531.58
20827.47
21495.98
12550.39
19614.49
20093.52
29225.18
30817.97
30127.70
38274.86
32033.67
21807.69
14975.92
12282.92
11766.76
19115.79
27600.46
19918.19
16388.85
21947.43
20044.67
20297.41
16558.19
19122.75
10788.42
7337.31
11106.36
8959.91
15564.27
21939.66
17483.95
13586.17
11286.45
10353.51
12457.76
12844.02
14471.45
9007.36
8628.94
7024.49
9466.68
13123.81
10101.91
16647.43
7378.46
8608.33
9015.79
6795.33
6357.68
10381.14
197.49
10520.55
15425.96
16874.53
26874.66
3656.26
5011.04
4715.39
7215.26
6293.72
5516.67
6631.94
3418.12
5041.01
5022.63
8462.18
7603.88
8215.54
11015.96
9479.68
11080.91
18485.04
15200.45
8672.33
7634.11
9004.95
8211.92
6681.16
8201.67
8858.86
7823.76
12371.84
9578.05
8251.13
9156.96
10898.29
9948.97
13018.56
14332.44
9093.22
10106.91
11600.29
12012.66
11870.81
10286.45
12171.14
6754.79
10752.22
13570.31
21249.49
18470.41
21096.75
16190.13
19167.19
24057.93
25277.20
14580.39
15607.91
13220.50
23582.06
18123.81
23632.88
15541.72
18256.94
18713.57
14647.19
28858.59
23605.98
26431.55
26801.71
30247.49
28286.89
21548.70
17067.09
17971.45
18899.69
26739.86
21574.88
28686.28
12666.93
19360.28
20427.45
29563.06
27095.58
20987.11
14723.25
25223.09
21378.62
18796.13
29995.20
25932.38
27842.78
26774.02
53083.70
53533.69
25137.68
20611.44
34560.66
42645.40
38238.08
51164.10
96074.79
62948.32
4942.82
2440.11
365.90
90.50
82.00
260.00
