18.350
18.400
18.360
18.140
17.820
17.850
17.760
18.270
18.210
18.050
18.150
18.300
17.890
15.700
16.080
15.260
16.550
16.940
15.850
15.900
16.200
16.510
16.010
15.610
15.040
15.010
15.480
15.200
14.880
14.280
15.870
17.560
17.800
17.830
18.130
17.960
17.020
16.320
15.660
17.210
17.810
18.000
18.220
18.100
17.960
17.860
17.790
17.280
17.590
17.410
17.110
17.500
17.300
17.300
17.730
17.800
17.850
18.400
18.410
17.720
19.250
20.290
20.310
19.770
19.460
19.460
20.150
20.400
20.880
21.220
20.650
20.810
21.230
20.980
21.540
21.620
21.510
21.610
21.250
21.520
21.460
21.360
21.280
20.550
20.100
20.200
20.550
20.500
20.670
20.670
20.350
20.250
19.950
18.490
18.500
18.680
18.000
19.280
19.280
19.400
19.100
18.600
18.800
18.910
19.010
19.170
18.900
18.830
18.740
18.770
18.330
17.930
18.310
17.890
18.440
20.490
20.450
20.320
20.460
20.100
20.480
21.280
21.050
21.000
20.960
21.200
21.300
21.660
20.700
20.800
21.200
22.180
22.000
21.860
21.500
20.780
20.500
20.100
21.200
23.410
24.420
24.780
24.430
24.300
25.070
25.410
25.530
26.000
26.700
27.690
29.020
30.510
27.910
27.000
27.450
29.110
30.480
29.660
28.580
27.270
27.250
27.390
26.360
26.000
25.800
25.180
25.300
25.710
27.360
27.320
28.810
28.500
27.400
27.000
27.000
26.500
27.000
28.020
26.960
26.850
28.200
27.200
26.090
28.210
28.410
26.700
25.000
25.320
24.160
23.200
21.730
21.260
21.700
21.250
20.050
20.500
20.800
20.060
20.700
20.500
21.810
21.000
20.000
19.550
21.300
22.330
24.080
23.680
23.580
23.200
23.310
22.900
22.100
20.880
22.560
22.810
22.100
21.900
21.500
19.300
20.350
20.080
21.250
23.050
22.380
23.280
23.280
22.110
21.210
22.190
22.030
23.900
24.550
27.280
27.000
29.970
31.270
27.880
29.440
32.660
31.740
29.510
29.000
28.600
27.620
28.900
29.590
28.790
29.150
29.820
29.000
28.440
27.000
28.150
27.030
26.580
26.720
26.850
27.100
26.560
25.090
26.750
25.030
27.340
30.290
29.800
29.230
29.400
28.850
27.500
26.510
29.260
28.200
29.160
30.400
31.300
29.700
27.530
26.380
25.790
24.700
24.030
25.510
26.230
25.020
25.210
24.000
25.200
24.790
23.500
24.080
24.600
24.240
23.800
20.600
20.800
20.500
20.010
19.030
18.360
17.870
17.420
17.610
17.150
17.360
18.700
18.300
18.750
17.700
16.910
17.760
17.030
18.540
20.600
21.530
21.510
23.900
25.180
27.070
26.160
29.070
32.300
33.500
30.780
30.680
29.970
28.410
26.400
23.700
26.330
29.260
25.860
25.150
23.800
23.500
21.500
23.890
26.540
29.160
31.300
29.550
32.220
35.800
37.390
38.550
85.480
92.680
89.510
86.380
85.980
85.520
91.500
89.460
95.000
89.550
86.000
82.000
88.600
82.830
75.300
68.450
62.230
56.570
51.430
44.800
44.100
45.100
44.650
44.380
44.120
42.630
39.970
37.800
39.500
37.220
36.870
36.810
36.400
36.780
36.900
36.120
33.490
32.850
33.860
34.610
34.070
34.580
34.550
32.500
32.700
31.310
30.000
28.500
29.870
30.900
30.670
30.200
29.680
29.300
28.210
27.390
27.400
26.600
25.820
24.730
24.760
23.900
24.280
24.680
25.130
24.810
23.060
22.820
23.010
22.640
21.730
21.500
21.810
21.750
21.440
21.410
21.480
21.550
21.500
21.350
21.310
21.500
21.920
22.000
22.480
22.710
22.590
22.500
21.950
21.130
23.010
23.860
23.550
23.680
23.000
22.770
22.530
21.900
21.880
24.280
24.100
25.000
24.670
24.900
24.350
24.550
24.620
24.660
24.410
23.780
23.750
23.500
23.140
23.010
22.800
22.700
22.600
22.600
22.570
23.380
23.710
23.320
23.120
23.240
23.020
23.230
23.970
24.200
23.630
22.820
23.480
23.510
23.580
23.640
23.990
23.850
24.800
25.070
24.500
24.040
24.680
24.910
25.030
24.520
24.200
23.900
24.280
24.030
23.740
23.800
23.480
23.630
24.660
24.400
25.020
24.800
24.730
24.820
24.730
25.200
25.210
24.900
24.550
23.180
22.840
22.500
22.750
22.780
24.000
24.100
23.820
23.700
23.810
23.220
22.760
23.000
22.800
23.240
22.920
22.810
22.800
22.750
22.350
22.190
22.180
22.490
22.400
22.240
21.970
21.400
21.560
22.510
23.800
23.790
23.620
23.710
24.150
23.960
23.550
24.680
24.610
25.000
25.810
