16.460
15.970
15.000
13.800
15.080
16.820
16.850
17.060
16.960
16.930
17.000
17.030
17.000
17.550
16.650
16.810
17.670
18.240
18.630
18.470
18.180
18.330
18.260
18.020
18.390
18.500
17.700
17.780
17.820
17.580
17.100
16.820
16.930
16.870
17.150
16.800
16.400
15.790
15.620
15.800
15.790
16.020
16.600
16.520
17.120
17.250
17.160
17.310
17.550
17.530
17.590
17.330
17.500
18.170
18.480
19.570
19.150
18.270
17.490
18.240
17.880
18.130
18.200
18.800
18.320
19.990
20.170
18.180
17.950
18.170
18.180
19.800
19.600
19.400
18.200
18.990
18.200
18.500
18.240
18.540
18.700
18.210
18.480
18.140
17.710
17.950
18.220
18.350
18.000
15.860
15.300
15.420
15.250
15.230
15.450
15.420
15.510
15.340
15.150
15.400
15.450
15.660
15.300
15.230
15.600
15.700
14.910
14.700
14.750
14.410
14.530
14.250
14.180
14.490
14.600
14.730
14.740
14.410
13.950
13.870
13.730
13.850
13.980
13.800
13.810
13.830
13.840
13.700
13.930
13.850
13.950
13.490
13.420
13.130
13.180
13.100
13.500
12.810
13.200
12.900
12.910
12.740
12.730
12.850
13.090
12.900
12.800
13.100
12.810
12.910
12.900
12.540
12.080
11.880
12.390
12.190
12.210
12.610
12.550
12.980
13.050
12.920
12.770
12.730
12.740
12.600
12.760
12.710
13.000
13.010
12.990
12.810
13.210
13.330
13.480
13.880
13.000
11.250
11.280
11.070
11.450
11.000
10.980
11.000
10.630
10.600
11.230
11.260
11.290
11.450
11.310
11.210
11.400
10.890
10.970
10.830
11.000
11.160
11.070
10.600
10.360
10.300
10.610
10.700
10.370
10.480
10.330
10.690
10.650
10.940
11.600
11.300
11.300
10.900
10.820
10.740
10.550
10.380
11.060
10.860
11.010
11.720
11.880
11.950
11.780
11.650
11.420
11.420
11.430
11.260
11.690
11.690
11.690
11.880
10.910
10.670
10.790
10.820
10.610
11.000
10.970
10.840
10.730
10.210
9.810
9.940
9.830
9.650
9.450
9.590
9.600
9.630
9.600
10.000
10.000
9.460
9.140
10.100
9.800
10.860
11.160
11.260
11.500
11.120
11.260
11.410
11.120
10.650
10.250
10.200
9.720
9.440
9.420
8.980
9.660
11.400
12.510
12.400
11.600
11.350
11.720
11.200
10.490
11.160
10.450
11.610
11.180
11.560
12.100
12.740
12.520
12.500
15.100
15.120
15.530
14.800
15.370
15.240
15.040
15.800
15.720
15.100
14.880
14.510
14.140
14.110
13.050
13.870
14.000
14.250
13.550
13.300
13.190
12.830
12.660
12.750
12.310
13.620
14.000
13.780
13.370
13.500
12.830
12.510
13.010
13.130
12.200
12.500
12.780
12.140
11.900
11.930
11.820
11.630
10.920
10.920
11.000
11.350
11.450
11.720
11.120
11.000
10.490
9.800
11.100
10.400
10.880
10.780
10.200
10.490
10.280
9.700
9.440
9.470
9.060
9.050
9.090
8.780
9.450
9.380
9.370
9.750
9.250
9.090
9.110
8.090
7.830
9.210
9.130
8.930
9.070
8.120
7.900
7.640
8.340
9.000
8.500
8.300
8.500
8.550
9.840
11.390
11.850
11.020
13.000
13.060
13.050
12.750
13.000
12.950
12.480
11.970
11.640
11.980
11.100
11.560
11.800
13.150
13.050
12.750
15.380
16.680
16.300
16.500
15.000
15.300
15.200
14.990
16.660
19.200
16.830
19.550
20.930
20.270
20.350
22.350
21.800
21.840
46.000
44.800
49.540
52.400
51.300
51.390
48.500
45.980
43.330
48.660
47.700
43.280
41.990
42.300
40.400
39.120
37.230
35.690
37.850
33.730
34.320
34.340
34.450
31.400
31.900
31.780
32.150
31.780
32.000
31.350
32.290
33.300
33.390
35.100
32.900
31.160
33.000
32.680
30.630
34.030
35.890
34.700
32.600
31.320
29.000
28.100
28.000
26.430
26.780
26.900
25.780
25.280
26.310
26.440
26.280
25.470
23.850
23.890
23.500
22.800
22.110
22.200
22.880
22.420
22.190
22.280
23.250
22.900
22.750
22.760
22.520
22.150
21.500
22.880
22.870
23.500
22.460
22.790
21.510
21.300
19.710
19.700
20.180
19.900
19.770
19.700
19.230
20.350
20.080
20.350
19.800
18.630
19.280
18.670
18.140
17.520
17.750
17.420
17.800
17.420
17.520
17.610
17.920
18.430
18.500
18.140
18.600
17.980
17.220
17.180
17.000
17.050
16.190
15.810
16.840
17.210
17.240
17.860
18.180
18.100
17.680
17.300
16.950
18.010
18.470
19.530
19.590
19.630
18.990
19.200
19.950
20.100
19.800
19.520
19.800
18.880
18.950
18.900
18.980
18.580
18.490
19.130
18.900
19.900
19.540
20.000
18.930
18.780
19.180
19.270
19.350
18.850
19.000
18.660
17.680
16.950
17.570
17.510
17.530
17.330
17.340
17.790
18.090
17.990
17.660
17.870
18.160
17.760
17.810
17.540
17.030
17.450
16.680
16.340
16.510
16.470
16.150
16.060
16.990
16.720
16.430
16.700
16.830
16.360
16.360
16.440
16.110
15.650
15.240
14.880
14.920
14.760
15.310
15.540
15.430
15.280
15.370
15.380
14.940
14.800
14.650
14.630
14.520
14.020
13.780
13.980
14.080
14.050
13.690
13.710
13.600
13.510
13.500
13.230
13.120
13.240
13.500
13.320
13.390
13.480
13.520
13.750
14.150
14.070
13.760
13.700
13.630
13.370
