10.470
10.600
10.520
10.530
10.120
10.220
10.030
10.250
10.180
10.000
10.110
10.150
10.210
10.210
10.160
10.210
9.950
9.960
9.760
10.080
10.190
10.260
10.080
10.050
10.010
9.550
9.900
9.920
10.030
9.970
9.870
10.280
10.650
10.690
10.840
10.910
10.670
10.790
10.860
10.560
10.750
10.370
10.200
10.450
10.510
10.480
10.460
10.380
10.040
9.970
9.850
10.180
10.230
10.440
10.470
10.360
10.480
10.790
10.800
10.950
10.830
11.160
11.200
11.200
10.890
10.860
11.160
11.310
11.360
11.540
11.630
11.650
11.630
11.690
11.410
11.380
11.300
11.300
11.300
10.970
11.040
11.030
11.320
11.070
10.670
10.590
10.630
10.480
10.430
10.450
10.340
10.340
10.380
10.350
10.040
10.080
10.150
10.280
10.220
10.200
10.200
10.180
10.140
10.140
9.940
10.100
10.100
9.930
9.840
9.980
9.870
9.580
9.560
9.780
9.600
10.150
10.350
10.370
10.500
10.560
10.570
10.720
10.710
10.590
10.480
10.480
10.510
10.500
10.510
10.450
10.610
10.660
10.580
10.550
10.660
10.560
10.480
10.580
10.640
11.720
11.830
11.930
11.830
11.830
12.020
12.270
12.210
12.150
12.270
12.330
12.190
12.360
12.300
12.150
12.130
12.180
12.320
12.300
12.260
12.180
12.110
12.010
12.080
12.000
12.020
12.100
12.060
12.360
12.420
12.390
12.510
12.480
12.340
12.500
12.480
12.650
12.550
12.700
12.480
12.550
12.470
12.480
12.180
12.150
12.060
12.170
12.010
12.150
12.170
12.210
12.140
12.130
12.000
12.090
12.050
12.510
12.700
12.670
12.740
12.420
12.430
12.500
12.650
12.680
12.630
12.470
12.510
12.850
12.880
12.980
12.940
12.800
12.810
13.010
13.100
12.750
12.530
12.740
12.740
12.470
12.310
12.450
12.280
12.320
12.180
12.570
12.820
13.020
14.040
13.870
13.840
14.120
14.230
14.310
14.060
13.710
13.980
13.700
13.360
13.440
13.720
13.690
13.780
13.380
13.340
13.040
13.180
14.080
13.840
13.880
13.440
13.310
13.220
12.780
13.200
13.250
13.180
13.450
13.240
13.820
15.350
15.320
15.500
15.920
17.590
16.300
16.200
15.300
15.770
15.950
15.790
15.700
15.960
15.650
15.350
15.200
16.160
17.960
17.560
16.550
16.140
16.780
17.050
18.710
18.360
18.300
17.350
16.100
15.900
16.500
16.900
16.000
15.990
16.110
15.450
15.150
15.300
14.570
14.070
14.250
14.290
13.540
14.180
13.760
13.630
14.330
13.940
14.380
13.070
12.430
11.670
11.880
11.950
11.350
11.660
11.910
11.900
11.320
11.000
12.080
12.140
11.550
11.340
12.600
12.730
14.140
13.870
12.610
12.360
12.060
12.240
11.590
11.030
11.230
11.690
11.520
11.530
11.060
10.910
10.030
10.800
10.490
11.640
11.710
10.650
11.040
10.930
10.390
9.980
10.860
10.480
11.140
10.940
12.150
12.510
13.900
13.550
14.450
16.060
16.870
16.430
16.220
16.200
15.590
15.560
16.160
16.300
15.980
16.440
15.810
15.350
15.350
15.050
14.880
14.810
15.450
15.580
15.580
15.700
15.140
15.670
16.180
15.400
17.000
17.650
17.530
18.270
17.150
16.460
14.960
15.480
16.210
14.740
15.460
16.030
14.980
15.090
14.760
14.140
14.320
13.430
13.320
13.880
14.360
14.700
14.510
14.700
14.300
13.730
13.150
14.610
13.930
14.010
14.160
13.700
14.230
13.700
13.300
12.090
11.900
11.400
11.820
12.350
11.400
12.040
11.870
12.210
11.100
10.430
9.480
9.500
8.640
9.320
10.360
10.150
10.730
10.270
9.350
8.920
9.320
10.110
10.950
10.170
9.670
9.770
10.860
12.070
12.820
13.420
13.130
14.590
14.570
14.960
14.590
14.890
15.240
14.180
13.000
13.180
13.200
12.000
13.180
13.110
13.700
12.600
13.300
14.780
15.450
15.220
14.980
14.890
14.850
13.690
12.660
14.030
12.750
11.590
10.540
9.580
10.610
11.790
13.100
14.200
15.250
16.270
15.520
17.240
19.160
18.950
18.620
18.620
20.690
21.580
20.370
22.240
22.800
22.790
23.080
22.190
21.670
23.320
24.210
23.000
22.000
20.000
18.720
18.250
19.100
19.100
18.710
18.410
19.200
19.230
17.490
17.200
17.000
15.750
15.050
15.260
15.000
13.850
13.400
14.890
14.980
14.730
14.410
14.840
14.580
15.160
15.200
15.050
14.940
14.800
14.380
14.490
13.910
13.530
12.910
13.160
13.300
12.670
12.470
12.400
12.420
12.230
12.340
12.590
13.000
12.380
12.090
11.860
11.890
11.640
11.130
11.210
11.050
11.000
10.930
11.060
11.050
10.210
10.460
9.980
9.810
10.070
10.060
9.660
9.300
9.270
9.210
9.250
9.020
8.860
8.750
8.800
8.740
8.790
9.130
9.220
9.220
8.990
8.960
9.120
9.240
9.170
9.290
9.130
9.230
9.160
8.990
8.670
8.820
8.590
8.590
8.770
8.530
8.730
8.880
8.870
8.870
8.520
8.630
8.430
8.550
8.740
8.770
8.760
8.510
8.800
9.520
9.880
10.020
10.160
10.190
10.020
9.980
9.790
9.530
10.190
10.420
10.990
10.910
10.780
10.680
10.930
11.150
10.920
10.600
10.300
10.170
10.100
10.220
10.160
10.230
10.090
10.100
10.580
10.580
11.340
11.350
11.530
11.240
11.400
11.290
10.890
11.080
11.180
11.160
10.860
10.620
10.510
10.760
10.990
11.170
11.000
11.450
11.620
11.510
11.640
11.950
12.060
12.210
12.260
12.010
11.580
11.760
12.020
11.990
11.780
11.940
12.010
12.020
11.290
11.820
11.480
10.940
10.950
11.020
10.950
10.890
10.890
10.590
10.270
10.010
9.840
10.100
9.990
10.510
10.740
10.460
10.380
10.530
10.430
10.150
10.080
10.340
10.250
10.190
9.990
9.730
9.910
9.920
9.680
9.540
9.850
9.940
9.500
9.350
9.200
9.070
9.110
9.470
9.370
9.630
9.940
9.790
9.990
10.980
10.640
10.580
10.860
11.290
