44149.18
21647.41
29854.70
49793.93
26030.85
47538.62
32894.08
44716.28
31226.04
39817.97
24725.42
39146.32
38390.92
28309.03
53206.11
78907.88
34941.57
49756.84
33054.28
36325.72
36509.45
63491.99
66692.26
101924.91
55623.58
37636.75
31178.71
40357.60
96682.73
37846.12
59684.88
34589.96
29776.34
32996.16
17689.29
23339.84
23738.19
50993.19
24281.08
62926.26
35360.83
26918.28
42634.23
21253.13
20521.28
27471.68
24909.57
24347.09
32185.95
21245.52
57321.92
70257.00
38132.42
26378.59
97461.23
35845.87
36683.01
99418.69
38679.30
20977.80
34359.94
49359.11
46394.69
54873.99
52927.78
49823.24
76552.39
79903.15
40937.19
52052.02
56000.96
65057.84
92369.16
98297.29
215818.00
87876.11
53315.31
62375.81
51047.01
46855.10
85900.89
69906.29
51789.13
57386.79
104994.65
74395.28
36264.22
44782.12
57259.58
43238.88
49957.94
58408.51
49722.21
41394.41
33868.40
44694.76
20749.42
31013.98
31613.64
37313.08
66060.11
79978.21
41140.23
31899.69
62832.24
72315.52
40348.51
25840.54
26681.22
75206.29
46329.29
71998.65
48717.45
80831.90
32787.28
28381.30
31685.42
30906.58
41855.48
24655.05
27566.38
22547.67
23298.14
37167.84
22695.15
39214.52
61155.84
52381.33
94583.97
97126.42
51901.26
29966.50
23323.55
17644.40
25236.74
39842.72
21578.80
50416.16
32838.78
48474.61
51933.82
33596.28
36391.42
47156.14
31240.58
33897.61
39142.79
83692.29
68542.66
64655.02
90851.57
41010.83
62797.89
58048.08
41776.21
37901.30
50626.57
78208.86
73507.35
32990.30
59930.08
32953.88
35724.95
43330.59
44620.12
64904.86
96242.62
47970.19
42277.01
47545.57
69215.96
75091.36
119024.69
29061.18
41108.80
47203.25
38554.95
39102.00
77005.63
53063.34
58303.45
116146.14
101759.44
65773.74
56360.97
48056.84
41102.65
52097.43
104520.91
64506.95
22923.62
28465.54
26858.37
29049.22
24830.10
27906.41
29979.40
32750.89
34396.93
34555.20
46653.44
27652.50
44185.19
40582.65
71584.83
136686.86
24653.35
36921.34
42471.14
57586.81
32943.12
33829.64
45077.54
32768.21
35031.30
95005.83
51231.90
70410.57
86520.20
29822.52
33286.00
41142.63
41295.77
52172.81
55602.94
89740.41
69975.73
76271.59
85487.29
115485.15
134330.95
57087.68
84157.21
113391.19
103405.75
108237.05
56776.69
80457.86
107747.44
139566.61
150571.41
220034.06
163590.78
63803.50
83566.43
76190.04
62269.75
82703.06
87514.41
64516.28
83383.41
67584.06
85657.06
123678.92
118606.17
66807.66
73087.74
61635.90
25439.11
36783.12
37399.79
53800.38
47925.56
72151.03
47439.99
39668.70
41248.22
55359.70
20235.35
32926.60
37052.64
36005.17
33984.40
41680.79
54272.79
36849.12
36499.98
51056.79
27977.48
28551.22
38970.01
58503.00
37953.61
30787.65
38266.22
80651.82
49961.34
38403.74
30329.92
45631.15
39688.13
31462.83
45502.73
53284.98
99531.12
63851.17
69590.00
44920.20
80321.58
61659.66
58006.06
60390.79
44120.77
47219.22
57473.65
44812.96
79950.40
67725.36
70068.16
64400.50
85227.47
60836.89
44995.48
42659.07
70124.13
72886.07
64040.64
80927.78
116074.46
113466.03
88086.21
37685.08
53313.00
41355.07
38610.34
25683.09
29544.23
28947.14
32721.43
33632.76
28915.17
14525.76
14231.20
25372.55
21905.89
33375.93
24534.13
38961.21
33666.28
42390.44
25274.67
23911.51
32918.53
32468.27
37295.22
35892.47
32687.10
39719.52
52005.23
31860.94
55642.85
42357.01
59510.41
15903.75
62742.50
44375.91
30077.89
32780.98
28114.70
31450.92
41281.28
45406.23
64905.63
77346.71
31147.61
21759.90
35147.61
39169.32
40700.48
24269.96
30339.75
30254.27
39506.39
40522.08
66307.19
56240.65
34716.48
35460.69
35166.33
40492.81
54867.56
46076.53
49099.18
45575.94
61333.34
61912.26
75938.04
50870.29
75728.69
100427.67
67727.46
43374.66
57719.30
62865.85
66016.31
65703.28
74320.81
66218.37
72640.74
45215.71
67936.19
73111.82
53580.58
71441.49
75600.52
113200.86
74343.18
94693.10
102551.55
118854.21
76598.07
97516.57
112776.38
155280.20
5943.63
17416.39
45444.78
60183.72
643.00
35008.56
46280.62
50259.06
44216.06
46678.12
65931.73
54104.21
73000.10
92154.68
112228.21
67638.02
64529.91
42259.63
76727.26
97948.79
61260.51
53544.13
55782.49
64243.91
38570.34
66860.64
71874.68
85102.39
90493.12
12625.00
19765.08
117934.93
198640.20
173711.59
157785.98
40729.17
65303.65
59349.24
80247.06
92474.88
117819.80
90502.80
57518.07
83419.36
84105.42
69825.46
75159.02
111822.77
104619.41
82409.64
77727.61
107642.11
106395.32
91558.96
88606.85
100438.38
54893.33
72249.32
124809.94
1156.95
935.56
25499.19
106185.42
54646.89
48088.26
40706.78
44368.43
42040.18
36879.40
40256.17
53660.15
39232.12
38184.20
51289.19
46100.32
57200.32
66880.94
49866.92
86519.79
70930.60
55543.91
69452.93
59259.15
51894.87
37613.01
49914.09
38325.95
52868.05
51787.72
57824.36
50662.53
72445.80
85249.65
55426.04
29761.84
28250.18
24034.97
23328.99
22620.35
32398.09
26840.05
44050.10
23733.23
25977.87
27859.01
20409.00
26293.57
53736.18
33966.19
53639.21
23432.10
35726.27
68290.07
25592.98
89262.74
6832.71
16073.49
19007.49
25220.23
28774.19
37057.36
25376.25
29434.99
26148.69
26517.71
34419.36
23634.21
41876.11
41110.01
79284.51
61690.45
52614.68
38596.46
76317.20
37817.05
45007.83
34833.34
21023.14
13587.41
20768.80
16608.40
22440.00
24134.52
22990.09
33182.50
30200.41
29627.38
21570.23
17621.44
486.00
16893.08
27841.43
30465.72
24591.60
22353.78
17450.59
22413.81
19653.09
28265.91
31713.33
33200.92
17396.91
24256.50
17603.72
26129.01
24369.88
23719.25
19661.12
16354.56
46058.51
45740.89
25451.44
10831.68
13033.31
25994.72
18249.54
10443.08
14025.33
14972.90
11844.77
15618.86
9479.16
8567.19
11726.92
17333.74
8263.93
11894.14
15238.24
14399.14
23477.76
17474.81
13589.90
19967.07
26043.26
22237.83
25781.85
22932.61
28789.69
31346.99
20924.87
29172.87
29060.88
30163.44
34330.91
23182.41
24261.58
35052.00
30022.05
49487.05
62664.86
63713.50
19160.46
24907.14
12174.26
32995.46
15443.47
26178.56
28139.90
29804.45
17710.77
13394.14
16040.00
11358.87
14750.04
14542.82
13060.60
12214.97
14633.28
13146.65
10321.04
11411.74
13833.21
15679.42
14267.84
14549.93
21996.20
20456.63
14694.08
25975.07
17278.32
14002.16
22259.38
17677.44
15301.83
22671.69
22117.82
27924.02
37739.30
35401.95
32102.07
30761.44
18892.77
22503.48
27374.34
30965.12
15448.29
26646.18
19289.49
24447.90
28549.82
53454.44
22902.17
36287.00
20713.39
17091.03
23738.40
32117.83
26089.04
13907.48
14530.01
16863.63
19479.61
38911.86
28648.33
41131.95
24208.30
11057.88
18890.29
11275.74
13201.10
7903.32
13044.22
12534.07
16513.22
11076.73
12057.83
22181.55
16622.38
11708.92
9054.26
7017.89
8611.72
14196.77
10699.06
8841.88
11311.97
10751.20
21866.96
12639.24
19507.03
21874.54
32883.30
24358.17
