19.220
19.610
19.900
19.850
19.650
20.650
20.850
20.660
21.200
21.310
20.660
22.010
22.480
21.110
21.630
22.110
22.500
23.480
22.830
22.070
21.550
22.240
21.610
22.300
21.780
19.800
20.120
21.780
20.720
18.840
19.820
22.020
20.610
20.410
20.290
19.350
17.590
17.410
17.180
17.350
18.300
19.060
20.350
20.270
20.010
19.590
17.810
17.420
17.780
17.350
17.060
17.200
18.300
18.250
17.660
17.910
19.900
20.420
20.380
22.640
22.820
21.330
19.390
17.630
17.000
16.770
17.370
17.880
18.070
18.090
18.270
18.540
18.410
18.670
18.480
18.390
18.120
18.030
18.380
18.020
17.920
18.250
18.430
18.230
17.850
17.900
18.210
17.760
17.610
17.990
17.760
17.710
17.850
17.680
17.500
17.440
17.310
17.640
17.790
17.700
17.510
17.500
17.380
17.530
16.990
17.300
17.300
17.160
16.940
17.010
16.680
16.150
16.300
16.570
16.380
17.290
17.650
17.860
18.250
18.790
18.490
18.260
18.480
18.240
18.090
18.260
18.150
18.530
18.400
17.650
18.160
18.200
18.140
18.010
17.730
17.510
16.800
17.220
17.220
19.080
19.050
19.460
19.350
19.030
18.930
19.400
19.610
19.380
19.580
20.110
20.500
21.160
21.550
21.770
21.270
21.170
21.800
21.180
21.400
22.030
20.810
18.920
19.530
19.070
19.330
19.450
19.460
18.230
18.440
18.420
18.550
18.650
18.480
18.660
18.960
18.830
18.800
18.480
18.400
18.100
17.910
17.830
17.380
17.120
17.070
17.200
17.080
17.560
17.270
17.170
17.380
17.550
17.370
17.450
16.690
18.400
18.000
18.110
18.390
18.060
17.900
18.300
18.610
17.320
17.550
17.680
17.820
17.170
16.870
16.890
16.980
16.890
17.100
17.000
16.930
16.670
16.440
16.790
16.890
16.660
16.600
16.770
16.750
16.660
16.410
16.650
16.800
17.060
18.170
18.030
17.530
17.830
18.040
18.050
18.350
18.080
18.510
18.410
18.180
18.380
18.820
18.940
19.390
19.270
19.320
19.180
19.810
19.720
19.930
20.100
19.850
18.430
19.060
19.210
18.750
18.180
18.190
19.240
18.830
17.470
17.350
18.100
37.000
38.150
35.820
35.100
35.530
34.510
34.520
33.740
33.780
31.850
30.550
30.010
30.100
29.610
31.000
30.740
30.000
29.750
29.960
30.140
30.200
31.930
33.300
32.620
32.150
31.200
31.700
31.820
32.440
32.350
31.540
31.200
31.860
34.510
34.530
35.890
35.360
35.350
34.480
35.410
35.510
37.290
34.460
31.330
29.500
30.300
30.460
28.790
29.770
30.640
30.270
30.350
30.510
30.200
28.510
27.550
26.510
27.360
29.160
29.700
28.770
26.150
26.830
26.350
25.360
27.880
27.570
26.400
26.600
29.560
32.220
35.800
35.990
37.020
36.520
37.850
40.330
36.660
36.670
35.490
37.250
37.670
36.080
34.950
33.940
34.290
31.780
33.750
32.200
32.870
29.880
33.170
36.850
37.300
33.910
33.360
32.880
33.100
31.000
29.710
33.010
31.830
28.940
26.310
23.920
26.580
29.530
32.810
36.450
40.500
45.000
42.500
47.220
52.470
58.300
57.200
52.000
53.010
54.650
49.680
48.240
53.600
54.480
54.100
52.580
53.470
59.410
62.360
60.860
64.970
68.900
64.700
61.150
117.380
106.710
97.010
99.710
92.960
84.510
87.520
86.140
78.310
78.890
75.190
73.080
73.010
69.230
64.530
66.360
66.350
68.270
66.270
66.650
64.430
67.980
67.840
68.790
69.140
67.000
64.180
67.700
66.930
65.540
70.500
73.490
72.500
74.490
67.720
69.090
67.680
64.000
62.150
61.000
60.700
63.860
65.640
64.870
58.970
60.010
57.130
57.260
56.260
56.060
54.200
52.750
51.200
52.290
52.900
53.300
54.590
53.250
52.970
52.270
53.800
52.970
52.940
51.340
53.250
52.680
52.470
52.090
51.180
49.810
49.090
48.920
50.000
53.000
53.500
53.190
52.190
53.990
53.390
53.450
54.470
55.390
55.330
56.260
55.830
55.880
52.670
53.650
53.170
51.100
52.710
51.570
54.780
55.160
56.630
60.000
61.100
61.160
60.360
67.050
60.950
60.000
57.200
52.000
54.900
61.000
58.280
63.480
59.930
59.350
57.880
56.990
51.810
47.100
42.820
38.930
35.390
32.170
