34.450
34.100
33.870
33.540
34.000
34.190
34.500
34.960
34.780
35.450
37.020
37.280
37.000
37.000
37.510
37.500
38.280
37.380
37.990
38.680
40.150
35.100
35.970
36.000
32.070
34.500
35.930
31.650
31.510
30.090
31.760
32.490
35.990
36.000
32.500
29.000
29.880
29.410
30.000
32.430
30.990
33.560
37.850
33.400
34.000
33.150
31.420
31.040
30.060
54.460
60.100
60.300
65.000
64.180
65.450
74.100
78.800
78.550
77.010
79.300
75.300
71.760
76.500
69.580
63.000
66.000
69.020
68.910
70.600
72.610
72.080
73.500
74.280
72.000
74.490
72.710
71.810
73.110
71.040
70.180
71.820
73.070
73.100
71.790
68.100
69.050
68.180
67.910
69.600
68.670
69.310
68.800
67.000
65.600
67.740
67.790
69.120
68.900
67.300
68.480
68.780
66.050
65.840
64.060
67.310
67.280
67.500
66.600
68.180
68.070
67.270
65.010
69.000
67.900
76.880
80.000
76.900
76.000
74.950
76.130
75.730
78.220
75.200
74.350
78.290
79.050
82.130
87.420
89.100
86.730
88.100
83.000
81.680
86.540
85.000
84.000
88.000
89.000
88.000
84.980
90.880
91.680
88.000
105.910
111.990
108.030
103.510
113.000
130.440
117.420
107.800
107.000
108.000
109.000
100.010
90.500
95.800
88.020
81.050
82.700
80.130
81.100
82.800
80.200
79.350
77.310
79.830
79.900
79.930
81.450
82.300
81.400
79.940
79.780
82.350
76.800
79.400
79.200
81.490
79.900
80.400
72.980
71.770
71.590
72.540
71.860
76.600
77.220
78.200
76.240
76.850
76.540
76.990
78.500
78.010
81.860
80.900
82.200
80.500
82.000
82.700
83.880
83.220
83.000
84.000
83.500
85.010
84.460
82.360
86.770
87.950
87.870
86.900
85.400
83.120
81.500
87.000
86.030
85.500
84.600
85.600
85.990
84.000
82.630
82.450
85.880
86.100
97.890
97.090
98.000
97.980
102.650
99.600
96.500
99.100
100.970
98.000
99.660
97.000
100.000
109.110
108.000
109.400
106.600
102.000
103.100
109.000
114.000
113.340
106.010
106.000
107.040
107.000
124.000
119.900
123.450
118.830
100.000
101.050
99.000
100.000
88.450
89.790
89.780
88.380
87.800
83.940
79.700
82.570
79.500
82.400
81.510
79.700
70.900
71.900
76.000
80.000
76.000
76.150
72.770
80.300
80.030
85.000
92.000
91.240
91.000
88.500
88.380
87.380
87.820
84.200
80.700
78.000
83.550
94.000
93.800
87.060
89.000
89.840
85.540
95.400
98.000
82.100
82.000
84.000
74.440
72.000
70.440
63.400
62.000
66.210
63.600
66.500
65.890
66.320
66.080
61.000
55.500
52.980
51.640
50.210
46.900
48.400
48.190
49.210
52.000
55.480
57.000
53.800
51.490
57.500
57.500
59.000
67.100
63.900
63.600
62.360
59.800
58.500
52.500
45.800
52.120
48.490
45.510
46.090
47.000
44.440
46.500
51.780
59.010
56.000
55.610
57.330
52.120
47.380
43.070
39.150
35.590
32.350
29.410
26.740
24.310
22.100
20.090
18.260
16.600
13.840
