26.850
26.750
24.990
25.080
23.900
23.320
23.740
24.020
24.030
24.240
24.950
25.550
25.230
24.500
24.350
24.310
24.440
23.850
23.380
23.680
24.450
24.340
24.160
24.100
23.890
24.880
25.640
25.550
25.520
25.280
25.190
25.490
25.730
25.770
25.870
24.480
23.810
23.580
23.330
24.350
23.960
24.250
24.200
23.900
24.240
24.380
24.360
23.880
23.450
22.620
22.990
23.300
23.780
24.230
24.690
24.750
24.970
25.260
25.800
26.080
27.430
27.940
28.100
27.880
26.250
27.030
27.780
28.180
27.850
28.200
28.490
28.200
25.950
25.480
25.780
25.960
25.730
26.080
26.550
26.790
25.750
25.730
26.000
26.790
24.840
23.200
22.780
22.840
22.890
23.150
22.490
22.180
21.780
21.300
21.700
22.000
22.430
22.450
22.490
22.590
22.750
21.940
22.080
22.000
22.050
22.020
22.010
21.990
22.100
21.780
21.580
21.170
21.480
21.670
22.690
23.800
24.150
24.390
24.440
24.660
24.790
25.160
25.880
24.550
24.790
24.930
25.260
25.480
25.040
24.890
25.140
25.340
25.370
25.560
25.770
25.540
24.630
24.660
26.890
27.410
28.120
28.060
28.030
28.270
29.510
31.650
30.860
30.400
30.450
30.960
30.460
31.890
32.100
31.900
32.900
33.000
32.460
29.650
29.930
29.000
29.980
28.230
28.590
28.490
28.480
27.880
27.690
27.280
27.360
27.690
27.910
27.840
28.150
28.500
28.500
28.540
27.600
27.500
27.150
27.190
27.200
27.340
26.240
26.350
26.490
26.300
26.490
27.130
27.050
27.170
27.490
26.980
26.770
26.590
27.540
29.350
29.490
29.960
29.990
29.270
29.600
30.390
30.300
30.590
31.310
34.400
33.100
33.870
31.890
30.440
31.580
31.900
31.440
31.360
33.000
33.420
31.180
31.400
31.010
30.330
30.550
33.390
33.230
33.700
34.860
36.970
38.250
36.960
36.650
37.750
38.300
38.350
38.950
41.480
43.950
43.700
45.940
45.360
41.240
39.460
38.340
40.960
38.280
35.400
35.300
36.220
39.060
39.930
36.300
36.800
33.640
30.580
27.800
25.270
22.970
20.880
19.370
20.940
20.380
20.580
20.040
19.510
20.300
18.680
18.420
17.760
18.050
18.000
17.410
17.340
16.970
16.800
16.880
17.080
18.380
18.800
17.990
18.550
18.690
18.650
18.180
18.390
18.400
18.220
18.090
19.240
20.580
21.190
21.710
22.650
25.500
26.300
26.150
26.000
27.000
26.340
26.200
26.900
27.100
27.300
27.980
28.000
27.410
26.750
26.000
25.780
25.970
26.770
27.170
27.330
27.300
26.600
27.200
28.150
28.250
31.200
31.750
31.780
30.780
31.300
31.360
30.500
31.000
32.520
31.860
35.480
34.650
32.050
31.200
29.350
28.200
29.500
28.000
27.940
28.550
28.170
29.050
30.300
27.610
25.100
23.300
22.690
23.730
24.470
22.910
21.270
21.500
21.350
21.300
21.800
20.990
19.850
20.330
19.360
19.150
18.430
18.900
19.270
18.970
19.030
17.500
17.320
51.990
51.540
48.950
57.960
59.590
58.660
58.610
57.000
57.700
59.770
60.000
67.800
69.910
69.300
73.880
74.980
72.470
79.800
88.000
87.340
89.280
92.800
94.200
95.000
93.880
94.000
93.880
89.880
88.680
84.990
79.970
79.470
82.000
86.300
85.210
84.960
95.000
99.800
93.950
86.670
85.500
81.180
88.180
87.200
94.000
96.000
116.700
120.500
111.000
113.990
115.790
114.400
108.470
114.100
103.730
95.990
95.140
90.720
91.450
95.200
97.110
98.490
95.910
95.900
98.170
106.910
97.490
88.630
81.000
81.590
80.450
82.000
83.380
77.240
72.500
73.040
73.170
78.900
78.810
72.600
67.970
67.500
65.520
68.750
65.770
59.980
58.490
58.780
58.300
60.350
60.290
57.490
59.990
60.850
62.800
57.790
58.270
59.880
58.280
58.070
58.500
58.830
53.480
48.620
46.600
43.120
39.200
35.640
32.400
29.450
26.770
24.340
22.130
20.120
