29.320
28.620
28.860
29.150
29.190
28.990
29.400
30.340
30.400
30.170
30.870
29.770
30.200
30.260
30.460
30.580
30.910
30.750
30.400
30.860
30.920
30.180
29.960
30.300
35.700
35.850
35.120
33.960
34.190
34.300
34.590
34.850
34.390
35.980
36.750
36.590
34.000
34.380
35.490
35.940
36.470
37.700
39.250
39.000
36.600
37.700
37.990
38.080
37.580
35.310
34.850
34.180
34.490
33.490
33.440
31.730
32.340
33.900
33.560
33.500
32.600
32.490
31.720
31.530
30.900
31.460
32.140
32.220
32.400
32.570
31.550
31.840
30.060
29.800
30.790
31.780
31.160
31.600
31.470
31.190
31.340
31.380
31.950
31.530
29.490
28.780
29.000
28.580
29.380
29.200
29.300
28.680
29.470
28.650
29.740
29.880
29.460
26.780
26.390
26.570
26.670
26.640
26.500
26.430
25.900
25.680
25.750
25.600
26.000
25.980
24.880
23.930
24.160
24.130
24.450
24.680
24.830
25.380
25.590
26.800
26.960
27.490
27.570
27.950
27.860
27.550
27.420
27.640
27.100
26.340
26.450
26.750
26.490
25.810
25.450
25.500
25.380
25.650
26.770
27.110
27.350
27.350
27.030
26.540
26.780
27.090
27.380
27.870
27.750
27.550
27.900
28.450
28.780
28.390
29.380
28.940
27.970
27.560
28.000
27.670
28.590
28.140
27.790
27.800
26.300
25.760
25.790
25.890
25.920
26.120
26.380
26.470
26.240
25.810
25.540
25.440
25.810
25.560
24.760
24.640
24.800
24.700
24.300
24.760
24.270
24.170
24.860
24.700
24.940
24.880
25.010
25.740
25.770
23.610
24.000
24.740
25.070
25.300
25.150
25.200
24.970
25.360
25.600
26.390
25.750
25.670
25.060
25.530
25.430
24.490
24.650
24.900
24.980
25.160
24.990
24.780
24.820
25.650
23.880
23.620
23.980
23.970
23.880
23.940
23.800
24.480
24.800
26.400
26.330
26.680
25.820
25.940
25.980
25.850
26.720
27.460
27.560
27.700
27.960
28.420
28.880
28.180
28.490
28.700
28.790
28.680
28.770
29.180
29.150
29.150
29.370
30.420
29.270
30.570
93.680
93.880
92.710
90.800
83.400
90.880
97.630
95.600
95.930
94.000
95.230
93.250
86.170
84.580
85.060
77.390
76.910
78.680
75.880
71.800
70.000
71.000
73.860
72.850
72.400
72.480
75.850
76.880
79.050
78.670
73.800
73.900
72.300
73.490
72.830
72.600
73.970
73.330
66.660
65.990
69.470
70.260
70.650
72.600
70.790
71.340
71.880
74.000
74.130
67.600
66.500
66.290
66.880
63.550
63.490
63.950
63.970
65.000
64.960
67.560
66.600
63.620
63.000
63.930
68.370
69.980
71.390
71.560
71.300
71.990
72.440
68.240
66.490
67.350
67.980
66.060
66.920
65.840
60.410
59.720
60.110
63.990
65.400
64.800
66.770
67.210
66.250
65.250
65.600
65.800
66.350
66.500
69.960
73.400
76.500
77.750
76.020
83.490
85.470
85.700
85.480
90.500
91.330
87.890
87.460
89.000
89.300
89.890
88.000
88.980
83.490
81.300
82.290
82.300
83.970
85.280
84.170
85.270
83.630
84.950
87.130
85.390
89.850
93.880
92.980
92.630
91.000
88.490
87.580
87.980
92.890
90.460
95.600
98.580
93.310
86.190
86.490
84.470
84.500
82.800
79.980
82.000
77.990
78.690
79.470
79.280
80.990
73.960
70.430
74.300
74.970
75.900
71.950
71.490
71.100
71.380
69.110
62.990
63.400
60.460
60.480
60.490
60.940
61.000
62.400
61.970
62.470
60.620
58.370
60.480
59.770
56.990
63.200
63.420
64.920
66.970
63.680
59.270
59.380
59.000
62.600
62.980
58.690
61.000
61.000
69.120
74.900
77.450
77.500
81.880
82.700
84.530
83.250
85.550
86.890
85.180
79.990
78.000
79.870
78.600
77.700
80.800
83.590
83.980
83.700
92.500
98.760
99.000
95.840
96.500
102.550
96.800
88.000
80.000
81.380
92.390
90.410
90.330
94.200
88.550
92.000
95.600
103.950
104.300
98.500
99.350
110.980
112.870
107.000
118.770
124.710
125.200
126.280
122.960
124.850
128.770
132.000
136.800
151.590
147.450
145.780
138.300
141.980
138.580
129.470
142.360
143.200
138.770
126.150
114.680
106.210
105.800
105.500
101.490
105.230
102.800
104.300
110.000
110.650
103.480
102.770
101.880
97.000
99.740
99.880
103.860
111.880
110.990
118.790
113.870
105.450
108.880
103.930
94.480
85.890
78.080
70.980
64.530
58.660
53.330
48.480
44.070
40.060
36.420
33.110
