25.300
25.150
25.120
24.800
25.180
25.880
25.350
25.040
24.910
24.730
24.600
25.110
25.840
25.750
26.210
26.700
24.880
23.500
22.900
22.600
23.010
22.290
21.200
21.900
21.010
21.500
22.800
22.670
22.220
21.860
22.170
24.060
26.000
25.560
25.880
24.500
25.110
25.230
25.060
26.050
25.200
25.910
26.400
26.060
26.300
26.420
26.260
25.000
27.000
28.030
28.010
29.950
30.070
29.920
30.720
31.050
33.250
33.400
33.400
33.510
33.830
34.930
35.520
34.960
35.060
34.510
35.150
36.950
37.310
38.050
37.030
37.360
37.600
36.910
37.280
37.120
36.880
37.300
36.660
37.500
37.420
38.060
37.920
36.610
35.810
36.390
36.110
35.140
35.140
34.920
34.900
34.660
34.200
33.230
34.780
35.000
35.010
35.780
36.100
36.190
35.980
34.750
34.690
34.080
34.450
34.830
34.810
34.890
35.600
35.670
35.010
34.580
35.080
34.020
34.890
38.340
40.010
42.210
43.780
43.390
43.980
45.450
44.460
44.180
43.610
43.900
43.790
44.100
43.050
44.200
46.000
46.660
45.550
45.100
44.160
43.750
43.560
43.020
43.580
47.500
49.600
49.400
49.230
48.700
49.510
52.130
52.000
52.030
53.020
56.130
55.550
59.550
60.800
52.060
51.200
51.170
52.910
49.950
48.560
48.550
48.360
46.850
46.850
46.500
46.200
45.600
46.010
46.500
47.310
47.500
47.590
47.030
46.600
47.590
46.720
44.400
44.800
44.500
45.280
45.170
45.020
43.760
43.100
43.300
43.210
42.900
43.000
47.010
47.500
47.420
47.050
47.030
48.000
52.000
46.130
47.760
49.030
92.400
92.800
94.630
92.000
93.510
93.980
93.300
92.400
95.640
97.010
98.910
97.020
99.700
107.310
104.000
102.000
102.000
99.550
99.010
97.800
96.210
86.030
82.020
85.160
84.800
83.350
82.040
79.000
83.810
80.210
86.000
94.370
92.100
92.950
96.300
96.150
94.000
94.500
97.880
95.610
95.000
89.890
93.170
102.800
105.810
104.680
107.000
102.990
103.300
103.670
111.100
112.680
101.200
95.000
99.200
97.890
97.510
106.500
105.000
103.000
88.800
85.010
90.300
89.000
87.020
85.520
88.800
86.960
87.150
83.390
80.800
84.330
78.000
81.300
79.090
78.610
67.510
68.500
67.020
71.450
71.290
71.000
70.290
74.600
78.310
80.000
83.130
87.800
87.960
83.900
82.010
76.400
74.180
73.500
70.020
68.300
72.200
73.080
76.810
69.600
69.000
66.000
61.580
60.200
61.800
58.000
59.740
61.600
59.810
59.660
58.010
55.550
54.330
56.000
55.080
55.980
57.000
57.500
55.060
52.050
50.060
49.800
52.000
52.300
48.280
48.050
47.700
45.820
49.400
48.030
53.010
51.970
51.160
56.840
63.150
68.010
63.790
57.990
52.720
47.930
43.570
39.610
36.010
32.740
29.760
27.050
24.590
20.480
