-0.040
0.580
0.110
0.360
-0.060
-0.190
0.050
0.160
-0.210
-0.950
-1.810
-0.450
-0.550
0.260
0.680
0.500
0.180
0.910
-1.420
0.630
0.010
0.220
1.310
0.830
0.580
-0.970
-0.280
-0.530
0.300
1.290
-1.710
1.190
0.080
0.000
-0.170
0.410
-0.030
-0.580
-0.330
-0.580
0.340
-0.640
-0.480
0.600
0.110
-0.150
0.510
0.200
-0.020
-0.120
-0.930
-0.810
-1.550
0.130
-0.100
-0.740
-1.770
-0.250
0.000
0.060
0.190
0.010
0.140
0.360
0.240
-0.610
-0.260
-0.340
-0.090
0.220
-0.440
-0.400
-0.450
0.190
-0.580
0.500
-0.260
0.490
0.090
-0.210
-0.230
0.180
-0.010
0.380
0.450
-0.580
-0.210
0.740
-0.430
0.130
0.260
0.040
0.330
-0.400
0.590
-0.090
-0.790
-0.320
0.700
-0.200
0.310
0.300
0.240
0.890
0.000
0.530
0.330
-0.450
0.140
0.870
0.040
-0.370
0.720
-3.600
-1.050
-0.190
-0.610
-0.100
-0.570
-0.190
0.210
0.570
-0.290
0.470
0.470
-0.770
1.960
0.260
0.120
0.160
0.180
0.000
-0.650
0.750
0.380
-0.860
0.510
-2.650
-0.360
-0.770
0.060
0.410
0.370
-1.820
-1.010
0.760
-1.370
-0.750
-1.060
0.450
0.530
0.540
0.640
0.070
-0.710
-0.140
-0.800
1.600
1.100
1.000
-0.600
-0.420
0.470
0.010
0.320
-0.510
-0.470
1.310
-0.930
-0.470
0.680
-0.120
0.120
-0.660
0.870
-0.300
-0.040
0.770
-0.440
0.430
2.220
0.340
0.060
-0.030
0.550
-1.400
0.120
-0.190
0.090
-0.240
0.620
0.620
0.430
-1.890
-0.430
0.600
-0.420
0.450
0.270
-0.730
-0.600
-0.650
0.350
-1.010
-1.210
0.280
4.180
-0.180
-0.830
0.150
-0.630
0.050
0.500
1.140
0.230
-0.820
-0.070
0.440
0.710
-0.410
0.170
0.280
0.690
-1.410
-0.740
-0.320
-3.590
0.610
0.070
-0.450
-0.880
-0.320
0.020
-1.400
0.250
0.120
0.280
0.190
-1.770
1.850
-1.460
1.660
-1.040
-1.300
1.710
-1.730
-0.950
2.900
4.100
-2.500
-1.750
5.560
-3.540
4.630
0.010
2.690
4.120
-0.060
-9.160
-2.060
1.180
0.000
-0.830
4.210
1.220
4.420
-1.540
1.900
0.500
-1.200
-0.700
1.960
1.920
2.020
-4.500
1.200
2.300
-1.370
-1.930
-3.040
-0.660
-3.500
-5.390
2.290
0.080
2.770
-0.050
0.900
-1.850
1.190
-3.920
0.250
-5.430
-1.770
5.430
-2.900
-1.800
-11.300
6.440
-4.910
0.920
7.690
-2.590
-0.050
6.840
3.700
3.410
5.300
-2.750
-2.470
-3.480
8.630
0.730
0.490
1.550
5.200
3.360
-1.940
-0.950
4.090
1.080
-0.220
-2.680
0.530
2.970
-4.410
-0.940
3.960
2.020
-6.520
0.660
-7.520
-3.530
-3.100
0.550
0.550
0.740
2.900
4.100
-0.910
-1.460
3.250
-0.240
3.200
-0.990
3.760
-8.000
0.020
-9.340
-0.960
4.320
-1.000
-1.660
5.060
4.610
-6.010
5.000
-5.650
1.890
-9.750
1.760
-10.640
4.320
0.460
-11.290
-9.300
-0.600
0.020
-9.020
-7.200
4.500
-3.500
-0.850
1.550
-5.980
13.030
3.540
-2.300
6.990
0.540
-2.220
-10.780
5.180
-3.270
8.070
1.200
0.000
-13.700
7.410
0.140
11.770
10.700
9.730
-4.450
0.790
6.890
-5.480
-3.300
-1.330
-11.570
7.150
9.870
-0.920
5.430
6.310
1.110
2.600
2.250
4.580
2.140
0.390
-3.810
1.450
0.250
3.750
3.050
-6.060
2.560
-2.050
0.150
2.800
0.550
0.350
3.520
0.280
3.100
0.340
-0.510
-1.470
3.100
-1.470
0.630
0.620
0.900
3.750
0.850
-2.180
5.500
-4.810
-6.670
1.490
-2.920
1.940
4.660
0.070
-4.170
5.960
-6.630
3.890
1.690
2.700
-5.920
-7.100
-5.110
-6.290
-0.760
-9.240
2.230
1.590
1.360
-3.750
-1.380
7.020
1.990
-9.260
0.530
8.370
2.250
2.570
-2.310
7.420
-5.320
-8.840
-2.810
8.290
0.050
2.370
-1.540
4.350
1.240
-8.490
7.720
7.020
6.380
5.800
-6.440
-7.160
-6.820
-8.710
-9.680
1.660
-10.570
-11.750
10.680
9.710
8.830
8.020
7.290
6.630
6.030
5.480
4.980
15.220
