37.300
37.050
36.730
36.560
36.920
36.800
36.900
37.520
36.100
34.890
34.430
34.100
34.000
33.880
33.380
31.650
31.310
31.400
31.400
31.710
31.430
30.600
30.280
29.830
27.520
27.610
28.010
27.460
27.010
27.040
25.900
28.000
27.940
28.100
28.590
28.210
27.900
27.810
27.510
28.050
29.300
30.110
30.760
30.700
31.080
31.400
30.650
30.030
30.320
29.820
28.780
28.920
28.650
29.000
31.700
32.000
32.450
33.030
32.660
32.510
32.800
32.620
32.660
31.050
30.610
30.700
31.450
31.320
30.790
30.880
31.340
31.150
31.850
32.270
32.550
32.770
32.690
32.850
32.510
32.800
32.410
33.000
32.220
32.120
32.200
32.890
32.500
32.420
32.110
31.200
31.880
32.880
32.990
32.000
34.800
34.850
34.550
34.060
33.800
34.110
34.650
33.980
34.500
34.500
34.340
34.810
34.300
32.400
33.360
35.850
35.100
35.220
35.380
34.040
34.600
35.800
37.100
38.030
37.920
38.150
38.310
37.150
36.880
37.300
36.800
36.510
36.450
35.550
34.610
34.800
35.000
34.750
34.510
34.160
32.440
32.200
32.750
31.800
32.640
33.370
33.360
33.690
33.500
33.180
34.500
34.180
34.250
35.010
35.010
33.030
34.260
34.160
34.700
34.620
34.480
34.250
34.260
34.000
35.180
35.000
34.820
34.220
34.400
34.350
34.040
34.350
32.180
32.010
32.000
31.810
32.010
31.700
31.770
31.600
32.080
32.500
32.230
31.580
32.500
31.820
31.020
30.120
29.620
29.270
29.000
28.350
28.800
29.640
29.060
28.860
28.650
27.700
27.850
28.060
26.410
28.150
27.850
27.400
25.810
25.800
26.050
27.260
26.830
27.010
27.200
27.980
27.420
27.350
26.700
26.020
25.820
25.800
25.770
25.530
25.010
24.530
25.260
25.260
25.600
25.200
24.550
24.450
24.300
23.750
24.510
27.020
27.400
27.550
27.000
27.990
28.350
28.630
29.190
28.110
27.860
28.010
27.210
26.880
26.600
26.150
26.260
27.110
27.080
26.720
25.410
24.700
26.080
26.420
26.050
23.910
22.320
22.260
21.580
21.500
21.720
23.350
23.840
23.600
23.220
22.900
23.010
21.740
21.690
21.900
21.210
22.180
22.130
22.500
21.600
21.430
21.110
22.820
22.300
22.300
22.280
23.320
23.250
23.720
26.000
27.150
27.160
26.200
26.210
25.880
27.260
26.800
26.760
27.110
26.700
27.430
30.110
30.000
30.430
30.480
30.160
30.050
32.540
32.320
35.120
34.800
33.810
33.700
34.410
33.000
32.680
34.800
34.310
34.660
35.510
34.710
34.550
31.880
31.060
30.550
32.190
30.560
30.040
33.000
33.030
34.410
33.880
33.720
36.330
36.000
33.060
31.050
31.060
30.730
31.000
31.890
33.540
32.200
32.480
33.250
32.580
31.500
30.470
28.850
27.360
27.870
27.000
24.350
26.990
25.230
27.690
29.030
27.820
25.900
27.000
26.200
24.010
24.010
23.510
23.980
23.300
22.380
21.320
22.600
24.010
23.140
25.700
28.480
28.960
28.850
29.330
30.080
28.730
28.560
28.380
28.200
27.310
26.240
24.270
24.000
22.880
22.550
22.090
22.030
21.910
22.400
22.300
21.880
21.000
22.000
20.160
22.000
24.210
24.000
23.300
23.390
23.330
22.710
22.600
23.630
23.100
24.110
23.450
23.460
23.210
23.150
20.350
19.880
19.270
18.400
18.900
19.560
19.540
19.310
19.030
19.850
18.980
18.060
18.220
19.490
19.400
19.190
18.350
18.600
18.000
17.610
17.310
17.100
16.940
16.210
16.650
16.810
16.750
16.690
15.990
16.210
14.990
14.880
15.110
14.310
14.360
15.950
17.010
17.240
16.920
15.000
16.000
14.560
15.930
17.700
18.030
16.500
16.530
18.370
20.410
21.600
22.500
20.480
22.150
23.950
24.080
22.200
22.770
23.980
22.560
22.000
18.980
19.410
18.200
18.050
19.510
21.550
19.900
21.420
23.330
21.640
19.670
17.880
16.250
14.770
13.430
14.920
16.210
17.590
19.300
20.500
19.030
21.140
23.490
25.550
26.680
24.010
25.950
28.680
28.030
28.480
31.200
33.010
32.660
31.790
31.010
31.620
32.380
31.620
34.800
34.780
34.650
33.040
34.500
33.200
32.660
30.800
30.900
31.750
32.860
32.880
29.810
27.100
24.350
23.680
24.480
22.360
21.500
42.800
44.320
44.660
45.010
45.760
45.110
44.520
47.200
47.000
47.500
46.900
44.910
44.010
46.350
44.040
45.900
48.340
45.930
43.700
42.150
45.300
46.300
43.790
43.020
42.400
42.250
43.000
42.880
41.000
40.000
38.900
40.280
39.700
39.500
38.880
38.010
36.800
35.820
35.240
35.630
36.430
35.530
36.450
36.500
35.500
35.650
35.350
34.620
34.200
34.610
34.920
34.620
34.180
33.700
33.390
32.750
32.310
32.320
33.040
34.500
34.790
34.140
34.010
35.060
35.830
36.520
36.300
36.660
37.180
37.130
37.170
35.000
34.100
34.200
33.030
32.510
32.070
32.200
34.020
33.800
33.820
33.280
32.990
31.500
31.300
33.000
34.840
35.010
34.800
34.480
33.620
36.750
38.010
37.650
38.800
38.520
38.390
37.800
37.500
37.500
39.820
41.600
44.310
46.800
42.540
42.210
43.400
42.050
41.720
41.020
43.660
44.270
43.110
42.770
42.840
43.490
43.800
48.010
49.080
47.000
47.600
48.480
44.900
44.700
44.470
41.450
38.000
34.410
30.130
27.800
28.090
27.750
26.180
23.800
21.640
19.670
17.880
16.250
14.770
13.430
12.210
11.100
9.250
