16.110
15.210
15.340
14.940
15.000
14.830
15.130
15.480
14.880
14.810
15.300
15.440
15.210
15.280
14.980
14.890
14.970
14.980
14.970
15.100
15.150
13.320
13.190
13.160
12.830
14.500
14.800
14.890
15.100
14.680
15.010
15.450
16.180
32.200
33.000
30.510
30.300
30.690
31.860
33.680
33.620
33.800
33.640
33.760
34.470
34.240
34.010
33.510
32.750
32.980
34.000
34.200
34.270
34.730
34.950
35.700
36.870
37.000
38.780
37.960
38.830
38.510
38.140
37.100
36.860
39.340
39.500
38.880
39.000
38.520
38.800
39.400
39.850
40.350
40.200
40.000
39.880
39.500
39.900
39.910
39.080
39.000
38.560
38.060
36.600
36.890
36.970
36.550
37.070
36.220
36.730
36.220
35.080
34.800
35.950
36.040
36.270
36.880
36.140
36.350
35.500
35.400
35.770
35.450
35.500
35.480
35.380
34.920
35.210
35.190
34.650
34.670
35.000
35.000
37.800
38.980
38.530
39.500
40.620
40.520
40.300
39.820
39.060
38.740
38.190
39.090
38.880
39.260
38.210
39.630
38.470
38.300
37.760
39.500
38.990
38.380
41.000
39.520
44.000
45.650
48.200
47.790
46.730
45.200
45.600
46.700
45.010
48.000
47.320
41.160
41.490
42.340
42.200
40.900
39.790
40.080
38.670
38.450
38.680
39.120
39.000
39.880
39.840
39.500
38.810
38.820
39.300
40.290
40.600
40.010
39.100
38.160
38.610
38.420
39.000
38.740
39.870
40.300
40.500
40.300
39.900
39.680
38.900
39.480
38.620
39.000
41.080
42.300
41.900
40.900
41.200
40.700
39.030
39.750
38.800
40.600
39.550
40.800
39.000
39.320
40.480
40.020
40.000
39.690
40.800
41.680
41.100
40.750
40.500
40.000
39.620
37.300
36.250
36.210
35.240
35.060
36.110
36.650
36.040
35.120
35.000
34.680
35.790
35.580
35.520
36.000
37.300
39.740
38.610
40.050
39.400
39.100
38.700
37.100
37.570
40.200
40.700
39.040
38.450
40.500
39.990
37.080
37.100
36.800
35.800
35.920
36.130
36.440
35.860
35.280
36.800
36.290
32.500
35.180
31.220
31.900
30.800
28.150
29.990
34.090
30.700
28.780
28.940
28.880
28.440
28.190
26.970
26.100
26.300
27.200
28.060
26.770
25.300
24.200
24.200
25.380
25.300
24.510
24.700
24.690
25.980
26.400
27.510
29.560
29.900
31.000
26.730
26.690
26.380
26.840
26.580
26.000
25.510
26.800
29.890
30.150
30.500
29.980
29.510
28.750
29.500
28.300
28.500
30.300
29.450
28.330
28.960
29.450
27.870
28.400
28.660
28.500
29.780
29.300
29.300
29.800
28.040
26.750
27.970
25.020
24.640
23.460
24.320
23.000
23.450
22.800
24.720
25.010
24.700
23.200
24.500
26.700
30.180
31.300
27.780
27.300
26.500
27.650
26.980
26.060
23.570
25.580
24.570
24.510
23.600
24.220
22.890
23.700
25.000
27.520
28.280
27.790
27.520
28.510
27.400
25.600
28.400
26.000
27.710
31.110
34.500
37.400
39.980
41.010
40.600
48.700
48.200
46.500
44.600
46.100
45.250
44.000
47.060
47.580
47.220
44.050
41.890
36.360
35.500
35.080
33.850
33.950
35.000
36.000
35.110
35.040
34.010
35.010
34.900
36.200
39.980
40.500
39.600
38.500
38.450
38.000
36.830
38.150
39.670
36.800
40.580
41.020
39.000
38.860
38.610
35.220
35.690
33.390
33.300
31.850
34.410
34.780
35.450
36.190
35.640
33.700
31.960
36.480
34.740
33.120
34.560
32.630
34.880
34.700
31.340
29.300
29.490
28.200
28.190
28.230
28.440
30.520
29.150
27.800
27.570
25.120
24.290
24.700
22.150
22.400
26.800
25.500
26.000
25.110
21.000
20.800
19.990
23.310
26.000
24.600
24.200
25.000
24.740
28.850
32.800
32.790
33.000
36.100
37.000
37.920
35.400
37.000
37.300
35.310
32.160
31.050
32.830
29.110
31.210
33.300
37.900
35.800
34.730
41.000
46.000
40.200
41.770
35.120
34.060
31.600
30.180
36.720
36.650
33.320
29.720
24.000
24.530
29.000
36.500
34.840
37.770
44.100
39.500
48.000
52.990
57.000
53.970
48.980
50.100
59.880
51.980
54.600
64.440
67.080
62.030
58.140
61.210
67.600
67.820
71.400
72.700
77.200
74.000
75.200
79.600
72.000
69.630
69.800
86.800
77.000
69.790
89.030
80.940
78.750
78.650
79.660
82.860
80.000
70.890
70.000
67.100
68.020
68.150
69.930
69.500
65.960
68.900
62.150
58.280
54.180
51.900
53.010
56.110
59.000
54.300
55.400
58.600
54.650
54.600
58.340
49.980
43.880
41.530
40.380
40.000
42.110
40.510
41.580
41.950
41.800
40.100
37.010
38.010
34.490
34.050
33.110
32.180
32.990
33.690
34.000
32.590
32.720
32.850
32.230
32.600
32.250
31.900
31.370
31.270
31.330
31.830
31.300
30.330
30.490
29.800
29.950
30.070
31.210
32.150
31.730
31.390
30.690
31.750
32.320
32.850
33.550
33.020
33.900
33.200
33.260
31.320
30.000
29.850
29.950
30.150
29.480
30.600
31.070
31.390
31.450
30.100
31.000
30.200
30.200
31.060
32.000
32.500
31.350
29.850
33.500
35.500
35.900
36.980
38.000
37.560
37.200
36.000
35.610
38.150
39.400
43.890
45.120
46.100
39.100
39.150
38.500
36.550
35.600
36.680
36.850
36.300
35.500
35.490
35.650
34.100
38.770
40.010
39.900
40.000
39.310
39.950
37.000
36.090
39.000
34.870
31.350
30.250
31.000
26.950
29.000
27.070
25.780
23.440
21.310
19.370
17.610
16.010
14.550
13.230
12.030
9.840
