26.050
24.700
22.450
21.600
21.370
21.670
20.920
21.540
21.380
21.060
21.540
22.200
22.380
22.300
24.040
24.230
23.340
23.630
22.810
23.420
23.750
23.600
22.550
23.100
21.110
19.190
20.620
21.390
20.830
20.490
18.630
19.900
20.850
21.090
21.450
22.040
20.580
18.710
19.170
19.900
19.890
19.740
21.000
21.290
21.490
21.410
21.730
21.550
23.010
25.570
28.410
28.560
29.070
28.360
28.390
28.580
29.800
29.800
29.430
30.180
30.610
30.780
31.180
31.490
30.950
30.740
30.920
31.810
31.510
31.450
30.730
30.900
30.320
29.890
29.720
30.710
30.720
30.070
29.230
30.050
29.820
30.020
29.730
29.750
30.450
29.280
29.450
28.880
29.530
29.700
29.520
29.580
29.720
28.510
28.300
28.350
28.760
28.500
29.880
29.890
30.150
29.470
30.090
29.770
29.900
29.800
31.520
32.250
32.340
32.600
31.950
31.930
32.680
33.350
33.250
33.330
33.420
33.650
34.730
33.990
34.010
34.190
34.360
34.080
34.180
34.250
33.080
32.780
33.740
33.700
33.290
32.900
33.660
33.210
33.310
32.660
33.230
33.950
34.980
38.870
38.900
38.630
38.660
39.450
39.990
39.070
38.960
39.860
40.200
39.950
39.680
41.090
40.840
40.910
41.490
42.060
41.970
42.870
42.780
43.280
42.000
39.620
38.680
39.190
77.500
83.080
81.960
80.500
80.400
76.540
76.190
84.660
94.070
88.400
91.200
92.830
87.300
84.570
76.880
78.610
79.850
76.510
77.910
77.700
75.800
72.680
69.810
73.880
72.950
70.780
71.140
71.330
74.000
74.190
81.000
83.500
82.110
80.440
73.130
74.650
73.930
75.200
74.960
73.680
72.290
75.010
83.190
83.560
88.020
88.500
88.380
86.680
91.820
90.000
92.520
90.100
86.760
84.940
84.020
84.510
76.830
80.420
80.380
79.300
82.800
76.450
78.000
75.960
74.180
68.400
69.800
70.720
64.290
62.320
64.000
66.830
63.690
60.850
67.550
69.910
67.600
65.840
73.150
76.140
84.600
89.360
89.010
88.600
90.600
93.490
85.430
77.660
76.790
78.760
71.600
69.980
66.780
71.000
69.300
77.000
74.930
83.260
82.390
74.900
80.010
77.840
70.760
68.160
75.130
69.560
74.490
75.600
84.000
86.680
96.310
91.000
97.650
108.500
112.490
112.000
119.000
123.700
121.880
115.990
119.790
108.900
105.600
108.000
100.480
98.470
100.350
105.400
99.450
104.010
99.880
94.000
92.900
95.760
91.480
97.000
106.470
96.800
97.000
99.890
97.460
88.600
94.820
95.560
89.200
96.000
98.010
99.890
110.990
111.350
104.500
101.680
97.080
88.250
90.200
86.490
89.000
86.130
79.800
76.190
77.950
70.860
64.420
60.850
58.340
64.820
62.710
62.700
64.590
58.720
57.120
55.600
53.610
51.500
50.620
48.700
50.690
50.510
45.920
49.390
49.300
50.140
49.280
46.900
44.300
42.350
38.500
40.920
45.470
44.300
46.160
42.100
38.390
36.610
38.840
43.150
47.940
45.800
43.600
42.530
44.640
49.600
54.100
57.000
56.750
62.780
66.480
68.050
67.500
69.890
70.050
66.200
62.200
67.020
64.970
61.000
67.390
69.350
71.980
65.440
70.470
78.300
79.590
72.350
68.210
66.100
60.090
56.390
56.540
62.820
57.110
51.920
47.200
42.910
47.680
52.980
49.350
54.790
49.810
45.280
41.160
37.420
34.020
30.930
28.120
25.560
23.240
21.130
19.210
17.460
15.870
