27.770
27.410
27.310
27.000
26.750
26.400
27.060
27.310
27.150
27.830
28.990
28.840
28.580
28.210
28.560
28.400
27.140
26.300
27.310
27.700
27.610
26.540
26.410
26.100
25.010
27.180
27.480
26.730
26.350
25.850
27.800
29.300
29.900
29.630
29.270
28.460
28.470
28.310
28.500
29.550
29.100
30.800
31.100
31.750
31.960
33.680
34.070
34.900
34.880
34.600
35.000
34.990
36.000
33.950
37.500
39.050
39.080
39.000
39.700
39.500
41.210
41.180
42.500
39.630
39.040
40.700
42.100
42.300
42.240
43.270
42.490
42.300
42.290
42.330
42.850
42.440
42.600
41.000
41.490
42.460
43.100
43.040
44.400
44.990
43.250
44.580
45.450
43.550
43.210
42.450
42.540
41.850
41.870
41.220
42.930
42.980
44.480
43.320
42.880
47.400
46.990
47.100
47.470
46.200
46.750
44.580
46.920
48.530
48.790
52.000
59.880
52.950
50.450
49.900
50.900
48.600
47.000
45.000
47.600
49.300
47.400
48.500
47.650
55.000
49.500
50.000
48.140
45.200
43.490
43.380
43.210
42.990
42.280
42.720
42.400
41.800
41.780
41.780
45.550
46.100
46.800
45.990
45.780
47.250
50.480
49.120
49.320
49.020
50.060
48.200
48.510
49.870
49.050
47.900
47.080
47.400
48.250
48.570
48.500
48.660
47.090
47.810
45.710
46.190
45.010
44.680
45.300
44.670
44.800
45.000
44.560
43.920
44.310
44.400
43.790
43.200
44.200
43.940
43.720
44.170
44.070
42.990
42.570
42.800
42.020
41.340
42.720
42.970
42.630
41.940
42.040
41.380
41.000
41.030
42.200
44.370
44.580
43.630
42.690
42.850
42.360
42.910
42.670
43.290
41.830
41.590
42.000
41.660
41.410
42.130
42.730
42.170
42.160
41.780
40.880
40.790
41.290
41.400
41.150
40.800
41.300
40.230
39.920
39.900
40.680
41.110
40.700
43.420
42.360
42.400
43.990
44.100
44.200
43.450
43.050
43.560
43.910
43.480
43.710
46.090
44.820
43.490
42.800
43.170
41.820
42.080
42.810
42.600
42.130
40.500
39.870
40.660
38.610
40.380
38.850
37.790
38.290
35.970
36.480
39.500
41.260
41.020
41.000
40.750
40.210
40.330
38.510
37.990
38.880
36.400
38.000
76.500
73.540
70.080
70.480
72.090
72.500
70.110
70.270
69.490
73.180
72.450
75.000
79.200
78.000
77.350
74.480
74.030
74.880
76.000
74.500
74.840
76.650
84.650
87.980
86.750
83.000
84.390
81.010
80.090
83.000
79.700
80.080
85.000
82.700
82.580
82.300
77.800
71.100
72.240
73.000
73.820
73.060
72.090
72.490
73.550
67.200
63.500
64.870
64.700
62.380
60.000
61.490
60.020
61.500
62.000
64.990
65.040
62.770
61.980
67.500
67.900
74.870
76.980
79.000
79.500
77.080
77.100
76.180
70.400
67.390
73.400
71.360
69.180
68.480
68.300
64.660
70.180
70.100
78.000
79.620
75.800
78.450
78.490
74.980
70.000
75.500
69.300
78.000
77.000
81.680
87.500
93.010
91.580
85.020
102.280
107.980
106.000
107.800
114.900
116.800
113.050
111.000
109.560
108.300
112.000
108.500
106.000
104.980
100.000
104.340
107.900
112.000
111.500
111.420
113.000
109.000
115.400
125.900
118.000
120.000
117.910
113.870
105.000
109.000
112.020
106.000
108.000
115.380
111.000
120.000
116.120
95.450
95.590
97.600
89.990
89.000
84.020
86.900
75.870
73.980
72.980
73.600
70.850
70.890
65.780
62.700
69.680
66.740
67.000
68.000
61.860
61.310
60.000
57.150
55.820
54.980
53.610
53.020
54.980
55.380
58.000
55.700
53.220
53.000
49.200
49.650
48.500
45.700
47.960
55.050
55.310
55.220
54.020
49.880
51.600
51.730
59.900
69.000
67.210
72.500
69.970
60.910
60.200
67.100
69.930
66.330
77.660
77.680
77.400
74.710
76.250
76.000
72.470
71.800
67.010
67.090
63.150
68.440
68.000
70.250
65.000
64.270
74.000
78.500
72.500
72.180
69.080
68.500
64.500
58.000
68.010
65.000
63.880
57.000
47.010
48.160
55.000
72.600
64.000
72.000
78.500
72.300
88.000
94.000
106.990
103.800
104.200
110.700
116.000
114.910
117.070
119.180
124.800
123.120
116.000
123.880
132.000
127.800
134.000
128.000
128.180
126.380
125.010
136.550
123.990
102.120
95.180
101.800
96.300
93.990
103.980
88.500
82.880
79.060
78.130
80.890
76.200
68.740
70.330
66.810
68.890
69.700
71.560
68.330
70.790
72.130
68.800
70.100
69.200
64.500
67.000
68.880
64.500
71.340
74.580
70.370
66.000
65.130
67.650
65.500
61.550
60.240
58.910
58.300
60.040
58.780
61.510
60.000
61.200
58.710
57.200
55.640
54.750
53.570
52.700
50.200
51.400
52.100
50.230
49.530
51.410
51.920
51.330
53.880
50.630
48.510
46.690
47.980
48.450
48.410
48.460
48.160
46.450
46.150
44.990
47.370
60.060
54.600
49.640
45.130
41.030
37.300
33.910
30.830
28.030
25.480
21.230
