28.560
28.460
28.860
28.900
28.800
28.810
29.370
29.810
29.550
29.800
29.690
29.150
29.850
30.200
30.120
30.210
30.800
29.600
30.350
30.290
29.810
29.200
29.780
28.600
35.700
35.000
33.500
33.770
33.780
33.190
34.330
33.500
34.080
34.890
35.930
33.600
33.570
33.670
34.250
35.700
34.560
37.700
38.860
36.200
36.600
36.810
36.800
36.900
35.300
34.800
32.980
34.180
33.280
33.030
31.070
31.100
32.140
33.270
33.320
32.980
31.830
31.100
31.400
30.500
30.340
30.930
31.450
31.850
32.350
31.160
31.350
29.880
29.560
29.620
30.360
30.990
30.850
31.390
30.450
31.080
31.300
31.190
31.350
29.500
28.400
28.330
28.000
28.490
29.100
28.930
28.600
28.600
28.280
28.320
29.200
28.950
26.800
25.830
26.110
26.570
26.310
26.210
26.160
26.020
25.710
25.680
25.500
25.300
25.720
24.780
23.700
23.520
23.920
23.090
24.270
24.570
24.450
25.330
25.140
26.550
26.830
27.170
27.130
27.690
27.400
27.070
26.720
27.040
25.910
26.340
26.400
26.400
25.550
25.320
25.200
25.150
25.190
25.260
26.310
26.810
27.110
26.770
26.370
26.050
26.520
27.000
27.200
27.490
27.470
26.940
27.760
28.310
28.050
28.130
28.710
27.730
27.250
27.180
27.440
27.380
28.000
27.500
27.700
26.270
25.510
25.310
25.460
25.680
25.570
26.120
26.160
25.720
25.590
25.110
25.300
25.100
25.490
24.330
24.680
24.550
24.710
24.300
24.030
24.760
24.150
23.950
24.660
24.550
24.940
24.880
25.000
25.510
23.470
23.520
24.000
24.600
24.970
25.180
24.550
24.800
24.900
25.230
25.510
25.800
25.200
24.980
25.060
25.110
24.110
24.400
24.370
24.800
24.940
25.100
24.480
24.180
24.760
23.880
23.640
23.330
23.980
23.590
23.780
23.600
23.800
24.340
24.800
26.200
26.330
25.990
25.590
25.800
25.850
25.400
26.720
27.250
27.390
27.500
27.600
28.370
27.700
28.020
28.180
28.670
28.180
28.060
28.700
28.910
28.700
27.870
29.020
29.100
27.880
30.290
92.700
91.190
90.800
81.970
81.700
90.000
94.300
92.900
93.110
94.000
93.000
84.480
81.850
80.800
79.500
73.570
75.800
73.110
73.000
67.010
68.010
71.000
72.500
70.010
72.000
71.620
72.810
76.010
74.790
73.880
72.470
72.150
70.700
72.000
70.010
72.260
72.600
72.660
64.350
65.000
68.800
69.890
70.650
70.390
70.450
70.260
70.800
67.900
74.130
64.280
65.600
65.600
63.900
61.940
62.540
62.630
63.470
63.000
64.960
66.300
63.830
61.120
63.000
63.500
67.990
69.780
70.990
70.800
70.410
70.200
69.000
65.980
63.110
66.750
65.990
65.020
64.960
60.880
57.570
59.000
59.120
63.990
64.500
64.300
65.480
66.360
64.460
60.690
64.750
61.050
66.300
63.780
68.530
71.580
76.500
75.190
71.880
83.000
85.120
85.220
84.810
90.200
88.500
86.020
86.980
88.250
86.950
88.050
87.510
82.300
81.110
78.970
80.950
80.980
82.320
83.980
83.540
83.200
81.900
84.030
84.800
84.390
88.010
92.600
92.500
88.000
87.950
88.100
84.360
86.720
90.660
85.400
94.000
96.060
84.500
85.000
83.370
81.830
82.300
78.500
78.000
75.800
77.050
77.660
77.680
78.110
77.510
71.400
67.610
74.080
74.070
71.900
71.800
68.150
69.450
70.900
65.710
62.410
61.990
60.190
59.400
59.530
58.510
61.000
61.010
59.960
60.910
56.110
57.650
59.750
55.490
55.380
62.950
62.070
64.920
64.900
56.900
57.000
55.010
58.300
62.600
60.180
57.770
58.790
59.860
69.020
74.800
75.010
73.000
81.300
82.700
83.350
81.500
84.000
84.890
80.290
77.200
75.860
78.570
74.020
77.560
78.330
83.000
80.210
78.000
91.000
97.110
92.210
94.000
93.000
102.480
89.010
79.880
66.910
80.020
92.390
82.310
87.500
86.190
80.910
91.590
94.890
102.600
99.600
95.820
98.010
110.500
103.510
105.000
117.550
123.000
123.890
121.000
119.000
123.700
125.000
125.100
133.490
151.590
145.510
132.000
131.710
139.900
128.750
129.000
136.800
124.990
137.930
118.000
105.600
100.000
103.800
99.990
101.010
100.350
98.480
103.500
109.990
98.000
101.900
100.270
94.490
97.000
98.220
95.800
103.000
107.000
109.100
112.000
103.000
102.800
103.990
103.930
94.480
85.890
78.080
70.980
64.530
58.660
53.330
48.480
44.070
40.060
36.420
27.590
