20.120
19.910
20.870
21.020
21.070
21.040
20.750
20.770
21.170
21.260
21.920
22.120
22.000
22.280
22.080
22.080
22.110
22.220
22.320
22.160
21.750
21.810
21.900
21.760
21.870
22.130
22.000
22.200
22.100
21.790
21.750
21.500
21.980
21.900
20.450
20.510
20.650
20.380
20.320
20.150
20.000
20.270
20.190
20.000
20.040
20.300
19.820
19.700
20.000
19.510
19.650
21.820
22.530
22.600
23.100
22.820
22.970
23.430
23.190
22.960
22.820
23.110
23.230
23.480
22.520
23.400
23.420
23.580
23.310
23.210
23.380
22.660
22.270
23.280
23.770
25.600
26.160
24.370
24.030
24.080
24.000
24.800
24.820
24.610
26.200
25.500
26.660
27.090
26.800
26.650
27.620
27.650
28.440
28.100
28.080
28.300
27.510
27.030
27.240
26.720
24.160
24.000
23.310
23.380
24.320
26.700
26.600
27.060
26.860
26.410
26.160
24.660
24.200
24.430
23.820
24.850
24.390
24.820
23.930
24.250
24.110
25.500
24.680
24.680
23.850
24.820
24.870
24.810
26.800
27.530
27.500
26.180
26.720
26.050
26.910
26.930
26.550
26.510
27.100
27.640
30.400
30.800
32.580
31.200
29.520
28.800
29.890
29.030
29.600
29.510
28.980
28.300
28.080
27.150
26.360
27.880
27.810
28.500
29.010
28.880
28.610
27.360
25.010
25.860
26.760
26.660
23.510
24.250
24.200
23.280
24.400
23.560
25.300
24.450
23.000
24.030
25.600
27.890
29.700
29.680
30.400
29.600
29.800
29.560
27.700
26.520
27.820
27.800
26.600
26.850
26.180
26.000
25.730
25.300
27.540
30.060
29.000
29.500
30.300
30.280
29.140
29.090
25.800
27.000
27.240
27.680
28.660
31.190
32.800
32.080
35.640
39.600
40.580
40.000
41.600
41.900
41.570
44.300
43.900
43.050
43.400
42.600
42.100
41.220
39.500
41.180
41.020
40.800
41.000
42.020
41.580
42.500
40.500
41.300
40.010
44.150
49.010
49.060
47.700
47.260
48.420
47.400
47.010
47.700
46.000
49.010
51.000
50.910
51.670
52.800
55.100
52.980
47.550
47.080
43.080
41.770
42.900
43.300
42.500
43.260
46.850
43.000
42.000
39.110
39.410
39.050
37.190
35.110
30.890
29.120
28.610
28.010
27.720
26.800
26.460
25.980
25.800
27.600
26.560
26.620
23.680
23.230
23.650
22.000
21.730
24.140
26.360
26.310
26.000
23.210
22.850
21.600
23.950
26.600
27.010
25.110
24.280
26.790
29.770
32.710
34.030
32.380
35.960
38.230
41.000
39.000
40.300
40.030
37.280
35.600
34.100
35.450
32.510
33.190
35.800
37.700
34.300
38.070
42.300
45.450
40.680
39.000
37.290
37.200
35.710
32.940
36.600
38.500
36.020
31.650
26.100
27.860
30.960
33.290
35.960
39.520
42.600
39.920
44.350
49.280
54.750
58.400
51.000
54.560
60.620
62.020
61.980
68.810
74.000
77.400
74.000
72.500
73.330
81.450
88.270
85.050
89.000
85.160
79.330
87.020
78.000
75.600
73.000
75.080
80.010
75.210
68.500
70.000
63.000
62.160
63.010
61.710
60.160
52.010
44.700
44.920
41.960
43.150
40.190
36.700
38.500
41.030
40.180
39.650
39.820
37.690
37.500
39.000
39.080
40.000
43.000
39.700
39.580
37.700
38.050
39.100
37.910
38.140
36.900
36.860
35.820
37.200
38.030
41.500
36.650
36.500
36.550
36.610
36.320
36.030
35.900
32.620
31.930
32.600
31.850
31.020
31.600
33.600
32.910
32.750
32.800
32.560
32.580
33.570
39.450
37.180
34.700
33.260
33.020
31.580
30.020
31.550
33.580
37.250
33.860
30.780
27.980
25.440
23.130
21.030
19.120
17.380
15.800
14.360
11.850
