-0.050
1.000
0.400
-1.900
-0.500
-0.410
-0.660
0.070
-1.340
-0.760
0.200
-1.180
1.300
-0.590
-0.030
-0.160
1.360
0.270
-1.420
-0.630
0.160
-0.420
0.170
-0.210
-0.720
-0.380
0.080
-0.600
0.570
-0.010
-0.210
0.290
-0.470
-0.070
0.180
0.360
0.810
-0.090
-0.740
0.650
0.060
-0.430
0.410
0.170
-0.090
0.320
-0.170
-0.600
0.540
-0.150
-0.150
0.090
-0.390
-0.160
1.820
-0.340
0.250
-0.090
0.000
-0.080
0.400
-0.060
0.130
0.810
-0.280
-0.710
-0.480
0.980
-2.170
-0.100
-0.710
-0.250
0.260
-0.500
-0.060
0.160
0.740
-0.180
-0.340
-0.830
-2.730
-0.070
0.710
-0.100
0.550
-0.300
-1.250
-0.310
-0.880
0.520
0.380
0.190
-0.900
-0.180
0.950
-0.510
0.050
-0.410
-1.690
-0.320
0.080
0.250
-0.720
0.100
-1.100
0.470
-1.570
0.290
2.700
3.500
0.370
-0.060
0.170
-0.560
-0.360
0.150
-3.160
0.780
-0.790
-0.700
-0.630
0.480
1.220
-0.300
-1.110
0.020
1.090
-0.020
-0.590
0.890
0.200
-0.820
-0.120
0.610
-0.540
1.300
3.410
-0.040
1.640
0.050
-0.300
-1.060
-1.300
1.390
-0.030
0.070
1.320
-0.100
-3.600
-0.590
1.500
-0.520
-0.750
0.880
-0.510
1.580
0.450
1.480
-0.210
1.150
-0.840
0.470
1.500
0.350
-1.820
0.300
1.070
-0.200
-1.320
-0.950
0.650
-1.380
-2.580
0.130
-0.810
1.230
0.050
0.730
0.270
3.160
-0.570
1.230
-0.690
-2.400
0.150
-1.600
0.140
1.500
0.530
-0.340
1.420
-0.480
-1.060
-0.540
2.480
-0.140
0.060
1.770
-1.360
-0.740
-0.490
0.370
0.620
0.140
0.690
1.760
1.600
-0.860
-1.080
1.150
0.240
-0.460
0.150
0.640
1.060
-2.100
-0.470
1.290
1.680
-2.400
-1.110
-3.320
-1.100
-1.060
1.700
1.410
-1.260
3.050
1.680
-0.600
-0.490
0.960
0.040
1.120
0.270
1.290
-2.330
-0.230
-2.920
0.400
0.850
-2.880
0.380
1.180
1.450
-1.140
1.780
-1.800
-0.720
-3.580
0.750
-3.890
1.310
-2.910
-4.500
-1.730
1.380
0.280
-1.910
0.250
0.910
-1.620
0.570
-0.910
-2.430
1.070
0.590
0.910
1.020
-0.100
-1.760
-2.860
0.960
-1.100
-2.100
4.870
1.740
1.590
1.970
-3.260
-2.610
-1.200
3.380
1.270
1.600
2.220
-2.720
-1.400
1.080
-4.810
2.890
2.170
0.540
4.030
2.450
1.300
1.670
1.780
-0.750
-0.850
0.840
-2.390
3.290
-0.340
0.780
0.730
-3.530
0.480
-0.620
3.220
0.790
-0.850
-0.340
1.190
0.650
2.530
1.280
-2.210
-0.610
4.650
-5.120
5.630
-0.110
4.190
4.670
1.520
-0.690
4.250
-4.060
-5.170
1.240
-1.090
3.650
3.950
1.950
-3.550
-5.060
-3.990
3.800
1.990
-3.800
-5.850
-6.500
-5.040
-4.650
0.310
-8.260
0.700
2.410
3.180
-3.190
-0.340
6.050
4.140
-1.860
-0.140
5.040
-7.400
-2.360
-1.500
5.370
-3.960
-8.500
-3.040
8.000
-1.190
3.210
-1.400
3.460
2.920
-0.890
6.720
6.110
5.550
5.050
-5.520
-6.220
-5.800
-2.250
-7.810
-5.860
6.030
-3.280
-8.970
-7.270
-3.350
9.160
-2.690
-10.480
4.110
-7.610
-12.030
-12.290
12.050
10.960
-8.510
10.740
9.760
8.870
8.070
7.330
6.670
6.060
5.510
5.010
4.550
4.140
3.760
3.420
3.110
2.830
2.570
2.340
2.120
6.490
