23.980
23.780
24.290
23.850
23.320
22.340
22.800
22.490
22.020
22.010
22.170
22.400
22.240
21.660
21.590
21.200
21.680
21.460
21.780
22.420
22.610
22.210
22.080
22.060
21.560
23.110
23.310
23.570
23.500
22.820
23.610
24.500
23.550
23.550
24.190
22.700
22.680
22.800
22.620
22.570
22.550
22.700
23.600
23.570
23.750
23.100
24.690
24.520
24.290
23.920
23.890
23.610
23.450
23.700
23.460
23.880
23.980
23.500
23.780
23.260
23.990
24.060
24.240
23.140
22.800
23.220
23.860
23.880
24.500
23.710
23.910
23.790
23.520
23.410
24.000
23.980
24.170
24.680
23.000
22.400
23.720
24.020
23.750
23.290
22.980
22.980
22.730
22.690
22.280
21.680
21.200
21.500
21.350
21.280
22.140
22.330
22.600
22.300
22.310
22.470
22.130
22.060
22.050
22.200
21.900
23.480
21.510
20.900
21.030
20.830
20.450
21.240
21.600
21.300
21.560
21.600
21.080
21.270
21.520
21.800
22.620
22.560
22.760
22.880
22.570
22.250
22.040
21.880
21.620
22.000
22.290
21.610
21.680
21.380
21.080
20.800
21.170
21.200
22.700
23.410
23.330
22.750
22.850
22.600
23.440
23.290
23.510
23.950
23.890
23.480
23.800
24.350
23.950
23.850
23.820
24.270
24.490
24.170
24.000
23.830
23.800
24.120
23.920
24.050
24.280
24.270
24.870
25.000
24.670
25.250
25.550
25.500
25.600
25.200
25.550
24.850
25.400
25.000
25.470
25.300
24.480
23.790
23.790
23.130
23.380
23.820
25.260
25.460
25.940
26.140
26.200
26.200
25.940
26.200
26.210
26.880
26.650
26.800
24.860
24.770
25.550
26.430
26.210
26.730
25.660
25.150
25.000
25.390
25.280
25.460
25.600
25.900
25.200
24.880
24.310
24.100
24.000
23.860
22.800
22.410
22.800
22.040
22.300
21.960
22.620
23.400
23.400
25.000
24.650
24.500
24.020
24.200
23.510
23.190
23.360
23.990
23.270
23.690
23.500
24.550
25.010
24.650
24.200
24.750
24.200
24.560
25.180
25.380
24.590
23.730
25.150
25.210
24.900
26.770
25.900
26.360
25.810
24.020
24.700
25.790
27.400
27.580
27.810
28.800
28.000
26.740
26.500
26.390
24.130
23.600
23.560
23.800
23.000
22.080
22.130
24.320
23.440
23.200
23.480
22.850
25.050
24.600
27.690
27.990
24.580
21.000
20.980
51.480
52.500
53.880
53.200
53.950
50.100
52.980
57.400
57.100
57.980
60.860
58.370
57.490
58.250
57.690
58.000
60.700
55.570
54.250
53.990
53.680
49.720
48.360
49.850
51.600
51.000
45.300
43.730
42.640
39.580
37.570
38.470
38.310
37.390
36.270
37.030
37.100
37.410
37.070
38.800
39.950
37.590
36.350
39.510
40.300
43.970
45.440
45.490
45.120
43.580
44.420
42.400
40.990
39.400
42.360
40.630
40.520
39.210
38.790
37.010
39.840
39.690
42.800
44.000
42.650
43.020
43.300
41.000
38.200
41.350
37.550
43.860
43.200
45.570
48.500
50.380
49.280
47.000
54.640
57.950
58.520
56.800
60.150
62.800
58.700
59.790
59.000
57.400
58.730
57.310
55.290
54.870
52.000
52.810
53.900
56.500
55.800
56.410
57.000
55.040
57.000
61.600
58.300
59.000
57.010
56.820
50.870
52.400
52.040
48.780
51.810
54.000
50.600
57.800
55.720
51.210
49.200
47.060
44.500
44.450
43.900
41.550
39.010
39.700
39.980
40.510
39.300
39.400
38.180
36.260
38.500
37.910
38.800
39.180
36.350
36.500
36.260
34.810
33.980
33.800
32.700
32.450
32.600
31.930
33.660
33.980
32.560
33.520
30.800
30.940
30.970
28.590
28.880
33.540
32.560
32.750
32.780
29.400
29.800
27.880
32.230
34.220
33.500
32.980
31.250
30.890
34.990
38.650
40.810
39.100
43.770
47.000
48.390
46.900
48.780
48.290
46.900
46.770
48.500
46.800
50.000
45.830
43.110
44.990
42.100
38.200
43.100
48.000
42.360
42.110
39.380
40.870
38.600
33.380
41.000
39.170
35.610
32.370
28.500
26.420
31.010
38.570
35.620
42.000
46.000
47.600
52.890
58.770
53.430
48.570
44.150
40.140
36.490
33.170
30.150
27.410
24.920
18.880
