126944.11
123338.24
52041.55
73869.13
29422.23
24411.26
26738.25
19447.14
30251.02
36442.12
32624.24
44173.04
48460.22
28025.33
22308.77
31384.75
40055.09
42113.45
26680.16
36200.14
32367.27
29213.27
16936.84
14476.96
27534.33
37834.15
17548.23
23346.39
31578.58
25231.00
20708.44
19743.00
16722.00
35377.94
55021.06
33248.37
13977.20
16282.00
22287.22
32367.54
22020.00
19906.73
38314.71
25833.39
16513.06
17338.71
24775.93
27196.48
29646.04
15153.75
23689.75
12639.97
18208.17
38373.00
17106.84
22851.67
34936.23
20578.07
36609.12
55010.86
67190.62
31151.72
40545.54
64900.69
41818.15
57606.49
50993.12
57797.08
58184.12
58407.91
137763.78
142774.59
45561.52
33433.68
41306.11
40309.18
46904.76
53140.76
74204.06
104913.91
87405.16
74401.61
89201.40
180995.80
132760.72
48051.10
24023.61
25792.62
36167.16
53015.92
51605.84
28535.94
23024.42
18989.38
34127.44
23059.30
18664.12
14144.68
18328.12
21876.27
38124.89
18083.51
19563.58
12016.53
13567.25
7.00
16301.51
17393.04
26825.67
19020.12
28707.19
16856.74
13007.57
22530.37
38323.92
20430.20
15818.00
15227.81
13983.02
20698.44
26160.12
41395.46
46033.94
12988.78
15206.79
18445.27
18300.71
26507.00
26826.60
15934.54
23019.53
21842.99
20277.00
23055.96
36459.48
40691.40
34576.24
49550.71
53971.00
31572.57
41042.05
25685.01
30369.26
35057.32
95451.52
93494.46
79212.76
62313.00
53864.26
102766.62
85770.38
114285.26
115808.06
94235.70
138211.80
211500.16
91800.73
72148.70
137430.16
97569.20
170727.48
72711.05
54995.55
78698.11
109210.28
73024.23
53844.02
57092.56
45839.29
52831.57
43807.85
52410.12
71177.97
66116.03
97499.32
147281.12
76655.72
75266.65
38890.15
38291.71
65116.93
75962.98
26814.70
37480.61
50101.09
66729.33
56412.36
41831.15
50119.81
40405.28
60204.55
31901.02
45823.00
36987.36
99767.20
82932.11
44570.32
66756.17
77744.99
41758.12
57677.72
66915.21
61631.12
51690.86
101328.93
153844.48
138260.94
214108.91
120772.29
65630.89
111349.05
112933.54
85618.14
73487.02
128671.57
198163.69
88391.64
95637.07
114517.75
74470.58
106507.22
157654.27
72929.61
93896.36
124229.01
204946.88
152486.02
94176.61
93653.89
136048.62
144550.70
161636.91
191171.05
259795.97
271613.22
283465.31
375077.53
453083.59
225028.34
372188.75
330514.72
489267.19
367103.72
259602.67
233231.34
225648.73
330423.47
265301.81
362437.34
464948.72
249438.48
18660.57
8411.63
2061.00
1583.50
967.32
43430.45
81708.65
44204.31
51667.53
31413.55
30671.27
55734.46
31969.10
26984.86
18200.93
18497.30
22367.39
18612.37
23724.27
21268.97
23114.28
20397.17
29821.12
32230.47
36232.76
26275.20
30939.82
34166.72
37651.64
29639.67
39663.77
33226.41
28249.03
44885.36
44915.59
38921.93
8550.00
33276.08
49780.92
29165.66
26459.45
26919.31
32597.75
50298.10
24573.50
28087.64
49703.69
29851.85
31084.31
48393.14
65963.86
49429.20
33785.60
30359.43
27339.46
39340.50
35460.52
37892.20
40656.81
44329.95
36890.12
46401.86
52645.77
74007.27
74786.85
79493.48
89051.84
58415.16
64971.11
86076.10
60800.53
66090.64
91126.93
114993.26
130214.82
125300.90
106167.22
149956.03
128913.13
86608.27
107222.64
94084.37
66902.10
130229.28
116771.76
131622.70
268038.44
223398.14
233704.94
97948.06
87946.82
133753.05
168332.23
195508.06
112545.34
107535.47
93695.86
108536.55
136034.73
142216.06
132117.23
5858.00
96565.14
114411.56
80711.06
116934.27
118654.05
147829.50
239749.36
111300.57
94664.22
32136.38
37133.13
20214.35
21581.00
40623.63
42840.71
37871.90
21144.21
14978.03
16335.33
22092.73
15875.35
28791.89
28631.50
50677.72
23563.83
5120.00
15143.56
28802.43
20989.24
25418.46
19584.14
13582.57
21108.19
22513.01
32794.57
24164.57
28122.46
35195.20
38580.73
22132.63
19229.71
19975.76
23716.30
23461.95
25940.95
35461.23
41566.12
35968.10
30778.29
33284.71
42572.85
39545.08
43161.60
15662.38
18029.50
36872.42
50739.16
35901.40
18367.30
18309.03
25935.30
26815.94
43214.93
37843.67
14844.42
19108.20
23279.91
32805.49
27499.65
30132.97
36169.28
28527.73
41519.82
54001.08
66702.50
51238.57
39077.19
33621.70
29195.05
27495.45
31397.36
44661.70
53672.91
27823.96
30731.73
34462.35
63321.05
47294.29
38200.35
19430.69
24853.49
17263.52
34651.20
47127.86
32558.91
24927.50
23825.05
34369.45
19695.80
19870.89
20070.74
24225.65
32206.06
46315.46
25192.47
24921.62
36423.42
41656.85
46353.96
62320.95
78487.71
94937.20
113097.94
124232.04
152841.42
10683.47
3505.18
698.00
206.23
163.04
93.18
45.00
210.31
