2.150
0.050
-0.630
0.020
0.630
-0.090
-1.540
0.100
-0.290
-2.180
-2.830
0.220
-0.310
2.580
0.860
-0.980
0.010
0.060
-0.540
-0.640
0.180
-0.210
-0.870
-0.160
0.990
-0.010
-0.930
-0.400
1.170
-0.100
0.680
1.420
-0.410
0.080
-0.210
0.470
0.430
-0.240
-0.620
0.190
-0.490
0.700
0.040
-0.210
0.840
0.150
0.530
-0.220
-0.120
0.270
0.040
-0.010
0.840
0.060
0.150
-0.230
0.150
-1.060
-0.080
-0.020
0.220
-0.050
0.220
-0.170
0.250
-1.100
-0.290
0.430
-0.150
0.320
-0.010
-0.750
-0.370
-0.380
0.600
0.340
0.020
-0.460
0.200
0.250
-1.320
0.150
-0.430
0.380
0.080
0.370
-0.590
0.150
2.390
0.270
0.110
-0.440
-0.020
0.480
0.220
-0.470
-0.490
-0.630
-2.390
0.250
0.280
-0.880
-0.550
0.710
0.330
-0.640
-0.660
0.090
-0.350
0.250
-2.000
1.040
-0.650
-0.190
0.970
0.270
-0.040
-2.010
2.270
0.130
0.670
0.190
-0.750
0.330
-1.600
1.890
-0.340
0.000
1.120
-1.180
-3.140
-1.880
2.450
-0.910
0.530
-0.120
0.570
0.580
-3.130
0.130
-0.800
2.300
2.530
0.220
1.990
1.950
-1.450
2.410
0.080
-0.030
-1.910
-2.180
0.390
4.890
-1.760
4.610
2.230
1.420
0.120
1.700
-0.330
0.770
0.160
0.680
0.070
-3.350
0.400
-2.120
-0.690
2.220
0.470
-1.790
1.610
0.400
-0.890
0.550
1.480
0.070
1.290
2.740
-2.140
3.550
-0.050
-1.640
1.320
-0.820
1.940
1.510
1.600
-0.490
-0.640
1.800
0.210
-0.430
-0.390
0.320
1.050
-2.640
-0.590
1.360
0.640
-3.490
-0.590
-3.940
-3.390
0.830
0.820
-1.580
1.800
0.980
1.700
0.540
-1.600
3.570
0.390
0.950
-2.410
2.040
0.870
-0.860
-3.860
0.870
-2.940
-4.520
4.110
3.740
3.400
3.090
2.810
2.550
2.320
2.110
1.920
1.740
1.580
1.440
1.310
4.000
