21.220
21.060
21.140
21.060
20.720
20.560
20.460
20.620
20.480
20.600
20.660
20.760
21.310
21.510
21.660
21.510
21.570
20.810
20.700
20.830
21.200
20.820
20.800
20.410
19.800
20.000
21.240
21.210
21.050
20.660
21.020
21.100
21.860
21.700
21.600
21.110
23.130
22.690
22.490
22.830
22.100
21.600
23.560
24.000
25.580
25.600
25.880
25.390
25.500
25.120
25.200
25.600
24.790
23.400
24.580
24.100
24.530
24.750
24.800
24.350
24.320
24.820
24.480
23.360
22.510
22.440
23.290
23.520
23.850
23.910
23.900
24.110
23.660
23.250
23.370
23.380
23.260
23.190
23.000
23.080
23.200
23.160
22.760
22.300
21.320
21.520
21.810
21.720
21.760
21.900
21.570
21.500
21.130
21.030
20.910
21.200
21.350
21.580
21.610
21.700
21.500
20.760
20.740
20.310
20.220
21.500
20.330
20.160
20.350
20.730
19.920
19.900
20.090
19.510
20.570
22.810
23.310
23.900
23.900
24.360
24.400
24.770
24.180
23.970
23.420
23.390
23.390
23.350
22.950
23.250
23.500
23.380
23.130
23.220
23.160
22.820
23.050
22.800
23.610
25.120
25.160
25.310
25.250
25.380
25.810
26.150
26.000
26.110
26.400
25.800
26.330
26.730
26.580
26.770
26.750
26.850
27.250
26.890
26.740
26.070
26.320
26.010
27.050
26.860
27.510
26.840
26.700
26.700
27.270
27.780
28.400
27.310
28.010
28.440
29.100
29.500
29.690
29.300
29.300
28.900
28.930
28.740
27.400
27.760
27.600
27.400
28.630
28.510
28.780
29.010
28.400
28.000
28.000
27.800
26.810
27.240
27.060
26.760
25.100
24.980
24.900
25.750
25.910
26.000
25.980
26.200
25.810
26.320
25.800
25.800
27.710
27.580
27.200
27.050
26.020
25.440
26.210
27.280
27.010
26.330
27.210
26.600
26.400
26.900
25.500
26.210
25.680
25.760
27.250
26.950
28.300
30.040
30.510
30.020
30.220
30.880
30.100
30.160
29.500
29.910
31.080
31.000
29.880
28.840
27.870
28.200
27.300
26.600
26.350
26.300
25.370
26.150
26.120
26.870
26.880
25.500
25.660
22.500
22.300
23.660
25.700
23.230
22.850
23.300
23.010
22.720
21.260
20.600
21.010
20.800
21.650
21.630
19.500
18.480
18.290
18.120
18.670
18.850
18.360
17.720
18.500
18.550
18.510
19.850
20.420
20.430
19.510
19.600
19.100
19.440
19.360
18.980
19.370
19.660
20.450
22.250
21.880
22.510
22.220
21.990
21.450
21.870
21.150
21.570
21.800
20.820
20.500
21.300
20.250
19.900
20.800
21.100
21.010
20.820
20.350
20.330
19.450
18.560
18.510
18.960
19.020
17.510
17.930
17.680
17.020
18.210
17.730
19.050
18.350
17.490
17.490
18.070
20.070
21.100
21.010
21.220
20.750
20.920
20.500
19.480
18.510
19.680
19.640
18.600
18.600
17.800
17.650
17.870
17.860
19.530
21.210
20.300
20.400
22.000
20.800
19.700
19.880
19.350
20.380
20.250
22.250
23.010
25.100
26.870
26.550
29.500
32.700
32.700
30.460
30.560
30.550
29.660
30.680
31.300
30.550
31.500
31.450
31.160
30.200
28.700
29.530
29.900
30.710
32.010
31.500
31.000
30.100
28.900
31.200
29.360
31.500
34.490
34.500
31.640
32.200
32.520
31.340
31.200
34.000
32.030
34.500
35.000
30.990
31.410
30.000
29.110
25.750
24.520
22.990
21.550
22.380
23.000
22.810
21.500
22.900
21.510
20.520
21.000
22.130
22.040
22.600
21.180
21.090
20.600
19.680
19.210
18.700
18.890
18.400
18.010
17.620
18.990
21.010
37.010
37.810
32.610
32.000
31.000
29.300
28.850
32.060
34.500
34.400
34.300
30.730
30.700
29.500
32.720
36.360
37.280
34.100
34.320
35.650
39.610
42.720
45.000
41.300
44.120
48.150
52.000
51.000
51.120
51.960
47.420
44.400
42.800
42.900
40.040
39.850
42.500
44.100
39.600
43.160
47.950
52.000
47.810
46.380
41.500
42.850
41.010
38.040
42.270
43.610
40.000
36.970
30.500
32.080
35.640
36.750
37.630
41.810
46.300
42.300
46.200
51.300
57.000
60.000
58.000
58.350
63.360
67.790
64.200
68.270
75.660
77.720
73.050
74.100
72.010
76.010
78.620
82.640
84.240
93.600
103.290
114.770
122.300
114.000
93.000
92.030
76.200
67.900
63.140
65.000
55.880
51.000
42.870
42.000
40.790
32.200
33.710
33.560
34.050
30.950
28.140
25.580
23.250
21.140
19.220
15.860
