22.180
21.650
21.360
21.640
21.600
21.830
21.710
21.750
21.700
21.420
22.060
22.550
22.180
22.510
22.410
21.510
20.950
20.730
20.650
21.200
21.140
20.800
20.360
20.450
18.140
18.370
20.010
19.820
19.440
18.000
19.110
20.660
21.860
38.860
38.700
37.180
37.100
36.500
36.110
39.500
38.600
40.010
36.360
37.400
37.410
36.000
39.500
39.110
39.220
39.030
43.160
47.400
47.510
47.720
47.380
47.400
48.860
48.690
47.600
47.330
47.580
48.330
49.540
49.370
48.510
48.350
48.100
48.710
48.420
49.550
50.230
50.000
50.160
50.050
50.510
50.190
50.630
50.460
48.540
47.910
48.220
48.500
48.800
49.010
48.740
48.700
49.650
49.000
48.600
48.590
49.310
48.710
49.590
50.730
50.870
51.510
49.840
50.300
50.260
49.200
48.010
49.010
49.500
49.120
47.400
48.400
51.170
49.150
50.670
54.500
53.380
53.680
53.000
52.000
53.660
54.010
55.200
54.530
53.620
51.560
51.510
48.870
46.580
48.250
50.520
50.610
50.000
49.560
49.150
47.300
46.680
46.330
49.650
54.940
56.830
54.600
55.600
51.520
52.180
53.500
49.020
50.250
53.810
48.810
43.680
43.800
44.400
44.300
44.100
44.000
45.600
45.730
45.680
48.050
49.350
48.950
47.770
48.870
43.680
45.530
45.460
45.010
45.600
46.600
43.900
44.520
44.380
44.430
44.200
41.600
38.800
41.420
40.820
41.530
41.350
40.810
41.000
79.300
78.600
81.100
90.110
87.590
87.060
86.820
79.060
78.680
73.800
72.000
72.650
70.100
71.680
70.900
71.750
68.680
68.520
65.300
71.020
69.810
69.800
67.620
70.600
70.880
70.310
73.900
79.100
79.590
73.800
72.300
70.000
73.000
74.030
74.110
71.040
71.900
72.550
78.960
81.080
83.000
82.780
79.950
78.200
79.100
76.660
79.600
77.240
74.520
73.530
73.460
69.800
68.770
71.610
71.800
72.010
72.310
72.010
71.510
68.630
65.060
64.940
66.010
67.000
61.000
62.000
60.060
58.810
61.010
59.800
66.400
63.080
60.300
63.450
68.010
72.750
78.250
81.350
83.710
82.500
80.010
80.000
76.510
73.900
78.480
76.610
73.520
72.250
70.500
70.100
71.000
72.020
74.010
80.790
75.110
74.000
80.010
79.000
75.040
75.500
65.330
68.990
72.100
75.710
79.130
84.560
88.700
83.600
91.350
101.000
104.720
102.080
106.700
113.130
112.110
115.600
117.200
116.680
119.680
119.510
119.000
118.180
110.500
109.070
109.000
108.010
109.410
106.050
110.000
113.030
112.050
113.650
114.850
110.000
106.820
105.000
94.700
94.280
95.800
92.310
91.800
94.080
97.900
107.510
110.020
98.500
97.660
90.820
92.010
92.100
90.010
90.000
83.000
79.120
77.200
75.600
70.160
69.690
67.180
64.000
63.880
68.500
67.550
70.300
66.500
64.800
62.980
61.500
60.250
58.590
57.340
55.000
56.880
54.000
53.300
57.800
56.350
55.800
51.800
52.010
48.200
44.320
43.730
48.590
53.000
52.950
52.220
45.780
45.200
43.200
47.070
52.110
51.300
48.000
46.880
49.130
54.590
60.000
64.200
61.000
67.680
73.300
78.080
75.700
77.000
79.810
73.100
70.010
69.010
70.150
68.700
68.700
74.220
78.040
69.010
70.680
78.530
86.800
80.010
78.600
76.030
76.000
69.180
60.320
66.170
70.010
66.840
58.800
50.220
50.200
55.780
55.230
60.510
67.230
74.700
74.010
82.230
91.370
101.520
106.050
114.400
127.110
141.230
156.920
171.240
188.090
170.990
189.990
183.290
166.630
145.210
137.710
125.190
113.810
103.460
94.050
85.500
77.730
70.660
64.240
58.400
53.090
48.260
43.870
39.880
36.250
32.950
29.950
27.230
24.750
22.500
20.450
17.040
