31.780
30.740
30.620
30.640
30.640
30.830
31.170
31.450
30.980
31.190
32.300
31.580
31.660
31.990
32.010
31.750
32.000
30.480
30.920
30.160
29.500
28.570
28.530
28.650
27.830
29.070
29.790
29.300
29.500
29.170
30.400
31.490
30.960
30.490
30.700
30.330
29.110
29.610
30.050
31.320
30.810
31.620
32.000
30.700
31.200
29.810
29.960
29.700
29.790
28.150
29.810
29.580
30.490
31.040
31.900
32.180
32.900
32.720
33.330
32.800
34.230
34.140
34.700
33.800
34.390
36.450
35.880
35.300
35.490
35.050
34.680
35.000
35.400
35.060
35.480
35.150
35.160
35.810
35.520
35.850
36.250
36.500
36.520
35.980
35.610
35.240
35.230
35.160
35.940
35.900
35.700
35.600
35.240
34.550
34.610
35.130
35.310
35.790
35.520
36.700
36.490
36.100
37.000
35.790
36.740
38.000
36.990
35.990
34.700
33.980
34.000
34.900
34.210
35.500
35.900
36.510
37.980
38.480
38.240
38.030
38.380
37.420
37.520
37.020
37.500
37.980
38.950
38.010
39.600
35.800
35.440
35.200
35.460
35.300
35.010
35.800
35.890
38.800
38.510
38.220
38.550
38.200
37.980
39.450
39.700
39.070
39.820
40.670
39.780
40.900
41.900
41.480
41.330
42.420
41.320
41.400
41.200
40.450
41.090
41.450
41.750
41.960
46.990
42.800
40.000
40.850
40.700
42.090
40.610
40.620
40.900
42.350
39.000
39.070
39.600
39.580
35.500
34.860
35.100
35.950
36.880
37.700
38.720
39.010
39.000
37.830
38.000
37.920
39.050
40.000
42.080
41.650
42.240
42.280
42.180
43.400
43.620
44.770
49.800
50.000
50.500
48.850
45.120
46.000
44.560
45.300
137.980
117.350
114.880
124.980
119.500
114.000
115.500
111.990
124.520
125.700
131.200
142.950
136.890
135.110
132.000
133.880
128.500
132.000
130.050
132.000
125.210
136.000
152.000
153.640
149.000
151.310
149.700
149.480
158.190
162.120
161.500
161.990
154.990
153.120
157.800
143.990
135.400
130.510
142.000
127.000
126.980
124.500
125.990
127.000
121.450
112.500
116.000
114.030
108.800
100.280
104.050
107.000
111.800
105.000
107.990
107.700
98.000
97.100
109.300
116.260
127.380
133.150
139.790
141.000
138.000
138.500
132.000
126.000
121.500
128.980
123.020
119.210
116.880
120.380
114.000
127.180
128.990
139.000
139.000
134.240
135.110
139.020
134.050
128.860
140.000
129.000
149.900
144.000
147.000
154.000
160.540
159.410
148.000
175.300
186.000
185.210
188.300
195.490
202.700
199.800
204.550
202.550
202.000
211.880
207.660
201.000
199.580
193.000
206.850
213.110
223.210
206.000
204.000
206.800
199.020
206.000
234.500
213.000
218.970
213.840
214.000
190.190
203.480
207.520
189.000
200.990
214.000
199.000
237.000
228.000
207.010
204.000
193.500
188.000
191.000
186.000
184.500
175.110
162.880
162.510
173.010
154.440
163.990
163.500
156.000
168.500
172.000
158.010
155.000
153.000
145.000
135.000
127.000
112.970
112.000
110.900
109.300
104.990
99.310
106.000
107.000
106.000
104.000
87.000
85.520
83.100
78.000
80.150
95.140
93.880
96.000
94.000
86.000
85.500
84.430
96.560
115.810
108.000
110.000
120.180
119.260
133.020
152.280
159.000
149.750
160.470
171.490
171.090
166.000
185.910
194.990
183.000
169.800
161.000
166.800
155.490
152.990
160.000
180.000
177.000
172.530
201.800
217.990
188.100
189.000
182.870
168.600
154.000
148.000
160.000
161.220
146.560
133.240
108.180
110.120
123.330
166.170
153.000
177.000
181.000
168.000
187.000
212.000
236.780
262.000
229.000
196.950
218.830
198.940
180.850
164.410
149.460
135.870
123.520
112.290
102.080
92.800
84.360
76.690
69.720
63.380
57.620
52.380
47.620
43.290
39.350
35.770
32.520
29.560
26.870
24.430
22.210
16.820
