95122.00
53249.27
41292.86
45602.59
63777.62
55527.37
56605.29
46078.71
69351.06
61975.20
88122.82
60893.57
68694.19
55820.00
93325.21
157338.73
104567.41
55367.64
34515.09
32926.92
51063.13
27109.41
16094.70
14287.32
16494.38
17632.87
29678.99
34304.85
27914.24
35473.02
33104.67
29264.75
19590.66
33372.23
40430.11
45726.18
22384.47
27408.49
34484.04
29277.60
18040.96
31224.80
31776.62
42990.52
30757.05
49935.69
33909.94
44177.47
48911.96
31649.39
32714.11
30675.95
40607.83
29951.27
37351.05
45323.58
38973.80
56520.86
34540.90
67538.40
43490.53
38102.66
37140.14
34198.30
52896.24
53479.32
47360.02
57354.69
123176.39
63453.74
62785.14
43296.34
65400.78
40135.86
49613.10
47244.07
45712.85
77847.07
71530.51
119810.81
120240.17
119578.89
40330.69
48264.45
38449.88
51991.51
72504.46
72997.25
139227.69
46836.93
60098.30
54441.12
60217.60
76370.92
69608.10
95420.99
79365.87
98168.74
79080.51
142356.81
123151.95
186449.36
121844.13
166739.86
177498.78
33.00
142771.38
138381.09
206570.64
104400.01
131594.06
189649.62
269567.62
223076.30
205545.09
255154.05
266869.53
348456.38
147419.86
214509.42
348035.03
328125.44
282551.88
133169.14
245456.73
200004.50
143117.84
159249.41
122392.69
160089.83
293568.34
155652.83
145284.91
81680.94
78638.05
67151.93
65891.91
76988.66
107714.39
129725.60
149441.98
83379.86
70459.15
51962.64
75907.74
60627.74
73609.94
113501.61
129523.61
211786.28
238630.59
228937.12
138663.48
65585.77
78153.70
120481.88
91704.16
84289.07
116498.07
191716.64
140620.94
164106.73
156180.48
145902.05
81177.67
43238.30
31981.20
46754.22
45253.91
41094.67
45405.20
33173.99
55275.67
100944.66
74655.89
24888.02
30939.74
28793.17
30481.67
51185.03
30460.72
32989.68
26274.00
27284.75
54894.14
67003.33
34819.80
24685.01
37685.60
50322.95
18561.10
17921.82
18406.39
20800.52
40776.62
41167.46
52250.21
92186.92
61791.32
105142.46
164950.91
44689.80
12483.42
18234.00
16742.57
17749.00
13679.77
14206.72
9768.25
10104.30
15590.50
13566.68
14288.93
13186.04
17916.67
21984.05
13233.30
26921.18
50376.25
30816.44
47507.34
34681.51
14095.84
28498.99
34874.09
23487.50
17254.83
12488.92
23644.19
33176.38
22529.96
24698.87
23968.97
32253.90
61806.65
24749.70
40291.81
28551.74
26462.23
30997.80
35080.67
26099.81
25715.94
27950.17
35772.06
25522.66
18623.42
34668.80
38724.04
38485.92
41846.52
31256.48
22639.13
22474.07
18778.00
23007.28
16447.71
20129.54
26291.63
44565.74
24030.94
44505.74
62642.50
55604.02
39337.06
40972.07
40129.39
39037.16
37992.13
31286.00
47391.25
35134.10
42672.79
54145.18
68351.93
36521.90
17685.19
20320.42
19116.51
21505.36
16863.75
18654.19
14575.00
23639.46
19160.37
18455.38
20897.26
30283.48
23610.21
22000.11
20947.51
22598.50
19820.03
17631.35
19402.39
28287.02
32097.24
9355.50
29574.03
39872.64
24965.00
19548.20
22520.70
21449.56
36755.64
27312.59
23338.63
37519.47
37726.85
42673.99
44199.49
66161.17
50156.21
30726.94
32716.73
37692.05
56703.32
69142.27
112190.50
27012.20
44220.54
49304.84
90887.92
153472.38
142398.88
39870.90
49264.23
42738.70
30480.79
29755.03
35496.75
26037.01
36699.21
59428.68
28010.33
49763.52
77029.93
55243.40
67250.29
104370.87
56414.91
68005.64
35072.13
30493.95
27213.61
24632.28
37222.49
26697.69
33805.81
43019.30
24179.38
21702.22
32395.59
28072.24
22369.00
27113.58
28986.79
33060.45
43134.15
31937.89
22917.50
22114.50
189.00
13673.12
10343.81
9735.00
14511.00
23660.74
16180.90
27181.21
15877.00
11639.29
16310.42
12772.00
15819.59
14644.09
10453.25
19068.14
21003.01
13361.72
12995.10
10999.61
15330.10
15121.79
17177.57
20747.67
21929.62
15480.13
14430.00
17264.35
19530.11
33312.57
45822.82
40517.15
41851.43
30080.95
32450.00
34310.22
31636.45
24849.94
26095.51
33922.30
37923.34
28621.29
28349.49
36830.39
30753.22
45123.09
39871.44
52084.53
58763.10
29802.71
33911.92
41059.82
33505.35
52609.04
61192.04
95165.60
54378.39
20111.80
48817.78
88701.47
18300.14
58693.89
49385.00
56332.98
60086.72
68667.77
72010.29
62816.64
56374.94
74244.36
60425.83
66274.88
79625.05
126155.08
164272.94
57845.00
3760.93
64354.19
66692.82
28007.62
33465.38
46735.76
35155.16
22322.01
27770.46
23754.47
43908.50
51571.48
53592.48
81411.86
53954.77
27729.27
46647.52
68302.57
43035.92
44917.00
56278.40
50514.75
42699.17
42815.08
63372.22
71132.01
71454.32
47220.24
33108.08
32525.82
39218.65
57892.96
73515.28
62716.10
50439.30
42377.82
40819.27
59467.32
57540.60
44713.98
56512.12
13030.41
16805.15
16039.57
12435.77
13547.76
15176.78
19503.30
24040.11
24364.98
23705.01
17195.00
10679.12
9671.61
277.00
11046.40
14709.95
13061.36
11888.09
10894.24
11190.61
10129.00
20801.82
18584.20
15458.60
18581.29
15244.94
31211.63
20366.49
25963.94
37150.61
44271.43
80895.48
86694.19
62857.12
77165.23
55430.22
32558.99
33888.10
48485.04
23034.91
26521.38
40942.79
67699.32
34153.12
60058.49
50032.67
56371.55
23048.80
21785.30
17381.55
26469.02
33915.82
31780.95
36720.19
43520.09
28415.43
39762.61
41941.75
29855.01
34131.58
42159.04
57201.18
83651.32
60822.08
111958.01
124332.04
190313.12
85330.52
66455.79
67370.55
106864.14
38531.18
74490.57
71593.30
82235.82
84486.90
45072.31
75089.80
88189.35
119341.88
123529.53
143882.27
159944.34
187677.19
245346.30
220851.86
173670.28
301423.06
202590.08
189387.44
196684.95
254163.91
243556.03
330010.78
8326.94
8758.23
5083.39
5125.00
4954.71
3187.90
700.50
373.00
202.00
324.00
965.01
