18.400
18.720
18.200
18.310
18.180
18.350
17.800
18.190
18.410
18.050
18.250
18.890
18.940
19.120
19.250
19.200
19.000
19.000
18.190
18.890
18.900
19.000
18.340
18.080
17.870
17.620
18.970
19.200
19.120
19.070
18.910
19.710
20.000
20.000
20.450
20.470
19.700
20.150
20.260
20.230
21.010
20.770
21.450
22.000
22.200
21.590
21.550
20.880
20.830
20.780
19.860
51.390
53.050
53.070
52.860
51.700
54.960
55.070
55.600
56.000
56.220
58.690
58.690
58.730
57.310
57.100
58.480
60.180
60.760
62.310
62.520
62.430
62.700
62.840
63.760
66.820
64.990
63.810
64.030
62.670
60.790
61.560
62.190
62.060
61.730
59.910
60.100
60.330
59.370
60.200
60.000
59.750
59.260
58.360
56.890
58.700
58.950
60.110
60.060
58.890
59.880
59.400
59.010
59.990
59.660
59.990
59.990
59.450
57.570
58.480
58.010
56.390
56.480
57.740
56.000
58.080
57.020
57.380
58.850
58.810
59.850
62.170
63.340
62.600
62.270
62.450
61.870
61.650
61.670
61.000
62.650
63.000
63.040
62.980
63.600
63.080
62.140
62.800
62.190
65.670
66.080
67.480
66.810
66.610
67.800
70.700
70.930
70.800
71.610
73.220
72.800
73.990
73.850
74.010
71.750
69.200
69.810
70.660
72.290
71.850
72.050
69.800
71.300
70.840
70.930
71.300
69.810
69.700
65.340
67.140
68.080
67.450
67.270
66.180
66.830
66.510
65.810
67.230
67.010
70.120
70.230
69.480
67.360
68.050
66.160
66.550
65.270
67.650
67.690
67.300
65.650
65.460
61.780
63.280
62.260
62.720
63.290
61.560
62.210
59.810
60.340
59.950
60.230
59.180
59.390
60.240
60.100
58.900
58.650
57.970
60.070
60.300
59.950
61.340
60.190
59.000
58.100
59.180
57.940
57.150
56.010
56.180
55.450
55.150
54.400
55.500
57.500
56.780
59.320
58.070
57.720
57.810
58.450
57.730
56.900
62.770
60.350
60.030
60.570
60.450
61.410
60.890
57.690
57.100
57.550
56.500
55.570
55.860
54.600
54.000
52.810
54.200
54.560
55.850
57.700
54.900
55.120
54.910
52.100
52.900
56.390
54.370
51.730
52.480
51.940
51.490
51.900
50.350
50.480
49.750
47.910
48.040
48.350
47.110
46.600
44.800
46.250
46.550
45.600
45.400
44.600
44.870
44.710
49.100
51.720
51.750
52.750
51.580
50.200
49.810
48.340
46.510
47.280
47.200
48.570
48.190
47.640
49.260
49.350
48.630
47.880
48.700
47.460
47.280
48.700
48.490
46.930
47.240
47.100
45.250
45.660
46.400
46.830
46.400
46.180
46.800
45.900
44.220
42.800
42.420
43.180
41.510
42.740
45.480
46.230
45.400
43.560
44.830
44.810
43.000
40.900
43.790
43.490
46.390
46.990
47.580
47.150
47.110
46.750
46.350
44.630
44.330
44.410
43.800
42.900
41.320
40.600
38.890
42.570
41.790
44.880
44.470
44.480
46.400
47.100
45.280
43.850
45.660
43.010
44.900
44.960
49.950
49.840
55.360
53.700
54.410
60.450
60.580
60.390
59.800
63.430
65.100
59.500
60.090
60.280
59.380
60.750
59.310
58.500
57.700
55.520
56.340
57.340
59.570
59.440
59.150
60.380
58.000
60.000
61.600
56.000
59.260
59.180
59.900
55.820
55.040
54.730
51.640
52.990
56.130
54.180
60.200
58.100
54.580
55.190
52.710
50.580
50.990
48.990
47.050
46.700
45.670
45.300
47.080
47.400
44.500
42.800
40.910
43.830
42.000
43.280
43.540
41.900
43.100
41.540
39.870
39.480
38.000
37.810
37.400
37.790
36.190
38.740
38.140
38.080
37.780
36.100
35.510
35.950
32.680
34.200
38.000
37.570
39.170
38.250
35.270
34.000
34.000
37.230
38.190
35.900
34.000
33.210
36.900
41.000
44.260
45.950
45.900
51.000
51.770
51.900
50.170
52.500
52.240
50.410
49.080
48.620
47.690
44.400
47.950
47.420
47.600
44.890
44.900
49.890
52.500
49.180
49.200
48.550
48.550
45.050
43.420
48.240
46.490
42.260
38.420
34.930
38.810
43.120
46.790
48.490
52.260
55.100
50.160
55.690
61.850
65.950
63.990
60.700
65.000
69.990
67.790
66.290
70.560
72.000
72.200
68.880
67.280
73.600
74.600
82.630
80.290
78.900
77.000
78.900
84.000
76.500
70.620
70.530
68.880
67.770
70.100
70.760
65.780
68.020
61.840
60.470
60.350
55.450
53.210
56.090
56.800
58.660
60.040
59.090
57.690
60.080
58.330
59.520
60.840
60.520
58.800
63.900
65.080
60.190
60.180
58.150
55.180
53.830
53.760
56.200
56.160
52.720
50.840
50.900
51.350
51.970
49.490
51.980
52.100
52.990
52.050
52.880
48.900
45.600
45.500
44.080
43.020
44.090
44.930
44.430
44.800
45.900
44.760
44.250
45.430
43.940
43.360
42.950
43.980
43.980
43.870
43.530
42.900
42.240
41.930
41.350
41.950
43.830
44.530
45.200
44.080
44.020
44.960
45.500
45.630
46.280
46.030
47.450
46.700
47.140
45.140
43.830
43.300
43.650
44.240
40.220
41.880
42.560
43.030
44.500
42.970
43.890
42.470
42.390
44.330
44.230
44.510
42.470
41.380
44.600
47.780
48.550
50.310
51.840
51.100
51.530
50.700
49.560
52.240
54.160
57.520
58.450
60.170
57.920
57.410
58.450
56.990
56.370
60.310
61.380
63.540
61.030
62.520
62.140
69.000
72.090
65.540
59.580
54.160
49.240
44.760
40.690
36.990
33.630
30.570
27.790
