25.750
22.510
21.510
21.330
21.550
20.920
21.280
21.400
20.990
21.300
22.030
22.290
22.430
23.000
24.240
23.400
23.550
22.680
23.050
23.430
23.370
22.680
22.540
22.490
19.240
20.440
21.600
21.180
21.400
18.610
19.830
20.550
21.200
21.000
21.950
21.000
19.300
19.200
19.200
19.800
19.620
20.450
21.360
21.500
21.400
21.410
20.900
20.990
23.110
28.430
28.600
28.940
28.360
28.550
28.570
29.730
29.870
29.460
30.150
30.720
30.770
30.900
31.600
30.950
30.850
31.040
31.720
31.660
31.600
30.980
30.980
30.320
29.860
29.750
30.370
31.000
29.800
29.890
29.900
29.700
29.970
29.720
29.600
30.220
29.260
29.890
28.770
29.350
29.730
29.580
29.280
29.730
28.800
28.380
28.450
28.860
28.500
30.000
30.000
30.350
29.500
30.120
29.980
29.700
29.980
30.570
32.240
32.000
32.620
32.050
32.160
32.480
33.250
33.390
33.350
33.500
33.730
34.600
34.260
34.150
34.350
34.160
34.260
34.120
34.250
33.150
32.420
33.700
33.800
33.390
32.900
33.250
34.240
33.510
32.700
33.150
34.000
35.070
38.950
38.990
38.200
38.640
39.450
40.090
38.810
38.750
38.750
40.000
39.400
39.670
41.350
40.850
40.690
41.020
42.000
41.110
42.100
45.500
43.500
42.060
39.560
38.700
39.690
37.500
83.500
82.420
80.200
81.000
76.250
74.990
80.520
89.900
89.000
90.180
91.500
87.310
87.000
77.250
76.520
79.850
75.980
78.820
79.950
77.000
70.900
70.520
73.000
73.000
70.780
70.550
70.500
74.770
73.300
79.600
82.800
83.210
82.000
74.850
73.900
74.330
75.000
74.560
73.000
71.750
75.110
84.130
84.160
87.060
88.310
88.000
87.600
90.000
90.150
90.970
90.130
86.250
84.750
83.900
86.000
77.890
80.560
82.000
78.500
82.000
76.310
76.000
76.800
74.300
68.000
70.990
72.000
66.800
60.810
64.300
64.000
63.000
61.000
66.600
68.770
66.790
63.800
71.780
76.330
83.000
88.650
89.420
89.530
91.510
92.860
90.010
78.730
74.000
80.010
71.680
68.000
67.000
70.600
66.730
73.200
75.100
82.490
83.500
77.000
79.300
76.060
71.150
64.700
74.000
66.300
74.480
73.900
80.000
91.000
92.000
92.220
90.220
106.000
111.000
113.470
116.690
122.000
120.500
114.300
123.000
109.200
104.500
108.000
102.500
98.930
99.000
100.800
99.690
102.500
97.900
96.200
92.700
95.600
91.010
93.390
105.610
97.110
94.890
98.500
98.070
91.580
93.570
95.010
90.980
95.390
100.000
91.990
109.000
110.810
103.000
100.010
97.000
87.330
88.540
87.500
88.010
83.000
79.760
76.410
77.900
69.310
68.000
61.580
59.000
64.020
62.900
62.870
64.000
58.600
56.750
55.090
53.600
51.290
50.600
50.570
51.020
49.400
45.990
49.290
49.420
47.960
49.250
46.000
45.250
42.880
39.500
39.100
45.500
44.300
45.000
42.600
38.100
37.420
36.000
41.990
46.790
46.600
44.800
44.270
40.200
46.550
52.200
56.000
55.000
62.000
65.430
67.990
66.800
69.020
69.900
67.500
63.010
64.030
64.000
62.000
65.800
66.370
69.500
67.950
65.010
75.000
80.500
71.940
67.500
63.450
60.000
57.280
50.900
61.000
62.820
57.110
51.920
42.200
42.910
47.700
54.290
49.310
54.790
49.810
45.280
41.160
37.420
34.020
30.930
28.120
25.560
23.240
21.130
19.210
17.460
14.540
