25.650
25.490
25.880
25.480
24.900
24.560
24.880
24.750
24.180
23.820
24.700
24.230
24.480
24.320
24.490
24.530
24.520
24.000
24.500
24.290
24.280
23.720
24.150
24.010
24.720
25.370
25.250
25.300
25.380
25.070
25.500
25.600
25.400
25.680
26.010
26.190
25.810
25.530
25.490
25.800
24.900
24.790
23.810
23.600
24.990
24.650
23.990
24.600
23.550
23.280
23.520
22.610
23.090
23.240
22.900
22.880
23.000
22.690
22.630
22.380
22.390
22.450
21.990
21.580
22.240
22.640
22.670
23.210
23.400
23.240
23.010
23.310
23.090
22.690
22.550
22.300
22.300
22.280
22.500
22.350
22.310
22.220
21.700
21.710
22.080
21.770
21.660
21.810
21.950
21.720
21.620
21.430
21.150
21.300
21.150
21.750
21.960
21.620
22.000
22.040
21.690
21.870
21.180
21.620
21.570
21.430
21.030
21.750
21.690
21.530
21.600
22.180
22.110
23.860
24.210
24.300
24.200
24.210
24.150
24.550
24.910
24.690
24.580
24.370
24.410
24.430
24.300
24.020
24.670
24.870
24.950
24.480
24.400
24.360
23.950
24.100
24.000
25.250
25.630
25.930
25.980
25.660
25.930
26.350
26.380
26.300
26.400
26.530
26.280
26.620
26.960
26.950
27.500
27.000
27.100
26.930
26.860
26.450
26.280
26.300
26.250
26.220
26.550
26.300
26.310
26.590
26.600
26.590
26.790
26.680
26.870
27.350
27.290
27.200
26.920
27.500
27.380
27.700
27.910
27.670
27.050
26.600
26.700
26.400
26.090
26.920
26.900
26.350
26.580
26.650
26.320
26.100
26.600
26.110
27.030
27.400
27.080
27.690
24.820
24.990
25.080
25.450
25.410
25.550
25.180
25.370
25.450
25.680
26.070
26.160
26.250
26.500
26.270
25.590
25.410
25.800
26.230
26.000
25.680
25.820
25.300
25.300
25.440
25.600
25.740
25.430
26.610
26.290
26.490
27.100
27.430
27.950
27.560
27.650
28.180
28.010
27.450
27.250
27.770
27.830
27.800
27.480
27.690
26.600
27.150
27.060
27.370
26.120
25.380
25.800
26.010
25.800
26.780
26.500
25.490
25.970
25.160
24.990
27.000
29.790
89.600
90.980
89.320
80.500
77.500
73.970
79.000
81.310
81.000
81.000
81.400
80.340
77.890
78.250
82.850
82.800
81.100
80.790
80.150
84.280
86.080
86.200
92.900
87.720
87.880
84.700
84.700
86.050
88.490
87.820
85.900
82.660
84.480
90.050
89.900
91.500
92.900
91.830
91.020
94.890
93.860
93.400
96.750
92.550
91.000
87.990
87.990
81.600
83.000
85.800
86.520
84.500
83.000
82.680
81.300
77.000
72.910
75.800
75.820
75.000
71.460
71.480
70.670
71.260
71.440
74.000
75.700
71.350
71.000
77.920
79.170
86.790
88.010
90.890
91.770
90.000
90.400
87.000
83.900
80.000
84.790
82.300
80.010
77.680
79.990
77.100
80.580
81.100
88.000
90.490
86.990
89.000
88.510
86.000
81.500
86.000
80.060
87.810
86.000
92.000
98.000
103.000
105.000
100.180
115.630
116.290
117.800
116.000
119.580
124.000
127.860
114.200
112.890
110.020
114.250
112.000
109.000
109.800
105.080
105.150
108.200
112.400
111.500
113.560
114.990
110.010
113.000
126.000
117.600
116.110
120.970
120.000
111.000
113.200
115.200
106.140
104.680
110.990
105.000
120.000
121.250
110.000
111.210
106.510
103.210
105.500
101.690
102.900
97.500
99.100
96.010
100.000
89.120
91.000
86.330
81.220
87.860
86.610
89.000
90.500
85.110
84.860
84.800
82.000
81.280
84.500
81.400
82.100
82.250
79.000
83.980
85.480
85.000
87.890
79.000
75.410
74.480
68.850
66.600
76.500
75.300
75.100
74.000
64.880
69.000
62.000
68.000
75.050
75.500
72.300
67.990
66.910
78.000
84.010
86.070
82.000
96.730
98.000
100.800
98.110
102.780
104.350
101.040
96.000
92.500
91.200
85.990
91.490
94.880
98.020
102.000
90.800
101.820
112.000
101.200
96.300
96.000
88.000
82.260
72.700
86.800
84.210
76.550
69.590
57.550
57.510
67.890
78.430
71.000
77.400
85.000
82.770
95.000
101.000
109.200
111.400
109.000
111.140
127.800
130.010
131.000
126.390
114.900
104.450
94.950
86.320
78.470
71.340
64.850
58.950
53.590
48.720
44.290
33.550
