-0.180
0.040
0.130
0.060
0.110
-0.100
-0.310
0.440
0.020
0.160
-0.340
-0.170
-0.200
0.020
-0.540
1.050
0.530
0.470
-0.170
0.050
-0.090
0.190
0.310
0.200
0.370
-0.510
0.090
-0.230
0.000
0.020
-0.820
-0.400
-0.030
-0.130
-0.020
0.350
0.020
-0.480
-1.200
-0.170
-0.770
-1.440
-0.180
0.000
0.120
-0.290
-0.100
-0.100
-0.220
0.130
-0.030
-0.180
0.150
0.030
-0.340
-0.480
0.810
0.280
-0.230
-0.270
0.410
0.130
-0.230
0.300
-0.120
-0.170
0.370
0.290
-0.430
-0.090
-0.280
-0.070
0.060
-0.260
0.260
0.180
-0.160
0.160
0.020
0.000
-0.110
0.390
-0.250
0.030
0.320
-0.040
-0.270
0.690
-1.130
-1.290
-0.750
-0.790
-0.480
0.360
-0.130
0.340
-0.020
-0.070
0.950
-0.090
-0.240
-0.100
0.270
-0.820
-0.140
0.340
0.030
-0.460
0.330
0.140
-0.050
-0.520
-1.930
-0.200
-0.930
-0.560
-0.380
0.920
0.810
-0.140
0.040
-0.650
0.140
-0.250
-0.760
-0.470
0.050
0.310
-0.140
-0.760
-1.130
-0.100
-0.750
0.740
0.910
-1.120
0.090
-0.410
-2.140
1.800
0.880
1.910
-1.200
0.660
-0.350
4.020
-2.220
3.670
6.210
1.170
-0.970
0.590
0.390
-1.520
-0.250
3.630
0.350
0.080
-0.950
1.920
-4.350
1.880
-1.480
-0.990
0.530
-2.740
1.260
-0.380
-2.960
-2.220
-1.830
1.160
-0.980
-2.150
1.890
0.590
2.490
-7.290
3.760
-0.360
2.940
2.830
6.000
-0.270
-0.280
0.220
3.310
-1.650
0.320
0.500
0.550
2.450
-1.790
-0.530
-2.230
-5.130
0.210
0.260
-0.910
-3.890
0.000
0.340
-2.100
-5.750
1.050
6.850
-3.050
-4.950
-2.100
-0.400
1.060
-2.030
7.270
-2.440
6.830
-2.140
-2.880
4.310
-1.330
2.370
4.820
5.750
0.180
-0.620
5.260
4.790
-0.910
0.610
3.580
4.050
-4.330
-0.450
2.590
-0.220
-4.770
-0.290
-5.200
-2.170
-4.030
1.030
-0.240
0.050
0.950
3.500
-1.080
-1.390
1.970
0.480
4.920
-1.900
3.540
-4.730
-3.600
-6.210
-1.050
-0.640
-2.810
-1.600
6.120
0.970
-6.790
-0.230
-7.570
-2.400
-8.200
4.800
-9.060
8.230
3.880
-8.560
-2.890
3.900
0.950
-4.750
-1.420
1.460
-4.440
1.970
-1.640
-3.380
4.450
0.600
-1.480
2.880
-7.800
-0.420
-6.580
-0.940
9.690
2.580
7.670
-2.330
-9.850
8.980
-4.950
-2.750
1.490
8.730
3.980
-2.150
5.010
-2.960
-4.200
-5.460
-10.340
3.510
9.080
0.070
4.030
4.040
-3.830
5.100
-0.590
5.120
6.990
1.110
-3.150
6.540
-1.680
0.060
2.590
-7.160
2.070
-1.470
6.120
2.430
-1.580
1.730
5.660
5.150
4.680
1.300
-2.530
1.240
4.370
-0.250
-0.500
-0.580
0.530
3.800
3.700
1.810
3.200
-3.320
-3.920
1.040
-1.710
2.030
3.000
1.430
-3.170
-4.070
-4.520
3.720
1.760
-0.200
-4.430
-4.930
-4.720
-4.320
1.530
-6.310
-3.900
-1.060
0.380
-4.710
-1.110
4.940
4.850
-3.170
-2.320
6.290
-6.990
-3.080
-8.020
1.600
-8.820
-9.800
3.520
8.510
2.890
7.170
6.900
2.600
-7.380
-8.200
1.150
7.350
6.680
6.080
-6.750
-7.500
-4.320
-6.180
-9.500
3.700
8.300
-6.190
-9.910
9.010
8.190
7.450
6.770
6.150
5.590
5.090
4.620
4.200
3.820
3.470
3.160
2.870
2.610
2.370
2.160
1.960
1.780
1.620
4.950
