11.000
11.110
11.020
11.190
11.110
11.190
11.310
11.760
11.150
22.500
22.690
23.190
23.530
23.490
23.690
23.420
22.840
23.020
22.360
23.380
23.100
22.490
21.700
21.470
21.350
21.100
22.190
22.090
21.890
21.880
21.670
22.510
23.580
23.690
23.910
23.520
22.290
22.850
22.390
22.700
23.470
24.580
25.850
25.750
25.380
25.730
25.630
25.500
25.260
24.990
25.030
25.840
26.920
26.200
25.010
25.960
27.230
27.800
27.300
29.200
29.150
28.390
26.690
26.870
25.740
25.590
26.520
26.990
26.830
27.250
27.730
27.730
28.110
27.980
27.640
28.630
28.350
28.150
28.100
27.900
27.630
27.840
28.390
28.400
28.280
27.890
28.250
27.740
27.540
27.400
27.280
27.230
26.940
26.650
26.620
26.520
26.700
27.000
27.280
26.880
27.050
26.900
26.530
26.460
25.720
26.250
25.980
25.860
26.460
25.680
25.220
25.550
25.960
25.640
26.570
27.900
30.360
30.770
31.000
30.560
30.670
30.970
30.640
30.380
30.700
31.150
31.180
30.900
30.830
30.880
31.010
31.130
30.320
31.260
30.830
31.700
31.000
30.970
30.890
32.150
32.800
32.600
33.460
33.890
33.420
34.160
34.350
34.390
33.500
33.260
33.910
33.720
33.380
33.600
33.100
32.520
32.970
32.920
32.420
32.510
32.400
32.200
33.250
32.940
33.410
33.300
33.250
33.830
34.200
34.700
34.260
34.820
35.300
33.080
33.780
34.060
33.070
32.860
32.830
33.570
34.600
34.870
34.860
35.590
36.390
35.530
34.770
35.680
35.000
33.840
34.890
34.950
34.280
32.840
32.740
33.220
33.220
33.300
34.600
32.300
30.940
31.450
31.800
31.350
31.160
30.920
31.160
30.870
30.780
30.300
30.440
29.400
29.680
29.600
29.390
29.680
29.450
31.150
30.470
30.800
31.850
31.890
32.210
31.640
31.900
32.370
32.510
32.230
31.880
32.300
31.810
32.300
32.720
31.460
30.920
31.660
31.350
30.410
30.150
29.340
29.710
29.820
29.730
30.450
29.980
29.820
30.650
29.450
29.450
32.720
32.440
32.630
33.390
32.800
32.800
32.400
31.520
33.110
31.950
32.180
29.250
29.290
28.760
28.750
28.900
30.200
29.320
29.690
29.500
29.450
29.930
30.050
31.250
32.970
33.140
33.960
33.590
33.540
30.490
31.480
31.080
30.560
30.550
30.990
33.770
33.990
35.590
35.280
36.200
35.040
31.850
31.870
28.970
28.200
29.530
30.220
29.340
28.400
29.790
28.440
30.260
29.950
33.280
34.120
37.900
37.200
40.120
44.580
44.950
45.350
45.100
46.550
45.430
45.200
45.420
45.700
44.980
46.050
44.990
40.900
40.600
40.000
39.160
39.400
40.930
42.300
41.860
42.410
41.780
44.500
43.200
43.000
45.640
47.750
48.100
46.500
46.530
43.220
41.770
45.070
44.890
44.280
48.710
47.350
45.190
44.600
41.870
39.280
40.900
38.570
38.750
38.610
40.400
37.960
90.490
87.140
88.090
80.080
75.770
81.800
80.000
80.000
78.000
72.900
73.500
74.210
71.130
70.530
66.160
65.280
67.100
69.550
65.000
67.210
64.080
62.380
59.560
55.850
55.430
56.000
51.150
52.380
58.200
57.800
56.910
53.700
49.880
49.840
55.380
61.530
68.370
70.000
67.050
74.000
76.500
76.610
73.500
74.760
77.900
76.610
73.700
67.000
65.100
59.180
65.210
68.060
74.400
71.100
71.190
79.100
83.880
77.940
74.330
67.570
66.220
60.200
56.120
51.020
46.380
51.530
57.260
52.050
57.600
62.800
66.090
65.770
73.080
81.200
86.810
84.950
80.190
89.100
81.600
74.180
67.440
61.560
58.140
57.400
55.780
53.760
53.640
55.170
54.930
59.150
58.850
54.550
53.960
54.810
52.270
51.450
51.450
50.210
48.760
51.680
52.490
56.830
51.660
46.960
42.690
38.810
35.280
32.070
29.150
26.500
26.500
24.090
21.900
