52354.26
8038.07
7811.85
9646.46
16009.02
8553.00
3567.42
5476.05
10166.52
8309.51
12381.51
22987.25
14539.45
6723.00
6303.17
8230.24
15435.25
21226.69
5028.76
9452.25
9934.25
15018.41
4742.00
10734.82
9283.22
16991.20
5512.00
8275.99
8217.09
6917.00
9323.95
13825.50
8511.17
12022.62
48562.73
24733.97
7097.00
7144.18
9046.37
10864.11
12132.56
35474.44
20428.88
31977.25
16215.50
17241.10
22882.57
26083.38
16355.94
17423.66
19906.92
25712.36
43649.31
32406.58
33063.90
55961.88
26101.26
20698.69
23653.37
32552.37
49524.35
33819.20
55386.65
40728.73
15606.92
18137.43
22992.06
14484.20
16112.13
14128.85
22426.38
33982.89
63643.87
17625.33
21125.18
24064.30
21756.53
22794.15
46661.73
32927.01
23392.28
39302.02
48817.13
45255.13
45835.32
17817.19
16176.36
12985.64
16226.90
21138.87
24002.26
14964.81
21609.97
12124.88
12954.84
10603.28
12808.47
10372.06
15043.99
19413.32
25209.99
26558.01
22934.97
24308.78
18562.13
4.00
13807.75
22974.57
18612.19
13400.59
26001.19
19559.88
19170.66
26225.68
22879.19
13155.09
9983.26
10295.16
11165.27
10337.40
12334.71
21467.40
47227.52
29250.51
19943.54
12754.96
8689.13
14023.92
10374.52
12221.14
18866.40
10136.07
8908.47
8791.85
13532.68
12586.42
12385.49
20027.44
36524.14
39026.17
16523.03
13190.08
10388.16
16571.26
20600.95
15406.99
14903.61
17388.06
17323.72
22464.33
20027.24
25726.53
31829.87
20186.78
19298.83
21885.52
34296.24
23748.77
39397.12
32371.87
24920.39
41191.57
17341.96
25598.19
22244.16
53456.62
41784.38
41906.12
38028.08
27574.60
32032.65
54948.47
29215.32
32707.31
31252.13
32814.15
28448.51
44875.14
51304.85
22280.26
23528.57
36281.93
43697.50
28569.88
22078.65
43801.88
54208.66
36522.05
37220.16
54340.55
81128.89
44099.43
54191.32
98074.35
62539.03
95300.85
33964.14
85359.01
61327.93
23445.00
36888.23
36208.58
21869.68
15929.91
26808.51
25250.61
29514.04
27764.35
28208.17
60839.63
27456.10
58412.59
38768.74
43348.35
40429.65
43515.27
38352.06
32904.89
25799.76
23752.43
33916.50
54628.02
31628.84
40142.65
35220.07
51350.32
47626.02
59028.53
66541.71
78967.72
78951.44
43428.24
44864.25
47096.70
63918.10
72109.35
95015.28
48598.80
76151.67
84561.88
80909.65
105312.44
180410.17
188741.33
86366.81
158504.56
141607.06
65786.67
104932.32
102448.34
148056.34
99214.39
128767.33
232895.23
188777.12
128894.26
191272.70
84761.87
100576.94
122797.36
205785.25
93524.19
58728.37
61248.75
79636.11
118700.62
105395.50
59890.78
76167.87
97445.53
113299.43
170542.47
42494.59
34327.90
35711.04
27011.95
32179.09
26037.22
20612.14
20973.97
21404.84
19657.04
36374.40
48987.20
35157.29
37860.36
39214.14
25181.81
33317.36
29855.08
28106.20
41796.89
35035.88
43857.10
77329.37
46105.96
37467.15
51657.79
75126.42
64404.66
37463.24
49536.56
41347.10
58091.91
78803.59
50479.58
44191.14
60436.68
48158.15
43694.48
58306.02
58062.13
109719.05
78864.58
63541.64
73888.33
72930.09
52390.36
32099.89
44031.57
68068.68
52069.93
21171.68
25102.32
36273.25
31956.41
35388.94
37366.80
35502.91
32726.85
41703.49
47060.06
61862.32
53763.57
44619.35
47342.70
40326.57
49959.14
61473.08
43352.69
27560.70
31254.19
40346.53
32675.87
31211.45
31385.55
35189.12
35386.24
47732.90
50415.32
33684.08
45862.27
52126.22
68106.48
53769.85
41927.60
46944.43
52398.62
41946.70
49752.97
48438.23
60816.30
14209.52
66091.57
84912.90
59721.78
94453.81
148126.78
120428.83
67129.16
43803.49
41955.68
51198.79
41302.63
46906.26
69185.62
86398.69
53921.95
65222.99
42845.67
51744.87
69222.02
66908.12
86680.59
128140.98
75293.13
67929.20
72771.69
101517.45
123878.35
125340.89
134412.11
150314.12
154810.69
94756.66
110243.53
123160.84
131904.23
144789.09
115753.45
198585.59
197755.41
193375.16
167589.81
227554.06
208733.77
223770.19
221628.00
196993.28
94126.43
61055.12
78703.58
116956.99
94898.82
121159.65
94013.72
90584.02
114505.68
92491.49
100457.33
126011.16
121452.57
120368.25
96116.65
119488.48
75472.44
82278.46
1151.00
54641.10
77028.89
114209.99
143707.77
211382.34
48469.43
64164.06
36469.44
35363.68
38142.14
27359.14
23900.49
27438.36
23290.43
30644.36
42291.65
30272.24
24850.84
29018.96
26210.55
29241.52
48730.35
35338.06
46308.96
28909.28
19625.52
31146.58
29304.14
49062.06
46796.85
58033.95
47787.63
56155.85
77099.76
140283.44
61125.66
59568.50
35267.12
62621.49
45879.62
43547.42
47994.14
66588.55
64504.23
60019.48
56007.58
91552.21
66508.16
83689.30
77068.04
52860.02
47445.29
59979.48
40185.24
98073.31
43508.60
19030.50
38778.17
44937.19
16304.00
52648.03
45874.29
38439.40
52864.70
51818.25
48184.12
43135.67
35087.71
44950.09
40081.13
37321.29
48410.45
46968.01
58165.28
65978.71
82768.48
91855.54
87833.49
56671.58
80996.03
87062.99
87310.65
92986.32
114617.48
86169.65
165460.84
16171.00
20101.33
9969.33
76552.02
103182.07
94441.68
104522.99
127067.24
10533.93
59254.98
65031.88
108684.36
140587.23
11352.21
159869.97
107003.98
70872.42
2402.00
588.00
268.00
230.00
164.00
109.00
63.00
253.00
