12.360
12.310
12.140
11.900
11.780
12.020
12.220
12.550
12.360
12.390
11.500
11.200
10.910
10.930
11.000
11.010
11.010
10.850
10.850
10.710
10.860
10.960
10.910
10.580
10.710
10.850
10.920
11.060
11.100
11.310
11.040
11.240
11.040
10.970
11.220
10.850
10.970
11.140
11.330
11.550
11.530
11.310
10.880
11.240
11.790
11.700
11.840
11.780
11.770
11.900
11.700
11.980
12.310
11.920
11.720
12.300
12.590
12.790
12.760
12.500
12.380
13.160
13.750
13.740
13.710
13.710
13.890
14.210
14.120
13.800
13.720
13.800
14.010
13.750
14.160
14.250
14.520
14.660
14.470
14.510
14.320
14.420
14.390
14.520
14.160
14.220
14.490
14.640
14.240
14.380
15.020
15.050
14.930
15.410
15.260
16.550
16.510
17.080
17.150
17.000
17.040
14.510
15.490
16.520
16.610
16.200
16.050
15.280
15.030
14.700
14.710
14.390
14.350
14.170
14.200
14.300
14.450
14.400
14.000
14.150
14.900
14.890
15.130
15.480
15.880
14.600
13.710
14.120
14.180
14.440
14.920
45.610
46.300
46.330
44.820
47.600
48.600
51.580
51.180
48.690
47.080
47.010
47.610
43.200
40.620
39.350
35.300
33.620
35.220
34.800
33.700
33.000
33.820
29.750
29.030
28.880
27.500
28.610
28.500
30.020
33.100
32.210
32.810
34.750
34.100
33.510
33.400
32.080
32.750
31.440
30.800
32.510
30.550
29.400
29.400
29.510
29.000
29.500
29.230
29.550
28.550
27.750
27.200
29.380
29.130
27.890
27.110
27.350
27.300
26.520
26.260
26.880
29.600
29.000
29.610
29.400
28.510
28.550
27.500
26.180
26.900
26.150
26.850
27.320
27.900
26.500
27.290
26.820
29.700
26.950
26.600
26.000
27.560
29.200
29.700
32.940
35.440
33.800
33.020
33.200
31.890
33.520
34.000
34.710
34.000
36.680
38.000
35.800
35.000
36.300
35.900
36.580
36.020
38.510
37.010
36.010
35.400
35.610
36.100
36.840
34.220
31.120
31.350
29.670
28.080
26.750
26.600
26.050
27.230
27.600
25.670
27.570
28.670
29.110
25.990
26.960
24.800
27.500
28.650
31.010
29.120
25.440
24.280
21.890
20.940
19.200
18.000
19.650
19.240
18.700
18.510
18.150
16.550
16.460
17.660
19.620
21.430
21.320
22.460
22.100
20.900
21.000
20.030
20.050
22.280
24.760
22.510
20.460
16.310
16.710
16.450
13.410
13.150
32.680
35.640
39.520
38.100
35.110
32.000
34.170
37.970
42.020
45.600
45.600
46.880
50.000
50.500
48.010
49.400
46.600
48.190
51.100
53.500
48.440
45.380
48.000
51.110
46.460
44.070
40.060
36.420
33.210
36.900
38.180
35.100
35.000
38.010
37.000
34.800
34.680
38.100
41.010
38.880
40.990
45.540
48.360
53.730
59.700
60.400
60.000
46.000
46.690
51.880
47.160
42.870
38.970
35.430
32.210
29.280
26.620
24.200
22.000
20.000
18.180
16.530
15.030
13.660
12.420
10.350
