27.570
27.320
27.630
27.090
27.300
27.190
27.220
29.200
30.660
34.070
37.880
36.760
36.660
35.790
36.050
34.750
34.550
34.500
34.850
35.190
33.950
33.060
33.650
33.150
33.450
33.950
33.640
33.130
33.230
32.060
32.780
32.760
33.300
34.040
34.100
33.600
33.990
34.200
33.600
33.030
32.100
32.300
32.160
31.940
32.010
31.370
30.880
31.480
31.750
31.080
33.200
33.900
34.690
35.550
35.800
35.600
36.470
36.670
36.590
35.000
35.000
35.100
35.000
35.060
34.500
35.340
35.730
35.450
35.100
35.020
34.370
34.200
35.340
38.010
38.990
40.380
40.890
38.200
37.400
37.850
40.060
40.100
39.880
41.240
41.300
40.820
40.420
40.940
40.140
38.700
38.040
38.550
39.080
39.470
39.010
38.950
37.850
38.000
37.050
37.660
37.110
35.650
35.000
35.460
35.540
36.330
35.790
35.410
35.500
35.540
35.780
35.520
35.530
35.900
34.800
34.600
33.690
32.550
32.390
31.690
31.170
32.000
33.950
36.400
35.660
34.680
47.380
46.920
46.700
46.150
45.900
43.360
43.840
44.750
42.250
41.200
41.780
41.430
40.400
39.000
41.540
42.400
40.530
38.300
41.150
42.030
46.700
48.040
47.830
46.230
46.010
46.410
46.400
44.600
44.190
43.400
41.920
42.280
40.280
40.350
38.800
42.700
43.500
47.080
46.700
45.300
47.720
45.720
44.200
41.900
44.890
42.610
45.300
44.350
49.200
49.070
54.520
52.200
52.380
58.200
62.590
63.100
62.800
67.000
68.680
66.050
65.670
65.390
64.390
66.510
63.150
62.330
63.500
60.850
62.180
65.440
71.580
66.180
66.600
65.790
59.810
59.280
61.890
57.300
59.110
59.670
60.690
55.170
58.900
58.450
54.300
58.100
61.010
59.810
66.450
60.410
54.920
52.880
50.800
48.520
48.550
46.720
45.780
44.300
43.980
43.300
43.310
43.890
44.420
43.500
42.300
47.000
46.300
45.500
43.950
41.690
42.970
41.760
38.070
37.540
35.820
35.810
35.150
36.580
34.490
36.930
38.220
37.970
37.400
34.100
32.030
33.370
30.340
33.710
37.450
37.000
38.600
36.280
32.980
31.700
34.920
38.800
41.000
39.000
36.500
33.430
36.380
40.420
42.900
44.970
43.610
48.020
51.890
52.440
51.930
56.400
54.260
52.880
54.390
60.430
54.940
52.120
48.500
47.300
49.940
45.400
46.350
51.500
53.480
48.620
45.360
42.000
42.150
39.000
40.580
45.090
40.990
37.260
33.870
30.790
34.210
38.010
38.240
42.490
47.210
46.190
42.000
42.500
38.640
35.130
31.940
29.040
26.400
24.000
21.820
19.840
18.040
16.400
