20.200
19.490
19.390
19.420
19.900
19.660
19.490
19.580
19.320
19.000
20.000
20.330
20.000
19.880
20.010
19.600
18.040
17.160
17.300
17.300
16.760
16.310
16.340
16.210
15.900
16.690
16.790
16.200
15.880
15.300
16.800
18.010
17.850
18.200
18.600
17.810
17.950
17.590
17.460
17.800
17.290
18.480
18.860
19.060
18.820
18.360
18.520
18.580
18.150
18.260
19.490
19.290
20.150
19.870
20.970
22.540
23.820
23.300
24.450
23.610
24.590
25.000
25.270
24.730
24.580
25.900
26.430
27.060
26.080
26.750
26.740
27.330
26.820
27.100
27.090
26.900
27.510
27.400
28.240
29.060
27.920
27.100
27.220
26.510
26.640
27.130
28.060
28.070
27.010
26.990
27.190
27.260
27.040
28.010
28.760
27.970
28.810
29.710
29.400
31.030
31.680
31.000
30.980
31.000
30.000
29.760
28.880
29.250
28.610
28.900
28.570
31.000
31.900
28.620
30.900
33.300
33.000
38.500
35.190
29.030
32.500
31.500
29.370
24.310
27.920
24.700
24.800
23.700
23.000
25.500
29.100
24.910
23.610
23.740
22.980
22.000
22.180
22.210
25.080
25.190
24.910
24.300
24.000
23.800
25.040
25.000
24.700
25.500
26.000
27.650
29.600
34.840
32.500
33.000
34.200
33.000
33.100
32.000
31.500
33.490
30.080
27.000
25.880
24.500
21.380
21.140
20.930
20.500
20.400
19.960
20.050
20.090
19.950
19.050
18.420
18.120
18.310
18.470
18.910
18.460
18.550
18.200
18.200
18.080
18.400
17.810
17.900
18.180
18.000
17.430
17.300
17.100
16.980
17.120
17.490
18.270
18.450
18.010
18.000
18.450
18.670
18.130
16.480
16.380
16.220
16.300
16.410
16.500
15.750
15.450
16.550
16.600
15.970
15.790
16.170
16.950
16.780
17.760
19.250
18.600
19.100
18.000
18.010
18.440
18.310
18.000
17.660
17.570
17.570
19.190
18.710
19.290
19.480
19.550
18.380
18.810
18.240
18.170
18.780
18.300
17.900
17.180
17.700
17.150
17.900
18.650
18.300
18.800
18.770
18.460
18.780
17.660
17.010
18.280
17.850
17.710
17.140
18.120
18.610
18.350
17.800
18.660
19.000
18.140
17.200
17.040
16.540
18.010
17.560
17.800
17.550
16.850
17.360
17.380
17.070
14.750
15.220
14.780
14.480
14.090
14.190
13.360
14.050
14.070
15.190
15.370
15.030
15.180
15.300
14.770
14.200
14.940
14.100
15.390
15.350
16.050
17.520
18.300
18.100
17.000
20.380
20.830
20.490
20.010
21.200
21.090
20.600
21.740
22.000
21.480
21.800
21.800
20.660
20.060
19.850
20.690
21.150
20.700
21.590
19.150
18.580
18.240
19.140
20.660
18.410
19.910
19.980
19.500
19.000
19.160
19.410
18.990
19.180
20.240
19.010
20.370
19.580
18.990
19.380
20.800
17.900
17.200
16.610
16.200
15.760
16.380
16.260
15.800
16.000
15.990
15.150
14.610
16.180
15.410
15.670
15.800
15.210
15.500
15.000
14.680
14.460
14.400
14.040
14.050
13.740
13.750
14.300
13.950
13.800
13.750
12.900
12.900
12.880
12.000
12.200
14.300
14.000
14.210
13.900
12.600
12.550
12.000
13.990
14.480
13.850
13.400
13.230
13.370
15.500
17.550
18.660
17.600
20.740
19.880
19.370
19.040
19.160
18.800
18.440
18.090
17.590
18.380
17.380
18.880
17.000
17.590
16.380
15.150
17.300
18.200
17.350
17.580
17.330
17.020
16.200
15.220
16.000
17.000
16.490
14.000
11.430
11.810
13.780
17.580
17.200
19.160
21.300
19.920
20.990
21.280
24.240
23.700
23.040
25.000
28.500
29.000
27.010
28.070
25.520
21.280
19.860
19.180
20.440
20.360
20.100
20.080
20.440
19.550
20.800
21.050
20.920
21.390
20.330
19.510
20.900
21.110
19.390
21.270
21.190
20.580
20.120
21.120
22.200
21.210
20.190
19.830
19.700
19.660
19.950
19.900
19.500
19.050
19.370
19.210
19.300
19.050
18.500
18.570
17.710
17.290
17.470
17.760
17.520
17.480
17.960
18.180
17.680
18.030
17.800
17.560
17.560
17.540
17.530
17.680
17.480
17.250
16.950
16.860
16.650
16.830
17.490
17.980
17.930
17.670
17.550
18.520
18.700
18.860
19.120
18.770
19.880
18.500
18.520
17.310
17.130
17.350
17.100
16.790
16.300
17.000
17.200
17.080
16.980
16.370
17.000
15.700
16.230
16.930
17.000
17.500
17.070
15.800
17.590
18.850
19.210
19.900
20.400
20.380
20.400
19.870
19.030
20.990
22.000
23.480
24.130
25.330
22.000
21.810
22.000
21.190
20.860
22.070
21.830
21.450
20.590
21.320
20.980
20.850
23.470
23.800
24.590
25.220
24.490
23.000
21.030
20.000
22.000
20.300
17.500
17.590
17.280
16.750
18.380
16.710
15.190
13.810
12.550
11.410
10.370
9.430
8.570
7.790
7.080
5.360
