89541.57
114163.07
87187.38
85118.60
147026.64
103161.63
99352.08
116006.21
149999.58
182051.02
183027.59
178778.41
269712.25
160981.17
179450.05
207471.81
289867.81
415020.25
269136.25
383260.44
253759.28
351894.41
256369.42
397181.44
382050.25
293399.47
307361.09
448076.16
397762.31
380981.28
85593.00
452157.09
308499.91
358654.62
287692.28
170793.69
81966.72
92957.65
99473.54
126150.37
127299.14
143731.31
211555.36
235006.58
285679.22
113086.23
88938.31
96537.04
89251.38
75961.23
61266.93
110414.54
161987.94
122011.50
125301.28
120664.23
131327.80
180604.41
184468.22
351406.47
377206.56
239020.08
58817.73
25829.12
15536.44
21507.00
20719.11
13760.65
17334.89
22489.12
25423.25
17014.10
22908.05
29699.31
34704.20
26597.23
14208.79
17450.35
21421.21
11407.27
14249.35
13058.95
17956.26
15762.61
13320.23
16628.40
38902.39
13086.50
17605.09
14350.09
15130.53
14040.16
15633.07
15589.00
13008.92
11007.25
11050.81
11035.51
13113.89
13951.49
11131.93
9516.05
10421.70
19431.94
10099.51
5.00
7714.25
11899.87
21395.16
32879.06
12423.57
10723.59
12729.88
17604.74
22289.51
11825.56
10637.84
18100.87
13405.26
19290.47
13437.30
8760.77
13966.24
15155.22
8446.40
14763.77
13098.00
16785.63
17469.03
14160.06
9619.00
13754.62
18513.75
13325.90
19744.04
30300.74
22203.37
20427.93
49865.86
13563.37
12961.56
17691.62
13790.33
16618.33
21725.55
20275.00
27493.44
26048.05
44766.94
46186.66
46139.49
41890.59
64894.22
64200.57
30656.07
45515.92
93407.73
74761.12
90347.95
167377.31
56466.05
29876.39
25001.66
22080.84
20550.84
33618.33
38374.81
7692.17
8332.68
12006.93
13276.62
20701.29
17836.75
16868.44
24588.61
35700.32
54261.80
22459.56
41271.31
9880.59
12609.96
20880.27
9705.41
11283.44
6762.26
8588.00
17346.00
16956.40
13063.01
12057.24
6398.43
12233.49
12345.83
26152.21
41045.96
39819.33
17831.05
21098.53
31110.60
22025.84
24146.43
26535.84
46384.94
13230.83
15735.09
31637.94
37755.88
13072.80
9611.23
11772.40
13627.51
13469.72
18632.50
16999.52
18448.28
6699.16
7760.80
7748.87
10919.21
9986.15
9866.42
8550.24
8371.34
11639.78
12780.97
9502.15
15181.48
30810.74
13765.00
18767.16
18210.66
21988.57
12497.62
23742.90
19396.49
17344.33
16738.69
18883.26
40411.04
26837.30
22156.08
35482.00
30056.45
33205.12
41186.81
53208.52
71226.15
49171.40
56407.25
98681.23
106310.03
41954.80
43227.66
89908.42
53693.36
51461.19
73792.76
124455.30
97099.64
55101.72
37627.88
44641.33
28732.15
41082.91
22186.78
31338.78
26336.84
21134.32
24209.47
20219.90
31455.11
16133.17
6634.28
5628.28
5626.60
8247.20
7389.17
6376.78
5562.64
6268.74
7913.31
6273.64
10868.70
18816.66
13560.30
17878.11
10669.16
7105.11
11165.12
10135.58
13186.00
16798.43
11138.19
16484.57
25126.93
14186.69
21943.24
27283.19
17699.06
26901.56
27865.24
43271.85
50327.86
91868.63
23091.18
26366.27
18691.05
19552.85
21032.34
18367.01
26981.29
22422.25
38319.14
25111.81
36425.33
50475.33
37370.82
25009.36
26435.74
40596.74
77532.87
38941.08
36245.11
7205.53
10425.95
7268.40
10463.60
12571.39
11433.03
12809.51
10443.92
16394.69
20528.92
12252.82
14054.29
20206.72
24003.13
36727.33
44657.03
14011.22
14485.05
17573.00
20796.04
25067.50
24689.89
23638.59
21951.88
21500.89
20539.89
29540.13
23827.34
23209.14
26314.04
29490.95
43209.25
41407.15
28076.97
23859.53
28436.75
24028.50
32053.90
22907.63
51942.22
27596.19
9057.28
30379.06
69301.44
7874.01
34826.39
31961.47
50984.22
25522.91
35672.83
18374.85
21677.55
34055.39
51312.01
54709.50
31750.83
52944.30
50165.67
41871.80
37483.67
23416.03
23751.05
26579.11
25491.47
42153.11
36905.05
38567.45
41878.20
54870.78
90469.03
83594.98
94039.83
33277.48
15576.56
16189.44
25919.09
22414.02
19150.32
22454.56
21046.39
17787.11
20887.11
18205.27
16288.03
20535.62
14577.01
7440.00
10496.94
8319.24
10564.58
9923.85
8369.90
12760.72
10935.51
15442.38
10844.41
12885.45
10053.13
14703.92
11240.32
11379.52
19980.78
25774.45
21618.59
29004.82
33993.43
20955.21
19101.38
23958.37
16704.74
15587.41
12398.36
25167.01
18253.90
45386.44
21297.33
23027.25
22634.05
14778.78
18224.82
17161.61
22286.38
14659.00
7281.80
8917.39
9190.42
9502.81
13589.69
24127.44
11535.19
13169.53
12780.25
10507.24
8989.44
10083.38
7925.98
316.00
8211.77
8780.60
8997.09
10025.40
8535.33
6706.28
7213.45
15485.65
11367.66
13584.07
17096.95
9599.02
9786.97
8162.78
11573.91
14497.15
12705.98
23481.05
20452.95
23061.41
24962.85
22323.47
17079.94
20081.42
15725.62
13850.26
19635.73
20500.44
24292.99
27135.28
44206.26
34272.87
40211.33
48832.02
42821.98
33223.32
48294.37
37008.42
43590.43
15008.45
51415.85
51756.21
52421.99
45522.41
51323.95
62840.16
53547.68
862.00
196.00
133.00
78.00
30.00
199.00
