1.390
0.570
0.080
-0.060
0.080
0.030
-0.580
-0.040
0.160
-0.310
-0.800
-0.260
-0.420
-0.700
1.510
0.980
0.260
0.660
-1.310
-0.650
-0.290
1.890
-0.540
-0.010
0.390
-2.900
-0.660
0.830
0.000
0.690
-1.630
-2.970
0.480
-3.310
-0.890
0.750
0.190
0.470
2.510
-0.400
2.310
-3.610
-2.010
-2.360
1.220
-0.530
-1.120
3.720
0.710
3.320
1.830
1.690
-1.280
1.010
-3.320
-6.520
8.660
2.370
-4.210
-8.750
-12.770
-4.280
3.910
-5.210
2.070
-14.580
4.810
1.400
-5.380
-5.850
-12.730
14.870
-3.110
7.500
0.610
2.080
-2.570
1.090
1.360
4.110
0.470
0.060
-0.920
2.010
-12.930
0.930
-3.470
2.970
-5.350
-0.350
3.890
1.940
13.490
9.090
-2.330
0.110
1.530
0.390
5.990
-7.100
-0.450
0.550
1.400
3.700
-2.870
-1.460
5.700
1.190
0.640
10.800
5.390
0.550
9.280
-4.950
2.910
8.620
-1.620
0.020
-0.200
-4.630
-4.030
0.180
3.910
-0.700
0.990
1.580
-0.430
0.690
-6.690
-0.140
-4.240
1.680
-2.370
-0.900
-2.300
5.410
-2.470
-11.380
10.350
9.410
8.550
7.780
7.070
6.430
5.840
5.310
4.830
4.390
3.990
3.630
3.300
3.000
2.720
2.480
2.250
6.880
