44.760
48.790
52.000
52.550
52.750
52.640
52.980
54.230
56.470
57.800
59.550
61.000
61.020
57.900
55.000
55.450
53.760
52.900
53.390
50.840
50.890
50.880
49.460
49.500
48.500
48.000
50.380
50.890
51.200
49.350
49.950
50.190
50.360
49.840
49.700
48.900
47.200
47.600
46.970
47.380
47.800
48.400
48.690
49.270
50.330
51.880
53.680
48.990
48.000
48.320
49.280
51.030
50.500
60.200
62.970
63.780
65.480
67.300
66.800
64.840
65.080
66.300
67.480
66.500
62.990
62.000
62.590
63.500
61.290
61.780
60.500
56.980
56.480
56.220
57.650
58.210
58.570
56.290
56.000
54.620
53.980
55.690
56.210
56.200
56.730
58.190
56.390
51.300
51.600
51.980
50.490
50.900
50.080
49.910
51.370
51.470
53.300
53.900
50.270
50.400
50.270
49.020
49.350
49.580
48.680
48.570
49.490
48.600
48.720
49.870
49.290
48.130
47.640
48.790
50.050
54.400
55.340
57.110
57.680
58.890
60.340
61.990
62.120
61.640
60.790
60.930
60.440
60.370
60.860
65.000
64.490
62.190
61.920
62.000
62.370
62.450
62.300
62.800
69.780
70.390
72.410
72.980
73.320
72.790
76.450
76.490
75.880
76.430
79.220
79.490
81.300
80.280
83.740
79.900
77.370
76.400
79.680
80.600
80.700
79.080
79.980
78.200
75.480
76.390
75.300
74.890
72.930
75.260
74.800
76.500
75.880
74.690
74.650
75.500
73.800
72.170
73.980
75.800
73.450
74.000
71.110
70.890
68.440
69.780
69.560
68.900
73.020
78.200
79.890
79.950
80.800
82.880
77.880
78.260
78.500
81.300
83.200
85.960
86.160
90.190
92.180
93.000
88.710
86.380
82.010
86.300
86.670
89.280
89.970
95.540
98.500
99.970
90.880
93.380
93.430
88.980
90.550
91.000
84.000
80.480
85.200
88.390
88.600
85.000
82.100
87.980
81.650
74.450
67.680
61.530
55.940
50.850
46.230
42.030
38.210
34.740
31.580
28.710
26.100
23.730
21.570
19.610
17.830
16.210
