14.220
14.600
13.750
13.800
13.810
18.530
17.190
17.590
17.420
17.350
17.750
17.760
18.100
17.910
19.170
18.430
17.270
16.450
16.420
16.770
17.390
16.990
16.690
17.060
16.890
17.800
19.430
18.690
18.660
18.830
19.650
20.880
21.360
21.790
21.950
20.350
20.550
20.700
20.480
20.730
20.110
21.480
21.880
22.110
22.250
21.800
21.720
22.450
21.100
19.860
19.790
20.770
21.290
20.980
21.650
22.650
25.170
25.250
25.910
26.370
27.300
29.750
29.770
29.200
32.070
33.010
30.970
32.070
32.950
33.130
34.800
35.790
34.930
34.620
32.310
29.370
27.760
27.170
24.790
25.420
26.200
27.550
26.660
26.580
26.390
24.280
24.320
23.340
23.400
24.680
23.810
22.600
24.300
23.570
25.800
27.880
28.620
26.020
23.650
24.480
22.360
20.330
18.480
16.800
15.270
15.270
13.880
12.620
11.470
10.430
9.480
8.620
7.840
7.130
6.480
5.890
5.350
4.860
4.420
