30.940
30.620
30.920
31.220
30.570
31.150
31.620
31.900
30.530
30.330
32.400
31.060
32.360
33.500
34.000
33.840
34.260
33.980
33.750
37.450
38.120
32.500
30.500
30.010
31.550
35.060
38.950
86.700
96.330
103.760
101.000
104.550
109.500
107.300
104.390
102.100
101.000
99.900
104.000
105.000
101.000
100.990
101.000
103.510
113.000
115.000
112.770
98.000
85.840
84.190
83.750
81.700
80.110
80.000
84.300
82.060
80.000
80.100
82.400
83.840
86.100
82.100
82.400
90.230
90.300
83.000
84.000
85.870
84.020
76.380
69.440
63.130
57.390
52.170
47.430
43.120
39.200
35.640
32.400
29.450
26.770
24.340
22.130
20.120
18.290
16.630
13.860
