23.350
23.150
22.700
22.700
22.510
22.500
22.380
22.900
22.660
22.480
23.100
23.440
23.670
23.500
23.880
24.160
23.390
23.200
23.120
23.500
23.500
23.210
22.290
22.440
22.000
23.090
23.900
23.430
22.880
22.850
24.440
26.770
27.480
27.460
27.570
27.480
26.800
27.270
27.750
27.880
26.160
24.850
25.280
25.620
25.750
25.800
25.690
25.660
25.380
24.940
25.850
26.350
26.680
26.550
26.440
26.950
28.840
29.110
29.480
29.670
31.790
33.330
33.500
33.150
32.880
33.450
36.900
38.000
38.780
39.200
38.270
38.280
37.660
36.970
37.880
38.300
36.880
37.060
36.660
36.930
37.150
37.960
36.810
36.110
34.980
35.900
36.390
36.180
37.370
34.360
32.870
32.750
32.600
33.990
34.760
34.000
34.990
34.560
33.690
33.940
34.280
34.760
32.500
32.600
31.460
28.190
31.450
30.680
31.560
31.980
31.880
31.500
31.260
32.000
31.800
32.780
33.700
35.160
36.500
36.680
38.280
40.180
40.380
40.700
40.020
41.800
41.670
43.800
41.110
39.580
40.760
40.100
40.540
41.790
43.310
43.750
46.680
51.350
48.000
43.640
39.670
36.060
32.780
29.800
27.090
24.630
22.390
20.350
18.500
16.820
15.290
13.900
12.640
