-0.590
0.240
-0.710
0.090
1.870
0.260
-0.940
0.260
1.220
-0.550
-0.150
-0.680
-1.040
0.370
-0.230
-0.220
0.180
2.040
-0.750
0.420
-0.930
0.610
-0.090
3.010
3.080
-1.100
-0.600
-0.040
0.200
-0.280
-2.000
-1.200
-0.250
-0.140
0.000
1.230
-0.290
-0.550
-0.470
-2.630
0.800
-0.370
-0.240
-0.760
0.880
-0.060
-0.890
3.220
0.320
0.410
-1.690
0.960
-0.090
0.440
-0.020
-1.720
-1.120
0.020
-0.990
0.100
-4.880
-0.850
0.020
0.370
0.590
-2.560
-3.340
0.740
-0.530
-0.790
2.530
-0.150
-0.260
-0.010
-1.780
1.660
0.440
-0.640
0.930
0.000
-0.990
-1.210
-0.160
1.520
-0.250
0.100
-1.050
-1.930
3.580
1.140
3.620
-0.250
0.290
0.420
-2.010
-0.780
0.590
-0.260
0.740
-0.010
1.100
-0.240
-2.450
0.590
-1.260
-0.020
1.520
1.970
-1.530
0.210
0.840
0.670
-2.700
2.770
-3.480
-2.510
-2.430
-3.440
-1.360
0.940
2.700
-0.430
1.230
-0.100
0.420
-0.390
-1.350
0.220
-1.380
1.390
0.840
-0.170
1.290
-1.370
-0.400
0.700
-2.980
-0.100
-2.860
-2.250
-0.880
-0.720
1.930
0.710
-4.200
0.350
1.930
-7.590
-5.390
8.730
7.940
7.220
6.560
5.960
5.420
4.930
4.480
4.070
3.700
3.370
3.060
2.780
2.530
7.730
