28.490
28.030
28.200
28.150
27.800
27.900
28.470
28.440
28.300
28.320
29.480
29.980
30.190
30.600
29.450
28.350
28.280
27.380
28.580
28.960
29.690
27.940
28.010
28.880
27.310
30.100
32.500
30.850
30.660
29.920
31.630
34.580
34.000
36.480
38.000
37.300
36.990
36.510
32.950
34.110
31.720
35.680
38.110
38.870
39.250
39.180
40.200
36.050
36.330
33.160
31.300
29.830
30.480
30.000
33.520
106.500
103.000
100.830
108.510
108.500
117.200
130.000
127.000
133.000
129.000
143.000
142.000
140.250
144.900
150.200
166.000
148.010
152.510
143.020
142.670
143.170
142.380
142.500
140.300
137.850
137.500
137.000
137.980
137.030
134.040
148.500
150.000
149.620
152.500
152.990
149.980
152.820
134.880
124.900
127.800
127.000
125.500
126.000
119.010
126.500
126.600
125.860
124.500
123.000
124.500
125.000
119.200
118.300
118.880
106.960
100.000
103.200
92.000
96.880
104.300
94.820
87.700
87.690
86.180
91.120
96.410
96.130
93.010
93.200
92.100
90.480
90.310
89.810
96.750
96.780
101.400
99.500
101.000
102.000
104.000
100.000
98.990
114.000
113.840
103.490
94.080
85.530
77.750
70.680
64.250
58.410
53.100
48.270
43.880
39.890
36.260
32.960
29.960
27.240
24.760
18.760
