17186.46
17605.16
11681.36
14337.64
25563.26
13732.63
19414.70
23734.26
26533.98
20667.99
17867.42
20742.83
28942.80
24216.65
36658.95
78261.83
41224.41
26248.02
24599.74
17818.18
25372.30
30665.56
17175.61
21695.70
24048.87
31321.50
40676.66
15825.10
17163.18
17405.07
20783.98
18072.63
10531.14
12703.78
19304.65
24526.52
9873.17
16552.80
25099.13
12864.56
12205.83
11874.27
11994.22
16172.63
13672.77
10272.33
16523.05
26557.17
9783.27
10846.20
12811.90
9695.46
13728.97
18804.28
13409.92
16599.12
13647.71
12127.55
16710.99
22151.58
37734.88
19747.60
18648.09
20273.68
22414.75
50977.90
58236.99
25191.06
38733.43
51024.06
78982.36
112800.46
103581.59
25280.64
49250.75
40232.89
27856.16
39325.15
47400.71
53502.24
33810.78
45327.32
31366.25
32247.01
20634.92
23662.02
42716.91
44080.38
29962.69
42080.41
17733.51
18671.04
18102.88
21755.11
23411.20
25049.86
49571.99
16818.60
20869.86
20305.68
26466.42
20274.48
17387.00
25425.55
22216.36
7.00
30350.46
13715.46
13567.00
20802.31
23148.30
23056.20
18429.24
36160.27
34390.46
30239.32
21514.45
15036.06
11292.80
18478.78
21530.28
16779.42
17484.47
13625.42
14315.38
15463.34
15254.88
21278.45
23898.03
23256.32
16909.00
19591.30
18163.96
20333.56
23882.59
34030.21
29106.48
37419.56
51285.46
26799.00
23341.45
26330.14
28639.18
25852.32
35786.93
22267.45
25540.81
29249.36
29675.00
48426.39
70250.16
61946.88
58679.85
47371.44
44524.30
59640.01
61740.02
66016.53
69675.20
97611.80
114632.69
125269.00
107513.11
162033.62
98739.92
127945.37
72736.13
111049.20
61053.03
72656.25
108372.82
129466.31
122358.08
210514.91
128472.24
47158.58
53933.66
67508.86
36172.08
56265.58
40162.36
42195.12
28392.94
34140.24
31039.66
43546.46
65907.16
68530.02
53162.94
50631.08
69974.28
39410.28
56257.76
74334.48
89158.26
76321.06
74456.60
118823.40
111297.82
62769.43
34836.29
46668.65
60195.53
49725.20
55984.64
63955.57
64448.53
69119.04
73057.35
83219.23
106351.41
120122.85
104350.55
74866.99
90133.77
67264.27
80070.63
76120.59
80959.77
68859.94
87304.19
80874.97
92058.28
73065.59
32805.07
54485.58
33388.93
46021.63
25990.47
26952.25
40542.76
35560.23
33348.77
28886.63
34772.83
55337.16
35557.28
49141.96
59322.26
74041.38
40077.71
49217.70
77033.18
95202.39
65425.01
81480.14
124674.49
128493.75
91922.81
110245.85
107626.21
89981.76
129326.33
157098.80
120627.03
116934.83
118788.85
170620.19
193704.95
9845.87
2337.76
2135.67
890.30
214.00
201.82
135.58
140.84
83.49
48.04
209.98
