20.990
20.850
20.280
20.780
20.620
20.670
20.710
21.170
20.900
20.990
20.920
21.780
22.400
22.380
22.720
23.300
22.580
22.840
20.760
22.630
22.320
23.100
21.560
19.600
19.010
20.240
22.490
37.060
36.270
36.340
35.400
37.590
39.550
39.360
39.530
38.960
37.620
37.820
38.070
37.050
37.810
36.830
38.770
39.450
40.400
40.430
40.750
39.580
38.720
38.600
37.110
38.470
40.040
40.020
42.490
44.040
43.340
42.700
42.700
46.790
47.700
47.460
46.500
46.880
46.490
46.690
46.610
45.720
46.500
44.430
43.470
42.670
42.620
43.350
42.960
43.410
43.500
42.330
40.110
40.700
40.990
40.700
40.400
38.460
37.670
37.660
36.800
37.960
40.500
40.680
40.300
38.960
38.350
38.550
38.900
38.250
39.480
36.650
35.920
35.910
35.180
34.330
36.130
35.960
35.330
35.000
38.500
39.520
43.910
48.790
47.600
45.520
47.300
47.000
48.500
46.990
52.210
55.280
50.250
45.680
41.530
37.750
34.320
31.200
28.360
25.780
23.440
21.310
19.370
17.610
16.010
14.550
13.230
