51.150
51.150
78.150
80.100
74.000
74.800
74.690
74.400
72.900
70.100
69.100
63.890
59.190
61.500
62.080
61.590
60.750
60.440
60.700
60.880
61.000
59.030
58.680
57.800
58.000
60.880
60.000
60.000
59.600
63.000
63.000
66.400
65.800
63.000
63.500
62.970
63.500
63.000
62.000
63.500
62.980
62.930
63.350
63.610
63.450
62.730
62.500
62.180
61.900
60.000
61.020
61.860
61.010
60.680
60.550
61.000
63.380
64.380
63.510
61.500
62.000
63.400
59.490
58.000
58.000
59.480
62.470
64.290
63.550
62.660
63.000
62.180
62.570
61.230
63.500
63.360
61.320
60.990
60.860
61.700
62.040
63.600
60.600
58.460
57.600
57.650
57.740
57.470
57.820
56.800
56.010
56.990
55.170
55.600
57.700
57.330
57.720
58.060
57.790
57.500
56.910
56.400
56.000
53.490
54.800
54.120
53.710
54.220
52.730
49.160
48.870
50.890
48.970
52.600
55.550
55.990
57.700
58.180
57.890
62.130
62.330
62.300
61.570
61.260
62.280
62.600
61.570
60.500
65.800
65.950
66.000
66.970
65.100
64.450
63.260
64.300
64.400
71.500
73.950
74.700
74.480
74.290
73.680
79.190
77.510
76.590
79.450
85.550
82.170
74.700
67.910
61.740
56.130
51.030
46.390
42.170
38.340
34.850
31.680
28.800
26.180
23.800
21.640
19.670
17.880
16.250
