35.480
34.780
35.800
35.690
35.750
35.300
36.310
36.340
35.380
34.600
35.400
35.480
35.780
35.790
35.710
35.690
34.780
34.180
34.360
34.780
35.260
35.220
34.130
34.660
34.070
35.990
38.420
37.120
36.950
36.990
39.940
42.440
43.280
43.500
43.540
42.390
41.500
41.570
41.050
41.160
39.980
40.950
41.400
41.170
41.300
42.000
42.220
42.130
40.500
40.200
39.800
40.660
40.900
40.880
40.280
40.880
43.650
44.560
45.560
45.970
47.200
51.070
51.200
50.180
49.400
50.310
53.290
55.490
55.900
56.180
56.980
56.680
54.800
51.980
53.300
53.650
51.750
51.900
51.180
50.550
50.600
53.490
51.980
51.310
49.350
48.950
49.800
49.180
49.810
50.330
46.390
45.170
44.890
45.960
47.450
46.500
48.850
46.880
46.930
46.530
47.100
47.090
47.480
47.900
45.550
45.500
45.510
44.890
45.380
45.490
44.760
43.320
43.370
44.930
44.990
47.400
47.190
48.050
50.300
54.550
50.020
45.470
41.340
37.580
34.160
31.050
28.230
25.660
23.330
21.210
19.280
17.530
15.940
14.490
13.170
11.970
10.880
9.890
8.990
8.170
7.430
