17.900
17.840
17.750
17.800
17.170
17.300
17.280
17.480
17.000
16.500
16.680
17.080
17.060
18.040
17.840
17.710
17.480
17.180
17.060
17.310
17.390
17.170
17.000
16.900
16.000
16.210
16.720
16.610
16.120
16.010
16.250
17.810
18.910
18.750
18.980
18.220
18.530
18.310
17.750
18.750
18.690
18.800
19.820
20.050
20.120
20.060
20.410
19.160
20.360
20.660
21.010
21.900
21.760
22.030
22.600
22.740
24.210
24.090
24.440
24.090
23.510
23.660
23.300
22.930
22.800
22.650
23.910
25.440
25.730
25.630
25.300
25.620
26.380
26.170
26.360
26.450
26.220
26.610
26.300
26.760
26.690
27.030
26.520
25.980
25.720
25.910
26.130
25.900
26.050
26.010
25.580
25.900
25.980
26.260
25.820
25.250
25.310
25.710
25.010
25.200
26.120
23.020
23.100
22.840
22.700
22.910
22.760
22.530
22.600
22.810
21.800
21.480
21.920
21.160
21.220
23.520
24.890
25.900
27.060
27.050
28.040
28.030
27.940
27.850
27.640
27.970
28.080
28.600
28.130
28.800
28.900
28.900
28.700
28.700
28.940
28.580
27.900
28.110
28.300
31.280
32.110
32.420
32.400
31.660
32.500
33.300
32.200
32.330
32.910
32.100
34.100
35.600
35.480
34.910
34.780
34.650
35.580
35.600
35.320
36.400
35.700
34.210
33.800
33.340
32.570
32.580
32.700
33.680
33.350
33.440
33.330
32.070
31.840
32.500
32.650
31.770
31.950
32.400
32.270
31.800
31.410
30.020
29.860
30.210
30.220
30.110
30.500
33.150
33.420
33.350
34.150
35.460
35.270
35.420
35.010
36.710
36.610
37.030
37.500
38.700
40.320
39.870
38.850
38.670
38.550
39.930
36.300
33.000
30.000
27.270
24.790
22.540
20.490
18.630
16.940
15.400
14.000
12.730
11.570
10.520
8.630
