48.520
49.370
46.520
47.580
47.000
46.160
45.370
46.380
46.140
45.670
45.800
48.210
48.690
48.450
49.010
50.400
47.690
47.610
44.810
46.650
46.990
47.550
46.000
46.830
44.230
42.200
45.500
45.760
45.810
47.600
48.000
50.090
53.930
55.770
54.770
55.000
54.600
54.200
53.710
54.590
56.200
55.100
56.120
58.000
57.970
58.000
57.690
58.070
56.750
56.300
55.950
58.700
60.000
60.950
61.000
60.560
65.290
67.330
66.740
70.020
69.990
77.760
79.000
78.200
77.740
80.290
81.600
80.880
81.400
81.320
82.580
82.210
82.370
82.150
82.590
86.000
85.280
85.660
86.410
84.370
83.530
85.020
85.460
85.010
84.100
83.680
84.000
84.020
84.280
84.070
84.010
84.700
86.360
85.960
87.250
89.520
89.200
88.000
89.350
89.770
91.530
91.010
91.090
90.000
90.000
89.590
87.060
86.000
90.450
91.220
90.490
87.580
86.600
83.990
87.000
88.070
87.000
87.190
87.520
87.730
87.130
87.000
85.840
84.950
84.550
85.220
86.430
86.700
85.520
88.600
89.600
88.590
89.000
89.220
86.910
86.500
87.080
83.860
93.180
93.030
95.190
96.370
96.350
98.510
101.190
101.040
100.970
102.760
103.550
101.990
102.870
105.500
103.100
100.180
99.000
102.300
104.260
104.760
105.700
106.800
102.910
103.300
101.000
101.800
99.250
99.390
100.800
107.900
108.660
101.310
100.500
98.860
99.020
101.450
100.480
99.750
104.380
105.180
108.370
107.100
105.710
96.100
96.070
93.330
95.950
92.090
98.060
101.420
102.100
101.810
105.990
105.850
101.300
101.100
103.230
108.770
111.920
116.810
114.810
123.250
120.450
120.500
116.950
114.540
119.210
131.890
124.500
113.180
102.890
93.540
85.040
77.310
70.280
63.890
58.080
52.800
48.000
43.640
39.670
36.060
32.780
29.800
27.090
24.630
22.390
20.350
18.500
16.820
