-0.330
0.350
0.240
0.040
0.100
-0.090
-0.800
-0.020
-0.050
-0.590
-0.590
-0.210
0.070
-0.340
1.690
0.740
-0.240
0.980
-1.920
-0.390
-0.760
1.590
-0.220
-0.360
-0.290
-2.290
0.060
1.210
-1.090
0.960
-0.230
-2.170
-2.480
-2.470
-1.000
0.930
-0.900
2.730
0.470
2.440
6.500
-1.170
7.290
-2.980
3.260
0.550
-0.950
4.750
3.730
2.490
-2.690
-1.340
0.710
3.460
0.220
-6.850
3.540
0.790
-3.530
-0.670
-7.600
-6.010
4.000
-2.660
-1.170
-9.090
-2.280
0.810
-1.440
-4.770
6.390
2.150
-0.490
3.780
7.890
7.170
6.520
5.930
5.390
1.520
-1.180
0.130
1.140
1.390
0.270
-0.320
-0.180
-0.490
-0.130
0.470
0.860
0.550
0.840
-1.750
-4.030
0.700
-1.070
1.300
1.920
-0.830
0.460
0.520
-0.780
1.490
-1.460
-0.530
2.710
1.410
-1.640
0.140
1.400
-0.090
-2.300
1.800
-4.000
-3.200
-0.500
-4.880
0.410
-3.280
-2.970
-1.300
1.740
3.280
-0.650
-1.050
-3.340
0.040
3.430
-3.990
6.310
1.210
0.520
-1.340
0.650
1.510
-1.900
-0.320
-6.970
-3.280
-4.530
2.700
-0.150
-3.250
-4.760
3.280
0.740
0.470
-7.300
3.260
-1.740
0.960
7.570
2.850
4.670
0.150
-3.610
-2.350
1.030
-0.700
3.600
1.040
0.130
0.180
0.180
-2.350
0.630
0.560
2.660
0.620
3.420
0.610
0.830
-2.020
1.820
1.000
-3.170
-0.190
-0.450
-1.280
6.030
4.230
5.090
4.630
4.210
3.830
3.480
3.160
2.880
2.610
2.380
2.160
1.960
6.000
