4.690
-0.460
-1.800
-0.300
5.400
-1.000
0.210
0.390
1.420
2.700
0.770
6.030
4.270
-2.290
-0.580
0.580
1.020
0.150
-0.470
0.060
-0.030
1.560
0.390
0.820
-1.000
-2.150
1.620
-0.970
0.500
-0.990
-2.310
-2.410
-0.370
2.110
0.150
0.720
-0.280
0.560
-0.070
-0.470
0.880
-0.820
-0.050
-0.850
0.750
1.180
-0.530
0.630
0.690
1.480
-1.370
-0.400
0.890
0.130
0.930
-3.640
-0.920
0.180
1.000
1.170
-0.360
-1.200
4.270
1.430
-0.010
-1.980
-2.640
-2.070
1.140
0.830
-0.610
0.450
0.230
0.700
-2.250
1.150
1.410
-0.040
0.620
-0.510
-1.710
-0.400
3.370
2.010
0.700
-0.240
-0.050
0.090
-0.130
0.970
0.420
0.440
1.000
-1.000
-1.680
0.400
-0.430
-0.450
0.160
0.300
0.780
0.520
0.620
2.770
-1.640
0.070
0.870
-0.760
1.780
3.290
0.300
-2.110
1.790
-3.660
-2.740
-0.080
-1.850
-0.430
-0.620
-3.290
-0.510
0.320
1.080
-0.470
-0.630
-0.510
0.950
0.510
-4.350
-0.340
0.250
-0.590
1.030
0.910
0.700
-1.160
0.010
-7.210
-2.390
-0.510
0.590
0.760
-1.700
-4.670
1.790
1.430
-4.850
-0.520
7.470
6.790
6.170
5.610
5.100
4.640
4.220
3.830
3.490
3.170
2.880
2.620
2.380
2.160
1.970
1.790
1.630
1.480
