46.500
45.870
46.390
45.900
45.790
46.480
46.500
46.200
45.860
45.650
47.030
46.950
48.100
47.460
48.000
49.230
46.100
44.590
44.000
44.500
44.960
44.100
42.350
42.470
42.000
43.390
45.200
43.950
43.360
43.000
45.800
49.590
50.490
51.430
50.720
49.490
50.010
50.480
49.510
51.990
50.950
51.200
51.060
49.800
49.730
50.380
49.540
49.390
51.990
51.850
52.550
52.960
53.950
53.950
54.770
57.000
60.000
61.400
78.700
76.860
80.700
82.880
83.000
81.330
80.590
81.200
85.700
87.380
88.750
89.180
88.500
87.310
88.520
87.990
90.800
89.870
87.880
87.930
85.880
85.550
87.980
88.660
95.010
95.900
94.890
90.890
92.000
84.500
84.690
83.980
82.000
81.800
81.680
83.700
84.800
86.610
86.940
87.490
87.200
88.870
87.720
86.150
88.300
87.180
86.690
87.460
87.660
87.500
87.640
87.450
87.500
87.000
90.550
96.980
102.350
104.960
105.980
106.340
104.770
106.480
108.300
109.280
107.300
106.970
107.680
109.950
106.920
106.470
112.290
113.380
114.630
112.500
113.200
114.970
114.600
112.920
114.790
123.790
129.900
136.880
137.600
128.880
130.970
137.840
139.400
138.660
140.400
144.200
146.470
144.000
145.600
149.140
141.080
133.000
125.590
129.680
131.900
134.800
130.500
131.480
130.150
127.450
129.800
128.950
131.000
124.090
122.400
123.460
125.440
126.900
126.100
126.200
123.900
124.990
125.000
125.980
126.400
126.900
131.470
126.000
127.500
122.990
122.990
120.780
119.530
120.000
118.500
118.450
119.000
110.140
108.970
109.750
112.490
113.470
120.880
122.000
124.980
115.800
114.980
114.000
114.680
113.740
113.280
112.500
115.800
114.000
114.750
116.000
120.790
122.490
122.890
121.750
121.790
119.860
115.950
119.290
123.500
123.980
123.990
133.600
135.350
124.850
115.770
116.880
125.490
123.880
133.000
133.490
134.970
143.000
148.880
148.980
139.980
144.900
144.970
144.650
138.230
127.600
125.000
135.000
128.990
133.330
131.990
127.980
117.810
114.590
121.890
122.000
116.200
109.590
112.680
108.790
107.000
105.500
97.900
96.600
90.190
83.780
90.100
96.000
97.960
97.270
93.800
91.180
91.480
90.800
87.000
85.960
85.880
81.730
80.060
81.270
77.690
75.250
76.290
78.390
77.380
77.840
77.400
81.670
81.470
82.390
91.960
89.560
88.990
87.300
86.200
88.500
88.590
90.980
85.790
87.500
90.600
99.750
102.630
95.500
93.130
94.670
91.990
98.330
98.800
95.000
98.330
98.980
98.880
92.440
89.740
81.900
79.480
84.660
84.650
86.110
87.300
88.380
90.910
87.790
86.610
83.000
84.190
86.890
81.500
78.350
74.180
76.600
73.690
73.470
81.290
81.300
77.880
82.900
90.490
82.260
74.780
67.980
61.800
56.180
51.070
46.430
42.210
38.370
34.880
31.710
