-0.510
0.410
-0.510
0.290
0.710
0.010
-0.910
-0.180
0.380
1.070
-1.070
0.050
-1.700
0.700
-0.180
1.580
1.000
2.850
-2.820
0.600
-0.580
2.020
0.180
0.880
1.820
-2.870
0.210
0.210
-0.960
-0.320
-4.820
-6.050
-1.650
1.050
0.560
1.540
-0.550
0.640
-0.820
-0.800
1.330
-0.840
0.000
-1.220
-0.210
-0.430
-0.220
2.550
1.300
0.680
-2.200
-0.570
-1.410
1.440
-1.430
-3.910
-0.360
0.180
-2.040
0.850
-7.470
-6.940
7.430
-7.010
-9.030
-2.180
-2.410
0.160
0.140
-1.380
-8.070
-1.090
1.500
-2.770
-4.610
3.010
-4.070
4.080
3.060
1.450
4.480
-0.810
-3.500
-1.770
0.820
-2.170
3.710
3.730
1.080
-1.440
2.280
0.380
0.140
-2.400
-1.390
3.040
1.550
1.400
1.190
-2.300
1.610
1.470
-2.060
0.160
-1.560
-0.910
0.180
5.260
-0.750
1.620
-2.360
3.300
-4.450
0.080
-0.580
-1.150
-3.370
0.010
-0.090
-0.210
-0.290
-7.200
-4.200
-5.600
-2.520
7.340
10.120
9.200
8.360
7.600
6.910
6.280
5.710
5.190
4.720
4.290
3.900
3.550
3.220
2.930
2.660
8.140
