-0.400
0.910
-0.150
0.630
0.170
0.130
-0.440
-0.190
0.240
0.080
-1.370
-0.260
-0.510
0.670
-0.500
1.970
0.300
1.070
-2.010
-0.440
0.650
1.090
-0.180
0.210
0.490
-3.500
-0.530
0.330
-0.330
-0.190
-0.940
-1.050
-1.030
-0.740
1.570
0.840
0.070
-0.360
0.220
0.870
0.710
-0.510
-0.590
-0.030
-1.080
-0.790
-0.120
0.740
-0.020
0.880
0.880
-0.010
-1.670
1.430
-0.570
-4.140
-0.020
0.920
-1.880
0.720
-4.630
-1.540
0.130
0.540
-1.390
-1.500
-3.750
-2.210
-2.110
-0.550
0.670
1.160
0.160
1.180
-3.920
1.430
-0.510
5.320
-0.820
0.030
2.300
-1.050
0.820
0.130
0.860
-0.350
-1.540
1.730
4.640
0.560
0.650
0.260
0.930
-2.080
-1.940
-1.450
0.120
0.020
0.980
-2.690
-0.290
2.040
-0.850
1.780
1.590
0.000
-1.220
0.320
-2.950
1.270
0.990
-0.800
-2.030
1.220
-1.300
0.270
-1.120
-2.730
-2.820
-1.790
-6.610
1.110
1.850
0.780
2.370
-0.610
-0.180
-1.250
-2.470
0.420
-0.420
0.770
-0.570
-3.700
-7.200
6.020
-4.100
-4.620
-8.660
7.870
7.150
6.500
5.910
5.380
4.890
4.440
4.040
3.670
3.340
3.030
2.760
2.510
2.280
2.070
1.880
1.710
1.560
1.420
1.290
1.170
1.060
0.970
0.880
0.800
2.440
