28.450
27.810
28.000
27.780
27.300
27.620
27.680
28.350
27.290
27.090
28.500
29.110
29.320
29.280
30.000
27.950
27.800
27.050
27.320
60.000
61.250
55.310
54.350
53.900
50.520
52.010
55.250
54.190
52.710
53.600
53.920
57.710
60.110
62.850
61.880
58.020
59.440
58.280
56.300
57.010
56.020
56.110
58.760
59.000
59.140
59.090
60.020
57.500
59.130
57.660
57.230
57.520
57.670
59.500
61.510
63.330
62.810
62.300
61.820
60.590
60.820
65.400
65.230
63.150
63.020
63.500
67.250
70.500
72.070
74.000
72.720
69.710
69.040
67.510
68.460
69.600
68.780
69.510
67.300
66.960
64.400
65.350
65.310
63.840
61.800
62.000
63.380
63.510
63.880
62.740
62.240
61.800
60.400
59.180
61.700
62.880
64.360
65.380
63.430
64.600
66.510
64.350
65.000
64.100
63.750
63.450
62.120
62.330
63.380
61.000
56.340
55.060
52.700
53.640
59.570
62.650
62.500
65.060
64.490
66.310
70.020
69.330
68.960
68.520
69.000
70.230
70.020
67.160
70.570
73.380
71.160
70.730
71.000
71.410
70.320
70.320
70.130
72.410
80.280
82.780
84.120
83.630
82.000
84.000
89.300
89.090
89.550
92.180
90.110
92.390
94.810
94.180
91.110
94.270
93.280
93.600
98.010
98.030
96.900
93.800
92.600
92.510
93.010
93.820
96.380
94.000
90.390
82.170
74.700
67.910
61.740
56.130
51.030
46.390
42.170
38.340
34.850
31.680
28.800
26.180
23.800
19.840
