40.500
40.080
38.700
38.170
34.790
33.910
32.890
33.860
32.550
32.210
31.790
33.650
34.090
34.450
34.300
34.480
33.200
32.550
31.470
32.900
33.520
33.100
31.440
31.610
30.860
29.720
32.900
33.510
33.910
36.590
37.320
40.350
39.850
40.360
41.780
42.960
44.750
41.500
40.700
39.860
42.050
41.250
41.960
46.620
47.840
46.800
48.600
49.100
49.780
49.970
46.850
44.700
46.020
44.440
41.280
41.500
43.720
43.080
40.220
42.010
41.000
44.000
45.270
44.340
43.480
45.210
45.800
49.920
52.110
52.520
51.830
54.190
50.360
49.930
45.870
47.400
46.730
44.850
45.990
43.370
43.800
44.980
44.600
44.300
41.670
41.240
40.410
42.900
42.860
39.920
38.660
37.740
37.730
36.610
37.560
40.880
43.430
42.130
41.350
39.900
40.350
41.690
37.900
35.970
32.700
32.700
29.730
27.030
24.570
22.340
20.310
18.460
16.780
15.250
13.860
12.600
11.450
10.410
9.460
8.600
7.820
7.110
