60.800
61.700
62.330
61.600
59.890
59.660
58.950
59.010
57.400
55.880
58.000
58.650
58.510
58.800
59.510
61.150
60.350
59.200
59.170
58.000
59.010
58.000
57.770
56.600
53.020
53.200
54.000
53.600
51.180
51.630
51.800
101.080
107.210
110.570
109.510
104.100
104.800
103.500
100.350
102.180
101.500
101.600
101.300
101.390
101.110
101.990
102.780
99.350
96.500
95.690
90.020
92.810
93.800
93.100
94.950
96.830
100.650
98.250
98.230
97.210
96.160
100.770
104.500
99.650
99.240
100.000
107.330
117.950
117.580
118.500
118.350
120.370
120.280
116.220
116.200
117.800
117.600
118.570
115.180
116.100
115.060
115.750
117.600
119.500
113.330
109.350
109.780
105.000
103.660
106.320
105.140
99.510
94.210
90.800
95.990
98.710
103.600
105.110
106.280
101.280
103.800
92.290
88.920
80.840
73.490
73.490
66.810
60.740
55.220
50.200
45.640
41.490
37.720
28.570
