60.220
60.100
60.080
60.000
58.900
58.220
58.500
59.490
58.820
58.000
59.500
59.980
60.650
61.010
60.720
60.060
59.370
56.900
57.000
60.110
60.010
57.520
57.000
56.550
53.930
54.400
58.400
57.680
56.000
57.170
58.420
64.710
67.630
67.710
68.390
65.000
67.020
67.180
65.880
67.510
67.340
68.220
71.000
71.020
71.040
71.510
71.160
67.250
69.100
68.640
67.210
68.880
69.190
67.210
67.170
66.300
69.300
70.880
70.600
70.000
69.860
76.200
75.500
73.520
81.690
85.600
83.550
87.100
90.380
88.950
87.600
85.930
83.000
79.600
80.580
82.150
81.000
80.020
77.630
76.960
76.480
77.620
78.230
77.980
76.600
76.300
75.050
73.100
72.400
72.100
70.200
70.790
69.010
68.010
69.660
71.130
72.030
72.680
70.060
70.810
72.700
71.400
71.300
70.910
70.500
70.900
69.250
69.790
70.100
67.210
64.180
66.510
63.880
63.700
70.110
73.750
73.200
75.110
76.030
78.700
84.360
85.350
84.700
84.310
85.210
85.240
85.220
82.610
85.470
88.510
86.900
87.680
88.000
88.210
86.500
85.610
83.780
85.900
95.010
99.700
99.110
101.900
101.000
103.400
113.500
113.000
113.980
116.610
111.980
114.300
118.180
116.710
110.600
112.100
107.580
109.200
113.400
117.840
116.160
111.800
108.500
108.080
107.600
106.800
107.300
109.020
101.470
98.000
99.990
94.150
87.110
82.430
74.940
68.130
61.940
56.310
51.190
46.540
42.310
38.460
34.960
29.130
