9021.36
7463.99
5447.75
11440.65
6451.72
6630.00
4488.88
6209.87
8177.99
12965.19
14860.95
9952.00
12760.09
10852.89
11823.75
15473.77
10549.44
8582.38
9437.01
9494.78
15245.83
13253.75
7863.04
18224.02
12392.22
8027.31
8482.33
5696.82
9457.78
7802.78
9965.46
8490.97
5713.69
9406.00
9990.61
11073.10
9677.11
8619.87
15744.05
8217.17
6785.86
9530.92
7350.01
6683.01
6229.24
7456.87
7157.58
13112.98
5549.01
7645.12
10195.95
6629.20
8337.42
8100.60
6146.00
11237.02
8748.51
7946.21
10470.79
12364.68
22325.18
10403.00
9624.51
9353.36
11363.42
20852.50
21143.38
15941.83
17060.04
20789.65
37077.87
53445.53
45088.43
15286.19
34449.35
20288.11
15042.75
21558.24
18365.61
27918.26
15075.60
14277.12
17909.14
20765.20
10194.33
8805.76
12695.72
14126.53
13407.46
17882.45
12149.31
13337.32
13207.97
10316.74
10372.59
10654.62
15356.35
10300.34
14235.46
14203.62
17980.61
15859.95
9657.51
11749.30
7988.11
9615.47
16462.53
10491.15
16259.70
18159.25
15791.17
11636.88
17157.18
13346.72
12606.46
9262.02
10312.45
10171.13
8538.47
10867.48
6197.67
8107.22
7098.32
8087.51
8118.90
5846.34
5546.07
11905.75
15310.23
9313.65
9965.69
7897.08
5193.28
7867.51
12576.87
7163.85
12094.35
19681.82
19542.10
7567.48
11068.38
6640.65
8157.08
15304.01
10834.66
9588.51
12221.22
13588.85
22657.99
18858.08
43697.38
63471.63
16666.04
17465.69
12711.83
18992.34
20862.77
26751.92
43876.78
42675.88
37635.50
36074.92
44715.66
31988.17
40841.27
36027.17
70333.65
80539.72
77225.10
101141.79
134630.14
1179.29
652.85
2373.10
4014.92
195.00
610.28
151.48
124.01
137.87
157.82
94.41
122.44
79.88
37.52
56.00
32.00
21.00
20.00
50.01
