15.510
15.380
15.420
15.400
15.200
15.210
15.260
15.610
15.440
15.120
15.510
16.000
16.400
16.360
16.310
16.180
15.950
15.040
14.950
16.020
16.630
15.700
14.900
15.120
14.100
14.880
16.530
15.770
15.400
15.970
15.830
17.460
19.000
20.850
20.350
19.550
19.410
20.080
19.340
42.220
39.500
41.250
41.100
38.500
38.270
38.120
37.900
35.880
35.300
35.220
34.650
36.830
36.650
36.800
36.240
35.760
37.830
37.750
38.110
37.900
40.260
44.510
46.940
46.160
45.570
50.060
48.520
44.100
44.200
44.200
42.500
41.700
42.310
41.090
41.390
41.810
41.200
41.600
41.010
40.320
40.010
40.680
40.160
39.180
38.810
38.680
39.100
38.600
38.530
38.040
37.150
37.010
36.400
35.800
36.990
37.820
38.810
38.300
37.450
37.750
38.920
38.500
38.370
36.670
36.620
36.610
35.930
36.010
36.160
35.020
34.050
35.180
33.730
34.730
38.330
39.500
39.810
41.500
41.370
42.630
45.100
45.850
44.850
44.730
44.720
45.480
45.940
43.510
46.250
49.620
50.250
50.110
48.200
47.700
47.300
46.700
46.200
48.300
50.810
51.600
51.320
52.350
51.610
53.010
54.820
54.080
56.000
56.000
53.010
56.100
57.320
55.920
53.510
54.220
53.510
54.650
56.200
56.500
56.200
57.000
54.800
53.810
53.800
52.640
52.500
51.600
55.380
55.700
52.270
51.000
49.570
48.950
48.800
49.030
48.610
48.230
47.200
48.200
46.900
46.550
44.310
44.770
45.670
45.500
45.020
44.560
40.510
36.830
33.480
30.440
27.670
25.150
22.860
20.780
18.890
17.170
15.610
14.190
12.900
11.730
10.660
9.690
7.340
