15413.28
9974.72
5210.00
4686.07
4315.67
2477.00
3041.00
3313.39
4073.80
8322.38
10019.00
14740.71
5466.64
2418.00
4078.58
9706.29
5445.65
7743.73
5778.00
4671.51
7111.09
8243.66
3438.66
6698.00
7675.00
10003.00
9718.74
7351.22
8983.00
6982.00
8294.22
10433.18
10440.18
18161.68
11601.99
12237.17
9833.65
8407.28
12961.00
8787.00
5820.00
7039.16
7204.16
7612.97
10261.14
11859.17
10553.66
20592.44
12259.94
15110.23
12526.16
6285.56
10462.99
13332.38
7707.95
16162.05
10667.27
11074.55
15445.36
19804.38
25111.36
14565.40
16099.76
16273.21
20158.35
23746.24
37988.05
32713.07
21125.48
19258.97
39538.26
36924.20
26975.15
34615.49
50987.69
59657.94
62687.19
37204.77
35816.09
34697.82
29537.77
46282.55
48503.34
34612.60
20786.45
24802.82
29933.24
34295.55
39724.53
41785.39
70019.24
70699.87
79827.61
114646.49
3258.80
2677.73
238.98
212.14
246.00
265.00
136.00
107.00
96.00
101.00
44.14
2.00
65.00
38.00
30.00
20.00
100.00
