39649.75
16724.34
15889.49
20045.99
21661.55
12854.32
19646.93
14329.98
14013.54
18302.93
27490.96
36602.05
20582.47
16344.35
23692.93
25131.18
9162.15
12658.97
13313.15
10245.00
15890.87
11892.36
7755.00
9542.28
13967.04
13797.11
14208.64
9914.00
13214.02
11292.20
20532.02
12437.31
10638.00
15023.35
18530.37
16439.29
10261.94
17358.36
15548.19
15642.36
13529.83
11940.29
10103.57
12680.79
12871.50
13523.48
18371.15
26750.21
25003.73
24211.33
13305.52
11437.43
18485.18
18903.18
33351.52
22417.00
12811.76
16343.49
28435.64
33561.94
39381.79
26617.30
25908.36
26417.47
34887.20
37283.84
55521.72
46353.83
69908.51
35539.56
55872.56
64987.62
59926.26
35539.34
66023.97
67297.60
46379.47
56377.96
39481.80
56075.51
77612.62
91436.89
53799.22
53292.70
48714.77
44612.16
40341.78
64387.63
89013.39
78596.70
63794.66
62352.95
61137.83
89402.77
112028.71
106547.54
142716.94
88255.73
16182.61
2568.29
391.47
314.74
453.23
555.66
985.23
7.00
475.36
188.66
100.36
115.00
125.86
105.51
36.50
45.61
39.36
80.68
