58.330
58.800
58.610
59.000
57.430
57.250
57.350
58.020
56.880
56.030
57.500
57.500
58.190
59.080
58.830
59.210
58.820
57.230
57.040
57.290
56.900
57.590
57.110
54.580
51.980
51.700
53.000
53.460
52.500
52.500
53.830
55.850
57.040
57.030
57.010
55.710
56.010
56.380
55.560
57.500
59.400
59.260
59.770
59.840
59.700
59.890
59.810
58.800
57.150
57.070
56.000
57.500
57.200
57.280
57.020
55.880
58.770
60.000
60.090
59.800
60.900
65.880
65.780
65.680
65.500
65.480
68.270
71.130
70.330
70.850
69.560
68.980
69.460
69.190
70.110
70.180
68.930
69.660
68.880
68.880
69.280
70.210
70.800
70.150
69.600
69.300
70.500
70.800
70.000
68.510
64.610
64.870
64.850
64.310
64.050
66.250
66.600
66.450
64.750
66.400
64.710
63.900
65.090
66.720
66.600
68.650
67.220
65.310
65.010
66.000
64.510
63.580
64.920
64.500
63.880
67.850
70.800
73.310
76.500
76.200
75.500
74.370
73.370
73.450
73.100
73.240
73.500
74.110
72.220
74.890
73.420
73.300
72.390
72.210
73.760
73.200
74.000
76.280
76.800
79.800
82.110
81.800
81.550
79.150
81.080
83.300
83.800
82.940
90.500
92.500
87.320
79.380
72.160
65.600
59.640
54.220
49.290
44.810
40.740
37.040
33.670
30.610
27.830
23.190
