48.910
44.490
44.190
43.940
43.120
42.990
43.230
43.500
42.890
42.850
44.070
44.490
44.680
44.400
44.950
44.980
43.680
43.520
43.060
43.650
44.000
44.000
42.500
43.350
42.940
41.420
43.480
42.210
41.690
41.990
44.230
47.070
48.190
48.150
47.680
46.170
45.480
45.340
45.270
46.470
45.880
46.640
47.420
47.830
47.760
48.280
48.830
48.660
47.420
47.780
48.790
49.230
49.790
49.690
49.960
51.120
53.380
54.180
53.870
54.000
57.000
58.980
59.080
58.500
57.870
59.610
63.170
64.690
65.800
65.600
66.250
66.270
63.970
62.480
63.980
62.780
61.000
61.220
60.240
59.640
59.700
60.380
60.080
59.490
58.150
58.350
59.760
57.760
57.120
57.150
55.880
54.030
53.950
53.500
55.980
56.530
57.950
56.880
56.980
56.630
56.510
56.560
55.480
55.700
53.900
54.250
53.880
54.000
55.380
54.970
51.400
52.290
53.780
53.740
56.250
57.600
59.150
60.570
60.580
64.280
67.880
66.460
67.080
65.970
68.680
66.660
69.790
72.130
68.570
62.340
56.670
51.520
46.840
42.580
38.710
35.190
31.990
29.080
26.440
24.040
21.850
19.860
