43.600
43.080
43.200
42.940
44.000
44.370
44.240
40.300
39.890
39.940
40.580
41.500
42.180
41.790
43.200
43.200
39.320
36.390
34.850
35.110
34.500
34.000
33.500
33.810
32.300
34.350
35.500
34.550
34.500
33.700
37.260
39.940
39.900
39.870
40.000
38.910
39.090
39.880
40.200
40.930
40.000
42.700
42.900
42.700
42.930
43.000
42.450
41.730
40.680
40.710
42.340
43.640
42.800
42.510
43.290
47.000
48.680
49.040
50.630
50.450
55.200
56.580
57.010
56.680
56.990
58.000
62.750
64.460
64.820
65.000
62.500
63.250
63.250
62.770
64.000
63.300
63.900
62.840
62.610
64.100
64.010
64.500
62.300
60.620
59.600
61.100
60.660
60.550
61.590
60.880
61.020
60.160
59.020
58.280
60.480
61.200
61.210
61.950
61.600
62.800
60.010
60.510
61.400
60.150
60.000
59.750
59.680
57.500
59.500
60.250
58.410
56.530
58.000
56.500
61.000
66.750
66.300
69.300
71.000
72.000
72.600
75.140
72.170
72.000
74.800
76.990
75.200
78.000
76.240
82.000
84.960
84.800
83.450
84.600
84.000
79.620
83.000
83.100
93.220
94.660
102.500
98.010
101.800
98.010
101.620
106.000
92.000
86.550
95.340
83.840
86.930
89.600
88.000
88.490
81.880
81.400
86.270
89.180
86.680
82.500
83.000
81.000
83.000
80.800
86.800
82.900
84.490
83.800
83.500
87.200
87.000
80.210
69.500
70.140
70.500
69.690
70.800
68.890
62.990
57.850
57.600
55.950
55.690
55.960
56.380
55.440
57.490
59.260
60.600
60.400
60.110
60.160
59.230
58.880
59.300
63.520
64.350
66.000
65.620
65.010
66.400
69.140
68.000
67.670
67.290
70.900
68.740
70.300
68.480
71.880
73.980
75.870
69.300
71.910
71.100
69.010
71.450
65.720
62.830
61.220
60.300
60.030
56.330
56.600
58.800
58.000
57.000
62.300
61.410
62.200
65.080
67.950
68.200
63.400
65.200
64.100
59.890
59.600
58.660
63.300
64.400
63.880
67.000
64.840
61.600
60.990
62.000
62.130
59.180
57.500
59.400
56.640
56.250
58.180
57.400
52.610
52.000
48.620
48.250
53.580
56.320
55.000
49.750
51.100
50.460
49.980
48.690
42.960
42.250
40.880
40.320
40.470
39.500
37.190
37.500
40.500
40.550
39.300
39.900
39.300
43.380
45.200
46.950
47.400
46.920
44.580
42.500
43.070
44.900
45.000
44.160
44.500
45.320
49.500
47.770
47.380
49.650
49.000
43.460
42.900
44.400
40.620
39.010
39.430
39.800
37.900
37.610
38.400
36.900
38.000
34.830
31.660
28.780
26.160
23.780
21.620
19.650
17.860
16.240
12.300
