0.400
0.610
0.010
0.750
0.200
0.250
-1.010
-0.190
0.670
-0.270
-1.800
-0.790
-0.460
-0.070
0.070
1.360
0.090
1.350
-1.910
0.740
-0.700
2.240
0.200
0.440
1.000
-3.790
1.440
0.290
-0.810
-1.040
-5.600
-1.830
0.530
-0.140
-0.010
1.050
-1.230
1.180
0.710
-0.510
1.500
-0.500
-0.480
-1.020
-0.260
-0.650
-0.290
2.090
0.410
1.020
-1.620
-0.530
-1.450
2.440
-0.210
-4.400
-0.750
1.000
-3.800
1.450
-6.350
-0.800
-0.700
0.940
-0.740
-1.050
-5.750
-1.350
0.870
-0.320
0.250
0.100
1.890
1.440
-2.890
2.550
-0.990
-1.250
1.010
0.720
2.590
-0.700
0.200
3.740
0.150
-1.110
-0.340
0.890
-0.110
1.560
0.580
0.250
1.740
-2.290
-2.380
-1.200
-0.640
0.090
2.450
-2.360
0.040
1.020
-0.910
3.350
-2.860
-0.450
1.670
-2.000
1.350
4.060
1.460
-2.270
3.200
-4.080
-5.110
0.880
-4.490
-2.130
-0.920
-3.450
-3.790
0.100
2.610
4.550
0.080
1.100
-1.070
0.400
-3.070
-0.810
1.530
0.520
-2.620
1.420
2.740
-1.630
1.580
-8.440
-3.710
-2.480
1.010
1.100
-1.220
-7.100
-2.110
1.510
-1.460
-4.000
3.060
-4.300
-1.000
4.820
0.290
2.600
0.110
-5.180
0.250
-1.880
5.270
5.470
-0.510
3.650
8.560
7.780
7.070
6.430
4.830
4.390
3.990
3.630
3.300
3.000
2.730
2.480
2.250
2.050
1.860
1.690
5.170
