27.310
24.930
25.170
25.270
24.770
24.300
24.750
25.150
24.950
24.680
25.350
26.780
25.440
25.400
25.610
25.680
31.700
31.420
31.680
32.120
32.480
31.500
30.410
30.590
30.410
31.880
33.480
32.290
32.400
32.460
35.100
37.160
37.950
37.780
37.990
37.170
36.220
36.330
35.490
35.880
35.160
35.400
36.590
36.990
36.940
37.100
37.480
37.180
37.100
37.180
35.940
36.220
37.300
37.160
39.980
41.450
45.000
45.500
46.300
45.250
46.600
46.950
46.780
45.650
46.500
45.510
50.000
51.680
52.660
50.200
51.450
52.000
51.450
49.330
51.250
51.380
49.280
49.880
48.070
48.880
50.310
51.480
48.280
48.280
46.580
45.650
45.670
45.480
49.530
47.490
44.390
44.230
44.750
46.000
51.280
49.950
50.730
46.120
41.930
38.120
34.650
31.500
28.640
26.040
23.670
23.670
21.520
19.560
17.780
16.160
14.690
13.350
12.140
11.040
10.040
9.130
