24.110
24.080
23.920
23.650
23.230
23.360
23.410
24.130
23.660
23.370
24.000
24.730
24.760
25.300
25.420
24.090
23.920
23.470
23.410
24.310
23.880
23.010
22.490
22.880
21.610
22.200
23.600
23.760
23.110
23.510
23.950
25.080
27.010
27.110
27.100
26.010
26.280
27.060
26.000
27.470
51.600
52.030
51.500
52.420
51.510
51.910
51.880
51.370
55.450
54.900
54.010
56.410
55.760
54.900
55.800
55.510
57.900
58.410
57.200
54.400
54.450
59.810
60.660
58.410
58.100
58.500
60.580
65.020
67.150
68.510
67.560
65.700
66.500
65.580
66.620
67.700
66.660
64.330
63.490
62.060
61.800
62.320
62.500
61.580
60.310
61.150
62.110
60.520
60.510
59.710
58.870
58.080
58.320
56.500
58.320
59.040
59.740
60.200
57.070
57.880
60.000
59.060
58.430
57.400
57.210
57.890
57.110
57.110
57.790
55.560
54.700
56.500
56.670
59.440
65.850
68.900
68.800
69.500
68.510
68.100
71.850
71.680
70.600
69.830
72.010
74.010
74.800
71.500
73.110
77.980
77.900
77.770
78.110
79.560
77.910
77.110
77.600
80.280
88.440
90.700
92.200
95.200
93.720
98.220
103.230
101.700
102.040
107.100
101.500
99.020
96.600
98.110
92.190
91.600
91.200
92.180
94.300
98.660
96.000
93.660
91.000
92.510
93.500
93.050
90.030
92.780
95.570
96.010
91.910
90.980
89.030
88.910
91.200
93.590
91.190
94.800
92.220
92.600
96.000
96.010
89.750
86.780
82.500
83.770
81.500
79.690
82.400
84.030
85.030
86.400
91.500
92.010
92.000
85.500
93.550
98.200
89.270
81.150
73.770
67.060
60.960
55.420
50.380
45.800
41.640
37.850
34.410
31.280
28.440
25.850
19.580
