20608.53
20766.18
20033.64
14429.29
32353.09
12773.70
11071.00
11466.56
10858.18
17199.05
17352.75
16744.90
20897.54
15946.78
26862.53
53359.14
22476.32
15936.40
17637.73
18533.70
23097.05
26869.04
15298.78
22818.13
18986.61
22211.64
25591.07
21722.68
22597.44
21341.22
21100.28
23556.27
19365.47
23106.43
39666.97
32676.05
23898.36
20303.12
26513.45
26381.07
20827.90
21949.72
24729.21
22361.27
30931.84
21834.77
31545.67
51846.27
27161.63
22494.24
23095.26
19369.53
31584.56
39385.58
26084.31
48874.85
39419.82
22009.73
34991.83
47289.47
84118.32
46743.44
55831.25
52564.74
71160.74
80267.90
115391.16
88363.65
103576.85
107260.44
156335.72
168444.22
235122.94
172345.42
189739.36
177873.69
126350.66
145715.23
93800.36
93602.16
154860.53
198904.92
245874.77
218187.80
219948.94
218491.94
118138.91
121151.69
178617.77
210230.84
190135.38
216744.31
301790.00
79352.01
49110.52
11346.36
1094.55
706.17
1066.26
997.43
516.28
348.88
394.43
385.38
306.35
36.43
144.00
76.00
38.00
183.86
