40.100
40.670
40.390
40.510
40.000
40.010
40.250
39.800
40.200
39.800
39.360
40.780
41.000
41.280
41.330
41.910
40.850
41.090
39.500
41.060
41.080
40.320
39.210
38.940
38.570
37.110
39.510
40.200
71.730
71.800
71.170
75.000
76.650
78.180
80.030
79.000
79.020
77.600
78.300
78.100
79.690
80.200
83.600
80.200
78.700
77.880
78.760
78.270
76.500
76.190
75.150
78.650
79.960
81.470
80.450
80.490
84.400
84.390
81.480
83.390
82.090
91.210
94.790
93.500
90.580
92.060
98.900
105.010
102.950
104.900
103.430
101.960
100.720
101.500
99.900
103.150
102.350
100.400
99.790
99.290
98.300
96.300
97.940
96.310
94.480
92.800
94.150
93.800
93.770
95.470
94.810
94.990
94.700
95.400
95.520
99.800
98.000
99.880
95.990
94.200
95.600
95.440
93.350
94.750
92.190
94.340
95.800
94.990
92.380
92.180
90.420
88.530
92.050
90.000
97.410
102.710
102.900
104.200
104.890
105.880
111.650
112.610
111.100
109.020
112.530
114.320
115.400
115.230
115.240
121.300
124.240
124.300
120.330
123.610
124.330
121.990
122.200
118.500
124.370
127.270
128.250
127.900
128.000
131.470
139.530
139.670
140.180
144.910
149.280
149.890
146.200
149.800
146.300
143.440
141.870
143.050
145.460
147.140
148.000
150.110
147.080
145.370
142.500
143.780
140.840
141.100
141.480
146.300
147.000
146.610
144.420
142.100
140.950
144.170
142.350
140.360
143.100
143.000
146.310
148.500
146.770
137.870
138.500
137.300
139.200
134.480
140.140
145.560
145.720
146.260
147.280
146.750
146.410
148.240
150.710
158.840
161.600
166.780
163.000
166.000
170.400
166.960
164.910
167.940
167.360
179.900
183.800
189.000
186.900
175.520
159.560
145.050
131.860
119.870
108.970
99.060
90.050
81.860
74.420
67.650
61.500
55.910
50.830
46.210
42.010
38.190
34.720
31.560
