104.660
102.540
93.220
94.980
94.300
91.120
91.350
97.240
96.760
95.770
93.890
98.000
95.640
96.680
96.600
93.050
89.120
87.350
79.410
80.060
75.750
78.050
76.490
74.990
73.500
68.760
72.280
74.720
73.620
72.080
73.200
74.970
83.300
82.800
83.060
84.200
79.440
80.180
76.580
74.670
76.680
74.640
76.290
79.380
80.540
79.610
79.400
79.500
77.720
70.650
68.630
74.000
76.400
79.980
79.260
79.300
86.800
86.400
87.900
87.780
92.210
102.460
100.070
102.910
107.840
99.730
90.660
82.420
74.930
68.120
61.930
56.300
51.180
46.530
42.300
38.450
34.950
31.770
28.880
26.250
23.860
21.690
19.720
17.930
