22.580
22.770
23.080
23.100
23.110
22.650
34.030
34.620
34.020
33.500
34.060
34.730
34.860
35.160
34.960
35.000
34.710
33.700
33.600
35.890
36.300
35.030
34.580
34.450
32.500
33.600
36.310
35.810
34.510
33.250
33.010
35.510
36.930
37.030
36.060
34.760
34.560
34.020
32.700
33.020
31.810
32.300
34.220
34.070
33.980
34.430
34.810
33.100
33.030
33.160
32.500
32.210
32.100
32.120
32.150
32.500
35.530
36.260
36.050
35.950
36.270
40.220
40.480
39.010
39.800
40.440
42.990
47.000
46.760
46.230
44.520
46.400
45.910
43.700
44.380
43.950
42.890
43.510
41.770
43.200
44.600
46.210
45.010
44.120
44.100
45.000
47.770
43.430
39.480
35.890
32.630
29.660
26.960
24.510
22.280
20.250
18.410
16.740
13.950
