23.850
22.390
22.460
22.590
22.610
22.660
23.200
23.890
23.650
23.610
24.800
25.360
26.190
26.500
27.900
27.600
27.400
25.930
24.970
29.200
53.800
48.910
45.990
44.650
41.750
44.000
48.630
45.470
43.550
44.170
46.330
54.400
55.190
56.560
58.450
57.990
53.670
52.520
48.390
49.540
47.300
49.790
51.990
47.970
48.360
46.330
46.780
46.800
46.450
44.430
41.370
42.990
42.460
42.450
42.590
43.980
48.970
48.700
50.560
51.310
53.000
58.840
62.330
61.640
62.390
64.260
67.330
68.950
76.490
76.700
76.430
69.480
63.160
57.450
58.590
58.240
55.990
55.700
55.770
57.390
59.570
54.150
49.230
44.750
40.680
36.980
33.620
30.560
27.780
25.250
22.950
20.860
18.960
17.240
