-1.500
0.860
-0.420
0.960
1.190
0.300
-1.890
-0.250
0.450
-1.090
-1.720
0.410
-1.200
1.450
-0.920
0.570
1.460
1.370
-1.910
-0.370
-0.890
1.940
0.280
0.770
1.570
-1.730
1.060
0.180
-0.740
1.340
-6.060
-6.730
4.730
0.790
0.770
0.750
1.060
0.830
1.950
-2.530
2.560
-2.350
-0.930
-1.420
0.080
-0.980
0.990
1.800
-0.040
2.530
0.320
0.570
-3.470
2.250
-2.240
-6.590
0.450
-0.410
-3.040
3.610
-3.730
-0.270
0.550
-0.760
1.180
-6.220
-5.150
-1.580
7.390
1.410
-1.940
1.940
1.350
1.190
-2.910
2.820
-1.000
-0.080
4.330
-2.930
-1.970
-1.300
0.890
0.820
2.040
0.110
-4.480
3.720
-4.030
6.020
3.070
5.890
3.050
-6.210
5.640
5.130
4.660
4.240
3.850
3.500
3.190
2.900
2.630
2.390
2.180
2.180
1.980
6.040
