34809.43
30780.00
21482.37
27304.00
35897.03
29572.66
26206.00
34365.61
50443.54
60142.17
39539.08
59513.98
29638.00
15031.90
18551.32
26989.95
25469.00
14561.00
16910.00
14332.00
21524.00
22914.10
12423.10
20526.10
18004.00
28404.50
28429.00
23753.00
24499.23
19566.00
30308.08
38228.93
40337.08
45258.34
68601.64
45108.93
50544.09
51371.60
46980.81
44893.40
37488.84
43362.01
59756.36
70676.64
80286.34
62846.02
62496.29
83054.81
83623.05
25643.69
62316.36
98284.08
91371.80
4825.52
47555.11
74897.36
896.00
505.00
317.00
249.32
80.00
48.00
36.00
58.00
40.00
21.00
10.00
6.00
33.00
42.00
