42.230
38.390
34.900
35.160
34.270
33.740
33.500
34.330
33.990
33.700
33.340
34.990
35.520
36.110
35.700
36.590
33.260
33.080
32.330
34.680
34.300
35.280
33.540
33.800
34.100
33.450
36.390
36.890
36.580
36.580
36.460
38.230
40.310
42.050
43.040
43.110
42.430
41.540
41.370
39.700
41.470
39.000
40.300
40.800
42.230
42.640
43.790
44.060
42.210
42.050
39.950
39.610
41.200
41.680
40.250
42.840
47.600
48.000
47.800
50.000
49.360
54.840
56.610
55.990
55.280
58.810
61.000
63.400
69.600
72.110
73.850
73.100
71.150
69.740
69.000
73.250
72.000
71.540
65.040
59.130
53.750
48.860
44.420
40.380
36.710
33.370
30.340
27.580
25.070
22.790
20.720
18.840
17.130
15.570
14.150
12.860
11.690
