22.470
22.250
21.700
21.740
21.540
21.050
20.970
21.400
21.340
21.130
21.050
21.850
22.000
22.200
22.000
22.100
21.480
21.600
20.920
22.200
22.010
22.250
21.320
21.190
20.980
20.250
21.950
22.100
21.660
21.810
21.460
23.000
24.490
25.060
25.450
25.290
24.620
24.580
24.360
23.830
24.770
24.330
25.230
26.550
27.190
26.650
26.770
26.910
25.110
24.900
24.540
26.000
26.230
26.990
25.810
25.820
28.690
29.620
30.130
31.450
30.460
33.830
36.890
33.540
35.310
32.100
29.180
26.530
24.120
21.930
19.940
18.130
16.480
14.980
13.620
12.380
