4.330
2.780
-0.650
3.380
-0.570
0.550
-0.900
0.840
-0.020
1.550
-1.980
-0.020
-0.040
-1.960
-3.070
1.890
1.280
2.010
-1.120
1.620
-3.860
8.550
-1.790
1.540
3.660
-2.510
0.470
0.340
1.230
4.460
-5.800
-7.590
-0.800
0.270
-1.380
4.820
-0.520
-1.210
3.310
0.790
1.410
-1.520
0.720
-2.990
-2.070
-0.240
-0.030
6.520
-0.870
1.500
2.280
1.550
-0.950
4.910
2.210
-9.070
-1.350
-1.620
-4.030
8.890
-1.840
1.590
8.100
1.010
-4.380
-2.220
-3.190
-0.890
-0.020
7.150
-2.950
2.220
2.080
2.200
-2.880
2.280
-1.650
-0.100
2.590
-1.080
-1.460
-1.160
2.710
4.230
-3.560
3.770
-0.740
0.920
-0.890
7.000
6.370
5.790
5.260
4.780
4.350
3.950
3.590
3.270
2.970
2.700
8.250
