2.120
9.320
-1.760
0.680
3.180
-0.230
-5.890
0.480
0.990
1.880
-4.110
2.360
-1.040
0.080
3.550
3.930
1.770
7.940
-0.650
4.310
-2.300
1.560
1.500
1.490
4.740
-3.520
-2.440
1.100
1.540
-1.120
-1.770
-8.330
0.500
-0.260
-1.140
4.760
-0.740
3.600
1.910
-2.010
2.040
-1.650
-3.090
-1.160
0.930
0.210
-0.100
1.780
7.070
2.020
-5.370
-2.400
-3.580
0.720
-0.040
-7.500
0.400
-1.500
0.120
-4.430
-10.250
2.390
-2.840
-4.930
8.110
9.070
8.240
7.490
6.810
6.190
5.630
5.120
4.650
4.230
3.850
3.500
3.180
2.890
2.630
2.390
2.170
1.970
1.790
5.480
