18.310
18.250
18.380
18.210
18.250
18.250
18.250
18.080
17.730
18.050
18.360
18.450
18.580
18.450
18.430
17.860
18.040
18.000
18.060
17.950
18.010
18.480
17.400
17.500
17.110
17.670
17.660
17.300
17.070
16.680
17.000
17.670
17.550
17.570
17.570
17.510
17.080
17.000
17.450
18.810
19.090
19.300
18.380
18.000
17.880
18.500
18.330
18.400
18.140
17.780
17.700
17.540
17.380
17.660
18.010
18.650
18.870
18.710
18.450
19.190
19.070
19.340
19.470
19.240
19.310
19.940
20.240
20.300
20.050
20.410
20.150
20.080
19.980
20.060
19.880
20.200
20.380
20.440
20.280
20.500
21.350
21.280
21.250
21.060
20.900
21.510
21.520
21.380
22.080
22.450
23.050
23.870
23.650
24.100
30.320
28.980
24.540
23.230
23.290
22.980
23.750
23.420
23.290
23.000
22.920
22.110
21.600
21.690
22.100
22.090
22.400
22.520
23.000
23.180
22.800
22.400
22.030
21.720
21.990
21.890
22.980
22.200
20.880
21.400
21.350
21.520
21.500
21.770
21.200
20.700
20.650
19.520
20.230
19.900
19.930
19.900
19.830
19.850
20.590
20.670
20.250
20.260
20.360
20.280
20.220
20.580
19.900
19.830
20.480
20.060
20.210
19.950
19.260
18.950
18.700
18.770
18.890
18.650
18.710
18.450
18.120
17.850
18.260
18.600
18.790
18.930
18.500
19.000
18.580
18.610
18.320
18.110
18.140
18.460
18.670
18.440
18.240
18.500
17.730
17.950
17.890
17.800
18.550
18.130
17.920
17.850
17.910
17.640
17.490
17.510
17.520
18.160
18.310
18.080
17.880
17.790
17.960
18.040
17.840
18.130
17.920
18.060
17.750
18.120
18.000
18.750
19.680
19.600
19.340
19.490
19.120
19.000
19.210
20.010
19.900
19.580
19.570
19.920
19.430
17.830
18.940
19.300
19.380
16.590
16.360
16.060
16.370
16.700
16.130
16.150
16.300
16.280
16.400
16.150
15.910
16.090
16.080
16.350
15.640
15.650
15.330
15.280
15.450
15.410
15.000
14.650
15.250
15.200
15.180
15.780
15.480
15.440
15.650
15.110
15.000
15.210
15.660
15.780
15.300
15.390
15.210
14.910
14.430
14.320
14.330
15.040
16.060
16.200
16.480
16.210
16.050
16.000
16.470
18.080
17.810
17.410
17.850
18.110
17.290
17.310
17.050
17.210
18.320
18.140
17.970
16.360
16.470
16.080
16.700
17.250
16.800
17.310
17.320
17.500
17.720
17.090
16.580
16.760
17.010
16.500
15.790
17.100
17.000
16.760
15.740
16.200
16.120
15.170
14.820
15.080
14.880
16.560
16.330
16.540
16.160
15.790
16.000
14.230
13.510
13.200
14.160
14.070
13.730
13.050
15.820
15.700
16.000
15.920
14.510
13.800
14.170
14.800
14.280
13.900
14.900
13.480
14.120
13.400
14.650
15.550
16.450
16.560
16.300
19.600
20.340
20.720
20.110
19.640
19.300
19.500
20.120
20.120
20.150
19.400
19.330
19.020
18.890
18.400
18.890
19.850
20.200
20.020
19.910
20.000
19.830
19.600
20.980
22.610
24.500
27.220
27.100
28.150
26.700
23.800
22.300
24.100
22.600
22.700
20.650
18.570
18.110
18.450
17.790
17.200
17.590
17.230
17.280
17.170
16.640
16.400
16.800
17.350
18.100
18.010
18.300
17.200
18.300
18.300
17.950
18.390
17.950
17.300
17.750
17.180
17.200
18.220
17.950
17.950
17.360
17.820
18.220
18.100
17.330
17.500
17.010
17.560
17.100
17.150
16.800
17.290
16.720
16.380
16.330
16.410
16.180
16.690
16.050
15.660
15.250
15.700
15.590
15.050
15.150
15.290
15.030
15.000
15.140
14.750
14.300
14.610
14.680
14.410
14.180
14.060
13.890
13.700
13.870
14.540
14.850
14.920
14.900
14.410
15.240
15.090
15.390
15.980
14.090
14.310
13.970
13.710
13.350
13.660
13.500
13.400
13.510
13.300
13.770
14.390
13.810
14.170
14.190
14.120
13.780
13.520
13.930
13.800
13.740
13.110
13.330
13.880
14.070
14.200
14.520
14.740
13.990
14.100
13.390
13.140
13.510
13.580
14.110
14.040
14.250
14.050
14.640
14.220
13.910
14.060
13.900
14.070
13.780
13.680
13.600
13.530
13.250
13.170
13.340
13.050
13.820
13.630
14.050
13.680
13.460
13.650
13.830
13.770
14.020
13.950
13.760
13.500
13.140
13.350
13.850
14.050
13.660
14.050
13.020
12.930
12.860
12.950
13.060
13.220
12.920
12.910
12.880
12.720
12.860
12.620
12.550
12.850
12.760
12.540
12.600
13.660
11.600
11.750
11.870
11.790
11.770
11.660
11.670
11.490
11.350
11.300
11.290
11.290
11.120
11.060
11.210
11.260
11.240
11.080
11.010
10.950
10.890
10.850
10.740
10.600
10.650
10.900
10.930
10.910
10.900
10.770
10.630
10.690
10.630
10.420
10.500
10.620
10.700
