11.110
10.910
11.330
11.250
11.180
11.060
11.090
11.110
10.750
10.860
11.070
11.120
11.050
10.750
10.780
10.810
11.110
11.100
11.180
10.900
10.490
10.250
10.230
10.070
9.930
10.110
10.420
10.050
9.690
9.640
9.980
10.250
10.530
10.490
10.360
10.220
10.970
10.870
10.400
10.930
10.800
11.580
11.840
12.110
12.220
11.750
12.000
11.680
11.630
11.750
13.080
13.390
12.870
12.950
12.800
12.700
12.730
12.720
12.890
13.090
12.700
12.600
12.240
12.000
11.880
12.100
11.880
11.830
12.150
12.190
12.250
11.720
11.260
11.190
11.230
11.200
10.960
10.980
10.560
10.630
10.730
10.530
10.650
10.620
10.670
11.030
11.060
10.800
10.800
10.900
11.240
11.000
11.150
10.860
11.320
11.170
11.450
10.900
10.980
10.300
10.000
10.000
10.180
9.850
9.890
10.050
9.780
9.800
9.600
9.530
9.410
9.230
9.210
9.220
9.150
9.270
9.500
9.560
9.290
9.180
9.270
9.220
9.190
9.190
9.010
9.150
9.290
8.600
8.660
8.600
8.460
8.480
8.540
8.430
8.510
8.700
8.740
9.200
9.100
9.250
9.020
9.130
9.540
9.630
9.600
9.870
9.840
9.800
9.550
9.010
8.920
8.860
8.900
8.920
8.700
8.780
8.910
8.930
8.690
8.690
8.710
8.800
8.550
8.580
8.350
8.620
8.620
8.500
8.550
8.700
8.850
8.920
8.710
8.440
8.540
8.620
8.190
8.540
8.510
8.450
8.180
8.230
7.960
7.780
7.780
7.910
8.100
8.400
8.250
8.190
8.110
8.220
8.090
8.130
8.480
8.500
8.940
8.800
8.650
8.280
8.180
8.100
8.310
8.250
8.450
8.230
7.930
7.980
8.050
8.050
8.080
8.190
8.280
8.130
8.300
7.850
7.740
7.990
7.970
7.400
7.000
7.170
7.100
7.010
6.830
6.800
6.740
6.400
6.500
6.400
6.520
6.680
6.550
6.500
6.570
6.560
6.480
6.510
6.450
6.200
6.200
6.320
6.320
6.370
6.040
5.880
5.810
5.880
5.920
5.860
5.790
5.890
5.900
5.890
5.870
5.800
5.740
5.810
5.660
5.700
5.870
5.880
5.930
5.910
5.940
5.940
5.890
5.710
5.710
5.740
5.740
5.810
5.900
5.900
5.860
5.930
5.980
6.110
6.030
6.040
5.980
5.900
5.910
6.000
6.190
6.120
6.090
5.930
5.890
5.910
5.930
5.900
5.960
5.920
6.000
6.250
6.200
6.290
6.340
6.330
6.230
6.240
6.090
6.100
6.280
6.190
6.030
6.020
5.970
5.870
5.870
5.940
5.840
5.960
5.950
6.020
5.950
5.840
5.760
5.710
5.700
5.640
5.590
5.640
5.640
5.770
5.710
5.600
5.680
5.350
5.230
5.380
5.370
5.860
5.780
5.880
5.750
5.740
5.780
5.560
5.330
5.200
5.490
5.400
5.370
5.290
5.410
5.200
5.390
5.790
6.280
6.420
6.410
6.490
6.780
6.470
6.390
6.730
6.600
6.890
6.810
7.000
7.160
7.440
7.360
7.170
7.850
7.950
8.000
7.800
8.010
7.960
8.040
8.120
8.080
7.930
8.090
7.850
7.830
7.850
7.600
7.680
7.830
7.810
8.000
8.080
8.150
8.010
7.830
7.650
7.630
8.170
8.360
8.220
8.370
8.510
8.420
8.320
8.120
8.150
7.870
8.020
8.280
8.280
8.280
8.360
8.240
7.870
7.560
7.610
7.670
7.800
7.800
7.900
7.990
8.180
7.960
7.750
8.180
7.920
8.120
7.810
7.500
7.730
7.700
7.550
7.330
7.400
7.190
7.240
7.180
7.230
7.270
7.330
7.460
7.240
7.470
7.530
6.970
7.380
7.860
7.610
7.840
7.590
7.340
7.680
7.280
7.500
7.580
7.200
6.880
6.980
6.900
8.000
8.800
9.380
9.090
10.490
10.340
10.680
10.290
9.900
10.160
9.990
9.430
9.380
9.940
9.410
9.050
8.900
9.550
9.120
8.550
9.600
9.850
9.370
9.320
9.310
9.190
8.660
8.420
9.180
9.590
9.190
8.300
6.850
7.410
8.920
9.860
9.800
10.980
11.600
10.880
12.260
12.400
12.730
12.220
11.880
12.800
13.140
12.760
13.450
14.060
13.920
14.070
14.510
14.330
13.700
13.250
13.250
13.660
13.260
12.660
12.450
13.680
14.160
14.300
12.970
12.900
12.270
12.630
11.880
11.820
12.000
12.220
12.440
12.130
11.980
11.500
12.470
13.170
14.690
13.860
13.180
13.400
13.900
14.090
13.830
13.710
13.450
13.660
12.500
11.690
11.650
10.800
10.470
10.320
10.200
10.580
10.580
10.390
10.260
10.410
10.400
10.800
9.900
9.680
10.000
9.800
10.150
10.010
10.130
9.650
9.530
9.400
9.350
9.400
9.140
9.150
9.200
9.010
9.250
9.360
9.350
9.700
9.780
10.000
9.030
9.120
8.600
8.650
8.400
8.410
8.530
8.310
8.230
8.240
8.970
8.550
8.150
8.480
9.110
8.800
8.880
8.590
8.380
8.400
8.510
7.980
7.910
8.220
8.640
8.370
8.380
8.360
8.800
8.890
9.190
8.910
8.980
9.230
9.460
9.600
9.400
9.600
8.500
8.500
8.900
9.860
8.460
8.270
8.350
8.150
7.090
6.610
6.410
5.990
6.220
5.820
6.050
5.950
6.000
5.830
5.850
5.780
5.880
5.600
5.420
5.340
5.050
5.010
4.970
5.040
5.090
5.040
5.150
5.070
5.280
5.100
5.200
5.120
5.380
4.930
4.780
4.750
4.680
4.600
4.450
4.450
4.440
4.480
4.620
4.770
4.780
4.810
4.770
4.800
4.780
4.800
4.760
4.770
5.010
4.500
4.390
4.280
4.230
4.240
4.140
4.110
4.090
4.140
4.070
4.120
4.090
4.060
4.100
4.080
4.070
4.040
4.010
4.020
4.080
4.110
4.080
4.060
4.120
4.120
4.110
4.020
4.080
4.040
4.020
4.030
3.960
3.940
3.900
3.950
3.930
3.990
3.990
4.050
3.870
3.860
3.780
3.780
3.770
3.780
3.790
