4.460
4.460
4.460
4.450
4.420
4.430
4.330
4.350
4.320
4.240
4.310
4.360
4.390
4.330
4.340
4.340
4.410
4.330
4.320
4.330
4.380
4.310
4.310
4.270
4.160
4.190
4.230
4.210
4.160
4.060
4.110
4.160
4.250
4.250
4.290
4.150
4.170
4.090
3.990
4.030
4.100
4.120
4.230
4.260
4.260
4.240
4.200
4.070
4.120
4.110
4.030
4.250
4.260
4.200
4.400
4.410
4.460
4.430
4.480
4.350
4.330
4.360
4.320
4.300
4.250
4.500
4.210
4.180
4.150
4.040
4.040
4.050
4.050
4.050
4.040
4.060
4.050
4.070
4.030
4.040
4.060
4.120
4.130
4.100
4.100
4.140
4.140
4.120
4.120
4.140
4.160
4.170
4.170
4.150
4.140
4.100
4.110
4.090
4.070
4.020
4.010
3.970
3.990
3.980
3.980
3.990
3.970
3.970
3.980
3.950
3.940
3.950
3.910
3.830
4.020
4.050
4.080
4.100
4.090
4.090
4.090
4.080
4.040
4.010
4.010
4.010
4.050
4.010
4.020
4.070
4.040
4.010
4.010
4.010
4.000
4.000
4.000
4.000
4.150
4.160
4.120
4.120
4.120
4.160
4.220
4.190
4.210
4.170
4.110
4.160
4.170
4.200
4.200
4.200
4.260
4.230
4.250
4.120
4.060
4.040
3.980
4.020
3.980
4.000
3.980
3.990
4.020
3.990
4.050
4.070
4.090
4.110
4.080
4.040
4.020
4.010
3.980
3.980
3.990
4.010
4.000
3.970
3.940
3.920
3.930
3.930
3.930
3.940
4.000
4.020
4.000
4.000
4.010
4.000
4.020
4.020
4.080
4.070
4.090
4.050
4.060
4.050
4.090
4.070
4.080
4.080
4.090
4.080
4.140
4.140
4.140
4.140
4.160
4.140
4.150
4.090
4.050
4.050
4.090
4.070
4.030
4.050
4.040
4.040
4.040
4.010
4.060
4.060
4.050
4.120
4.110
4.120
4.170
4.170
4.170
4.170
4.230
4.240
4.250
4.190
4.170
4.110
4.100
4.090
4.080
4.010
4.010
4.040
4.040
3.990
3.960
3.940
4.030
4.030
4.030
4.030
4.050
4.040
4.000
4.010
4.000
4.150
4.170
4.210
4.200
4.200
4.190
4.100
4.090
4.110
4.090
4.130
4.110
4.140
4.090
4.110
4.060
4.160
4.160
4.130
4.070
4.170
4.140
4.120
4.320
4.460
4.460
4.360
4.340
4.350
4.450
4.420
4.420
4.440
4.470
4.490
4.800
4.820
4.960
4.970
4.930
4.850
4.860
4.800
4.930
4.960
5.010
4.970
4.940
4.680
4.610
4.590
4.550
4.500
4.520
4.560
4.590
4.400
4.290
4.300
4.310
4.280
4.180
4.260
4.360
4.280
4.460
4.310
4.380
4.120
4.000
4.010
4.130
4.290
4.640
4.610
4.710
4.650
4.690
4.530
4.460
4.130
4.230
4.190
4.080
4.070
4.000
3.990
4.100
4.190
4.620
5.030
4.950
4.970
5.140
5.020
4.910
4.940
4.920
5.160
5.140
5.120
5.330
5.500
5.810
5.520
5.920
6.520
6.510
6.500
6.500
6.670
6.600
6.750
6.770
6.820
6.890
6.830
6.800
6.830
6.480
6.440
6.670
6.590
6.650
6.800
6.800
6.890
6.480
6.930
6.820
7.520
8.220
8.230
8.230
8.190
8.050
7.830
7.780
7.880
7.520
7.710
8.000
7.750
7.600
7.550
7.250
7.090
6.890
6.720
6.970
7.200
7.300
7.530
7.600
7.600
7.430
7.110
6.900
7.280
7.240
6.900
6.560
6.520
6.000
5.700
5.500
5.460
5.320
5.300
5.360
5.300
5.520
5.400
5.480
5.230
5.220
5.280
5.080
5.150
5.470
5.950
5.950
5.960
5.610
5.750
5.820
6.100
6.580
6.460
5.830
5.750
6.340
7.040
7.770
8.170
7.710
8.440
8.510
8.350
8.020
8.030
8.110
7.990
7.410
7.050
7.120
6.920
6.790
7.200
7.650
7.200
6.820
7.570
8.260
8.450
8.040
7.650
7.600
7.170
6.390
7.100
7.200
6.950
6.080
5.320
5.180
5.750
5.840
6.490
7.210
7.800
6.890
7.650
8.500
9.210
9.690
8.980
9.950
10.410
9.660
9.400
9.980
8.980
8.570
8.300
8.180
7.690
7.690
7.120
7.600
7.960
7.060
6.290
6.850
7.240
6.900
6.450
6.310
6.120
6.070
5.870
5.750
5.820
6.060
6.110
6.020
5.800
5.600
5.500
5.850
6.270
6.610
6.600
6.460
6.550
6.800
6.710
6.750
6.620
6.430
6.370
6.170
6.010
6.120
6.090
6.000
5.950
5.650
5.800
6.000
5.880
5.900
5.900
5.930
5.820
5.700
5.750
5.820
5.460
5.640
5.510
5.470
5.330
5.180
5.120
5.060
5.020
5.040
5.090
5.030
5.030
5.020
5.120
5.020
5.060
4.980
4.880
4.820
4.730
4.690
4.670
4.560
4.530
4.500
4.420
4.490
4.750
4.810
4.780
4.750
4.850
5.010
5.130
4.400
4.470
4.470
4.420
4.310
4.170
4.180
4.590
4.460
4.510
4.590
4.550
4.660
4.630
4.720
4.710
4.660
4.570
4.600
4.750
4.740
4.670
4.600
4.510
4.600
4.730
4.660
4.640
4.580
4.540
4.700
4.850
4.400
4.320
4.180
4.010
4.150
4.120
4.110
4.110
4.120
4.110
4.130
4.120
4.070
4.040
4.030
4.030
4.040
3.920
3.900
3.990
3.980
4.100
4.110
4.060
4.040
4.020
4.170
3.950
3.840
3.550
3.450
3.430
3.360
3.350
3.270
3.350
3.400
3.350
3.280
3.430
3.460
3.500
3.470
3.560
3.570
3.580
3.550
3.560
3.530
3.470
3.440
3.440
3.420
3.430
3.450
3.270
3.350
3.500
3.450
3.380
3.310
3.310
3.180
3.140
3.120
3.020
2.930
2.900
2.920
2.970
3.000
3.070
2.950
2.910
2.910
2.890
2.910
2.840
2.840
2.840
2.850
2.840
2.820
2.830
2.850
2.810
2.780
2.780
2.800
2.790
2.790
2.760
2.730
2.710
2.690
2.680
2.690
2.750
2.760
2.750
2.760
2.770
2.750
2.720
2.760
2.750
