9.700
9.640
9.610
9.610
9.560
9.510
9.470
9.520
9.500
9.370
9.400
9.560
9.640
9.580
9.540
9.540
9.350
9.310
9.210
9.360
9.360
9.370
9.080
8.950
8.990
8.810
9.130
9.100
9.130
9.030
8.910
9.280
9.590
9.590
9.720
9.690
9.310
9.260
9.430
9.320
9.780
9.710
10.050
10.150
10.200
10.250
10.380
10.220
10.210
10.460
10.730
10.690
10.490
11.010
11.470
11.620
11.950
12.200
12.350
12.350
12.590
12.640
12.590
12.530
12.040
12.040
12.820
12.950
12.680
12.980
13.100
13.050
13.280
13.120
13.080
13.230
13.190
13.350
13.280
13.250
13.210
13.410
13.250
13.210
13.080
13.040
13.170
13.130
12.870
13.050
12.970
13.140
13.290
12.940
12.540
12.710
12.520
12.760
12.860
12.970
13.080
12.940
12.920
12.910
12.940
12.920
12.840
12.830
12.660
12.640
12.230
12.290
12.260
11.970
12.800
13.820
13.760
13.920
14.380
13.670
13.450
13.500
13.160
13.070
13.180
13.470
13.410
13.370
13.770
13.680
13.650
13.800
13.680
12.850
12.060
11.860
11.860
11.720
12.410
12.600
12.630
12.500
12.450
12.600
13.110
13.100
13.460
13.710
13.430
13.280
13.450
13.260
13.230
13.360
12.800
12.860
12.700
12.700
12.650
12.470
12.140
12.340
12.340
12.560
12.650
12.260
12.420
12.090
11.860
11.960
12.000
11.360
11.300
11.190
11.190
11.150
11.110
10.940
11.000
11.070
11.140
11.120
11.150
10.970
10.990
10.770
10.780
10.740
10.810
10.960
10.910
10.860
10.910
10.770
10.520
10.420
10.760
10.820
10.760
10.770
10.680
10.570
10.570
10.570
10.510
10.460
10.360
10.350
10.430
10.680
10.700
10.560
10.500
10.450
10.490
10.510
10.330
10.250
10.370
10.380
10.330
10.180
10.150
10.090
9.950
9.880
10.080
10.080
10.060
10.530
10.550
10.880
10.860
10.850
10.800
10.790
10.870
10.860
10.890
11.010
10.970
11.190
11.160
10.820
10.680
10.620
10.310
10.270
10.200
10.180
10.040
9.870
10.000
10.160
9.890
9.980
9.970
9.910
9.900
9.530
9.510
9.900
9.880
9.880
9.980
9.850
9.750
9.700
9.400
9.390
9.310
9.150
9.180
9.180
9.050
8.960
8.960
9.300
9.300
9.190
9.240
9.460
9.600
9.520
10.050
10.580
10.520
10.510
10.210
10.290
10.370
10.540
10.260
10.410
10.370
10.410
10.990
11.110
10.970
10.910
10.790
10.630
10.550
10.160
10.300
10.530
10.430
10.140
10.250
10.250
9.930
10.200
10.110
9.960
10.180
10.160
10.250
10.070
9.690
9.470
9.560
9.590
9.330
9.260
9.300
9.530
9.480
9.230
9.400
9.350
8.790
8.460
8.960
8.870
9.860
9.760
9.900
9.660
9.630
9.690
9.620
9.280
9.270
9.400
9.120
9.100
8.830
9.100
8.700
8.820
9.000
9.910
9.770
9.560
10.000
10.150
9.780
9.700
10.390
10.090
10.960
11.230
11.930
10.860
12.060
11.600
11.920
13.290
13.470
13.150
12.840
12.930
12.780
12.730
13.030
13.010
12.990
12.500
12.290
12.140
12.000
11.630
11.900
12.040
12.010
12.530
12.270
12.230
11.950
12.100
11.840
11.540
12.740
12.240
12.090
12.020
11.790
11.590
11.530
11.460
11.360
10.900
11.180
11.290
11.250
11.170
10.790
10.550
10.640
10.100
9.950
10.110
10.220
10.140
10.390
10.370
10.150
9.900
9.500
10.180
9.980
10.060
9.980
9.620
9.750
9.730
9.360
9.280
8.910
8.760
8.880
8.740
9.010
8.860
9.090
9.080
8.680
8.530
8.830
8.110
8.380
9.190
9.080
9.350
9.060
8.550
8.260
8.540
9.310
9.880
9.250
8.740
8.670
9.630
10.680
11.270
11.750
11.390
12.670
12.320
12.250
11.980
11.970
12.000
11.340
10.960
10.800
10.930
10.180
10.690
10.900
11.330
10.570
10.800
11.990
12.370
11.970
11.880
11.750
11.740
10.870
10.620
11.800
11.330
10.300
9.360
8.510
9.450
10.510
11.120
12.370
13.460
14.560
13.700
14.130
15.700
16.410
16.070
15.260
16.710
17.260
16.980
18.130
18.190
18.390
17.400
17.150
17.460
18.030
17.400
17.930
17.330
16.310
15.140
15.240
15.850
16.020
15.840
14.990
15.040
14.040
13.850
13.440
12.910
13.240
13.350
13.160
13.080
12.560
12.100
12.490
12.880
13.680
13.550
13.870
13.240
13.740
13.910
13.710
12.960
12.680
12.280
12.890
12.960
12.570
13.370
13.520
12.290
11.170
11.490
11.700
11.450
11.200
10.870
10.730
11.050
11.200
10.900
10.910
11.000
11.440
11.030
11.000
10.720
10.510
10.340
10.030
10.000
9.880
10.080
10.080
9.880
10.010
9.820
9.450
9.620
9.450
9.370
9.310
9.360
9.360
9.230
9.070
9.030
8.930
8.890
8.830
9.050
9.130
9.270
9.140
9.160
9.320
9.450
9.330
9.260
9.090
9.170
9.080
8.900
8.630
8.950
9.010
8.620
8.620
8.530
8.820
8.940
8.900
9.060
8.760
8.500
8.440
8.460
8.710
8.670
8.660
8.260
8.790
9.770
10.040
10.010
10.190
10.350
10.180
10.080
10.220
9.430
9.940
9.890
10.370
10.290
10.320
10.420
9.970
10.040
10.030
10.010
9.760
9.660
9.620
9.650
9.720
9.570
9.570
9.630
9.730
9.650
9.970
9.810
9.780
9.710
9.830
9.970
9.950
9.910
10.180
9.910
9.640
9.390
9.390
9.570
9.890
9.960
9.870
10.090
10.260
10.050
10.300
10.210
10.380
10.130
9.690
9.750
9.540
9.410
9.520
9.280
9.110
9.360
9.380
9.170
9.280
9.740
9.660
9.620
9.630
9.330
9.390
9.430
9.320
9.400
9.330
9.370
9.710
9.040
8.960
9.300
9.020
9.090
8.990
8.990
8.990
8.580
8.500
8.570
8.540
8.570
8.410
8.370
8.540
8.560
8.580
8.500
8.500
8.470
8.560
8.420
8.370
8.350
8.410
8.450
8.390
8.390
8.100
7.890
8.040
8.090
7.840
7.630
7.590
7.810
