9.630
9.600
9.600
9.570
9.420
9.450
9.480
9.500
9.370
9.400
9.560
9.660
9.590
9.500
9.490
9.300
9.310
9.280
9.350
9.370
9.370
9.040
8.950
8.930
8.830
9.160
9.200
9.130
9.030
8.820
9.270
9.590
9.600
9.680
9.710
9.290
9.210
9.430
9.310
9.780
9.640
10.010
10.140
10.140
10.280
10.350
10.230
10.170
10.460
10.730
10.700
10.560
10.960
11.330
11.680
11.940
12.270
12.380
12.400
12.590
12.530
12.650
12.500
12.050
12.090
12.820
12.900
12.700
13.040
13.100
13.100
13.250
13.120
13.070
13.230
13.190
13.380
13.300
13.160
13.200
13.380
13.250
13.210
13.030
13.000
13.110
13.090
12.870
13.060
13.030
13.160
13.180
12.920
12.490
12.680
12.550
12.650
12.860
12.930
13.030
12.970
12.900
12.840
12.900
12.960
12.700
12.920
12.680
12.740
12.290
12.040
12.310
11.970
12.710
13.820
13.750
13.940
14.300
13.680
13.380
13.470
13.160
13.100
13.130
13.440
13.340
13.500
13.680
13.680
13.560
13.700
13.480
12.850
12.020
11.760
11.860
11.650
12.410
12.530
12.660
12.540
12.430
12.250
13.110
13.050
13.410
13.650
13.390
13.200
13.510
13.330
13.190
13.360
12.720
12.840
12.750
12.720
12.650
12.530
12.240
12.310
12.360
12.690
12.510
12.250
12.330
12.020
11.830
11.880
11.840
11.400
11.350
11.200
11.140
11.150
11.130
10.880
10.990
11.070
11.100
11.070
11.120
10.970
10.940
10.740
10.780
10.710
10.780
10.960
10.930
10.860
10.870
10.740
10.520
10.450
10.620
10.820
10.720
10.740
10.660
10.570
10.580
10.570
10.520
10.480
10.360
10.370
10.370
10.590
10.670
10.610
10.500
10.450
10.510
10.510
10.370
10.250
10.350
10.390
10.320
10.100
10.100
10.180
9.970
9.830
10.030
10.090
10.010
10.520
10.450
10.830
10.890
10.760
10.820
10.710
10.870
10.820
10.910
11.050
10.950
11.100
11.120
10.760
10.560
10.610
10.200
10.320
10.180
10.180
9.990
9.710
9.960
10.100
9.780
10.110
9.950
9.900
9.830
9.420
9.530
9.800
9.860
9.830
9.980
9.820
9.750
9.700
9.390
9.380
9.270
9.140
9.210
9.200
9.070
8.900
8.910
9.280
9.290
9.130
9.260
9.360
9.560
9.520
9.910
10.600
10.460
10.450
10.140
10.220
10.350
10.350
10.280
10.380
10.300
10.400
11.020
11.100
10.960
10.970
10.890
10.700
10.480
10.220
10.200
10.580
10.370
10.160
10.200
10.220
9.930
10.010
10.120
9.920
10.110
10.180
10.170
10.140
9.690
9.460
9.620
9.530
9.420
9.110
9.270
9.300
9.430
9.180
9.380
9.330
8.820
8.500
8.960
8.980
9.810
9.700
9.890
9.780
9.620
9.720
9.680
9.300
9.010
9.320
9.120
9.000
8.830
9.000
8.610
8.730
9.270
9.850
9.830
9.720
9.770
10.110
9.830
9.380
10.300
9.700
11.090
11.280
11.700
11.190
11.850
11.600
11.320
12.980
13.480
13.200
12.750
12.980
12.780
12.660
13.030
12.960
13.000
12.520
12.310
12.230
12.040
11.540
11.810
12.010
11.990
12.500
12.270
12.090
11.980
12.030
11.840
11.620
12.640
12.260
12.100
11.850
11.800
11.570
11.470
11.400
11.410
10.750
11.090
11.300
11.250
11.010
10.740
10.540
10.610
10.070
10.000
9.890
10.100
10.200
10.320
10.200
10.330
9.910
9.540
10.190
10.020
10.090
10.000
9.580
9.700
9.650
9.360
9.220
9.180
8.780
8.710
8.700
8.950
8.890
8.890
9.080
8.600
8.640
8.710
8.110
8.280
9.220
9.110
9.170
9.050
8.550
8.400
8.310
9.250
9.600
9.310
8.900
8.900
8.900
10.330
10.950
11.520
10.980
12.600
12.300
12.470
11.860
11.820
11.980
11.420
11.000
10.580
10.850
10.200
10.560
10.660
11.130
10.700
10.100
11.660
12.350
11.940
11.870
11.560
11.820
10.880
10.050
11.410
11.660
11.150
10.030
7.700
8.510
10.100
12.230
12.150
13.630
14.400
13.600
14.450
15.090
16.300
16.180
15.470
16.500
17.240
17.100
18.000
18.220
18.390
17.360
17.150
17.210
18.170
17.600
17.930
17.360
16.310
15.300
14.670
15.860
16.080
16.000
14.880
15.150
14.060
13.860
13.400
12.810
13.210
13.330
13.160
13.080
12.800
12.260
12.460
12.880
13.550
13.520
13.960
13.280
13.740
14.200
13.690
12.990
12.730
12.120
12.700
13.000
12.300
13.000
14.250
12.820
11.180
11.510
11.700
11.510
11.130
10.930
10.740
10.980
11.000
10.900
10.850
10.970
11.100
11.880
11.000
10.710
10.450
10.400
10.110
10.030
9.860
10.080
10.080
9.780
10.010
9.830
9.410
9.600
9.480
9.380
9.300
9.370
9.390
9.230
9.100
9.030
8.930
8.870
8.810
9.060
9.280
9.280
9.160
9.100
9.320
9.360
9.380
9.260
9.070
9.200
9.090
8.920
8.680
8.790
9.050
8.610
8.620
8.510
8.740
8.920
8.900
8.990
8.710
8.520
8.490
8.480
8.680
8.670
8.590
8.430
8.360
8.810
10.000
9.990
10.200
10.380
10.160
10.050
10.030
9.420
9.860
9.900
10.370
10.370
10.350
10.420
9.980
10.030
10.120
10.020
9.790
9.750
9.630
9.660
9.690
9.550
9.570
9.500
9.750
9.600
10.030
9.850
9.800
9.720
9.790
9.970
9.960
9.950
10.070
9.960
9.700
9.350
9.430
9.480
9.890
9.970
9.850
10.060
10.180
10.010
10.340
10.200
10.300
10.130
9.710
9.750
9.550
9.410
9.590
9.290
9.130
9.310
9.380
9.170
9.300
9.650
9.660
9.600
9.650
9.300
9.380
9.430
9.400
9.410
9.350
9.300
9.830
9.050
8.870
9.050
9.020
9.090
8.990
8.970
8.990
8.610
8.490
8.580
8.520
8.550
8.420
8.400
8.510
8.550
8.580
8.500
8.490
8.480
8.570
8.420
8.350
8.350
8.410
8.470
8.380
8.360
8.080
7.880
8.050
8.010
7.880
7.670
7.600
7.840
7.800
