12.720
12.650
12.580
12.650
12.730
12.860
12.910
12.730
12.820
12.650
12.840
12.400
12.440
12.430
12.460
12.460
12.640
12.780
13.140
13.200
12.860
12.990
12.840
12.880
13.010
12.970
13.050
12.910
12.930
15.520
15.570
15.060
15.080
15.140
15.260
15.290
15.430
15.230
14.790
14.850
14.840
14.900
14.980
15.070
15.160
15.220
15.220
15.250
15.110
15.100
15.110
15.070
15.140
15.270
15.520
15.600
15.780
15.890
15.960
15.990
16.120
16.160
16.180
16.200
16.050
15.900
16.110
16.130
16.130
16.000
15.920
15.980
16.160
16.250
16.320
16.350
16.280
16.350
16.340
16.280
16.400
16.440
16.450
16.530
16.430
16.620
16.620
16.670
16.720
16.750
16.830
16.900
17.080
16.980
16.820
16.910
16.930
16.880
16.900
16.840
16.770
16.690
16.740
16.780
16.850
16.840
16.740
16.700
16.690
16.660
16.640
16.550
16.540
16.600
16.290
16.200
16.240
16.240
16.290
16.300
16.380
16.350
16.440
16.230
16.150
16.190
16.320
16.280
16.220
16.330
16.370
16.560
16.700
16.830
17.130
17.420
17.440
17.570
17.460
17.200
17.200
17.420
17.320
17.180
17.270
17.450
17.350
17.490
17.100
17.120
17.230
16.720
16.730
16.640
16.630
16.630
16.610
16.700
16.630
16.640
16.530
16.540
16.450
16.530
16.380
16.300
16.330
16.310
16.340
16.310
16.420
16.500
16.580
16.340
16.340
16.390
16.390
16.440
16.470
16.520
16.540
16.580
16.600
16.530
16.550
16.530
16.520
16.570
16.550
16.590
16.510
16.480
16.510
16.480
16.460
16.470
16.660
16.610
16.500
16.530
16.580
16.500
16.550
16.560
16.490
16.370
16.400
16.410
16.510
16.560
16.470
16.500
16.770
16.850
16.990
17.020
16.390
16.400
15.850
15.800
15.760
15.800
15.690
15.720
15.850
15.850
15.710
15.790
15.880
15.790
15.760
15.820
15.870
15.760
15.800
15.910
15.750
15.840
15.970
15.650
15.570
15.560
15.640
15.760
15.950
16.030
15.960
15.660
15.540
15.300
15.390
15.790
15.900
17.900
17.950
17.930
17.990
17.930
17.760
17.830
17.940
18.070
18.130
18.110
18.130
18.300
18.350
18.400
17.970
17.770
17.860
17.730
17.600
17.680
17.500
17.490
17.620
17.340
17.350
17.460
17.500
17.570
17.560
17.800
18.100
18.120
18.230
18.240
17.940
18.100
17.970
18.080
18.160
18.360
18.350
17.990
17.980
18.030
18.060
18.010
17.990
17.700
17.820
17.760
18.000
18.140
18.290
18.250
18.080
17.950
17.660
18.000
17.870
18.110
18.350
18.630
18.250
18.000
18.190
18.070
17.190
17.470
17.530
18.480
18.390
17.320
16.660
16.940
17.000
17.050
16.820
16.980
17.140
17.170
17.110
17.460
17.700
17.880
17.990
18.150
17.990
17.900
17.520
17.450
17.880
17.900
18.140
18.060
18.280
18.520
18.780
18.920
19.430
19.480
19.140
19.130
19.290
19.400
19.800
18.610
18.450
18.820
18.630
19.220
19.880
19.580
20.120
19.500
19.270
19.770
20.000
19.000
18.810
19.420
19.700
19.680
19.120
19.130
18.630
17.990
17.680
17.810
17.580
17.600
17.830
18.490
18.690
19.190
18.180
18.070
16.920
16.770
16.520
16.680
16.630
16.540
16.450
16.570
16.090
16.110
16.250
16.150
16.800
16.650
15.990
15.960
15.620
15.300
15.000
15.230
15.080
15.290
15.460
15.800
15.550
15.950
15.660
15.270
15.270
15.160
15.010
15.370
15.340
14.980
14.320
14.090
13.350
13.080
13.950
14.740
14.990
15.170
15.520
15.410
15.540
15.560
15.600
15.750
15.860
15.640
15.570
15.640
15.670
15.600
15.160
15.360
15.300
15.400
16.100
16.490
16.510
16.380
16.720
17.030
17.190
17.120
17.130
16.980
17.480
18.150
17.400
17.500
17.820
17.460
16.640
16.830
16.930
16.980
16.530
17.080
17.740
17.300
17.090
17.950
18.250
18.980
19.170
18.800
18.050
17.970
18.080
17.350
18.140
18.650
18.450
18.180
17.790
17.400
17.490
17.090
16.760
17.070
17.250
17.390
17.400
17.310
17.300
17.280
17.510
17.750
18.000
18.460
18.660
19.000
18.250
18.030
18.640
18.550
18.190
18.720
19.050
18.670
18.450
18.040
18.480
17.570
17.480
17.040
16.870
16.290
16.380
16.140
16.580
16.200
15.550
15.580
15.720
16.000
16.040
16.090
15.890
15.880
15.680
15.610
15.800
15.560
14.560
14.370
14.700
13.780
13.840
14.070
14.440
14.580
14.800
14.680
14.500
14.580
14.460
14.670
14.430
14.540
14.480
14.270
14.320
14.800
14.590
14.460
14.260
14.690
14.680
15.110
15.440
15.590
16.040
15.760
15.870
15.170
15.730
16.750
16.150
15.790
15.410
15.710
16.250
15.880
16.170
16.680
16.250
15.790
15.500
15.880
14.840
14.270
14.200
14.980
15.200
14.200
14.340
14.390
13.300
12.820
13.380
13.550
13.250
14.160
14.040
14.000
13.300
13.290
13.080
12.980
12.480
11.720
11.430
11.090
10.990
10.820
10.660
10.540
10.800
11.080
10.980
11.380
11.070
11.260
10.810
10.390
10.040
10.110
10.200
10.280
10.380
9.850
9.750
9.610
9.630
9.790
9.880
9.880
9.910
9.950
10.000
10.040
9.850
9.820
9.830
9.910
9.940
9.850
9.800
9.810
9.740
9.830
9.790
9.690
9.830
9.910
9.750
9.660
9.760
9.640
9.610
9.730
9.660
9.820
9.780
9.720
9.740
9.630
9.520
9.480
9.450
9.500
9.500
9.530
9.580
9.650
9.710
9.780
9.810
9.700
9.680
9.680
9.700
9.730
9.600
9.780
9.830
9.950
9.940
9.960
9.810
9.920
9.880
9.830
9.440
9.380
9.140
9.100
9.020
9.050
9.040
9.050
9.020
9.010
8.990
8.950
9.050
9.060
