9.910
9.870
9.900
9.980
9.850
9.880
10.010
9.990
9.950
9.840
9.710
9.780
9.750
9.770
9.750
9.810
9.730
9.690
9.670
9.470
9.510
9.750
9.670
9.520
9.470
9.550
9.800
9.870
9.850
9.800
9.560
9.740
9.600
9.500
9.910
9.900
10.040
10.120
10.050
10.030
10.010
10.190
10.000
10.180
10.100
10.130
10.610
10.610
10.460
10.700
10.740
11.090
11.200
11.070
10.910
11.040
11.230
11.120
11.000
11.000
11.040
10.980
10.990
11.130
11.020
11.030
11.020
10.950
10.900
10.940
10.950
10.910
11.070
11.050
11.150
11.160
11.430
11.320
11.240
11.150
11.210
11.380
11.400
11.400
11.440
11.530
11.330
11.230
11.070
11.090
11.060
11.060
11.310
11.320
11.220
11.140
11.060
11.160
11.110
10.950
10.900
10.900
10.890
10.850
10.000
10.470
10.600
10.500
10.200
10.790
11.150
11.490
11.460
11.400
11.560
11.660
11.460
11.400
11.250
11.290
11.350
11.410
11.320
11.800
11.990
11.920
11.850
12.120
12.040
12.080
12.240
12.130
11.880
11.440
11.380
11.060
11.000
10.830
11.260
11.410
11.210
11.170
11.230
11.120
11.150
11.390
11.480
11.450
11.330
11.330
11.400
11.300
11.330
11.230
11.140
10.920
10.880
10.880
11.000
11.000
11.000
11.190
10.950
10.940
10.920
10.920
10.930
10.840
10.760
10.760
10.810
10.750
10.830
10.860
10.810
10.870
10.830
10.770
10.490
10.430
10.400
10.500
10.480
10.730
10.760
10.680
10.640
10.710
10.680
11.050
11.010
11.090
11.060
11.140
10.940
10.940
10.980
11.110
11.080
11.130
11.310
11.650
11.500
11.660
11.600
11.610
11.760
11.590
11.370
11.500
11.170
11.160
11.290
11.400
11.360
11.030
11.310
11.250
11.450
11.200
10.750
10.730
10.700
10.650
11.170
11.070
11.140
10.920
10.610
10.340
10.310
10.460
10.400
10.320
10.100
10.200
10.370
10.270
10.280
10.280
10.130
10.160
10.160
10.060
9.960
9.820
9.780
9.950
9.990
9.980
10.020
10.030
10.100
9.910
9.950
9.980
10.310
10.510
10.380
10.330
10.270
10.220
10.000
9.930
10.090
9.940
10.310
10.040
9.980
9.740
9.730
9.750
10.010
10.020
9.800
9.650
9.720
9.600
9.570
9.880
10.160
10.000
9.720
9.640
9.620
9.770
9.760
9.660
9.490
9.700
9.660
10.220
10.170
10.460
10.500
10.480
10.240
10.330
10.150
10.420
10.330
10.170
10.000
10.160
10.020
9.850
10.040
10.030
10.160
10.220
10.080
10.030
9.720
9.520
9.410
9.620
9.560
9.340
9.400
9.390
9.150
9.610
9.410
9.710
9.340
9.080
8.850
9.200
9.640
10.460
10.600
10.700
10.300
10.110
10.090
9.870
9.420
9.910
10.150
9.810
9.640
9.480
9.080
9.150
9.070
9.310
9.740
9.000
9.190
9.180
8.780
8.650
8.710
8.820
9.250
9.660
10.130
10.600
11.020
11.740
11.250
11.760
12.970
13.170
13.000
12.900
13.660
13.380
13.000
12.890
12.850
12.880
13.020
13.050
12.850
12.320
12.120
11.900
12.110
12.060
12.050
12.040
11.850
11.490
10.700
11.540
12.600
12.680
12.410
12.410
12.340
12.000
12.100
12.380
12.300
12.680
12.860
13.100
12.950
13.000
12.620
13.160
13.120
11.800
11.740
11.930
11.990
12.450
12.700
12.410
12.080
11.650
11.600
12.220
12.270
12.230
12.100
12.100
12.120
11.280
10.810
10.430
10.300
10.210
10.150
10.200
10.580
10.510
10.670
10.020
10.000
10.010
9.510
9.270
9.960
10.780
11.070
11.040
10.150
10.080
9.410
10.220
11.070
11.280
10.400
9.920
9.880
10.980
12.050
13.200
12.730
14.140
14.400
14.080
12.800
12.910
13.500
13.060
12.420
11.760
12.100
11.230
11.070
11.800
12.380
11.480
11.340
12.600
13.500
13.240
12.880
12.700
12.320
11.010
9.130
9.720
9.160
8.330
7.570
8.410
9.300
10.330
11.480
12.750
12.080
13.420
14.910
16.280
17.280
16.370
18.180
19.880
18.390
18.800
20.270
20.850
19.150
18.230
18.500
18.390
17.630
16.390
17.270
17.600
16.190
15.260
16.500
18.000
18.180
17.110
17.250
16.360
15.960
15.450
15.100
15.300
15.990
16.270
15.840
15.210
14.700
14.550
14.930
15.430
16.570
16.790
16.230
16.200
17.020
17.140
17.900
17.670
16.960
16.050
15.010
14.460
14.750
15.350
15.600
15.400
14.300
14.600
14.650
14.580
14.530
14.280
14.450
14.390
13.000
11.880
12.110
12.270
12.120
12.020
12.260
12.050
12.280
12.520
12.590
12.410
12.260
12.110
12.000
11.580
11.600
11.570
11.300
10.920
10.830
10.980
11.250
11.130
10.900
10.330
10.350
10.500
10.800
10.640
10.350
10.300
10.300
10.160
9.700
9.000
9.700
9.700
9.660
9.630
9.700
9.950
9.980
10.050
9.930
9.930
10.010
10.030
10.240
10.300
10.220
10.000
9.920
9.950
11.000
11.540
11.520
11.500
11.960
11.480
11.850
10.980
11.000
11.090
10.300
11.000
10.940
11.010
10.940
10.910
10.830
11.010
11.000
10.980
11.210
11.140
11.350
11.070
11.110
10.850
10.280
10.290
9.920
10.650
10.600
10.600
10.430
10.400
11.380
11.210
11.310
10.670
10.610
10.450
9.820
9.720
9.760
9.950
9.450
9.200
9.650
9.600
9.580
9.520
9.850
10.100
10.020
9.480
9.100
8.670
8.710
8.710
8.510
8.100
8.020
7.940
7.800
7.900
8.150
8.120
8.180
8.070
7.800
7.780
7.660
7.450
7.400
7.200
7.110
7.080
7.010
7.120
7.210
7.320
7.290
7.460
7.340
7.460
7.350
7.280
7.220
7.230
7.190
7.100
7.090
7.170
7.310
7.280
7.400
7.210
7.080
7.010
6.980
6.990
6.990
6.970
6.560
6.450
6.190
6.130
6.130
6.100
6.040
5.930
5.910
5.960
6.030
