10.030
9.950
10.060
10.170
9.970
9.920
10.130
10.050
10.030
10.090
9.870
9.810
9.850
9.780
9.890
9.860
9.890
9.760
9.740
9.670
9.540
9.870
9.770
9.730
9.670
9.590
9.860
9.910
9.900
9.960
9.890
9.760
9.740
9.650
9.930
10.000
10.050
10.190
10.160
10.160
10.060
10.260
10.270
10.260
10.170
10.160
10.730
10.690
10.610
10.730
10.870
11.110
11.340
11.360
11.180
11.060
11.340
11.380
11.180
11.050
11.080
11.280
11.020
11.190
11.150
11.100
11.150
11.130
11.010
10.970
11.080
10.990
11.120
11.250
11.210
11.240
11.540
11.450
11.410
11.340
11.240
11.390
11.520
11.420
11.570
11.640
11.820
11.400
11.340
11.120
11.200
11.110
11.340
11.380
11.370
11.280
11.260
11.230
11.310
11.050
11.100
10.970
10.930
11.050
10.850
10.490
10.660
10.710
10.600
10.830
11.160
11.570
11.590
11.630
11.570
11.780
11.850
11.550
11.500
11.560
11.360
11.560
11.530
11.820
12.170
12.100
11.990
12.500
12.160
12.390
12.290
12.740
12.170
11.830
11.470
11.480
11.070
10.960
11.280
11.480
11.480
11.310
11.240
11.360
11.290
11.390
11.550
11.620
11.520
11.410
11.420
11.450
11.380
11.490
11.310
11.090
11.210
11.000
11.040
11.330
11.070
11.310
11.330
10.970
10.960
10.980
11.040
10.980
10.850
10.880
10.850
10.890
10.860
10.990
10.980
10.910
11.040
10.910
10.770
10.510
10.430
10.620
10.580
10.740
10.840
10.840
10.740
10.850
10.780
11.240
11.230
11.270
11.090
11.160
11.240
11.010
11.040
11.210
11.250
11.220
11.420
11.680
11.790
11.670
11.720
11.650
11.870
12.040
11.750
11.590
11.500
11.400
11.320
11.800
11.480
11.530
11.370
11.590
11.530
11.730
11.420
10.750
11.020
10.830
11.340
11.270
11.230
11.340
10.930
10.690
10.460
10.500
10.490
10.480
10.300
10.210
10.380
10.500
10.430
10.380
10.370
10.230
10.290
10.140
10.080
10.030
9.940
10.020
10.140
10.050
10.220
10.160
10.140
10.230
10.060
9.990
10.340
10.560
10.680
10.440
10.500
10.400
10.340
10.000
10.130
10.230
10.340
10.460
10.110
9.960
9.850
9.800
10.080
10.330
10.200
9.840
9.940
9.720
9.640
9.880
10.260
10.240
10.100
9.890
9.680
9.790
9.860
9.780
9.860
9.840
9.730
10.290
10.230
10.550
10.610
10.590
10.540
10.430
10.270
10.440
10.870
10.500
10.230
10.210
10.240
9.950
10.080
10.190
10.170
10.630
10.300
10.330
10.000
9.750
9.520
9.660
9.850
9.480
9.470
9.480
9.700
9.840
9.570
9.820
9.870
9.500
9.140
9.520
9.650
10.720
10.700
10.880
10.840
10.460
10.240
10.200
9.810
9.950
10.170
10.100
10.110
9.780
9.690
9.290
9.390
9.550
10.050
9.470
9.200
9.490
9.340
8.960
8.900
9.360
9.280
9.840
10.130
11.260
11.250
12.010
11.830
11.810
13.040
13.370
13.300
12.980
13.850
14.120
13.350
13.090
13.240
12.930
13.330
13.160
13.310
12.840
12.350
12.190
12.150
12.240
12.160
12.250
12.190
12.000
11.550
11.580
12.630
13.010
12.970
12.540
12.510
12.530
12.170
12.400
12.910
12.750
13.060
13.380
13.290
13.360
13.790
13.250
13.120
11.940
11.840
12.170
12.370
12.580
13.320
12.800
12.470
12.230
11.880
12.870
12.400
12.680
12.670
12.410
12.600
12.390
11.360
10.940
10.380
10.320
10.490
10.330
10.790
10.620
10.910
10.880
10.300
10.030
10.350
9.420
9.970
11.080
11.140
11.510
11.150
10.260
9.760
10.220
11.360
12.040
11.240
10.190
9.880
10.980
12.240
13.340
14.410
14.140
15.700
14.730
13.780
13.070
13.660
13.720
13.060
12.360
12.250
12.310
11.180
12.230
12.900
12.760
11.860
12.600
14.020
13.740
13.460
13.210
13.410
12.200
11.090
10.080
9.160
8.330
7.570
8.410
9.340
10.330
11.480
12.750
14.170
13.420
14.910
16.570
17.980
17.600
18.180
20.170
20.290
19.090
20.550
21.940
21.220
19.290
18.810
19.440
18.290
17.580
17.710
18.100
17.330
16.190
16.550
18.330
18.620
18.230
17.620
17.790
16.360
15.870
15.510
15.380
16.110
16.380
16.180
16.090
15.230
14.700
15.150
15.460
16.830
17.400
17.200
16.470
17.240
17.410
18.270
19.340
17.670
17.380
15.800
14.960
14.880
15.460
15.890
15.830
15.100
14.870
15.230
14.830
14.990
14.750
14.540
15.000
13.640
12.400
12.280
12.410
12.600
12.230
12.460
12.210
12.450
12.530
12.920
12.790
12.880
12.200
12.290
11.990
11.640
11.620
11.680
11.250
10.910
11.080
11.440
11.400
11.490
10.780
10.380
10.540
10.890
10.980
10.800
10.350
10.390
10.410
10.200
9.700
9.970
9.800
9.760
9.680
9.710
9.960
10.020
10.220
10.130
9.980
10.200
10.070
10.300
10.470
10.310
10.350
9.990
10.190
11.050
11.600
11.880
11.860
12.200
11.920
12.190
11.820
11.180
11.960
10.890
11.230
11.110
11.080
11.120
11.000
10.970
11.120
11.070
11.200
11.300
11.570
11.430
11.640
11.230
11.150
11.060
10.570
10.140
10.850
10.650
10.830
10.700
10.760
11.440
11.420
11.440
11.650
10.870
10.660
10.770
9.900
9.780
10.090
10.210
9.590
9.850
9.740
9.740
9.650
9.890
10.240
10.370
10.320
9.610
9.310
8.880
8.830
8.780
8.510
8.160
8.050
8.010
7.920
8.480
8.270
8.390
8.290
8.330
7.860
7.870
7.730
7.480
7.430
7.230
7.160
7.200
7.140
7.230
7.380
7.340
7.500
7.550
7.510
7.500
7.310
7.490
7.270
7.270
7.190
7.100
7.210
7.430
7.670
7.450
7.350
7.320
7.290
7.080
7.020
7.200
7.290
7.230
6.670
6.630
6.260
6.150
6.170
6.150
6.060
5.990
5.960
6.090
