34.670
34.660
34.450
35.000
35.130
35.100
35.260
35.700
36.100
35.200
34.870
34.490
33.080
32.980
33.160
33.180
33.430
33.890
34.160
33.830
33.260
32.270
32.150
32.410
32.650
32.720
32.360
32.240
32.280
32.300
32.570
32.230
31.870
31.330
31.620
31.640
31.530
31.120
30.980
30.980
31.080
31.180
31.100
31.080
31.150
31.090
31.250
31.460
32.320
32.100
32.360
32.660
33.190
32.200
31.970
31.480
31.290
31.410
31.370
31.260
31.520
31.800
31.800
32.130
31.750
31.640
31.900
32.150
32.880
33.000
33.170
33.430
32.680
31.650
31.500
31.720
31.590
31.790
31.730
31.480
31.010
31.070
30.830
30.760
30.630
30.690
30.670
30.750
30.750
30.960
31.100
31.000
30.950
30.750
30.490
30.420
30.660
30.720
30.750
30.460
30.350
30.260
30.470
30.420
30.500
30.470
30.480
30.460
30.440
30.330
30.180
30.250
30.080
30.100
29.900
30.660
30.970
31.160
31.320
31.440
31.650
31.760
31.500
31.680
31.050
31.360
31.390
31.770
31.730
31.640
31.400
31.560
31.580
31.570
31.830
31.700
31.500
32.280
32.650
32.480
32.420
32.490
33.870
35.820
35.320
34.970
35.340
35.690
34.560
35.070
33.060
33.180
33.410
32.570
31.750
32.090
31.890
31.600
31.590
31.650
31.820
31.680
31.640
31.770
31.660
31.900
31.730
31.610
31.970
32.070
32.460
32.270
31.750
31.330
31.270
31.460
31.010
31.160
31.120
31.290
31.250
31.360
31.450
30.870
30.800
30.850
30.700
31.290
31.330
31.520
31.050
30.920
31.010
30.230
30.490
30.670
31.740
31.950
31.500
31.320
31.330
31.150
31.240
31.160
31.360
31.190
31.070
31.180
31.940
32.000
31.950
32.460
33.210
32.160
32.550
32.650
31.800
30.880
30.770
31.130
31.160
30.950
30.640
30.540
30.790
32.000
32.510
32.000
32.650
31.730
31.510
31.600
32.010
31.950
31.490
32.500
32.990
33.020
33.080
33.200
32.890
32.380
33.230
31.250
30.250
30.270
30.050
30.570
30.900
30.110
27.400
27.680
27.660
27.710
27.640
27.550
27.150
26.990
27.130
26.940
27.460
27.880
28.160
28.120
28.390
27.380
27.650
27.550
26.910
27.050
27.100
27.140
27.120
27.250
27.250
27.510
27.620
28.050
27.970
28.190
27.950
28.930
27.380
27.780
28.730
28.830
29.190
29.090
28.090
28.180
28.230
28.240
28.280
28.850
28.390
29.280
29.430
29.810
30.000
30.000
30.300
30.130
30.160
29.790
30.420
30.490
30.480
30.080
30.630
30.580
29.350
29.720
29.200
28.900
29.130
29.640
29.970
29.460
29.010
28.600
28.100
28.460
27.650
28.460
28.290
28.850
29.270
29.590
28.640
28.290
27.640
28.360
28.870
31.340
30.980
31.340
31.700
31.330
31.230
32.150
32.280
32.590
31.750
29.360
28.800
29.420
29.230
29.490
28.920
29.190
30.490
30.900
29.780
31.450
32.880
33.260
32.730
33.600
33.300
33.230
33.970
33.890
34.500
35.700
37.200
39.530
43.880
44.700
42.280
43.300
41.050
39.160
40.400
44.500
42.940
40.660
38.930
37.060
34.490
35.300
35.500
34.980
35.950
34.100
34.130
31.030
28.830
29.340
29.100
28.460
26.600
26.600
27.100
27.020
27.250
27.550
27.990
27.970
26.860
27.080
26.340
26.950
27.440
27.250
27.630
27.670
27.100
27.000
26.050
25.320
25.550
25.860
26.290
27.140
26.870
27.350
27.800
25.790
26.350
25.900
26.280
25.970
25.570
25.300
25.510
25.340
24.100
24.470
22.570
22.890
23.300
24.100
24.200
24.110
23.970
23.750
23.590
24.300
24.480
23.500
24.300
24.780
25.070
25.380
24.420
25.000
24.350
24.750
24.860
25.500
24.010
24.080
24.250
26.450
28.650
29.600
29.690
31.550
31.500
31.200
30.300
31.120
31.570
31.600
30.500
30.790
31.870
31.940
31.490
30.520
31.100
29.990
28.800
30.960
32.290
31.400
30.500
30.500
31.160
30.400
28.590
29.080
31.490
30.020
27.290
24.810
22.550
27.700
29.510
30.510
33.850
36.700
35.990
36.980
39.200
41.500
41.130
40.360
39.110
41.170
41.200
43.000
43.800
43.380
41.690
41.660
42.000
42.800
43.880
42.630
44.500
42.760
41.980
38.650
40.790
40.010
37.250
36.400
33.750
33.000
32.550
31.700
31.680
31.870
33.000
32.850
33.040
33.100
31.010
30.700
31.200
31.620
32.210
33.750
33.640
34.370
33.130
33.480
33.960
35.000
33.150
33.000
34.150
33.110
33.880
34.130
31.800
30.780
30.240
29.510
28.880
27.540
26.880
26.770
26.840
26.440
26.620
26.900
27.030
26.800
24.540
24.240
24.060
23.660
23.730
23.830
22.990
22.870
22.840
22.770
22.710
23.000
23.730
23.400
22.970
22.560
22.670
22.580
22.630
22.790
22.380
22.210
21.670
21.800
22.220
22.670
22.880
22.700
22.720
22.620
22.500
23.190
23.250
23.830
24.420
24.320
23.950
23.960
23.690
23.590
24.340
24.470
24.250
24.170
24.700
24.050
24.150
24.360
24.180
24.640
22.690
22.650
22.090
21.500
21.380
21.540
21.400
21.340
21.760
21.860
22.060
21.900
22.030
22.240
22.270
22.700
22.950
22.500
22.500
22.250
22.360
21.200
20.780
20.850
20.150
20.250
20.120
19.970
19.890
19.520
19.500
19.400
19.160
19.970
19.460
18.960
19.040
19.260
18.650
18.300
18.220
18.540
18.870
18.960
18.910
18.960
18.870
18.800
18.610
18.530
18.810
19.250
19.500
19.610
19.390
19.900
19.690
19.360
19.450
19.590
19.660
19.680
19.000
19.140
18.970
19.010
18.770
18.520
18.620
18.640
18.740
18.540
18.690
18.740
18.760
19.040
18.960
19.170
19.150
18.980
19.080
19.000
18.900
18.790
18.520
18.560
18.930
18.990
19.060
19.220
19.340
19.320
19.310
19.180
19.210
19.400
19.630
19.740
19.320
19.490
19.490
19.810
19.900
20.100
20.080
19.500
19.080
18.680
18.590
18.410
18.430
18.420
18.420
18.050
17.930
18.080
17.860
17.580
17.540
17.390
17.500
17.570
