6.380
6.330
6.420
6.440
6.580
6.520
6.550
6.590
6.370
6.390
6.410
6.450
6.400
6.350
6.360
6.330
6.310
6.240
6.310
6.340
6.380
6.300
6.260
6.270
6.200
6.230
6.280
6.250
6.130
6.080
6.140
6.260
6.190
6.250
6.250
6.160
6.260
6.100
6.130
6.380
6.320
6.450
6.630
6.680
6.680
6.680
6.670
6.650
6.660
6.630
6.900
6.930
6.930
7.100
7.200
7.220
7.350
7.260
7.370
7.280
7.220
7.300
7.190
7.120
7.320
7.480
7.380
7.290
7.400
7.180
7.210
7.070
7.110
7.020
7.160
7.090
7.050
7.080
7.030
7.020
7.130
7.140
7.120
7.080
7.130
7.260
7.250
7.190
7.320
7.300
7.420
7.390
7.400
7.180
7.340
7.230
7.330
7.290
7.250
7.210
7.160
7.120
7.040
7.070
7.150
7.130
7.140
7.130
7.170
7.140
7.140
7.010
7.000
6.900
6.900
6.960
7.050
7.050
7.020
6.990
6.980
6.890
6.820
6.800
6.860
6.860
6.880
6.890
7.000
7.030
6.890
6.900
6.920
6.910
6.880
7.010
6.980
7.170
7.140
7.230
7.190
7.270
7.170
7.450
7.400
7.570
7.590
7.440
7.390
7.370
7.490
7.490
7.370
7.560
7.660
7.500
7.400
7.210
6.960
6.770
6.820
6.830
6.770
6.820
6.730
6.850
6.810
6.840
6.910
7.040
7.070
7.130
7.000
6.810
6.890
6.920
6.710
6.760
6.750
6.690
6.700
6.680
6.540
6.490
6.490
6.520
6.450
6.610
6.520
6.530
6.460
6.540
6.470
6.500
6.600
6.580
6.760
6.640
6.600
6.540
6.530
6.500
6.480
6.490
6.580
6.450
6.480
6.520
6.650
6.640
6.760
6.540
6.600
6.590
6.600
6.470
6.320
6.340
6.440
6.430
6.260
6.300
6.380
6.290
6.190
6.240
6.150
6.050
6.240
6.160
6.190
6.290
6.280
6.360
6.350
6.390
6.480
6.370
6.340
6.100
6.130
6.140
6.160
6.130
6.300
5.890
5.900
5.920
5.920
5.820
5.800
5.870
5.910
5.850
5.920
5.970
5.950
6.060
5.940
6.000
6.210
6.280
6.280
6.240
6.230
6.210
6.240
6.030
6.020
6.050
6.070
6.150
6.160
6.160
6.050
6.120
6.110
6.220
6.130
6.140
6.110
6.260
6.010
6.270
6.660
6.620
6.520
6.430
6.420
6.470
6.580
6.480
6.570
6.610
6.730
7.220
7.200
7.200
7.300
7.200
7.120
6.880
6.790
6.740
6.930
6.920
6.750
6.680
6.610
6.500
6.630
6.830
6.780
6.930
6.960
7.080
6.960
6.720
6.570
6.650
6.750
6.610
6.540
6.870
7.000
6.960
6.700
6.600
6.380
6.050
5.990
6.370
6.400
6.920
6.770
6.740
6.690
6.710
6.660
6.680
6.050
5.810
6.230
6.150
6.080
5.990
6.080
5.720
6.020
6.300
6.920
6.990
6.920
7.080
7.250
7.070
6.710
7.440
7.200
7.840
7.800
7.790
8.010
8.520
8.600
8.150
9.220
9.750
10.480
10.400
11.260
10.810
10.310
9.650
10.230
9.670
9.580
9.430
9.800
9.360
8.980
10.190
10.810
10.190
9.780
9.680
9.400
9.090
8.800
9.400
9.900
9.600
8.730
7.180
7.700
8.550
11.350
10.550
13.000
12.850
12.140
11.910
12.180
12.600
11.820
11.440
12.050
12.570
12.150
12.900
12.970
12.810
13.000
12.780
13.320
13.100
12.380
12.550
12.210
12.050
11.300
11.800
12.480
12.920
12.970
12.500
13.950
12.680
11.110
10.700
11.030
10.950
11.360
11.190
10.950
10.560
11.110
11.770
12.380
12.690
13.000
14.100
13.020
12.090
11.260
11.640
11.300
11.700
11.640
10.780
10.000
10.170
10.180
10.100
9.640
9.570
9.730
9.340
9.150
9.130
9.030
9.390
9.160
9.130
8.960
9.130
9.180
9.220
9.190
9.150
9.400
8.700
8.500
8.260
8.180
8.240
7.970
7.780
7.690
7.880
8.000
7.940
7.940
7.940
7.590
7.710
7.560
7.500
7.470
7.310
7.320
7.190
6.910
7.740
7.810
7.720
7.800
7.850
8.400
8.170
8.240
8.400
8.240
8.370
8.200
7.990
7.750
8.000
8.630
8.360
8.630
8.720
9.000
9.150
9.620
9.890
9.800
9.210
8.910
9.790
9.580
9.460
9.220
8.870
9.420
10.840
9.880
8.650
7.980
7.100
7.030
7.040
6.540
6.260
6.820
6.610
7.100
6.960
7.100
7.000
6.690
6.420
6.330
6.440
6.460
6.290
6.170
6.120
6.170
6.130
6.130
6.320
6.400
6.280
6.680
6.380
6.150
6.070
6.260
6.150
6.050
6.040
5.950
5.190
4.970
4.930
4.930
5.150
5.230
5.370
5.350
5.470
5.550
5.520
5.520
5.580
5.510
5.530
5.560
5.700
5.620
5.570
5.410
5.280
5.280
5.340
5.390
5.370
5.490
5.590
5.610
5.530
5.620
5.680
5.650
5.600
5.650
5.420
5.300
5.200
5.180
5.150
5.220
5.400
5.260
5.060
5.070
5.110
5.100
4.920
4.780
4.680
4.770
4.730
4.710
4.670
4.680
4.660
4.590
4.490
4.580
4.550
4.630
4.600
4.550
4.530
4.420
4.480
4.390
4.420
4.480
4.490
4.360
4.330
4.320
4.210
4.230
4.170
4.160
