7.010
6.920
6.840
6.990
6.710
6.710
6.700
6.610
6.590
6.460
6.510
6.560
6.420
6.450
6.380
6.360
6.320
6.580
6.460
6.490
6.490
6.430
6.360
6.290
6.360
6.310
6.340
6.470
6.410
6.220
6.280
6.150
5.990
5.950
5.960
5.940
5.900
5.850
5.870
5.920
5.970
6.000
6.050
6.150
6.220
6.280
6.240
6.140
6.160
6.090
6.050
6.250
6.220
6.190
6.400
6.500
6.550
6.540
6.550
6.610
6.710
6.690
6.740
6.730
6.510
6.440
6.530
6.490
6.490
6.570
6.460
6.510
6.680
6.730
6.720
6.910
6.880
6.900
6.830
6.800
6.650
6.680
6.820
6.880
6.850
7.000
7.080
7.090
7.310
6.800
6.930
6.990
7.000
6.840
6.960
6.840
6.790
6.870
6.800
6.640
6.610
6.480
6.470
6.350
6.350
6.290
6.240
6.200
6.200
6.320
6.320
6.420
6.370
6.570
6.500
6.700
6.870
7.190
6.900
6.900
6.600
6.410
6.560
6.380
6.320
6.180
6.130
6.150
5.950
5.980
5.900
5.930
5.980
6.080
5.900
5.680
5.600
5.660
5.690
5.580
5.560
5.560
5.630
5.610
5.600
5.650
5.680
5.690
5.580
5.500
5.500
5.530
5.540
5.480
5.520
5.550
5.590
5.800
5.390
4.900
4.990
5.000
4.970
5.010
5.010
4.990
5.070
5.040
5.030
5.140
5.230
5.260
5.250
5.250
5.250
5.290
5.180
5.210
5.170
5.180
5.150
5.220
5.210
5.180
5.160
5.250
5.200
5.230
5.250
5.210
5.210
5.160
5.410
5.560
5.600
5.630
5.560
5.570
5.680
5.770
5.780
5.710
5.860
5.800
5.870
5.790
5.820
5.950
5.920
5.910
5.850
5.510
5.360
5.340
5.370
5.330
5.250
5.260
5.130
5.200
5.220
5.250
5.350
5.330
5.440
5.370
5.260
5.210
5.190
5.260
5.180
5.180
5.310
5.580
5.610
5.390
5.380
5.450
5.130
5.080
5.230
5.080
5.420
5.380
5.370
5.030
5.090
5.060
4.990
4.840
4.930
4.910
4.840
4.950
4.930
5.220
5.160
5.470
5.100
5.620
5.490
5.400
5.670
6.030
5.840
5.900
6.050
5.710
5.500
5.730
5.920
5.370
5.970
5.430
5.240
5.580
5.590
5.630
5.530
5.650
5.680
5.680
5.770
5.650
5.530
5.640
5.430
5.460
5.510
5.420
5.380
5.420
5.400
5.510
5.530
5.670
5.690
5.520
5.480
5.510
5.800
5.810
5.800
5.830
5.890
5.910
5.870
5.880
5.820
5.790
5.920
6.050
6.010
6.030
5.960
5.920
5.740
5.560
5.550
5.680
5.780
5.840
5.880
5.930
5.920
5.860
5.800
6.030
5.970
6.020
5.970
5.880
5.950
5.980
5.800
5.770
5.590
5.470
5.600
5.560
5.720
5.700
5.920
5.860
5.830
5.830
6.000
5.670
6.050
5.980
6.020
6.170
6.060
5.980
6.240
5.920
5.700
5.730
5.380
5.180
5.500
6.110
6.800
7.130
7.480
6.990
7.770
7.610
7.740
7.710
7.750
7.720
7.020
6.880
7.070
7.250
7.230
6.790
6.640
6.920
6.630
6.690
7.430
7.610
7.380
7.340
7.340
7.450
7.230
7.090
7.590
8.200
8.160
7.430
6.750
7.540
7.190
6.880
7.640
8.370
8.740
8.150
8.160
8.980
8.910
8.500
8.270
9.020
9.240
9.060
9.710
9.570
9.460
9.370
9.520
9.700
9.540
8.970
8.830
9.040
8.810
8.310
8.560
9.470
9.440
9.270
8.900
8.420
8.400
8.350
8.130
8.160
8.500
8.760
8.870
8.690
8.490
8.020
8.660
9.150
9.870
8.970
9.310
9.550
9.250
8.410
8.790
8.430
8.320
8.130
7.990
7.470
7.320
7.550
7.630
7.570
7.550
7.320
7.280
7.150
7.080
7.140
7.120
7.270
7.070
7.140
7.040
7.350
6.980
6.840
6.830
6.930
6.650
6.600
6.430
6.360
6.290
6.310
6.380
6.300
6.350
6.580
6.610
6.930
6.680
6.620
6.530
6.620
6.470
6.490
6.410
6.490
6.610
6.630
6.430
6.180
6.410
5.830
5.710
5.940
6.050
6.030
6.110
6.250
6.140
6.210
6.120
5.890
5.810
6.410
6.440
6.230
6.330
6.350
6.630
6.790
7.060
7.170
7.470
7.010
6.840
6.840
6.910
6.750
6.370
6.660
7.150
7.010
6.370
6.390
6.410
6.200
6.330
6.570
6.080
5.890
6.180
5.690
5.870
5.630
5.530
5.350
5.040
4.790
4.790
4.800
4.740
4.590
4.530
4.540
4.560
4.720
4.790
4.870
4.710
4.690
4.700
4.460
4.510
4.610
4.560
4.520
4.450
4.360
4.320
4.220
4.130
4.190
4.200
4.280
4.330
4.380
4.350
4.320
4.420
4.300
4.280
4.300
4.320
4.350
4.340
4.300
4.290
4.300
4.310
4.250
4.230
4.410
4.430
4.430
4.510
4.480
4.480
4.510
4.560
4.570
4.540
4.510
4.540
4.550
4.500
4.430
4.340
4.360
4.370
4.420
4.560
4.500
4.490
4.510
4.470
4.490
4.460
4.550
4.570
4.680
4.620
4.690
4.700
4.600
4.610
4.410
4.320
4.320
4.390
4.450
4.310
4.320
4.280
4.230
4.170
4.140
4.170
4.170
4.080
4.030
4.000
4.000
4.030
4.070
