3082.01
3811.06
4065.25
5064.50
5903.74
4809.31
3175.50
7702.17
8420.19
6350.76
7785.85
5348.05
6983.37
6299.95
7587.83
7380.98
3176.01
4827.60
6879.02
4672.08
7088.79
10485.42
4877.10
5903.60
6898.49
8314.43
8081.28
4611.61
9541.02
6441.70
14852.56
10772.64
19071.87
4257.39
8622.42
9896.46
16558.33
7720.51
15238.02
6242.15
10520.66
15465.74
17811.72
9004.22
10353.66
17737.09
10130.08
8272.91
7190.79
8077.00
12858.08
6040.01
12346.00
13767.97
16745.12
10739.99
13112.50
8539.48
19081.08
18669.10
24097.14
9842.00
7611.20
14209.81
10926.60
25999.29
15068.22
9832.99
17269.88
15295.94
13784.75
9901.15
19552.51
23821.70
21880.59
24665.76
14446.61
14886.02
15474.58
14212.41
13953.15
11197.38
26173.90
42710.48
22870.98
19317.10
45871.95
37117.48
24315.17
60704.22
25172.60
15464.37
15436.11
18426.56
17571.80
12268.74
25455.08
12957.97
18776.25
11867.73
10078.00
13434.05
9674.78
12152.03
6173.23
8392.70
8119.64
8658.34
7103.39
19673.87
15023.05
15731.54
16148.00
73917.46
24858.89
12856.00
23117.22
40507.63
20204.02
37211.31
32788.32
34039.82
24457.00
20768.54
26726.82
62662.55
47829.26
51746.61
100063.72
99706.61
152247.30
42546.10
106784.30
30214.82
11728.59
17421.82
13631.61
22581.78
10092.64
17847.91
9518.20
10655.81
26265.32
20209.57
40303.49
72988.18
58882.69
36322.24
15294.71
32133.36
22079.60
16757.65
20993.28
21536.40
58443.68
44665.92
34327.22
31493.49
30457.66
22523.77
39707.99
30592.94
30756.80
56733.44
38333.30
28323.72
57373.00
27521.90
62910.80
36026.08
80078.29
43856.17
78226.99
32378.02
19433.26
10152.75
28846.42
27986.95
20812.33
32819.58
13144.13
28479.28
19075.85
6899.01
10811.83
9775.64
15466.90
13677.71
8912.57
13670.58
15027.82
11370.15
8681.90
11155.69
22438.53
28195.41
12197.12
24907.94
21485.99
11282.20
8499.79
18072.07
8935.19
11686.02
16648.22
16475.70
19591.34
34638.11
55762.77
12857.67
14073.69
29552.54
22822.73
29964.59
44481.60
54745.68
17857.27
8789.88
18160.88
16012.09
15384.65
24401.32
15252.66
19570.20
19031.54
27030.90
27285.13
57913.49
31665.30
33815.37
7319.11
15343.00
10124.65
15224.19
18085.35
13548.72
11542.60
17717.67
30317.10
20915.21
11872.61
19108.71
17231.19
14568.45
18800.55
32629.15
12147.17
19402.67
27502.75
26109.60
46549.24
17209.87
24696.51
18682.45
38145.95
40100.07
26599.98
24936.11
21791.27
9264.42
14545.37
12050.07
14732.32
28513.22
39417.41
25742.04
22891.93
52153.24
26614.71
24364.00
22163.09
14939.10
27435.10
23369.61
30169.23
69595.38
30567.16
40936.81
27605.25
32910.44
61029.46
34264.70
42523.49
43327.76
65184.22
48289.16
48643.34
34500.53
26868.62
14695.66
24837.80
25055.35
24585.71
17948.29
22245.90
42594.63
26516.77
38983.35
39324.20
20693.77
32756.50
22149.56
42659.83
17855.79
36292.26
29652.25
57894.55
22139.36
25061.63
29397.32
26346.73
55591.78
16726.60
33949.01
23132.43
31745.11
40091.19
37492.73
20221.72
13386.01
16552.70
22795.50
11109.28
20899.00
30646.47
42776.97
29323.12
36454.21
58690.06
79283.28
43752.00
34089.33
18855.41
35563.66
27749.50
21731.90
34523.80
41291.84
26601.46
23785.91
28356.58
19466.56
21556.84
17676.83
20904.88
28834.66
28535.54
41615.22
34519.06
43528.68
35083.69
48078.92
22034.91
33186.60
45610.38
54433.39
39672.15
50111.46
52198.08
59028.72
40178.47
72544.79
88665.36
14735.00
65674.84
68269.95
36120.75
28358.68
67237.89
68362.67
89354.24
77702.78
73055.16
123935.58
154171.52
89949.34
80419.24
58722.16
38438.33
41545.81
50351.36
49166.77
82530.77
137175.92
40556.68
29550.82
48973.46
62373.51
57622.73
51247.38
26284.61
37269.41
37734.36
29521.76
35820.61
44263.25
33553.53
47717.83
79471.89
37172.73
27267.79
47805.95
52330.71
43907.39
84749.03
67451.14
64705.70
87678.63
126591.48
104515.86
96875.61
30939.02
18593.11
29943.98
22816.48
39039.61
30865.77
27470.14
55821.30
46663.01
39320.93
75267.49
31491.78
26264.86
30264.76
61477.05
32628.10
39864.52
24008.46
51419.36
56807.87
35450.94
31774.65
45976.95
41022.20
43801.99
31462.18
57833.86
44363.91
51258.80
58877.91
39067.50
53301.66
78715.23
60134.07
57747.11
104845.32
137897.05
187808.73
229506.06
216241.81
203734.72
193405.77
318927.38
334035.28
325138.97
283332.78
331333.44
102481.79
69955.19
65693.28
92214.20
138172.20
114064.63
76070.66
36073.92
87015.63
92656.15
48935.12
50307.54
69937.30
72930.84
119564.69
100405.59
127617.62
129176.22
109323.60
91288.08
122308.56
94799.87
103234.07
128708.96
196166.89
240507.12
143884.88
105655.92
173713.84
176803.69
141217.44
116542.78
96118.05
119457.87
121906.98
152242.91
144429.77
120656.16
127405.09
145861.94
103665.55
118841.73
136416.81
188869.95
216471.73
180326.48
153694.16
205387.92
158533.41
291974.94
306003.53
140782.81
159916.38
197282.14
115571.41
95488.40
175962.44
121800.42
163767.58
143457.72
141646.44
110438.48
105169.80
81976.92
55525.11
78477.70
65073.55
79504.84
70931.93
77760.73
65150.73
75359.98
90168.01
131839.41
166351.94
111143.11
83685.39
150082.70
175651.05
104413.90
173958.31
166721.59
88591.20
74464.59
67851.65
36835.79
51954.19
64963.32
93135.98
52981.00
68723.02
92304.09
64585.91
59946.43
54007.62
63354.93
87147.19
79953.04
73970.30
130600.25
54470.63
68228.37
79659.56
75205.99
59371.65
59697.06
80948.15
43444.37
31441.32
33374.89
32184.94
29813.15
31821.48
64683.49
137006.23
33988.94
39835.80
29388.18
46440.26
32977.90
43100.72
32907.11
25742.57
34851.77
22300.70
16074.78
20178.01
40664.30
49493.52
62049.89
46442.06
50418.14
45377.62
87457.28
69318.26
84973.38
34795.59
27291.63
32897.48
47380.20
49164.25
21554.94
30011.79
21331.75
20957.73
14350.05
23125.78
37895.37
30453.28
25543.11
43821.39
52221.53
109054.29
67498.99
31187.28
54985.12
37807.57
24722.86
27645.83
70466.40
92174.93
93632.42
37911.77
56755.83
35916.10
51706.53
72592.56
129384.72
64189.54
113747.21
84454.02
99381.57
77044.76
111336.39
92362.30
74427.45
77984.47
79357.10
127109.33
205975.38
88100.15
60045.51
78640.22
40307.12
46165.47
46596.58
46932.12
90599.44
60741.29
70911.77
80727.88
109614.02
75930.55
97929.53
145653.81
241271.83
67417.39
20573.53
22124.69
17454.06
7976.79
12477.77
20571.31
23122.20
13189.28
17940.12
29481.41
28921.66
40336.58
53575.12
42734.87
20178.21
26991.70
42988.23
39313.16
28888.75
17063.79
22465.40
20966.83
20722.62
17574.31
21407.42
14164.49
14687.86
27116.97
30883.02
28929.90
57957.26
31526.77
21280.76
35863.90
26417.31
38761.07
24591.65
22391.23
16458.14
26131.79
20689.54
20141.78
22251.17
18613.23
24839.80
19522.12
24602.38
25518.72
41838.37
30882.12
61740.42
28035.08
14051.42
11806.30
10932.23
17123.78
20084.58
28510.34
25958.47
13904.18
38365.17
41222.91
59727.10
26104.50
39315.24
40082.26
11125.78
6659.58
11200.54
10870.28
6747.00
9960.05
12613.11
11743.85
5635.90
13419.28
14778.00
