9.260
9.230
9.190
9.170
9.220
9.300
11.350
11.120
10.990
11.020
10.920
10.720
10.700
10.720
10.710
10.680
10.760
10.790
10.830
10.930
10.790
10.790
10.700
10.700
10.820
10.820
10.710
10.730
10.780
10.420
10.400
10.250
10.240
10.260
10.330
10.440
10.460
10.540
10.260
10.210
10.230
10.150
10.140
10.170
10.250
10.360
10.630
10.650
10.660
10.760
10.750
10.810
10.710
10.680
10.700
10.850
10.820
10.900
11.060
11.160
11.210
11.350
11.320
11.390
11.290
11.180
11.170
11.230
11.340
11.220
11.120
11.060
11.190
11.220
11.280
11.410
11.420
11.490
11.470
11.380
11.440
11.590
11.600
11.510
11.430
11.430
11.580
11.670
11.610
11.730
11.830
11.930
11.880
11.880
11.600
11.720
11.690
11.560
11.630
11.630
11.470
11.420
11.370
11.360
11.490
11.590
11.550
11.490
11.320
11.370
11.260
11.250
11.130
11.130
10.950
10.850
10.880
11.070
11.070
11.010
11.120
11.200
11.140
10.850
10.730
10.670
10.690
10.660
10.620
10.770
10.840
10.810
10.930
10.970
11.090
11.650
11.580
11.810
11.890
11.640
11.480
11.470
11.660
11.590
11.700
11.570
11.760
11.860
12.040
11.740
11.780
11.440
11.090
10.940
10.980
10.980
10.960
10.950
10.920
10.940
10.770
10.770
10.720
10.680
10.600
10.420
10.450
10.420
10.460
10.390
10.350
10.450
10.500
10.370
10.310
10.260
10.300
10.240
10.250
10.240
10.220
10.200
10.150
10.060
10.050
10.030
10.080
10.030
10.150
10.150
10.080
10.050
10.070
9.980
10.100
10.110
10.360
10.410
10.420
10.420
10.430
10.450
10.460
10.510
10.450
10.410
10.430
10.430
10.420
10.530
10.540
10.580
10.560
10.680
10.710
10.940
10.660
10.240
10.030
10.060
10.040
10.050
9.920
9.910
9.950
9.990
9.910
9.880
9.920
9.990
9.960
9.870
9.870
9.840
9.890
9.980
9.880
9.830
9.880
9.750
9.660
9.650
10.030
10.040
10.030
10.050
9.910
9.900
9.930
9.880
9.890
9.850
9.950
10.000
9.960
9.960
9.920
9.940
9.990
10.000
9.970
10.110
10.120
10.130
10.160
10.160
10.170
10.190
9.950
9.920
9.930
9.920
9.880
9.960
9.940
9.910
9.980
9.940
9.980
9.960
10.030
10.060
10.020
10.010
10.100
10.310
10.340
10.260
10.180
10.250
10.160
10.110
10.080
10.140
10.120
10.220
10.230
10.210
10.370
10.320
10.300
10.220
10.250
10.160
10.160
10.230
10.270
10.220
10.160
10.180
9.990
10.080
10.140
10.100
10.250
10.350
10.360
10.310
10.250
10.260
10.140
10.080
10.090
10.020
10.280
10.210
10.120
10.280
9.800
9.720
9.390
9.310
9.330
9.220
9.690
9.680
9.810
9.560
9.600
9.630
9.580
9.300
9.510
9.530
9.420
9.480
9.310
9.540
9.270
9.470
9.410
9.910
9.930
9.830
9.950
10.160
9.940
9.830
10.150
10.100
10.350
10.330
10.840
10.740
11.500
11.490
11.460
12.170
11.890
11.810
11.430
11.980
11.980
11.970
11.850
11.970
11.470
11.300
11.190
11.210
11.380
11.090
11.130
11.250
11.190
11.300
11.260
11.690
11.920
11.210
11.050
10.820
11.110
11.090
11.070
11.190
11.300
11.310
11.290
11.260
11.140
11.100
11.160
11.350
11.520
11.670
11.320
11.060
10.760
10.390
10.460
10.550
10.540
10.510
10.640
10.680
10.640
10.620
10.750
10.580
10.510
10.520
10.480
10.270
10.420
10.490
10.300
10.260
10.110
10.040
10.210
10.300
10.150
10.120
10.380
10.270
10.320
10.420
10.680
10.590
10.730
10.410
10.440
10.380
10.340
10.110
10.880
10.710
10.390
9.900
9.850
9.110
8.610
9.150
10.020
10.250
10.440
10.210
10.770
10.940
10.990
10.980
11.170
11.360
11.020
10.880
10.930
11.200
11.110
10.810
10.820
11.200
11.250
11.040
12.260
12.660
12.570
12.840
13.090
13.180
12.940
13.190
12.930
13.050
13.460
13.220
12.620
16.420
15.590
14.570
15.070
14.750
15.210
14.150
14.060
15.040
15.400
15.240
15.000
15.590
16.180
16.100
16.510
17.180
17.170
17.060
17.410
17.750
16.790
17.140
16.500
15.910
15.800
15.020
15.100
16.260
16.450
16.490
16.180
15.450
15.380
15.210
14.550
14.820
15.190
15.230
15.470
15.420
15.060
15.010
14.910
15.150
16.170
16.200
16.820
17.030
16.580
16.120
16.640
16.690
16.510
16.170
16.880
17.160
16.870
15.340
14.870
14.590
13.960
13.960
13.710
13.240
13.060
12.970
12.900
13.190
12.760
12.570
12.500
12.790
12.910
12.780
12.690
12.900
12.670
12.520
12.380
12.360
11.740
11.690
11.980
11.350
11.310
11.560
11.610
12.020
12.020
12.220
11.870
12.240
12.190
12.360
11.960
11.890
11.950
11.710
11.640
11.850
11.840
12.170
11.910
12.150
12.150
12.440
12.610
12.940
13.060
12.830
12.960
12.200
12.200
13.560
13.570
12.810
12.580
12.660
12.840
12.650
13.140
13.300
13.540
13.460
13.310
12.820
12.740
12.340
11.220
11.700
12.340
11.910
11.830
12.060
11.220
10.740
10.900
11.000
11.170
10.820
12.020
11.780
11.580
10.890
11.180
10.330
10.180
9.250
9.100
8.870
8.780
8.750
8.640
8.590
8.640
8.820
8.930
9.020
9.090
9.050
8.820
8.590
8.560
8.560
8.670
8.800
8.780
8.450
8.350
8.270
8.210
8.350
8.380
8.460
8.500
8.530
8.490
8.550
8.520
8.470
8.480
8.520
8.500
8.540
8.490
8.490
8.450
8.410
8.450
8.360
8.280
8.450
8.430
8.410
8.450
8.450
8.500
8.530
8.540
8.630
8.700
8.630
8.610
8.580
8.440
8.430
8.300
8.410
8.420
8.370
8.520
8.410
8.520
8.600
8.570
8.560
8.510
8.560
8.630
8.750
8.640
8.680
8.820
8.810
8.890
8.770
8.800
8.660
8.770
8.750
8.150
8.090
7.850
7.850
7.800
7.790
7.760
7.790
7.740
7.740
7.680
7.640
8.120
8.210
