10.850
10.750
10.790
10.800
10.750
10.800
10.800
10.740
10.740
10.790
10.800
10.780
10.790
10.760
10.800
10.760
10.720
10.860
10.700
10.750
11.210
11.610
11.250
11.310
11.000
11.100
10.820
10.960
10.840
10.710
10.700
10.530
10.500
10.560
10.450
10.250
10.170
10.860
10.780
10.870
10.870
10.860
11.320
11.350
11.290
11.350
11.260
11.310
11.210
11.250
11.250
11.300
10.830
10.800
10.680
10.530
10.590
10.610
10.760
10.800
10.810
10.720
10.730
10.750
10.690
10.710
10.700
10.680
10.600
10.240
10.040
10.020
10.030
10.010
10.040
10.050
10.100
10.020
10.010
10.100
10.090
10.090
10.120
10.100
10.070
9.970
9.970
9.920
10.080
10.120
10.110
10.090
10.060
10.210
10.220
10.260
9.980
9.900
9.990
10.000
9.860
9.580
9.630
9.020
9.810
10.760
10.950
11.390
11.380
10.820
10.800
10.800
10.900
10.790
10.790
10.750
10.880
10.900
10.770
10.790
10.790
10.750
10.620
10.830
10.790
11.100
11.220
11.170
11.060
11.210
11.110
11.090
10.920
10.790
10.780
10.950
10.950
10.800
10.860
10.820
10.730
10.760
10.730
10.810
10.960
11.110
10.960
10.840
10.640
10.880
10.550
10.340
10.240
10.160
10.200
10.160
10.060
10.000
9.990
10.000
10.110
10.080
10.080
10.030
10.060
10.050
10.000
9.910
9.900
9.960
9.950
9.940
9.980
9.920
9.960
9.900
9.700
9.610
9.670
9.870
9.870
9.710
9.550
9.530
9.390
9.510
9.620
9.670
9.740
9.840
9.580
9.710
9.920
10.000
10.020
10.150
10.000
10.160
9.820
9.970
9.670
9.600
9.730
9.710
9.650
9.670
9.570
9.490
9.520
9.750
9.500
9.200
9.760
9.860
9.900
9.680
9.710
9.610
9.520
9.300
9.760
9.610
9.660
9.930
10.260
10.280
10.450
10.270
10.000
10.480
10.330
10.300
10.030
9.880
9.840
9.690
9.620
9.820
9.830
9.810
9.670
9.580
9.590
9.640
9.460
9.500
9.220
8.720
8.780
8.940
8.880
8.810
8.760
8.650
8.600
8.690
8.380
8.310
8.400
8.350
8.560
8.540
8.670
8.600
8.310
8.220
8.680
8.410
8.460
8.290
8.650
8.650
8.630
9.080
9.420
9.420
9.360
9.200
9.140
9.010
8.890
8.840
8.890
8.940
8.860
9.490
9.420
9.620
9.680
9.710
9.600
9.600
9.220
9.290
9.450
9.140
9.160
9.270
9.130
9.060
9.350
9.310
9.330
9.560
9.560
9.490
9.250
9.060
8.900
9.010
9.110
9.010
8.880
9.020
9.400
9.660
9.500
8.710
8.220
8.170
8.130
8.650
9.280
9.820
9.750
9.470
9.410
9.510
9.610
9.430
9.200
8.420
8.290
7.960
8.060
7.920
7.650
7.610
7.500
7.920
8.700
8.570
8.530
8.550
8.240
7.950
8.100
8.060
8.500
8.690
9.120
9.350
10.030
10.500
10.100
11.080
12.300
12.350
12.260
12.910
12.510
12.630
12.000
12.020
12.180
12.170
12.570
13.110
13.040
13.000
12.700
12.710
12.000
13.190
14.600
14.930
14.520
15.200
13.900
13.110
13.020
13.160
12.580
12.500
12.260
12.400
12.010
11.860
11.900
11.700
11.500
11.310
11.440
12.530
12.500
13.040
12.510
12.990
13.300
12.600
36.410
39.810
39.780
39.350
38.530
36.110
35.210
33.410
32.020
31.680
30.060
29.900
30.010
29.700
32.000
30.000
30.770
28.760
28.900
28.710
27.070
28.560
31.730
32.050
32.020
32.030
29.480
30.000
28.640
31.820
35.360
35.800
32.220
35.800
39.780
44.200
48.900
53.980
47.540
51.500
54.000
49.800
47.800
48.330
48.000
46.000
43.810
41.500
43.520
41.600
44.420
48.500
52.500
48.700
45.560
48.730
50.010
47.010
45.550
45.140
45.750
45.490
39.580
43.970
47.500
48.000
44.500
37.500
34.940
38.820
43.130
47.920
53.240
55.280
47.530
43.930
48.810
52.100
48.800
45.800
45.020
48.310
43.920
39.930
36.300
30.830
30.990
29.570
28.050
27.710
28.100
27.000
26.950
26.660
26.180
27.830
27.400
26.820
26.920
27.350
27.200
26.960
26.780
26.530
26.370
26.690
26.410
26.150
26.120
26.380
26.930
27.060
26.050
26.680
27.080
27.300
26.880
26.750
26.350
26.090
25.380
24.700
24.530
25.080
24.900
24.800
24.780
24.920
24.960
24.910
25.270
24.730
25.000
24.820
24.600
25.450
25.710
24.850
24.030
23.600
23.520
25.010
25.800
25.680
26.010
25.800
24.430
24.100
23.720
23.440
23.810
24.040
25.200
25.150
25.080
24.900
25.600
25.300
24.610
24.500
24.470
23.890
23.900
23.910
23.900
23.900
23.850
23.900
23.610
23.500
24.810
24.220
24.150
24.050
24.130
23.720
23.560
23.610
23.860
23.220
22.520
22.760
22.750
23.340
23.880
23.880
23.380
22.680
22.430
22.720
21.510
21.700
21.700
21.720
21.620
21.500
21.320
21.300
21.100
20.880
21.010
21.350
21.270
21.360
21.490
22.060
21.240
21.150
21.100
20.710
20.510
20.500
19.950
19.760
19.830
19.650
19.600
19.520
19.460
19.010
19.000
18.960
19.150
19.230
19.050
18.990
18.970
18.920
19.020
19.210
19.000
19.200
19.300
19.290
19.250
19.300
19.380
19.180
18.250
18.190
18.000
17.880
17.900
17.990
17.880
18.040
18.000
18.030
18.100
18.020
18.010
17.980
17.980
17.920
