7.410
7.320
7.420
7.360
7.210
7.270
7.230
7.030
6.990
6.830
7.060
7.070
7.070
7.080
7.110
6.980
6.700
6.600
6.750
6.780
6.710
6.500
6.340
6.240
6.150
6.300
6.580
6.450
6.390
6.300
6.590
7.000
7.000
7.010
7.160
7.260
6.980
6.720
6.750
6.980
6.980
7.710
8.050
8.200
8.210
8.170
8.050
8.200
8.380
8.600
9.010
9.100
8.860
8.950
8.800
9.010
9.050
9.210
9.050
9.000
9.400
9.630
9.790
9.750
9.700
9.700
10.000
11.610
11.750
11.850
11.790
11.700
11.670
11.780
11.830
11.730
11.800
12.040
11.730
11.770
11.370
11.590
10.970
10.860
11.000
11.380
11.260
10.650
10.660
11.280
11.280
11.270
11.200
11.030
10.660
10.710
11.020
11.110
11.250
11.150
11.090
11.070
10.780
10.800
10.820
10.570
9.540
9.690
9.550
9.390
9.800
9.770
9.600
10.500
11.100
11.300
11.810
11.880
11.880
12.160
12.390
11.900
11.950
11.840
11.550
12.030
11.600
11.480
12.300
12.790
12.410
12.450
13.110
13.350
13.230
13.500
12.530
12.010
12.400
12.450
12.630
11.240
11.110
11.120
11.150
11.600
11.910
12.280
11.800
10.960
10.500
10.460
10.420
10.520
10.690
10.710
10.580
10.690
10.950
10.890
10.940
10.840
11.050
11.600
11.630
11.780
11.490
10.950
10.600
10.980
10.950
10.710
10.780
10.650
11.020
10.120
10.140
10.210
9.800
9.700
8.820
8.800
8.640
8.420
8.490
8.370
8.260
8.670
8.930
8.900
8.760
8.740
8.710
8.180
8.200
8.380
8.870
8.920
9.050
8.950
9.150
9.210
9.070
9.100
9.170
8.810
8.880
8.930
9.080
9.330
10.300
9.870
10.300
9.200
9.400
9.300
9.250
9.210
8.730
8.100
8.100
8.510
8.370
8.390
8.330
9.250
9.830
9.160
9.040
8.770
7.850
7.720
7.810
7.800
7.440
6.900
6.560
6.530
6.450
6.450
6.510
6.500
6.340
6.360
6.320
6.420
6.300
6.450
6.280
6.170
6.150
6.100
6.080
5.850
5.700
5.790
5.780
5.640
5.600
5.750
5.900
5.890
5.950
5.930
5.790
5.800
5.600
5.510
5.600
5.650
5.710
5.800
5.800
5.550
5.700
5.840
6.100
6.120
6.000
5.880
6.170
5.950
6.470
7.430
7.550
7.500
7.400
7.410
7.480
7.450
6.660
6.650
6.540
6.620
7.310
7.490
7.540
7.480
7.460
7.450
7.400
7.450
7.550
7.260
7.490
7.150
6.100
6.050
5.920
6.040
6.120
6.070
6.060
6.130
5.970
6.050
5.890
5.790
5.850
5.750
5.610
5.490
5.630
5.630
5.540
5.500
5.600
5.600
5.300
5.280
5.320
5.300
5.750
5.530
5.530
5.320
5.320
5.450
5.310
5.170
4.900
5.180
5.070
4.820
4.680
4.870
4.650
4.790
5.080
5.540
5.590
5.440
5.570
5.780
5.510
5.470
5.630
5.350
5.870
5.900
6.180
6.200
6.470
6.350
6.250
7.420
7.570
7.450
7.560
7.790
7.730
7.900
8.180
8.450
8.320
8.130
8.080
7.970
7.950
7.610
7.850
7.950
7.920
8.380
8.450
8.410
8.190
8.330
8.480
7.680
8.190
8.030
7.310
7.250
7.830
7.130
7.300
7.100
6.750
6.900
7.120
7.000
6.940
6.870
6.890
6.810
6.520
6.500
6.540
6.660
6.620
6.730
6.940
6.700
6.420
6.090
6.710
6.530
6.570
6.680
6.010
6.150
6.030
5.850
5.630
5.620
5.430
5.400
5.490
5.720
5.730
5.790
5.700
5.410
5.450
5.520
5.140
5.310
6.130
5.950
6.030
5.950
5.480
5.200
5.190
6.080
6.400
6.200
6.000
6.600
6.480
7.700
8.000
8.560
8.100
9.540
9.050
8.900
8.550
8.510
8.810
8.050
7.640
7.490
7.850
7.370
7.980
8.380
8.950
8.350
8.020
9.600
10.110
10.010
9.350
9.260
8.820
8.400
7.990
10.000
9.850
8.950
8.140
10.730
10.040
11.700
13.030
12.880
13.000
11.100
10.400
10.220
10.400
11.340
11.650
11.300
12.070
12.600
11.710
11.220
11.170
12.200
10.240
10.420
10.100
9.490
9.050
8.530
8.660
9.650
8.700
8.690
8.420
8.200
8.080
8.230
7.780
7.480
7.660
7.450
7.480
7.330
7.150
7.010
7.100
7.300
7.760
7.590
7.580
7.450
7.830
7.850
7.800
7.710
7.480
7.080
7.280
7.450
7.220
7.700
7.880
7.860
7.770
7.670
7.840
7.560
7.230
7.210
7.180
7.480
7.070
7.000
6.680
6.510
6.750
6.750
6.680
6.340
6.450
6.120
5.970
5.930
6.000
6.020
5.980
5.870
6.010
5.950
5.880
5.820
5.780
5.700
5.630
5.630
5.640
5.610
5.530
5.430
5.440
5.390
5.330
5.550
5.680
5.650
5.580
5.590
5.680
5.750
5.750
5.670
5.580
5.640
5.610
5.510
5.360
5.700
5.720
5.770
5.860
5.750
5.950
6.200
5.960
6.020
6.050
5.940
5.940
6.220
6.080
6.110
6.000
5.760
5.800
5.780
5.690
5.620
5.740
5.830
5.880
5.680
5.530
5.450
5.620
5.570
5.980
5.940
5.660
5.670
5.630
5.560
5.650
5.560
5.510
5.490
5.370
5.280
5.360
5.310
5.330
5.590
5.690
5.500
5.250
5.200
5.250
5.190
5.350
5.410
5.360
5.450
5.330
5.360
5.200
5.220
5.210
5.310
5.590
5.720
5.850
5.460
5.320
5.390
5.330
5.170
5.250
5.310
5.300
5.300
5.160
5.010
5.090
4.940
4.850
4.900
4.940
4.840
4.880
5.090
5.130
5.030
5.020
4.990
5.000
4.980
4.970
4.900
4.860
4.800
4.760
4.900
5.010
5.050
4.940
4.900
5.000
5.040
5.070
5.150
5.030
5.010
5.100
5.150
5.350
5.280
4.850
4.620
4.170
4.100
4.100
4.080
4.120
4.120
4.070
4.020
4.000
3.950
3.930
3.960
3.950
4.000
3.960
3.930
3.910
3.900
3.910
3.950
3.950
