12.190
12.160
12.220
12.160
12.090
12.040
12.080
12.240
12.330
12.330
12.580
12.520
12.370
12.380
12.360
12.340
12.340
12.610
12.830
12.810
13.060
13.100
13.080
13.230
12.850
13.030
12.950
12.760
12.700
12.720
12.800
12.870
12.870
12.590
12.770
12.830
12.750
12.630
12.650
12.540
12.660
12.470
12.370
12.290
12.300
12.540
13.010
12.990
13.010
13.160
13.080
12.950
12.470
12.570
12.630
12.850
12.690
12.900
12.860
12.770
12.770
12.790
12.560
12.500
12.320
12.420
11.980
12.000
12.140
12.130
12.010
12.020
12.250
12.240
12.370
12.510
12.400
12.540
12.590
12.480
12.630
12.920
13.050
13.060
12.870
12.790
12.920
12.820
12.880
12.790
12.950
13.200
13.240
13.240
13.120
13.480
13.540
13.070
13.250
13.100
13.080
13.100
13.180
12.810
12.690
12.630
12.700
12.980
13.050
12.940
12.930
12.930
13.260
13.320
13.160
13.130
13.120
13.510
13.610
12.920
12.260
12.250
12.200
12.140
12.120
12.400
12.380
12.560
12.760
13.020
12.290
12.230
12.760
12.650
12.900
13.170
13.800
12.900
11.730
11.380
11.220
11.200
11.270
11.320
11.220
11.010
10.860
11.020
11.230
11.240
10.970
11.150
11.160
10.850
10.670
10.960
11.400
11.020
11.130
11.070
10.920
11.120
11.140
11.330
11.160
11.000
10.910
10.990
11.020
10.750
10.720
10.780
10.900
11.110
10.470
10.330
10.280
10.390
10.250
10.170
10.070
10.210
10.280
10.230
10.230
10.270
10.290
10.230
10.100
10.080
10.380
10.450
10.550
10.520
10.500
10.510
10.560
10.250
10.300
10.340
10.320
10.350
10.510
10.490
10.550
10.560
10.820
11.120
11.020
10.620
10.250
10.330
10.270
10.660
11.080
11.080
11.130
10.830
10.850
10.910
10.950
10.870
10.990
11.030
11.180
11.580
11.540
11.760
11.780
11.760
11.510
11.620
11.440
11.680
11.830
11.800
11.590
11.660
11.580
11.310
11.750
11.830
11.870
11.830
11.910
12.000
11.510
11.260
11.080
11.090
10.980
10.700
10.810
11.070
11.380
11.480
11.340
11.770
11.630
11.010
10.960
12.170
11.990
11.990
10.900
10.690
10.490
10.630
10.670
10.320
9.860
10.020
10.000
9.840
9.880
9.500
9.820
9.520
10.080
10.350
11.460
11.400
11.230
12.160
11.340
10.890
10.860
11.570
11.380
11.870
11.470
12.510
12.210
13.550
13.110
13.350
14.720
14.920
14.970
14.860
15.100
14.990
15.250
15.460
15.590
15.380
15.360
15.040
15.100
15.380
14.800
14.950
15.050
15.020
15.480
15.540
15.970
15.960
15.500
15.680
15.120
16.160
16.320
16.240
16.380
16.600
16.640
16.410
16.800
16.760
16.870
16.900
17.220
16.800
16.910
16.780
16.650
15.920
15.230
15.300
15.650
15.900
15.920
15.930
16.020
15.840
15.730
15.260
16.940
16.660
17.020
16.920
16.050
16.100
15.990
15.220
15.130
14.390
14.360
14.810
14.740
15.280
14.900
15.220
15.280
14.320
14.180
14.630
13.310
14.750
16.390
16.290
16.750
15.600
14.630
14.520
15.420
16.610
17.600
16.050
15.300
16.920
18.800
20.930
20.770
22.950
22.370
24.840
23.000
23.440
21.310
21.710
21.980
20.240
19.450
19.800
20.110
18.300
20.180
20.340
19.720
17.930
19.000
21.080
21.630
21.220
20.880
20.820
19.870
18.650
18.500
20.540
20.760
18.870
17.150
15.580
17.290
16.930
15.390
17.100
18.990
21.110
20.020
22.240
24.720
25.400
23.240
23.810
26.470
28.240
28.010
29.060
29.330
29.660
30.790
32.510
30.500
31.090
30.880
31.680
32.930
31.500
28.640
29.780
33.090
33.900
32.990
32.270
32.290
31.960
31.600
31.730
32.280
29.730
27.030
28.060
25.510
23.800
23.070
25.630
26.160
29.070
26.430
24.030
23.560
22.090
20.080
19.950
20.510
20.100
19.950
20.570
20.550
18.680
18.690
16.990
16.400
16.240
16.580
16.840
16.280
16.360
16.390
16.240
16.820
16.030
15.970
16.470
17.160
16.450
14.960
14.180
12.890
12.870
12.550
12.330
12.290
12.350
12.470
12.480
12.430
12.490
12.920
12.950
13.180
12.940
12.420
12.420
12.200
12.410
12.230
11.630
11.650
11.980
11.460
12.660
13.850
12.900
11.730
11.220
11.980
11.690
10.630
9.960
9.800
8.910
8.500
8.400
8.040
7.920
8.390
8.180
8.030
8.250
8.170
8.500
8.720
8.900
8.090
8.210
7.810
7.400
7.720
7.780
7.550
7.390
7.560
8.290
7.810
7.570
7.580
7.700
7.700
7.670
7.860
7.790
7.490
7.400
7.100
7.000
6.930
6.860
7.210
7.260
7.430
7.480
7.170
7.150
7.060
6.980
6.420
6.500
6.580
6.500
6.700
6.090
6.290
6.060
5.510
5.360
5.390
5.320
5.340
5.340
5.170
5.080
4.920
4.930
4.910
5.060
5.220
5.020
4.960
5.080
5.100
5.070
5.140
5.170
5.140
5.090
5.070
5.080
5.050
5.000
4.960
4.880
4.830
4.900
4.890
4.870
4.830
4.940
4.930
4.800
4.780
4.800
4.790
4.760
4.740
4.700
4.660
4.640
4.610
4.580
4.620
4.670
4.700
4.620
4.680
4.680
4.620
4.590
4.560
4.620
4.600
4.620
4.580
4.580
4.670
4.670
4.640
4.560
4.610
4.580
4.800
4.810
4.650
4.590
4.590
4.590
4.560
4.630
4.590
4.650
4.520
4.510
4.490
4.450
4.380
4.450
