6.870
6.830
6.820
6.720
6.670
6.660
6.570
6.520
6.420
6.370
6.490
6.420
6.410
6.310
6.310
6.290
6.310
6.460
6.440
6.430
6.390
6.320
6.210
6.280
6.280
6.260
6.340
6.410
6.210
6.130
6.130
6.020
5.950
5.900
5.920
5.830
5.860
5.800
5.740
5.910
5.930
6.000
6.030
6.110
6.160
6.230
6.140
6.020
6.050
6.030
6.000
6.200
6.180
6.120
6.390
6.460
6.510
6.510
6.500
6.500
6.650
6.640
6.700
6.570
6.440
6.430
6.460
6.430
6.430
6.420
6.410
6.450
6.650
6.680
6.700
6.860
6.850
6.800
6.680
6.650
6.530
6.660
6.810
6.810
6.840
6.980
6.950
7.040
7.060
6.780
6.910
6.970
6.860
6.780
6.700
6.640
6.670
6.830
6.590
6.580
6.480
6.440
6.350
6.260
6.290
6.180
6.200
6.170
6.100
6.180
6.280
6.320
6.230
6.430
6.490
6.600
6.750
6.780
6.870
6.350
6.590
6.340
6.340
6.300
6.120
6.100
6.070
5.940
5.910
5.850
5.830
5.870
5.940
5.810
5.670
5.640
5.540
5.660
5.560
5.550
5.510
5.550
5.600
5.600
5.600
5.640
5.630
5.670
5.490
5.470
5.470
5.510
5.470
5.470
5.460
5.480
5.570
5.550
5.390
4.840
4.960
4.960
4.950
4.980
4.990
4.960
4.990
5.000
5.020
5.130
5.210
5.210
5.210
5.220
5.240
5.170
5.140
5.140
5.110
5.150
5.140
5.170
5.130
5.160
5.110
5.180
5.150
5.200
5.120
5.150
5.150
5.120
5.390
5.540
5.530
5.560
5.520
5.530
5.660
5.700
5.640
5.600
5.730
5.640
5.720
5.680
5.750
5.820
5.900
5.750
5.670
5.310
5.270
5.310
5.280
5.230
5.220
5.160
5.100
5.160
5.190
5.230
5.300
5.290
5.350
5.250
5.180
5.140
5.150
5.180
5.100
5.160
5.220
5.370
5.560
5.310
5.330
5.100
5.000
4.910
5.060
5.030
5.280
5.170
5.110
5.010
5.050
4.940
4.840
4.760
4.920
4.840
4.760
4.880
4.810
5.090
5.130
5.130
5.090
5.510
5.360
5.390
5.550
5.580
5.660
5.700
5.230
5.470
5.440
5.590
5.510
5.370
5.390
5.150
5.210
5.560
5.540
5.500
5.520
5.600
5.570
5.680
5.640
5.490
5.510
5.450
5.410
5.420
5.340
5.320
5.370
5.370
5.380
5.480
5.500
5.620
5.470
5.420
5.370
5.430
5.780
5.770
5.720
5.820
5.860
5.830
5.830
5.830
5.700
5.770
5.880
5.990
5.950
5.940
5.840
5.710
5.570
5.540
5.540
5.620
5.760
5.830
5.800
5.900
5.810
5.720
5.780
5.880
5.940
5.960
5.840
5.860
5.920
5.800
5.730
5.650
5.480
5.430
5.510
5.550
5.650
5.670
5.840
5.780
5.780
5.820
5.520
5.650
5.740
5.940
5.980
6.050
5.720
5.900
5.600
5.650
5.400
5.380
5.040
5.030
5.500
6.110
6.610
7.090
6.790
6.990
7.460
7.590
7.440
7.550
7.670
7.370
6.920
6.820
7.030
7.010
6.670
6.510
6.620
6.560
6.310
6.690
7.380
7.420
7.180
7.160
7.270
7.230
6.950
7.010
7.500
7.870
7.260
6.300
6.750
6.510
6.730
6.870
7.550
8.320
7.700
7.420
8.080
8.610
8.510
7.910
8.220
8.990
8.690
8.960
9.350
9.340
9.230
9.240
9.340
9.300
8.970
8.290
8.600
8.700
8.320
8.090
8.520
9.170
9.010
8.900
8.470
8.270
8.270
8.080
8.080
8.100
8.210
8.640
8.610
8.380
8.060
8.000
8.410
8.900
8.990
8.910
9.180
8.900
8.400
8.300
8.380
8.200
7.950
7.750
7.510
7.210
7.260
7.430
7.560
7.410
7.230
7.080
7.140
6.990
7.000
7.050
7.090
7.090
7.030
7.030
7.010
6.970
6.930
6.760
6.770
6.660
6.580
6.450
6.350
6.270
6.250
6.280
6.180
6.250
6.290
6.500
6.570
6.660
6.550
6.400
6.480
6.460
6.360
6.360
6.180
6.450
6.460
6.310
6.080
6.150
6.030
5.710
5.700
5.930
5.920
5.990
5.980
6.120
6.100
6.060
5.800
5.790
5.770
6.350
6.070
6.160
6.270
6.230
6.580
6.730
6.930
7.040
6.980
6.780
6.700
6.700
6.580
6.310
6.180
6.600
6.960
6.320
6.360
6.260
6.160
6.040
6.270
5.910
5.690
5.810
5.510
5.540
5.560
5.480
5.140
5.070
4.730
4.680
4.720
4.710
4.620
4.500
4.510
4.500
4.530
4.710
4.760
4.720
4.630
4.630
4.500
4.450
4.470
4.550
4.490
4.430
4.410
4.290
4.210
4.130
4.110
4.170
4.180
4.270
4.320
4.360
4.310
4.310
4.240
4.250
4.240
4.270
4.290
4.330
4.300
4.290
4.260
4.280
4.210
4.190
4.190
4.380
4.400
4.390
4.470
4.440
4.440
4.500
4.500
4.510
4.510
4.490
4.540
4.480
4.390
4.330
4.320
4.340
4.350
4.290
4.470
4.450
4.460
4.420
4.450
4.430
4.450
4.450
4.530
4.580
4.600
4.650
4.520
4.540
4.380
4.300
4.250
4.280
4.350
4.320
4.290
4.240
4.220
4.150
4.110
4.120
4.140
4.080
4.030
4.000
3.980
3.960
4.020
4.050
