9.950
9.990
10.170
9.980
9.900
10.150
10.070
10.030
10.040
9.880
9.810
9.850
9.780
9.880
9.860
9.910
9.760
9.690
9.670
9.550
9.810
9.870
9.750
9.680
9.610
9.870
10.030
9.940
9.960
9.840
9.740
9.740
9.660
9.920
10.020
10.060
10.180
10.120
10.150
10.060
10.260
10.270
10.210
10.230
10.170
10.690
10.710
10.620
10.710
10.840
11.050
11.340
11.360
11.130
11.040
11.260
11.380
11.130
11.050
11.020
11.200
11.020
11.160
11.160
11.090
11.180
11.120
11.010
11.010
11.080
10.990
11.150
11.290
11.200
11.200
11.540
11.450
11.410
11.260
11.260
11.360
11.490
11.400
11.560
11.590
11.700
11.400
11.300
11.080
11.150
11.060
11.320
11.430
11.320
11.290
11.250
11.240
11.270
11.110
11.060
10.900
10.930
10.890
10.890
10.440
10.600
10.760
10.600
10.830
11.130
11.520
11.590
11.650
11.560
11.760
11.810
11.550
11.490
11.490
11.340
11.540
11.510
11.830
12.160
12.080
12.070
12.350
12.240
12.250
12.180
12.510
12.350
11.880
11.440
11.430
11.060
11.000
11.200
11.420
11.440
11.290
11.240
11.350
11.240
11.380
11.520
11.610
11.500
11.380
11.400
11.450
11.370
11.500
11.330
11.170
11.210
10.980
11.060
11.300
11.000
11.240
11.300
10.950
10.940
10.970
11.060
10.960
10.850
10.870
10.820
10.920
10.820
10.980
10.970
10.910
10.970
10.900
10.780
10.490
10.430
10.650
10.510
10.700
10.850
10.850
10.800
10.880
10.750
11.190
11.290
11.100
11.120
11.100
11.190
11.010
11.050
11.240
11.150
11.250
11.360
11.700
11.760
11.710
11.780
11.620
11.830
12.040
11.720
11.590
11.520
11.400
11.370
11.800
11.470
11.500
11.350
11.530
11.620
11.590
11.300
10.770
10.980
10.800
11.310
11.270
11.180
11.350
10.980
10.650
10.440
10.560
10.490
10.470
10.320
10.210
10.380
10.420
10.430
10.370
10.360
10.150
10.300
10.260
10.150
9.960
9.850
10.000
10.140
10.080
10.230
10.110
10.170
10.230
9.950
9.950
10.280
10.550
10.620
10.440
10.550
10.410
10.300
10.010
10.100
10.190
10.230
10.490
10.130
10.020
9.740
9.810
10.010
10.290
10.070
9.810
9.870
9.780
9.640
9.840
10.260
10.180
10.000
9.880
9.690
9.800
9.860
9.780
9.820
9.710
9.780
10.300
10.280
10.510
10.640
10.650
10.560
10.420
10.350
10.390
10.690
10.400
10.250
10.190
10.290
10.050
10.160
10.260
10.200
10.450
10.260
10.290
10.120
9.730
9.530
9.670
9.860
9.620
9.430
9.480
9.500
9.800
9.610
9.840
9.710
9.450
9.200
9.470
9.710
10.560
10.650
10.770
10.910
10.460
10.310
10.200
9.880
9.550
10.160
10.150
10.070
9.650
9.600
9.080
9.320
9.530
9.800
9.890
9.400
9.300
9.200
8.900
8.700
9.350
8.960
10.000
10.000
11.000
11.580
11.800
11.840
11.250
13.010
13.500
13.250
13.000
13.850
14.010
13.380
13.060
13.280
12.920
13.330
13.200
13.420
12.880
12.450
12.130
12.120
12.140
12.180
12.200
12.170
11.990
11.570
11.500
12.550
13.020
12.960
12.590
12.570
12.530
12.200
12.560
12.960
12.380
12.850
13.390
13.390
13.420
13.300
12.810
14.430
13.120
11.990
11.880
12.130
12.400
13.050
12.840
12.690
12.230
11.990
12.920
12.400
12.770
12.730
12.440
12.500
12.240
11.380
10.950
10.990
10.360
10.230
10.320
10.700
10.680
10.580
10.890
10.120
10.210
10.350
9.510
9.670
11.130
11.000
11.130
11.280
10.330
10.150
9.500
11.360
11.920
11.650
10.690
10.090
10.010
11.700
13.030
14.000
13.200
15.770
14.550
14.200
12.880
13.400
13.720
13.280
12.610
11.900
12.450
11.230
12.100
12.610
12.500
12.090
11.620
13.620
13.570
13.370
12.930
13.100
12.700
11.200
9.600
10.080
9.160
8.330
7.570
9.050
11.360
10.810
12.900
13.950
13.320
15.140
16.000
18.050
17.910
18.000
19.150
20.280
18.900
19.980
22.170
21.600
19.150
18.590
19.190
18.390
17.800
17.690
18.110
17.610
16.190
16.550
18.350
18.620
18.710
17.400
18.010
16.360
15.960
15.450
15.350
16.180
16.250
16.310
16.300
15.410
14.970
15.220
15.500
16.600
17.380
17.090
16.450
17.240
17.360
18.000
18.100
17.980
18.000
16.050
15.120
14.700
15.520
15.660
15.840
15.400
15.000
15.320
14.840
14.800
14.600
14.600
15.800
14.680
13.640
12.150
12.430
12.610
12.200
12.430
12.260
12.400
12.550
12.960
12.810
12.590
12.320
12.350
12.000
11.600
11.700
11.700
11.300
10.920
11.080
11.350
11.550
11.490
10.990
10.370
10.500
10.800
10.980
10.810
10.360
10.390
10.500
10.230
9.700
9.820
9.810
9.790
9.680
9.710
9.950
10.020
10.220
10.130
9.980
10.190
10.070
10.300
10.720
10.310
10.390
10.000
10.200
11.060
11.600
11.690
11.650
12.150
12.530
12.300
12.000
11.050
11.950
11.090
11.230
11.110
11.130
11.120
11.000
10.980
11.120
11.110
11.110
11.410
11.540
11.400
11.500
11.180
11.280
11.040
10.500
10.300
10.790
10.660
10.830
10.700
10.680
11.300
11.950
11.500
11.500
10.910
10.830
10.600
9.820
9.780
10.080
10.070
9.690
9.800
9.780
9.700
9.690
9.800
10.140
10.200
10.400
9.510
9.270
8.790
8.930
8.770
8.600
8.210
8.020
8.000
7.880
8.490
8.270
8.310
8.240
8.260
7.860
7.920
7.700
7.510
7.460
7.250
7.190
7.170
7.010
7.210
7.390
7.340
7.480
7.510
7.450
7.500
7.460
7.580
7.260
7.250
7.250
7.110
7.210
7.420
7.600
7.300
7.400
7.440
7.230
7.100
7.000
7.200
7.000
7.180
6.660
6.590
6.220
6.150
6.160
6.150
6.050
5.990
5.940
6.050
6.080
