6.360
6.230
6.140
6.190
6.150
6.100
6.130
6.220
6.110
5.910
5.890
6.030
6.030
6.040
6.010
5.990
5.970
5.870
5.750
5.890
5.880
5.950
5.840
5.770
5.740
5.630
5.820
5.830
5.850
5.750
5.720
5.940
6.090
6.070
6.110
6.110
5.950
5.960
5.960
5.950
6.120
6.020
6.160
6.370
6.350
6.400
6.430
6.390
6.370
6.280
6.220
6.800
6.770
6.820
6.920
7.010
7.050
7.270
7.310
7.440
7.600
7.540
7.610
7.560
7.380
7.400
7.400
7.430
7.680
7.520
7.510
7.640
7.680
7.880
7.910
7.710
7.270
7.260
7.400
7.340
7.420
7.650
7.570
7.570
7.380
7.520
7.490
7.340
7.270
7.420
7.410
7.490
7.500
7.500
7.300
7.400
7.190
7.280
7.310
7.220
7.130
7.080
7.020
7.040
6.990
6.970
6.960
6.940
6.980
6.870
6.760
6.750
6.750
6.690
7.050
7.430
7.190
7.330
7.410
7.380
7.330
7.270
7.200
7.140
7.070
7.090
7.090
7.040
6.970
7.100
7.150
7.140
7.140
7.050
7.050
6.920
6.840
6.740
7.220
7.200
7.240
7.110
7.060
7.110
7.240
7.170
7.330
7.440
7.470
7.650
7.610
7.700
7.550
7.510
7.620
7.620
7.720
7.740
7.880
7.920
7.750
7.740
7.750
7.440
7.400
7.320
7.220
7.150
7.150
7.290
7.200
7.210
7.100
7.030
7.090
7.130
7.080
6.890
7.010
7.080
7.130
7.100
7.120
6.870
6.780
6.710
6.770
6.720
6.910
6.940
6.960
7.050
6.960
6.850
7.010
6.740
7.050
7.270
7.170
7.290
7.190
6.950
6.950
7.210
7.240
7.230
7.240
7.700
7.380
7.080
6.450
6.530
6.490
6.440
6.440
6.400
6.270
6.190
6.260
6.300
6.270
6.110
6.190
6.120
6.090
6.030
6.180
6.220
6.210
6.590
6.510
6.440
6.520
6.520
6.570
6.540
6.740
6.680
6.650
6.610
6.530
6.580
6.680
6.650
6.700
6.560
6.380
6.480
6.450
6.410
6.430
6.340
6.520
6.370
6.130
6.240
6.090
6.050
6.060
5.850
5.830
6.150
6.170
6.200
6.240
6.200
6.170
6.050
5.820
5.870
5.880
5.850
5.880
6.000
5.880
5.820
5.740
5.960
6.020
5.870
5.880
5.950
6.020
5.990
6.380
6.720
6.670
6.670
6.420
6.450
6.520
6.470
6.400
6.440
6.390
6.380
6.850
6.840
7.000
6.970
6.920
6.760
6.790
6.680
6.740
6.960
7.080
6.990
6.920
7.000
6.790
6.640
6.570
6.480
6.710
6.590
6.690
6.500
6.260
6.060
6.170
6.320
6.100
6.100
6.290
6.620
6.660
6.390
6.430
6.350
6.000
5.860
6.230
6.050
6.710
6.540
6.280
6.080
6.070
6.040
5.990
5.810
5.790
5.860
5.770
5.630
5.430
5.500
5.330
5.490
5.530
6.150
6.070
5.950
6.200
6.280
6.020
5.880
6.200
5.980
6.180
6.350
7.060
7.000
7.780
7.590
7.360
7.900
8.220
8.170
8.430
8.230
7.480
6.800
6.590
7.320
7.130
7.170
7.150
6.920
6.920
6.800
6.490
6.330
6.100
6.040
6.200
6.080
6.330
6.090
6.260
6.210
6.010
5.850
6.010
5.480
5.970
6.620
6.560
6.790
6.510
6.080
5.760
6.090
6.720
6.970
6.450
6.130
6.720
7.470
8.320
8.820
8.950
8.910
9.890
9.780
9.410
9.000
9.250
9.290
8.780
8.480
8.260
8.360
7.640
8.290
8.610
8.910
8.550
9.500
10.520
10.690
10.250
10.360
9.660
9.560
9.110
9.800
10.890
9.900
9.000
10.000
11.110
12.340
13.710
15.240
16.220
16.620
17.260
15.690
14.260
13.460
12.240
12.300
12.570
12.240
11.620
10.560
10.250
10.340
9.890
9.730
10.240
10.140
9.840
9.820
9.340
9.090
9.490
9.770
10.280
10.010
10.180
10.050
10.530
10.670
10.910
10.010
9.410
8.980
9.360
9.310
9.220
9.680
9.540
9.220
9.030
9.350
9.660
9.590
9.610
9.290
9.230
9.240
9.200
9.300
8.790
8.740
8.900
8.850
8.850
8.910
8.740
8.580
8.350
8.320
8.410
8.410
8.480
8.350
8.540
8.340
8.200
8.520
8.320
8.300
8.360
8.070
7.340
7.090
6.960
6.900
6.850
6.780
6.880
7.080
7.050
7.120
7.040
7.080
7.170
7.250
7.260
7.320
7.200
7.270
7.200
6.910
6.640
6.980
6.900
6.810
6.870
6.800
7.020
7.110
7.280
7.140
7.000
6.830
6.730
7.010
6.920
6.900
6.920
6.660
6.540
6.960
7.250
7.270
7.440
7.480
7.480
7.600
8.150
7.910
8.790
8.790
8.960
8.880
8.970
8.990
9.230
9.260
9.200
9.180
9.250
9.230
8.810
8.620
8.800
8.890
9.050
9.280
9.090
9.040
9.120
9.070
9.130
9.120
9.170
9.160
9.130
9.180
8.890
8.550
8.720
8.770
8.720
8.600
8.690
8.740
8.340
8.240
7.910
7.980
7.660
7.470
7.410
7.360
7.330
7.330
7.040
7.120
7.180
7.030
7.030
7.100
7.050
6.980
7.010
7.130
6.960
7.000
6.910
6.760
6.730
6.660
6.410
6.350
6.290
6.180
6.110
6.200
6.220
6.260
6.280
6.320
6.280
6.330
6.390
6.240
6.120
6.260
6.310
6.290
6.240
6.180
6.030
6.040
6.000
5.790
5.920
5.850
5.900
5.800
5.760
5.690
5.680
5.610
5.510
5.600
5.590
5.630
5.680
5.690
5.610
5.590
5.580
5.720
