-0.280
0.400
0.020
0.030
-0.440
0.000
-0.200
0.000
0.320
0.500
-0.380
-0.060
0.080
-0.090
1.660
0.710
-0.040
-0.520
0.150
0.160
-0.470
0.480
-0.070
0.480
0.830
-0.330
-0.480
0.010
0.430
0.340
-0.590
0.260
0.390
0.060
1.770
0.120
0.080
-0.590
-0.880
-1.440
1.480
1.720
0.050
0.000
-0.110
-0.270
0.020
0.030
0.500
-0.010
-0.120
0.030
-0.440
-0.470
-1.040
-0.540
-0.670
-0.270
-0.180
-0.140
-0.370
0.450
-0.120
0.300
-0.020
-0.430
-0.540
-0.590
-0.100
0.090
-0.130
0.280
-0.260
0.030
-0.590
0.260
0.360
-0.190
0.280
-0.660
0.420
-0.520
0.490
0.170
-0.380
0.910
0.100
0.170
-0.130
0.000
-0.250
-0.130
0.160
-0.370
-0.440
-0.010
-0.600
0.050
0.390
0.360
0.210
0.530
-0.510
0.260
-0.350
0.190
-0.310
0.450
0.050
0.600
-0.220
-0.030
0.300
-1.960
-1.250
-0.290
-0.140
0.550
0.420
-0.630
-0.960
1.340
0.360
-0.300
-0.990
-0.450
-1.720
-3.030
0.850
-0.030
-0.500
0.240
-0.120
0.440
-0.090
0.300
-0.320
0.440
1.870
-0.610
0.630
0.220
-0.280
2.520
0.040
-0.330
0.990
0.030
-0.650
-1.030
-0.100
-0.470
1.040
2.340
-0.250
1.340
-0.610
0.050
-0.010
0.470
-0.350
0.400
0.200
0.010
-1.040
0.190
0.070
0.040
-0.150
0.100
0.020
-1.270
-1.380
0.060
0.330
0.990
-0.390
-0.190
-0.260
0.820
-0.820
-0.390
-1.680
0.230
1.330
-0.830
2.420
0.220
-0.060
-0.790
0.070
-0.150
-1.270
0.910
0.930
0.250
0.150
0.520
-1.910
0.770
-0.270
-0.260
0.370
-0.020
0.470
1.170
0.620
-1.190
1.800
2.040
0.660
-0.890
-0.450
-0.010
-0.030
1.000
0.960
-0.970
-1.060
-1.110
-1.170
1.000
-0.500
0.770
0.630
0.000
0.230
0.770
0.400
0.960
0.920
0.280
0.560
0.130
0.410
-0.450
-0.650
-0.480
0.490
0.250
-0.780
0.180
0.880
0.620
-0.750
-0.350
-0.950
-1.000
-1.060
-0.960
-1.170
0.080
-1.230
-1.290
-0.130
0.200
0.200
-1.340
0.530
-0.180
1.120
0.780
0.200
0.410
0.830
1.100
0.460
-0.120
-0.370
1.060
-0.700
-1.020
0.120
0.080
0.390
-0.610
0.010
0.070
-1.200
-0.130
1.130
0.820
-0.050
0.180
0.920
-0.750
-0.020
1.040
-0.060
0.360
0.980
0.930
0.150
0.230
-0.310
0.660
-0.110
-0.100
0.220
-0.170
-0.420
0.370
-0.270
-0.040
0.240
-0.950
0.050
0.010
0.240
0.890
-0.620
0.880
0.770
0.560
0.340
-0.180
-0.180
0.700
-0.490
0.300
0.260
0.740
0.580
0.680
-0.710
0.680
-0.710
-0.750
0.100
-0.270
0.720
0.270
-0.690
-0.780
-0.120
0.730
0.470
-0.560
-0.800
-0.840
-0.880
-0.930
-0.970
-0.840
-1.070
0.260
-0.200
-0.200
0.930
0.220
0.980
0.930
-0.130
-0.380
0.140
-0.990
-1.000
-0.050
0.960
-1.060
-1.110
0.890
1.010
0.970
0.240
0.300
0.800
-0.730
-0.990
-0.210
0.950
0.900
0.350
-0.930
-0.980
-1.030
-1.080
-1.140
-1.200
-1.260
-1.330
-1.400
-0.150
0.000
-1.500
-1.580
-1.660
-1.050
-1.800
1.700
1.630
1.550
0.600
-1.220
-1.670
-0.020
1.590
1.510
1.260
0.610
1.350
1.290
1.230
1.170
1.110
1.060
0.250
0.050
-0.460
-0.090
0.160
-1.010
-0.190
0.270
0.170
1.050
0.130
-0.250
-1.110
-1.170
1.320
-1.460
-0.630
-0.110
-0.350
2.210
1.010
0.160
-0.420
0.400
-1.800
-1.040
2.190
0.350
0.200
-0.730
0.200
0.280
0.740
0.080
1.190
1.780
0.080
-0.100
-0.300
-0.590
0.220
-0.290
0.090
0.810
-0.180
0.250
0.590
-0.300
-0.420
0.160
0.430
-0.500
-0.010
-0.540
1.020
-0.290
-0.270
0.850
0.060
-0.170
0.220
-0.550
1.600
0.640
0.670
-0.610
-0.470
-0.060
0.040
0.620
0.130
-0.500
-0.070
0.130
0.010
0.000
0.600
1.350
0.000
0.360
0.580
0.470
0.070
-0.350
0.380
-0.390
-0.220
0.090
-0.140
0.140
-0.210
-0.160
-0.270
0.510
0.040
-0.230
0.320
0.830
-0.800
-0.560
-0.040
-0.310
-0.190
0.270
-0.050
0.080
0.180
-0.770
0.550
-0.520
0.070
-0.120
0.160
-0.450
-0.150
-0.190
0.380
0.090
0.110
-0.070
-0.320
0.470
0.110
0.150
0.190
-0.450
0.100
-0.580
0.010
-0.510
0.020
-0.140
0.190
-0.160
-0.180
0.190
0.430
0.400
-0.380
0.010
-0.290
-0.290
-0.560
0.970
-0.390
-0.520
0.020
0.070
-0.540
-0.250
0.210
-0.100
-0.320
0.630
-0.120
-0.190
0.090
0.410
0.050
0.210
-0.020
0.020
-0.610
-0.180
-0.470
-0.310
1.540
-0.020
-0.280
0.400
-0.230
0.160
0.650
0.150
-0.360
-0.300
0.100
-0.400
0.100
-0.730
0.200
-0.270
-0.200
-0.210
-0.840
0.210
-0.460
1.240
0.290
-0.120
-0.560
-0.410
0.540
-0.070
1.530
1.390
0.200
0.070
-1.510
-0.020
-0.010
-1.640
1.530
1.390
0.620
0.010
-0.060
