9.860
9.880
9.960
9.440
9.250
9.250
9.270
9.110
9.010
8.830
9.030
9.130
9.170
8.960
9.230
9.240
9.480
8.780
8.810
8.870
8.990
9.030
8.960
8.960
8.990
9.150
9.070
8.730
8.750
8.680
8.870
9.020
9.080
8.970
9.150
8.760
8.650
8.690
8.760
9.010
9.050
9.180
9.270
9.440
9.470
9.580
8.830
8.920
9.030
9.090
9.100
9.250
8.620
8.940
10.150
10.360
10.550
10.670
10.650
10.680
10.880
10.990
11.030
10.890
11.120
11.730
11.590
11.950
11.020
11.070
10.980
11.070
11.260
11.500
11.660
11.590
11.760
11.880
12.300
11.650
12.700
12.390
11.650
11.650
11.480
12.200
11.120
10.230
10.460
10.570
10.600
10.680
10.580
11.240
11.330
11.440
11.540
11.450
11.260
11.530
10.930
10.950
10.380
10.290
10.760
11.050
11.040
11.040
11.180
10.970
10.980
10.690
11.140
11.650
11.450
11.780
12.030
12.120
13.130
13.950
13.200
13.510
14.850
14.210
13.890
13.780
13.060
13.700
13.650
14.510
16.790
15.430
14.030
12.750
11.590
10.540
9.800
9.140
9.200
9.170
8.890
9.070
9.050
8.930
9.180
9.450
9.480
9.420
8.660
8.550
8.990
8.430
8.650
8.770
8.690
8.880
8.740
8.800
8.390
8.270
9.000
8.310
8.070
8.070
8.020
8.100
8.010
8.060
7.500
7.540
7.760
7.500
7.520
7.570
7.680
7.730
7.620
7.180
7.250
7.190
7.080
7.170
7.300
7.500
7.270
7.370
7.430
6.990
6.850
6.900
7.140
7.190
7.700
7.530
7.490
7.530
7.680
8.090
7.680
7.670
7.250
7.140
6.580
6.480
6.390
6.570
6.400
6.430
6.450
6.480
6.060
6.350
5.890
5.430
5.260
5.070
5.140
5.150
5.250
5.270
5.420
5.340
5.170
5.040
5.370
5.050
4.590
4.180
4.170
4.090
4.110
4.180
4.170
4.160
4.180
4.310
4.280
4.450
4.710
4.710
4.850
4.590
4.490
4.580
4.650
4.540
4.650
4.310
4.320
4.530
4.550
4.580
4.640
4.620
4.640
4.570
4.610
4.500
4.710
4.710
4.890
4.630
4.610
4.590
4.700
4.630
4.550
4.400
4.350
4.370
4.290
4.200
4.190
4.130
4.140
3.980
4.070
4.100
4.110
4.050
4.030
4.090
4.060
3.870
4.010
4.120
4.350
4.390
4.300
4.260
4.200
4.270
4.270
4.280
4.140
4.220
4.050
3.980
3.950
3.960
3.830
3.850
3.900
4.150
4.150
4.110
4.210
4.250
4.190
4.050
4.160
4.090
4.090
4.140
4.330
4.630
4.770
4.840
4.850
5.280
5.390
5.330
5.230
5.390
5.350
5.260
5.360
5.370
5.270
5.260
5.210
5.190
5.190
5.140
5.090
5.150
5.210
5.420
5.440
5.270
5.160
5.170
4.940
4.990
5.270
5.180
5.180
5.270
5.160
5.140
5.170
5.320
5.230
4.980
4.940
5.280
5.050
4.810
4.630
4.640
4.560
4.480
4.380
4.480
4.500
4.450
4.520
4.450
4.390
4.190
4.110
4.380
4.250
4.270
4.260
4.240
4.210
4.210
4.220
4.070
4.030
3.940
3.950
4.020
4.090
4.120
4.110
3.940
3.930
3.780
3.850
3.740
3.700
4.000
4.020
4.030
4.030
3.840
3.720
3.750
3.890
4.100
4.100
4.020
4.050
4.110
4.390
4.770
4.920
4.950
5.260
5.210
5.170
5.010
5.040
4.960
4.950
4.730
4.540
4.630
4.500
4.480
4.630
4.870
4.930
4.940
5.320
5.670
5.550
5.430
5.250
5.210
4.960
4.890
5.110
5.590
5.700
5.500
5.250
5.000
5.260
6.120
5.980
6.580
7.080
6.850
7.050
7.200
7.890
7.800
7.720
8.130
8.880
8.790
9.150
9.440
8.990
8.560
8.500
8.110
7.720
7.350
7.210
7.340
7.090
7.020
6.900
7.590
7.540
7.180
7.000
6.670
6.450
6.390
6.350
6.200
6.240
6.360
6.220
6.100
6.080
5.870
5.890
6.180
6.370
6.460
6.600
6.470
6.640
6.860
6.560
6.490
6.180
5.890
5.790
5.830
5.790
6.050
5.970
6.060
5.840
5.850
5.750
5.650
5.710
5.690
5.450
5.440
5.370
5.420
5.480
5.570
5.440
5.860
6.110
5.600
5.590
5.400
5.290
5.450
5.440
5.470
5.360
5.760
5.350
4.870
4.930
5.090
5.060
4.960
5.010
4.750
4.740
4.700
4.670
4.600
4.590
4.630
4.660
4.900
4.920
4.900
4.890
5.100
5.030
5.060
4.900
4.910
5.010
4.860
4.790
4.730
4.870
4.660
4.650
4.700
4.690
4.760
4.900
4.970
4.940
4.900
4.830
4.810
4.940
4.940
4.950
4.970
4.910
5.010
5.350
5.430
5.510
5.460
5.520
5.540
5.350
5.330
5.280
5.410
5.500
5.970
5.570
5.130
5.050
5.160
5.230
5.050
5.000
5.050
5.050
5.020
5.030
4.950
4.930
4.840
4.870
4.900
4.910
4.930
4.890
4.980
4.960
5.040
5.130
5.080
4.960
4.910
4.940
4.820
4.700
4.760
4.840
4.920
4.960
4.990
4.890
5.040
5.080
5.180
5.260
5.140
5.140
5.450
5.050
5.030
5.050
4.930
4.870
4.810
4.880
4.930
5.000
4.810
5.080
4.890
4.910
4.900
4.900
5.040
5.220
4.760
4.800
4.760
4.710
4.630
4.950
5.320
4.840
4.400
4.120
4.100
4.020
4.040
4.110
4.030
4.180
3.950
3.820
3.780
3.800
3.900
3.760
3.800
3.740
3.630
3.620
3.700
3.660
