0.080
-0.050
0.080
-0.140
-0.100
-0.010
-0.270
0.540
0.130
-0.200
-0.190
0.130
-0.020
-0.160
-0.140
-0.140
0.060
0.130
-0.270
0.150
0.000
0.320
-0.020
0.420
0.140
-0.600
-0.380
0.160
0.020
-0.180
-0.040
-0.230
-0.170
-0.010
0.040
0.260
0.250
-0.060
0.260
-0.180
0.100
-0.230
-0.100
0.580
-0.410
-0.350
-0.420
0.100
0.180
0.090
-0.440
-0.090
0.300
0.330
0.020
0.610
0.010
0.150
0.020
-0.430
0.090
0.270
-0.020
-0.010
0.200
-0.240
-0.230
-0.070
-0.030
-0.110
0.160
0.000
0.460
-0.040
-0.100
0.080
0.000
-0.470
0.030
0.440
-0.190
0.490
0.110
0.250
-0.080
0.080
0.060
0.000
0.380
0.260
-0.040
-0.030
0.030
0.080
0.010
0.150
-0.490
-0.120
0.150
-0.020
0.030
-0.080
-0.040
0.120
-0.060
0.000
0.030
-0.120
0.390
0.110
-0.130
0.160
0.170
-0.200
-0.130
-0.140
-0.070
-0.140
0.050
-0.110
0.180
-0.020
0.090
0.310
0.100
0.060
0.040
0.140
-0.070
-0.120
0.090
-0.150
-0.030
-0.020
-0.080
0.160
0.000
-0.640
-0.140
-0.110
0.110
-0.070
0.000
-0.210
0.330
-0.160
0.060
-0.040
0.050
-0.200
0.030
0.110
0.040
-0.130
0.020
0.090
-0.280
0.470
-0.040
0.210
-0.020
0.130
0.030
-0.060
0.030
-0.200
0.050
-0.610
-0.010
-0.210
0.260
-0.020
0.010
-0.210
-0.110
0.460
-0.110
-0.230
0.220
0.030
-0.260
-0.190
-0.120
0.170
-0.120
-0.080
0.120
-0.940
0.210
0.090
-0.020
-0.140
-0.080
-0.620
0.160
0.420
0.510
-0.020
0.000
0.370
-0.290
0.510
-0.020
0.280
0.620
0.180
-0.100
0.250
0.140
0.080
-0.410
-0.020
0.070
-0.060
0.100
0.130
0.620
-0.390
-0.050
0.160
-0.220
-0.240
-0.200
0.250
0.040
-0.300
0.020
0.160
-0.450
0.060
0.060
-0.020
-0.050
-0.150
0.040
-0.180
-0.350
-0.030
0.380
-0.130
-0.080
-0.080
0.150
-0.080
0.640
0.120
0.340
-0.270
-0.040
-0.130
0.360
-0.200
0.090
0.140
0.120
0.220
0.000
-0.330
0.220
0.410
-1.000
-0.240
-0.310
-0.430
0.330
0.050
-0.140
0.900
-0.620
0.390
0.330
-0.350
0.130
0.320
0.110
-0.220
-1.200
-0.270
0.230
0.570
0.000
0.570
0.550
-0.490
-1.100
-0.150
-0.510
0.850
0.120
-0.640
-0.450
0.030
-0.280
1.860
-0.110
-1.140
0.390
0.180
-0.230
-0.140
0.500
0.270
1.000
0.040
-0.540
0.000
0.560
0.100
0.120
0.770
-0.320
0.790
0.300
-0.730
0.000
0.270
0.210
0.490
0.460
0.290
-0.550
0.590
-0.250
-0.920
-0.890
0.530
0.720
-0.400
-0.130
0.700
0.540
-0.460
-0.170
-0.880
0.730
0.030
0.230
-0.420
0.500
-0.090
0.440
1.680
-0.480
0.080
0.160
0.480
0.440
0.530
-0.750
0.460
-1.040
-0.020
-0.520
-0.220
-0.170
1.400
0.190
0.030
0.630
-0.260
0.220
-1.480
-0.240
-1.840
0.360
-0.390
-1.480
-0.540
0.670
0.470
-1.070
0.060
-0.030
-0.410
-0.520
1.260
0.120
0.220
-0.280
0.740
0.520
0.090
0.370
-0.230
0.500
0.060
-0.150
0.210
0.150
0.310
-0.740
-0.940
-0.450
0.220
-0.180
0.290
0.130
0.400
-0.330
0.530
-0.150
-0.410
-0.030
0.010
-0.430
0.720
0.700
0.050
0.780
-0.380
0.700
-0.170
0.530
-0.340
0.120
0.360
0.390
0.580
-1.600
-0.220
0.380
0.860
0.370
-0.790
0.130
1.190
-0.270
-0.020
0.000
-0.500
0.800
-1.530
0.330
-0.710
-0.740
1.660
1.130
-0.150
1.560
-0.950
-0.940
-0.060
0.200
0.260
1.220
0.560
0.200
-1.240
-1.240
0.790
1.280
1.360
-1.240
-1.930
-1.540
-0.400
0.930
-2.250
0.130
-0.170
0.340
-1.120
2.130
0.860
0.410
-0.820
-0.100
1.770
-1.100
-1.620
1.160
1.890
-0.620
-2.100
-0.430
0.220
1.360
1.860
0.280
0.920
0.570
-0.150
1.550
1.410
-1.560
-1.740
-1.930
-2.110
-0.760
1.010
-1.150
-2.400
-0.410
1.300
1.270
-2.170
-0.070
0.400
-1.560
-0.130
-0.050
0.710
0.110
0.220
-0.240
-0.530
2.360
1.550
0.640
-2.120
-0.430
2.030
0.720
0.390
-0.080
0.980
0.600
0.000
-0.510
0.070
-0.260
0.140
0.610
0.200
0.030
-0.060
-0.890
-0.410
-0.050
0.160
-0.860
-0.090
-0.220
-0.110
0.300
1.020
-0.060
0.140
0.210
-0.750
0.470
0.610
0.400
-0.290
-0.500
0.260
0.040
0.110
0.270
-0.200
-0.120
0.400
0.260
0.110
-0.170
0.860
0.130
-0.090
0.470
0.010
0.210
-0.140
-0.060
0.370
0.290
0.140
-0.030
-0.180
0.610
0.170
0.080
-0.060
0.240
-0.160
-0.440
0.170
0.080
0.180
0.140
0.170
-0.180
-0.360
-0.050
-0.230
0.550
-0.200
-0.090
-0.060
-0.180
0.140
0.650
-0.160
-0.010
0.560
0.360
-0.400
0.020
0.450
-0.030
-0.070
-0.040
-0.090
-0.370
-0.230
0.260
0.250
-0.030
-0.220
-0.120
0.100
1.010
0.090
0.160
-0.470
-0.180
-0.260
0.130
-0.100
0.370
0.150
0.400
0.350
-0.530
0.020
-0.420
0.170
0.010
0.060
0.220
-0.130
0.020
0.180
-0.050
0.240
0.070
-0.140
0.030
-0.120
-0.370
-0.220
0.390
0.280
0.090
0.140
-0.230
0.280
-0.100
-0.160
0.060
-0.010
0.250
0.100
0.310
0.230
-0.260
-0.330
-0.050
0.170
0.230
-0.280
0.000
0.060
-0.050
-0.220
-0.080
0.110
-0.390
-0.070
-0.150
0.130
-0.230
0.080
0.020
0.010
0.170
0.060
0.230
-0.630
0.310
0.000
0.050
0.250
0.030
0.040
-0.120
0.260
0.290
-0.340
0.150
0.170
-0.040
-0.040
0.070
0.000
-0.240
0.190
0.040
0.140
0.180
0.030
-0.010
0.300
0.210
-0.260
0.260
-0.200
0.060
0.040
0.590
-0.100
-0.120
0.090
-0.020
-0.070
0.180
-0.250
0.120
0.050
0.180
0.190
-0.210
0.040
