4.810
4.810
4.800
4.810
4.830
4.840
4.830
4.840
4.830
4.870
4.860
4.830
4.810
4.850
4.840
4.900
4.920
4.970
4.950
5.000
5.020
5.070
5.100
5.090
4.910
4.850
4.850
4.840
4.770
4.730
4.730
4.770
4.840
4.830
4.930
4.910
4.860
4.830
4.870
4.820
4.920
4.700
4.760
4.770
4.760
4.990
5.200
5.220
5.160
5.200
5.120
5.180
5.070
5.100
5.130
5.180
5.150
5.190
5.130
5.160
5.130
5.120
5.100
5.080
5.040
5.040
4.990
5.010
5.050
5.040
5.030
5.050
5.090
5.070
5.050
5.110
5.070
5.090
5.090
5.080
5.090
5.110
5.110
5.170
5.230
5.210
5.200
5.200
5.170
5.180
5.140
5.170
5.210
5.250
5.200
5.250
5.220
5.080
5.090
5.080
5.060
5.050
5.030
5.040
4.990
5.040
5.050
5.060
5.050
5.050
5.020
5.050
5.060
5.100
5.020
4.990
5.030
5.020
5.050
5.030
5.000
5.010
4.990
4.950
4.960
4.960
4.970
5.000
5.020
5.090
5.100
5.020
5.090
5.070
5.030
5.060
5.040
5.080
5.140
5.120
5.170
5.170
5.200
5.260
5.290
5.280
5.250
5.170
5.130
5.090
5.100
5.130
5.120
5.030
5.060
5.040
5.040
5.040
5.030
5.000
4.950
4.980
4.970
4.960
4.970
4.960
5.010
5.000
5.020
5.060
5.070
5.070
5.070
5.030
5.030
5.040
5.030
4.980
5.020
5.010
5.000
5.020
5.010
4.960
4.950
4.950
4.970
4.960
5.030
5.040
5.030
5.040
5.050
5.050
5.080
5.140
5.140
5.180
5.190
5.190
5.160
5.170
5.150
5.170
5.250
5.260
5.280
5.310
5.350
5.360
5.350
5.450
5.450
5.450
5.470
5.480
5.390
5.270
5.290
5.350
5.270
5.200
5.250
5.220
5.280
5.300
5.180
5.250
5.110
5.110
5.080
5.040
5.090
5.080
5.120
5.090
5.090
5.100
5.120
5.120
4.980
4.980
4.990
5.020
5.050
5.000
4.950
4.940
4.960
4.940
4.970
4.980
5.350
5.340
5.310
5.290
5.260
5.250
5.230
5.170
5.150
5.260
5.260
5.260
5.260
5.230
5.260
5.270
5.140
5.130
5.120
5.140
5.140
5.140
5.120
5.090
5.100
5.110
5.150
5.140
5.210
5.140
5.100
5.100
5.240
5.370
5.350
5.360
5.280
5.280
5.340
5.370
5.360
5.400
5.390
5.450
5.560
5.560
5.630
5.680
5.670
5.570
5.620
5.540
5.610
5.680
5.710
5.650
5.650
5.650
5.540
5.580
5.590
5.510
5.590
5.620
5.610
5.560
5.560
5.540
5.530
5.400
5.300
5.290
5.390
5.470
5.530
5.550
5.490
5.490
5.280
5.230
5.320
5.140
5.550
5.370
5.350
5.200
5.220
5.200
5.150
4.990
5.020
5.060
4.990
5.000
4.920
5.030
4.880
5.020
4.990
5.450
5.410
5.370
5.610
5.580
5.430
5.490
5.830
5.780
5.910
5.960
6.270
6.070
6.560
6.390
6.360
6.800
6.850
6.880
6.880
6.990
6.910
7.050
7.050
7.080
6.930
6.910
6.840
6.920
6.970
6.700
6.740
6.760
6.780
6.940
6.920
7.090
7.090
6.850
6.800
6.780
7.180
7.220
7.190
7.260
7.350
7.380
7.340
7.340
7.360
7.410
7.410
7.560
7.530
7.670
7.440
7.430
7.250
7.030
6.950
7.030
7.070
7.090
7.140
7.240
7.160
7.140
7.070
7.390
7.320
7.380
7.310
7.150
7.310
7.380
7.140
7.110
6.890
6.890
7.020
7.030
7.250
7.180
7.250
7.260
7.140
7.180
7.480
6.990
7.280
7.340
7.400
7.830
7.790
7.260
7.800
7.570
7.350
7.230
6.820
6.340
6.360
7.070
7.870
8.070
8.570
8.530
9.490
9.190
9.330
8.990
8.930
8.980
8.370
8.190
8.340
8.700
8.460
8.090
8.110
8.640
8.120
7.810
8.680
8.900
8.670
8.260
8.200
8.180
7.760
7.400
8.170
8.560
7.780
7.070
6.430
7.110
7.540
8.110
9.010
10.010
11.160
11.340
10.310
11.200
10.440
9.500
9.170
10.350
10.530
9.560
10.170
10.020
9.550
9.690
9.990
9.790
9.380
9.040
9.050
9.290
9.270
8.500
8.690
9.590
9.250
9.190
8.810
8.530
8.480
8.480
8.210
8.360
8.730
8.680
8.990
8.500
8.270
7.980
8.770
9.250
9.630
8.750
8.410
8.410
8.890
8.690
8.780
8.940
8.130
8.190
8.030
7.670
7.470
7.840
7.130
6.900
6.830
7.040
7.140
7.080
6.890
6.900
6.800
6.930
6.680
6.690
6.700
6.930
6.780
6.480
6.490
6.410
6.270
6.030
5.970
6.000
5.800
5.760
5.740
5.650
5.630
5.810
5.800
6.010
5.840
5.840
5.670
5.580
5.540
5.570
5.530
5.440
5.440
5.310
5.250
5.580
5.830
5.860
5.840
6.170
6.100
6.020
6.160
6.160
6.100
6.140
6.140
5.880
5.810
6.450
6.510
6.320
6.180
6.210
6.460
6.670
7.070
6.950
7.220
7.000
6.900
7.380
6.710
6.190
5.950
5.900
5.830
5.860
5.940
5.680
5.400
5.620
5.150
5.140
5.010
4.840
4.740
4.710
4.630
4.700
4.690
4.670
4.520
4.470
4.400
4.470
4.570
4.680
4.670
4.740
4.590
4.540
4.330
4.280
4.350
4.430
4.380
4.310
4.320
3.930
3.840
3.710
3.770
3.810
3.900
3.920
3.920
3.920
3.910
3.970
3.930
3.910
3.980
4.060
4.080
4.030
4.100
4.110
4.140
4.050
4.030
3.960
3.940
3.840
3.850
3.840
3.850
3.860
3.850
3.850
3.910
3.890
3.880
3.850
3.760
3.730
3.640
3.600
3.610
3.590
3.550
3.590
3.580
3.620
3.580
3.610
3.570
3.600
3.690
3.710
3.730
3.730
3.690
3.710
3.710
3.720
3.650
3.670
3.580
3.680
3.760
3.760
3.730
3.850
3.710
3.730
3.780
3.810
3.460
3.520
3.390
3.380
3.250
3.330
