15.420
15.480
15.580
15.520
15.550
15.460
15.590
15.440
15.530
15.300
15.270
15.290
15.240
15.330
15.180
15.090
14.990
15.000
14.940
15.010
15.150
15.290
15.200
15.110
15.290
15.340
15.230
15.070
15.080
14.740
14.690
14.490
14.760
14.870
15.060
15.170
15.140
15.110
14.980
14.880
14.970
15.100
15.000
14.980
14.960
14.560
14.660
14.660
14.960
14.990
15.110
15.110
14.980
15.050
15.050
15.250
15.270
15.290
15.330
15.320
15.230
15.370
15.220
15.250
15.040
15.060
15.140
15.220
15.280
15.340
15.140
15.110
15.270
15.370
15.410
15.720
15.450
15.450
15.470
15.410
15.480
15.450
15.520
15.570
15.490
15.630
15.660
15.690
15.660
15.770
15.800
16.050
15.980
15.900
15.750
15.790
15.700
15.750
15.850
15.650
15.550
15.590
15.340
15.480
15.390
15.570
15.480
15.430
15.500
15.480
15.290
15.210
15.250
15.360
15.310
15.270
15.260
15.430
15.430
15.390
15.630
15.770
15.740
15.610
15.570
15.620
15.780
15.720
15.350
15.570
15.680
15.630
15.460
15.380
15.590
15.480
15.620
15.430
15.810
15.760
16.000
15.970
16.180
16.680
17.020
16.820
16.880
16.800
16.990
16.850
16.860
17.050
16.970
16.950
17.250
17.320
17.300
17.290
17.480
17.010
16.260
16.490
16.680
16.520
16.530
16.200
16.210
16.090
16.200
16.060
16.150
16.260
16.380
16.120
16.080
16.120
16.200
15.890
16.110
16.220
16.300
16.310
15.610
15.750
15.820
16.190
16.390
16.450
16.630
16.610
16.810
16.780
16.900
16.800
16.820
16.870
16.920
16.910
16.910
16.950
17.370
17.340
17.430
17.600
17.820
17.090
16.840
16.820
16.980
16.840
16.630
16.710
16.630
16.680
16.450
16.600
16.820
17.430
18.030
17.860
18.000
18.250
18.200
18.130
18.040
18.250
18.380
18.330
18.460
17.850
18.130
17.910
17.990
18.090
18.150
17.620
17.830
17.770
17.960
17.460
17.100
17.400
17.660
17.390
17.590
17.470
17.050
17.330
17.170
16.420
17.190
17.190
17.080
17.100
17.280
17.200
17.460
15.880
15.840
16.010
15.830
15.890
16.350
16.460
15.800
15.590
15.660
15.590
15.390
15.600
15.500
15.450
15.470
16.050
17.260
17.190
17.270
16.500
16.670
16.600
16.890
16.680
17.150
16.900
17.420
18.590
18.270
18.930
19.230
19.230
18.200
18.570
17.700
18.320
19.050
18.940
18.630
19.150
19.350
18.620
18.500
19.170
19.100
20.510
19.600
19.320
17.560
15.960
15.480
15.760
16.070
15.500
15.440
15.650
16.040
16.200
15.880
16.330
16.620
15.870
15.400
16.860
17.610
18.840
18.100
18.600
17.860
18.100
18.500
18.160
16.980
17.750
18.420
18.230
18.360
17.920
18.620
17.710
17.980
18.860
20.960
21.070
20.990
22.880
22.500
21.650
21.630
22.570
21.490
21.150
20.450
22.440
21.250
23.600
23.400
23.340
25.930
26.400
26.540
26.070
27.640
27.440
29.470
29.480
28.770
28.750
29.620
29.150
29.450
27.950
25.400
24.650
24.210
24.520
24.240
24.390
25.130
25.500
23.840
24.780
24.110
26.770
25.770
25.130
24.030
24.920
25.480
25.480
28.310
25.720
25.890
25.570
26.610
26.200
26.190
25.670
23.340
21.220
19.270
18.260
17.950
16.320
16.080
16.810
17.210
16.930
16.600
16.020
17.690
17.670
17.090
16.550
15.790
16.720
16.850
15.890
15.400
14.750
14.070
14.120
13.620
14.290
14.040
14.710
14.070
13.660
13.140
13.210
12.020
12.940
14.380
14.500
15.050
14.510
13.290
12.720
13.900
15.190
16.720
15.400
14.520
16.130
17.920
19.970
20.670
22.930
23.630
26.210
25.000
23.580
23.500
22.940
22.980
20.890
20.200
21.360
21.350
19.480
20.610
22.370
21.990
22.240
24.710
27.460
29.180
29.080
30.640
34.040
37.820
35.590
32.350
30.610
30.810
29.640
29.830
33.140
33.930
33.100
31.570
30.450
29.650
29.770
28.400
28.220
29.410
29.880
30.890
28.820
28.000
27.670
27.510
27.390
28.360
29.160
30.200
29.430
30.320
28.560
29.980
30.230
28.630
27.360
28.030
28.050
27.350
29.350
30.310
31.130
31.020
30.510
27.740
26.880
26.510
26.990
26.830
27.300
26.580
26.400
26.240
26.010
26.530
26.100
25.110
25.670
24.670
22.430
22.000
21.910
21.580
21.790
20.890
21.160
21.150
21.300
21.460
22.520
22.700
22.940
22.030
22.810
22.960
22.590
21.520
21.300
21.360
21.320
20.260
19.940
20.260
20.530
19.900
21.190
22.060
22.610
22.380
22.810
22.490
22.300
21.840
20.630
20.540
22.820
22.110
21.310
21.570
21.400
23.020
24.570
25.340
23.040
24.680
23.000
22.650
22.720
22.500
23.220
23.340
25.820
27.820
25.920
26.140
27.270
26.240
24.220
26.910
24.460
22.240
20.220
18.380
16.710
15.190
13.810
12.550
11.410
10.370
9.430
8.570
7.790
7.080
6.440
6.200
6.130
6.320
