-1.130
0.300
1.030
0.150
0.160
0.140
1.210
-1.060
-1.060
0.960
1.010
-0.070
-0.090
-0.040
-0.320
-0.230
0.080
0.230
0.320
-1.040
0.010
-0.120
0.040
1.270
-0.660
0.150
0.160
-0.220
0.440
0.020
-0.360
0.260
0.040
-0.130
0.020
-0.510
0.350
0.530
0.300
0.720
1.050
0.080
0.240
0.020
0.070
0.040
0.500
0.130
0.030
0.010
-0.030
-0.120
-0.110
-0.030
-0.040
-0.070
-0.050
0.050
-0.070
0.080
0.000
0.000
-0.040
-0.030
-0.020
-0.020
0.010
-0.050
-0.180
-0.080
0.020
0.250
-0.010
0.000
-0.110
0.070
-0.210
0.000
-0.070
0.300
0.140
0.000
0.000
-0.010
0.010
-0.080
-0.030
-0.120
0.010
-0.170
0.000
0.080
-0.280
0.040
0.180
-0.180
0.310
0.240
0.040
-0.030
0.010
-0.090
0.020
-0.070
-0.120
0.000
0.060
-0.050
-0.200
0.200
0.040
0.050
-0.060
0.070
-0.020
0.050
0.010
-0.250
0.000
0.060
-0.010
0.300
-0.020
0.000
-0.040
0.050
-0.160
-0.010
-0.100
-0.110
0.150
0.030
0.060
-0.080
0.000
-0.170
0.010
-0.150
0.010
0.120
-0.150
-0.050
-0.280
-0.190
0.130
-0.080
-0.510
-0.330
0.270
0.200
-0.190
-0.230
0.280
0.160
0.140
-0.170
0.110
-0.390
0.110
0.260
-0.070
0.850
-0.070
0.250
-1.420
1.280
0.000
-0.380
0.010
-0.290
1.230
-0.280
-0.280
-0.050
0.150
-0.120
-0.140
-0.030
0.060
-0.230
0.020
0.040
-0.100
-0.140
0.020
0.020
1.020
0.000
-0.020
-0.020
0.000
-0.260
0.090
0.160
0.600
-0.020
0.110
-0.110
-0.050
-0.370
0.260
-0.040
-0.020
-0.210
-0.130
-0.040
0.100
0.350
-0.400
0.390
-0.550
-0.570
0.000
-0.160
0.100
-0.190
-0.050
-0.130
0.030
0.000
0.060
0.100
-1.220
-0.100
-0.530
0.440
0.230
0.350
-0.340
0.710
-0.200
-0.340
0.540
0.400
-0.320
0.040
0.490
-0.530
-0.190
0.160
-0.850
-0.120
0.510
0.330
0.630
0.220
-0.400
-0.020
0.700
0.370
-0.410
-0.310
0.140
0.520
-1.130
-0.160
0.540
0.430
-1.430
-0.430
-1.640
0.200
-0.700
0.080
0.260
-0.670
1.290
0.830
0.140
-0.170
0.870
-0.530
0.300
-1.300
0.240
-1.000
1.270
-1.670
1.250
1.410
-1.450
-0.550
0.470
0.660
-0.970
1.100
-1.280
-0.700
-1.830
0.110
-2.020
1.420
-2.090
-2.320
0.090
-0.370
-0.180
-0.270
-1.040
-0.150
-1.470
-0.700
2.500
2.280
1.690
0.470
-1.650
0.140
-1.820
-1.040
0.550
-0.620
0.930
-2.660
2.420
2.200
2.000
1.820
1.650
1.500
1.370
1.240
1.130
0.480
-2.250
-0.250
-0.900
2.840
-1.570
0.040
0.480
-0.650
2.380
2.110
2.340
1.190
1.460
0.710
1.830
-0.860
-0.720
-0.170
0.980
1.100
-2.010
1.820
1.660
1.510
1.200
-1.540
-1.710
-1.900
-2.120
-2.340
0.270
-2.580
-2.870
0.830
1.020
0.650
-2.260
-0.020
-0.150
-0.360
-0.400
0.800
0.320
0.340
0.210
-2.140
-0.570
-1.350
2.290
2.690
1.670
2.290
0.110
-0.540
0.930
-0.660
-0.030
0.630
0.960
1.500
-0.500
0.090
-0.550
0.410
0.020
1.230
0.560
-0.750
-0.730
-0.580
1.520
0.900
0.360
-1.320
0.000
-0.330
0.130
0.100
0.530
-2.110
-2.310
-0.670
2.190
0.010
1.990
0.120
1.590
1.650
-0.210
1.040
0.040
1.420
0.070
0.480
0.050
0.050
-0.280
0.120
-0.030
0.210
-0.600
-0.010
-0.260
1.010
1.220
0.410
0.370
-0.300
0.020
-0.110
0.120
-0.190
0.080
-0.010
-0.210
0.040
0.200
0.260
-0.100
0.160
0.570
-0.090
-0.180
-0.410
0.080
0.180
-0.050
1.030
-0.140
0.000
-0.270
0.220
0.020
-0.010
0.320
0.380
0.270
-0.150
-0.020
0.010
-0.110
0.140
0.190
0.030
-0.080
-0.090
0.050
0.030
0.040
0.090
-0.370
0.080
0.130
0.320
-0.100
-1.030
-0.300
0.200
-0.100
-0.040
0.600
0.150
0.290
0.320
-0.650
-0.090
-0.400
0.010
-0.410
0.070
0.080
0.300
-0.090
-0.170
0.210
0.110
0.010
-0.040
0.480
0.000
-0.260
-0.030
0.030
0.380
-0.220
0.110
0.220
0.220
0.190
-0.190
-0.170
-0.010
-0.080
0.100
0.400
0.270
-0.160
-0.300
0.000
-0.320
0.070
-0.120
-0.310
-0.140
0.030
0.430
0.320
0.090
0.260
0.030
0.170
0.080
-0.090
0.090
0.070
-0.150
-0.050
0.050
0.360
-0.190
0.210
0.180
-0.040
0.110
0.180
-0.050
0.150
-0.010
0.050
0.080
0.130
-0.010
0.110
-0.200
-0.160
0.170
-0.130
-0.170
0.170
0.070
-0.080
0.250
0.150
-0.050
0.060
0.090
-0.240
0.180
0.070
0.150
-0.150
0.050
0.040
0.060
0.050
0.130
0.040
-0.080
0.040
-0.150
0.070
-0.060
-0.140
0.230
0.020
0.120
0.070
-0.040
-0.030
