4.370
4.370
4.360
4.380
4.310
4.270
4.240
4.240
4.250
4.220
4.280
4.330
4.340
4.340
4.310
4.340
4.280
4.260
4.200
4.300
4.340
4.310
4.250
4.240
4.200
4.120
4.260
4.260
4.270
4.190
4.190
4.340
4.450
4.460
4.500
4.530
4.450
4.450
4.460
4.570
4.680
4.660
4.780
4.850
4.910
4.890
4.880
4.860
4.840
4.860
4.820
4.960
5.040
5.080
5.280
5.330
5.340
5.350
5.350
5.290
5.290
5.310
5.290
5.300
5.230
5.240
5.290
5.310
5.310
5.310
5.300
5.240
5.320
5.380
5.380
5.440
5.380
5.390
5.430
5.400
5.450
5.510
5.540
5.560
5.540
5.490
5.570
5.560
5.560
5.650
5.660
5.690
5.680
5.640
5.580
5.690
5.620
5.710
5.660
5.660
5.590
5.540
5.530
5.610
5.610
5.610
5.580
5.580
5.600
5.510
5.480
5.480
5.460
5.430
5.610
5.650
5.770
5.900
5.960
5.890
5.880
5.920
5.900
5.720
5.700
5.740
5.720
5.790
5.720
5.880
5.970
5.970
6.100
5.910
5.710
5.660
5.750
5.520
5.650
5.620
5.750
5.660
5.710
5.940
5.970
6.090
6.020
6.130
5.990
5.970
5.920
5.820
5.810
5.690
5.780
5.810
5.720
5.740
5.750
5.690
5.550
5.650
5.540
5.520
5.570
5.510
5.570
5.520
5.550
5.660
5.680
5.560
5.570
5.460
5.530
5.420
5.420
5.330
5.460
5.400
5.360
5.390
5.360
5.240
5.250
5.240
5.260
5.320
5.390
5.350
5.390
5.400
5.460
5.330
5.250
5.180
5.330
5.370
5.320
5.260
5.200
5.170
5.220
5.310
5.220
5.230
5.210
5.200
5.300
5.210
5.220
5.250
5.230
5.240
5.220
5.190
5.080
5.030
5.090
5.120
5.100
5.040
5.050
5.050
5.050
5.020
5.080
5.080
5.080
5.280
5.250
5.240
5.380
5.360
5.380
5.200
5.220
5.270
5.280
5.260
5.210
5.240
5.220
5.250
5.220
5.130
5.030
5.060
5.010
4.970
4.950
4.910
4.980
5.030
4.990
5.060
5.010
4.960
5.080
4.960
4.870
5.090
5.150
5.090
5.080
5.060
5.030
5.040
4.860
4.890
4.920
4.920
4.970
5.020
4.960
4.920
4.900
5.070
5.070
4.970
5.020
5.050
4.960
4.980
5.160
5.350
5.360
5.380
5.190
5.210
5.290
5.320
5.260
5.350
5.460
5.390
5.610
5.620
5.670
5.720
5.690
5.610
5.520
5.590
5.750
5.680
5.540
5.580
5.620
5.480
5.660
5.830
5.540
5.700
5.670
5.810
5.430
5.300
5.200
5.180
5.280
5.140
5.120
5.230
5.490
5.640
5.230
5.390
5.240
4.970
4.800
5.140
5.100
5.660
5.720
5.430
5.320
5.330
5.280
5.230
5.030
5.090
5.120
5.060
5.070
4.950
5.020
4.890
5.130
5.200
5.780
5.690
5.630
5.920
5.920
5.750
5.730
6.150
6.040
6.210
6.200
6.470
6.140
6.820
6.620
6.670
7.340
7.490
7.530
7.460
7.810
7.900
7.600
7.820
7.720
7.600
7.490
7.330
7.390
7.360
7.210
7.270
7.310
7.460
7.850
7.780
7.500
7.470
7.440
7.090
7.160
7.870
7.840
7.790
7.750
7.740
7.780
7.700
7.740
7.710
7.530
7.800
7.930
7.900
7.940
7.850
7.770
7.600
7.290
7.110
7.270
7.500
7.410
7.670
7.820
7.630
7.480
7.300
8.120
7.980
8.140
8.120
7.910
8.060
7.880
7.870
7.600
7.210
7.010
6.940
6.710
6.890
6.780
7.130
6.700
6.510
6.450
6.810
6.300
7.000
7.210
7.210
7.330
7.280
6.850
6.720
6.760
7.270
7.170
6.520
6.260
6.930
7.700
8.550
9.510
10.180
9.250
9.980
9.590
9.300
9.260
9.240
9.080
8.640
8.420
8.140
8.440
7.810
7.840
8.480
9.080
8.680
7.890
8.350
8.780
8.330
7.910
7.590
7.450
6.910
6.760
7.510
7.340
6.670
6.060
5.510
6.120
6.810
7.540
8.390
9.320
10.350
9.910
10.970
12.190
12.620
12.390
11.980
13.210
13.770
12.800
13.520
14.060
13.750
13.170
13.160
13.540
13.350
12.940
13.230
13.120
12.480
11.900
12.410
13.750
12.500
12.310
12.090
11.910
11.530
11.620
11.350
11.630
11.690
11.880
10.800
10.660
10.440
10.220
10.300
10.930
11.690
11.330
10.820
10.630
11.420
11.030
11.260
11.210
11.130
11.010
10.600
10.280
10.140
10.710
10.460
10.450
9.920
10.270
10.740
10.740
10.320
10.390
10.220
10.070
9.940
9.800
9.680
9.640
9.880
9.530
9.590
9.560
9.370
9.240
9.010
8.900
8.870
9.020
8.960
8.900
9.070
9.320
9.210
9.440
9.310
9.360
9.180
9.080
8.980
8.920
8.790
8.840
8.730
8.660
8.600
9.000
9.260
9.480
9.680
10.290
10.100
10.210
10.480
10.170
10.130
10.450
10.270
10.060
9.700
10.040
9.600
9.490
9.540
9.490
9.450
9.810
10.020
9.790
9.550
9.340
9.430
9.370
9.790
9.940
9.770
10.500
11.320
10.290
9.830
9.610
10.030
10.000
10.170
10.430
10.290
9.820
9.740
9.370
9.680
9.520
9.260
9.210
8.890
8.960
8.690
8.670
8.660
8.640
8.890
8.940
8.750
8.360
8.290
8.690
8.820
8.560
8.280
8.240
8.220
8.310
7.940
7.820
7.800
7.940
8.030
7.980
7.810
7.830
7.870
7.710
8.010
8.250
7.940
8.040
8.120
8.180
7.990
8.140
8.340
8.400
8.430
9.270
9.040
8.440
8.390
8.350
8.140
8.300
7.930
7.880
7.650
7.720
7.650
7.700
7.410
7.120
7.150
7.100
7.080
7.040
6.910
6.900
6.750
6.790
6.810
7.120
7.120
7.270
7.180
7.210
6.550
6.470
6.400
6.540
6.630
6.530
6.330
6.300
6.490
6.570
6.520
6.270
6.390
6.270
6.050
6.050
5.920
5.890
5.840
5.780
5.680
5.700
5.680
5.720
5.730
5.670
5.700
5.670
5.680
5.680
