12.710
12.490
12.770
12.840
12.900
12.800
12.750
12.720
12.250
12.120
12.120
12.000
11.900
11.880
11.700
11.660
11.810
11.750
11.700
11.640
11.480
11.350
11.320
11.390
11.270
11.520
11.820
11.690
11.440
11.390
11.330
11.570
11.560
11.510
11.600
11.420
11.470
11.350
11.330
11.600
11.620
11.650
11.580
11.870
11.800
12.010
12.100
12.160
11.660
12.090
12.200
12.090
11.910
11.920
11.550
11.510
11.660
11.680
11.630
11.500
11.300
11.270
11.130
11.000
11.150
11.060
11.100
11.230
11.300
11.020
11.150
10.860
10.800
10.870
10.990
10.870
10.900
10.880
10.740
10.770
10.850
10.910
10.970
10.870
10.860
11.120
11.130
11.050
11.120
11.210
11.330
11.230
11.240
10.830
10.890
10.780
10.880
10.900
10.860
10.790
10.600
10.560
10.540
10.550
10.640
10.520
10.480
10.520
10.470
10.390
10.470
10.490
10.570
10.450
10.520
10.610
10.720
10.720
10.700
10.810
10.830
10.750
10.710
10.600
10.650
10.760
10.770
10.770
11.020
11.080
11.040
11.090
11.130
11.120
11.060
11.110
10.940
11.320
11.400
11.590
11.520
11.750
11.900
11.930
11.800
11.650
11.650
11.720
11.230
11.280
11.180
11.170
11.110
11.130
11.190
11.100
11.110
11.040
11.020
11.000
11.100
11.100
11.110
11.010
11.000
11.090
11.090
11.050
11.170
11.190
11.240
11.320
11.200
11.210
11.200
11.250
11.150
11.140
11.220
11.220
11.190
11.160
11.120
11.060
11.050
11.180
11.040
11.240
11.410
11.220
11.130
11.160
11.100
11.150
11.220
11.200
11.620
11.640
11.700
11.670
11.760
11.650
11.910
11.880
11.880
11.720
11.710
11.790
12.080
12.010
12.310
12.530
12.130
12.180
12.120
11.350
11.110
11.180
11.340
11.260
11.150
11.280
11.170
11.150
11.150
11.180
11.230
11.280
11.700
11.390
11.350
11.460
11.490
11.600
11.330
11.450
11.600
11.790
11.360
11.270
11.510
11.710
11.780
11.800
11.910
11.680
12.000
11.910
11.330
11.100
10.850
11.180
11.330
11.320
11.260
11.190
11.420
12.620
14.020
15.580
18.650
20.860
20.890
19.770
21.190
23.290
21.900
23.520
26.200
23.360
22.210
21.870
20.500
18.490
18.350
19.370
19.900
18.810
18.220
17.600
17.920
17.950
17.800
16.900
17.180
16.380
16.690
16.230
15.350
15.240
15.300
15.100
14.770
14.280
13.580
13.900
14.490
15.350
15.640
15.610
15.170
16.100
16.150
16.030
16.910
16.650
17.090
16.610
16.590
16.250
17.100
18.000
17.100
15.610
14.820
14.900
14.060
13.900
14.300
14.090
14.910
14.760
13.560
12.500
12.550
12.690
12.700
12.360
12.160
12.110
11.190
10.900
10.740
10.640
10.600
10.320
9.900
9.880
9.870
9.850
10.160
10.290
10.100
10.020
10.140
9.600
9.530
9.560
9.600
9.340
9.120
9.060
9.160
9.650
9.490
9.400
9.480
9.850
9.910
10.030
10.010
9.540
9.830
9.610
9.420
9.140
9.520
9.800
9.510
9.430
9.470
9.600
9.810
10.150
10.100
10.300
10.300
9.870
10.290
10.430
10.050
9.910
9.720
9.780
10.600
10.800
10.700
10.430
10.500
11.500
11.920
9.950
10.300
9.340
8.680
8.230
8.170
8.100
8.330
8.090
8.090
7.990
8.070
8.000
7.670
7.560
7.800
7.620
7.550
7.370
7.260
7.160
7.400
7.220
7.340
7.350
7.430
7.750
8.000
7.660
7.680
7.220
7.310
7.190
6.840
6.650
6.720
6.480
6.280
6.340
6.420
6.480
6.430
6.420
6.400
6.500
6.480
6.430
6.330
6.130
6.150
6.050
6.020
6.150
6.120
6.140
6.080
6.270
6.160
6.150
6.200
6.200
6.080
6.040
5.960
5.910
5.860
5.750
5.650
5.700
5.770
5.830
5.920
5.880
5.990
5.960
5.970
5.930
5.910
5.970
5.990
5.970
5.930
5.870
6.030
6.100
6.180
6.150
6.150
6.150
6.230
6.170
6.200
6.170
5.930
6.090
5.830
5.800
5.730
5.710
5.720
5.740
5.580
5.620
5.560
5.630
5.520
