14949.48
18486.42
5503.35
2726.48
1271.00
6980.11
2811.43
4630.89
8768.46
7918.00
25018.38
14424.36
1694.00
6665.91
13937.00
3869.55
1442.01
4464.68
6051.01
11166.98
2785.31
7255.49
8014.50
7187.00
7235.00
3311.02
27689.08
5844.10
23944.46
12807.61
19390.32
3759.97
903.25
3130.36
3065.00
3671.43
1956.30
4643.00
9456.32
7877.08
8432.00
3328.00
2882.50
2386.14
3704.01
2027.75
3561.00
5511.00
3652.30
17016.04
4706.35
13646.11
19123.93
27558.57
25361.52
24679.52
10284.71
9082.69
10667.86
12802.47
6535.38
5111.41
8432.10
10655.36
9026.97
9530.49
6651.22
9283.48
7959.98
5773.48
15634.39
18303.83
10995.26
7589.84
11201.12
14689.24
8411.01
18501.86
25233.87
17891.11
6942.01
12797.33
12504.45
11364.75
16131.83
19072.80
7738.01
7643.91
6388.60
9333.89
19243.61
36357.10
11384.96
7324.00
28410.58
3491.56
5631.37
5548.88
10923.01
14541.45
10453.50
7120.75
7181.00
4228.00
3414.12
5038.49
5928.10
14803.69
14914.86
12517.64
8328.24
9782.78
21061.90
40844.86
12749.60
10898.32
13760.02
30895.13
11099.67
26909.54
24115.00
9770.06
24862.30
12366.86
9662.00
12520.72
7680.00
18892.26
58772.29
24105.17
25222.25
16151.73
24938.68
45499.06
47209.97
79852.48
43136.86
20770.87
29753.11
9813.12
12394.23
7148.73
12186.54
11766.96
13477.74
22264.39
28398.09
20925.36
14452.69
24474.20
16741.03
30611.59
24029.96
29222.55
15820.35
17547.27
16060.27
23029.56
21242.63
21562.14
22424.74
39083.61
19270.41
54043.95
23110.34
24554.09
28453.65
24208.83
31305.94
34766.89
36506.58
52717.21
22351.16
47673.31
57907.00
56766.60
36635.28
26471.37
22471.17
15266.85
14514.98
33020.59
34315.44
22126.01
10594.58
17152.77
23742.87
33518.91
42205.16
27262.75
41069.75
43299.54
16370.93
23082.19
30104.91
39573.95
32753.11
56113.68
31095.91
30051.32
26769.23
11710.84
14127.58
11235.94
14190.07
18250.10
20725.72
17684.05
17049.55
14009.88
29210.79
35180.90
63377.39
32960.60
40475.25
55016.20
72821.44
69677.22
26499.73
14962.42
11854.76
13173.27
8415.16
7659.62
11839.37
21389.77
18774.62
17777.71
34049.52
18911.29
16940.16
21537.87
20202.95
17782.51
23826.34
16721.44
18056.60
18740.42
23002.36
27399.93
29944.02
37323.73
21819.12
20509.87
30652.09
30699.82
18111.15
24064.31
36871.96
24870.93
17632.43
19410.70
18770.07
14661.62
22815.62
36131.09
16497.88
26134.65
16419.14
17929.82
22471.96
16740.40
19820.75
23190.46
23741.43
23568.18
26458.67
30880.39
19671.03
15471.37
16863.02
20614.55
21660.16
28821.29
16056.04
17943.15
32427.76
30692.57
33069.52
37836.40
30878.32
32853.02
31627.82
69663.03
71376.90
30517.73
41686.81
37866.69
43965.77
69512.05
29095.54
21778.87
23129.11
30818.84
33273.78
49652.74
33369.69
31359.64
38529.00
46083.13
35889.31
34884.93
37799.06
30185.17
41040.83
49729.04
39245.48
45485.24
67289.66
47181.28
72679.80
74110.41
66416.01
53885.01
47761.59
56044.20
45264.79
52373.27
66042.06
94272.20
36012.27
56822.14
32266.41
39638.27
31129.38
25907.45
27036.47
38691.76
39319.03
41511.13
35749.31
64225.67
46888.41
66028.05
60256.52
44433.46
41094.98
36056.38
43454.93
52789.44
45865.88
46683.91
47456.62
51170.94
33493.33
30635.03
27291.95
44419.16
36264.55
60642.16
44877.32
44764.52
31860.63
43539.11
47324.78
51369.73
41077.73
45120.38
59686.54
63032.62
42074.84
45416.24
62598.34
4476.00
33610.63
48926.41
29156.52
29453.68
31587.72
19719.73
37957.87
50836.41
42563.24
42305.34
27957.75
52780.83
55710.69
62438.77
41986.97
37110.96
64125.89
45902.11
32616.02
57109.54
68447.37
60550.64
69909.78
132089.84
121783.88
105501.29
151244.58
96035.71
58591.72
100006.73
39113.42
93110.01
138923.42
68229.25
151521.64
19176.49
102764.91
65852.23
70607.68
93032.26
81269.44
39590.09
54755.63
60688.78
61524.39
34854.21
46972.84
59315.69
56697.71
66039.79
77520.02
102061.67
64961.68
57541.96
74550.95
58039.04
66113.68
82510.89
69813.82
69796.69
78539.21
107861.00
78350.34
100076.90
46243.03
81584.86
53564.75
61755.64
54812.09
91135.85
135520.59
91019.23
87518.26
125944.77
171261.25
99828.60
175349.52
95479.60
147342.34
219431.97
167104.83
215072.53
289420.81
5256.00
21306.00
26818.00
168.00
375.00
58.00
81010.63
62849.51
50501.54
72244.61
58570.15
69989.83
93403.71
45308.12
51525.13
29115.38
27972.48
29655.80
20714.47
26358.27
21284.20
28823.47
20398.86
48420.35
16715.29
16543.77
22857.03
30178.73
43514.71
72655.41
41842.55
27621.84
24462.33
19063.72
35732.70
23690.41
23291.64
20232.36
15565.26
44486.18
43812.21
30324.00
29992.81
24242.26
25629.08
39785.92
79690.66
32238.80
26610.73
30009.29
32145.23
30155.66
49446.36
35682.52
23865.27
50612.30
50525.19
16761.71
12180.40
11624.71
11333.81
14948.16
12496.17
7314.25
9520.10
8176.32
5570.29
6768.58
10063.12
25391.57
10258.30
11698.02
5877.75
6445.55
9332.20
10333.01
19836.89
19855.93
13823.14
18213.09
19072.32
15445.23
10550.21
10795.97
7219.54
8680.17
4600.46
8966.32
11878.79
5516.29
7422.68
8670.73
20370.21
9472.74
10746.81
13027.46
12235.26
6374.03
9810.68
18483.25
14128.00
19375.39
10862.40
23544.93
10524.95
15721.41
32977.43
13867.37
19965.44
47571.86
29290.07
32413.19
27022.97
36028.97
23150.26
19327.34
27184.12
14673.27
10392.61
21258.52
9727.70
12869.47
8007.93
7871.86
11944.00
15389.18
13671.37
14664.64
8489.25
30877.26
15786.13
14247.24
8840.59
24699.00
15032.85
36081.89
18538.16
26063.41
21142.38
12939.37
8339.55
13566.23
22707.27
9955.98
12945.55
9073.21
14440.38
18527.50
11578.51
12656.84
20733.65
19952.70
24667.02
15016.68
17618.50
15078.83
12559.99
22909.22
26756.64
16631.00
21267.08
26658.94
18533.67
33118.72
33155.78
27128.39
23662.55
42281.81
32034.69
23557.93
36736.92
17915.86
23815.95
19865.70
16074.87
11433.11
11715.41
13217.47
22151.02
23173.36
26535.27
17263.08
18107.92
39868.64
19369.66
26027.82
11577.97
17259.21
24176.10
21553.16
19969.78
8662.30
13233.13
13299.40
11396.55
12917.02
8402.00
20258.59
11731.01
10825.90
6858.94
13632.49
10742.88
13120.08
12197.17
20829.52
15190.96
15655.84
17770.36
13255.83
20530.23
13960.72
22144.92
45979.55
