12.360
12.230
12.230
12.030
11.610
11.620
11.820
11.730
11.600
11.380
11.670
11.700
11.390
11.270
11.350
11.050
11.090
10.760
11.280
11.260
11.430
11.350
11.400
11.230
11.110
11.350
12.070
12.070
12.000
11.870
12.560
12.720
13.590
13.510
13.970
13.510
13.220
13.570
13.380
14.000
13.990
14.230
13.870
14.350
14.100
13.310
13.000
12.950
12.690
12.120
12.500
12.480
12.130
12.300
12.520
12.200
12.170
12.030
11.900
11.630
11.390
11.460
11.510
11.250
11.150
11.530
11.510
11.650
11.800
11.660
11.780
11.790
11.940
11.940
12.310
11.980
12.120
12.070
11.790
11.800
11.900
12.030
12.170
12.300
11.880
12.050
11.900
11.860
12.100
12.030
11.900
11.250
11.150
11.050
11.330
11.260
11.360
11.540
11.570
11.650
11.440
11.460
11.230
11.250
11.310
11.470
11.150
11.300
11.280
11.110
10.820
10.810
10.900
10.810
10.990
11.120
10.940
11.110
10.990
10.990
10.900
10.650
10.600
10.420
10.360
10.360
10.450
10.330
10.410
10.490
10.240
10.270
10.250
10.190
10.100
10.060
10.050
10.510
10.500
10.640
10.500
10.560
10.650
11.160
11.170
11.020
11.140
10.940
10.830
10.920
11.190
11.090
11.020
11.170
11.220
11.420
11.400
11.180
11.250
11.330
11.010
11.060
10.960
10.710
10.680
10.850
10.880
10.600
10.760
10.710
10.790
10.800
10.670
10.920
10.790
10.850
10.710
11.000
11.110
11.020
11.180
11.270
11.110
11.070
11.210
11.100
10.970
10.860
10.790
10.490
10.200
10.180
10.170
10.110
10.350
10.420
10.840
10.800
10.470
10.410
10.710
10.450
10.340
10.280
10.240
10.050
10.050
10.250
10.320
10.280
10.430
10.410
10.460
10.450
10.570
10.340
10.270
10.240
10.320
10.250
10.130
10.200
10.230
10.230
10.100
10.070
10.120
10.300
11.010
10.740
10.790
11.000
10.960
11.160
11.210
11.020
11.070
11.120
10.930
10.760
11.100
10.870
11.010
11.010
10.680
10.400
10.650
10.810
10.740
10.600
10.150
10.530
10.780
10.650
10.450
10.400
10.000
9.900
9.410
9.420
9.960
10.290
10.410
10.310
10.400
10.080
10.060
9.640
9.610
9.880
9.840
10.100
10.000
10.280
9.580
9.650
9.810
10.180
10.090
9.700
9.640
10.020
9.860
10.290
11.220
11.180
11.250
10.990
11.020
11.180
11.380
11.330
11.700
11.800
11.790
12.650
12.720
12.250
12.400
12.540
11.740
11.800
11.700
11.630
12.220
12.200
11.790
11.950
11.800
10.840
11.160
11.780
11.550
11.850
11.870
12.000
11.560
10.620
10.260
10.220
10.530
9.860
9.700
10.220
10.150
10.720
10.730
11.200
10.930
10.350
10.320
11.290
12.170
13.500
12.870
13.150
12.900
12.690
13.080
12.570
11.880
11.300
12.300
11.820
11.240
11.250
12.150
11.700
12.550
13.600
15.200
15.650
15.360
16.050
16.000
15.320
15.900
15.010
16.600
18.530
20.600
21.700
22.540
21.820
19.900
23.500
23.520
22.130
22.550
22.960
23.580
22.700
23.060
22.400
21.980
21.730
21.680
21.000
20.480
18.950
20.530
20.260
20.000
20.500
20.280
20.380
19.600
17.860
18.020
17.150
17.700
19.930
19.600
19.540
17.660
17.560
17.190
17.060
17.900
17.470
16.000
14.480
14.120
13.800
13.570
13.190
13.300
12.720
13.030
13.140
13.350
13.750
14.200
13.700
13.500
13.300
12.750
14.380
13.600
14.000
14.200
13.690
14.180
12.730
12.380
12.560
12.820
11.950
12.450
13.140
13.710
13.750
14.350
13.580
13.680
13.580
12.950
11.630
12.250
14.000
12.680
11.400
10.580
10.050
10.410
10.100
11.700
13.000
11.900
12.520
13.910
15.450
15.800
15.290
14.280
13.160
12.960
12.770
12.140
11.920
11.670
11.730
11.620
10.640
9.840
9.840
10.010
9.500
9.220
8.700
8.660
8.020
7.750
9.000
8.610
7.830
7.510
9.320
8.950
10.500
10.880
10.330
11.230
11.510
12.480
11.890
11.550
12.450
13.260
12.150
12.840
13.840
13.600
13.250
12.700
12.990
11.950
11.500
11.700
12.090
11.690
11.200
11.300
11.380
11.160
11.220
10.690
10.230
9.770
9.600
9.280
9.120
9.750
9.560
9.350
9.480
9.020
8.760
8.940
9.190
9.700
9.840
10.100
9.900
9.780
9.840
9.860
9.250
9.070
8.660
8.840
8.970
8.640
9.200
9.410
9.270
9.070
9.310
9.620
9.280
9.220
9.080
8.810
8.620
8.440
8.530
8.390
8.370
8.450
8.240
8.290
8.250
8.070
8.150
7.860
7.900
7.810
7.920
7.950
7.910
7.990
7.880
7.400
7.620
7.520
7.420
7.400
7.260
7.040
6.940
6.800
6.780
6.860
6.800
6.770
6.990
7.300
7.260
7.280
7.030
7.220
7.210
7.350
7.170
6.950
6.950
6.750
6.610
6.450
6.800
7.100
7.110
7.160
6.820
6.890
6.940
6.990
6.880
6.660
6.520
6.660
6.610
6.760
6.860
6.810
6.600
6.630
6.770
7.030
7.080
6.970
6.900
6.950
6.820
6.520
6.300
6.540
6.490
6.900
6.860
6.750
6.660
6.850
6.860
6.920
6.990
6.880
6.850
6.640
6.610
6.680
6.710
6.680
6.880
7.080
6.560
6.730
6.830
7.260
6.820
6.800
6.460
6.470
6.330
6.300
6.300
6.170
6.130
6.100
6.230
6.420
6.500
6.480
6.560
6.700
6.470
6.130
6.080
6.230
6.280
6.290
6.220
6.170
6.070
6.080
6.030
6.010
5.990
5.490
5.460
5.520
5.710
5.700
5.610
5.710
5.540
5.570
5.580
5.500
5.470
5.430
5.390
5.350
5.410
5.360
5.430
5.470
5.510
5.540
5.470
5.490
5.440
5.420
5.330
5.380
5.400
5.300
5.310
5.400
5.360
5.370
5.260
5.350
5.280
5.290
5.270
5.140
5.080
5.010
5.110
4.990
5.020
5.060
5.010
5.020
4.990
4.960
4.850
4.860
4.940
4.850
