23.200
22.980
23.090
23.250
23.160
23.180
23.100
22.750
22.600
22.530
23.400
23.330
23.950
23.390
23.490
22.960
23.000
22.310
23.050
23.340
23.280
22.880
22.900
22.730
22.350
22.920
23.370
23.020
23.000
21.360
22.740
23.220
23.540
23.500
23.110
21.840
21.800
21.690
22.110
24.050
24.500
25.790
26.280
26.390
26.310
26.460
26.440
25.950
25.770
25.560
26.200
25.700
25.480
25.800
26.110
25.880
26.760
26.920
27.270
27.280
28.250
27.750
28.000
27.710
27.700
28.230
28.680
28.480
28.820
28.980
29.320
29.200
29.350
28.980
29.070
28.620
29.300
28.580
29.000
29.210
29.220
29.250
29.180
29.760
30.600
30.760
30.530
29.310
28.360
27.650
28.300
28.300
28.000
27.900
28.180
27.880
28.150
28.410
27.980
27.850
28.600
28.210
27.610
26.890
27.210
27.800
26.780
26.690
26.300
25.400
26.400
26.660
26.090
27.020
27.710
27.200
28.260
29.650
29.650
29.500
30.150
30.080
30.250
29.690
29.820
29.290
28.680
29.750
30.910
31.990
30.030
30.670
34.000
33.040
31.820
31.000
29.310
29.290
30.440
32.450
32.100
31.100
33.100
33.600
36.810
39.320
37.230
35.300
33.810
33.020
33.280
31.440
31.500
32.070
31.880
31.180
29.840
29.790
29.810
30.900
28.980
28.000
27.980
28.220
27.650
28.270
28.350
29.600
28.310
28.120
26.300
26.100
25.960
25.500
27.000
25.000
25.730
26.560
26.710
27.010
27.310
26.010
24.200
24.850
24.750
23.570
22.220
21.000
20.360
19.390
18.470
18.800
18.910
18.500
18.460
19.310
18.600
18.520
18.390
18.400
18.300
17.760
17.590
17.580
16.500
16.300
16.290
17.200
16.120
15.570
15.270
15.700
15.700
15.130
14.900
15.590
16.190
17.020
17.000
16.580
16.290
16.170
16.210
16.180
15.640
15.140
16.000
15.820
15.040
14.960
15.080
14.390
14.600
15.290
16.050
16.080
15.850
16.020
16.250
15.450
14.930
16.300
15.850
17.420
17.430
18.500
19.590
20.600
20.080
20.060
23.000
21.700
20.100
19.940
19.390
18.950
18.860
19.160
19.200
18.780
18.800
18.470
18.310
18.200
17.750
18.020
18.550
18.500
17.990
18.300
17.600
17.230
17.320
17.100
17.300
18.150
17.930
17.670
17.600
17.860
17.700
17.560
17.820
18.400
17.200
17.770
18.100
17.300
17.180
17.000
17.000
17.000
16.560
15.780
16.000
16.000
15.940
16.300
16.190
15.880
15.490
14.800
16.020
15.400
15.860
15.650
15.190
15.420
15.450
14.950
14.710
14.700
14.300
14.200
14.410
14.780
13.980
13.820
14.160
13.100
13.190
13.460
12.760
13.000
14.500
14.200
14.170
13.800
12.970
12.850
12.850
13.800
15.130
14.550
14.150
14.520
15.270
16.290
17.260
18.300
18.060
20.040
20.000
19.580
19.200
20.000
19.360
18.010
17.050
17.070
18.300
17.100
18.180
18.800
19.600
19.890
19.710
21.990
21.810
21.140
21.840
20.680
19.180
18.600
18.480
19.680
21.000
20.800
19.730
18.610
19.590
20.620
23.800
22.840
25.090
24.760
23.850
26.150
27.400
28.100
27.500
27.120
29.730
31.800
31.350
32.000
33.100
32.890
32.740
31.650
31.030
31.260
31.310
31.990
33.000
32.080
31.230
31.850
35.280
33.890
32.600
31.180
30.090
29.210
27.120
28.790
27.420
25.000
25.480
24.300
24.090
23.510
23.380
22.050
22.450
23.040
23.400
23.030
22.100
23.180
22.900
22.000
21.760
20.850
20.100
20.500
20.250
19.250
20.620
21.050
20.750
20.480
20.380
21.000
20.650
20.400
19.700
19.200
18.500
18.470
18.500
18.800
17.730
18.100
18.000
18.100
17.910
17.460
17.510
17.350
17.050
17.410
17.490
17.110
16.940
17.250
16.380
16.260
16.440
16.320
16.480
16.400
16.520
16.460
16.280
16.350
15.950
15.880
15.900
15.650
15.900
16.090
16.100
16.020
16.000
16.540
16.590
16.750
16.560
16.370
16.500
16.430
16.090
15.720
15.860
16.180
15.900
15.900
15.750
16.030
16.190
16.330
16.380
16.110
16.600
16.860
17.030
17.930
16.310
15.870
15.760
15.700
16.650
17.280
17.160
17.600
17.580
16.800
16.870
16.790
16.550
17.540
17.710
17.910
17.820
17.890
17.910
18.100
18.200
18.210
18.220
18.570
18.750
18.560
18.380
18.300
17.960
17.810
17.730
17.870
17.520
18.360
18.290
18.270
18.130
18.100
18.300
18.290
18.240
18.130
18.290
17.880
17.700
17.700
18.070
18.160
18.020
17.810
17.940
18.410
18.610
18.380
18.530
18.520
18.880
19.000
19.200
18.800
18.000
18.200
18.200
17.770
17.900
17.320
17.360
17.250
18.200
18.370
18.210
18.180
18.230
18.660
18.520
18.700
18.750
18.200
18.100
17.920
18.180
17.880
18.400
19.200
19.230
18.580
18.990
18.800
19.810
18.400
17.520
17.460
16.730
16.700
16.090
16.000
15.920
15.880
15.860
15.760
15.720
15.670
15.400
15.230
15.550
15.860
15.750
15.940
15.980
15.020
14.600
14.560
14.300
14.110
14.020
13.810
14.080
14.100
