17.470
16.110
15.610
15.630
15.990
15.980
15.470
15.270
15.310
15.380
15.350
15.470
15.360
15.350
16.480
16.830
17.090
17.160
17.150
17.190
17.200
17.320
17.320
16.920
16.570
16.870
17.340
17.360
17.670
17.980
18.190
18.210
17.990
18.050
18.080
18.280
18.280
18.470
19.850
20.280
20.410
20.400
20.440
20.400
20.500
20.750
20.800
21.000
21.990
20.500
20.440
21.130
21.470
21.500
21.980
22.500
21.300
20.130
20.070
20.250
20.500
20.450
19.970
18.950
18.830
18.800
18.900
18.950
19.170
19.180
19.260
19.590
19.750
19.870
19.810
20.200
19.830
19.450
19.710
19.650
20.270
21.000
20.670
18.910
18.730
18.590
19.300
19.850
19.770
19.850
19.830
19.660
20.180
20.480
20.530
20.640
20.800
21.190
21.050
20.850
20.910
21.220
21.500
21.550
21.610
21.810
21.640
21.160
21.900
22.140
21.370
20.600
21.240
21.160
20.950
20.880
21.180
21.570
22.400
24.200
24.170
24.480
24.460
24.580
24.470
24.500
23.240
22.930
23.880
22.590
22.110
22.290
22.300
22.960
23.000
22.900
23.000
23.390
23.450
23.700
23.900
22.500
22.740
22.660
22.310
22.900
22.760
22.920
23.400
23.310
23.110
24.530
25.700
26.240
26.800
26.300
25.600
26.710
26.000
24.440
23.660
23.690
24.460
24.040
24.180
22.480
22.800
22.960
23.970
24.280
27.400
25.920
48.690
49.160
50.130
54.500
52.660
53.480
51.970
49.940
50.530
50.600
50.400
49.860
50.150
51.980
55.480
58.300
57.700
59.450
56.830
56.950
56.550
56.150
54.000
58.840
59.250
59.900
61.000
62.500
60.400
60.700
63.750
62.000
62.660
60.600
62.900
62.010
58.890
54.680
52.900
54.700
53.800
50.640
52.500
54.580
51.180
53.240
54.960
51.660
49.890
53.110
58.590
63.500
65.480
65.800
66.500
65.570
67.060
62.850
67.000
64.500
62.200
64.700
63.950
65.180
61.880
58.500
58.280
58.500
63.080
59.860
55.100
58.500
62.330
60.180
54.740
52.300
50.000
49.330
47.050
49.270
53.000
55.800
58.000
56.370
61.900
63.300
63.250
64.660
67.850
67.350
68.560
71.990
71.980
72.100
75.000
72.300
69.800
66.800
64.000
69.920
70.680
70.600
74.550
71.000
66.490
64.650
68.600
71.900
73.500
74.780
69.010
64.780
63.000
65.480
63.040
57.320
57.000
61.400
57.820
57.300
59.280
62.250
59.330
54.880
49.890
46.500
45.880
43.190
44.580
44.300
43.720
46.330
47.400
49.010
45.500
46.000
42.320
39.780
40.520
37.750
35.760
33.990
34.350
31.230
32.000
32.180
31.900
33.220
34.000
33.470
31.820
28.930
28.990
32.390
30.670
29.280
28.630
26.140
24.650
25.980
27.900
29.180
26.530
25.750
28.300
28.450
30.980
39.720
37.720
34.500
36.250
33.570
34.340
33.670
35.000
35.070
33.590
30.540
27.760
25.500
25.660
24.480
24.600
24.240
22.300
21.650
21.960
22.460
22.480
21.680
22.570
22.850
21.880
21.480
20.660
20.600
20.880
20.650
19.990
19.880
20.000
19.400
18.070
17.920
18.090
17.600
17.620
17.580
17.620
17.600
17.050
17.110
17.090
17.020
17.000
16.820
16.820
16.740
16.480
16.410
15.630
15.980
16.150
16.000
15.580
15.650
16.100
15.490
14.960
14.880
14.700
14.970
16.730
16.920
16.980
17.450
17.900
18.530
18.600
17.950
17.700
17.410
17.280
17.190
17.140
16.940
16.880
17.300
17.200
17.300
17.320
17.490
17.540
17.650
17.660
17.610
17.780
17.400
17.460
17.050
16.700
16.320
16.790
17.220
17.390
17.420
18.050
18.280
18.320
18.840
18.800
18.650
18.000
17.370
17.350
17.350
17.470
17.290
17.520
17.210
16.770
16.850
16.500
16.220
16.750
16.750
16.850
17.120
17.090
17.070
16.920
16.930
16.670
16.580
16.270
16.160
15.660
15.680
16.550
16.800
16.220
16.160
16.290
16.500
15.950
15.420
15.700
15.900
15.840
15.870
15.870
15.840
15.850
16.130
16.090
15.400
15.380
15.200
14.700
14.510
14.180
14.450
14.740
14.430
14.580
14.530
14.650
15.010
15.290
15.340
15.340
15.320
16.240
16.250
