4.550
4.480
4.410
4.350
4.340
4.390
4.420
4.440
4.400
4.380
4.440
4.500
4.550
4.620
4.700
5.050
4.610
4.310
4.270
4.440
4.210
4.140
4.120
4.100
4.120
4.180
4.170
4.160
4.090
4.150
4.200
4.270
4.290
4.360
4.280
4.350
4.360
4.220
4.310
4.300
4.400
4.520
4.550
4.610
4.630
4.470
4.470
4.390
4.420
4.600
4.730
4.810
4.760
4.870
4.890
5.050
5.170
5.140
5.240
5.000
5.080
5.440
5.270
5.440
5.480
4.980
4.630
4.780
4.630
4.510
4.480
4.470
4.430
4.490
4.450
4.360
4.400
4.370
4.380
4.440
4.440
4.460
4.390
4.350
4.390
4.380
4.370
4.410
4.400
4.440
4.450
4.430
4.440
4.510
4.420
4.450
4.360
4.350
4.360
4.240
4.210
4.220
4.230
4.200
4.200
4.190
4.170
4.160
4.130
4.100
4.150
4.100
4.210
4.250
4.280
4.320
4.330
4.300
4.280
4.270
4.270
4.230
4.180
4.200
4.230
4.250
4.260
4.280
4.320
4.330
4.360
4.160
4.180
4.150
4.150
4.170
4.360
4.350
4.350
4.340
4.300
4.330
4.370
4.390
4.370
4.400
4.450
4.370
4.400
4.420
4.420
4.410
4.440
4.640
4.560
4.610
4.520
4.350
4.300
4.260
4.250
4.220
4.200
4.210
4.200
4.220
4.200
4.230
4.210
4.240
4.250
4.280
4.250
4.220
4.320
4.240
4.190
4.170
4.160
4.150
4.140
4.110
4.060
4.060
4.060
4.060
4.100
4.130
4.140
4.120
4.090
4.090
4.090
4.090
4.130
4.230
4.200
4.210
4.190
4.210
4.270
4.440
4.190
4.190
4.180
4.160
4.190
4.230
4.220
4.240
4.260
4.280
4.230
4.250
4.230
4.160
4.170
4.190
4.170
4.140
4.160
4.110
4.120
4.090
4.080
4.120
4.180
4.420
4.250
4.230
4.230
4.250
4.260
4.250
4.270
4.280
4.300
4.350
4.320
4.390
4.350
4.250
4.160
4.190
4.120
4.070
4.080
4.090
4.060
3.990
3.990
4.000
3.990
4.030
4.020
4.040
4.020
4.040
4.000
4.120
4.170
4.200
4.240
4.210
4.190
4.290
4.140
4.020
4.010
4.030
4.070
4.070
4.100
4.060
4.060
4.150
4.220
4.230
4.220
4.180
4.280
4.400
4.740
5.220
5.270
5.400
5.270
5.290
5.340
5.430
5.230
5.520
5.480
5.360
5.460
5.510
5.420
5.550
5.570
5.500
5.100
4.830
4.570
4.700
4.710
4.740
4.840
4.950
4.690
4.670
4.450
4.470
4.310
4.360
4.380
4.420
4.380
4.290
4.250
4.240
4.250
4.120
4.230
4.290
4.460
4.350
4.340
4.380
4.300
4.090
4.100
4.170
4.470
4.480
4.450
4.430
4.310
4.470
4.340
4.220
4.080
4.300
4.150
4.070
4.050
4.030
4.050
4.090
4.250
4.580
4.650
4.590
4.710
4.740
4.700
4.580
4.710
4.730
4.810
4.800
4.950
5.100
5.200
5.300
5.290
5.820
5.950
5.700
5.670
5.800
5.770
5.760
5.860
5.790
5.820
5.740
5.710
5.630
5.640
5.570
5.460
5.570
5.570
5.730
5.770
5.880
5.900
5.820
5.970
5.870
6.130
6.280
6.260
6.290
6.520
6.550
6.430
6.270
6.340
6.090
6.190
6.240
6.230
6.160
6.270
6.160
6.150
6.000
5.960
6.290
6.330
6.420
6.410
6.400
6.590
6.140
6.060
6.230
6.660
6.100
5.780
5.280
5.010
5.060
5.240
5.050
5.280
5.050
5.100
5.030
5.000
4.950
4.860
4.710
5.280
5.290
5.380
5.450
5.240
5.220
5.260
5.470
5.990
5.620
5.300
5.680
5.590
6.400
7.120
7.060
6.850
7.300
7.600
7.080
6.860
6.930
7.190
7.030
6.450
6.160
6.130
6.080
5.890
6.050
6.380
6.100
5.980
6.510
7.010
6.660
6.490
6.490
6.450
6.300
5.990
6.190
6.720
6.160
5.600
5.090
5.000
5.580
6.720
6.700
7.620
8.180
7.990
8.400
8.790
9.390
9.400
8.960
9.530
10.090
9.790
10.090
10.440
10.600
10.390
10.420
10.260
10.330
10.710
10.510
11.010
11.810
11.680
10.880
10.490
9.540
8.670
7.880
7.200
7.060
6.960
6.800
6.710
6.810
6.760
6.960
6.770
6.720
6.500
6.500
7.010
7.340
7.320
7.400
7.440
7.480
7.500
7.380
7.540
7.360
7.280
7.530
7.340
7.060
7.440
7.450
6.960
6.580
6.450
6.620
6.620
6.490
6.430
6.250
6.340
6.400
6.240
6.320
6.370
6.300
6.240
6.170
6.150
6.150
5.950
5.770
5.680
5.790
5.800
5.860
5.920
5.730
5.630
5.670
5.800
5.530
5.580
5.580
5.540
5.360
5.330
5.280
5.240
5.150
5.120
5.060
5.190
5.330
5.370
5.290
5.290
5.500
5.600
5.730
5.790
5.450
5.530
5.430
5.220
5.030
5.170
5.260
5.290
5.300
5.380
5.430
5.720
5.570
5.310
5.390
5.270
5.170
5.300
5.430
5.470
5.390
5.280
5.450
6.100
6.070
5.960
5.880
5.820
5.820
6.080
6.160
5.870
5.960
5.640
5.400
5.470
5.360
5.370
5.440
5.460
5.420
5.460
5.510
5.360
5.290
5.260
5.370
5.320
5.290
5.270
5.460
5.480
5.850
5.850
5.610
5.550
5.570
5.610
5.470
5.390
5.480
5.190
5.000
4.960
4.910
4.870
4.940
5.070
5.090
4.970
5.030
5.080
5.100
5.100
5.150
5.250
5.220
5.170
5.220
5.200
5.380
5.260
5.350
5.230
5.170
5.220
5.140
5.030
5.140
5.140
5.240
4.950
5.100
5.160
5.060
5.080
5.060
4.750
4.560
4.710
4.810
5.120
5.210
4.870
4.500
4.650
4.360
4.360
4.310
4.370
4.380
4.350
4.330
4.290
4.300
4.310
4.340
4.320
4.530
4.480
4.590
4.430
4.390
4.300
4.140
4.230
4.260
4.270
4.250
4.300
4.200
4.130
4.150
4.150
4.100
4.170
4.170
