9.980
9.790
9.770
9.700
9.630
9.690
9.730
9.850
9.860
9.780
9.890
9.970
9.640
9.480
9.340
9.330
9.430
9.300
9.430
9.870
9.540
9.460
9.400
9.360
9.520
9.140
9.100
8.940
8.950
8.840
9.360
9.700
9.800
9.720
9.960
9.670
9.670
9.830
9.950
9.690
9.560
9.940
10.250
10.190
10.470
10.490
10.480
10.590
10.770
10.700
11.320
11.550
11.640
11.640
12.280
12.950
13.470
13.460
13.900
13.780
13.640
13.450
13.100
13.230
13.350
13.300
12.990
12.770
12.890
12.400
12.250
12.540
12.680
12.750
13.070
13.020
12.940
12.790
12.650
12.800
12.790
12.880
12.850
12.910
12.900
13.310
13.340
13.360
13.220
13.160
13.350
13.390
13.390
13.660
13.770
13.750
13.780
14.130
14.070
14.400
14.480
14.970
14.200
13.870
13.710
13.350
13.300
13.540
13.650
13.540
12.930
13.170
12.960
12.680
13.300
13.910
15.180
14.110
12.830
12.180
12.330
11.220
11.340
11.140
10.950
10.950
10.850
10.760
11.050
11.210
11.200
10.580
10.570
10.520
10.700
10.630
10.690
11.050
11.160
11.250
11.230
11.260
11.670
12.030
12.060
11.690
11.940
12.280
12.500
13.130
12.220
12.070
11.940
12.250
12.380
12.230
12.280
12.330
11.970
11.990
12.250
12.290
12.250
12.580
12.610
12.900
12.950
12.820
12.870
13.090
12.970
13.100
13.170
12.550
12.090
12.150
11.920
12.200
12.270
12.290
12.560
12.940
12.100
12.020
11.750
11.800
12.140
12.370
12.290
12.390
12.420
12.440
12.300
12.600
12.940
13.130
14.140
13.640
13.280
13.570
12.850
12.450
12.700
13.000
13.210
12.980
13.200
13.330
12.390
12.230
11.780
10.850
10.350
10.060
10.150
10.040
9.900
10.110
10.340
10.360
9.760
8.990
9.030
8.880
8.790
8.720
8.950
9.130
9.480
9.420
9.330
9.390
9.510
9.570
9.460
9.550
9.700
9.680
9.570
9.450
9.880
9.320
9.200
9.230
9.350
9.140
8.900
8.720
8.740
8.690
8.550
8.650
8.600
8.570
8.860
8.780
9.360
8.850
8.380
8.100
8.510
8.530
8.600
8.680
8.720
8.580
8.590
8.390
8.060
8.070
8.100
8.190
8.190
8.200
8.000
8.070
8.030
8.160
8.170
8.090
8.090
8.460
8.470
8.820
9.480
9.410
9.400
9.360
9.140
9.450
9.600
9.750
9.090
9.070
9.120
9.530
9.540
9.690
9.970
9.950
9.920
9.670
9.820
9.650
9.970
10.170
9.990
9.900
10.180
10.420
10.310
10.700
10.560
10.420
9.830
9.100
8.710
8.480
8.180
8.190
8.170
8.100
7.850
8.130
8.170
8.280
8.180
8.330
8.230
7.950
7.600
8.060
8.250
8.870
9.280
9.110
8.530
8.180
8.170
8.340
8.150
7.650
7.800
7.880
7.560
7.560
7.380
7.480
7.490
7.450
8.040
8.190
7.960
8.320
8.530
8.420
8.240
8.660
8.550
9.180
9.680
10.600
11.580
11.880
12.280
11.650
11.500
11.540
11.500
11.020
11.080
11.080
10.900
11.300
11.030
10.850
10.520
10.500
10.490
10.540
10.290
10.090
10.230
10.300
10.550
10.720
10.430
10.240
10.140
10.280
10.590
11.400
11.490
11.570
11.500
11.700
11.750
11.440
11.470
11.870
11.500
11.150
11.190
11.190
11.270
11.100
10.950
10.650
10.580
10.250
10.500
11.200
10.570
10.880
10.570
10.340
9.890
9.750
10.390
10.190
10.200
10.400
10.300
10.280
10.240
10.070
9.600
9.390
9.000
8.550
8.790
9.160
9.100
8.490
8.590
8.560
8.140
8.450
8.140
8.140
9.350
9.300
9.450
9.360
8.990
8.500
8.880
9.490
10.200
9.750
8.860
9.400
9.260
10.550
11.820
12.370
12.900
13.800
14.200
13.790
13.380
12.160
11.450
11.160
10.450
10.300
10.500
10.080
9.650
10.470
10.740
9.760
9.860
11.120
11.540
11.480
11.300
10.790
11.490
10.830
10.170
9.770
9.360
8.510
7.740
7.040
6.990
8.180
9.660
9.510
10.700
12.350
12.200
13.400
14.000
15.230
14.630
14.380
16.000
16.660
15.950
16.540
18.130
17.000
16.500
15.950
15.390
15.090
15.500
15.110
15.770
15.800
14.930
14.930
16.740
16.740
15.220
13.840
12.900
12.100
11.440
11.170
11.310
10.410
10.240
10.400
10.360
10.090
9.660
9.900
10.430
11.020
10.900
10.870
10.740
11.020
11.500
11.420
10.880
10.400
10.150
10.610
10.320
9.980
10.050
10.250
9.990
10.040
10.180
10.250
10.080
9.890
9.420
9.150
9.020
9.020
9.050
8.990
9.310
9.340
9.270
9.150
8.770
8.800
8.720
8.600
8.960
8.860
8.770
8.510
8.430
8.030
7.670
7.640
7.650
7.590
7.700
7.500
7.300
7.140
7.060
6.750
6.750
6.740
6.700
6.870
6.960
6.910
6.970
6.960
7.020
7.050
7.180
7.180
6.840
6.580
6.470
6.160
5.890
5.990
6.050
5.990
5.900
5.900
6.030
6.180
6.140
6.070
6.090
6.150
6.200
6.150
6.350
6.340
6.090
5.800
5.630
5.930
6.100
6.170
6.330
6.530
6.490
6.470
6.200
6.100
6.250
6.330
6.320
6.380
6.430
6.510
6.540
6.560
6.660
6.560
6.570
6.730
6.740
6.730
6.460
6.420
6.450
6.420
6.540
6.550
6.880
6.960
7.060
7.000
6.740
6.780
6.750
6.790
6.830
6.760
6.540
6.280
6.250
6.460
6.600
6.480
6.300
6.390
7.120
7.140
7.250
7.190
7.220
7.190
7.350
7.470
7.210
6.890
6.710
6.460
6.290
6.290
6.380
6.360
6.150
6.420
6.450
6.250
6.100
5.820
5.630
5.570
5.600
5.650
5.600
5.530
5.330
5.340
5.370
5.580
5.660
5.550
5.510
5.480
5.290
5.420
5.420
5.450
5.520
5.510
5.450
5.350
5.320
5.320
5.150
5.050
5.050
4.910
4.740
4.580
4.520
4.470
4.430
4.410
4.210
4.220
4.250
4.370
4.350
4.350
4.250
4.220
4.170
4.220
4.210
