1.550
0.330
0.060
0.020
0.130
-0.340
-0.080
-0.370
-0.210
0.420
-0.480
0.840
0.510
0.080
-0.610
0.220
-2.710
1.110
0.120
0.450
0.230
0.860
0.230
-0.250
0.010
-0.870
-0.380
-0.180
-0.370
0.060
-0.360
-0.050
0.030
0.170
-0.040
1.300
0.640
-0.280
0.300
-0.250
1.110
0.550
-0.720
-0.270
-0.220
-0.140
-0.110
-0.070
1.960
-0.880
-0.200
-0.190
0.220
-0.250
0.160
-0.010
-1.270
-0.050
0.100
-0.550
1.040
0.960
1.120
-0.090
0.000
-0.470
0.020
0.060
-0.270
0.270
0.510
1.270
-0.480
1.310
0.560
2.690
2.440
-0.800
-1.680
-0.180
0.330
-1.010
-0.080
0.610
0.050
1.870
1.680
0.390
0.050
-0.240
-0.620
2.170
0.190
0.170
-2.090
0.430
0.820
0.110
-0.780
-1.560
-0.430
-1.820
-0.330
-0.150
0.040
0.810
-0.170
-0.340
-0.490
0.510
1.910
0.230
0.190
-1.250
-0.540
-0.980
0.060
0.310
0.370
0.010
1.030
-0.350
-0.810
-0.400
0.840
-0.480
-0.300
1.110
-1.090
-1.700
1.640
-3.040
0.980
1.510
0.740
0.970
0.600
-0.060
-1.030
0.470
0.720
-0.080
-0.870
0.760
2.320
0.210
-0.880
2.180
-0.090
-2.430
1.060
2.110
1.920
-0.200
0.100
-0.120
0.160
0.430
-0.300
1.150
-0.270
0.880
0.400
0.640
-0.320
-1.870
-2.080
-1.270
-2.450
-1.500
-0.130
1.120
-0.570
0.390
2.280
1.130
-1.000
-2.550
-0.900
-2.940
1.090
-1.060
-3.280
-0.750
0.210
0.100
-0.880
1.750
0.940
-0.820
0.390
-0.100
-1.160
0.890
2.870
0.750
-0.690
-0.680
0.450
-0.080
-0.990
0.220
-0.830
0.800
-0.530
1.160
-1.090
-1.590
-0.810
-0.440
-1.140
2.010
-0.510
-0.010
-2.260
-1.570
2.350
1.380
0.030
-0.340
0.950
2.970
2.700
0.500
-2.950
-1.040
0.600
1.330
-3.390
0.800
0.060
-0.140
-3.710
-0.790
1.390
-0.450
1.100
0.080
-1.410
-0.230
-0.070
-0.160
0.260
-0.910
1.530
0.290
3.230
0.590
-0.830
3.030
1.230
-0.290
2.250
0.480
0.600
2.400
-0.400
-0.100
0.340
1.280
-0.480
0.500
0.310
-0.350
0.070
-1.110
-0.470
-0.170
-0.070
0.520
0.260
-0.800
-0.500
0.130
0.860
-0.050
0.080
-0.100
0.120
2.200
-0.120
0.190
-0.340
-0.420
-0.240
0.690
1.530
0.460
0.000
-0.900
0.180
0.170
-0.780
-0.440
0.200
-0.170
-0.250
0.650
1.100
0.440
-0.330
0.400
-0.350
-0.140
0.540
-0.090
0.140
-0.050
0.240
-0.400
0.170
-0.260
-0.130
0.560
0.050
0.000
-0.020
-0.070
0.120
0.310
0.000
-0.300
0.010
0.320
-0.400
-0.380
0.110
0.160
0.120
1.240
-0.030
0.880
0.110
0.600
-0.450
0.180
0.240
-0.380
0.210
-0.380
-0.150
0.320
0.540
0.180
0.060
0.320
-0.040
0.030
0.100
0.140
0.010
-0.110
-0.300
-0.360
0.130
0.700
-0.720
-0.820
-1.310
0.280
0.120
1.300
-0.460
-0.150
0.110
0.520
0.210
-0.810
-0.260
0.030
-0.690
1.240
0.320
-0.230
0.540
-0.170
0.030
-0.190
1.490
0.670
0.040
0.850
0.450
-0.200
0.060
0.070
0.270
0.340
-0.460
-0.080
0.050
0.200
0.920
-0.140
-1.260
-0.200
1.270
1.150
-0.330
-0.170
-0.130
