567505.81
611914.06
510374.81
242080.30
435955.12
534589.19
703609.31
612044.00
960008.00
1139980.12
394486.19
185709.94
119705.00
141140.00
150190.12
94057.99
109436.13
154918.19
180670.20
251102.53
149443.11
132729.56
180905.69
360685.72
263089.34
127659.85
86901.25
92511.51
182328.34
84912.01
96845.40
115095.13
78393.39
146723.70
210304.69
220305.30
209331.52
250327.72
376916.84
348038.50
203874.36
69554.50
76504.64
45302.50
61823.22
62134.64
105169.23
31146.86
20214.74
21435.25
23087.25
24540.00
64922.06
51976.38
29811.07
34293.61
47465.58
131070.59
34499.33
53233.10
41352.57
30925.26
35919.70
36800.14
51315.93
28510.71
41456.13
36665.87
61071.82
43353.12
82687.44
80571.64
38220.66
37250.16
53850.43
39999.79
82316.98
57461.79
69739.43
50789.85
44623.46
37777.11
48223.97
38893.40
54179.97
57472.68
52864.81
58015.01
47337.39
46682.80
47868.18
60176.37
76137.04
97667.57
117213.95
100098.77
203409.12
145814.41
89084.59
67535.21
38065.31
43728.13
56989.34
62235.92
60485.10
41229.96
57110.49
67037.85
47655.88
76978.55
40215.82
38101.05
36474.10
39657.75
26783.37
27004.30
47518.37
30946.84
30598.47
31572.82
26245.50
40767.46
25364.75
30890.17
34938.34
27677.34
38841.81
39932.68
38257.86
43984.34
36459.27
30375.39
46050.09
39231.36
103456.35
42105.76
46987.62
71280.60
47861.62
66392.70
133324.55
69950.35
125981.49
58037.52
51535.87
66024.36
125088.53
115250.35
173884.80
155552.91
76454.83
138110.23
221302.27
142762.34
154500.08
120979.74
133839.91
125663.60
154490.03
191890.69
149325.95
247439.23
85437.31
152648.64
212245.28
371028.62
100006.45
155857.77
126586.41
215421.91
284511.59
96340.75
125366.52
94041.89
69517.65
55940.51
93658.19
85677.68
86684.53
97085.73
73274.43
61743.07
78353.44
109710.83
184491.95
250869.16
384785.12
254557.81
66331.67
47426.07
65348.41
76488.21
112920.71
126342.97
117271.30
39712.96
62702.71
52694.97
49641.00
66459.44
118706.93
54160.56
85957.24
89860.04
55913.44
62572.57
105880.58
107751.77
67915.21
88277.36
119897.93
100176.47
89270.52
88067.44
92902.62
50637.91
98329.62
89626.00
108142.48
52543.69
74202.78
131596.05
188851.66
103031.29
137609.84
198701.66
142623.66
220874.38
155485.19
225001.48
117803.41
177432.16
233474.91
141095.94
100482.67
107915.41
126294.79
95736.67
117586.12
121041.00
190281.05
151362.30
286284.12
244904.17
249479.69
156366.77
121019.80
125692.05
160139.45
85903.72
81602.76
92208.32
131223.14
118509.57
171470.12
166459.30
184514.19
189254.64
118853.79
149329.77
202761.06
168165.06
226892.92
209679.56
238590.39
288494.59
405582.00
210255.81
117011.42
160154.98
209018.41
200780.67
166887.27
209004.70
262358.88
320172.03
577914.44
386543.66
739629.62
530147.00
242211.73
235276.36
290854.88
260914.19
158655.44
221777.62
190881.22
171270.05
120856.67
170785.52
38157.00
227638.88
151642.75
123914.51
204206.61
120272.16
171296.12
256560.55
177941.36
132389.33
220363.44
308830.06
219085.56
204364.52
294953.91
156715.80
156407.52
178013.95
198212.11
243663.70
271203.31
314726.56
475685.69
60951.00
556696.06
9925.03
9541.39
4905.06
777.55
2554.50
830.69
434.08
1300.52
109809.94
156687.48
169112.72
220633.66
95760.48
127582.59
155754.52
85705.17
109203.00
99257.07
102591.54
73823.61
78087.93
96052.88
164226.80
55521.31
62413.96
79645.65
115770.74
166916.73
176882.22
212033.27
176013.58
1731.02
772.52
303901.75
17540.00
81522.06
82220.68
88082.67
79884.84
112498.56
99694.40
88797.05
146698.80
101225.99
112011.33
89988.04
78135.82
64826.63
74153.27
104700.68
124978.16
110197.48
108708.61
80970.68
119984.96
129467.25
118519.14
199524.83
145192.88
200480.59
227440.95
164759.44
112716.73
139630.28
148890.16
147793.69
108808.01
137973.52
131659.38
79858.95
77286.43
83281.65
114252.35
80804.97
91128.94
52896.59
50437.28
68946.14
127334.14
160945.30
107393.42
78871.04
115426.99
95160.32
115497.29
127722.60
137432.62
162619.14
215339.80
303786.91
191970.34
221189.39
235709.58
114079.08
146099.14
222502.02
144486.34
118900.02
124409.98
135849.41
161415.77
89978.49
118172.79
47561.95
63811.79
87918.55
92847.36
100378.39
78393.68
158933.88
90379.93
125548.79
254332.02
105019.35
142130.09
38414.79
43354.64
21656.47
29976.65
43793.06
35872.54
50514.66
30320.13
38956.12
27301.70
44576.66
44910.37
50807.72
48749.55
44782.20
29903.37
36667.41
59687.04
104186.17
68666.77
82887.03
114039.36
46372.72
16793.32
26497.20
50687.60
35335.21
42820.57
59566.50
55262.57
21256.13
29252.11
19956.04
27119.32
19941.30
30991.78
38297.06
13948.93
8298.70
11736.74
33047.02
25466.16
25206.11
43427.63
40811.30
48733.25
35196.88
22147.35
23759.64
79501.80
43520.14
49244.71
36021.21
38813.10
81435.49
41077.65
47302.76
45322.94
91495.71
41515.21
78686.11
53326.92
88283.90
33904.66
49913.23
60632.65
50217.81
62573.04
43903.13
45784.51
39500.71
49344.57
70574.77
28588.03
39444.18
36584.97
87728.01
46521.00
59983.54
60257.84
68545.57
30487.80
25587.18
38375.58
47302.94
41275.85
36496.30
49559.79
46968.47
48768.49
42398.22
53708.80
27747.07
72404.78
41262.19
62162.49
64734.96
59798.57
72890.97
101989.30
64186.41
50907.93
70944.61
42368.02
61441.69
53334.46
45971.91
57219.67
37807.03
54370.98
63188.48
91879.03
137180.66
78555.81
69814.39
55831.68
78367.58
53666.08
77359.65
51554.39
73051.78
44586.85
49246.17
32300.21
32526.67
23558.57
24483.32
53395.04
50023.44
53663.38
72013.83
72996.79
80890.13
91036.13
146338.78
233081.98
133133.02
65076.35
119087.31
107562.11
88843.50
97200.09
67482.72
44414.25
89075.37
50758.49
44081.05
75106.94
65383.71
44582.50
23193.62
33247.70
33084.99
41048.66
34184.07
41114.86
95959.61
94113.72
49443.54
52248.89
41811.45
44709.18
30607.83
