0.160
0.030
0.080
0.180
-0.350
-0.100
0.220
-0.210
0.170
0.270
-0.570
-0.140
-0.150
0.660
0.500
0.060
-0.200
0.240
-0.130
0.100
0.300
0.460
0.430
0.090
0.290
-0.620
0.510
-0.010
0.510
-0.040
-0.840
-0.350
-0.530
0.160
0.110
-0.100
0.050
-0.330
-1.820
-0.090
-0.030
-0.160
-0.470
-0.330
0.050
0.800
0.740
0.760
0.060
0.250
-0.450
0.490
-0.220
-0.360
0.050
-0.850
-0.260
0.160
-0.510
0.110
0.940
-0.260
-0.010
0.570
-0.350
0.070
-0.110
-0.770
0.020
0.130
-0.120
-0.030
-0.080
0.660
-0.090
0.040
-0.240
-0.330
0.500
0.940
-0.020
0.060
-0.040
0.450
0.110
-0.310
-0.690
0.520
0.130
-0.600
0.020
0.380
0.500
0.850
1.010
0.020
-0.440
0.230
0.090
-0.400
1.310
-0.160
-0.100
-0.080
0.060
0.030
-0.160
0.980
-0.100
0.470
0.480
-0.400
-0.080
-0.620
0.220
0.060
-0.390
0.040
-0.130
0.630
-0.050
0.220
0.660
0.350
-0.200
-0.010
0.530
-0.010
-0.260
-0.040
0.000
-0.270
0.230
0.030
0.070
0.090
-0.260
-0.900
-0.360
0.120
0.020
0.200
-0.280
-0.720
1.020
-0.500
0.280
0.180
0.260
0.100
-0.150
0.050
0.150
0.050
0.090
0.110
-0.030
0.110
0.220
0.200
-0.180
0.010
0.040
-0.030
0.020
-0.320
-0.090
0.090
-0.220
-0.240
-0.320
0.390
0.070
-0.210
-0.090
-0.220
-0.060
0.500
0.060
-0.030
-0.080
0.240
0.200
0.050
-0.040
0.110
0.190
-0.320
-0.090
-0.140
0.380
-0.190
0.390
0.030
0.130
-0.660
-0.190
0.110
0.460
0.130
0.100
0.060
-0.130
0.030
-0.050
0.360
0.010
-0.150
0.020
0.100
-0.310
0.010
0.090
-0.020
-0.040
0.230
0.230
-0.280
0.070
0.130
-0.080
-0.100
0.120
-0.230
-0.390
-1.070
0.540
-0.160
-0.480
0.890
0.290
-0.340
0.020
0.120
0.080
0.020
-0.230
-0.050
0.120
0.050
-0.510
0.270
-0.090
-0.140
0.580
0.340
-0.040
-0.150
-0.180
0.180
0.340
-0.280
-0.390
0.130
0.460
-0.070
-0.130
-0.240
0.520
-0.300
-1.830
-0.870
0.970
0.340
-0.300
-0.260
0.520
0.370
-0.380
1.000
-0.400
0.640
1.530
0.420
0.050
-0.080
-0.820
0.300
0.330
-0.140
0.370
0.000
0.220
-0.850
-1.030
0.050
-0.280
0.290
0.400
0.810
0.080
0.340
0.100
0.380
-0.290
-0.940
0.040
-0.560
0.020
-0.320
1.040
-0.160
0.570
-0.580
0.710
0.040
-0.230
0.110
-0.210
0.720
0.700
0.330
-0.240
0.080
0.600
-0.010
-0.410
-0.670
0.250
0.350
-0.630
0.020
0.840
0.180
-1.100
0.060
-1.550
-0.220
0.200
0.560
0.080
-0.170
0.160
0.680
-0.250
-0.250
0.270
0.080
0.440
0.110
0.550
-0.950
-0.630
-1.670
-0.020
0.530
-0.600
-0.360
0.610
0.200
-0.850
1.370
-1.250
-0.210
-1.320
1.040
-1.700
1.650
-0.870
-1.920
0.390
0.020
0.400
-0.760
-0.230
-0.090
0.030
-0.110
0.500
-0.410
0.430
0.040
0.180
-0.160
-0.860
-1.120
0.480
-1.550
-2.580
1.380
2.220
0.210
0.930
0.390
0.810
-0.020
-0.600
0.000
0.140
0.400
0.920
0.480
-0.860
-0.530
-0.930
0.990
0.200
0.430
-0.820
0.020
-0.460
0.020
0.480
0.670
-2.000
-0.470
1.420
0.650
0.200
1.030
0.380
-0.750
-0.610
1.030
-0.040
0.520
0.270
-0.360
0.530
0.070
-0.290
0.160
-0.670
0.010
-0.240
1.010
-0.040
0.050
0.170
0.080
-0.480
1.610
0.370
0.290
-0.110
0.810
0.120
-0.500
0.260
0.210
0.030
-0.120
0.080
0.110
0.340
0.070
0.020
0.150
-0.150
-0.090
-0.240
-0.140
0.590
0.050
-0.230
0.050
-0.160
-0.100
0.180
-0.110
0.230
0.190
0.700
-0.570
0.120
0.050
0.080
0.410
-0.070
-0.110
-0.280
0.100
0.170
0.140
0.410
-0.330
-0.380
-0.010
0.140
0.160
0.080
-0.650
-0.160
-0.240
-0.300
0.130
-0.060
0.000
0.300
0.380
-0.480
-0.170
-0.720
0.390
0.050
0.280
-0.170
-0.090
0.010
-0.060
0.660
0.140
-0.010
-0.140
-0.070
0.120
0.160
0.100
-0.190
0.320
-0.740
0.170
-0.140
0.200
0.070
-0.360
0.090
0.040
-0.040
0.350
0.650
0.230
-0.110
-0.670
-0.120
-0.110
0.320
-0.150
-0.310
-0.110
0.070
-0.370
-0.200
0.370
0.070
0.010
0.910
-0.010
-0.090
0.220
0.260
-0.320
0.210
0.220
0.060
-0.440
0.250
0.180
0.000
0.100
0.190
0.050
0.140
0.070
0.020
0.310
0.190
-0.040
0.200
-0.340
-0.180
0.200
0.020
-0.110
-0.160
0.360
-0.070
-0.030
0.530
-0.040
0.130
-0.010
-0.110
0.130
0.010
0.230
-0.180
-0.010
0.170
-0.040
0.240
0.050
0.220
-0.100
0.090
-0.230
0.070
-0.150
0.120
-0.080
0.290
0.010
0.130
-0.190
0.050
