-0.080
0.520
0.030
0.410
-0.090
0.240
-0.040
-0.240
0.430
1.290
-0.420
-0.030
0.630
0.090
-0.700
0.000
-0.250
0.200
-0.170
0.220
0.150
0.420
0.010
0.370
0.100
-0.050
-0.310
0.220
0.080
0.290
-0.200
-0.220
-0.340
-0.270
0.210
0.200
0.790
-0.180
-0.280
0.330
0.060
-0.540
-0.580
0.240
-0.640
0.660
-0.150
-0.420
-0.350
1.440
-0.340
-0.910
0.510
0.130
0.370
0.690
0.920
0.230
-0.300
-0.210
-0.820
0.000
-0.050
0.010
0.280
-0.610
-0.200
0.100
0.310
0.260
-0.260
0.290
0.480
-0.010
-0.370
0.220
-0.050
-0.370
0.420
-0.090
-0.380
0.600
0.720
0.100
-0.190
0.120
0.040
-0.160
0.080
-0.230
0.000
0.320
-0.120
0.500
-0.130
0.080
-0.610
-0.180
0.250
0.220
0.020
0.340
-0.270
-0.050
0.520
0.030
1.070
-0.050
-0.050
0.290
0.050
0.200
0.510
-0.050
-1.100
-0.010
0.260
0.040
0.160
-0.340
0.220
0.160
-0.150
-0.060
-0.100
0.260
0.060
0.570
-0.390
0.050
0.310
0.040
0.140
-0.160
0.420
0.410
-0.100
-0.270
0.010
0.010
-0.020
0.190
-0.390
0.080
0.020
-0.070
0.050
-0.800
0.520
-0.090
0.260
-0.010
-0.260
-0.390
0.180
-0.230
0.000
-0.460
0.200
0.110
-0.120
-0.100
0.250
-0.170
0.100
-0.230
-0.010
0.310
-0.450
0.170
0.470
-0.190
0.030
-0.020
-0.250
1.180
0.330
-0.540
0.200
-0.440
-0.330
0.380
0.230
0.130
0.010
-0.180
-0.030
-0.030
0.290
0.350
0.090
0.350
0.390
0.080
-0.150
-0.360
0.080
0.110
-0.250
0.050
0.540
0.060
0.000
0.330
-0.060
0.380
0.060
-0.110
0.460
0.070
-0.370
0.060
0.000
-0.050
0.040
0.270
0.080
-0.050
-0.180
-0.020
0.540
0.030
-0.100
0.100
0.140
-0.150
-0.420
-0.180
-0.770
0.550
-0.060
-0.100
0.100
-0.020
-0.030
-0.140
0.000
-0.040
0.090
0.190
0.020
-0.100
-0.180
0.170
0.140
0.390
0.150
-0.160
-0.060
0.210
0.270
0.050
-0.190
0.150
-0.310
-0.140
-0.070
-0.190
0.400
-0.510
0.040
-0.240
0.170
-0.210
-0.120
0.020
-0.200
0.740
0.000
0.920
-0.070
-0.270
-0.310
0.120
0.410
0.050
-0.210
-0.590
0.240
-0.270
0.400
0.260
0.450
0.840
-0.480
0.000
0.210
0.810
0.120
0.010
-0.070
0.000
0.250
0.090
0.060
-0.760
-0.150
0.120
0.030
0.040
-0.050
0.280
0.290
-0.110
-0.330
0.190
0.250
-0.200
0.100
0.390
-0.360
-0.060
0.090
-0.160
0.150
-0.130
0.260
0.300
0.350
-0.190
-0.190
0.200
-0.070
0.230
-0.440
-0.210
1.010
-0.290
0.110
0.550
0.170
-0.240
0.220
-1.250
-0.120
0.300
0.200
0.040
-0.010
0.020
0.450
0.160
-0.220
0.220
0.130
0.310
-0.480
0.420
-0.610
-0.310
-0.720
0.090
0.250
-0.300
-0.190
0.420
0.010
-0.550
0.290
-0.590
0.130
-0.400
0.900
-1.340
0.300
-0.120
-1.590
-0.190
0.000
0.250
-0.700
0.310
-0.030
-0.450
0.330
0.620
0.180
0.270
0.040
0.140
0.310
-0.130
-0.030
0.040
-0.470
0.180
-0.340
0.310
0.240
0.140
-0.200
-1.260
-0.320
0.390
0.080
-0.060
-0.090
0.210
-0.480
-0.110
0.270
-0.120
-0.250
-0.080
0.500
0.060
0.130
0.520
0.690
-0.230
-0.410
0.220
0.360
0.270
-0.030
0.200
0.510
0.390
-0.990
0.140
-0.290
0.210
0.390
-0.210
0.270
0.530
0.280
0.540
0.050
-0.200
0.200
-0.470
0.330
-0.470
0.140
0.390
0.080
-0.410
1.240
-0.480
-1.180
0.100
-0.450
0.550
0.600
0.380
-0.210
-0.740
-0.950
0.880
0.780
0.140
-1.440
-1.600
-0.890
-0.790
0.220
-1.910
0.400
-0.100
0.360
-0.430
-0.080
0.680
0.520
-0.070
-0.830
0.970
0.740
0.180
-0.790
1.110
-0.310
-1.870
-0.760
1.180
0.200
0.010
-0.140
1.090
0.970
-1.750
-0.220
1.660
1.510
1.370
-1.520
-1.690
-1.020
-1.700
-0.710
-2.120
1.630
-2.150
-2.570
-1.340
0.560
0.950
-2.850
-1.680
1.920
-1.850
-1.320
0.190
-0.020
0.760
-0.630
0.310
2.820
-0.300
0.540
1.120
1.110
-0.130
-2.860
-0.730
1.270
0.250
0.860
-0.010
-0.280
0.160
1.670
-0.580
0.790
0.710
0.320
0.690
0.290
-2.580
0.330
0.930
-0.110
-0.120
0.570
-0.930
0.000
-0.230
-0.300
1.280
1.040
-0.420
-0.420
0.160
-2.600
0.760
-0.010
-0.040
-2.000
1.640
2.400
0.250
-0.130
0.450
0.100
-0.360
-0.070
-0.240
1.000
-0.420
0.330
-0.200
-0.650
1.440
2.040
1.860
1.690
-0.160
0.120
0.010
0.220
-0.150
0.140
0.140
-0.060
0.190
-0.080
0.020
0.170
0.010
0.100
0.130
0.140
0.000
0.060
0.090
-0.240
-0.180
-0.200
0.120
-0.220
-0.120
0.030
-0.090
-0.070
0.310
0.000
0.080
0.220
0.290
-0.640
0.030
0.070
0.080
0.090
-0.470
0.100
-0.090
0.090
0.080
0.320
0.150
-0.300
-0.240
0.050
0.010
0.190
0.030
-0.390
-0.180
-0.010
-0.310
-0.210
0.310
0.240
0.010
0.300
-0.220
0.090
-0.430
0.160
-0.130
0.250
0.570
-0.140
-0.090
0.250
0.160
0.090
0.060
-0.180
0.140
-0.060
-0.100
0.140
0.060
0.230
-0.090
0.310
-0.260
-0.030
-0.020
-0.030
0.220
-0.080
0.000
0.080
0.210
0.040
0.020
-0.350
-0.210
-0.190
0.050
-0.150
-0.290
0.180
0.050
-0.100
-0.210
0.070
0.220
0.040
0.080
0.110
-0.080
0.130
0.120
-0.380
-0.030
0.310
0.090
-0.500
0.450
0.110
-0.090
0.170
-0.060
-0.020
0.100
0.020
0.110
0.140
0.180
-0.020
0.070
-0.320
-0.200
0.130
0.060
-0.060
-0.050
0.250
0.140
-0.130
-0.030
0.230
0.170
-0.010
-0.220
-0.010
0.030
0.120
-0.050
0.110
0.000
-0.010
0.170
0.160
0.080
-0.010
0.120
-0.120
0.030
-0.080
-0.170
0.110
0.170
0.150
-0.080
-0.420
-0.140
