8.230
8.260
8.200
8.240
8.100
8.150
8.260
8.230
8.190
8.200
8.360
8.380
8.470
7.890
7.640
7.500
7.440
7.240
7.440
7.500
7.470
7.410
7.300
7.210
7.170
7.420
7.400
7.350
7.220
7.250
7.790
7.880
7.900
7.970
7.980
8.000
8.060
8.150
8.340
8.880
9.870
10.900
11.070
11.020
11.120
11.220
11.120
11.220
11.160
11.180
11.250
11.130
11.350
11.250
11.170
11.050
10.900
10.940
10.740
10.990
10.980
10.920
10.800
10.800
10.500
10.520
10.480
10.540
10.460
10.780
10.880
11.020
10.910
10.950
10.960
10.850
10.830
10.910
11.120
11.100
11.120
10.980
11.010
11.050
11.130
11.130
11.210
11.360
11.160
11.200
11.250
11.350
11.440
11.370
11.440
11.390
11.460
11.180
11.020
11.240
11.380
11.350
11.060
11.150
11.100
10.970
10.850
11.250
11.560
11.440
12.140
11.980
11.870
11.930
11.830
11.810
11.740
12.040
12.300
12.180
12.260
12.250
12.280
11.650
11.830
11.780
12.040
11.400
11.310
11.080
11.190
10.910
10.650
10.850
10.790
10.580
10.920
10.600
10.560
10.770
10.390
10.360
10.780
11.000
10.410
10.510
10.600
10.500
10.600
10.260
10.200
10.130
10.030
10.160
10.230
10.250
9.910
9.920
10.090
10.090
9.840
10.030
9.780
9.980
10.090
10.610
11.160
10.880
10.910
10.690
10.610
10.740
10.880
10.700
10.880
10.710
10.840
11.150
11.040
11.330
11.330
11.300
11.050
11.110
10.880
10.900
11.370
11.260
11.140
11.210
11.230
10.940
11.180
11.430
11.300
11.290
11.380
10.900
10.920
10.510
10.210
10.270
10.500
10.190
9.990
10.040
10.000
10.210
9.670
10.050
9.840
9.270
8.800
9.500
9.500
10.480
10.130
10.140
10.200
10.100
10.290
10.000
9.610
8.860
9.240
8.890
8.680
8.600
8.780
8.450
9.160
9.810
10.500
10.750
10.600
10.900
11.260
10.720
10.330
10.830
10.000
10.940
10.620
11.400
11.880
12.060
12.030
10.880
12.750
12.640
12.650
12.530
13.100
13.370
13.330
13.510
12.300
12.200
12.200
12.010
11.980
11.930
11.600
11.660
11.780
11.950
12.420
12.600
12.570
12.380
12.260
12.350
12.200
13.690
13.500
14.200
13.500
13.640
13.730
13.140
13.850
13.480
13.430
12.210
11.100
10.090
8.500
8.880
10.500
10.260
10.050
9.760
9.220
9.320
9.040
11.000
11.550
10.500
9.950
11.000
10.760
13.000
13.700
14.870
14.010
16.700
16.180
16.560
16.030
16.950
16.270
15.770
14.770
13.300
13.900
12.510
13.400
14.300
14.660
13.350
12.900
14.400
14.520
14.370
13.990
14.200
13.880
12.490
11.850
12.510
12.800
12.390
11.010
9.100
9.410
11.000
13.420
12.800
14.950
15.980
14.580
17.000
17.150
18.800
18.200
17.120
18.300
19.500
20.000
20.460
18.600
16.910
16.020
16.850
17.700
16.700
17.010
15.430
16.410
15.830
15.190
15.540
15.400
14.410
13.900
14.150
13.200
13.860
13.380
13.410
12.850
13.350
13.900
13.870
13.360
13.500
12.940
12.740
12.660
12.690
12.580
12.780
13.010
12.740
12.650
12.700
12.530
12.350
12.000
11.850
12.140
12.130
11.750
11.590
12.240
12.150
12.180
11.400
11.250
10.940
10.990
10.600
10.670
10.540
10.440
10.330
10.350
9.960
9.910
10.180
10.560
10.460
10.510
10.170
10.320
10.300
10.580
10.450
10.820
10.500
9.400
9.140
8.890
9.200
9.450
9.240
9.190
8.960
9.430
9.630
9.630
9.800
9.480
9.390
9.250
9.630
9.930
10.020
9.740
9.700
10.480
10.420
10.490
10.480
10.190
11.410
11.110
10.260
9.990
9.740
9.640
9.940
10.120
10.170
10.150
9.980
9.900
9.780
9.850
9.960
9.900
9.630
9.630
10.060
9.900
10.220
10.050
10.690
10.550
10.430
10.520
10.650
10.860
10.810
10.120
9.800
9.600
9.560
9.630
9.850
10.200
10.200
10.100
10.150
10.350
10.730
10.580
10.520
10.680
10.530
10.560
10.550
10.600
10.240
9.910
9.540
9.750
9.450
9.390
9.480
10.090
10.240
9.830
9.890
9.890
9.980
9.920
9.650
9.480
8.980
8.870
8.580
8.620
8.570
8.700
9.000
9.100
8.730
8.670
8.650
8.470
8.400
8.560
8.620
8.610
8.360
8.300
8.420
8.390
8.470
8.340
8.420
8.400
8.480
8.610
8.420
8.310
8.430
8.390
8.240
8.200
8.270
8.190
8.420
8.260
8.180
7.980
8.000
7.920
8.110
