29.120
26.470
26.380
25.980
25.050
25.240
25.220
25.780
25.440
25.020
24.310
26.060
25.630
26.240
25.880
25.940
26.120
25.200
25.000
25.610
23.280
22.040
21.350
21.300
20.810
20.180
21.630
22.070
22.250
21.640
21.400
23.340
24.190
24.520
24.640
24.150
23.340
23.510
23.800
23.850
24.750
24.410
25.370
26.870
27.530
27.500
27.210
26.710
26.820
26.640
26.680
29.050
28.770
29.040
30.520
30.940
33.620
33.780
34.440
35.300
33.360
34.170
34.110
34.510
34.390
36.070
36.050
35.240
35.930
33.920
33.170
32.850
33.910
33.480
34.090
34.770
34.150
34.780
34.610
35.040
35.880
36.290
35.730
36.270
35.890
36.360
37.390
38.000
36.840
36.900
36.220
36.700
37.460
36.550
36.720
37.860
37.920
41.260
44.730
44.200
44.180
42.910
43.930
44.680
44.900
42.310
42.610
47.340
43.040
42.790
38.900
42.820
41.970
40.630
40.610
39.070
40.690
40.080
36.440
33.130
30.120
29.860
28.910
27.990
28.010
28.490
29.080
29.260
28.950
29.450
30.800
29.730
30.140
29.400
28.450
28.350
28.490
28.650
29.170
28.790
29.540
28.520
28.590
29.100
28.920
29.030
30.330
30.510
29.600
29.620
27.450
27.440
26.950
27.440
27.420
27.380
27.610
27.160
26.930
26.450
26.220
26.320
26.180
25.680
25.940
25.350
25.170
24.960
24.790
25.950
25.760
26.680
25.900
26.220
27.080
26.710
24.280
23.580
24.030
23.710
23.710
23.720
23.330
22.800
22.600
22.410
22.830
22.550
23.460
23.410
23.450
22.980
23.080
22.860
22.800
22.590
23.510
23.730
23.360
23.090
22.700
22.910
22.660
22.690
22.870
22.600
22.140
22.330
22.650
22.100
22.240
22.430
22.340
22.410
22.540
22.120
21.720
21.300
21.850
22.060
21.990
21.560
21.740
21.610
21.130
20.860
21.480
21.950
22.000
23.120
22.770
23.070
23.000
22.990
23.010
22.860
23.590
23.740
23.800
23.790
23.500
23.500
23.110
23.500
23.460
22.930
21.900
22.040
21.970
22.240
21.250
20.430
20.820
20.920
20.680
20.930
20.720
20.970
19.910
19.040
19.070
20.430
20.460
20.340
20.480
20.440
20.460
19.980
19.050
19.420
19.590
19.260
19.410
19.280
18.980
18.690
18.340
19.500
19.900
19.270
19.290
19.360
19.380
19.950
21.490
22.990
22.800
22.630
21.990
21.950
22.410
21.880
21.470
21.860
21.870
22.410
23.880
23.900
24.730
24.240
23.900
23.500
23.810
22.720
22.960
23.190
23.120
21.840
21.950
21.950
21.050
21.780
21.800
21.870
22.250
22.000
22.420
21.340
20.390
19.830
20.040
20.020
19.240
19.640
19.990
21.030
21.100
20.390
20.760
20.440
19.200
18.640
20.690
21.380
23.790
21.980
22.410
22.310
22.250
21.810
19.840
18.840
19.290
19.750
17.960
18.040
17.450
17.530
17.110
18.850
19.110
20.550
19.800
19.130
21.190
20.990
20.050
18.840
18.810
18.060
19.740
19.580
21.780
22.270
24.750
24.420
25.560
27.350
27.020
26.390
26.110
26.750
27.200
26.990
27.100
27.370
27.760
27.150
26.480
26.430
26.690
25.140
25.980
26.050
26.640
28.060
27.810
28.230
27.890
27.480
28.110
29.290
30.890
30.870
29.850
29.800
29.970
29.670
29.240
30.830
31.150
31.390
33.590
30.540
30.690
31.230
30.570
29.980
30.040
28.100
28.160
29.930
31.190
30.810
32.940
31.150
31.930
31.980
30.040
33.380
35.050
34.340
31.220
28.360
29.340
29.040
27.490
28.110
26.640
28.880
26.250
23.860
21.690
19.710
20.440
19.900
18.980
19.250
20.240
18.500
20.560
22.880
23.010
23.600
22.720
21.800
23.000
25.550
28.390
25.810
23.500
23.440
26.040
28.930
32.150
35.350
39.280
35.730
38.240
34.760
31.640
30.880
31.450
30.530
27.750
27.000
29.200
28.750
26.140
29.040
32.010
33.000
30.460
28.610
31.790
28.900
27.170
24.700
22.450
20.410
18.550
16.860
18.730
17.030
15.480
14.070
12.790
14.210
15.790
17.540
19.490
21.660
24.080
23.470
26.080
28.980
31.500
30.300
30.650
34.080
35.790
35.090
37.440
36.870
35.280
34.920
34.930
36.270
35.640
33.360
33.550
33.800
30.730
29.400
30.200
33.560
33.230
32.160
29.680
28.340
28.450
28.300
26.920
27.350
26.960
25.680
26.140
25.880
25.280
24.460
26.890
26.580
26.000
26.260
26.910
26.250
27.820
28.060
29.020
29.180
29.270
26.610
25.600
24.260
24.120
25.950
25.350
23.700
23.420
24.280
25.130
24.870
24.230
23.530
23.520
23.900
23.370
23.670
23.980
22.840
23.610
23.480
23.280
22.990
22.630
22.150
21.410
21.020
21.110
21.440
21.240
20.730
21.410
21.880
21.540
21.300
21.290
20.900
20.600
19.990
19.850
19.640
19.180
19.100
19.000
18.670
19.660
20.960
21.540
20.580
20.550
20.500
20.890
20.630
21.010
21.400
21.320
22.170
21.180
21.250
20.340
18.490
18.530
18.700
18.110
17.740
18.610
18.980
19.180
19.700
19.390
18.960
17.240
17.410
18.380
18.620
18.500
18.020
18.410
20.450
21.790
21.410
22.210
21.340
21.720
21.910
22.590
22.380
24.870
23.460
21.730
21.340
20.890
20.590
21.060
21.780
22.020
22.270
21.830
21.820
21.900
21.450
21.130
22.050
21.670
21.990
23.750
24.740
27.490
27.760
26.390
26.090
26.390
27.050
27.050
28.460
27.620
27.260
24.780
23.960
23.580
23.030
21.860
22.410
20.470
18.820
18.650
17.310
16.780
16.760
16.810
17.050
16.950
17.200
16.670
16.910
16.260
14.780
14.430
14.520
14.420
14.260
14.470
15.390
15.100
14.980
15.240
14.980
15.120
15.310
15.150
15.230
14.730
14.380
13.930
14.100
13.920
14.580
14.570
14.640
15.160
14.890
15.140
15.280
15.250
14.860
14.580
14.150
13.830
13.480
13.640
13.780
14.060
13.080
13.780
13.430
12.210
12.010
11.910
11.720
12.350
11.940
11.810
12.040
12.020
12.220
12.720
11.950
11.840
11.370
11.660
11.680
