11.100
11.080
11.090
11.120
11.160
11.120
11.130
11.150
11.100
11.080
11.230
11.300
11.020
11.070
11.120
11.060
11.100
11.140
11.140
11.160
11.220
11.070
11.200
11.250
11.230
11.240
11.310
11.250
11.180
11.180
11.390
11.400
11.660
11.530
11.420
11.410
11.580
10.990
10.850
11.090
10.980
10.990
11.050
11.060
11.180
11.080
11.000
10.970
11.110
11.550
11.170
11.740
11.980
12.330
12.930
12.800
12.650
12.620
12.530
12.870
12.790
12.960
13.000
13.150
12.640
12.920
13.220
12.950
13.100
13.010
13.130
12.820
13.380
13.090
12.760
12.990
12.840
12.840
12.690
12.560
12.690
12.910
12.870
12.710
12.780
13.010
12.970
13.120
13.040
13.400
13.360
12.800
12.710
12.470
12.430
12.430
12.460
12.590
12.670
12.730
12.560
12.570
12.550
12.600
12.700
12.560
12.540
12.560
12.510
12.080
11.990
11.900
11.550
12.510
12.700
12.740
12.900
13.040
13.010
12.850
12.930
12.330
12.250
12.050
11.870
11.930
11.960
12.040
12.320
12.410
12.140
12.350
11.760
11.450
11.250
11.880
12.260
12.300
12.200
12.600
12.390
11.780
11.690
11.670
11.730
11.770
11.760
11.670
11.710
11.520
11.490
11.560
11.440
11.600
11.630
11.560
11.750
11.650
11.640
11.920
11.670
11.830
11.840
11.800
11.920
11.890
12.040
11.900
12.160
12.310
12.170
12.200
11.940
11.820
11.900
12.120
11.940
11.900
11.880
11.180
11.210
11.090
11.240
11.180
11.310
11.580
11.700
12.020
12.000
12.030
12.000
11.880
12.030
12.110
12.250
12.160
12.080
11.830
11.980
12.150
12.100
12.300
12.280
12.320
12.370
12.340
12.080
12.070
12.260
12.460
12.300
12.230
12.280
12.220
12.350
12.220
12.370
12.650
12.850
13.550
13.360
12.930
13.050
13.010
13.100
13.200
13.170
13.270
13.350
12.920
12.960
13.110
12.860
13.150
13.270
13.420
13.300
13.380
13.450
13.190
13.180
12.660
12.750
13.070
13.100
14.040
13.960
13.790
14.130
15.700
17.440
18.690
19.140
19.780
19.400
19.500
18.800
18.210
18.330
17.200
16.500
17.000
17.410
18.400
18.080
17.800
16.280
17.050
17.340
16.210
16.700
17.550
16.650
17.000
17.850
16.250
14.700
13.960
14.270
13.220
13.200
12.310
12.050
12.040
12.200
11.750
11.650
10.940
10.900
11.110
11.500
11.600
11.470
11.580
11.830
11.660
11.370
12.400
12.210
12.280
11.600
10.920
11.020
10.750
10.350
10.220
10.020
9.780
9.710
9.890
10.120
9.520
9.280
9.200
8.750
8.820
9.180
8.560
8.660
10.070
10.000
10.250
9.400
8.770
8.780
8.130
9.750
10.600
9.930
9.800
10.570
10.570
12.590
13.680
14.800
14.050
16.600
16.260
15.300
14.010
15.160
14.500
16.280
17.990
20.450
20.500
20.360
21.470
22.040
21.600
23.010
23.850
23.100
21.960
20.800
19.170
19.500
19.500
19.760
20.180
18.480
17.750
17.800
20.220
20.940
20.970
20.000
20.610
20.200
18.650
18.390
17.850
18.360
18.000
18.220
17.140
15.900
15.170
15.320
15.040
15.590
15.640
16.100
15.660
15.750
15.900
14.150
14.200
13.350
12.030
13.030
13.300
12.200
11.980
11.990
12.350
10.850
11.110
10.900
10.870
10.250
9.250
9.050
9.150
9.180
9.050
8.820
8.830
8.990
8.970
8.880
8.630
8.440
8.500
8.150
8.180
8.160
8.220
8.000
7.840
8.010
7.670
7.760
7.700
7.980
7.560
6.740
6.660
6.510
6.470
6.460
6.560
6.700
6.750
6.570
6.500
6.820
6.830
6.900
6.880
6.770
6.840
6.830
6.650
6.400
6.520
6.960
6.850
6.830
6.790
6.860
6.970
7.250
7.150
7.180
7.200
7.060
7.140
7.400
7.150
7.000
6.820
6.900
7.190
7.310
7.400
7.770
7.380
7.050
7.080
7.070
7.130
7.340
7.200
7.550
6.980
7.090
6.720
7.060
7.190
6.900
6.900
6.660
6.430
6.140
6.160
6.120
6.090
6.050
6.120
6.290
6.250
6.500
6.470
6.510
6.440
6.310
6.560
6.530
6.460
6.610
6.620
6.440
6.280
6.100
6.270
6.390
6.140
5.870
5.880
5.950
6.040
6.030
5.950
6.070
6.120
6.010
5.900
5.830
5.670
5.700
5.570
5.510
5.610
5.620
5.610
5.520
5.880
5.800
5.700
5.750
5.660
5.550
5.550
5.480
5.450
5.350
5.300
5.190
5.330
5.100
5.240
5.370
5.320
5.440
5.400
5.270
5.250
5.190
5.240
5.300
5.350
5.310
5.300
5.170
5.110
5.180
5.060
5.190
5.140
5.140
5.020
4.940
4.880
4.870
5.000
4.950
5.020
5.040
4.960
5.010
5.080
4.960
4.930
4.900
5.000
4.890
