6.550
5.960
5.990
6.030
5.950
5.910
5.950
5.960
5.950
5.900
6.020
6.150
6.470
6.070
6.150
6.090
6.180
5.750
5.840
5.760
5.870
5.940
5.720
5.240
5.190
5.300
5.460
5.430
5.330
5.280
5.560
5.860
5.870
5.920
5.940
5.870
5.830
5.770
5.950
6.180
6.140
6.250
6.450
6.560
6.720
6.730
6.450
6.430
6.470
6.490
6.690
6.780
6.790
6.900
6.990
7.170
7.330
7.400
7.390
7.420
7.700
7.710
7.780
7.770
7.630
7.750
8.060
8.370
8.470
8.460
8.360
8.460
8.510
8.610
8.620
8.620
8.590
8.690
8.740
8.750
8.830
8.900
8.920
8.820
8.750
8.910
9.050
8.990
8.920
8.990
8.950
8.910
8.950
8.880
9.070
8.810
8.880
8.810
8.760
8.860
8.920
8.940
8.770
8.760
8.630
8.660
8.650
8.600
8.620
8.490
8.460
8.560
8.520
9.080
9.350
9.390
9.660
10.080
9.740
9.870
10.070
10.130
10.140
9.730
9.850
9.950
9.470
9.130
9.290
9.500
9.480
9.430
9.460
9.490
9.460
9.340
9.160
9.650
9.500
9.620
9.440
9.490
9.470
9.840
9.770
9.700
9.880
9.940
9.970
10.040
10.150
10.230
10.150
10.200
10.170
10.300
10.540
10.420
10.710
10.880
11.130
10.120
9.270
9.340
9.160
9.110
9.170
9.200
9.390
9.440
9.740
9.540
9.330
9.340
9.420
9.560
9.380
9.450
9.540
9.560
9.730
9.390
9.370
9.410
9.160
8.870
8.860
8.970
9.180
9.170
9.080
9.110
9.080
9.180
8.890
9.010
9.330
9.420
9.570
9.410
9.440
9.500
9.760
9.530
9.640
9.740
9.770
9.610
9.690
10.100
11.050
11.150
11.100
11.440
10.850
10.890
10.700
10.970
10.450
10.550
10.300
10.460
10.660
10.370
10.290
10.180
9.560
9.680
10.190
10.540
10.450
10.240
9.720
9.830
9.560
10.100
9.590
9.350
9.050
8.840
9.010
9.050
8.940
9.120
8.930
8.860
9.000
9.070
9.180
8.850
8.870
8.890
8.790
8.710
8.740
8.140
8.280
8.220
8.260
7.960
8.430
8.780
8.890
8.960
8.970
8.870
8.590
8.460
8.290
8.190
7.910
8.100
8.070
8.260
7.800
7.910
7.950
8.420
8.450
8.180
8.000
8.450
8.390
8.950
10.150
10.380
10.480
10.350
10.620
10.770
11.140
10.130
9.450
9.120
9.180
9.390
9.550
9.430
9.980
9.550
9.570
9.480
9.300
9.200
9.850
9.690
9.980
9.540
8.920
8.150
8.090
8.600
7.940
7.960
8.080
8.080
8.250
8.090
7.800
7.950
7.810
7.250
7.000
7.280
7.070
7.170
7.190
7.200
7.460
7.230
6.830
7.150
7.390
8.000
8.060
8.110
8.390
8.190
7.990
8.020
7.840
7.250
7.650
7.770
7.360
6.800
6.620
6.600
6.630
6.740
7.400
7.600
7.490
8.050
8.170
7.660
7.500
7.590
7.290
7.500
7.550
7.950
8.680
9.120
9.400
9.680
10.950
11.420
11.480
11.310
11.560
11.990
11.170
11.310
11.500
12.460
11.990
12.300
12.040
12.180
12.290
12.660
11.510
10.460
10.100
9.330
8.750
8.690
8.610
8.450
8.480
9.180
9.280
9.120
8.750
8.980
8.720
8.780
8.520
8.790
8.670
8.900
8.260
8.060
8.060
7.750
7.760
7.540
7.260
6.930
7.200
7.730
7.720
7.740
7.710
7.940
7.800
7.540
8.200
7.690
7.720
7.360
7.250
7.160
7.150
7.100
6.790
6.490
6.140
6.170
6.280
6.390
6.450
6.370
6.550
6.560
6.090
6.190
5.900
5.800
6.660
6.750
6.700
6.860
6.360
6.030
6.160
6.900
7.050
7.100
6.510
7.100
7.130
8.000
9.150
10.290
9.740
10.360
10.600
10.310
9.470
9.280
9.410
9.110
8.540
8.110
8.450
8.000
7.980
8.510
9.200
9.290
9.850
10.920
11.880
11.560
11.550
11.100
10.250
9.980
10.100
10.510
12.490
13.120
12.090
10.990
9.990
11.100
15.000
15.020
16.150
16.500
16.510
16.720
16.210
16.800
16.750
18.000
18.780
19.190
18.000
17.800
17.890
18.150
18.480
19.010
17.520
19.000
18.010
16.370
15.280
14.570
14.280
14.100
15.290
15.440
14.490
13.170
11.970
10.880
10.120
9.860
9.700
9.330
9.340
9.780
9.800
9.180
9.240
9.270
9.980
10.030
10.120
10.280
10.040
9.140
9.150
9.450
9.470
9.690
9.090
8.340
7.980
7.850
8.160
8.250
8.000
7.950
7.820
7.520
7.490
7.550
7.350
7.470
7.520
7.590
7.310
7.350
7.450
7.270
7.000
6.880
6.900
7.040
7.040
7.090
6.880
6.850
6.890
6.870
6.950
7.140
6.890
6.920
6.360
6.400
6.320
6.300
5.820
5.960
5.950
5.970
6.090
6.100
5.810
5.840
5.780
5.670
5.800
5.800
5.670
5.720
5.710
5.560
5.500
5.560
5.430
5.160
5.250
5.310
5.170
5.230
5.180
5.080
5.080
5.020
4.960
5.080
5.200
5.340
5.110
5.010
4.940
5.150
5.250
5.340
5.440
5.490
5.480
5.420
5.370
5.290
5.440
5.520
5.750
5.810
5.760
5.740
5.720
5.610
5.690
5.720
5.750
5.680
5.600
5.430
5.430
5.350
5.300
5.220
5.350
5.340
5.620
5.600
5.760
5.790
5.660
5.680
5.730
5.680
5.730
5.760
5.610
5.630
5.460
5.520
5.570
5.710
5.690
5.850
6.060
6.170
5.880
5.930
6.040
6.040
6.230
5.780
5.680
5.670
5.820
5.790
5.710
5.850
5.520
5.490
5.540
5.700
5.750
5.820
5.630
5.660
5.570
5.590
5.760
5.540
5.470
5.450
5.350
5.370
5.330
5.420
5.540
5.600
5.740
5.770
5.850
5.980
5.840
5.890
5.350
4.960
4.830
4.750
4.800
4.810
4.840
4.790
4.800
4.840
4.780
4.710
4.640
4.570
4.520
4.570
4.610
4.500
4.560
4.640
4.660
4.570
4.540
4.420
4.370
4.510
4.530
