10.410
10.380
10.260
10.180
10.100
10.170
10.230
10.270
10.230
10.450
10.300
10.330
10.250
10.130
10.190
9.960
9.950
9.770
10.100
9.840
9.940
9.750
9.610
9.540
9.470
9.700
9.900
9.750
9.780
9.530
9.950
10.350
10.390
10.280
10.280
9.920
10.230
10.220
10.800
11.130
11.180
11.190
11.120
11.290
11.230
11.400
11.200
11.280
11.220
11.270
11.900
11.950
12.080
12.080
12.610
13.220
13.360
13.110
13.000
13.160
13.070
13.110
12.940
13.050
13.510
13.650
13.780
13.760
13.770
13.770
13.890
13.940
13.980
14.150
13.920
13.950
14.010
13.850
13.980
14.020
14.170
14.260
14.180
14.100
14.050
14.030
14.030
14.150
14.090
14.200
14.180
14.120
14.150
14.400
14.900
14.030
14.990
14.950
15.120
15.100
14.980
15.190
15.440
15.490
15.190
15.250
15.350
15.100
15.400
15.650
15.530
15.500
15.300
15.410
15.450
15.350
15.070
15.150
15.140
14.980
15.000
14.840
15.040
14.960
14.990
14.960
15.110
15.550
15.350
15.530
15.590
15.350
15.500
15.450
15.570
15.130
15.550
15.590
15.620
15.490
15.640
15.310
15.000
14.930
15.210
14.720
15.280
15.250
15.250
15.180
15.190
15.010
15.100
15.100
15.500
16.010
15.920
16.090
15.800
15.810
16.080
16.310
16.140
16.190
16.140
16.180
16.580
16.740
16.510
16.940
17.000
16.700
16.800
16.670
16.310
15.860
16.400
16.670
16.770
16.300
16.450
16.700
16.300
15.780
16.430
16.920
17.400
18.200
18.170
17.790
17.530
17.140
17.260
16.940
17.290
17.330
17.190
17.310
16.780
17.000
17.160
17.010
17.060
17.270
16.800
17.200
17.240
17.510
17.380
16.090
15.900
15.900
15.480
16.160
15.120
15.250
15.120
14.300
14.420
15.400
15.730
15.700
15.880
16.130
15.660
15.500
14.870
14.470
14.250
14.450
14.350
14.490
14.370
13.800
13.780
14.080
14.290
13.860
14.020
13.990
14.810
14.550
15.580
16.530
16.230
16.100
15.580
15.450
15.500
15.810
15.290
15.410
15.350
15.910
17.170
17.170
17.200
16.320
15.700
15.440
15.470
15.500
15.340
16.090
15.790
15.230
15.200
15.570
14.980
15.290
15.890
15.060
15.470
15.140
15.030
15.000
14.300
13.670
13.800
14.000
13.820
13.400
13.800
14.010
14.120
13.050
13.500
13.730
12.890
12.500
13.850
14.160
15.690
14.800
15.200
15.400
14.670
14.990
14.460
14.150
13.220
14.180
14.090
13.570
12.990
12.890
12.030
12.570
13.440
14.700
14.600
14.100
14.800
15.000
14.420
13.890
14.490
12.800
14.950
14.330
16.000
16.880
17.800
18.170
17.990
21.380
22.080
21.800
21.720
23.080
23.000
22.520
23.310
23.350
23.600
23.660
23.500
22.800
22.830
21.030
21.550
22.700
22.700
22.200
22.350
21.100
19.850
20.380
20.780
20.700
22.800
22.800
22.300
21.150
20.650
21.090
18.660
18.880
19.380
17.990
18.830
19.620
20.000
19.200
20.000
18.850
17.250
16.310
16.410
16.500
16.810
16.800
17.070
17.020
17.700
17.150
15.860
17.650
16.600
16.700
16.080
14.600
15.000
14.880
14.400
13.790
13.640
13.060
13.060
13.300
13.580
13.530
13.260
13.820
12.740
12.600
13.130
11.950
12.400
14.780
13.680
13.340
13.150
11.880
11.660
11.410
13.400
15.000
14.280
14.080
14.800
15.170
17.000
19.940
21.330
19.700
23.300
22.000
22.420
20.700
20.850
20.650
19.230
17.980
17.290
18.280
16.900
17.950
19.080
19.450
18.300
18.060
20.010
22.000
19.300
19.000
18.700
18.200
17.210
16.680
17.950
17.880
17.310
15.550
12.210
13.010
14.450
18.900
17.830
21.000
23.210
21.830
28.000
28.170
30.220
30.400
29.180
28.000
31.000
28.860
30.590
33.970
35.000
34.000
33.070
30.100
28.750
28.310
27.800
29.530
29.560
28.210
26.830
29.500
30.790
31.000
28.130
29.580
27.900
25.950
24.180
23.850
23.100
23.250
23.000
20.360
20.300
19.140
18.070
18.170
19.700
20.150
19.380
18.700
19.700
19.600
19.980
19.400
17.160
16.380
16.320
16.800
16.160
16.930
17.350
16.930
16.470
17.400
18.450
18.480
18.350
17.990
17.450
17.390
17.520
18.010
18.200
17.290
17.430
17.230
16.990
17.120
16.930
16.950
17.250
17.260
16.520
16.350
16.500
14.500
14.520
13.580
13.320
13.850
13.990
13.640
13.560
13.990
13.910
13.390
12.990
13.150
12.800
12.460
12.340
12.590
13.260
13.540
12.940
12.400
12.600
12.450
12.700
13.060
12.800
12.750
11.460
11.240
10.550
10.700
10.640
10.490
10.530
10.240
10.340
10.590
10.650
10.580
10.460
10.560
10.400
11.050
11.010
10.450
10.480
10.290
10.170
10.660
10.860
10.880
11.050
11.170
10.850
10.650
10.500
9.980
10.650
10.600
11.250
11.160
11.230
11.010
10.900
11.190
11.340
11.500
11.120
10.970
10.900
11.000
11.040
10.760
10.750
10.750
10.320
10.120
10.320
10.250
10.250
10.100
10.260
10.410
10.360
10.480
10.560
10.490
10.190
10.000
10.010
10.330
10.520
10.620
10.440
10.520
10.800
10.840
10.780
11.200
11.520
11.650
11.380
11.480
11.400
10.880
11.200
11.050
10.870
10.680
10.830
10.470
10.300
10.790
10.780
10.680
10.500
10.220
10.200
10.510
10.350
10.240
10.230
9.700
9.520
9.600
9.430
9.770
9.880
9.710
9.930
10.200
9.840
9.800
9.350
9.080
9.040
8.880
8.700
8.660
8.890
8.720
8.740
8.670
8.620
8.500
8.510
8.450
8.480
8.360
8.230
8.520
8.450
8.480
8.480
8.580
8.720
8.790
8.800
8.340
8.430
8.620
8.790
