4.430
4.380
4.340
4.330
4.340
4.360
4.350
4.370
4.370
4.320
4.440
4.480
4.530
4.550
4.610
5.050
4.610
4.310
4.260
4.230
4.120
4.100
4.100
4.000
4.110
4.140
4.160
4.070
4.040
4.140
4.200
4.240
4.250
4.240
4.180
4.330
4.130
4.090
4.300
4.210
4.380
4.460
4.470
4.470
4.440
4.350
4.280
4.340
4.270
4.600
4.710
4.640
4.710
4.780
4.820
4.930
4.860
5.090
4.890
4.940
5.050
5.170
5.130
5.430
5.180
4.520
4.600
4.570
4.370
4.470
4.360
4.400
4.420
4.440
4.350
4.350
4.360
4.300
4.360
4.390
4.430
4.380
4.320
4.320
4.370
4.360
4.320
4.390
4.400
4.410
4.400
4.410
4.360
4.400
4.350
4.330
4.300
4.330
4.240
4.190
4.190
4.210
4.150
4.180
4.180
4.170
4.150
4.120
4.090
4.090
4.090
4.070
4.190
4.220
4.260
4.280
4.320
4.260
4.250
4.250
4.220
4.170
4.160
4.180
4.220
4.250
4.160
4.280
4.280
4.240
4.120
4.160
4.150
4.100
4.130
4.140
4.330
4.300
4.340
4.280
4.280
4.300
4.360
4.350
4.360
4.390
4.350
4.340
4.360
4.410
4.410
4.350
4.430
4.540
4.440
4.500
4.330
4.280
4.240
4.220
4.210
4.170
4.190
4.160
4.190
4.170
4.200
4.200
4.210
4.220
4.250
4.200
4.190
4.180
4.300
4.110
4.160
4.140
4.120
4.120
4.090
4.050
4.030
4.030
4.060
4.030
4.090
4.120
4.120
4.080
4.090
4.070
4.060
4.080
4.110
4.210
4.180
4.180
4.160
4.190
4.230
4.240
4.160
4.160
4.150
4.130
4.190
4.210
4.190
4.240
4.250
4.230
4.220
4.230
4.150
4.100
4.130
4.160
4.140
4.110
4.080
4.110
4.070
4.060
4.060
4.110
4.160
4.270
4.220
4.190
4.220
4.220
4.230
4.210
4.260
4.260
4.290
4.320
4.300
4.230
4.190
4.140
4.140
4.120
4.040
4.050
4.070
4.040
3.970
3.930
3.970
3.970
3.950
3.990
4.010
3.990
4.020
3.920
3.960
4.110
4.160
4.180
4.220
4.190
4.160
4.170
4.000
3.980
4.000
4.020
4.030
4.060
4.090
4.000
3.970
4.140
4.210
4.140
4.140
4.100
4.280
4.220
4.740
5.200
5.270
5.240
5.170
5.280
5.340
5.150
5.230
5.490
5.310
5.310
5.400
5.160
5.400
5.480
5.320
4.990
4.850
4.540
4.570
4.660
4.650
4.690
4.800
4.680
4.480
4.390
4.370
4.330
4.250
4.310
4.370
4.380
4.290
4.200
4.210
4.210
4.130
4.060
4.220
4.270
4.270
4.230
4.260
4.280
4.020
3.970
4.050
4.100
4.470
4.410
4.400
4.310
4.260
4.300
4.200
4.050
3.960
4.130
4.060
3.980
3.910
4.030
3.880
4.040
4.150
4.540
4.590
4.550
4.580
4.650
4.500
4.460
4.650
4.500
4.790
4.710
4.870
4.990
5.180
5.150
5.000
5.760
5.740
5.600
5.570
5.710
5.640
5.750
5.770
5.760
5.660
5.690
5.530
5.630
5.560
5.350
5.460
5.500
5.530
5.710
5.740
5.880
5.800
5.730
5.820
5.870
6.130
6.250
6.220
6.280
6.420
6.320
6.220
6.150
6.100
5.920
6.050
6.230
6.110
6.090
6.080
6.010
5.990
5.730
5.890
6.080
6.320
6.290
6.300
6.380
6.130
5.980
5.550
6.130
6.660
5.960
5.280
5.100
4.950
5.010
4.980
5.050
4.990
4.900
5.010
4.720
4.700
4.800
4.500
4.700
5.280
5.200
5.310
5.250
5.040
5.050
4.900
5.380
5.500
5.210
5.050
5.490
5.500
6.200
6.900
6.650
6.230
7.260
7.020
6.870
6.600
6.790
7.030
6.480
6.140
5.800
6.030
5.710
5.780
5.890
6.080
5.730
5.520
6.100
6.660
6.410
6.380
6.140
6.340
5.870
5.530
6.160
6.450
6.000
5.340
4.500
4.630
5.330
6.720
6.700
7.500
7.800
7.400
8.250
8.650
9.230
8.940
8.660
9.390
9.500
9.180
9.830
10.320
10.320
10.220
10.050
10.260
10.330
10.360
10.500
11.000
11.180
10.690
9.920
10.400
8.940
8.490
7.070
7.060
6.810
6.820
6.640
6.620
6.610
6.720
6.740
6.730
6.540
6.360
6.470
6.950
7.320
7.170
7.380
7.040
7.400
7.300
7.250
7.360
7.200
7.140
7.150
6.950
6.900
7.440
6.780
6.750
6.340
6.420
6.600
6.410
6.350
6.220
6.140
6.310
6.230
6.160
6.290
6.210
6.170
6.160
6.030
6.010
5.860
5.760
5.690
5.630
5.750
5.750
5.820
5.590
5.540
5.590
5.540
5.500
5.530
5.540
5.440
5.360
5.300
5.250
5.210
5.150
5.130
5.050
5.020
5.190
5.330
5.280
5.200
5.220
5.430
5.600
5.500
5.380
5.330
5.350
5.250
5.050
4.850
5.150
5.180
5.150
5.270
5.250
5.430
5.350
5.260
5.250
5.220
5.130
5.110
5.280
5.430
5.330
5.260
5.200
5.420
6.100
5.800
5.850
5.700
5.730
5.800
5.900
5.830
5.410
5.550
5.250
5.400
5.330
5.280
5.270
5.400
5.350
5.400
5.450
5.310
5.250
5.290
5.220
5.280
5.250
5.200
5.220
5.450
5.420
5.850
5.340
5.550
5.350
5.380
5.430
5.200
5.290
5.110
5.020
4.980
4.840
4.840
4.830
4.880
5.010
4.920
4.890
4.930
5.050
5.050
5.080
5.130
5.190
5.140
5.130
5.130
5.180
5.200
5.150
5.140
5.000
5.130
5.030
4.820
5.030
5.000
5.000
4.880
4.950
5.100
4.990
4.860
4.930
4.720
4.550
4.500
4.640
4.620
4.830
4.810
4.420
4.470
4.380
4.350
4.310
4.280
4.340
4.320
4.320
4.270
4.250
4.290
4.300
4.300
4.240
4.530
4.450
4.410
4.400
4.360
4.100
4.110
4.170
4.180
4.250
4.140
4.170
4.110
4.130
4.120
4.070
4.050
4.120
4.090
