28.560
31.000
30.640
30.780
30.430
30.350
30.620
30.880
30.730
30.180
29.890
31.650
31.800
31.680
31.710
31.630
32.000
32.750
32.890
32.960
32.510
32.010
31.210
31.100
31.680
31.420
30.600
30.500
31.250
30.700
30.840
30.260
30.400
29.860
30.270
31.100
30.900
30.070
29.810
29.620
28.610
29.680
29.370
29.200
29.070
28.600
28.920
29.610
29.400
29.880
29.270
29.990
30.040
29.840
29.100
28.820
28.710
27.930
27.790
27.680
28.140
28.460
27.890
27.800
27.580
27.040
26.940
27.830
27.590
28.050
28.100
27.420
27.430
26.900
26.620
26.430
26.260
26.010
25.680
25.470
25.490
25.830
25.680
25.520
25.430
25.730
25.930
25.630
25.710
26.100
25.730
25.610
25.320
25.020
24.960
24.740
24.780
25.000
25.020
24.960
24.870
25.450
25.280
25.000
24.930
24.910
24.750
24.700
24.750
24.330
24.220
24.330
23.700
23.450
23.410
23.620
23.380
23.260
23.300
23.180
23.510
23.510
23.180
22.890
22.850
22.740
22.710
22.350
22.290
22.420
22.470
22.370
22.700
22.750
22.580
22.680
22.950
22.700
23.120
23.120
23.170
22.900
22.650
22.630
22.980
23.730
24.040
24.000
23.830
23.790
23.800
23.710
23.750
23.780
23.800
23.860
23.820
23.810
24.000
24.190
23.900
24.090
24.220
24.320
23.840
23.730
23.660
23.470
23.300
23.200
23.330
23.110
22.960
23.000
23.000
23.270
22.940
22.910
23.210
23.470
23.770
23.700
23.660
23.320
23.180
23.230
23.060
23.260
23.810
23.580
23.480
23.480
23.190
23.020
23.120
22.880
23.480
23.310
23.280
23.230
23.430
23.480
23.340
22.820
23.100
22.870
22.700
22.220
21.850
21.490
21.570
21.560
21.490
21.560
21.530
21.120
20.770
20.870
21.110
21.530
21.020
20.920
20.700
20.860
20.870
20.700
21.600
20.810
21.360
21.150
21.040
20.740
20.780
20.600
20.720
21.000
20.670
20.760
20.000
19.950
19.660
19.710
19.200
19.360
18.860
18.930
18.840
18.790
18.530
18.390
18.250
18.590
18.660
18.660
18.620
18.550
18.450
18.340
18.400
18.640
19.160
19.200
19.300
19.150
19.090
19.130
18.660
18.490
18.580
18.450
18.560
18.640
18.600
18.300
18.420
18.320
18.650
18.520
18.420
18.400
18.470
18.440
18.480
19.130
19.550
19.610
19.190
19.080
18.910
19.090
18.900
18.820
19.110
19.160
19.080
19.860
19.850
20.210
20.260
20.180
19.950
19.500
19.250
19.690
20.040
19.720
19.580
19.870
19.550
19.260
19.630
19.670
19.700
19.910
19.810
19.950
19.220
18.880
18.850
18.570
18.540
18.350
18.550
18.470
18.520
18.880
18.630
18.580
18.170
17.680
17.400
17.800
17.540
18.860
18.760
18.670
18.500
18.450
18.430
18.180
17.700
18.100
18.200
17.800
18.080
17.900
17.480
17.000
16.500
17.410
18.450
18.080
18.680
19.030
18.910
19.130
19.600
19.040
19.560
19.800
19.940
20.400
20.590
22.040
21.310
21.830
23.430
23.390
23.190
23.520
23.790
23.520
24.020
24.000
24.170
23.910
23.950
23.720
23.720
23.140
25.140
25.180
25.450
25.300
24.900
25.120
24.310
24.180
23.680
24.020
25.730
25.370
25.150
25.610
25.800
25.390
25.170
25.810
25.130
25.690
26.390
26.210
26.180
26.270
25.750
25.410
24.650
24.460
24.440
24.710
24.820
24.840
24.700
25.440
25.880
24.300
24.060
25.410
25.150
24.560
24.520
24.750
24.400
24.310
24.380
24.110
21.810
21.780
22.410
22.490
23.490
23.650
23.680
22.840
22.960
23.120
22.530
22.500
22.390
23.400
23.020
23.060
21.620
21.770
21.610
21.500
21.400
21.730
21.040
19.740
19.400
21.560
23.320
24.330
23.890
24.500
26.000
26.500
26.060
26.380
27.660
27.190
26.900
26.000
26.550
26.570
25.520
24.900
25.210
24.790
23.210
24.550
27.180
27.020
26.800
26.600
26.830
26.120
24.000
25.190
27.610
26.490
25.010
20.120
21.870
23.600
24.000
23.660
25.790
27.600
25.010
25.180
27.970
30.880
31.300
29.750
31.000
32.860
32.100
33.010
33.700
35.170
35.110
34.690
34.990
35.800
37.110
34.990
35.700
34.490
34.650
31.510
30.940
32.010
32.210
31.660
29.350
28.550
28.320
27.910
27.150
26.900
27.850
27.410
27.480
26.550
26.250
26.360
27.510
27.240
27.000
27.500
27.270
27.280
27.920
27.700
28.000
28.150
27.760
27.580
27.270
24.500
24.700
24.450
24.180
24.490
24.070
23.950
23.800
23.850
23.150
22.820
22.780
23.180
22.630
22.500
22.900
23.190
22.870
22.610
22.500
22.490
22.430
22.430
22.450
22.240
21.900
21.560
21.600
21.280
21.210
21.500
21.900
22.430
22.550
22.100
22.260
22.550
22.910
22.560
22.060
21.950
22.020
21.480
21.180
20.800
21.730
21.580
21.600
21.820
21.610
21.980
22.200
21.950
21.350
20.820
20.690
20.680
20.560
20.550
20.470
20.460
20.400
20.360
20.500
21.000
21.300
21.840
21.940
21.550
21.500
21.050
21.110
21.600
21.300
21.170
20.570
20.510
20.130
20.200
20.350
20.800
20.720
20.500
20.620
19.630
19.240
19.360
18.920
18.840
18.800
18.670
18.880
18.790
18.920
18.820
19.040
19.300
19.130
19.210
19.130
18.890
18.500
18.750
18.890
19.250
19.700
19.620
19.150
19.350
19.140
19.140
19.330
19.350
19.350
19.000
18.960
18.790
18.680
18.720
18.580
18.510
18.560
18.680
18.560
18.500
18.600
19.050
19.110
19.160
19.230
19.050
19.100
18.770
18.760
18.700
18.430
18.280
18.230
18.450
18.720
18.860
18.490
18.410
18.370
18.320
18.550
18.480
18.420
18.690
18.820
18.670
18.590
18.600
18.630
18.860
18.710
18.570
18.580
18.720
18.750
18.660
18.220
18.010
18.020
18.260
18.300
18.050
18.100
18.300
18.430
18.050
18.070
18.240
18.860
18.720
