0.100
0.180
-0.090
0.090
-0.210
0.020
-0.010
0.350
0.110
0.210
-0.920
0.130
-0.050
0.430
0.020
0.340
0.070
0.620
-0.780
-0.230
0.060
0.270
0.100
-0.310
0.870
-0.570
0.010
-0.490
0.600
1.090
-1.110
-0.590
-0.190
-0.160
0.790
1.090
0.050
0.180
-1.130
-1.200
-1.080
-1.320
0.000
-0.010
0.190
-0.250
0.030
0.570
-0.090
0.330
-0.700
0.700
0.020
-0.440
-0.190
0.060
-0.660
-0.090
-0.540
0.490
-1.420
0.610
-0.260
-0.140
0.390
-0.550
-0.430
0.230
-0.090
-0.270
-0.430
-0.020
-0.320
0.680
-0.050
-0.030
-0.430
0.800
-0.520
-0.140
0.230
-0.210
0.240
-1.490
0.000
0.070
0.020
1.450
0.920
0.110
-0.220
0.010
0.250
-0.100
-0.200
0.410
-0.370
-0.290
0.680
-0.150
-0.640
0.450
0.610
0.740
-1.130
0.240
1.000
0.050
0.440
0.730
-1.100
0.070
0.460
-1.270
-0.640
0.910
-1.230
-1.270
-0.210
0.090
-0.570
0.000
0.060
0.650
-0.130
0.440
-0.510
-1.570
0.320
-0.970
1.300
-1.610
-1.700
0.840
0.920
1.510
1.460
-0.140
-1.500
-1.630
0.450
0.240
-1.680
-1.730
-1.850
-1.950
1.860
1.770
1.660
0.710
0.050
1.570
-0.450
-0.450
0.330
0.670
1.460
-0.130
0.320
0.080
1.410
0.230
-0.030
-0.240
0.580
-0.680
0.070
-0.920
0.860
0.590
1.320
0.300
0.030
0.600
-0.760
1.250
-0.680
-0.860
-0.320
0.480
0.490
1.240
1.180
-1.160
1.180
1.120
1.070
1.020
0.970
0.920
0.880
-0.330
-0.070
0.530
0.010
-0.580
0.430
0.020
0.150
-0.010
0.360
0.420
0.320
0.000
0.830
0.560
-0.440
0.130
0.780
-0.010
0.240
-0.420
-0.010
0.640
0.260
-0.780
-0.770
-0.860
0.000
0.690
0.440
0.020
0.000
-0.020
0.680
-0.300
-0.360
0.300
0.490
0.470
-0.150
0.710
-0.310
-0.680
-0.810
0.450
0.280
-0.810
0.010
0.780
-0.010
-0.790
-0.220
-0.850
-0.920
-0.970
-0.770
-1.050
1.000
-1.060
-1.110
1.060
1.010
0.010
0.800
0.440
0.020
-0.230
-0.090
0.370
-0.050
0.530
0.110
0.020
0.100
0.030
-0.590
-0.090
0.730
-0.430
0.880
0.300
0.020
0.230
-0.370
-0.920
0.490
0.220
-0.020
-0.260
0.270
0.250
-0.350
-0.310
0.450
-0.310
0.250
0.510
-0.020
-0.160
0.430
0.010
0.550
0.790
-0.570
0.260
0.230
-0.570
0.000
0.780
0.210
0.200
-0.800
0.530
-0.300
0.230
0.430
-0.380
-0.070
0.730
0.040
0.430
0.130
-0.190
-0.020
-0.120
0.690
-0.130
0.030
0.670
0.240
-0.490
0.650
-0.680
-0.720
0.100
-0.050
0.680
0.650
0.150
-0.680
-0.710
-0.750
0.710
-0.210
-0.760
-0.800
-0.850
-0.870
-0.860
-0.360
-1.000
-0.270
0.520
0.510
-0.250
0.930
0.880
0.840
-0.850
-0.710
0.490
-0.940
-0.410
-0.870
0.340
-1.040
-1.090
0.090
0.310
0.650
0.990
0.540
0.810
-0.950
-1.020
-1.000
0.020
0.910
0.980
-1.030
-1.080
-1.140
-1.200
-1.260
0.560
-0.330
-1.320
-1.390
-0.490
1.200
-1.430
-1.500
-1.190
0.010
-0.420
-0.600
0.320
-0.320
0.830
0.980
-0.330
0.380
-1.090
-1.190
1.070
-0.070
-1.020
-1.750
1.080
1.610
1.540
0.770
1.200
1.370
-0.010
1.310
1.240
-0.320
0.700
0.410
0.650
0.000
1.030
-0.030
-0.620
-0.920
1.110
0.800
-1.120
0.290
0.530
0.690
0.900
0.710
-0.450
0.640
0.270
-1.020
-0.360
0.320
0.190
0.120
-0.600
-0.620
1.030
0.830
0.390
0.770
0.070
0.000
-0.190
0.890
-0.300
0.070
-0.050
0.190
0.350
0.020
0.250
0.220
-0.350
-0.250
0.460
0.230
-0.250
0.820
0.110
-0.190
0.050
-0.080
0.070
-0.060
0.020
0.160
0.090
0.280
0.090
-0.030
0.140
-0.200
-0.090
-0.130
0.130
-0.310
-0.230
-0.130
-0.340
0.480
0.150
-0.180
0.160
0.350
0.400
-0.420
-0.070
0.310
-0.060
0.150
-0.420
-0.030
-0.130
-0.110
0.160
-0.660
0.080
-0.300
0.070
0.810
0.390
0.250
-0.220
-0.830
-0.530
0.060
-0.420
0.000
0.610
0.110
-0.030
0.220
-0.880
-0.220
-0.170
0.080
-0.120
0.030
-0.270
-0.060
0.160
-0.170
-0.290
-0.090
0.130
0.270
0.000
0.330
0.200
-0.010
-0.120
0.250
-0.650
0.010
-0.100
0.230
0.030
-0.250
-0.160
0.280
0.110
-0.050
0.430
0.050
-0.010
-0.370
-0.170
0.240
0.200
-0.210
-0.510
-0.230
0.400
-0.220
-0.110
-0.210
-0.280
-0.100
0.530
0.660
-0.120
0.090
0.310
-0.110
0.610
-0.060
0.070
-0.900
-0.180
0.090
0.100
-0.100
-0.380
0.060
-0.170
0.030
0.470
0.110
0.140
-0.290
0.440
-0.620
-0.620
-0.060
0.680
-0.450
0.140
-0.520
0.920
0.880
-0.040
0.780
-0.040
0.800
0.010
-0.010
0.020
0.020
0.240
-0.010
0.070
0.250
0.230
-0.290
-0.450
0.220
-0.460
0.340
0.750
0.310
0.150
0.280
0.250
0.090
0.170
-0.250
0.020
