7.840
7.830
7.860
7.800
7.890
7.900
7.900
7.960
7.800
7.650
7.880
7.900
8.000
8.000
8.020
7.960
8.040
8.020
7.840
7.750
7.750
7.690
7.630
7.580
7.380
7.560
7.570
7.520
7.400
7.260
7.440
7.500
7.720
7.720
7.760
7.580
7.480
7.460
7.410
7.820
7.860
7.940
8.020
8.110
8.150
8.150
8.200
8.120
8.430
8.360
8.340
9.090
9.050
8.970
9.120
9.110
9.130
9.300
9.250
9.150
9.240
9.490
9.600
9.480
9.460
9.620
9.960
10.120
10.160
10.220
10.160
10.290
10.020
9.950
10.060
10.080
9.940
9.930
9.810
9.990
9.950
10.070
10.160
10.000
9.860
9.770
9.830
9.800
9.840
10.010
10.120
10.010
9.900
9.620
9.660
9.620
9.670
9.630
9.310
9.290
9.140
9.050
9.110
9.140
9.110
9.270
9.250
9.270
9.240
9.150
9.150
9.040
8.920
8.700
9.270
9.460
9.400
9.550
9.530
9.400
9.320
9.150
9.150
8.980
8.950
8.950
9.000
8.880
9.130
9.200
9.210
9.150
9.250
9.190
9.180
9.210
9.050
9.150
9.750
9.690
9.610
9.610
9.580
9.670
9.880
9.890
10.010
10.020
9.910
10.040
10.060
10.110
10.090
10.070
10.060
10.140
10.060
10.000
9.900
9.880
9.730
9.780
9.740
9.830
9.830
9.860
9.930
9.880
10.000
9.980
9.850
9.680
9.650
9.530
9.700
9.710
9.540
9.560
9.560
9.540
9.550
9.570
9.420
9.320
9.280
9.320
9.250
9.300
9.600
9.650
9.610
9.610
9.650
9.500
9.480
9.550
9.930
9.980
9.950
9.730
9.880
9.930
10.140
10.200
10.170
10.140
10.160
10.060
10.150
10.120
10.170
10.180
10.200
10.150
10.100
10.420
10.220
10.380
10.560
10.380
10.020
10.280
10.240
10.220
10.190
10.140
10.680
10.610
10.610
11.130
11.060
11.020
11.330
11.290
11.050
11.400
11.810
11.810
11.930
12.790
12.010
12.000
12.100
11.210
10.960
10.710
10.800
10.780
10.680
10.920
10.710
10.340
10.660
10.650
10.600
10.870
11.080
10.530
10.180
9.250
9.370
9.750
9.750
9.640
9.230
9.050
9.040
8.810
8.760
8.880
8.740
9.040
9.110
9.280
9.190
9.180
9.090
9.500
9.400
9.610
9.200
9.430
8.700
8.870
9.030
9.330
9.540
8.670
8.420
8.240
8.170
7.960
7.920
7.910
7.900
7.800
8.220
8.350
8.350
8.440
8.390
8.330
8.300
8.150
8.240
8.220
8.120
8.090
8.210
8.040
8.000
7.970
7.810
7.780
7.820
7.850
7.750
7.600
7.400
7.400
7.420
7.280
7.090
7.250
7.170
7.150
7.250
7.140
7.220
6.950
6.760
6.680
6.970
7.060
7.600
7.640
7.500
7.390
7.450
7.340
7.170
7.000
7.210
7.200
7.060
7.040
6.940
6.870
6.930
6.850
7.420
8.150
7.900
7.900
8.030
7.980
7.800
7.860
7.700
8.030
7.900
7.900
8.050
8.350
8.900
8.480
9.060
9.980
9.900
9.620
9.580
9.980
9.920
10.060
9.900
9.490
9.290
9.220
9.160
9.060
8.760
8.860
9.010
8.990
9.000
9.150
9.150
9.190
8.930
9.040
8.740
9.080
9.690
9.700
9.560
9.660
9.670
9.560
9.500
9.680
9.350
9.460
9.700
9.650
9.520
9.500
9.700
9.550
9.260
9.170
8.810
8.830
9.000
8.930
8.660
8.800
8.630
8.400
8.310
8.780
8.730
8.810
8.670
8.690
8.590
8.380
8.220
8.080
7.920
7.830
7.820
7.860
8.030
8.000
8.090
7.850
7.800
7.890
7.530
7.400
7.780
8.430
8.550
8.460
7.700
7.890
7.400
7.820
8.450
8.580
8.050
7.610
7.800
8.670
9.570
10.460
10.200
10.610
11.050
11.230
10.880
10.850
10.500
10.510
10.150
10.020
10.210
10.120
9.610
9.460
9.500
9.070
8.510
9.260
10.170
10.180
10.080
9.790
9.840
9.680
8.600
9.370
10.300
10.150
9.040
7.400
8.220
9.130
10.140
11.270
12.560
13.720
12.100
11.980
12.740
13.820
14.060
12.620
13.540
14.800
14.300
14.800
15.880
15.710
15.170
14.700
14.750
14.650
14.110
13.200
14.050
14.270
13.720
13.560
13.800
13.080
12.910
12.710
12.460
12.190
12.150
11.810
11.750
11.710
11.850
11.850
12.010
11.900
11.750
11.560
11.510
11.830
12.360
12.430
12.650
12.480
12.850
12.750
12.740
12.830
12.350
12.280
12.740
12.100
12.370
12.410
12.260
11.820
11.700
12.120
12.020
11.780
11.900
11.600
11.610
11.780
11.720
11.450
11.380
11.110
11.500
11.170
11.110
10.990
10.830
10.720
10.550
10.430
10.490
10.510
10.360
10.520
10.470
10.250
10.240
10.270
10.230
9.990
9.950
10.010
10.130
10.100
9.930
10.030
10.110
9.910
9.810
10.250
10.510
10.420
10.610
10.930
10.750
10.820
10.820
10.680
10.800
10.930
10.770
10.320
10.060
10.910
10.830
10.750
11.100
11.400
11.800
11.620
11.850
11.900
11.450
11.530
11.760
11.400
11.610
11.430
11.270
10.700
10.510
10.800
10.810
10.730
11.280
11.000
10.940
10.710
10.330
10.450
10.500
10.500
11.030
10.700
10.270
9.610
9.400
9.620
9.180
9.080
8.960
8.830
8.850
8.930
8.930
9.100
9.060
9.130
9.020
9.050
8.730
8.650
8.800
8.870
8.880
8.840
8.450
8.440
8.420
8.270
8.120
8.130
8.150
8.350
8.550
8.630
8.500
8.720
8.730
8.800
8.830
9.030
8.960
8.810
8.780
8.790
8.620
8.670
8.610
8.540
8.730
8.700
9.060
8.860
8.660
8.610
8.800
8.860
8.800
8.890
8.710
8.650
8.600
8.560
8.270
8.100
8.040
8.000
8.080
8.050
8.080
8.010
8.030
7.910
7.860
7.820
7.770
7.550
7.450
7.570
7.510
7.590
7.460
7.430
7.550
7.170
7.000
6.950
6.930
6.950
6.930
