216647.88
183936.81
180757.50
146502.00
156260.84
156752.48
206469.19
304944.91
386812.41
274349.81
270597.69
251818.12
321301.59
336602.84
407090.34
437457.94
883074.12
1197717.12
614625.56
491544.69
288814.22
228772.39
411157.25
148858.50
300237.06
218362.36
400797.75
266789.59
270741.12
283259.06
179028.67
274069.25
324759.88
376966.34
330000.44
356726.94
374732.66
287714.69
243138.58
380470.66
410170.44
387374.97
352127.16
331197.03
598598.50
488090.44
425793.38
401494.31
547738.50
471111.81
615948.75
821302.94
783476.00
1131514.38
1850550.00
2862871.00
3119529.50
1771941.62
289290.94
330061.03
213607.19
348036.12
99352.31
160424.92
109031.81
76134.61
83814.84
82201.70
120355.05
156000.62
152949.44
128199.84
259958.94
237891.64
116558.98
181459.44
123820.42
106845.28
92266.53
111884.04
85308.91
68296.18
70419.46
149616.62
127422.90
131780.08
144697.83
121140.70
135004.42
167618.69
196504.70
201263.73
229438.06
138760.94
282200.34
155008.70
126600.51
170003.81
129616.50
95338.80
90335.94
118304.69
77920.03
183985.30
485206.66
146114.69
201929.50
115956.30
105480.37
219037.48
225064.73
269539.72
124650.00
172458.77
325727.41
218710.91
104895.34
101484.16
139287.00
152891.81
107078.58
106654.13
175792.80
298096.97
191671.59
184759.05
155802.50
247320.33
343878.97
243600.72
734902.44
64591.45
71977.10
76240.33
145497.27
173713.08
61799.72
43061.48
54369.04
50057.47
63133.87
81394.12
85913.91
81106.51
126465.38
96863.76
114601.03
114446.87
294581.97
113602.09
71293.20
151119.61
104366.62
93473.49
167992.30
292526.72
174212.84
204790.81
314429.47
104082.98
68326.23
80178.72
128824.83
99372.98
151777.34
179142.50
67674.16
75650.61
67408.00
85546.85
100634.02
77536.08
66942.68
112402.43
106775.60
132164.02
106719.65
172008.84
89474.96
127914.74
199380.44
109935.91
140888.98
266828.53
414288.50
107154.07
90595.21
149010.56
47293.42
90186.56
85901.50
88886.02
72526.50
100666.34
69398.32
71896.51
95564.25
74552.39
51810.44
71941.25
147956.61
166563.45
63691.08
98412.91
102079.80
130187.95
142769.06
106080.87
230417.47
348099.25
502990.88
115176.33
270753.38
351990.03
148148.56
63784.71
66591.55
87565.25
110557.02
86154.12
63969.87
79870.73
58728.36
90687.24
78354.86
156012.48
135763.56
100777.85
70255.26
66630.25
80312.03
66204.35
68477.85
51555.43
82643.71
95192.44
107279.20
94083.26
90884.37
56308.08
97306.77
112834.61
87560.84
115480.71
61909.24
64556.18
93235.76
93957.23
50445.04
115247.71
75676.31
40942.24
61480.38
29955.69
38793.33
40872.84
52057.06
34491.63
38822.97
36194.24
31504.64
54172.04
57266.70
49694.99
57129.00
84929.79
23920.79
28426.83
34672.54
25522.12
28274.70
29737.02
38232.86
35290.05
59036.22
43112.95
41175.83
39184.52
43955.26
28964.95
32040.37
86585.38
131808.50
159208.06
92212.00
95220.54
55649.56
70496.53
65436.20
62573.12
66598.59
57992.21
88769.92
146867.61
84870.25
88051.55
102100.40
128802.99
214112.88
131961.48
256857.02
443391.28
304687.19
172385.73
141969.86
98726.11
101900.48
106672.61
65693.06
81913.57
64206.15
87243.36
62594.11
92501.44
150545.39
116970.12
65357.35
42581.32
48171.64
88315.48
44744.78
54814.73
66223.89
123794.37
123009.70
242522.02
61788.57
91974.37
90703.03
144931.53
79939.84
128286.21
102989.02
101217.41
71345.22
98392.69
172501.38
234147.86
115222.08
70923.53
66652.92
78024.80
113161.14
76446.86
47240.14
63675.24
72936.79
66336.56
99898.67
61245.13
105504.16
107396.99
84832.42
98133.85
151182.64
148767.52
39009.05
166624.81
205566.94
172239.38
119478.02
112600.67
117909.67
208966.06
261902.44
413127.62
319338.25
392200.94
507985.28
490175.88
427293.97
301121.56
136412.52
137071.73
169169.39
217154.81
201881.98
165924.98
192057.38
149340.72
392692.03
308838.88
363462.66
198856.59
211356.86
247764.33
184786.84
217778.53
323269.12
173930.06
268453.91
346449.47
475130.72
163336.62
470314.25
168799.70
153571.80
207125.09
147152.25
245681.30
193760.78
263136.28
201200.52
108084.83
168422.59
137801.45
58412.36
64576.74
110735.90
101212.20
121972.97
129336.50
111093.10
93264.82
161855.75
131554.25
131938.05
175301.94
151507.81
143672.30
200029.88
140984.53
148567.00
157712.02
161814.53
192691.98
268109.97
205618.56
269122.12
179494.83
158239.83
217571.22
242687.33
383110.41
548948.75
895484.69
463484.34
26228.93
192326.44
191180.47
138207.84
168429.70
252571.69
230789.78
317792.44
277200.69
346417.38
341129.50
283651.28
284546.56
320428.03
309286.66
283930.84
467639.44
13262.37
11095.63
16182.00
106443.01
324598.03
224668.95
263161.72
326510.72
465914.62
497285.84
361237.38
656947.31
436204.38
302655.19
275613.59
463489.47
403162.41
290546.06
314113.84
343160.31
318618.44
337629.41
321774.66
569949.44
659697.12
313321.41
357908.09
365502.56
288676.09
358888.44
521108.41
438131.25
431272.81
391923.88
346530.34
276658.84
227466.52
225672.42
148974.81
184016.94
240654.23
320376.75
247623.11
219306.97
184333.19
188158.75
288402.91
238713.97
276987.47
252476.06
166098.42
279721.03
317863.81
218439.09
279150.69
234742.05
206896.44
421443.16
295698.59
216429.09
275171.41
276276.47
380853.53
465735.84
595037.25
657953.25
287509.97
254841.80
281831.22
328843.72
683457.06
438525.94
304705.94
338746.84
275875.78
400099.72
218945.67
245064.31
199572.59
231662.69
250107.61
220322.17
153988.41
166772.19
257082.80
203028.41
237695.52
345580.66
127006.56
125172.71
157798.38
223341.05
121775.76
105151.00
134917.52
187151.17
348187.50
148800.09
156662.47
165509.66
265924.88
388148.56
161593.98
137133.48
226339.38
132317.05
104907.45
99477.82
125745.44
229482.31
259438.77
215307.70
252497.80
248504.56
237289.89
331237.44
567454.56
400456.16
374130.38
254619.66
288202.94
286813.66
299422.00
179470.09
269527.66
369631.81
246092.84
266613.78
265351.28
625970.19
511206.06
198642.48
367666.03
438228.16
712096.00
327724.84
495546.88
280357.88
597917.75
408554.72
730181.25
945109.12
561196.75
102026.27
82175.55
55969.61
119144.42
172300.64
157391.30
153827.75
201330.55
137182.20
205515.94
219804.62
284858.44
337482.62
167056.70
202572.70
109261.91
155948.52
171425.36
178289.05
187683.91
176646.45
265521.72
465847.38
173314.17
218818.44
252311.39
179750.80
193035.12
205112.09
163346.38
106598.85
151250.70
179839.30
197826.80
153939.45
95729.70
49096.70
80826.91
72390.74
130863.80
91861.08
71738.15
115616.60
147484.30
123361.20
135913.72
158530.58
231186.27
90558.52
113744.86
87037.74
41661.22
97584.68
71926.93
88947.73
115867.43
116097.46
152833.92
137111.17
116086.08
144034.02
146489.38
342670.56
63049.45
69633.13
49438.21
71182.59
50710.93
45809.63
54151.08
48568.82
36326.55
38057.22
47077.36
34164.44
