35.570
36.000
38.010
38.610
38.660
38.100
38.130
38.420
37.950
37.310
36.600
35.910
36.080
36.800
48.110
48.000
48.330
48.030
47.700
47.550
47.400
45.700
45.200
44.820
44.030
45.730
45.840
45.450
45.760
42.890
44.000
45.050
44.550
44.370
44.400
43.200
42.310
42.100
41.770
43.550
43.720
45.380
45.700
45.830
44.670
44.560
45.600
45.200
44.640
44.080
44.110
45.710
43.150
42.720
43.010
41.600
41.420
41.060
40.020
39.740
40.000
41.150
40.480
39.000
39.300
39.650
41.160
41.410
41.530
43.340
39.260
39.660
40.400
40.180
39.520
39.180
38.400
38.380
39.020
38.810
38.970
39.200
39.410
39.290
39.010
38.950
39.080
39.340
38.600
38.920
38.990
40.190
40.210
40.500
40.490
40.500
40.230
40.180
40.660
40.710
41.880
42.010
41.750
41.310
40.880
41.000
40.570
40.840
41.310
41.080
40.160
38.320
38.000
37.800
37.680
38.080
38.540
38.720
38.730
37.750
37.580
37.550
37.910
37.690
38.280
38.000
37.830
38.180
38.110
38.580
39.990
39.400
39.500
39.780
38.790
38.300
39.500
39.710
40.100
39.610
39.430
39.950
41.150
41.500
41.000
42.030
41.200
40.350
37.610
37.710
37.430
34.320
33.620
33.330
35.100
33.010
32.530
32.810
32.710
32.650
31.880
32.030
31.850
31.700
30.660
30.380
30.410
29.470
29.210
29.160
29.170
27.970
28.020
27.610
27.560
27.570
27.470
26.900
26.620
26.580
26.970
26.950
26.920
26.780
26.960
26.810
26.520
26.640
26.580
27.770
28.110
28.150
28.260
28.040
28.460
27.890
27.710
28.020
27.320
27.870
27.860
27.150
26.500
26.700
26.580
27.400
26.850
27.120
27.570
27.610
26.820
27.360
27.460
28.290
28.080
26.840
26.320
26.220
26.460
26.210
25.800
26.120
26.200
25.710
27.940
28.000
28.800
28.690
28.500
28.130
28.360
27.900
28.850
28.950
28.150
28.260
28.860
28.370
28.120
28.980
28.750
29.000
30.300
29.400
29.580
28.090
27.220
27.180
27.810
27.620
26.860
27.870
28.230
28.000
29.000
30.030
29.620
28.200
29.070
30.600
30.800
30.000
29.080
30.180
30.710
30.180
30.110
28.860
28.000
27.900
27.050
29.060
31.660
30.510
31.010
30.520
28.660
27.570
27.860
26.120
27.720
27.510
29.700
31.580
33.970
35.850
33.720
33.280
34.820
34.810
33.910
31.400
30.340
29.990
30.580
30.300
30.530
30.200
30.000
29.750
29.620
28.800
28.750
28.700
28.600
28.620
28.650
28.760
28.300
27.280
27.890
26.830
27.780
30.850
30.720
30.300
30.950
31.270
30.860
30.890
31.550
30.100
30.610
30.780
30.610
30.520
29.510
29.510
29.280
27.710
27.270
27.300
28.120
28.010
27.840
28.130
29.000
29.170
27.600
27.280
27.950
28.000
28.460
27.590
27.150
26.800
26.360
26.030
25.800
24.510
24.390
24.550
25.280
25.620
25.410
26.100
24.880
25.010
24.820
23.440
23.300
24.900
26.250
26.500
25.510
24.410
23.710
22.900
24.890
27.590
28.000
25.700
24.000
24.430
27.140
29.980
32.630
32.320
35.910
37.000
37.660
35.380
36.480
33.060
31.900
30.590
28.010
29.300
26.810
26.170
28.530
28.930
27.740
28.290
31.430
34.600
34.120
30.160
30.020
29.000
27.770
24.800
26.960
27.770
26.800
24.150
20.450
20.020
22.240
24.710
27.450
30.500
33.890
32.810
35.310
39.230
42.500
43.920
39.740
43.170
47.030
45.050
45.510
49.500
50.700
51.090
50.000
51.160
50.200
48.530
48.000
47.930
47.550
48.000
45.010
46.050
49.000
51.700
48.010
47.800
46.930
47.560
47.110
46.800
46.780
45.010
45.520
41.400
39.650
38.900
39.740
41.180
39.910
39.930
38.830
38.180
38.000
39.000
40.500
40.890
40.560
37.800
37.580
39.850
39.400
40.080
41.110
39.510
38.120
37.000
39.500
39.890
39.070
39.400
38.110
37.720
37.600
36.700
36.500
37.900
35.180
36.200
36.280
35.200
33.800
33.600
31.800
30.080
29.930
30.020
30.320
30.010
30.510
29.980
30.060
29.120
28.650
28.370
28.120
27.920
28.550
28.210
27.980
27.840
27.500
26.650
27.660
29.130
28.150
28.180
28.300
27.530
29.700
30.460
30.900
29.760
29.970
29.840
30.770
30.300
28.680
28.200
28.070
27.880
27.650
27.680
27.800
27.770
27.110
26.800
26.110
25.270
24.950
25.740
26.240
27.000
27.340
27.080
27.060
26.810
27.670
28.610
29.000
29.010
28.500
28.310
27.070
26.230
26.400
26.980
26.470
27.800
26.960
27.430
27.250
27.100
27.200
26.460
25.900
25.770
25.570
25.680
26.310
26.000
25.600
25.110
25.250
25.800
25.970
26.650
26.920
27.880
27.500
27.880
28.300
28.610
27.550
26.880
27.160
26.050
25.970
25.650
26.080
25.810
26.700
25.900
26.800
27.130
26.900
27.360
26.260
26.080
24.230
23.200
23.200
23.210
23.040
22.400
21.810
21.900
21.880
21.550
21.350
21.600
22.210
22.030
22.040
22.360
22.310
22.100
21.970
21.950
21.680
21.300
21.000
20.980
21.500
21.210
21.840
21.770
21.450
21.680
21.680
21.820
21.550
21.460
21.860
22.240
22.000
21.650
21.520
21.390
21.720
21.750
21.250
21.080
20.640
20.530
20.220
20.100
19.890
20.340
20.600
20.360
20.310
20.300
20.790
19.910
19.800
19.160
19.150
19.150
19.550
