23.310
23.050
23.100
23.020
22.900
23.100
23.100
23.330
23.080
22.940
23.170
23.430
23.190
23.260
22.930
22.800
22.820
22.580
22.750
23.160
23.150
22.910
22.800
22.850
22.300
22.290
22.980
22.190
22.180
21.980
23.260
24.110
24.120
24.280
24.460
23.860
24.060
24.170
24.070
23.700
23.950
24.320
25.570
25.910
26.090
26.400
27.130
27.430
29.150
29.410
28.600
29.480
29.490
29.800
30.240
31.030
31.840
31.450
32.470
31.990
30.650
30.480
29.230
28.970
28.640
28.270
28.480
28.290
28.220
28.070
27.430
27.510
27.800
27.900
28.230
28.180
27.740
28.180
27.940
28.200
29.000
29.400
29.480
29.540
29.470
29.590
29.800
29.560
30.000
30.190
30.020
30.350
30.380
30.480
30.430
29.740
30.100
30.500
30.590
30.700
30.880
30.650
29.550
29.760
30.130
28.090
28.050
28.660
29.000
27.650
27.540
28.280
27.950
28.720
29.450
29.800
30.320
30.680
30.390
29.920
29.250
28.970
28.590
29.250
29.450
29.560
30.200
30.450
30.900
30.250
29.500
27.320
27.450
27.890
29.360
29.160
29.370
28.460
27.990
28.460
28.180
27.110
27.920
26.500
25.140
24.340
24.970
24.050
23.690
23.850
24.270
24.250
24.130
24.010
24.170
23.780
23.810
23.770
23.490
22.770
22.510
22.620
22.490
22.640
22.620
22.600
22.750
22.860
24.000
23.570
23.790
24.100
24.350
23.990
24.280
24.160
24.050
24.350
23.490
23.580
23.230
23.700
22.160
21.620
21.560
21.540
21.580
21.870
22.120
22.160
22.050
22.170
22.330
22.160
22.090
22.300
22.970
22.880
23.090
22.950
22.840
22.820
22.950
23.600
24.090
23.830
23.810
23.850
24.090
23.970
24.360
24.450
24.690
24.750
24.540
24.610
23.700
23.900
24.230
23.890
23.980
23.290
23.330
23.460
23.180
23.360
23.740
23.900
24.970
24.580
24.480
24.740
24.660
24.590
24.690
24.630
25.500
25.650
26.260
25.330
25.630
24.970
24.960
25.260
26.050
24.100
22.730
22.430
22.850
22.570
21.730
21.750
21.800
21.630
21.820
21.840
22.060
21.940
22.110
21.670
22.820
22.730
22.540
22.840
22.880
22.690
22.950
22.660
21.930
22.150
21.950
22.200
22.180
22.480
22.180
21.880
22.200
22.440
22.450
22.240
21.990
22.300
22.380
22.380
23.650
23.700
23.800
23.370
22.920
23.060
23.280
23.280
23.350
23.600
23.470
24.950
24.980
25.300
26.020
26.120
25.480
24.980
25.170
24.850
25.870
25.960
25.920
25.180
25.670
24.940
24.830
25.620
25.230
26.200
25.900
26.830
25.570
24.980
24.280
24.060
24.000
23.880
22.980
23.680
23.930
24.300
24.990
24.880
24.000
23.040
21.770
22.450
22.980
25.000
25.180
24.800
24.940
24.750
24.630
25.090
24.450
23.000
23.640
23.020
22.180
22.480
22.650
22.740
23.750
25.190
27.650
28.170
27.650
28.880
28.350
28.500
27.850
29.190
28.830
29.470
29.960
31.430
32.850
33.780
34.450
34.340
36.600
35.400
35.570
35.070
36.300
36.600
36.060
36.600
36.550
36.990
36.130
36.110
35.910
36.190
35.950
34.870
35.150
35.200
35.900
36.320
36.700
36.860
36.390
36.380
37.350
40.200
40.270
39.380
38.820
39.400
39.650
39.040
39.450
40.390
39.480
40.200
41.200
41.610
41.900
42.570
41.190
41.550
39.770
38.220
38.500
39.150
40.030
42.000
42.700
39.480
38.780
38.530
40.680
40.800
40.800
40.990
39.250
39.300
39.830
40.410
38.280
37.300
35.950
35.430
36.860
38.430
36.780
36.890
36.590
36.000
34.630
36.060
36.050
35.500
38.700
37.190
37.600
36.870
35.610
37.800
36.500
38.180
40.090
39.370
35.790
37.210
37.780
43.000
47.650
49.850
51.990
55.000
57.710
56.770
54.980
54.120
49.200
44.730
40.710
40.850
41.290
39.490
38.950
42.170
44.380
41.330
40.990
45.390
47.000
45.090
44.660
43.050
45.100
42.400
39.850
39.700
43.980
40.930
37.210
33.830
31.980
37.480
41.300
41.980
46.350
52.200
51.980
56.180
58.900
66.700
63.500
60.990
60.750
63.690
62.370
64.000
67.990
68.600
63.490
64.350
68.320
65.600
64.200
61.800
63.500
64.500
62.260
61.790
68.000
70.200
71.390
65.320
59.900
58.790
58.500
54.600
54.600
53.570
52.900
56.180
56.000
52.950
51.980
53.680
59.000
61.250
62.700
59.800
57.400
63.000
60.000
56.030
56.490
58.400
57.240
59.640
54.220
50.570
48.660
50.360
46.660
46.310
46.470
47.500
48.300
47.390
46.200
46.200
46.450
47.520
49.800
46.460
43.400
39.990
39.110
39.410
39.960
38.910
38.850
37.560
37.490
37.450
37.550
37.900
38.080
36.200
36.710
37.370
37.400
37.060
37.870
36.390
36.130
35.750
35.730
35.660
34.660
34.860
34.500
34.130
34.700
36.520
37.000
36.700
37.000
37.850
38.000
39.580
38.470
38.240
38.500
39.280
36.840
35.410
36.300
36.580
36.150
36.300
36.450
36.690
38.250
37.400
37.680
38.290
37.430
37.600
37.800
38.270
38.950
35.990
35.360
37.210
39.730
39.480
40.580
38.900
39.960
38.190
38.730
39.190
40.410
44.100
45.550
41.530
38.480
37.900
36.500
37.260
38.480
39.380
36.980
36.700
36.090
35.250
35.400
35.890
35.920
36.000
36.290
35.390
35.360
37.590
37.870
38.570
38.600
39.040
38.870
42.290
41.380
42.350
41.970
41.680
38.250
39.050
39.510
39.160
39.900
41.050
41.540
41.490
43.010
44.890
44.700
45.790
42.870
39.280
36.600
36.420
34.480
34.580
34.290
33.960
31.630
32.270
30.000
30.410
32.270
32.580
32.420
30.300
29.980
30.450
28.730
26.600
25.970
25.830
25.090
24.000
23.400
23.540
23.500
23.750
23.630
23.220
23.690
23.740
23.940
23.800
24.360
24.050
24.360
24.380
24.350
24.870
24.070
23.740
23.620
23.900
23.930
24.180
23.990
23.500
22.790
22.650
22.290
21.790
21.630
21.890
21.990
22.790
23.270
23.200
23.400
22.280
22.610
21.970
