11.130
11.100
11.110
11.180
11.160
11.170
11.150
11.210
11.200
11.190
11.300
11.450
11.360
11.110
11.130
11.110
11.170
11.150
11.180
11.240
11.280
11.280
11.200
11.250
11.260
11.280
11.360
11.330
11.340
11.250
11.390
11.460
11.660
11.620
11.670
11.470
11.580
11.600
11.000
11.090
11.040
11.000
11.050
11.110
11.180
11.090
11.090
11.100
11.170
11.550
11.380
11.740
12.060
12.450
12.930
13.020
13.110
12.730
12.790
12.870
12.830
12.970
13.090
13.170
12.980
13.000
13.220
13.250
13.100
13.040
13.130
13.020
13.380
13.230
13.100
13.030
12.850
12.880
12.870
12.750
12.790
12.950
12.960
12.880
12.810
13.090
13.180
13.170
13.130
13.420
13.490
13.490
12.880
12.750
12.620
12.480
12.530
12.590
12.720
12.850
12.750
12.570
12.610
12.640
12.970
12.740
12.690
12.700
12.770
12.540
12.190
12.130
12.000
12.540
12.850
12.790
13.000
13.220
13.060
13.150
13.250
13.180
12.450
12.380
12.200
11.950
11.960
12.080
12.320
12.460
12.450
12.500
12.090
11.870
11.630
11.930
12.360
12.700
12.640
13.320
12.440
12.890
11.760
11.710
11.790
11.770
11.790
11.890
11.740
11.810
11.530
11.590
11.650
11.640
11.680
11.690
11.750
11.790
11.750
11.950
11.940
11.830
11.880
11.900
11.980
11.970
12.080
12.080
12.180
12.340
12.300
12.240
12.370
12.000
11.950
12.190
12.250
12.120
12.280
12.250
11.240
11.190
11.250
11.270
11.380
11.680
11.720
12.050
12.080
12.080
12.050
12.080
12.080
12.160
12.250
12.280
12.190
12.080
11.980
12.160
12.210
12.450
12.390
12.380
12.450
12.470
12.390
12.150
12.300
12.460
12.490
12.310
12.290
12.320
12.360
12.450
12.430
12.750
12.900
13.570
13.580
13.620
13.050
13.170
13.130
13.200
13.340
13.290
13.360
13.400
13.040
13.140
13.250
13.160
13.350
13.470
13.540
13.740
13.540
13.850
13.250
13.350
12.980
13.070
13.340
14.150
14.140
14.160
14.880
15.700
17.440
19.800
19.300
19.890
20.200
20.330
19.280
19.550
18.480
18.300
17.800
17.100
17.670
18.400
18.780
18.800
17.900
17.120
17.390
17.350
17.380
17.620
18.200
17.380
18.390
17.280
15.790
14.690
14.600
14.350
14.100
13.340
12.140
12.270
12.300
12.180
11.900
11.620
11.050
11.370
11.580
11.690
11.630
11.760
11.970
11.740
11.600
12.480
12.800
12.570
12.400
11.500
11.350
11.450
11.000
10.460
10.510
9.870
9.870
10.010
10.250
10.380
9.680
9.780
9.280
8.970
9.430
9.320
8.910
10.170
10.190
10.600
10.160
9.300
9.150
9.080
9.750
10.600
10.680
9.950
10.740
10.650
12.590
14.400
15.020
15.360
16.690
17.090
16.540
15.200
15.970
16.550
17.490
17.990
20.510
21.000
21.090
22.740
23.540
22.350
23.210
24.190
24.360
23.980
22.470
20.980
19.580
19.910
19.760
20.700
19.950
18.490
18.300
20.220
20.940
21.070
21.280
21.180
21.000
20.490
18.760
18.900
18.360
18.650
19.220
18.470
17.190
15.880
15.500
16.100
15.730
15.880
16.160
16.500
16.040
16.580
15.980
14.850
14.540
13.230
13.030
13.880
13.460
12.960
12.270
12.350
11.810
11.250
11.610
11.140
11.000
10.090
9.210
9.230
9.270
9.290
9.370
8.960
9.070
9.100
9.060
8.960
8.670
8.570
8.480
8.250
8.340
8.270
8.350
8.090
8.090
8.350
7.770
7.950
7.980
7.560
6.960
6.830
6.670
6.560
6.540
6.620
6.740
6.860
6.780
6.630
6.840
6.870
6.950
6.970
6.920
6.900
6.870
6.950
6.660
6.700
6.980
6.960
6.920
6.880
6.960
7.070
7.260
7.360
7.220
7.320
7.210
7.190
7.440
7.320
7.130
7.000
7.030
7.190
7.430
7.510
7.800
7.800
7.410
7.250
7.200
7.270
7.860
7.540
7.680
7.420
7.170
7.100
7.080
7.200
7.170
7.110
6.820
6.640
6.330
6.190
6.230
6.250
6.150
6.180
6.400
6.330
6.560
6.510
6.650
6.560
6.580
6.560
6.630
6.570
6.770
6.650
6.640
6.600
6.610
6.320
6.490
6.720
6.150
5.910
6.000
6.070
6.140
6.030
6.070
6.220
6.170
6.030
5.930
5.900
5.720
5.730
5.610
5.610
5.640
5.660
5.660
5.950
5.860
5.790
5.930
5.810
5.820
5.570
5.570
5.490
5.450
5.360
5.300
5.330
5.430
5.270
5.370
5.370
5.440
5.490
5.450
5.300
5.260
5.270
5.300
5.350
5.370
5.320
5.330
5.190
5.180
5.140
5.190
5.220
5.180
5.230
5.040
4.930
4.910
5.000
5.000
5.030
5.070
5.070
5.030
5.090
5.090
4.960
4.960
5.020
5.020
