21.700
21.620
21.660
21.590
21.650
21.880
21.770
21.880
21.870
21.700
21.950
22.350
22.190
22.130
21.500
21.180
21.190
21.100
21.190
21.100
21.140
20.760
20.150
19.870
19.870
19.980
20.170
19.900
19.680
19.120
19.980
20.200
20.810
20.930
20.880
20.730
20.640
20.780
22.370
23.000
23.030
23.240
23.560
23.800
24.880
24.020
22.900
22.300
21.490
21.570
21.500
21.980
21.390
21.790
22.250
22.360
23.390
22.800
23.000
23.100
23.100
22.180
22.510
23.300
22.240
22.400
22.240
22.810
22.970
22.880
23.340
23.100
23.150
22.990
22.590
22.490
22.530
22.800
22.900
22.370
21.680
21.580
21.770
21.650
21.150
21.350
22.190
21.960
22.550
21.690
22.550
22.000
22.880
21.020
20.500
19.030
19.620
19.680
19.380
19.700
20.000
18.340
18.900
18.670
18.680
18.700
18.800
19.390
17.850
17.790
17.300
17.140
17.610
18.000
18.070
17.960
17.980
18.210
18.390
18.220
17.620
17.730
17.750
16.670
16.590
16.610
16.640
16.190
16.250
16.390
16.450
16.650
16.650
16.340
16.390
16.460
16.550
17.260
17.680
17.790
17.620
17.650
17.560
18.030
18.390
17.860
18.000
17.750
17.380
17.100
17.070
17.090
17.240
17.520
16.890
16.870
16.700
16.790
16.760
16.390
16.360
16.430
16.420
16.380
16.420
16.650
16.750
16.720
16.870
17.000
17.680
17.450
17.060
17.240
17.300
17.500
17.520
17.680
17.050
17.080
17.200
17.140
16.950
16.720
16.990
16.730
16.570
16.740
16.950
17.270
17.000
16.860
16.870
16.420
16.420
16.550
17.120
17.020
17.080
16.400
16.410
16.200
16.250
16.250
16.240
16.270
15.950
15.960
16.050
16.040
16.250
16.220
16.340
16.140
16.210
16.240
15.960
16.070
16.150
15.970
15.880
16.130
16.000
16.130
16.380
17.780
17.600
17.380
17.950
17.890
16.950
16.900
17.070
16.980
16.800
16.780
16.960
17.040
17.200
16.980
17.330
17.340
17.170
17.450
17.320
16.740
16.580
16.750
16.890
16.760
16.580
16.640
16.890
17.100
16.850
16.500
16.690
16.700
16.970
16.530
17.800
18.800
20.010
18.200
18.160
18.290
18.740
18.100
18.200
18.380
17.230
18.000
16.790
15.270
14.890
15.260
15.680
15.770
15.440
15.390
15.270
15.150
15.060
15.510
16.600
16.580
16.800
16.900
16.550
16.400
15.780
15.270
14.900
14.780
14.860
15.720
15.800
16.100
16.350
16.370
16.820
15.690
15.600
15.460
15.820
14.940
15.010
15.150
15.150
15.300
14.530
13.900
13.790
14.100
13.650
13.250
13.500
13.800
14.160
14.200
14.290
14.650
14.290
13.470
14.160
14.490
15.770
16.100
16.200
15.850
15.180
15.400
15.370
15.230
14.630
15.090
15.040
14.700
14.780
14.800
14.250
14.480
15.330
16.550
17.100
16.800
17.350
17.220
17.250
16.980
17.290
17.490
17.270
17.700
18.300
18.780
18.600
19.050
17.980
20.120
20.460
19.860
19.790
20.360
20.470
20.550
20.750
20.700
20.550
20.480
20.550
20.270
20.450
19.940
20.610
22.280
22.500
22.500
25.680
26.780
24.380
23.000
22.010
22.070
20.680
20.160
20.480
20.640
20.760
21.300
19.980
19.050
19.360
20.360
20.950
21.100
20.280
19.700
20.010
20.290
20.300
20.500
20.600
20.000
20.970
22.180
22.100
20.550
20.000
20.180
18.560
18.800
19.470
20.000
18.610
18.470
18.230
18.210
18.180
17.570
17.600
17.900
18.220
18.360
18.400
18.640
17.600
17.540
17.620
17.360
19.100
17.660
16.200
15.880
15.510
15.600
14.730
15.000
15.340
14.880
14.610
14.770
14.780
14.660
14.670
14.300
14.170
14.100
14.150
14.300
14.530
14.600
14.700
14.020
14.250
14.230
14.290
14.460
14.480
14.270
14.270
14.200
13.950
13.770
13.770
13.660
13.730
13.500
13.230
13.410
13.570
13.550
13.440
13.280
13.270
13.070
13.440
13.500
13.480
13.390
13.230
13.620
13.850
14.120
14.380
14.410
14.280
14.420
14.330
14.060
14.190
14.310
15.060
15.250
14.650
14.590
14.540
14.610
14.570
14.690
14.650
14.060
13.850
13.900
14.070
14.030
13.950
13.750
13.800
13.840
14.290
14.320
14.420
14.310
14.130
14.360
14.490
14.400
14.350
14.260
13.990
13.250
13.290
13.960
14.030
14.130
14.020
13.990
14.190
14.350
14.410
14.520
14.960
15.000
14.430
14.490
14.450
13.530
13.750
13.650
13.270
13.360
13.370
13.130
12.950
13.350
13.390
13.080
13.120
12.940
12.880
12.630
12.630
12.620
12.400
12.320
11.980
12.000
11.850
12.000
12.190
12.190
12.000
12.170
12.240
12.250
11.950
11.910
11.970
11.480
11.450
11.360
11.520
11.500
11.370
11.310
11.420
11.260
11.280
11.210
11.190
10.960
10.890
10.750
10.750
10.840
10.880
10.980
10.930
10.870
10.900
10.690
10.850
10.850
10.850
