-0.020
0.010
0.010
0.030
-0.020
0.020
-0.030
0.020
0.010
0.040
-0.180
0.000
-0.010
-0.040
0.100
0.010
0.020
0.080
-0.110
0.040
-0.100
0.070
-0.030
0.110
0.110
-0.090
0.000
-0.040
0.060
0.070
-0.190
-0.120
0.040
-0.130
0.030
0.190
-0.010
0.070
-0.050
-0.500
0.040
-0.190
-0.130
0.030
0.000
0.000
0.050
0.060
0.140
0.080
-0.290
-0.090
-0.040
0.070
-0.190
-0.130
-0.150
0.160
-0.310
0.280
0.010
0.260
-0.060
0.230
0.070
-0.190
-0.150
0.020
-0.060
0.190
0.060
-0.090
0.000
-0.020
-0.090
0.040
0.070
-0.220
0.080
-0.180
-0.200
0.170
0.570
0.110
-0.090
-0.070
0.190
0.150
0.070
-0.030
-0.040
0.050
0.000
0.040
0.070
0.080
-0.010
-0.020
0.030
-0.020
0.070
0.010
0.020
0.060
-0.030
-0.060
0.130
-0.060
0.030
0.010
0.030
0.090
0.060
-0.280
-0.120
-0.140
-0.160
0.030
-0.010
0.030
-0.040
0.100
0.040
-0.020
-0.050
0.010
0.010
-0.010
-0.100
-0.060
0.050
0.040
-0.050
0.040
0.110
-0.120
-0.030
-0.550
0.010
-0.090
0.030
0.070
-0.070
-0.190
-0.070
0.090
-0.170
0.020
-0.010
-0.150
-0.060
0.340
0.060
-0.270
-0.090
0.020
-0.080
0.230
0.000
0.040
-0.140
-0.010
-0.160
0.060
0.030
-0.050
0.610
0.010
-0.130
-0.070
-0.010
0.030
-0.010
-0.230
-0.060
-0.090
0.050
-0.080
0.320
-0.050
-0.020
0.110
0.250
-0.130
0.080
-0.080
0.030
-0.190
-0.340
0.110
-0.170
-0.200
-0.030
0.240
-0.150
-0.070
0.140
-0.190
-0.150
0.550
0.000
0.610
0.170
0.160
-0.180
0.090
-0.060
-0.500
-0.080
-0.170
0.590
0.560
0.510
0.460
0.000
0.070
0.050
-0.050
-0.050
0.100
0.050
-0.030
0.010
0.020
0.030
-0.030
0.000
0.000
-0.210
0.060
-0.020
-0.090
0.070
-0.030
0.000
0.000
-0.040
0.010
0.050
0.090
0.010
-0.030
-0.030
0.010
0.070
0.100
-0.010
-0.010
0.040
0.020
0.070
-0.080
-0.020
0.070
-0.030
-0.020
0.010
-0.060
0.070
0.010
-0.190
-0.060
-0.030
-0.030
0.020
0.000
0.030
0.150
-0.040
0.010
0.000
0.020
-0.070
0.040
0.040
-0.050
-0.140
-0.040
0.060
0.000
-0.080
-0.010
-0.050
-0.440
0.150
0.040
-0.060
0.140
-0.060
-0.030
-0.050
0.030
0.020
0.070
-0.050
-0.190
0.090
-0.050
-0.020
-0.050
0.080
0.000
0.120
0.080
0.000
0.000
0.070
-0.050
-0.100
0.180
0.070
-0.020
0.050
-0.120
0.050
-0.130
0.080
0.070
0.100
-0.040
0.440
0.120
-0.030
-0.020
-0.130
-0.040
0.070
-0.140
0.000
0.160
0.230
-0.320
0.150
-0.210
0.070
-0.040
0.090
0.020
-0.070
0.070
0.240
-0.070
0.040
0.070
-0.030
0.090
-0.220
0.250
-0.220
-0.240
-0.420
-0.070
0.080
-0.270
-0.230
0.020
0.160
-0.370
-0.010
-0.140
-0.010
-0.040
0.120
-0.450
0.100
0.320
-0.610
-0.180
0.180
0.020
-0.150
0.050
-0.070
-0.090
0.080
0.140
0.010
0.070
-0.020
0.560
0.120
-0.070
-0.100
0.020
-0.190
0.040
-0.120
0.110
0.000
0.090
0.050
-0.570
-0.080
0.020
0.030
-0.080
-0.030
0.080
-0.150
0.020
0.200
-0.220
0.150
-0.010
0.080
0.020
0.040
-0.080
0.190
-0.330
0.150
0.570
0.150
-0.130
0.120
0.260
0.130
0.170
0.010
-0.190
0.020
0.080
0.080
-0.130
0.040
0.120
0.040
-0.180
0.440
-0.430
-0.570
0.120
-0.090
0.510
0.270
0.010
0.110
-0.420
-0.300
0.390
0.220
-0.530
-0.600
-0.660
-0.340
-0.180
0.190
-0.780
0.180
-0.080
0.150
-0.300
0.210
0.270
0.270
-0.110
-0.180
0.190
0.280
-0.270
-0.310
0.180
0.470
-0.460
-0.310
0.350
0.660
0.600
0.550
-0.610
-0.060
-0.680
-0.380
-0.640
0.620
-0.770
-0.880
-0.380
0.380
-0.330
-1.020
-0.960
0.850
-0.150
0.320
0.590
0.000
-0.960
0.960
0.130
0.270
0.240
0.240
0.050
0.290
-0.070
-0.390
0.030
0.170
0.000
0.420
0.230
-0.280
-0.280
-0.650
0.060
-0.220
-0.350
0.610
-0.010
-0.080
-0.160
0.090
0.300
-0.520
0.040
0.530
0.080
0.190
0.290
0.150
-0.260
-0.300
0.150
0.030
0.180
0.070
-0.030
0.140
0.040
-0.070
-0.100
0.490
0.200
0.150
-0.080
0.070
0.160
0.140
0.120
0.020
-0.030
-0.050
0.070
-0.210
-0.050
-0.120
0.100
0.180
-0.080
0.180
0.280
0.010
0.070
0.190
0.030
0.010
0.110
-0.090
-0.170
-0.090
-0.090
0.070
-0.170
0.130
-0.140
-0.070
-0.060
0.080
-0.110
0.130
0.200
0.170
-0.470
0.090
0.190
-0.100
0.030
-0.290
-0.150
-0.170
-0.390
0.110
0.060
-0.110
-0.230
0.410
-0.130
0.220
0.680
-0.160
0.120
0.150
0.110
-0.200
0.010
0.040
-0.120
0.240
0.480
-0.420
0.060
-0.310
0.000
-0.160
0.230
0.080
-0.080
0.020
-0.060
0.120
0.140
0.030
-0.030
-0.010
-0.200
0.050
0.050
-0.040
0.170
-0.280
0.100
-0.120
-0.220
-0.150
0.010
0.050
0.130
0.130
-0.030
0.130
0.170
0.090
-0.170
-0.080
0.070
0.320
-0.280
-0.190
0.080
-0.040
-0.120
-0.090
0.240
0.190
0.060
0.040
-0.090
-0.090
0.130
0.030
-0.260
-0.030
0.070
0.170
-0.250
0.090
0.190
-0.060
0.050
-0.100
0.050
0.140
0.240
0.030
0.130
0.200
-0.190
-0.070
-0.130
-0.070
0.110
0.210
-0.060
-0.010
0.070
0.160
-0.190
-0.060
0.220
0.100
0.160
0.000
0.490
0.050
0.040
0.090
0.000
-0.040
0.040
0.250
0.150
0.140
0.030
-0.080
0.040
