3.800
3.810
3.790
3.770
3.770
3.780
3.750
3.770
3.750
3.700
3.770
3.750
3.650
3.630
3.630
3.610
3.600
3.590
3.580
3.620
3.610
3.560
3.540
3.550
3.530
3.550
3.610
3.620
3.570
3.500
3.500
3.560
3.700
3.730
4.590
4.550
4.570
4.510
4.420
4.480
4.510
4.500
4.520
4.600
4.620
4.680
4.670
4.570
4.690
4.670
4.660
4.860
4.880
4.880
4.980
4.960
4.970
5.050
4.990
4.950
5.020
5.010
4.960
4.910
4.860
4.860
4.880
4.910
4.930
4.820
4.790
4.810
4.810
4.830
4.870
4.920
4.900
4.910
4.850
4.880
4.880
4.910
4.910
4.890
4.910
4.980
5.030
5.030
5.000
4.970
4.990
5.030
5.030
5.020
5.030
5.080
5.060
4.980
5.000
4.930
4.870
4.810
4.840
4.880
4.890
4.930
4.910
4.900
4.910
4.860
4.880
4.880
4.830
4.710
4.750
4.850
4.850
4.900
4.860
4.790
4.770
4.760
4.730
4.700
4.730
4.770
4.770
4.630
4.710
4.670
4.630
4.610
4.620
4.530
4.500
4.500
4.490
4.510
4.610
4.630
4.610
4.630
4.670
4.790
4.930
4.900
4.950
4.860
4.690
4.770
4.770
4.860
4.800
4.710
4.550
4.550
4.590
4.580
4.490
4.490
4.410
4.480
4.460
4.490
4.400
4.410
4.450
4.450
4.480
4.500
4.560
4.580
4.520
4.430
4.410
4.410
4.310
4.300
4.290
4.270
4.270
4.260
4.240
4.210
4.200
4.200
4.170
4.200
4.290
4.300
4.280
4.310
4.290
4.260
4.270
4.260
4.500
4.560
4.510
4.390
4.410
4.380
4.420
4.480
4.480
4.410
4.420
4.380
4.490
4.490
4.460
4.510
4.600
4.590
4.660
4.550
4.470
4.480
4.520
4.480
4.480
4.340
4.350
4.270
4.050
4.010
4.160
4.000
3.980
3.960
3.950
3.950
3.970
3.980
3.960
3.970
4.000
3.970
3.970
3.880
3.870
3.880
3.890
3.900
3.880
3.790
3.810
3.810
3.760
3.710
3.680
3.670
3.740
3.750
3.760
3.760
3.750
3.750
3.690
3.700
3.750
3.850
3.860
3.880
3.860
3.880
3.880
3.790
3.740
3.730
3.720
3.790
3.790
3.850
3.810
3.860
3.850
3.990
4.000
4.980
4.920
4.950
4.920
4.900
5.060
5.140
5.130
5.060
5.070
5.040
5.120
5.130
5.100
5.080
5.130
5.100
5.410
5.460
5.410
5.360
5.350
5.310
5.300
5.210
5.340
5.370
5.330
5.260
5.360
5.230
5.380
5.420
4.820
4.760
5.000
5.040
5.070
4.990
5.030
4.910
4.790
4.650
4.830
4.800
4.660
4.600
4.550
4.580
4.550
4.560
4.780
5.250
5.150
5.180
5.350
5.300
5.080
5.200
5.390
5.600
5.660
5.710
5.880
5.980
6.410
6.170
6.480
7.070
7.080
7.040
7.070
7.260
7.250
7.380
7.330
7.260
7.270
7.270
7.230
7.210
7.090
7.120
7.100
7.090
7.120
7.260
7.300
7.360
7.220
7.140
6.990
7.290
7.950
7.880
7.830
7.980
8.030
8.020
8.060
8.100
7.960
8.040
8.080
8.190
8.110
7.980
8.460
8.340
8.110
8.020
8.030
8.130
8.220
8.210
8.140
8.460
8.300
8.000
8.140
8.730
8.620
8.520
8.390
8.400
8.470
8.280
8.190
8.120
7.910
7.970
7.930
8.070
8.350
8.320
8.360
8.130
8.150
8.260
7.780
7.610
8.200
8.450
8.500
8.650
7.810
8.220
7.560
7.200
7.400
7.220
6.710
6.700
7.000
7.780
8.400
8.890
8.650
9.520
10.130
10.180
9.810
9.540
9.590
9.360
9.200
9.010
9.220
8.770
8.260
8.820
8.850
8.510
7.800
8.600
9.400
9.650
9.250
9.030
8.530
8.250
7.500
8.070
8.880
8.600
7.980
6.740
7.010
6.740
6.910
7.170
7.870
8.480
7.840
8.680
9.640
10.560
11.010
10.110
11.230
12.410
11.800
12.300
13.100
13.700
13.270
13.100
13.080
12.990
13.020
12.530
13.610
13.710
13.190
11.660
12.400
12.730
11.520
11.270
10.460
10.360
10.010
9.850
9.830
9.780
10.110
9.880
9.750
12.250
11.770
11.980
12.150
12.240
12.600
12.760
12.500
12.650
13.200
12.810
13.200
12.970
12.600
12.780
12.690
12.090
12.380
12.560
11.760
11.320
11.200
11.200
11.100
11.000
10.980
11.050
11.050
10.830
10.620
10.460
10.600
10.600
10.990
10.990
10.780
10.700
10.650
10.460
10.290
10.300
10.250
10.530
10.590
10.300
10.310
10.200
10.560
10.300
10.370
10.250
10.250
9.970
9.700
9.920
9.880
9.670
9.160
9.020
9.100
9.110
9.150
9.420
9.060
9.320
9.740
9.930
9.960
9.300
8.880
8.830
8.580
8.050
7.800
7.930
7.540
7.460
7.640
7.580
7.900
8.100
8.300
8.210
8.370
8.210
8.360
8.380
8.130
7.710
7.600
7.470
8.110
8.050
7.710
7.630
7.580
7.130
6.960
6.800
6.530
6.430
6.260
6.240
6.410
6.300
6.250
6.150
6.200
6.210
6.220
5.880
5.700
5.560
5.560
5.610
5.510
5.440
5.410
5.590
5.330
5.300
5.530
5.470
5.400
5.290
5.150
5.140
5.120
4.980
4.870
4.770
4.730
4.760
4.780
4.830
4.930
4.930
4.900
4.920
4.940
4.950
4.940
4.960
4.980
4.980
4.960
4.920
4.900
4.910
4.860
4.850
4.860
4.940
4.890
4.770
4.830
4.860
4.810
4.810
4.770
4.830
4.770
4.800
4.670
4.630
4.520
4.470
4.460
4.520
4.550
4.680
4.610
4.600
4.640
4.610
4.590
4.580
4.600
4.590
4.610
4.590
4.590
4.590
4.570
4.600
4.570
4.470
4.460
4.430
4.410
4.340
4.300
4.250
4.230
4.230
4.210
4.210
4.220
4.220
4.200
4.190
4.180
4.170
4.190
4.230
