6.620
6.630
6.600
6.580
6.710
6.900
6.910
6.970
6.890
6.720
6.740
6.880
6.970
7.050
6.900
6.810
6.800
6.810
6.830
6.710
6.810
6.660
6.430
6.350
6.030
6.050
6.210
6.150
6.060
5.880
5.990
6.050
6.230
6.260
6.390
6.210
6.200
5.950
5.850
5.990
6.000
6.090
6.300
6.250
6.480
6.530
6.360
6.220
6.120
6.060
6.030
6.290
6.490
6.470
6.710
6.690
7.100
7.310
7.170
5.980
5.920
5.930
5.770
5.680
5.610
5.660
5.730
5.760
5.820
5.830
5.850
5.840
5.880
5.870
5.930
5.950
5.930
5.950
5.870
5.880
5.870
5.920
5.880
5.810
5.790
5.840
5.830
5.810
5.830
5.810
5.850
5.870
5.830
5.780
5.750
5.780
5.790
5.840
5.830
5.820
5.810
5.770
5.760
5.740
5.740
5.740
5.720
5.710
5.700
5.670
5.640
5.690
5.630
5.440
5.800
5.810
5.850
5.860
5.850
5.880
5.940
5.830
5.800
5.800
5.710
5.720
5.730
5.620
5.710
5.800
5.780
5.750
5.810
5.820
5.800
5.820
5.780
5.890
6.100
6.120
6.080
6.100
6.060
6.110
6.130
6.120
6.190
6.230
6.220
6.220
6.150
6.150
6.160
6.130
6.120
6.120
6.100
6.060
6.060
5.980
6.020
5.980
6.080
6.100
6.090
6.100
6.050
6.160
6.170
6.210
6.230
6.210
6.190
6.220
6.220
6.210
6.200
6.250
6.270
6.250
6.230
6.210
6.430
6.410
6.440
6.280
6.260
6.390
6.410
6.340
6.330
6.290
6.200
6.240
6.230
6.470
6.490
6.500
6.360
6.490
6.480
6.490
6.540
6.560
6.690
6.590
6.560
6.730
6.750
6.860
6.830
6.800
6.780
6.960
6.650
6.330
6.320
6.410
6.420
6.270
6.360
6.240
6.130
6.060
6.020
6.200
6.230
6.200
6.560
6.550
6.550
6.530
6.580
6.560
6.710
6.700
6.690
6.680
6.380
6.440
6.460
6.420
6.650
6.330
6.150
6.190
6.160
6.110
6.060
5.980
5.700
5.890
5.830
5.840
5.800
5.870
5.820
5.670
5.720
5.850
6.110
6.090
6.170
6.160
6.140
6.150
5.980
5.910
6.150
6.410
18.730
19.000
19.110
18.780
18.860
18.480
18.680
18.320
18.350
18.010
18.580
18.370
18.520
19.460
19.920
19.700
19.370
19.340
18.810
20.200
19.970
19.900
20.480
20.510
19.980
19.980
18.080
17.790
17.630
17.600
17.250
17.240
16.970
17.170
17.400
17.160
16.810
17.070
16.800
16.550
17.140
17.300
17.390
17.630
17.740
17.950
17.690
17.120
16.930
16.780
16.770
16.210
16.800
17.200
17.200
18.170
18.250
18.000
15.750
15.280
15.010
15.400
15.600
16.800
16.940
17.490
17.000
17.200
17.060
16.600
16.060
16.970
17.050
16.990
16.180
15.700
15.650
15.400
15.010
15.460
16.660
16.000
15.400
15.720
15.290
14.920
15.360
15.150
15.700
15.600
15.700
16.520
17.310
18.750
17.900
19.120
21.200
20.920
20.690
21.010
21.930
21.800
22.400
22.010
21.250
21.380
20.970
20.650
20.870
19.720
19.800
20.320
20.690
20.750
21.310
21.750
22.130
20.150
19.700
19.000
19.460
21.230
20.810
20.620
21.160
21.000
20.700
20.060
20.170
19.350
19.850
20.470
20.230
19.810
19.400
19.280
18.940
17.780
17.630
18.000
18.500
18.480
18.490
18.570
19.190
18.510
17.600
17.810
19.200
19.820
19.530
18.800
19.000
18.080
17.500
16.500
15.800
15.090
15.080
15.350
15.400
15.350
15.180
15.600
14.890
15.050
15.100
14.350
14.640
15.580
16.850
17.000
16.920
15.620
15.910
15.970
17.690
19.090
19.190
17.000
17.180
18.730
20.810
22.910
24.550
22.000
24.170
25.500
25.200
22.900
21.500
20.820
21.360
20.710
20.570
22.300
23.120
22.580
22.790
25.320
27.520
25.380
25.050
24.800
25.500
24.000
22.090
24.310
26.000
24.900
22.800
21.590
23.160
25.700
28.280
30.500
28.100
25.810
28.390
30.950
32.990
30.650
31.880
34.510
33.100
34.890
37.890
39.960
39.190
37.990
39.020
38.930
39.400
36.920
39.300
39.620
37.200
30.280
32.760
33.710
32.660
30.710
29.280
28.650
28.780
28.090
26.200
25.870
26.650
26.440
26.510
27.000
25.700
25.400
25.880
27.000
28.490
28.610
28.500
30.270
26.010
26.780
26.560
26.590
26.730
26.720
27.250
26.450
27.010
26.690
28.000
26.830
26.300
25.400
25.220
24.900
25.450
25.030
24.890
24.800
25.100
24.500
24.550
24.480
24.300
24.350
25.360
25.940
26.490
26.710
26.980
25.760
24.950
24.200
24.680
24.750
24.210
23.320
24.100
24.300
25.800
24.110
23.510
22.900
21.320
21.400
21.500
22.600
21.700
21.880
21.000
19.920
19.730
20.550
19.500
20.100
18.700
18.200
19.390
19.480
19.650
19.900
22.040
20.000
21.150
20.270
19.170
18.600
18.000
18.830
20.210
22.280
22.320
21.410
22.000
23.000
23.310
21.250
21.860
22.600
19.400
19.160
18.350
16.660
16.320
16.520
16.720
16.580
16.330
15.880
13.640
13.400
14.280
14.000
13.600
13.530
13.810
13.680
13.210
13.500
13.200
12.850
12.300
12.500
12.410
12.320
12.190
11.340
10.520
10.130
10.180
10.050
10.600
11.150
11.050
10.860
11.230
10.700
10.820
10.930
10.640
10.600
10.620
10.480
10.470
10.490
10.650
10.510
10.370
10.110
10.050
9.940
9.880
10.040
10.450
10.600
10.550
10.480
10.800
10.800
10.700
10.350
10.370
10.090
9.980
9.960
10.010
10.340
10.300
10.260
10.160
10.370
10.380
10.500
10.310
10.310
10.200
10.050
9.900
9.850
9.980
9.990
9.820
9.880
9.830
9.880
10.190
9.800
9.610
9.650
9.200
9.220
9.090
9.080
8.550
8.560
8.270
8.160
8.100
8.090
8.020
8.070
8.100
