3.440
3.390
3.340
3.410
3.300
3.340
3.330
3.270
3.270
2.970
2.960
3.040
3.020
3.030
2.980
3.000
2.970
2.970
2.930
2.990
3.000
3.000
2.950
2.930
2.930
2.890
2.980
3.010
3.030
2.980
2.980
3.020
2.980
2.950
3.000
2.930
2.840
2.830
2.830
2.890
2.980
3.000
3.010
3.070
3.080
3.080
3.080
2.960
2.960
2.980
3.000
3.090
3.060
3.080
3.250
3.280
3.350
3.340
3.330
3.410
3.380
3.410
3.500
3.550
3.450
3.450
3.400
3.330
3.330
3.380
3.280
3.260
3.350
3.380
3.370
3.490
3.450
3.420
3.400
3.370
3.340
3.390
3.400
3.460
3.390
3.450
3.520
3.470
3.500
3.590
3.670
3.720
3.630
3.600
3.520
3.690
3.730
3.580
3.250
3.330
3.030
2.950
2.930
2.920
2.920
2.960
2.910
2.950
2.910
2.900
2.850
2.910
2.820
2.810
2.840
2.850
2.870
2.900
2.890
2.900
2.790
2.790
2.750
2.710
2.710
2.720
2.720
2.750
2.790
2.830
2.810
2.790
2.820
2.830
2.830
2.800
2.880
2.840
2.910
2.910
2.950
2.800
2.820
2.860
2.930
2.880
2.950
2.960
2.950
2.860
2.860
2.880
2.820
2.760
2.810
2.780
2.810
2.850
2.820
2.730
2.640
2.660
2.680
2.620
2.620
2.590
2.630
2.600
2.610
2.670
2.670
2.690
2.660
2.630
2.630
2.620
2.630
2.590
2.600
2.630
2.620
2.630
2.630
2.600
2.500
2.510
2.520
2.490
2.590
2.590
2.640
2.620
2.490
2.460
2.470
2.470
2.540
2.570
2.570
2.570
2.530
2.510
2.510
2.550
2.560
2.590
2.570
2.570
2.560
2.570
2.550
2.600
2.610
2.640
2.620
2.570
2.550
2.490
2.550
2.530
2.540
2.440
2.430
2.420
2.410
2.400
2.410
2.420
2.430
2.560
2.540
2.540
2.580
2.550
2.540
2.580
2.630
2.630
2.650
2.690
2.610
2.610
2.550
2.520
2.460
2.430
2.380
2.370
2.370
2.370
2.360
2.300
2.340
2.350
2.330
2.350
2.380
2.350
2.370
2.330
2.320
2.440
2.470
2.510
2.480
2.490
2.470
2.470
2.390
2.430
2.400
2.410
2.400
2.440
2.430
2.440
2.410
2.520
2.490
2.510
2.500
2.530
2.700
5.410
5.920
6.160
5.930
5.820
5.670
5.680
5.780
5.790
5.770
5.740
5.830
5.740
5.960
6.000
6.050
6.060
6.050
5.820
5.810
5.700
5.870
5.970
5.990
5.830
6.050
6.120
5.560
5.670
5.770
5.800
5.300
5.220
5.200
5.050
4.920
4.860
4.860
4.960
4.850
4.960
4.990
5.490
5.470
5.380
5.410
5.630
5.540
6.200
5.700
5.380
5.700
5.150
5.080
4.900
4.880
4.920
4.900
4.690
4.860
4.870
4.930
4.580
4.510
4.820
5.170
4.980
4.990
5.540
6.120
5.970
5.660
5.630
5.360
4.870
5.420
5.420
5.650
5.850
6.510
6.150
6.680
6.170
6.180
6.850
6.810
6.870
6.810
6.980
6.900
6.960
7.010
7.080
6.790
6.700
6.550
6.490
6.440
6.430
6.500
6.640
6.860
6.900
6.640
6.770
6.700
6.550
6.290
6.150
6.360
6.520
6.560
6.310
6.230
6.090
5.530
5.320
5.290
5.070
5.130
5.190
5.160
5.140
5.260
5.120
4.930
4.710
4.690
4.700
4.750
4.730
4.720
4.670
4.670
4.570
4.460
4.960
4.950
4.930
4.890
4.720
4.770
4.780
4.620
4.760
4.720
4.460
4.400
4.080
4.240
4.180
4.340
4.290
4.130
4.130
4.230
3.870
4.260
4.740
4.730
4.930
4.720
4.500
4.350
4.800
5.000
5.450
4.960
5.150
5.720
6.350
7.050
7.820
7.350
6.810
6.680
6.420
6.490
6.380
6.640
6.570
6.350
6.250
6.460
6.460
6.210
5.900
5.850
5.720
5.200
5.540
6.170
6.460
6.420
6.340
5.760
5.650
5.220
5.280
5.870
5.340
4.850
5.390
5.990
6.660
7.400
8.220
8.300
8.350
9.290
8.990
8.420
7.660
8.390
8.670
8.360
9.050
8.680
8.270
8.270
8.140
8.200
8.530
8.030
7.760
7.590
7.090
6.650
6.480
7.200
6.730
6.500
6.230
6.000
5.930
5.910
5.730
5.610
5.790
5.830
5.800
5.770
5.580
5.450
5.900
5.910
6.320
6.190
6.410
6.490
6.540
6.380
6.530
6.270
6.080
5.880
6.010
5.880
6.060
6.350
6.340
6.290
6.210
6.490
6.660
6.290
6.260
6.300
6.250
6.310
6.290
6.330
6.330
6.610
6.550
6.590
6.600
6.880
6.890
6.960
6.870
6.760
6.440
6.260
6.280
6.570
6.530
6.190
5.950
5.890
5.730
5.490
5.440
5.460
5.460
5.580
5.490
5.550
5.530
5.280
5.130
5.160
5.180
4.960
5.250
5.060
5.030
5.040
5.000
5.020
5.220
4.880
4.690
4.690
4.580
4.710
4.680
4.650
4.530
4.450
4.380
4.370
4.350
4.300
4.290
4.170
4.110
4.070
4.120
4.220
4.250
4.160
4.120
4.160
4.030
4.070
4.160
4.020
4.020
3.940
3.970
3.900
3.830
3.730
3.670
3.650
3.670
3.700
3.720
3.680
3.810
3.930
3.850
3.820
3.860
3.850
3.780
3.760
3.760
3.780
3.740
3.790
3.720
3.660
3.690
3.700
3.800
3.680
3.670
3.490
3.350
3.420
3.370
3.330
3.320
3.320
3.290
3.230
3.180
3.160
3.150
3.160
3.250
3.280
3.250
3.280
3.320
3.260
3.250
3.250
3.200
3.130
3.150
3.140
3.150
3.180
3.150
3.160
3.130
3.240
3.300
3.000
2.940
2.900
2.820
2.800
2.800
2.780
2.790
2.760
2.790
2.820
2.770
2.750
2.720
2.710
2.730
