9.100
8.910
8.760
8.800
8.680
8.740
8.690
8.710
8.690
8.570
8.550
8.730
8.810
8.750
8.720
8.700
8.630
8.580
8.510
8.740
8.370
8.400
8.210
8.210
8.210
8.180
8.510
8.500
8.580
8.510
8.460
8.700
8.870
8.860
8.950
8.930
8.670
8.650
8.740
8.870
8.980
8.810
9.050
9.130
9.230
9.200
9.180
9.170
9.040
9.040
8.950
9.300
9.370
9.320
9.510
9.790
10.200
10.250
10.240
10.520
10.170
10.190
10.030
10.080
9.790
9.790
9.780
9.910
9.920
10.050
10.010
10.040
10.180
10.330
10.210
10.200
10.080
10.040
10.090
10.020
10.010
10.220
10.310
10.370
10.170
10.280
10.170
10.170
10.170
10.310
10.450
10.150
10.170
10.090
9.980
10.140
9.870
10.050
10.070
10.000
10.060
9.940
9.900
9.950
9.690
9.740
9.550
9.520
9.510
9.410
9.280
9.380
9.410
9.330
9.760
9.840
10.100
10.290
10.340
10.160
10.150
10.200
10.100
9.940
9.950
10.030
10.000
10.060
9.870
10.010
10.020
9.920
9.870
9.860
9.760
9.710
9.920
9.820
10.540
10.660
10.670
10.510
10.480
10.560
10.790
10.740
10.790
10.990
10.950
11.140
11.140
11.340
11.210
11.220
11.340
11.320
11.490
11.440
11.580
11.190
10.930
11.080
11.130
10.990
10.860
10.810
10.910
10.870
10.800
10.990
11.090
11.170
11.140
10.900
11.020
10.980
11.020
10.660
10.810
10.980
10.760
10.850
10.580
10.330
10.290
10.300
10.380
10.310
10.640
10.790
10.770
10.700
10.780
10.650
10.670
10.580
11.190
11.470
11.460
11.400
11.260
11.170
11.180
11.400
11.410
11.240
11.200
11.230
11.380
11.390
11.270
11.740
11.880
11.680
11.720
11.720
11.570
11.690
11.480
11.560
11.250
11.150
11.340
11.020
11.020
10.880
11.130
11.380
11.610
12.890
12.790
12.710
12.810
12.930
12.850
12.910
13.190
13.160
13.270
13.350
13.270
13.460
14.360
13.850
14.120
13.530
13.300
13.450
13.810
13.420
13.510
13.090
13.280
13.950
13.200
13.850
13.540
13.490
13.740
12.490
11.340
11.310
11.750
11.710
11.800
11.960
11.800
11.690
10.990
10.850
11.200
10.680
11.020
10.630
10.690
9.980
9.340
9.740
9.600
9.310
9.560
9.350
9.370
9.460
10.280
10.770
10.650
10.710
10.360
10.320
10.390
10.760
10.840
11.190
11.650
11.050
11.160
10.770
10.660
10.870
10.810
10.550
10.640
10.430
10.350
10.720
10.590
10.350
10.530
10.720
10.320
10.150
10.200
10.020
10.390
10.450
10.270
9.930
9.540
9.260
9.400
9.680
9.340
9.330
9.540
9.940
9.900
9.520
9.760
9.660
9.110
8.860
9.650
9.810
10.910
10.540
10.650
10.490
10.170
10.250
10.190
9.690
9.790
10.200
10.000
9.790
8.920
9.040
8.610
9.530
9.840
10.930
10.830
10.640
11.300
11.250
10.820
10.510
11.100
10.660
11.100
10.990
12.220
12.320
13.680
13.320
14.310
15.880
15.960
15.820
15.450
16.290
16.270
16.810
16.860
16.140
15.390
15.710
15.550
15.060
15.160
14.990
14.620
14.510
14.810
15.820
15.760
15.230
14.770
15.140
14.250
13.680
14.600
14.610
14.540
13.840
14.330
14.050
13.400
13.790
13.960
13.630
14.410
14.470
14.580
14.140
14.100
13.330
13.090
12.320
12.530
13.290
13.430
13.300
13.750
13.490
13.320
12.990
12.350
13.700
13.400
13.540
13.300
12.650
13.030
12.840
12.350
11.990
11.350
11.310
11.840
11.490
12.330
12.040
12.230
12.390
11.650
11.200
11.400
10.360
11.510
12.810
12.680
12.630
12.110
11.040
10.460
11.180
12.460
13.290
12.220
11.110
12.060
13.400
14.880
15.770
17.430
17.140
19.040
17.300
17.550
15.920
16.550
16.880
16.140
15.080
14.700
14.540
13.220
14.410
14.650
15.040
13.670
15.100
16.770
17.500
17.240
16.730
17.020
17.230
15.910
15.280
16.980
15.440
14.040
12.760
11.550
11.670
10.610
11.790
13.100
14.550
16.170
15.550
17.280
19.200
21.070
20.750
21.140
23.400
23.430
23.060
24.190
25.490
25.810
25.780
23.700
23.610
23.050
22.030
22.660
23.150
22.770
22.100
21.520
23.530
24.000
22.880
22.780
20.710
18.830
18.190
17.890
18.440
18.730
18.900
18.260
17.700
17.320
16.330
17.140
17.330
18.120
17.330
17.710
16.850
17.190
17.420
18.070
17.220
17.050
16.640
17.280
17.360
16.820
18.160
18.290
16.840
16.600
15.090
15.050
14.700
14.330
14.180
14.180
14.170
14.140
14.320
13.570
13.370
13.220
13.140
12.990
13.120
13.030
12.590
12.670
12.770
12.700
12.280
12.170
12.270
12.200
12.350
12.030
11.870
11.830
11.480
11.550
11.340
11.210
11.160
11.170
10.790
10.760
10.910
11.060
11.290
11.210
11.140
11.380
11.320
11.690
11.700
11.620
11.470
11.200
10.970
10.650
11.280
11.130
11.070
11.140
11.070
11.900
12.110
12.060
11.810
11.740
11.480
11.670
12.150
12.270
12.260
12.500
12.100
12.160
12.400
12.540
12.550
12.750
13.010
12.940
12.970
13.110
12.420
13.110
13.190
13.540
13.690
13.210
13.050
13.060
13.240
12.940
12.860
12.840
12.670
12.750
12.920
13.080
12.950
12.830
13.100
13.180
12.800
12.480
12.410
12.630
12.430
12.390
12.620
12.560
12.720
12.730
12.640
12.380
12.200
12.210
12.460
12.420
12.880
12.890
13.200
13.210
13.500
13.600
13.860
13.220
13.220
13.220
13.280
13.230
13.260
13.400
13.240
13.210
13.130
12.760
12.760
12.870
13.220
13.230
13.070
13.240
13.220
12.960
12.960
12.940
13.050
12.570
12.460
12.290
12.450
12.270
12.770
12.920
12.880
13.070
13.300
13.110
12.860
12.910
13.320
12.940
13.070
13.000
13.320
13.930
13.180
11.980
