-0.010
-0.150
-0.050
-0.110
0.120
0.090
-0.320
0.040
0.020
0.410
0.110
0.090
-0.340
0.140
0.880
0.480
0.070
0.110
0.080
-0.280
0.140
0.060
-0.040
0.410
-0.030
-0.620
1.000
1.080
-0.290
0.280
-0.630
-0.280
-0.200
-0.090
-0.210
0.080
0.660
0.030
0.000
-0.640
-0.150
-0.280
-0.590
-0.340
-0.540
-0.210
-0.040
-0.800
0.820
0.640
-0.060
0.430
0.160
-0.280
-0.680
-0.300
0.210
-0.240
-0.030
-0.390
-0.120
-0.140
-0.040
0.190
0.070
0.000
-0.190
-0.180
-0.090
0.090
-0.080
0.030
0.160
-0.010
0.000
0.180
-0.190
0.140
-0.030
0.030
-0.050
0.040
-0.190
-0.250
0.010
0.040
0.100
0.050
-0.100
0.000
0.130
0.030
0.400
-0.400
0.440
-0.210
-0.060
-0.220
0.430
-0.210
-0.170
0.240
-1.000
-0.240
0.000
-0.150
-0.140
0.040
0.040
0.200
0.280
0.200
-0.080
0.090
-0.170
0.040
-0.270
-0.450
-0.210
0.420
-0.080
0.010
0.320
0.160
0.200
0.250
-1.040
0.280
-0.210
0.420
0.140
-0.140
-0.090
0.070
-0.100
-0.450
-0.420
0.010
-0.020
-0.310
0.040
0.140
-0.220
-0.200
0.100
0.140
0.260
0.300
0.630
-0.530
-0.140
0.370
0.090
0.200
-0.160
0.050
0.140
-0.620
-0.270
1.550
0.200
-0.090
-0.040
0.150
0.200
0.320
0.100
-0.210
0.290
-0.050
0.310
0.300
0.080
0.020
0.070
-0.050
-0.450
-0.320
0.540
0.000
0.230
0.000
-0.010
0.000
-0.500
-0.280
0.570
-0.070
-0.060
0.350
0.050
-0.190
-0.010
-0.430
0.310
-0.520
-0.020
1.330
0.060
-0.450
-0.040
0.750
-0.030
0.060
-0.200
0.410
-0.330
0.010
0.050
-0.870
0.160
0.000
-0.070
-0.350
0.090
0.730
-0.320
0.090
0.640
0.130
-0.060
-0.120
0.420
-0.260
0.130
0.130
0.050
0.000
-0.200
0.730
0.220
0.080
0.210
-0.110
0.080
-0.160
-1.050
0.150
-0.230
0.540
0.020
-0.920
0.070
-0.080
-0.140
0.120
0.130
0.410
0.360
0.260
0.130
-0.060
0.110
0.360
0.180
0.220
0.050
-1.220
-0.150
0.450
0.260
-0.220
0.330
-0.390
-1.320
-1.470
-0.110
-0.100
0.140
0.020
0.110
0.260
-0.210
0.010
0.830
0.060
-0.630
0.070
-0.130
0.460
0.250
0.170
0.000
0.250
0.030
-0.720
0.080
-0.010
0.630
-0.200
0.710
-0.020
0.390
0.240
-0.160
-0.160
0.070
0.260
0.530
0.450
0.070
0.000
0.450
-0.070
-0.030
-0.120
0.090
0.350
-0.750
0.150
0.650
-0.330
-1.190
-0.380
-1.370
0.150
-0.170
0.110
0.000
-0.230
0.340
0.360
0.140
-0.070
0.150
-0.030
0.530
-0.570
-0.070
0.220
0.620
-0.700
0.790
0.220
-1.130
1.190
0.520
0.090
-0.700
0.410
-0.530
-0.010
-1.330
-0.540
-1.540
0.620
-0.110
-1.470
-0.410
0.490
0.060
-1.260
0.060
-0.410
0.650
0.180
-0.330
1.400
0.300
0.100
0.150
0.340
-0.530
-0.500
0.590
0.140
-0.220
0.080
0.490
-0.420
-0.110
0.100
-1.720
0.240
-0.030
-0.240
0.120
-0.260
1.340
-0.190
-0.430
0.760
1.400
0.330
0.130
0.460
-0.150
0.080
-0.430
0.420
1.110
-0.530
0.530
0.340
0.190
0.680
-0.210
0.580
0.710
-0.820
0.160
-0.300
0.050
0.550
0.080
0.240
0.500
0.180
0.300
0.260
-0.330
0.070
-0.310
0.060
0.160
0.190
0.530
0.170
-0.380
0.750
-0.890
-0.990
0.220
-0.270
0.360
0.650
-0.180
-1.020
0.750
-0.760
0.900
0.850
-0.220
-0.970
-1.080
-0.930
-1.170
0.010
-1.430
1.070
0.430
-0.270
0.600
0.520
0.400
0.890
0.400
0.060
0.940
-0.910
-0.100
-0.250
0.970
-0.850
-1.170
-0.630
0.230
1.100
0.370
0.480
0.930
0.220
-1.010
0.480
0.870
0.790
0.720
-0.800
-0.890
-0.820
-1.080
-1.200
-1.190
0.450
-1.420
-1.570
-0.420
0.770
0.100
-1.300
-1.050
0.220
-1.620
-1.080
0.720
0.730
0.600
-0.810
0.520
1.050
-0.580
0.180
0.860
0.940
-0.310
-1.730
0.450
1.580
0.640
1.370
1.250
1.140
1.030
0.400
-0.270
-0.350
-0.560
0.970
0.010
0.470
0.390
0.100
0.090
-0.300
0.200
0.830
0.080
0.140
0.230
-0.020
0.100
-0.190
0.120
-0.070
0.180
-0.440
-0.170
0.250
-0.120
-0.130
-0.030
-0.160
-0.030
-0.020
0.400
-0.090
-0.050
0.020
0.320
-0.110
0.110
0.070
0.150
-0.240
0.060
0.090
-0.380
0.170
0.010
-0.020
0.200
0.440
0.020
0.100
0.100
-0.060
0.130
0.170
-0.190
0.520
0.080
0.010
0.010
0.090
0.180
-0.110
0.160
0.170
0.040
0.120
-0.050
-0.040
-0.010
0.080
0.030
0.020
0.070
0.070
0.080
-0.100
0.210
-0.060
0.040
0.000
0.000
-0.020
0.030
0.070
0.110
0.040
0.060
-0.150
0.000
