83494.13
48501.31
41528.30
48531.52
33804.64
32796.60
37770.43
50133.56
60974.76
71453.63
128208.79
38790.63
59815.26
39791.22
44629.26
65438.26
38780.81
58574.36
46241.77
48011.79
64580.14
80865.61
61149.00
57381.91
56504.31
64353.67
79642.23
80045.99
62705.88
76626.82
105549.52
105560.11
131942.56
102392.20
93888.64
182728.38
85906.32
81441.04
206592.44
85657.10
66535.48
124146.07
68904.65
126989.35
66113.46
105995.07
83619.59
111112.41
118589.78
183727.06
327296.50
27973.75
49585.06
71874.25
54941.80
93811.42
46572.22
49569.24
120695.97
100520.36
90301.52
47011.05
45416.31
57584.30
54246.52
132259.83
112575.95
54762.09
54086.17
61658.44
67128.06
81126.71
82587.35
149712.81
198717.38
61760.83
56223.26
47940.50
62010.66
49700.24
110803.88
50465.11
59075.14
55930.60
55717.80
63466.67
73479.57
61779.47
71254.62
61332.82
72794.92
62989.71
55508.84
54362.88
77498.97
53506.04
89711.10
60630.65
72499.30
70833.54
79605.49
75327.26
58224.03
55586.44
52053.19
44649.48
65922.46
84473.12
190890.52
183053.14
34262.13
48960.61
55751.74
115788.17
57772.51
42272.96
50308.00
70333.66
62467.56
63236.91
107195.45
61771.99
62918.72
107291.39
73298.41
150508.27
67087.06
78236.73
98621.72
185813.81
107053.64
146409.41
226444.94
179880.39
64023.46
57307.08
96991.58
134786.00
78118.76
228329.14
49548.07
45849.44
49088.26
62791.65
47408.07
47176.72
73469.03
66505.54
84164.54
61422.66
52221.29
69476.65
83147.30
65953.92
63142.37
78863.33
107430.73
83852.95
119819.69
59560.15
71777.89
67672.53
51586.35
71739.66
56506.50
79692.01
119688.37
38917.26
54860.73
45775.98
68602.40
61154.49
72461.57
63209.32
73146.52
94897.48
71640.23
170400.92
68784.91
212671.59
56122.22
46406.80
64122.43
51316.51
93136.97
49107.14
61683.56
117053.95
37982.52
41556.22
75452.74
37548.55
39182.51
40518.80
42484.54
82887.38
64040.65
69824.69
186784.80
72434.08
67827.57
85558.15
106982.92
86876.59
109288.83
260240.73
216066.48
102831.46
51133.61
46618.63
61117.38
77279.22
101531.95
72684.46
112005.71
117012.93
64839.17
75560.58
56532.77
63716.25
95954.23
103564.76
65711.08
69543.38
109584.67
203527.72
90184.70
134229.94
234220.50
129938.80
96386.71
116535.34
150403.19
141987.98
207391.17
149575.94
218122.81
120294.79
123389.99
105168.74
98823.48
74081.96
106690.80
81140.55
140325.91
138781.06
140450.38
89447.39
126662.55
241380.88
83934.66
107439.57
76615.11
68184.74
120920.33
154648.39
125845.68
82245.93
102658.92
82399.06
144928.09
146152.12
255760.84
69414.38
82122.96
58206.14
63921.65
71914.75
82810.99
142039.78
133824.05
89755.09
104299.63
67614.72
75872.55
108615.43
73233.58
145957.66
139913.20
81245.64
119291.47
127317.76
91019.21
133868.59
122739.43
187170.08
112282.64
95715.89
121275.37
215215.55
104377.42
145876.70
124774.27
213382.77
180176.80
218789.83
173616.28
303480.84
199653.62
145320.58
122925.26
113848.17
148048.31
126791.66
139950.58
208988.34
281720.62
163068.06
176343.81
253274.58
348901.59
550434.19
18452.00
5204.00
199757.16
333420.88
422707.16
278587.19
261870.02
236227.12
385412.41
344901.03
329509.91
205844.38
250352.31
338302.47
291291.50
284079.88
390866.50
311058.44
131285.20
185277.50
191684.55
203479.38
242749.30
317014.66
283499.22
433074.38
293106.09
449730.44
203007.52
300124.62
409532.81
424673.88
300449.28
242332.06
292213.91
286858.47
184643.28
94582.47
105866.47
118010.54
222163.19
243276.00
209575.91
276404.28
302024.69
257883.53
443683.38
467991.81
408038.59
494924.78
366579.03
529197.69
329051.22
245219.19
286362.81
303449.03
302719.12
337846.66
487926.25
483665.94
558818.31
205579.02
116177.90
288467.53
366271.88
331966.41
376001.72
397223.12
382524.22
189527.41
281955.22
270006.84
259567.47
228052.20
282538.62
220216.80
236663.70
236413.06
244049.91
242372.06
257824.17
412647.53
284589.28
344580.06
313334.59
475414.00
382137.84
328857.88
361785.50
583686.94
174155.52
494639.75
30725.66
111329.00
500062.06
210448.66
292579.81
377713.88
451735.34
568999.81
407321.41
232227.20
242578.98
218233.38
250484.94
213313.73
173531.19
225995.98
365680.81
346697.06
207987.41
328111.25
242041.00
325358.75
306102.91
457591.22
393342.12
415397.47
393101.19
441452.94
566731.69
381711.72
592953.81
323305.06
353359.00
363364.28
219210.55
176954.12
169255.05
241368.92
193404.27
277840.56
202004.66
228997.52
212404.81
231050.05
195974.55
188727.77
197896.27
217083.84
283284.25
472084.38
277770.81
222062.98
228188.86
246425.72
212423.98
318730.22
397060.09
257289.31
279076.41
278245.47
301016.06
339297.28
363987.50
261396.02
313441.56
397041.66
272778.88
253407.73
347059.41
218754.41
160949.61
239786.88
321222.50
357588.59
281747.25
203061.52
398818.94
267225.19
277211.00
329853.44
218066.25
406100.16
300664.78
647070.06
610491.38
170509.55
228673.58
228676.42
245032.41
260863.27
195945.62
215475.09
168910.56
227413.19
135820.94
130627.47
65357.93
81821.17
57584.81
71941.33
126670.58
78173.75
125457.86
105418.89
108877.33
195090.84
420659.22
155025.23
133334.59
104432.07
131495.67
125278.59
187444.25
242180.83
194937.97
93704.93
67112.57
107122.43
52826.34
71280.14
77852.37
67280.65
78981.37
115912.24
82566.94
94265.96
90583.23
93140.45
77601.24
67943.16
76252.21
82239.38
136155.69
134855.89
124687.29
162676.62
152835.70
145208.98
168411.14
129591.38
218213.98
288904.78
261380.23
234732.75
242371.78
254385.36
233786.27
630711.25
18059.99
100551.33
83667.48
170269.62
87753.30
123691.86
103630.67
123722.37
148365.97
136776.17
139845.59
166338.98
122179.78
118984.85
80814.60
88017.62
145490.83
170907.06
129615.10
186391.31
212859.33
370572.81
469861.81
289848.12
141961.25
203136.83
313281.66
268326.72
229209.64
493581.62
133790.91
142918.81
147403.80
170720.50
99320.48
116042.58
97208.85
114026.73
225867.72
158030.53
117453.79
203518.78
137591.64
140824.48
194445.55
115654.20
130032.43
145270.94
104106.45
61263.96
96845.94
85892.33
116358.53
114463.77
163299.33
165598.73
280423.69
176556.78
250745.69
191172.73
341015.28
189663.77
154497.36
87103.43
72121.74
143874.94
89070.11
149767.20
163670.70
234456.64
121608.11
139086.53
108314.36
122201.91
69478.14
78298.32
77133.83
64639.44
48983.82
93327.92
81829.07
142444.91
142305.27
146461.53
171878.47
369980.41
189411.03
94736.14
