12.870
12.510
12.580
12.510
12.530
12.470
12.640
12.870
12.750
12.710
13.150
13.300
13.350
13.380
13.490
13.150
12.890
12.890
13.440
13.690
13.810
13.750
15.520
15.050
15.140
15.180
15.110
14.700
15.130
15.880
17.380
20.940
19.800
18.000
16.380
16.260
16.160
15.620
15.760
15.880
15.860
16.250
16.360
16.150
15.960
15.120
15.030
13.780
14.190
13.930
15.150
16.010
14.950
14.960
14.800
14.730
14.890
15.160
15.200
15.450
15.820
16.090
15.920
15.970
15.960
16.740
17.140
17.080
17.300
17.350
16.890
16.970
17.440
16.570
16.960
17.160
16.630
16.570
16.490
16.600
16.390
16.590
16.710
16.330
16.300
16.370
16.320
16.400
16.570
16.520
16.500
16.440
16.280
16.530
16.410
16.270
16.440
16.390
16.480
16.540
16.600
16.530
16.860
16.960
15.460
15.190
15.410
15.600
15.520
14.950
14.900
15.090
15.080
15.580
16.100
16.210
16.460
16.530
16.290
16.410
16.410
16.370
16.000
15.730
15.740
15.700
15.810
15.590
15.760
15.580
15.560
15.470
15.950
15.750
15.480
15.130
15.130
16.450
16.680
16.810
16.410
16.380
16.680
17.770
17.870
17.380
17.570
17.590
17.260
17.500
17.810
17.730
17.660
17.440
17.820
17.600
17.500
17.540
17.230
17.050
17.090
17.150
17.080
17.460
18.280
17.460
16.980
16.930
16.900
16.930
16.980
16.960
16.930
17.220
17.270
17.400
17.240
17.260
17.340
17.400
17.490
17.880
18.100
16.850
16.950
16.690
16.510
16.840
17.260
17.210
16.740
16.680
16.600
16.480
16.290
16.690
17.380
17.230
17.200
17.190
16.900
17.000
17.720
17.090
17.140
17.630
18.530
18.540
18.540
18.680
18.880
19.200
19.530
19.900
20.900
19.070
17.340
16.220
16.590
16.530
16.250
16.830
16.970
16.350
16.460
16.080
16.340
16.250
17.850
17.740
17.910
19.000
19.160
19.490
19.120
19.230
19.770
19.900
19.800
20.060
21.160
20.800
21.290
21.970
22.650
21.940
22.490
22.310
20.970
21.880
20.480
20.200
20.200
20.600
18.730
17.030
15.480
14.200
14.000
13.990
13.810
13.500
13.480
13.600
13.210
13.100
12.920
12.720
12.290
12.690
12.970
12.960
12.550
12.510
12.960
12.890
13.590
15.120
14.980
14.840
14.930
14.900
14.950
15.030
14.080
14.000
13.890
14.210
15.190
15.500
15.510
15.150
15.090
15.100
15.050
14.970
14.790
15.040
15.020
14.720
14.540
14.610
14.550
14.400
14.570
14.090
14.250
13.940
14.140
14.180
13.860
13.450
13.600
13.380
13.400
12.690
13.350
13.490
13.150
13.080
13.190
13.200
13.100
11.950
12.400
12.480
13.040
13.030
13.000
13.080
12.730
12.660
12.470
12.180
11.690
12.300
12.050
11.630
11.550
11.890
12.060
12.080
11.920
13.080
13.060
12.250
12.490
12.890
12.960
12.870
12.570
11.660
11.420
11.490
12.370
12.820
13.400
13.880
13.400
14.850
15.450
15.450
14.820
15.270
15.180
14.720
15.220
14.710
14.600
14.610
14.450
14.160
13.920
13.600
13.990
14.460
14.090
14.370
14.240
14.270
13.790
13.360
13.550
13.600
14.720
15.100
14.990
15.510
14.970
15.170
13.810
13.890
14.280
13.780
13.770
13.950
12.820
12.900
12.250
12.150
11.880
11.790
11.180
11.620
11.890
11.980
12.520
12.400
12.140
11.290
10.590
11.400
11.630
10.920
11.070
10.530
10.370
10.430
10.160
9.670
9.580
9.120
9.110
9.270
9.590
9.570
9.490
9.510
9.350
9.250
9.740
9.800
9.380
10.580
10.150
10.180
10.050
9.240
9.000
9.230
9.550
10.600
10.710
9.740
10.060
10.140
11.640
13.070
14.100
14.440
16.160
15.260
14.100
13.680
13.990
13.890
13.120
12.430
11.920
11.780
11.450
11.700
12.300
12.970
12.730
13.250
14.970
15.260
14.780
14.650
14.990
15.300
14.880
13.990
14.400
15.500
14.780
13.480
12.250
11.140
12.780
14.000
13.980
15.000
15.280
15.070
16.360
17.110
19.810
21.490
22.500
21.200
20.570
21.620
20.820
20.570
21.700
20.680
19.680
18.540
20.700
21.500
20.360
18.780
18.320
17.650
17.770
17.000
16.580
15.820
15.970
16.350
16.990
15.750
15.240
15.080
14.990
14.170
13.880
13.070
12.990
13.400
13.970
13.590
13.290
12.970
12.530
12.550
12.920
12.800
13.570
13.750
12.970
12.680
12.350
12.760
12.810
12.440
12.420
11.990
12.100
11.420
11.390
11.470
11.500
11.400
11.400
11.680
11.780
11.080
10.660
10.610
10.220
10.220
10.350
10.430
10.300
10.360
10.390
10.420
10.170
10.040
9.790
9.680
9.700
9.890
10.010
9.740
9.660
9.460
9.420
9.690
9.700
10.150
10.240
9.850
10.000
10.350
10.450
10.480
10.970
11.800
11.020
10.020
9.110
8.340
7.990
7.920
7.760
7.770
7.650
7.720
7.730
7.800
7.640
7.600
7.600
7.620
7.520
7.500
7.500
7.450
7.280
7.290
7.230
7.180
7.180
7.270
7.310
7.280
7.220
7.200
7.300
7.280
