6.640
6.720
6.720
6.680
6.570
6.540
6.530
6.590
6.530
6.480
6.480
6.650
6.620
6.630
6.580
6.600
6.440
6.440
6.430
6.500
6.470
6.500
6.470
6.390
6.360
6.050
6.080
6.230
6.250
6.200
6.060
6.110
6.090
6.090
6.160
6.200
6.150
6.140
6.120
6.140
6.220
6.140
6.340
6.460
6.490
6.480
6.350
6.200
6.180
6.200
6.160
6.510
6.570
6.630
6.740
6.730
6.810
6.950
6.910
7.080
7.160
7.190
7.170
7.210
7.200
7.050
7.110
7.210
7.220
7.420
7.390
7.460
7.480
7.470
7.330
7.290
7.250
7.280
7.300
7.280
7.370
7.330
7.480
7.280
7.220
7.110
7.160
7.180
7.170
7.140
7.310
7.430
7.620
7.270
6.990
7.050
7.010
7.120
7.170
7.140
7.210
7.150
7.040
7.010
7.000
7.040
7.050
7.010
6.810
6.730
6.670
6.690
6.730
6.630
6.880
6.920
6.920
7.110
7.630
7.690
7.360
7.350
7.230
7.250
7.340
7.340
7.370
7.300
7.100
6.950
7.020
7.070
7.080
6.950
6.810
6.780
6.760
6.500
6.700
6.750
6.730
6.710
6.700
6.710
6.710
6.680
6.800
6.860
6.890
6.960
6.900
6.840
6.840
6.840
6.940
6.910
6.970
6.920
7.000
6.900
6.850
6.900
6.860
6.870
6.900
6.910
6.850
6.780
6.970
7.040
7.070
7.060
7.090
7.000
7.000
7.040
7.100
7.130
7.160
7.160
7.210
7.170
7.250
7.200
6.920
6.800
6.760
6.700
6.860
6.790
6.780
6.850
6.670
6.530
6.700
6.270
6.360
6.430
6.340
6.290
6.260
6.050
6.050
6.090
6.080
6.100
6.080
6.100
6.170
6.180
6.120
6.170
6.200
6.260
6.100
6.150
6.080
6.080
6.150
6.250
6.270
6.320
5.980
6.050
6.140
6.090
6.080
6.130
6.070
6.120
5.970
6.040
6.060
6.060
6.010
6.000
6.060
5.820
5.830
5.810
5.770
5.700
5.760
5.700
5.670
5.660
5.630
5.630
5.660
5.650
5.670
5.740
5.730
5.840
5.730
5.710
5.930
5.970
6.010
6.000
5.990
6.020
5.910
5.720
5.830
5.860
5.840
5.890
5.920
5.880
5.700
5.650
5.950
6.010
5.990
6.060
6.050
5.910
5.830
5.990
6.380
6.440
6.330
6.200
6.360
6.410
5.830
5.770
5.830
5.830
5.840
6.040
6.020
6.190
6.260
6.190
6.110
6.180
5.990
6.090
6.270
6.230
6.160
6.270
6.200
6.090
6.170
5.880
5.810
6.000
6.030
6.160
5.920
5.700
5.550
5.490
5.640
5.370
5.450
5.490
5.650
5.830
5.690
6.040
5.970
5.620
5.490
5.970
6.190
6.890
7.100
6.700
6.620
6.670
6.840
6.800
6.720
6.120
5.980
5.440
5.500
5.180
5.740
5.730
5.540
5.050
4.810
4.600
4.600
4.750
4.730
4.960
4.630
4.800
4.690
4.550
4.460
4.610
4.190
4.600
5.120
5.040
5.240
4.990
4.700
4.520
4.820
5.240
5.610
5.150
4.890
5.320
5.910
6.560
6.910
7.370
7.350
8.190
8.290
8.300
8.020
8.360
7.600
7.110
6.890
6.840
6.780
6.160
6.710
6.960
7.210
6.670
7.380
8.200
8.260
8.080
7.990
7.270
7.220
6.790
7.080
7.870
8.250
7.500
6.820
6.200
6.890
7.660
8.510
9.460
10.510
11.690
11.830
13.140
14.610
15.400
14.510
13.290
13.850
13.720
12.450
13.390
12.790
12.540
11.700
11.630
11.570
12.000
11.790
12.060
12.300
11.720
11.020
11.010
12.230
11.510
11.170
10.420
10.390
10.300
10.130
10.020
10.010
10.570
9.610
9.320
9.410
8.660
8.500
9.440
9.500
9.080
8.670
8.740
8.440
8.870
8.850
9.090
9.140
8.790
8.130
8.530
8.690
8.490
9.350
9.570
8.700
7.910
7.190
7.380
7.370
7.360
6.960
6.740
6.660
6.640
6.730
6.890
6.640
6.750
6.680
6.730
6.710
6.100
6.050
5.910
5.870
5.960
6.060
5.910
6.000
5.970
6.120
5.900
5.640
5.500
5.490
5.410
5.330
5.370
5.280
5.240
5.280
5.160
5.180
5.140
5.390
5.540
5.640
5.550
5.610
5.610
5.810
6.040
5.890
5.910
6.080
6.030
6.060
6.000
5.780
5.250
5.180
5.340
5.260
5.620
5.690
5.860
6.290
6.690
6.080
5.530
5.030
4.570
4.150
3.770
3.430
3.120
