321192.50
208679.12
266068.34
187748.69
234269.80
192674.03
194236.11
320982.25
296572.25
218473.20
294121.41
280997.53
218515.39
251969.53
174153.73
160453.94
396892.53
236772.38
342045.19
277483.34
313050.81
700015.75
181650.61
210934.98
217467.45
544971.38
539088.94
438339.75
235256.52
246623.20
527195.50
310318.91
134528.61
164513.12
186504.78
264090.00
307273.72
244710.38
754047.81
283369.12
168388.19
503078.75
284036.31
197356.94
154975.00
262176.34
309437.28
202715.20
177370.80
283354.25
414646.53
272140.34
388753.53
704909.75
412843.44
487907.34
710493.69
1242289.25
2222962.50
680104.00
1182366.88
867692.31
530604.44
514324.03
318249.31
808804.62
455559.75
426308.94
572165.38
517400.91
807349.00
605735.94
908961.38
1073354.38
1449994.12
2366968.00
2117997.00
797774.38
277173.75
160508.11
153118.11
150191.59
169576.36
243354.53
166866.44
198051.59
125505.30
142617.17
191149.05
470532.44
224277.73
215522.38
270994.34
150460.34
204005.42
221782.66
153185.52
136424.19
116426.88
213607.41
247500.69
113407.89
133720.22
321262.22
211333.08
179617.67
194042.48
195502.31
201495.78
170909.05
526717.94
161909.17
135260.73
130101.42
115762.95
224442.45
160735.22
222812.42
389059.69
373282.72
207044.02
209398.69
229891.81
284122.28
297564.62
197559.06
150282.39
214054.20
222430.70
198610.56
232217.88
320207.09
268764.34
221531.08
440507.19
318173.97
318008.25
316052.12
567723.31
348898.56
728195.56
281001.12
494517.72
654619.62
663727.94
614581.75
1104966.12
501192.53
575632.94
418048.81
631966.06
249265.09
252285.73
547643.75
650747.06
669461.31
197001.61
307957.62
360775.59
305185.78
484946.38
356287.16
160926.53
193051.30
260876.22
295475.53
241208.98
552315.81
354665.25
592089.69
433713.47
966753.00
461245.06
333263.19
307637.28
133617.12
240447.44
169690.69
238193.61
680167.00
333556.28
401081.47
448061.62
521692.88
213723.55
189187.00
466706.91
137398.34
133402.88
144183.56
124755.95
156082.20
352893.12
167265.72
253299.45
189099.56
194944.98
200888.59
285005.34
307590.88
476466.09
142398.97
281772.09
426936.38
528723.12
534498.06
615507.50
549486.88
1024396.75
2663872.25
422586.44
668237.38
1446492.38
687160.88
384498.00
207850.45
255748.25
327143.91
331679.19
297778.03
367730.88
445635.03
343447.31
289415.38
240762.70
493234.81
340209.81
141978.41
268836.78
300051.19
328108.19
270458.94
521949.47
274293.72
196960.80
387065.84
375867.94
172632.78
233253.19
235781.56
249532.81
373107.34
523150.09
206872.59
291277.41
481279.62
409786.09
1055715.75
372287.09
248242.22
276202.97
365014.62
204207.16
259802.19
289254.12
345790.06
287590.72
577814.38
431544.56
376712.97
627160.50
380407.69
373122.16
647140.06
723855.50
385130.81
429963.34
461793.88
722690.81
311655.28
281758.09
182276.42
242859.11
589941.62
305011.28
390910.03
558057.75
971820.25
740171.06
459122.44
666454.31
672099.56
632986.06
703974.88
448366.84
149025.58
310399.69
307197.62
225912.27
338675.75
369740.91
411710.53
854776.88
437780.25
501522.31
461564.81
731769.75
1206090.00
415822.81
352671.66
404644.19
469675.50
446515.62
667964.00
530057.88
614119.62
635147.56
622848.75
897730.81
905945.75
1002424.38
586327.06
1121629.25
1262242.25
938812.81
570980.12
497675.62
684738.00
868268.81
529520.94
578971.88
699817.81
1018234.12
853923.88
1711198.75
3481671.25
1267575.88
689394.56
734392.19
535500.50
882682.44
553300.31
651548.62
1022407.25
435258.91
767473.69
957423.31
696333.19
420940.59
569113.75
876650.62
937752.25
909709.69
1166856.12
313959.62
439733.75
562225.25
557005.31
479297.28
705870.69
933231.81
1774747.25
126405.38
818551.06
804979.19
693576.44
805144.50
811757.69
990438.69
248934.09
783703.56
845805.19
587162.19
498236.12
532966.44
562712.06
854504.44
549009.44
1021728.75
1135949.62
1197770.88
1167775.62
950820.12
1139154.62
443701.59
583906.12
594239.25
1230541.00
604043.19
683045.44
631543.12
867362.88
1525736.00
2573387.00
374174.75
374173.94
268273.50
395553.00
328046.88
246712.70
253998.45
368929.38
410678.81
450243.06
864885.50
613089.06
314453.78
452354.75
427950.91
452281.06
571539.75
865155.62
825635.56
764248.06
356393.53
217415.70
320845.09
415180.44
195072.98
241979.03
272610.94
355087.88
329009.50
328251.47
683639.75
345851.12
477172.94
688033.31
346462.56
267473.59
359403.53
491091.91
240553.84
225443.22
88555.09
163246.73
203110.75
412299.66
139569.77
248797.44
248844.25
206153.20
212983.70
344581.84
364486.56
337438.59
633807.81
508168.88
362325.84
504779.72
397704.94
998712.00
1550703.00
1084583.38
675136.56
676669.81
488192.44
652928.81
864890.75
749091.12
597817.50
687847.56
970233.81
1270669.88
1336204.62
1389139.25
676851.50
743427.69
1130330.25
979130.62
606078.94
452581.03
697910.06
994071.44
1014657.88
641669.19
759541.38
847897.50
1241487.75
1415465.75
1845990.88
1356195.88
874496.06
887271.81
1171545.75
1030954.75
950817.81
2141571.00
43958.95
64293.75
2342927.00
1818319.00
1134446.00
1156536.00
1184480.75
1575445.38
1557606.00
1069043.62
1271804.00
1199792.88
1277748.75
1521890.50
2359613.25
1333780.00
1656809.00
2321163.75
2811930.50
1215428.75
1246894.25
1467901.25
2515016.75
2558943.75
2602346.75
3803742.50
1578522.00
1444648.75
1645582.25
2822657.25
1587868.50
1816256.75
1888459.25
1659437.25
1770762.50
1084667.75
780139.94
677126.50
819884.38
740190.12
1176022.50
1675102.00
1253678.62
896669.06
799406.75
1004081.38
1198821.25
1557261.88
1108254.75
934457.44
1210804.25
1332889.75
1602737.75
1594963.62
1541221.38
1246718.25
2330155.50
1830273.50
1072835.88
1139795.25
1529457.62
2018502.75
2990336.00
2388401.75
1373125.00
1696146.88
967904.62
1308842.00
1253546.62
1419918.62
1797767.75
1107256.50
1024961.38
1378887.62
1618570.38
2206826.25
2155540.50
1280860.25
1460989.38
1782288.75
1931873.88
664600.56
535910.31
544311.12
518839.34
667606.81
481251.94
782437.19
603268.50
949366.50
1134304.75
635289.12
789038.00
512322.69
508964.75
702055.31
1246048.25
707292.75
765768.94
995490.00
575792.19
915556.44
1062525.12
707880.56
911134.56
847426.38
681821.31
886355.50
730913.69
1220070.62
1887179.25
3069630.50
2466029.50
2752253.50
2132127.25
1450075.62
1415318.00
600313.06
476208.66
640116.56
948709.25
903211.56
1034184.69
632716.56
1056166.12
1200144.12
1115763.75
777673.75
1437407.50
1269473.00
658524.50
676690.44
823893.81
1353810.88
1903456.62
1852029.12
1850323.50
2329444.50
1095471.62
1066801.50
2172444.50
1095841.12
721962.38
581888.56
1090842.88
598521.12
365445.88
648668.19
346568.91
357952.38
513588.06
861899.25
695542.00
1555337.88
473586.19
797192.62
307027.00
162058.69
244434.83
679569.12
359614.00
495410.78
360882.88
196398.30
177767.48
185226.08
160650.48
352772.19
225432.97
175637.56
259140.88
507040.84
417221.41
236390.34
385339.62
274692.19
416859.88
216804.41
362663.38
234961.31
569234.44
365047.03
466689.53
226596.12
321652.44
301906.09
200187.77
309983.34
595374.56
784378.19
1578281.12
480432.44
252929.55
330112.62
299830.69
226840.94
378930.59
270245.72
178385.50
146556.47
155103.70
186074.95
293572.50
416888.75
378672.22
400955.81
469575.44
930227.19
537881.25
801910.50
1841747.00
731926.69
517027.38
182044.62
299316.66
221269.06
323211.91
597534.56
817251.75
512901.53
135428.66
80103.90
52717.58
128850.84
146203.11
239189.88
94399.16
79370.53
111103.95
45957.85
59311.46
96676.32
