9.840
9.870
9.880
9.870
9.900
9.970
9.950
9.990
9.770
9.650
9.750
9.670
9.570
9.520
9.580
9.480
9.440
9.320
9.340
9.450
9.550
9.450
9.380
9.310
9.080
9.210
9.290
9.210
9.030
8.860
8.960
9.160
9.330
9.350
9.320
9.190
9.230
9.120
9.000
9.350
9.520
9.570
9.760
9.980
10.000
10.070
10.110
10.160
11.130
11.130
11.150
11.460
11.270
11.200
11.410
11.450
11.550
11.700
11.660
11.620
11.730
11.850
11.910
11.770
11.730
11.700
11.990
12.280
12.360
12.290
12.190
12.210
12.200
12.150
12.280
12.160
12.110
12.150
12.010
12.090
12.100
12.280
12.260
12.280
12.200
12.140
12.240
12.170
12.130
12.180
12.130
12.100
12.010
11.900
11.880
12.000
11.990
11.990
11.920
11.880
11.810
11.690
11.810
11.780
11.780
11.870
11.730
11.750
11.640
11.550
11.500
11.530
11.380
11.300
12.250
12.370
12.460
12.600
12.710
12.680
12.810
12.720
12.650
12.580
12.580
12.610
12.660
12.550
12.600
12.550
12.600
12.500
12.490
12.490
12.320
12.350
12.420
12.510
13.240
13.270
13.300
13.290
13.150
13.280
13.720
13.720
13.780
13.760
13.680
13.930
13.950
13.990
13.910
13.860
13.990
14.130
14.050
14.010
13.990
14.050
13.880
14.000
14.000
13.960
13.990
14.120
14.200
14.100
14.210
14.740
14.700
14.820
14.790
14.770
14.940
14.850
14.850
14.630
14.510
14.530
14.610
14.590
14.300
14.150
13.900
13.860
13.700
13.780
14.060
14.280
14.170
14.050
13.880
13.950
13.580
13.650
13.990
14.040
13.750
13.460
13.400
13.440
13.700
13.440
13.470
13.530
13.800
13.670
13.390
13.270
12.680
13.920
13.960
14.070
14.340
14.230
14.080
14.040
14.050
13.930
13.810
13.420
13.200
13.210
13.600
13.410
13.480
13.700
13.620
13.490
13.880
13.720
13.700
13.890
13.520
13.600
13.600
13.350
13.500
13.430
13.200
13.210
13.040
13.000
12.590
12.460
12.300
12.990
12.970
13.050
13.180
13.020
12.960
12.820
12.810
13.090
13.650
13.850
13.780
13.410
13.410
13.310
13.050
12.880
12.930
12.670
13.040
13.110
13.160
12.820
12.960
12.810
13.210
12.710
12.910
12.410
12.720
12.400
12.510
12.880
13.580
13.700
13.310
13.210
13.180
14.080
13.800
14.080
14.120
13.670
13.510
14.450
14.760
14.660
14.540
14.540
14.440
15.100
14.410
14.470
13.900
12.860
12.810
12.890
12.690
12.570
13.030
12.630
12.600
12.650
12.800
12.760
12.270
11.900
11.760
12.080
11.930
11.550
11.810
12.110
12.680
12.760
12.950
13.520
13.380
12.660
11.930
12.230
12.000
12.670
12.700
12.980
12.800
12.540
12.450
12.040
11.600
11.950
12.100
11.880
11.410
11.340
10.880
11.350
10.950
11.000
11.770
11.170
11.390
11.390
10.810
10.300
10.420
10.110
10.220
10.200
10.130
10.410
10.570
11.260
10.820
11.220
12.180
12.310
12.050
11.980
12.240
11.820
11.240
11.000
10.710
10.680
10.740
10.580
10.440
10.080
10.110
10.230
10.320
10.540
10.410
10.290
10.370
10.010
10.070
9.730
10.050
10.850
10.790
10.710
10.840
10.760
10.660
10.620
10.690
10.460
10.560
10.730
10.820
10.710
10.620
10.550
10.470
10.150
10.080
10.040
10.160
10.180
10.210
10.140
10.450
10.300
9.820
9.730
10.310
10.100
10.020
9.950
9.950
9.990
9.820
9.900
9.630
8.740
8.690
8.710
8.600
8.860
8.750
9.000
8.760
8.710
8.780
8.400
8.320
8.480
9.290
9.350
9.400
8.940
9.100
8.280
8.640
9.160
9.090
8.520
8.600
9.560
10.620
11.630
10.910
10.180
10.960
11.600
11.410
11.100
11.210
11.410
11.140
10.930
10.960
10.710
10.360
9.910
10.060
10.220
10.000
9.550
10.430
11.200
11.050
10.940
10.860
10.870
10.500
9.820
10.130
10.960
10.550
9.770
8.180
8.510
9.460
9.500
10.370
11.160
12.360
11.510
11.920
13.210
14.480
14.470
13.500
14.640
16.130
16.090
16.110
16.700
17.200
16.640
16.200
16.200
16.170
15.650
14.690
15.500
15.600
15.130
14.320
15.040
16.060
16.200
15.900
15.790
14.720
14.630
14.640
14.430
14.200
14.090
13.650
13.700
13.460
13.170
12.960
13.180
13.480
13.970
14.060
14.150
13.950
14.550
14.350
14.300
14.250
13.750
13.710
14.330
13.860
14.200
14.620
14.200
13.580
13.230
13.910
14.120
13.900
13.900
13.920
13.450
13.450
13.260
13.090
12.960
12.810
13.090
12.980
12.920
11.720
11.590
11.450
11.300
11.300
11.290
11.430
11.090
11.110
11.230
11.100
11.060
10.980
10.930
10.900
10.770
10.780
10.700
10.660
10.540
10.500
10.350
10.400
10.470
10.660
10.870
10.860
10.800
10.950
10.940
10.960
10.940
10.800
11.260
11.240
10.950
10.810
10.530
11.230
11.180
11.010
10.870
10.810
11.060
11.200
11.130
11.030
10.830
10.720
10.650
10.630
10.720
10.710
10.620
10.500
10.440
10.820
11.050
11.000
11.360
11.210
11.140
11.100
10.780
10.760
10.730
10.740
11.170
10.880
10.780
10.670
10.640
10.750
10.630
10.570
10.480
10.350
10.350
10.480
10.440
10.420
10.240
10.220
10.330
10.300
10.650
10.610
10.830
10.820
10.820
10.740
10.650
10.730
10.640
10.570
10.460
10.410
10.470
10.800
11.100
11.160
10.800
11.150
10.830
10.820
10.700
10.750
10.860
10.810
10.820
10.620
10.380
10.430
10.280
10.250
10.210
10.320
10.240
10.200
10.300
10.430
10.290
10.330
10.320
10.200
10.060
10.040
10.010
9.950
9.800
9.710
9.750
9.730
9.750
10.040
10.100
10.030
9.980
9.960
10.000
9.820
9.800
9.670
9.720
9.670
9.630
9.660
9.730
9.730
9.710
9.570
9.540
9.510
9.460
9.410
9.320
9.370
9.270
9.110
9.080
9.170
9.150
9.310
9.060
8.910
9.020
8.980
9.010
9.050
