18.140
17.140
17.150
17.040
17.000
17.300
17.470
17.730
17.230
17.250
17.670
17.680
17.890
17.970
18.050
17.760
17.810
17.980
18.250
19.290
19.720
19.620
19.450
20.450
19.940
20.750
19.900
20.580
21.000
20.200
20.680
19.480
20.790
21.060
21.150
20.980
20.350
18.820
17.500
19.140
19.730
19.690
18.600
19.500
18.350
17.330
17.140
17.390
17.820
16.390
15.540
16.700
17.100
17.080
17.430
17.370
18.630
20.060
20.950
21.240
20.300
20.270
20.480
19.950
20.390
20.690
21.500
21.440
21.740
22.990
25.570
23.710
22.200
20.410
18.550
16.860
16.380
17.800
17.010
17.360
17.490
17.170
16.850
17.000
15.940
16.100
16.190
16.180
16.020
15.500
15.870
14.950
14.780
15.150
14.970
14.990
15.050
15.970
16.200
14.900
15.340
15.550
14.300
14.300
14.060
14.090
14.300
14.180
14.310
14.480
14.600
14.590
14.590
14.450
14.600
14.300
14.230
14.250
14.230
14.130
14.150
14.270
14.500
14.700
15.440
15.720
14.940
15.040
14.680
14.500
14.310
14.590
14.850
14.910
14.710
14.630
14.780
14.690
14.690
14.740
15.300
15.100
15.290
15.600
14.640
14.800
14.250
14.240
14.480
14.810
14.460
14.460
14.500
14.500
14.150
13.630
14.560
14.880
14.820
14.960
14.250
13.960
13.280
13.200
12.700
12.750
12.380
12.610
12.600
12.640
12.230
12.160
12.350
12.330
12.170
12.170
12.170
12.540
13.000
13.590
15.000
15.150
15.280
14.960
15.170
14.960
15.200
14.650
15.400
15.070
14.980
15.860
14.890
13.820
13.380
15.070
14.100
13.630
13.700
13.190
13.460
13.650
13.190
13.220
12.590
12.120
12.120
11.800
11.570
11.390
11.230
11.220
10.830
10.890
11.130
10.740
10.300
10.580
10.750
10.720
10.390
10.850
11.800
12.070
12.150
12.360
12.480
12.460
12.630
12.160
11.580
11.190
11.150
11.020
10.580
10.310
10.650
10.550
10.390
10.580
11.630
12.140
12.300
12.800
13.090
12.540
12.220
12.520
12.080
13.350
13.400
14.400
15.690
15.650
16.190
16.010
17.550
17.280
16.460
16.290
17.900
17.050
16.620
16.260
15.490
14.750
14.050
13.380
12.740
12.130
11.550
11.000
10.480
9.980
9.500
9.050
8.620
8.210
8.070
8.430
9.270
9.650
9.570
10.200
10.670
10.160
9.770
9.570
9.420
9.390
9.130
10.100
10.380
10.530
11.000
10.590
11.500
12.670
13.200
13.840
13.900
15.480
15.210
14.870
15.620
17.000
17.000
17.300
18.690
17.850
17.000
16.190
16.130
15.360
14.630
14.280
14.370
14.350
13.780
13.480
14.200
14.250
14.650
14.240
13.660
13.600
13.840
13.180
12.550
12.150
12.120
11.980
11.410
11.000
11.320
10.840
11.410
12.010
12.640
13.500
14.300
14.930
14.850
14.690
15.170
15.050
13.920
13.100
12.750
13.440
13.500
12.940
13.300
13.160
13.350
12.990
12.490
12.300
11.880
11.910
12.400
12.680
13.300
12.140
12.420
12.090
12.220
12.000
12.730
11.580
10.530
9.570
8.750
8.800
8.730
8.690
8.640
8.480
8.620
8.750
8.800
8.850
8.600
8.470
8.710
8.390
7.930
7.690
7.790
7.760
7.640
7.650
7.710
7.720
7.610
7.360
7.650
7.950
7.770
7.780
7.700
7.850
7.650
7.440
7.240
7.190
7.250
7.320
7.120
7.060
7.200
7.360
7.470
7.600
7.660
7.240
7.420
7.890
8.000
7.930
7.850
7.750
8.090
9.400
9.520
9.150
8.880
8.760
8.900
9.100
9.100
8.490
9.660
8.790
8.920
8.460
8.430
8.450
8.450
8.650
8.620
8.960
9.050
8.840
8.510
8.650
9.000
8.510
8.060
8.350
8.190
7.920
7.870
7.960
7.670
7.900
8.100
8.150
8.240
8.410
8.440
8.450
8.330
8.410
8.600
8.600
8.480
8.240
8.260
8.380
8.060
7.990
8.270
8.410
8.090
8.050
8.600
8.680
8.230
7.930
7.250
7.140
7.190
7.280
7.150
6.970
6.800
6.800
6.740
6.780
6.930
6.970
6.970
7.380
7.370
7.270
7.270
7.320
7.500
7.160
7.000
6.960
6.680
6.760
6.350
6.500
6.770
