5.010
5.010
4.990
5.010
4.950
4.980
5.030
5.140
5.240
5.310
5.160
5.250
5.070
5.060
5.100
5.030
5.010
5.100
5.060
5.170
5.230
5.280
5.140
5.240
5.280
5.060
5.240
5.170
4.910
4.460
4.410
4.510
4.710
4.770
4.820
4.810
4.810
4.490
4.490
4.550
4.800
4.810
5.040
5.160
5.090
5.210
5.200
5.060
5.160
5.070
4.970
5.200
5.280
5.480
5.480
5.490
5.830
6.020
6.000
6.670
6.120
5.560
5.480
5.590
5.080
5.120
5.300
5.340
5.340
5.420
5.400
5.500
5.580
5.590
5.710
5.830
5.790
5.860
5.840
5.820
5.800
5.840
5.790
5.800
5.760
5.780
5.850
5.850
5.810
5.860
5.880
5.860
5.830
5.760
5.790
5.890
5.840
5.860
5.910
5.930
5.950
5.940
5.950
6.000
6.020
6.020
5.900
5.940
6.280
5.940
6.060
5.970
5.890
5.900
5.930
5.780
5.770
5.800
5.890
5.880
5.830
6.060
6.140
6.290
6.020
6.000
5.900
5.760
5.850
5.750
5.880
5.890
5.820
5.760
5.730
6.220
6.140
6.110
6.200
6.260
6.200
6.190
6.120
6.090
6.090
6.140
6.220
6.170
6.140
6.230
6.310
6.330
6.400
6.510
6.420
6.690
6.490
6.370
6.460
5.870
5.340
5.380
5.470
5.370
5.300
5.330
5.310
5.260
5.190
5.310
5.380
5.370
5.380
5.330
5.320
5.400
5.600
5.390
5.420
5.380
5.430
5.540
5.570
5.610
5.620
5.790
5.780
5.930
6.100
5.890
5.360
5.300
5.370
5.410
5.170
5.160
5.160
4.980
4.930
4.920
4.940
4.970
5.120
5.100
5.040
5.070
5.120
5.150
5.130
5.160
5.200
5.230
5.140
5.120
5.160
5.130
5.180
5.200
5.170
5.100
5.100
5.110
5.100
5.100
5.080
5.150
5.180
5.090
4.990
4.950
4.940
5.000
4.900
4.880
5.040
5.070
5.080
5.170
5.130
5.090
5.130
4.990
5.000
4.980
4.940
4.890
4.980
4.920
4.920
4.910
5.100
5.140
5.120
5.140
5.310
5.290
5.300
5.380
5.680
5.650
5.710
5.550
5.450
5.480
5.510
5.530
5.310
5.300
5.340
5.550
5.520
5.670
5.690
5.530
5.460
5.480
5.290
5.670
5.780
5.790
5.720
5.690
5.590
5.400
5.600
5.550
5.500
5.640
5.700
5.790
5.570
5.360
5.220
5.300
5.440
5.330
5.480
5.660
5.900
5.900
5.490
5.740
5.710
5.350
5.150
5.300
5.570
6.160
6.210
6.200
6.180
6.190
6.350
6.400
6.160
5.630
5.600
5.260
5.200
5.040
5.080
4.940
4.990
5.370
5.920
6.040
6.020
6.220
6.110
5.880
5.750
5.870
5.650
6.190
6.470
6.690
6.250
6.950
6.810
6.890
7.620
7.610
7.730
7.670
7.100
6.800
6.930
7.160
6.650
6.330
6.430
6.150
6.090
5.910
5.860
5.900
6.100
6.010
5.920
5.990
6.100
6.120
6.290
5.950
5.410
5.850
5.740
5.660
5.760
5.630
5.450
5.480
5.310
5.250
5.170
5.310
5.400
5.320
5.380
5.380
5.280
5.250
5.000
5.040
5.100
5.140
5.120
5.460
5.290
5.240
4.770
4.590
5.040
5.100
4.960
4.790
4.710
4.730
4.700
4.480
4.430
4.300
4.260
4.380
4.350
4.430
4.340
4.480
4.430
4.340
4.320
4.510
4.190
4.370
4.870
4.880
4.940
4.790
4.590
4.560
4.580
4.780
5.090
4.790
4.600
4.680
5.200
5.770
6.100
6.290
6.200
6.890
6.790
6.290
5.880
6.100
6.170
5.940
5.720
5.840
6.090
5.850
5.600
5.750
6.040
5.590
6.110
6.810
7.170
7.070
6.420
6.650
6.920
6.520
6.240
6.930
6.300
5.730
5.210
4.740
5.270
5.850
5.320
4.840
4.670
4.830
4.680
4.530
4.450
4.530
4.620
4.630
4.680
4.690
4.780
4.770
4.680
4.580
4.500
4.430
4.780
4.740
5.040
4.590
4.170
4.110
4.200
4.080
4.030
4.040
4.060
3.880
3.820
3.840
3.880
3.880
3.890
3.940
4.050
4.010
3.910
3.810
3.790
3.800
3.870
3.740
3.400
3.390
3.320
3.400
3.350
3.370
3.310
3.380
3.320
3.380
3.380
3.320
3.340
3.200
3.170
3.150
3.170
3.130
3.170
3.140
3.150
3.110
3.060
3.040
3.140
