0.100
0.290
-0.030
0.080
0.050
0.100
-0.190
0.050
0.220
-0.150
-0.200
0.000
0.040
-0.010
-0.120
0.050
0.260
0.150
-0.270
0.010
-0.160
0.520
0.070
0.190
0.220
-0.270
-0.150
0.160
0.220
-0.010
-0.380
-0.350
0.060
-0.120
0.030
0.280
0.030
0.010
-0.140
-0.290
0.120
-0.480
-0.190
0.090
-0.110
-0.070
0.100
-0.170
-0.010
0.130
-0.870
-0.010
0.060
-0.340
-0.200
-0.130
-0.300
-0.090
-0.340
1.230
-0.330
0.020
0.020
0.240
0.040
-0.680
-0.220
-0.110
0.040
-0.110
-0.410
-0.300
0.330
0.040
-0.060
0.090
-0.200
0.030
0.010
0.030
-0.120
-0.130
-0.130
0.170
0.100
-0.220
0.310
0.000
-0.140
-0.020
-0.130
-0.020
0.150
-0.090
0.200
0.060
-0.250
-0.300
0.490
-0.330
0.000
-0.080
0.180
0.110
-0.080
0.020
-0.360
0.550
0.260
0.260
0.050
-0.030
0.260
-0.540
-0.810
-0.410
-0.710
-0.310
0.230
0.260
-0.200
0.420
0.120
-0.410
0.020
0.200
0.100
0.240
-0.630
0.220
0.090
0.310
-0.290
0.450
0.190
0.120
0.060
-1.360
-0.020
0.030
0.000
0.420
-1.500
0.830
0.070
0.050
-0.420
-0.200
0.020
-0.280
-0.570
0.170
-0.070
0.180
-0.440
0.080
0.260
-1.890
0.520
0.040
1.700
1.550
0.560
0.550
1.300
0.320
0.060
0.020
-0.280
0.020
-0.030
0.070
0.110
-0.190
0.110
-0.020
0.220
-0.250
-0.140
-0.030
0.030
-0.090
0.220
0.120
0.050
0.180
0.150
-0.470
0.010
-0.050
0.230
0.020
0.210
-0.140
0.060
-0.850
-0.350
0.640
-0.100
0.060
-0.300
0.180
0.190
-0.150
0.070
0.050
-0.040
-0.210
-0.120
0.220
-0.170
-0.020
-0.070
-0.180
0.030
0.040
-0.440
1.280
0.340
0.180
0.150
-0.060
0.010
0.130
0.090
-0.290
-0.100
-0.380
-0.950
0.030
0.010
0.150
-0.160
0.570
0.080
-0.100
-0.240
0.250
0.130
0.070
-0.120
-0.080
-0.160
0.220
0.020
0.180
-0.110
-0.040
-0.150
0.350
0.340
-0.360
0.210
0.200
-0.530
0.210
-0.090
-0.050
0.640
-0.330
-0.380
0.130
0.250
0.120
-0.050
0.040
0.020
0.770
0.040
0.000
0.070
-0.020
-0.260
0.190
0.110
0.260
-0.470
0.030
0.240
0.060
-0.270
-0.180
0.160
-0.650
-0.750
0.270
-0.020
0.420
-0.040
-0.150
0.070
0.210
-0.220
0.130
-0.180
-1.310
0.200
-0.530
0.090
0.040
0.230
-0.250
0.540
-0.300
-0.480
0.050
0.450
-0.360
0.150
0.440
-0.650
-0.160
0.260
-0.750
0.350
-0.400
0.410
0.480
0.700
-0.320
0.470
0.690
-0.470
-0.220
-0.800
0.570
0.670
-0.960
-0.260
0.670
0.790
-1.400
-0.680
-1.630
0.100
-0.880
1.560
1.420
1.290
1.170
1.060
-0.270
0.230
-0.050
0.750
-0.200
0.490
-0.380
-0.100
-1.130
0.130
0.520
-0.470
-0.040
0.650
0.280
-0.860
0.110
-0.810
-0.050
-1.330
-0.240
-1.510
0.250
-0.850
-1.750
-0.570
0.400
0.460
-0.520
0.170
0.490
-0.520
0.080
0.030
0.520
0.360
0.190
0.120
0.210
-0.130
0.040
-0.710
-0.870
0.670
-0.160
0.500
-0.250
-0.280
-0.430
-1.770
-0.110
1.800
0.470
-0.650
0.660
1.170
-0.370
-0.370
0.720
-0.860
-0.540
-0.320
1.650
-0.030
0.110
-1.010
0.420
-1.880
-2.090
1.900
0.480
-0.760
-0.350
0.970
0.490
1.060
-1.910
1.540
-0.370
0.050
0.730
-0.130
-0.160
1.490
0.200
0.560
-0.190
0.240
0.790
-1.220
0.290
0.000
-0.070
0.610
1.360
0.040
1.230
-1.360
-1.520
0.660
-0.350
1.360
1.090
1.130
-0.960
-1.360
-1.150
1.250
0.810
-1.420
-1.580
-1.750
-0.590
-1.240
0.610
-2.080
-0.180
0.530
1.600
-0.830
-0.420
0.910
1.200
0.560
1.080
1.490
-1.660
-0.590
-0.730
1.160
-1.580
-2.030
-0.470
0.490
1.240
0.090
1.350
1.610
-0.430
-1.840
0.810
1.610
1.460
1.330
-1.470
-1.640
-1.820
-2.020
-2.240
-2.490
0.500
-2.710
-3.010
-1.240
1.490
-0.210
-3.070
-0.860
0.710
-3.260
-0.530
-0.750
3.450
0.270
0.970
-0.680
0.640
0.440
-1.020
1.770
1.410
-0.590
-3.480
-1.180
2.100
-0.120
-0.490
0.490
2.500
0.990
0.150
-1.450
1.130
-0.390
2.310
2.610
0.810
-2.620
-0.890
-0.130
0.560
0.400
0.810
-1.850
0.230
-0.680
-0.960
0.070
0.910
0.860
-0.830
-0.980
-3.380
-2.360
3.290
2.990
1.930
2.540
2.210
0.060
1.340
-0.050
0.240
0.480
-0.520
-0.440
2.010
-0.640
0.080
0.930
-0.470
1.300
0.330
0.450
-0.190
-0.020
-0.950
-0.360
0.040
1.780
0.660
0.040
-0.240
0.540
0.150
-0.150
0.430
-0.090
0.120
0.100
-0.230
0.180
0.500
-1.230
0.280
-0.580
-1.260
0.960
0.530
0.190
0.210
-0.510
0.250
0.140
0.250
1.510
1.370
1.250
1.130
1.030
-0.100
-0.090
-0.370
0.150
-0.330
-0.290
0.230
0.510
-0.110
-0.160
-0.020
0.370
-0.140
0.100
-0.100
0.270
0.100
0.280
-0.240
0.020
-0.190
0.170
-0.610
0.140
0.150
0.000
-0.170
-0.040
-0.070
-0.180
0.140
0.050
0.050
0.380
0.000
-0.040
0.240
-0.200
0.030
-0.160
-0.020
-0.510
0.740
0.940
-0.240
-0.070
0.160
0.180
0.000
0.100
-0.110
0.240
0.140
-0.460
0.040
-0.180
0.150
0.200
0.040
-0.020
-0.180
0.230
-0.350
0.290
-0.390
-0.210
-0.040
0.890
0.820
0.030
-0.340
-0.030
