288282.06
298192.97
353262.12
299060.34
445526.50
345190.56
694114.25
351823.84
320215.28
253423.98
348454.16
235959.06
365225.44
722014.31
192635.56
183908.95
148344.06
214883.19
258433.52
383580.97
228934.09
430553.88
119164.50
180939.14
181006.03
248043.52
273818.53
220397.00
337508.97
354518.25
228552.70
199764.14
225767.31
270890.94
388809.69
658825.81
195468.23
173736.89
197321.84
234259.23
97439.91
175086.12
184016.22
190384.05
274572.09
426154.03
68624.29
111151.76
65607.48
59238.43
120656.78
80611.00
116735.87
130928.23
97144.76
81604.65
118022.66
93600.22
143530.53
115405.47
101564.97
148242.02
151324.41
119651.46
78323.17
118677.94
101634.13
70274.28
85635.80
101269.00
115674.86
137164.11
146328.52
143423.20
163460.05
145094.55
139655.80
133107.64
218493.75
253143.02
438081.44
195516.19
227213.03
267060.41
112641.22
138652.84
194273.52
83725.69
156577.22
86593.00
136242.30
135559.34
142744.78
133955.56
192759.00
181352.17
145325.09
75613.70
112399.97
163678.44
113209.73
92552.34
77575.60
89689.79
63402.15
65929.01
90408.01
100933.03
71231.01
65774.64
102773.00
63064.53
88159.38
177312.77
124034.50
105956.87
123526.01
124252.88
130112.86
102920.48
94337.09
118178.36
110249.59
73754.15
81531.76
119342.19
105142.78
99943.13
89445.01
106092.00
98210.01
92634.33
98086.96
116168.14
128883.32
117759.81
131801.19
242141.36
108595.35
203324.16
136913.95
86670.52
111733.00
188729.05
139033.86
156017.12
187118.34
191767.81
266330.03
236167.20
209853.59
251479.41
424593.62
601776.44
223921.58
302109.62
170972.59
250763.02
246087.53
324444.66
350062.50
199080.69
102324.81
141440.45
202282.28
131087.52
108715.74
113211.55
137984.27
102912.02
161174.02
162893.83
203469.48
143562.47
240524.45
177192.98
219995.20
245458.84
122153.64
117989.60
124915.37
132664.95
163508.81
85759.01
137265.27
82904.62
95631.87
172036.86
129450.88
147269.23
172507.80
105724.01
107475.61
159513.62
157651.84
256123.98
319097.31
548217.50
714571.94
263116.72
175135.45
154114.38
154904.48
190470.09
403119.41
122519.64
140939.22
173337.02
106374.44
170104.72
292808.66
265038.16
264982.28
235011.78
191506.25
243328.44
102427.19
127737.39
133804.11
133551.12
136958.58
160177.47
147358.62
152975.67
126433.32
231140.05
165365.94
208714.30
361434.50
204467.67
149056.48
245249.27
202719.81
158532.70
163759.16
212347.36
240931.91
212294.25
381135.44
328548.31
359375.72
311042.50
540557.06
451295.34
727171.06
522832.31
412653.47
398407.38
761316.94
626455.81
662354.44
1058022.88
1222532.50
1009969.44
1570028.75
1572550.62
3348904.25
284506.84
406110.53
178308.12
335711.59
364118.75
554797.62
228156.84
287223.28
277156.47
342164.72
326840.25
138738.12
222679.22
330883.66
585892.25
115623.73
174497.77
117194.60
125386.15
210334.84
129841.53
179378.12
103764.31
121861.59
115080.22
125380.23
269889.00
321651.31
233015.66
237796.73
221634.73
108614.70
151053.62
149599.45
155466.97
121564.04
180893.44
191808.95
490363.91
241493.78
272387.31
297417.56
459173.06
617254.38
231880.88
344363.88
292424.91
544566.12
710586.38
345948.06
328728.72
588198.00
684607.62
484986.31
573470.31
360597.47
377171.62
273239.78
385761.03
629648.00
452015.03
238562.94
169995.16
167934.17
252257.17
142706.67
180480.50
188847.27
280846.88
225995.23
371936.47
480390.16
352540.59
240227.06
360668.16
338415.62
627040.88
538463.75
352633.28
400144.12
370857.59
378484.84
412288.34
354123.75
160581.88
176820.84
252077.97
202879.89
221286.73
207759.09
278208.72
291325.94
371276.97
367238.69
243211.73
291017.75
463532.28
657326.62
427525.47
320032.59
349276.75
369850.72
354225.78
461579.75
580865.88
469148.06
136925.00
459289.44
593331.12
513322.78
350165.09
374810.50
443857.06
835809.19
519619.53
832026.81
1449323.50
943887.44
915528.56
977205.94
1579909.38
1668937.50
2493305.00
1022884.31
1454262.12
1908770.62
1184276.25
1706915.75
1377557.88
472148.72
421703.31
407682.06
446186.34
592379.50
779635.25
652487.56
719981.00
624820.69
1333352.25
679175.69
530179.38
810819.56
1215731.50
1177326.50
1616991.12
897026.81
1212635.12
2379457.25
853913.00
698995.94
873998.69
934433.62
672297.75
580787.38
489275.84
593932.44
602285.69
769223.19
929718.69
1189695.38
1306508.25
1357020.25
1629199.00
2846957.25
1470405.88
739605.56
822215.50
764295.56
1140711.75
800752.50
856818.69
422842.06
643646.19
1061630.12
1059848.38
1589509.38
1984186.62
842254.38
1197272.62
1271790.38
1006658.12
768007.44
536008.31
894008.50
980560.56
437606.81
785788.38
688577.62
726389.81
470862.78
453730.69
487320.59
675915.81
599042.94
820382.06
500674.12
545830.12
665160.69
840017.31
943699.88
1199393.75
1078247.38
1159268.88
1165936.25
1036398.12
1000622.56
1128933.62
911658.44
964091.81
1460205.75
717602.00
676020.88
498756.31
769326.19
674306.50
789987.56
726228.88
913640.38
844601.62
927879.75
1002434.38
966510.69
774120.75
695642.81
847747.56
1443772.38
788471.38
459167.88
972835.06
103142.00
475534.41
1054089.50
720296.69
774710.75
669796.19
917210.56
749228.69
655298.50
568861.69
613952.00
698303.62
628916.94
748907.00
787978.50
785095.81
1152589.25
1407905.12
1100421.25
917060.81
797802.88
950446.19
1217811.25
1419900.50
1735512.50
830224.19
747369.38
973723.00
1237712.75
1288454.12
1174068.00
1152840.25
1455802.75
1753574.00
892122.19
660646.00
618490.69
738897.06
601882.62
1063256.88
1177840.88
1236723.75
983042.81
774156.75
929357.06
936754.50
888334.94
1062312.50
1715516.75
835735.62
803180.69
1263967.88
976281.06
1460343.25
1146234.75
620913.62
501842.00
411518.88
520057.03
546538.44
648125.75
480203.84
564537.06
597274.00
746934.81
1095380.75
937044.56
473387.34
545026.44
601427.25
430115.50
490517.22
464330.81
741138.56
590909.06
556924.12
977355.69
668223.94
790110.62
545991.69
344956.53
521422.41
596593.12
426627.62
482305.06
774433.75
846889.12
1436995.12
2283307.50
707803.62
216513.77
232478.30
213379.12
478944.72
147433.30
165716.72
85756.65
196276.94
72141.82
61166.63
81518.93
105429.98
111126.11
108222.14
77670.94
126943.73
144572.58
246546.08
199686.42
252810.73
187809.53
156480.14
146190.97
112940.43
225052.31
109312.13
92204.84
118964.01
115194.61
212549.88
198180.20
286718.75
181287.41
270178.12
241653.27
151422.80
294098.31
336473.56
213662.91
135181.19
138087.52
146262.50
309847.06
289293.41
214329.41
348116.41
442982.38
701006.88
233267.42
374857.34
219583.05
429529.88
339768.38
594803.50
550794.75
466859.38
293942.16
448489.31
285080.78
214456.31
383361.97
370977.91
420257.44
497082.25
901802.12
130983.35
72926.93
137224.00
85441.95
165645.64
175234.08
228189.19
220460.30
188063.30
161852.73
257438.06
201978.02
277200.09
218487.17
249473.28
300773.25
162724.83
69766.09
102606.42
192430.23
142956.42
240666.48
187190.09
305620.09
435881.28
485515.44
341308.75
507096.91
713642.25
775626.94
285484.12
238775.66
373326.88
460606.16
289411.28
479684.50
598801.81
221140.25
194307.94
167474.31
222161.28
308794.12
262446.16
198120.12
284458.69
144208.42
238284.91
289091.31
393195.00
243415.91
166821.56
153362.48
123992.10
174591.20
121233.26
206467.91
510445.97
262753.84
264959.09
192580.58
226655.36
318298.94
167389.55
464684.72
216963.56
232744.91
454438.78
485106.34
228882.14
263325.84
341990.81
298685.88
357300.25
325838.31
448558.94
651150.75
386008.88
408109.56
906816.12
898478.44
939803.88
1050879.12
727493.62
1111458.50
886997.12
159202.12
170736.12
181107.69
303222.16
385047.62
160938.05
