9.920
9.940
9.960
9.990
9.980
10.040
9.990
10.160
10.200
9.980
10.040
9.990
10.050
10.010
10.020
10.040
9.980
10.050
10.000
10.020
10.090
10.140
9.980
10.000
10.120
10.130
9.870
9.850
9.840
9.810
9.660
9.990
10.120
10.140
10.360
10.280
10.180
10.140
10.110
10.200
10.500
10.580
10.550
10.550
10.470
9.930
9.910
9.860
9.850
9.930
10.110
10.620
10.730
10.690
10.810
10.780
10.950
11.080
11.080
11.310
11.370
11.530
11.530
11.480
11.440
11.230
11.620
11.710
11.760
11.820
11.940
12.110
12.300
12.240
11.920
11.830
11.760
11.750
11.740
11.630
11.630
11.760
11.820
11.700
11.670
11.690
11.730
11.740
11.740
11.810
11.720
11.790
11.840
11.720
11.750
11.870
11.880
12.090
12.070
12.090
12.280
12.200
12.110
12.090
12.050
12.020
12.060
11.950
12.090
11.700
11.540
11.660
11.520
11.440
12.200
12.550
12.690
12.660
12.870
12.810
13.020
12.560
12.570
12.340
12.360
12.360
12.350
12.350
12.170
12.500
12.270
12.300
12.280
12.570
12.200
12.040
12.050
11.990
13.150
13.280
13.320
13.280
13.220
13.140
13.660
13.530
13.580
13.670
13.710
13.870
14.390
14.290
14.290
14.340
14.460
14.430
14.630
14.690
14.710
14.300
14.310
14.400
14.350
14.210
14.530
14.410
14.570
14.140
14.150
14.590
13.930
14.080
13.620
13.490
13.640
13.980
14.020
13.830
13.730
13.740
13.760
13.900
14.080
13.870
13.660
12.400
12.340
12.400
12.680
12.480
12.610
12.560
12.540
12.400
11.980
11.970
11.980
12.020
11.990
12.080
11.840
11.790
11.720
11.880
11.870
11.930
11.900
11.900
11.930
11.790
11.610
11.730
11.870
11.800
11.850
11.770
11.580
11.550
11.590
11.590
11.410
11.340
11.330
11.340
11.340
11.360
11.710
11.730
11.890
12.120
12.020
12.160
12.340
12.430
12.450
12.600
12.410
12.500
12.190
12.160
12.240
11.950
11.940
12.130
11.950
11.990
11.900
11.960
12.000
12.180
11.680
11.550
11.820
11.880
11.820
11.830
11.900
11.900
12.070
11.920
11.670
12.030
12.020
12.120
12.240
12.170
12.060
12.030
11.780
11.850
11.900
12.000
12.110
12.170
12.110
12.090
12.090
12.140
12.140
12.160
12.120
12.420
12.250
12.360
12.320
12.550
12.550
12.610
12.260
12.300
12.410
12.310
12.190
12.310
12.200
12.420
13.420
13.480
13.370
13.440
13.390
13.170
13.210
13.190
13.120
13.400
13.060
12.510
12.760
12.840
12.420
12.750
12.610
12.600
12.990
13.100
13.190
12.860
12.400
12.250
12.270
12.500
12.200
12.250
12.280
12.290
12.290
12.310
12.470
12.690
12.290
12.200
13.060
13.190
14.380
14.200
14.230
13.950
14.080
13.370
13.440
13.100
13.270
13.250
13.240
13.500
13.400
13.440
13.400
13.400
13.640
13.900
13.830
13.800
14.540
14.590
13.980
14.140
14.420
14.140
14.200
14.940
15.540
14.210
15.790
14.690
14.560
16.190
15.570
15.680
15.840
16.390
16.430
16.210
16.650
16.830
16.820
16.780
16.190
16.570
16.450
16.180
16.140
16.590
16.500
16.880
17.320
17.620
16.590
17.000
16.240
16.740
16.880
17.290
16.780
16.190
14.720
14.680
14.490
13.500
12.270
11.150
10.120
10.460
11.620
12.990
13.190
13.130
12.860
14.300
14.170
14.490
14.170
14.140
13.300
12.550
12.060
12.250
12.930
12.420
13.820
13.640
13.770
13.040
14.190
15.790
15.390
14.870
14.620
13.960
12.680
11.830
12.020
13.350
12.140
11.040
12.270
13.860
14.770
13.740
15.200
16.900
17.880
17.270
17.780
19.760
20.790
20.340
22.020
21.770
21.280
21.200
20.830
21.600
20.010
18.890
18.120
18.940
18.810
17.810
17.780
19.750
19.540
19.270
17.520
17.150
15.640
15.200
14.550
14.700
15.170
15.420
15.210
14.750
14.020
13.120
13.630
13.900
15.060
15.410
15.200
15.370
16.380
14.890
13.540
12.310
11.190
11.290
10.480
10.380
9.800
9.780
9.360
9.300
9.560
9.490
9.520
9.520
9.290
9.540
9.750
10.240
10.080
9.910
10.040
10.030
9.420
9.050
8.940
8.980
8.730
8.930
9.190
8.790
8.680
8.360
7.810
8.090
7.960
8.110
7.810
7.640
7.550
7.530
7.550
7.540
7.450
7.530
7.590
7.510
7.510
7.460
7.060
7.000
7.220
7.180
7.060
7.150
7.060
7.080
7.070
7.070
6.890
6.830
6.730
6.650
6.730
6.730
6.910
6.990
6.860
6.860
6.850
6.800
6.720
6.700
6.800
6.730
6.710
6.650
6.630
6.690
6.680
6.600
6.490
6.610
6.580
6.550
6.510
6.450
6.370
6.330
6.410
6.390
6.410
6.380
6.530
6.500
6.500
6.540
6.290
6.190
6.300
