177252.95
173600.59
296084.19
400955.09
658982.75
574335.12
397687.81
308078.75
159743.09
144342.02
161147.09
82009.40
101768.90
90290.36
108254.01
166651.33
146616.48
129881.63
194286.02
76947.39
153783.92
113056.01
112872.00
102027.26
53130.70
106391.21
88855.53
89426.35
114368.21
34193.14
95654.46
85143.90
35087.45
80168.84
80857.00
78251.49
62441.86
70388.26
125308.12
62530.73
43586.02
80757.05
80761.53
61391.82
72986.85
59360.67
65890.00
74009.75
84545.78
75941.70
84417.96
70037.05
74442.21
126916.35
74520.87
76052.00
69909.91
64600.60
121252.73
198502.55
133098.92
128720.93
202538.97
116248.41
51741.39
103726.14
79607.69
90885.01
78418.93
47993.37
84580.48
78322.28
82899.44
57997.34
94075.31
95368.72
60346.29
63526.44
77904.02
58991.73
120746.35
88718.34
99566.02
104726.56
90294.48
74263.87
77138.06
62605.66
83750.78
102036.77
93193.69
91499.67
81335.76
96010.38
107776.84
89893.16
72627.73
54730.82
62043.72
55689.02
77093.43
58747.29
55342.19
40177.00
31107.01
29695.31
37615.32
69212.37
79865.62
79577.07
45222.79
52042.99
133119.30
145500.53
58608.55
93626.29
94666.86
152157.47
86184.12
111461.08
120850.59
134642.89
82218.09
66245.10
110845.77
117710.55
79822.29
74234.39
98535.11
69998.17
83887.56
90912.04
80745.43
90682.80
143983.95
139407.64
151290.22
202972.09
55006.41
57326.66
81456.57
103559.76
72962.01
134863.59
77321.80
88145.14
154097.23
191432.92
182630.41
104930.96
165493.73
159391.66
258671.20
349470.56
197842.95
220891.23
191098.38
190950.09
193843.27
139250.39
115153.30
179226.44
173832.81
119052.99
137982.14
77185.89
105343.93
100298.59
87582.39
69026.89
110865.15
147636.30
172916.77
87679.02
101374.02
169554.16
118145.57
127912.16
106135.83
136617.89
199183.72
110138.38
105793.17
84943.39
103566.10
58070.29
92272.34
125967.87
113828.13
117416.39
144886.00
113856.52
110969.40
209641.11
123881.27
344847.50
120688.87
141459.11
190340.17
174431.20
164521.25
186972.69
172161.19
172978.73
332914.16
543823.31
563662.62
523291.78
183265.19
261272.95
144829.84
168863.16
193887.92
247889.39
320049.00
259651.20
98151.13
108713.61
131872.44
191113.22
72694.77
110806.63
189451.27
179869.55
97547.71
170156.44
72864.70
136736.44
210130.03
114526.97
91851.04
116180.22
105510.42
76399.68
76032.59
146442.86
114241.19
142658.91
360269.81
155481.31
183667.00
165783.44
284536.69
168734.38
255985.09
289543.16
186698.09
296898.09
384172.12
359404.88
380867.59
501410.59
386308.38
432459.38
596243.12
916823.38
868938.50
342331.12
256388.34
121246.66
156299.02
115841.56
139733.09
189463.34
197243.45
244320.56
172408.22
166322.31
92500.96
89429.31
173901.56
147579.77
115172.83
126440.45
139703.88
131328.02
172101.39
224936.56
295207.16
328385.03
226942.08
353567.16
369099.28
216664.62
207038.66
129293.33
199251.19
236952.23
97841.06
139587.09
145175.48
132271.02
246959.56
148506.66
186140.23
259342.17
128134.83
167842.72
242868.77
301087.22
385848.06
540722.81
293452.09
203214.00
224592.80
247133.00
320694.41
360225.28
253317.02
377378.62
603109.81
605305.62
154063.20
120414.37
127369.77
164615.84
256887.08
195239.06
122081.02
79915.29
87158.36
116615.35
59996.76
93445.89
77538.86
117367.68
112091.19
189791.45
203732.98
214188.58
161304.00
214039.25
248685.20
411713.12
123337.41
113545.10
122773.19
80761.08
146620.62
114873.18
118757.93
57234.61
73368.13
97906.01
98448.73
84676.53
82892.01
109539.38
79882.26
117238.68
131377.22
100743.12
75370.79
99635.51
130296.20
133000.75
124460.32
149696.06
136239.06
93236.39
114137.80
165225.62
235359.02
40455.06
218170.45
220450.53
155069.81
270527.28
186739.73
238533.27
435521.34
194078.70
134552.59
128382.98
167268.75
155200.23
219007.73
374679.09
206398.19
225177.41
165092.77
147598.77
229946.58
302840.88
353453.66
204026.44
189698.36
259227.27
348748.41
400600.91
668337.06
280080.12
189729.98
241552.28
276561.34
274969.47
381872.41
437416.28
352935.09
363600.91
241450.77
184917.39
249539.83
404884.22
201000.05
298333.94
213472.20
249796.62
301413.66
273666.22
415527.06
330597.84
432757.06
401395.69
638272.88
411165.50
337497.16
471369.06
232848.16
181019.48
90110.07
112528.96
129848.20
229175.30
245463.00
289406.12
393675.75
460704.69
420483.78
681797.31
718124.31
274967.03
547717.62
950280.25
617837.75
490208.41
251116.59
201745.09
296725.72
237120.05
500424.03
373522.69
280227.16
253722.91
176845.80
111506.87
258920.98
278083.16
262603.69
324359.97
248127.80
246894.61
178630.70
188100.84
281419.59
289852.91
266298.00
210807.77
217032.86
191047.73
155359.62
187206.55
238300.61
246297.16
322448.84
219596.12
353207.00
311975.75
221513.48
213476.50
283459.25
228729.50
364252.12
230866.81
495713.72
379202.47
163193.62
175762.91
254714.20
414035.69
352231.75
391465.12
683169.31
385519.31
193812.23
258821.20
298854.19
197965.84
225083.66
326553.94
380129.75
437056.47
305738.47
389281.56
292073.94
349442.41
218317.39
219990.41
220381.83
201922.94
249468.27
328731.50
344086.84
270412.34
252740.05
353150.44
187306.53
238745.70
170711.20
112691.93
146622.77
250443.20
176729.41
174213.61
103726.05
100288.20
93048.99
127972.86
152091.19
130513.94
125389.03
96539.68
197030.56
188899.75
220772.23
281701.50
310318.72
124543.43
199269.44
214866.81
218337.31
296393.78
274071.84
273376.97
278528.41
191658.55
197297.48
232621.45
234394.08
228570.19
307344.81
496238.81
344885.62
57387.73
121595.16
95884.69
189195.52
234914.95
560093.81
95558.14
116828.74
97840.20
101528.16
73783.42
82639.42
163191.70
87486.46
108270.99
258325.34
115188.46
116912.64
113532.01
76637.48
60789.06
66698.44
143120.66
62965.19
92742.15
129300.88
193247.72
93646.26
46044.35
84613.90
89994.00
160118.38
74093.70
131976.72
282242.41
284477.53
226789.66
130509.61
209372.52
132449.95
226364.31
142224.73
149429.73
82682.90
107834.55
64511.75
53373.76
91071.28
90952.19
184729.92
104157.68
83659.07
135251.55
144090.16
123090.95
127742.09
129536.78
261475.56
271164.94
273379.66
165114.98
263243.28
233918.11
267365.59
126764.27
184769.27
218105.70
226144.98
318602.66
157410.88
138243.91
167928.09
196190.77
293132.16
185110.58
506042.31
688382.31
235469.59
136634.66
47741.43
37261.11
63816.09
58644.99
62238.69
54913.55
110529.28
64819.70
97582.57
55888.62
61670.40
77064.98
80616.63
84779.78
109513.71
91522.64
54968.54
50478.41
35012.20
66323.11
60999.62
79038.60
91832.88
246353.39
456803.12
390155.31
419222.75
75440.52
43349.55
55240.93
57340.91
43806.35
70788.44
62049.34
78789.77
41053.30
37907.51
40661.52
43105.53
51072.75
103801.64
59870.74
66997.19
47739.25
90685.81
126061.51
158177.52
83133.49
43966.58
39794.03
42660.65
28257.11
20208.66
35168.27
20949.53
29578.91
23038.65
28282.33
32003.62
36050.21
52406.90
43582.35
36661.23
39503.69
48849.12
44160.07
54358.77
108830.11
47128.40
42038.99
47779.07
35756.18
42303.80
57936.03
36800.95
42889.07
34576.34
34055.54
48545.69
52675.93
67684.87
87400.65
29685.28
31747.83
57061.69
62441.85
64724.57
49998.38
103452.43
115393.92
140821.45
