4.040
4.010
4.020
4.100
4.140
4.170
4.210
4.180
4.150
4.180
4.170
4.150
4.100
4.040
4.030
4.050
4.010
4.060
4.260
4.160
4.090
4.040
4.050
3.990
3.990
3.990
3.940
3.900
3.830
3.690
3.920
4.350
4.350
4.360
4.420
4.510
4.590
4.570
4.580
4.580
4.540
4.430
4.430
4.920
4.900
4.960
4.910
4.980
4.890
4.890
4.730
4.570
4.530
4.560
4.600
4.610
4.620
4.590
4.530
4.640
4.560
4.520
4.510
4.480
4.490
4.470
4.490
4.340
4.340
4.330
4.250
4.240
4.240
4.190
4.140
4.160
4.200
4.150
4.420
4.560
4.450
4.540
4.480
4.550
4.550
4.710
4.760
4.840
4.410
4.260
4.230
4.150
4.140
4.120
4.110
4.090
4.290
4.260
4.260
4.340
4.320
4.390
4.330
4.360
4.380
4.450
4.400
4.390
4.410
4.490
4.450
4.410
4.440
4.250
4.350
4.240
4.230
4.210
4.070
4.130
4.220
4.170
4.290
4.290
4.210
4.130
3.920
3.900
4.110
4.240
3.990
4.030
4.080
4.020
4.000
3.880
3.900
3.950
4.000
4.050
4.130
4.110
3.970
3.890
4.050
3.950
3.840
3.850
3.880
3.930
3.920
4.060
4.230
4.200
4.220
4.120
4.120
4.150
4.180
4.140
4.130
4.150
4.130
4.390
4.370
4.460
4.490
4.460
4.390
4.450
4.390
4.550
4.330
4.350
4.280
4.320
4.370
4.330
4.190
4.230
4.160
4.250
4.220
4.260
4.180
4.050
3.970
4.020
4.070
3.950
3.960
4.050
4.210
4.170
4.030
4.150
4.140
3.910
3.870
3.950
3.920
4.340
4.340
4.390
4.230
4.240
4.230
4.220
4.100
4.020
4.080
3.940
3.950
3.840
3.910
3.780
3.960
4.020
4.360
4.180
4.120
4.260
4.330
4.170
4.130
4.350
4.240
4.320
4.280
4.610
4.460
4.920
4.750
4.880
5.420
5.530
5.570
5.490
5.590
5.560
5.660
5.840
5.740
5.700
5.830
5.730
5.690
5.690
5.550
5.580
5.780
5.750
5.760
5.640
5.680
5.550
5.560
5.480
5.620
6.190
6.100
6.000
6.020
6.200
6.140
5.970
6.180
6.440
6.530
6.460
5.870
5.780
5.250
5.250
5.170
5.080
4.850
4.900
5.130
5.190
5.280
5.200
5.280
5.210
5.090
4.930
5.470
5.500
5.340
4.850
4.720
4.910
4.710
4.500
4.390
4.250
4.130
4.250
4.210
4.380
4.300
4.460
4.380
4.260
4.200
4.300
3.950
4.210
4.690
4.690
4.920
4.780
4.560
4.270
4.520
4.910
5.140
4.790
4.550
4.910
5.450
6.070
6.190
6.450
6.170
6.860
6.680
6.790
6.330
6.500
6.450
6.130
5.980
5.830
6.010
5.600
5.840
5.840
6.130
5.760
6.230
6.920
7.020
6.670
6.720
6.580
6.530
6.050
5.850
6.390
5.810
5.280
5.870
6.520
7.240
8.040
8.940
8.570
9.520
10.590
10.560
10.420
10.100
11.210
11.690
10.630
11.030
10.550
10.200
10.270
10.160
10.470
10.560
10.310
9.370
9.570
9.090
8.810
9.390
9.770
9.250
9.230
8.800
8.690
8.490
8.300
7.970
8.080
8.420
8.300
8.060
8.080
7.380
7.120
7.800
8.130
8.440
8.400
8.590
8.480
8.990
8.900
9.230
9.500
9.490
8.790
8.520
8.210
8.250
8.090
8.170
8.120
7.890
8.310
8.560
8.490
8.590
8.210
8.120
8.260
8.340
8.230
8.660
8.690
8.260
8.160
8.140
8.020
7.290
7.120
6.920
6.880
7.000
7.200
7.040
7.310
7.240
6.770
6.710
6.170
5.610
5.620
5.560
5.390
5.380
5.340
5.200
5.180
5.200
5.010
5.070
5.220
5.190
5.260
5.160
5.310
5.410
5.420
5.550
5.630
5.510
5.460
4.960
4.850
4.760
4.910
4.900
4.870
4.930
4.910
5.020
5.060
5.160
5.080
5.130
4.920
4.930
4.910
5.100
5.130
5.130
5.030
5.060
5.310
5.430
5.460
5.590
5.630
5.660
5.450
5.370
5.250
5.450
5.440
5.750
5.680
5.450
5.320
5.500
5.660
5.160
5.180
4.990
4.940
4.950
5.020
4.910
4.890
4.880
4.940
4.860
4.830
5.010
4.870
4.910
4.940
4.970
5.030
4.910
4.980
5.040
5.000
4.870
4.890
5.000
4.860
5.160
5.330
5.450
5.480
5.780
5.860
5.850
6.280
15.370
14.300
14.380
14.220
14.400
13.790
13.940
13.680
13.420
13.240
12.950
13.310
13.730
14.790
14.030
14.160
14.590
14.480
13.570
12.340
12.290
12.140
11.810
11.550
11.760
11.890
12.750
11.590
10.540
10.390
10.180
10.230
10.220
9.890
9.620
9.700
9.520
9.510
9.440
9.470
9.430
9.440
9.590
9.470
9.660
9.180
9.150
9.120
8.990
8.780
8.840
8.810
8.700
8.880
8.800
8.850
8.950
9.020
8.780
8.620
8.510
8.690
