6.230
6.170
6.160
6.150
6.110
6.090
6.080
6.110
6.010
5.920
6.120
6.270
6.300
6.260
6.290
6.290
6.280
6.250
6.310
6.170
6.160
6.030
6.000
5.910
5.780
5.850
6.000
5.990
5.830
5.800
6.000
6.100
6.340
6.300
6.280
6.050
6.130
6.080
5.980
6.310
6.310
6.330
6.500
6.500
6.670
6.730
6.720
6.500
7.110
7.100
7.200
7.410
7.470
7.680
8.000
8.020
8.130
8.320
8.330
8.400
8.220
8.080
8.100
8.010
7.970
7.900
8.320
8.250
8.290
8.110
8.090
8.160
8.220
8.200
8.290
8.270
8.280
8.170
8.110
8.190
8.180
8.420
8.410
8.360
8.350
8.610
8.730
8.840
8.820
8.710
8.680
8.810
8.770
8.620
8.650
8.790
8.720
8.850
8.700
8.790
8.770
8.480
8.440
8.380
8.310
8.380
8.380
8.450
8.230
8.300
8.180
8.370
8.010
7.800
8.520
9.040
9.100
9.320
9.410
9.420
9.310
9.120
8.950
8.950
9.020
8.930
9.110
8.990
9.030
8.330
8.000
7.940
7.950
7.900
7.860
7.950
7.730
7.880
8.210
8.190
8.270
8.260
8.200
8.480
8.500
8.450
8.400
8.450
8.400
8.450
8.570
8.530
8.480
8.510
8.510
8.520
8.520
8.510
8.520
8.350
8.190
8.350
8.320
8.410
8.350
8.430
8.340
8.260
8.310
8.550
8.440
8.540
8.630
8.510
8.700
8.790
8.790
8.820
8.780
8.820
8.680
8.510
8.300
8.260
8.170
8.160
8.220
8.210
8.270
8.380
8.130
8.080
8.000
7.650
7.670
7.570
7.890
7.890
8.000
7.950
7.970
7.780
7.740
7.680
7.680
7.600
7.540
7.480
7.510
7.500
7.510
7.550
7.530
7.500
7.520
7.400
7.320
7.320
7.460
7.480
7.310
7.280
7.240
7.210
7.230
7.140
7.370
7.350
7.400
7.640
7.630
7.650
7.700
7.710
7.580
7.600
7.700
7.700
7.740
7.520
7.600
7.600
7.530
7.570
7.630
7.480
7.480
7.450
7.450
7.420
7.300
7.230
7.510
7.450
7.500
7.380
7.400
7.560
6.910
6.850
6.900
7.220
7.210
7.350
7.200
6.640
6.750
6.710
6.830
6.660
6.720
6.710
6.950
6.800
6.830
6.720
6.920
6.900
6.900
7.290
7.610
7.640
7.400
7.400
7.370
7.660
7.550
7.420
7.440
7.510
7.400
8.080
8.100
8.320
8.300
8.230
8.080
8.330
8.100
8.170
8.360
7.740
7.510
7.600
7.450
7.300
7.500
7.480
7.520
7.430
7.410
7.400
7.160
6.930
6.870
7.000
6.920
6.720
6.860
6.920
6.850
6.990
6.820
7.170
6.790
6.600
6.640
7.150
7.130
7.480
7.450
7.390
7.290
7.330
7.170
6.900
6.680
6.970
6.920
6.740
6.600
6.530
6.470
6.410
6.440
6.810
7.160
6.920
6.910
7.250
7.040
6.750
6.860
6.720
6.970
7.200
7.530
7.710
8.380
9.040
8.280
8.930
9.810
9.500
9.200
9.200
9.390
9.210
9.510
9.760
9.650
9.650
9.540
9.490
9.410
8.820
8.940
9.360
9.300
9.400
9.650
9.600
9.700
9.450
9.400
9.200
9.830
10.710
10.610
10.470
10.500
10.560
10.390
10.530
10.580
10.800
10.860
10.270
10.390
10.220
9.900
10.120
9.870
9.300
9.140
9.270
9.620
9.800
9.750
9.800
9.900
9.790
9.260
9.450
10.300
10.200
10.160
9.900
9.680
8.620
8.750
7.800
7.610
7.260
7.220
7.280
7.430
7.880
7.700
7.640
7.010
7.000
7.010
6.620
6.520
7.200
7.750
7.900
7.760
7.140
7.140
7.150
7.940
8.200
7.950
7.080
7.580
8.420
9.360
9.990
10.800
10.790
11.990
12.300
12.010
11.260
11.600
11.780
11.550
10.830
9.850
10.050
9.620
9.540
10.210
11.100
10.340
9.650
10.230
11.000
11.030
10.350
9.480
9.300
8.710
8.140
9.040
9.860
9.600
8.570
7.010
7.790
8.660
9.620
10.690
11.880
13.200
12.860
13.800
15.330
16.270
15.520
14.120
15.670
17.310
16.060
17.550
17.700
16.430
16.110
15.750
15.510
15.210
15.500
14.970
16.100
16.380
16.310
13.770
14.420
14.450
13.000
12.300
11.600
11.280
11.260
10.990
10.800
11.210
11.170
11.000
11.010
10.460
10.180
10.200
10.800
11.500
12.100
11.450
11.130
11.800
11.570
10.740
11.010
11.050
10.440
10.360
10.690
10.010
10.310
11.000
10.740
10.610
10.370
10.850
11.210
11.210
10.450
9.180
9.110
9.270
8.920
8.710
8.620
8.710
9.120
8.790
8.650
8.560
8.430
8.320
8.220
8.250
8.360
8.400
8.360
8.100
8.070
8.150
8.150
8.180
8.160
8.070
7.970
7.980
7.850
7.870
7.750
7.700
7.610
7.790
7.800
7.810
7.850
7.940
7.760
7.860
7.670
8.020
8.000
8.130
8.060
8.150
7.690
7.210
7.070
7.370
7.030
6.990
7.080
7.070
7.350
7.460
7.410
7.380
7.260
6.850
6.830
6.780
6.980
6.830
6.780
6.780
7.140
7.000
7.160
7.200
7.330
7.360
7.420
7.160
6.760
6.700
6.630
6.530
6.890
6.800
6.750
6.740
6.880
6.980
6.980
6.940
6.920
6.860
6.950
6.760
6.750
6.780
6.650
6.710
6.580
6.540
6.960
6.940
6.900
7.000
7.130
7.120
7.100
7.150
6.620
6.360
6.230
6.250
6.370
6.680
6.810
6.770
6.610
7.020
7.090
7.210
7.100
7.130
7.170
7.260
7.330
7.330
7.260
7.260
7.150
7.090
7.080
7.180
7.180
6.990
7.050
7.160
7.050
7.080
7.120
7.050
7.050
6.940
6.330
6.190
6.160
6.060
6.060
6.030
5.990
6.280
6.260
6.300
6.210
6.140
6.140
6.030
6.020
6.000
6.160
6.110
6.080
6.100
6.080
6.190
6.150
6.120
6.220
6.140
6.200
6.060
6.190
6.280
6.730
6.340
5.510
5.150
5.210
5.160
5.450
5.300
5.260
4.990
4.880
4.920
