81859.03
99630.20
115895.45
49519.79
29814.74
21620.10
31821.59
33946.34
29636.31
30313.00
33439.00
23581.50
44595.72
34297.41
35591.26
53744.40
25691.72
26316.34
50392.24
41015.44
35577.56
39386.69
34918.43
20290.03
35658.59
41572.65
33781.97
26774.96
23045.97
24241.52
25383.70
28625.43
27822.96
30782.11
48782.62
51955.38
55960.21
26658.35
36122.45
25556.88
32452.46
29508.00
31604.49
30718.12
44377.07
41430.83
37606.08
44840.69
35643.29
50525.95
68893.62
47970.67
44672.22
80532.93
41008.25
45734.78
46968.38
45009.76
57649.18
53393.16
57654.13
55254.40
94868.53
84102.14
47635.12
80880.73
28749.23
32427.76
42415.14
30108.97
40561.85
52955.74
50759.88
52748.48
49044.82
41421.40
34904.73
23246.86
30696.10
25472.55
34680.46
34235.24
44081.82
58158.79
35350.23
36844.78
32853.89
57068.65
37465.16
44977.97
60850.64
63175.54
38637.28
61752.48
35513.03
34913.33
36518.89
28562.37
41246.19
39721.48
33308.75
33101.32
31379.50
30477.83
24130.59
28962.31
36591.48
20898.99
28607.08
26417.45
25542.83
31187.55
35859.76
69635.57
33063.66
37146.61
51078.05
70080.84
62845.76
113909.37
67192.43
111046.47
59620.04
48970.70
52127.66
41473.96
32385.45
43866.46
41718.86
55405.26
97928.00
143185.41
65298.65
59627.32
47591.26
64394.92
83599.74
138093.95
41196.93
24653.38
30893.19
28666.68
29103.51
46065.87
43656.74
76866.20
55027.91
96901.45
78555.41
53297.22
68830.68
51230.27
53113.32
35217.55
49803.31
58491.78
67791.44
68475.56
78890.09
81910.82
99039.36
110158.56
86087.94
81278.24
102538.60
52031.69
59257.53
101669.36
181852.95
54520.95
36688.96
33910.06
36613.14
64382.20
77897.44
25776.13
31662.49
55653.93
66496.04
40442.08
39688.65
45600.58
44921.00
28030.06
33016.10
21136.00
34065.11
52731.46
38808.00
27296.47
21288.84
22982.37
26913.34
41127.42
34412.53
93984.06
51102.94
81271.23
140006.89
50311.08
47604.91
49324.56
73454.37
80642.75
104765.20
127604.81
112147.52
162304.05
252287.88
187504.11
117999.17
64098.92
52392.20
76625.84
47247.28
43754.31
23272.28
36620.00
26529.00
36331.89
26166.45
25360.48
31390.54
18207.68
22806.94
50241.70
76188.89
58261.28
120316.90
110362.72
237936.55
47286.30
74567.64
65986.79
38911.81
42653.14
43124.38
48514.07
79235.95
82359.57
90761.42
41532.80
78498.95
115180.14
58800.12
94832.98
51906.50
72799.74
68431.02
64372.20
91285.37
143104.14
89899.58
109045.44
129653.63
101314.73
66100.97
48393.14
60725.63
60507.71
96141.30
83223.28
56330.60
147849.36
111519.31
66959.75
64707.72
109144.87
68527.61
71910.97
116135.96
116327.83
86241.63
115049.05
69811.71
32695.67
57297.54
100647.79
107157.31
103556.24
140591.53
106808.01
121938.40
243698.69
208153.06
115650.56
104324.28
72180.30
59039.89
89943.27
76082.04
70329.56
93268.83
68686.19
85756.49
161346.41
173273.47
154190.34
167674.55
103228.37
190128.80
271515.06
246901.02
150935.73
83629.70
102683.34
76885.44
53350.31
70664.56
53278.36
60452.75
70712.90
63179.59
100276.68
95888.35
113029.71
149866.17
164818.27
79239.60
63831.26
57818.09
73622.63
48724.51
55486.48
81894.82
81993.22
45989.69
71576.84
75928.83
70705.30
65318.42
92958.30
92550.02
141386.48
89746.07
101408.39
93938.98
106876.26
84431.39
119675.49
102080.35
70715.56
96603.49
56833.87
54376.85
76489.86
65527.95
98822.15
55672.17
110126.17
158102.89
207304.02
154640.89
84699.00
101551.31
91854.90
85722.30
98697.99
77890.88
98424.84
55951.25
70063.51
82214.08
26471.00
74267.27
162895.38
81396.24
89074.60
81355.03
99341.36
174326.48
226404.52
225584.42
196280.03
108841.34
160220.95
155264.66
127829.12
71188.54
85635.10
102642.22
132961.16
86438.04
149984.91
285020.00
167428.17
121601.50
119593.54
118657.33
133544.81
152519.08
191106.31
106434.69
115318.70
96882.34
111069.85
188315.42
116318.79
87302.72
131454.62
93015.91
172358.50
127616.06
116766.50
158900.95
216064.84
241143.08
285661.47
253855.38
132810.16
139332.94
86446.86
107888.38
215632.23
341312.66
351308.62
158753.56
150510.59
162469.16
115017.25
161172.52
237461.41
184827.95
107092.04
168000.58
157864.59
138170.23
137054.84
69614.97
50300.96
51469.35
78679.70
68756.49
106063.65
106753.60
86383.14
75675.73
147481.06
109407.40
72663.64
142678.25
59546.89
83236.55
104048.06
71162.53
86493.37
87594.06
110953.01
123302.82
151910.95
138430.73
140360.81
137761.62
97255.38
150895.09
208297.28
267366.66
226564.88
296534.44
255276.62
178755.19
217034.59
221721.41
225138.53
159371.05
104404.96
163808.12
145802.52
160079.81
109735.01
184114.77
236473.80
292581.75
252490.66
270957.81
267879.25
322758.69
245353.38
267574.47
263608.91
290788.16
208111.00
388771.94
262941.38
99027.41
284118.31
11982.00
78966.58
291145.22
183074.86
185086.55
218196.52
215599.12
173585.81
119787.67
134805.98
172962.05
182753.91
138508.83
185196.86
188198.41
272378.66
320758.28
361076.09
156691.69
145362.20
173152.38
202713.20
300198.22
181691.66
233100.36
199837.03
189291.08
187217.20
193179.12
225949.00
264755.38
168375.59
222679.64
170884.58
173727.06
210199.48
169569.95
172965.42
223283.91
213359.17
314394.28
195140.78
155831.73
168637.84
210997.75
221956.16
186423.70
204179.91
90300.83
129440.78
181512.98
110618.31
124180.75
172314.66
121020.02
269023.62
152295.16
168815.58
233370.77
126033.75
120719.01
218750.91
103375.30
142460.81
111205.56
131119.62
93737.96
74331.92
86773.99
113168.50
157415.06
126591.55
95706.71
103251.37
114748.46
82929.64
96460.06
109082.09
154883.09
102530.52
103121.74
75354.65
88505.07
63554.68
74725.79
90627.01
100407.92
106891.86
209820.34
121961.16
43329.10
78844.72
71924.25
53703.02
79125.71
80564.18
35429.11
46305.50
55206.49
28575.71
41188.67
57672.60
68308.98
79463.67
61436.50
109820.45
48632.32
125327.76
54501.74
48640.67
47664.01
53029.90
49459.65
31346.26
32008.45
28353.65
19186.05
19486.54
21262.00
34038.90
37290.53
31111.13
42171.48
48139.59
31594.84
26231.59
30760.55
29527.90
32918.00
27966.61
31316.17
34785.23
69232.42
45684.97
51344.22
59355.05
38199.05
55885.56
48710.79
71245.65
40732.75
106155.53
109415.85
108954.69
75633.84
90873.16
72831.53
85317.06
70234.46
118519.36
58427.43
63452.19
98705.83
108735.62
51451.08
47597.08
37805.21
37344.61
47584.26
61457.83
56652.66
59752.33
59449.37
45085.11
57247.96
46874.70
58143.84
99049.92
55632.47
64473.76
59802.16
59920.35
29065.10
41593.64
54492.93
104505.52
54454.01
34808.95
47970.28
54921.41
54300.00
69624.86
128005.30
118798.01
64609.56
81860.55
61061.15
91108.84
69560.75
61815.36
59043.53
61516.76
71318.28
56120.43
52773.08
79181.34
98206.11
143140.75
48645.80
69070.76
80740.95
95580.09
132133.91
85358.19
93066.65
149446.66
102195.22
72550.60
175371.05
85325.67
82534.39
85853.31
54873.52
157292.31
71804.33
77336.11
100054.60
64908.95
80686.80
53998.83
95784.81
93590.73
134577.61
85021.64
55269.02
55681.12
34602.73
43015.12
53556.92
83326.30
41317.26
42167.83
31708.01
85307.28
42005.30
47796.49
40471.86
52485.56
34657.17
43400.08
69224.20
35007.86
38002.75
45133.57
49408.23
71656.11
