18.990
18.860
18.970
19.090
19.140
19.160
19.100
19.240
19.250
18.230
18.430
18.380
18.810
18.850
18.750
18.390
18.420
18.240
18.560
18.570
18.550
18.670
17.950
17.640
17.270
17.230
17.330
17.240
17.090
16.890
17.150
17.270
17.300
17.530
17.100
17.030
16.870
16.770
16.520
16.970
16.950
16.950
17.350
17.500
17.580
17.520
17.460
17.400
17.270
17.040
16.990
17.140
17.250
17.970
18.240
18.220
18.340
18.530
18.850
19.420
19.080
18.650
18.480
19.500
18.140
18.330
18.160
17.760
17.930
17.750
17.350
17.430
17.750
17.890
17.660
17.600
17.380
17.430
17.350
17.320
17.530
17.580
17.550
17.540
17.450
17.790
18.200
18.180
18.010
17.810
17.920
17.930
17.850
17.900
17.940
17.780
17.180
17.280
17.270
17.150
16.910
16.860
16.760
16.690
16.590
16.650
16.600
16.610
16.640
16.550
16.400
16.470
16.320
16.600
16.980
17.050
17.220
17.410
17.180
17.100
17.020
16.990
16.830
16.810
17.290
17.330
17.480
17.350
17.530
17.460
17.560
17.130
17.270
17.060
17.140
17.350
17.270
18.200
18.230
18.230
18.120
18.070
18.260
18.750
18.650
18.450
18.440
18.410
18.260
18.410
18.550
18.450
18.430
18.610
18.810
18.680
18.740
18.660
18.530
18.540
18.740
19.100
19.130
19.490
19.500
19.230
19.330
19.160
19.300
19.330
19.660
19.940
19.940
19.660
19.660
19.860
19.860
20.000
19.310
19.560
19.300
19.290
18.800
18.210
18.260
18.440
18.540
18.930
18.970
19.060
19.100
18.450
18.400
18.220
18.410
18.330
18.790
18.800
18.680
18.350
18.200
18.310
18.450
18.300
18.390
18.470
18.470
18.580
18.850
18.950
19.060
19.080
18.890
19.050
19.180
18.740
18.220
18.500
18.730
18.670
18.590
18.760
18.750
18.830
18.790
18.480
18.970
18.930
19.690
19.640
19.870
20.370
20.480
19.830
20.350
20.460
20.050
19.360
19.100
18.410
18.180
18.350
19.160
19.170
19.350
18.780
18.300
17.570
17.620
17.510
17.250
16.850
16.730
16.730
16.740
16.700
16.820
16.950
16.990
16.580
17.090
17.350
17.440
17.530
17.530
17.330
17.530
17.350
16.870
16.800
16.810
17.100
17.060
16.890
16.590
16.720
16.800
17.170
17.090
17.100
16.930
16.990
16.840
17.400
18.760
18.740
18.850
18.680
18.560
18.530
18.720
18.640
18.760
18.950
19.140
20.120
20.140
20.290
20.580
20.980
21.140
20.890
20.490
19.960
20.280
20.430
20.330
19.580
19.640
19.260
19.300
19.660
19.600
19.880
20.100
19.580
19.660
19.180
18.370
18.160
18.190
18.190
17.600
17.980
18.170
18.480
18.620
18.690
18.840
18.630
17.880
18.500
18.810
20.090
20.200
19.800
19.760
19.280
19.700
19.490
19.500
18.740
19.480
19.400
18.720
18.460
18.060
18.200
18.350
18.280
19.310
19.930
19.360
20.060
20.650
20.230
19.550
20.310
20.250
21.180
21.350
21.730
22.560
23.610
23.820
24.360
27.350
27.900
28.450
28.200
27.580
26.890
26.810
27.650
27.560
27.580
27.990
28.090
27.730
27.960
27.630
27.180
28.150
28.180
28.580
27.650
27.150
27.300
26.000
25.400
25.770
27.800
28.170
27.500
27.360
27.700
28.250
27.370
27.570
28.690
28.480
27.630
27.890
28.370
28.790
29.230
29.500
29.090
29.180
27.500
27.500
27.000
27.000
28.190
28.810
27.690
27.880
27.010
28.450
28.300
27.630
27.820
25.710
25.650
23.510
23.780
21.780
21.160
20.140
20.280
20.590
21.410
21.480
21.150
21.560
21.040
20.250
20.800
20.030
19.590
22.550
21.190
21.760
22.390
21.200
22.560
21.300
22.500
23.940
24.450
22.600
21.990
22.590
24.000
26.990
28.980
28.500
30.500
30.890
31.740
30.250
30.440
32.980
31.370
28.680
27.270
27.160
26.310
25.750
26.490
28.550
27.860
27.890
30.280
31.600
29.680
29.890
29.380
28.430
27.370
25.420
25.700
24.670
22.430
20.390
18.540
17.660
19.960
23.290
24.000
26.100
29.850
29.740
31.900
33.300
36.800
35.630
34.880
34.490
36.690
35.880
37.390
39.380
38.660
39.690
39.540
38.420
35.370
35.290
35.860
36.420
35.550
32.470
30.590
33.850
34.390
35.000
34.300
31.850
30.020
28.370
27.950
27.390
26.990
28.600
29.320
28.380
27.300
26.410
24.930
26.500
27.320
28.180
28.400
27.880
29.470
30.300
29.090
29.400
29.150
28.660
29.250
29.680
27.690
28.320
29.880
30.480
30.330
30.500
29.970
27.820
26.440
26.770
25.800
25.490
25.590
24.730
25.270
25.320
24.120
24.290
24.300
23.720
24.310
24.790
22.730
21.680
20.250
19.300
19.680
19.250
19.090
19.590
19.880
19.500
19.480
18.980
18.550
18.550
18.650
19.040
18.440
18.290
18.460
17.640
17.660
17.990
18.650
18.780
18.670
18.240
20.360
19.200
19.170
19.460
19.430
19.170
18.950
18.920
17.880
18.220
18.540
17.980
18.140
18.530
18.750
18.500
17.840
17.900
18.360
17.120
17.020
17.500
17.990
17.100
16.690
16.290
16.480
17.560
18.640
18.060
17.900
18.230
17.890
16.450
16.370
15.750
16.010
16.300
17.010
16.870
16.860
16.190
16.480
16.880
16.760
16.600
16.020
16.070
15.980
15.910
16.140
15.630
15.790
15.330
15.550
15.560
16.280
16.450
16.450
16.660
17.350
16.990
17.220
17.180
16.330
16.160
15.400
15.330
15.050
14.540
14.840
14.960
15.060
15.230
15.550
15.770
15.600
15.600
15.740
16.250
16.540
16.130
16.100
16.150
16.980
16.490
15.150
15.330
14.050
14.130
13.550
14.660
14.070
12.830
13.050
13.080
13.250
12.830
12.830
12.850
12.530
12.390
12.200
12.150
12.200
12.450
12.690
12.770
12.880
12.930
13.000
13.440
12.800
12.060
12.090
12.250
11.680
11.750
11.550
11.380
11.380
11.240
11.210
11.200
11.290
11.490
11.080
10.570
10.410
10.440
10.480
10.850
10.860
10.850
11.070
11.100
10.880
10.860
11.200
11.650
11.930
