9.140
9.170
9.120
9.220
9.060
9.080
9.190
9.180
9.180
9.140
9.170
9.830
9.780
9.700
9.610
9.600
9.480
9.500
9.500
9.480
9.140
9.100
8.990
9.000
8.850
8.690
8.890
8.650
8.830
8.600
8.620
9.090
9.240
9.190
9.260
9.340
9.250
9.220
9.180
9.280
9.550
9.520
9.820
9.940
9.950
9.970
10.240
10.210
10.610
10.600
11.060
10.990
10.770
10.880
10.850
11.120
11.250
11.410
11.040
11.240
11.060
10.940
11.070
11.350
10.870
10.880
11.210
11.320
11.400
11.370
11.520
11.480
11.380
11.310
11.190
11.300
11.170
11.250
11.360
11.290
11.290
11.360
11.360
11.350
11.570
11.560
11.260
11.060
10.970
11.130
10.910
11.060
10.970
10.700
10.630
10.810
10.770
10.800
10.940
10.890
10.910
10.750
10.680
10.650
10.570
10.630
10.290
10.260
10.260
10.230
10.190
10.390
10.380
10.460
10.280
10.340
10.740
10.830
10.760
10.880
10.900
10.850
10.740
10.740
10.630
10.930
10.940
10.960
10.940
11.000
11.050
11.000
10.980
10.990
10.880
10.830
11.100
11.000
11.360
11.390
11.470
11.460
11.480
11.830
11.930
11.720
11.990
12.160
12.270
11.980
12.060
12.130
11.740
11.630
11.500
11.340
11.200
11.280
11.380
11.240
11.090
11.140
11.150
11.310
11.310
11.110
11.230
11.060
10.860
11.040
11.100
11.110
11.050
10.890
10.950
10.950
10.900
10.850
11.010
11.100
11.280
11.160
11.220
11.160
11.230
11.170
11.140
11.150
11.540
11.850
11.580
11.490
11.430
11.380
11.520
11.650
11.330
11.490
11.560
11.630
11.370
11.300
11.410
11.480
11.680
11.990
12.320
12.100
11.990
12.050
11.970
12.340
12.340
12.320
12.270
12.570
12.460
12.240
12.700
12.340
12.270
11.320
11.480
11.410
11.250
11.140
10.370
10.550
10.800
11.050
10.800
10.740
10.880
10.800
10.810
10.760
11.130
11.280
10.960
10.880
10.750
10.750
10.770
10.530
10.360
10.290
10.090
10.020
9.960
10.000
9.880
9.750
9.880
9.960
9.840
9.910
9.890
9.490
9.600
9.310
9.410
9.900
9.960
10.030
9.980
10.110
9.730
9.670
9.110
9.120
9.230
9.150
9.240
9.340
9.300
9.250
9.360
9.530
9.470
9.370
9.610
9.830
9.900
9.830
10.460
10.850
10.860
10.930
10.450
10.450
10.650
10.580
10.530
10.570
10.640
10.820
11.230
11.280
11.610
11.810
11.610
11.420
11.670
11.330
11.170
11.460
11.010
10.680
10.820
10.750
10.480
10.910
11.040
10.890
11.300
11.370
11.330
11.110
10.890
10.560
10.520
10.530
10.230
10.260
10.830
11.040
11.120
11.030
11.110
10.970
10.170
9.950
10.660
10.690
11.830
11.700
11.910
11.260
11.170
11.260
11.160
10.570
10.720
11.090
10.920
10.670
10.230
9.950
9.360
10.200
10.270
11.090
11.090
11.110
12.080
12.370
11.720
11.860
12.680
12.050
12.490
11.900
12.500
11.930
13.260
13.040
13.610
15.040
15.580
15.460
15.310
16.050
15.830
16.350
16.460
16.610
15.980
15.310
14.750
14.770
14.630
14.340
14.920
14.820
15.290
15.650
14.990
14.580
14.210
14.530
13.930
13.270
14.520
14.930
14.840
14.900
14.400
14.300
14.110
14.070
14.220
14.110
14.690
14.620
14.510
15.080
15.120
14.980
15.190
13.900
13.910
14.240
14.340
14.050
15.020
15.160
15.650
14.630
13.280
14.150
13.960
13.950
13.000
12.490
12.490
12.360
12.030
11.460
10.650
10.770
10.500
10.190
10.820
10.730
11.210
10.870
10.290
10.080
10.390
9.600
10.660
11.420
11.350
11.680
11.270
11.100
11.100
10.980
12.220
11.180
10.120
10.130
11.250
12.500
13.890
13.770
13.900
13.590
15.100
14.540
14.500
14.030
14.610
14.340
13.390
12.880
13.070
13.550
12.580
12.860
13.060
13.860
13.510
14.090
15.640
15.340
15.140
14.370
14.440
13.130
12.450
13.200
14.670
13.600
12.360
13.730
15.190
14.840
16.490
18.300
19.180
19.420
19.350
21.200
21.540
21.600
23.080
22.820
22.460
22.140
21.870
22.520
22.630
20.570
20.970
20.970
20.240
19.080
19.130
20.160
20.810
21.490
21.260
20.370
20.330
20.290
19.330
18.460
17.710
17.690
18.220
18.340
17.480
16.620
16.700
17.680
18.360
18.480
18.470
17.870
18.290
19.120
18.580
16.890
15.960
14.510
14.560
14.590
13.910
14.150
13.800
13.600
13.160
13.470
13.510
13.070
13.180
13.010
13.160
13.550
13.050
12.720
12.350
11.880
12.100
12.030
12.000
12.170
11.950
12.180
11.810
11.730
11.410
10.820
10.940
10.960
11.130
11.140
10.870
11.160
10.680
10.810
10.720
10.930
10.310
10.150
9.230
8.870
8.840
9.370
10.040
10.090
10.120
9.590
9.680
9.470
9.410
9.820
9.770
9.570
8.700
7.910
7.190
7.460
7.790
7.680
7.750
7.260
7.200
7.210
7.160
7.190
7.220
7.110
7.080
6.990
6.750
6.800
6.550
6.860
7.050
6.820
6.440
6.350
6.330
6.290
6.020
5.970
5.830
5.920
5.800
5.870
5.770
6.090
6.050
5.530
5.570
5.570
5.450
5.330
5.250
5.270
5.290
5.220
5.100
5.210
5.230
5.320
5.260
5.220
5.420
5.410
5.600
5.590
5.460
5.310
5.300
5.300
5.260
5.310
5.160
5.190
5.470
5.460
5.430
5.350
5.430
5.610
