10430.21
15831.93
8016.72
14179.76
7033.81
8490.13
20313.18
23624.37
23137.62
38134.24
30022.03
34058.77
33673.68
30559.00
60336.25
42376.69
15661.02
22086.05
20217.09
21141.41
40303.42
31697.90
23022.49
43320.28
38466.58
58110.85
109002.23
7401.82
11832.00
17298.77
18000.83
20129.06
15417.26
8753.20
15003.60
17254.03
25470.09
8251.75
12034.79
23104.67
9708.62
30828.19
32903.63
20190.94
29062.12
21262.57
23794.91
66298.82
82182.77
52674.27
13846.67
32084.80
31434.91
27434.91
38538.15
17325.40
19989.13
27221.69
25354.98
38302.78
19325.88
14495.97
16713.04
28406.81
19504.92
11158.48
20625.12
17899.92
15185.86
15393.42
15657.27
18611.04
21062.41
21173.25
13723.04
21294.85
18534.23
21354.49
20816.16
13376.26
19018.61
17422.05
19552.06
21767.07
15064.38
18627.86
15041.72
15781.33
17074.39
13230.57
16735.50
25016.69
34786.39
36668.93
41049.82
15646.93
11806.40
16861.83
25695.12
11174.73
15261.52
20178.67
39353.88
23665.27
17150.35
24149.18
18247.02
21002.23
21657.34
25831.93
28773.13
16110.78
18386.37
18878.76
23594.07
17531.17
27113.83
16931.66
16200.56
37234.78
14911.94
21994.93
27721.75
14885.47
18126.39
15486.19
30729.28
24292.01
24596.01
20761.38
23965.83
16861.78
21492.12
16184.47
23555.96
46177.26
34553.30
24031.27
21447.70
31353.30
35672.55
39779.45
29265.75
40730.42
48709.18
99609.99
88990.58
108589.48
72571.53
63634.12
50957.47
69170.60
48115.71
57942.95
40880.16
53092.65
69640.45
85583.97
127295.94
283385.84
31980.03
32031.11
52974.68
68409.45
64810.97
58894.57
58056.62
37399.72
67379.88
56726.74
55943.65
33565.13
20145.32
21771.78
21259.89
31589.95
37053.00
44553.07
69602.20
29461.72
30243.01
20615.78
23569.69
23169.20
39919.00
63698.80
94196.76
28483.01
38902.51
47039.16
40171.82
47391.83
34648.67
60707.05
90314.50
110585.50
209531.34
121894.07
31172.06
49607.98
78429.14
120753.71
57330.64
95347.28
128697.65
13835.09
16844.00
16136.54
20769.79
44255.36
26972.49
24050.36
33323.38
31774.63
45463.62
58149.16
29850.58
52372.16
61507.67
18309.10
33018.11
53471.38
48194.78
36661.48
28978.04
41645.52
25211.48
35803.29
43194.89
73290.28
32155.77
27165.16
48821.85
17398.65
27668.72
45132.81
89618.50
25135.56
26659.15
22236.74
18028.84
36857.00
25904.60
23194.00
22289.80
30991.45
28061.47
47105.58
36564.55
27203.71
22076.28
25424.44
37394.93
41187.92
25799.39
27188.45
30927.31
54930.46
32939.91
37770.06
28549.48
26249.58
50404.80
46361.76
84854.65
90774.64
31787.22
42057.15
56789.37
42170.86
64522.54
66117.00
48491.67
49182.78
78263.81
67110.74
81069.90
36194.34
52201.22
79936.72
70676.69
62178.08
43242.30
41809.93
42038.98
57505.72
50247.71
66488.52
71462.48
50829.17
83303.19
40104.79
67391.80
23709.61
28266.41
33280.52
35231.44
50004.21
43038.36
34138.44
35491.10
26747.86
33184.82
17307.33
26405.82
22880.29
29465.68
30582.87
46568.33
48796.18
54441.05
63511.88
40907.19
44865.34
42555.30
39015.57
23145.56
28837.87
36076.94
37068.30
40942.82
40762.29
30271.67
55253.28
56027.73
34107.17
60040.75
41717.81
66373.14
69548.19
92100.92
85926.46
72131.30
38909.32
66100.60
89200.48
51403.53
48742.96
38397.96
47544.71
39376.51
34694.00
58259.68
68388.27
16637.00
53976.08
75382.60
42554.19
30177.38
38649.72
55265.43
71646.14
33814.23
62711.14
80345.73
46235.71
65977.63
92757.74
47285.37
37072.47
44034.55
30727.47
37993.15
41807.54
59600.24
48094.41
52132.78
38220.06
35564.37
75257.06
52713.61
89333.05
76963.30
76264.00
46515.65
47556.50
121725.00
77284.49
86313.80
62821.30
79253.03
89801.73
111098.69
55778.39
51887.25
73858.20
70923.61
59603.53
84840.64
86153.27
91752.52
76089.24
84854.07
55419.03
94196.86
88050.34
72561.44
63750.36
60283.03
88733.99
45910.57
61094.13
70591.81
57535.89
74581.36
45070.10
62461.06
42067.13
48861.31
29884.54
27640.47
29041.97
56049.72
39038.60
62661.11
52441.62
46775.71
30472.93
62822.17
65318.76
71393.30
105411.00
66567.80
75551.93
96393.92
82931.79
89462.04
163603.45
208992.12
72830.86
88489.20
111165.42
110751.88
100127.53
52109.82
91542.43
96976.52
125242.69
124977.60
126316.86
149947.31
172356.23
142892.84
135189.06
114857.72
101646.33
84342.03
90967.86
100679.30
95382.87
89643.02
93714.81
102106.33
116386.75
120035.99
102138.34
103525.20
158897.09
87535.32
123931.82
108042.48
82857.82
111101.77
191846.05
102234.19
43258.53
124637.99
8100.00
59009.20
133983.02
111720.92
88892.64
102590.83
121511.90
100587.42
89581.81
91297.29
97935.03
84139.97
115656.15
86698.61
97275.15
109428.14
124152.55
151693.59
146799.95
133367.38
142098.80
198991.02
193161.58
137748.70
157360.95
145520.62
139690.67
185327.66
233457.20
297320.12
277930.88
409504.84
199816.34
91597.08
8003.88
17569.31
50449.76
45600.25
64795.13
76649.37
75704.81
93326.77
72183.82
67870.76
32653.33
37330.98
55027.27
100304.36
79815.00
31239.85
30197.12
36722.66
17309.99
14857.02
21994.59
33082.50
18311.83
32402.39
51712.17
23659.00
30142.62
28576.36
26648.84
23143.47
41265.55
24097.85
35278.31
63685.58
27450.48
25119.99
31633.68
45519.57
34419.02
32520.55
22795.11
28612.39
33370.59
42411.27
54781.16
74744.05
31293.71
30096.09
48457.86
42903.23
62099.92
27588.08
24738.09
50323.25
35220.38
38817.51
67633.56
81227.27
153687.02
42657.53
26424.39
29691.13
42347.10
37046.58
31817.97
45585.82
45531.09
20706.85
27571.86
25497.83
31043.97
22665.50
30039.73
42718.58
28797.27
44935.24
40788.46
34724.65
53493.42
106988.12
20069.39
17096.63
6927.14
6895.09
14352.52
19763.01
35326.38
26042.04
24543.25
11297.35
20511.35
17207.58
