26568.71
27307.97
18948.84
23780.99
15150.00
18521.88
24162.00
38327.90
37460.02
39409.90
43441.14
21170.97
22618.12
26053.63
47783.60
56724.91
32391.93
45896.91
23356.58
21054.25
29059.87
39025.46
23399.70
27329.89
25632.01
24768.07
23928.80
16425.23
32570.99
27060.32
39659.46
20834.85
16736.41
24945.21
28390.11
35287.95
19964.79
26807.59
33717.53
31459.48
42365.17
56405.52
23300.05
22093.26
26672.66
18628.63
21617.55
41343.39
26543.05
28384.85
41452.41
24356.37
44250.30
37005.94
33986.57
39672.42
33183.83
25447.23
39249.85
33952.06
38221.61
30360.10
38154.56
49445.22
32591.84
67708.45
44565.01
59694.45
37456.26
49189.18
40573.69
44317.33
53963.59
44193.03
40170.95
32302.19
43684.62
28603.46
37141.05
25409.88
43406.03
30598.80
34438.68
32691.38
45335.39
87416.90
127526.57
87628.56
40877.42
31050.82
44366.15
41178.50
46148.75
49993.06
75532.43
48543.85
41618.50
31086.48
41189.31
37077.46
41711.38
58704.85
74785.38
57384.39
22930.62
21106.24
22682.61
27391.48
37375.76
26250.29
32153.86
27314.76
45157.28
49388.49
36341.01
30227.11
53094.27
44868.98
45726.94
44831.19
84245.57
41344.28
39946.44
36740.01
32718.13
42072.05
29385.37
30928.45
29262.30
31488.71
40868.42
33957.44
40494.39
37511.23
53315.02
52816.87
38525.14
72337.86
31857.57
34694.54
49313.44
69646.86
50219.59
44751.24
48338.96
42965.45
47901.67
57317.50
72024.11
78405.76
164244.62
62676.70
97122.24
63789.03
70495.09
96180.18
158919.81
257898.81
91883.74
88583.35
75039.12
64958.59
46876.38
62225.76
69366.71
60480.30
52930.88
119968.05
160756.44
97959.90
159512.27
100827.71
80932.29
113792.21
232156.92
46687.68
51608.67
90784.20
151001.34
86086.61
97191.11
66027.43
87444.53
65680.99
60350.95
50205.08
52841.99
100771.81
116176.06
64904.49
67547.25
36468.27
68335.21
74602.44
60125.20
119630.44
132718.12
118966.11
98092.13
161170.14
99087.21
125274.62
156422.25
143839.11
202480.62
207656.64
185210.19
213093.44
156002.17
142731.55
134187.53
158280.30
89907.03
99889.62
103703.15
105866.60
74264.77
85917.38
88764.98
95309.42
87495.43
137659.70
180270.17
176978.73
70584.68
103096.59
88242.05
124730.88
225263.69
184287.20
174161.38
278390.00
183326.42
115047.52
226751.66
174949.61
78663.19
104013.38
81091.06
99266.14
77521.49
51779.87
70891.90
80120.36
102346.89
95801.72
88337.73
118749.24
77361.59
85378.15
88913.30
89688.03
79722.82
109836.08
171681.16
43480.37
77707.67
67164.88
71685.99
47608.86
92781.02
91077.91
55190.87
78394.13
121137.11
75442.96
109864.86
114337.76
45789.20
87526.73
67819.44
45651.62
44619.79
57391.60
55221.14
70103.72
101890.73
73854.44
62359.96
80506.99
87319.56
131762.56
162384.00
127645.53
224114.41
247576.59
243686.47
165059.16
100096.21
168190.78
203598.30
206490.98
273384.19
64712.01
95338.89
129066.06
63194.60
99942.88
87781.77
131161.42
217683.47
293945.06
204734.27
71327.05
108798.05
120000.12
127681.27
107399.66
173150.50
136795.06
117781.96
196158.73
56829.28
89324.04
80398.40
112095.17
141379.66
122922.78
105377.96
59542.98
86723.76
69357.71
63897.00
46821.50
44993.40
63680.21
61534.38
65674.02
83836.63
71188.86
55133.49
66141.42
91663.46
141989.81
177875.98
73341.51
97404.99
69329.16
91589.49
79822.47
95955.83
64744.14
53143.09
65981.22
60675.87
49295.16
41053.66
56489.01
39987.20
70853.30
74514.76
62790.06
84921.82
66461.55
79841.77
85672.03
67674.29
78496.61
110593.75
71044.73
83498.22
123070.00
142924.47
31439.00
125917.33
183493.11
169500.17
241381.48
166363.81
130747.86
203196.88
78379.96
130426.30
141423.11
154639.02
158274.28
170572.77
236575.80
214641.88
168697.55
92125.12
97896.43
166835.52
102985.81
194063.42
244724.98
179957.23
127777.49
141974.69
219186.80
273146.16
425524.91
230588.38
138576.81
137062.58
274133.62
292389.72
98677.54
135587.38
221938.81
125997.81
207324.22
194521.08
230464.33
306935.56
421162.28
494876.81
238656.64
251332.84
140093.45
144151.11
173245.09
209799.39
219743.56
277244.22
342279.94
427556.88
359294.78
431642.81
465303.62
653297.50
477427.19
442608.50
453723.09
460893.97
569686.38
514102.47
464409.00
620701.94
801177.25
146153.45
196875.27
291686.47
337039.91
504299.75
186434.08
158913.94
234149.69
204718.95
189641.06
224577.75
262960.31
249191.91
252270.70
191603.11
174673.16
254839.42
215364.27
383298.03
319076.56
334093.97
376494.09
24782.00
138542.48
372576.56
732137.44
734370.50
897100.44
499281.00
481169.31
491227.31
563095.00
462576.41
286792.53
159271.80
113325.51
198737.59
251716.05
239147.41
303301.97
253347.98
223552.42
276488.88
297106.38
509074.38
413992.03
258380.09
262131.09
253360.98
241389.89
292842.34
148449.02
397710.50
214069.73
186690.70
279577.12
12346.00
53623.73
190831.62
163712.00
157938.45
145263.81
172460.98
153652.28
132501.92
147457.80
160740.12
125339.89
137475.19
220255.48
214310.17
163269.16
173127.48
190201.91
221825.41
237774.84
356443.41
410470.81
398950.84
212599.77
190070.11
246325.11
190358.95
202205.80
264782.53
235384.11
227673.72
277213.91
303541.25
194178.30
286280.25
321898.22
180204.33
243405.41
306774.75
240347.84
183938.80
162803.45
136920.86
175424.91
292910.00
147913.81
276503.09
347781.19
127271.53
133109.70
112760.42
110259.32
127008.38
150431.33
92166.35
116240.02
123935.27
95730.77
120948.78
206235.27
174791.31
120413.75
233499.80
349935.81
217483.50
169115.45
186758.03
152038.75
264577.38
126410.56
87265.27
135123.69
203269.56
188944.09
235265.30
172781.66
257797.44
229782.61
482155.00
378387.19
70607.21
128470.87
184995.45
93482.52
95303.43
118854.81
178684.84
172772.84
284311.94
604732.19
298098.03
258250.45
105106.51
119533.15
184391.33
132104.23
140391.19
68123.62
63983.40
137871.55
136052.28
145224.50
185816.94
262399.56
173294.19
271841.00
341972.56
632145.88
426547.34
241906.98
153945.81
230986.73
367969.41
154814.30
172787.47
155439.03
182313.56
121425.90
159485.02
134697.88
100354.58
92870.56
73639.87
213021.45
99323.96
136287.72
227211.80
155198.56
216645.20
129136.85
88193.05
101844.76
186678.05
146378.78
148420.47
117338.82
122822.57
160591.53
158703.45
145530.05
55551.09
100967.72
91000.11
97090.12
98404.26
158971.27
87934.02
102318.75
158902.94
241388.17
195058.09
104014.77
115745.29
81996.89
125386.20
44259.42
71934.02
40122.13
41864.37
62491.57
54771.90
73863.62
77150.83
99680.04
75689.05
159131.19
87542.29
88573.70
124518.96
134589.44
235828.88
135472.78
65543.06
100597.19
140819.17
255220.28
266509.06
147076.95
80275.93
110575.11
40506.93
65321.54
66976.50
98616.99
91691.78
73415.12
76702.01
104300.52
75487.75
141989.34
124712.60
167931.30
111750.93
119072.76
347421.62
126481.55
162630.91
228832.84
121116.91
154432.22
214078.98
406310.84
81185.40
25659.55
79973.96
46870.39
54939.10
112559.14
189624.72
26224.04
49192.36
22229.51
38030.14
29979.75
50762.04
57379.55
26191.15
46323.29
34688.77
