7.750
7.780
7.780
7.690
7.640
7.540
7.440
7.320
7.300
7.220
7.180
7.210
7.270
7.310
7.220
7.300
7.310
7.250
7.340
7.270
7.200
7.180
7.170
7.170
7.170
7.110
7.090
7.190
7.030
6.850
7.110
7.270
7.330
7.360
7.490
7.330
7.290
7.250
7.110
7.070
7.100
7.200
7.050
6.970
7.080
7.070
7.110
7.100
6.960
6.950
6.930
6.810
6.660
6.670
6.850
6.810
6.740
6.750
6.690
6.730
6.730
6.700
6.850
6.920
6.840
6.930
6.990
7.040
6.940
6.950
6.910
6.950
6.940
6.900
6.950
6.830
6.610
6.740
6.600
6.600
6.560
6.590
6.650
6.590
6.600
6.730
6.740
6.690
6.600
6.560
6.660
6.680
6.510
6.470
6.630
6.620
6.510
6.500
6.410
6.290
6.270
6.200
6.150
6.150
6.330
6.400
6.400
6.350
6.310
6.270
6.340
6.330
6.660
6.650
6.710
6.460
6.460
6.390
6.540
6.540
6.610
6.530
6.520
6.520
6.600
6.810
6.970
7.200
6.880
6.370
6.350
6.230
6.180
6.190
6.170
5.920
5.940
5.860
5.830
5.820
5.750
5.950
5.930
5.930
6.200
6.130
6.150
6.150
6.170
6.160
6.100
6.170
6.170
6.170
6.040
6.110
6.110
6.110
6.130
5.990
5.850
5.840
5.900
5.900
5.850
5.710
5.680
5.920
5.960
5.980
5.950
6.100
6.180
5.950
5.960
6.200
6.220
6.230
6.190
6.150
6.120
6.190
6.090
5.960
5.950
5.660
5.620
5.500
5.480
5.330
5.410
5.410
5.630
5.630
5.650
5.540
5.780
5.750
5.650
6.020
6.200
6.180
6.050
6.030
6.010
6.220
6.320
6.250
6.410
6.350
6.060
6.270
6.260
6.250
6.090
6.010
5.900
5.940
5.820
6.000
5.980
5.740
5.700
5.930
5.920
5.840
5.810
5.870
5.950
5.930
5.820
5.620
5.490
5.470
5.560
5.510
5.490
5.580
5.710
5.640
5.810
5.520
5.810
5.550
5.420
5.290
5.670
5.590
6.060
6.050
6.090
6.020
5.980
5.920
5.810
5.660
5.860
5.880
5.630
5.530
5.210
5.010
5.050
5.140
5.610
6.180
6.000
6.000
6.130
5.950
5.700
5.840
5.950
6.180
6.050
6.280
6.650
7.040
7.630
7.350
8.160
9.060
9.110
9.110
9.200
9.190
9.120
9.310
9.420
9.350
9.450
9.270
9.080
9.000
8.880
9.000
9.000
9.150
8.970
9.200
9.200
9.220
8.820
9.050
9.000
9.910
10.100
9.910
9.820
9.690
9.610
9.640
9.580
9.870
9.700
9.860
9.970
10.040
10.100
9.950
10.050
9.960
9.730
9.700
9.660
9.850
10.180
10.240
10.150
10.400
10.010
9.320
9.320
10.000
9.910
9.770
9.570
10.630
11.810
13.120
12.700
13.220
13.170
13.250
13.100
12.200
11.850
11.600
11.290
11.370
11.110
11.080
11.040
10.950
11.020
10.670
10.750
11.600
11.710
11.590
11.400
11.350
11.400
11.960
11.670
11.710
11.530
11.350
11.160
11.750
11.570
11.470
12.250
11.780
11.330
11.000
11.620
11.850
11.740
11.420
11.250
11.210
11.250
11.100
10.900
11.380
10.710
10.420
10.080
10.010
10.020
9.760
9.370
9.210
9.270
9.540
9.500
9.330
9.250
9.590
9.520
9.190
9.130
8.680
8.620
8.460
8.510
8.380
8.260
8.200
8.170
8.050
7.990
8.020
8.390
8.480
8.480
8.300
8.450
8.610
8.820
8.890
9.070
9.010
8.910
8.690
8.520
8.430
8.850
8.680
8.640
8.680
8.600
8.980
8.900
8.800
8.760
8.880
8.560
8.540
9.150
9.250
9.760
9.500
9.410
9.340
9.320
9.260
9.310
9.470
9.460
8.850
8.600
8.120
8.080
8.400
8.250
8.670
8.200
8.170
8.190
8.240
8.020
7.920
7.860
7.790
7.660
7.730
7.860
7.850
7.800
7.800
7.860
8.040
7.970
7.940
7.870
7.850
7.640
7.680
7.810
7.930
7.990
7.730
7.430
7.440
7.390
7.390
7.420
7.500
7.640
7.570
7.870
8.070
8.050
7.820
7.770
7.720
7.550
7.520
7.480
7.250
7.410
7.410
7.400
7.390
7.450
7.380
7.310
7.440
7.860
7.830
7.900
7.850
7.790
7.770
7.810
7.850
7.710
7.740
7.600
7.780
7.800
7.810
7.800
8.030
8.050
8.330
8.270
8.160
7.840
7.290
7.220
7.430
7.460
7.160
7.160
7.300
7.420
7.200
7.260
7.310
7.120
7.100
6.950
6.750
6.670
6.700
6.650
6.540
6.530
6.550
6.530
6.530
6.380
6.400
6.410
6.410
6.510
