7.860
7.820
7.840
7.770
7.790
8.010
8.290
7.340
7.120
7.020
7.150
7.450
7.490
7.520
7.530
7.430
7.310
7.230
7.200
7.110
7.130
6.960
6.770
6.800
6.510
6.710
7.010
6.940
6.910
6.760
6.960
7.430
7.780
7.840
7.960
7.550
7.740
7.610
7.300
7.800
7.850
8.010
8.320
8.650
8.480
8.410
8.520
8.020
8.310
8.350
8.560
9.240
9.170
9.380
9.610
9.300
9.480
9.770
9.900
9.900
10.500
10.650
10.590
10.410
11.320
11.060
10.800
10.920
10.500
10.310
10.400
10.840
10.880
10.830
10.850
10.770
10.760
10.930
10.800
11.020
10.870
10.750
10.910
11.130
11.080
11.300
11.320
11.250
11.420
11.610
11.770
11.750
11.710
11.670
11.710
11.200
11.080
11.210
10.810
11.280
11.160
11.070
10.750
10.300
10.400
10.360
10.470
10.930
11.110
10.530
10.460
10.420
10.110
9.890
10.550
11.160
11.140
11.530
11.210
10.910
10.800
10.350
9.260
8.310
8.240
8.320
8.330
8.120
8.380
8.200
8.220
8.130
7.960
7.810
7.700
7.660
7.600
7.760
8.070
8.100
7.870
7.830
7.730
7.810
8.060
8.010
8.080
8.200
8.160
8.350
8.250
8.330
8.330
8.350
8.220
8.300
8.220
8.350
8.230
8.130
7.900
8.030
8.010
8.030
8.000
7.960
7.860
7.810
7.870
7.930
7.980
8.060
8.000
7.960
7.980
8.060
7.990
8.050
8.080
8.150
8.170
8.170
8.150
7.930
7.670
7.600
7.470
7.460
7.690
7.660
7.660
7.620
7.430
7.400
7.360
7.430
7.710
7.600
7.600
7.500
7.520
7.480
7.460
7.400
7.470
7.500
7.550
7.500
7.690
7.300
7.580
7.670
7.840
7.800
7.750
7.630
7.580
7.600
7.660
7.770
7.720
7.760
7.950
7.730
7.230
7.370
7.370
7.110
6.840
7.220
7.160
7.300
7.200
7.070
7.040
7.030
7.050
7.060
7.040
6.930
6.990
7.150
7.130
7.080
7.010
6.850
6.940
6.940
6.850
6.750
6.680
6.460
6.710
6.660
6.700
6.600
6.800
6.780
6.630
6.620
6.600
7.070
7.140
7.130
7.100
7.090
7.130
6.930
6.800
6.900
6.470
6.710
6.690
6.760
6.620
6.650
6.460
7.030
7.010
6.910
6.500
6.640
6.760
6.750
7.280
7.750
7.790
7.590
7.520
7.380
7.560
7.450
7.300
7.270
7.300
7.280
8.000
7.950
7.830
7.930
8.060
7.650
7.740
7.550
7.560
7.410
7.300
7.330
7.150
6.600
6.500
6.590
6.450
6.470
6.590
6.590
6.600
6.420
6.210
6.270
6.140
6.010
5.900
5.980
6.000
5.950
6.180
6.000
6.180
5.900
5.700
5.690
5.980
6.090
6.460
6.410
6.460
6.320
6.320
6.120
5.980
5.720
6.050
6.000
5.800
5.730
5.600
5.500
5.560
5.600
6.000
6.560
6.340
6.350
6.730
6.500
6.440
6.580
6.610
6.880
6.820
6.930
6.820
7.400
7.980
7.600
8.360
9.240
9.400
9.150
9.380
9.250
9.050
8.940
8.750
8.650
8.680
8.580
8.410
8.280
7.940
8.180
8.110
8.080
8.120
8.340
8.360
8.250
8.020
8.160
7.850
8.160
8.750
8.930
9.000
8.600
8.200
8.030
7.970
7.910
7.550
7.480
7.710
7.720
7.630
7.530
7.420
7.310
7.050
6.930
6.740
7.450
7.040
7.080
6.840
7.150
6.860
6.580
6.710
6.990
6.990
6.900
6.550
6.580
6.610
6.410
6.310
6.240
6.000
5.930
5.800
5.880
6.000
5.960
6.070
5.770
5.800
5.700
5.310
5.320
5.770
6.240
6.280
6.300
5.640
5.540
5.380
5.640
6.120
6.080
5.600
5.440
5.940
6.600
7.200
7.900
7.610
8.460
8.580
8.720
8.210
8.160
8.130
7.740
7.370
7.080
7.200
6.880
6.640
7.020
7.400
7.010
6.960
7.730
8.450
8.350
8.010
7.780
7.770
7.290
6.770
7.370
7.800
7.350
6.620
5.410
5.880
6.530
7.260
8.070
8.970
9.970
9.320
10.350
11.500
12.390
12.750
11.800
13.020
14.400
14.050
15.010
16.180
15.630
15.250
14.670
14.710
15.010
15.000
14.100
15.460
15.500
14.950
12.000
13.030
12.300
12.010
11.820
11.650
11.160
10.750
10.300
10.180
10.420
10.760
10.510
10.410
10.200
9.800
9.700
10.220
10.700
11.390
11.440
11.560
11.270
11.150
10.930
11.330
11.100
10.610
10.680
11.180
10.870
11.250
12.260
10.790
10.120
9.790
9.930
10.110
9.420
9.090
8.920
8.900
8.780
8.690
8.650
8.790
8.730
8.540
8.500
8.550
8.570
8.500
8.430
8.140
8.080
8.190
8.290
8.080
8.230
8.410
8.400
8.090
7.800
7.800
7.800
7.780
7.880
7.800
7.730
7.430
7.280
7.320
6.880
6.910
6.910
6.900
6.830
6.950
6.920
7.040
6.980
6.860
6.880
6.850
6.720
6.610
6.500
6.870
6.840
6.780
6.760
6.740
7.020
7.080
7.230
7.200
7.180
7.200
7.330
7.340
7.230
7.150
7.050
7.100
7.140
7.280
7.460
7.550
7.590
7.300
7.370
7.290
7.130
7.390
7.550
7.330
7.280
7.210
7.110
7.130
7.090
7.100
7.090
7.150
7.040
6.850
6.810
6.800
6.770
6.710
6.750
6.730
6.540
6.500
6.800
6.700
6.620
6.770
6.670
6.660
6.610
6.570
6.540
6.450
6.370
6.280
6.340
6.550
6.850
6.980
6.810
6.990
6.980
7.070
7.080
7.320
7.280
7.150
7.040
7.050
6.980
7.030
6.720
6.680
6.700
6.700
6.680
6.340
6.430
6.300
6.180
6.100
6.170
6.060
6.090
5.990
6.000
6.020
5.930
5.810
5.740
5.630
5.680
5.820
5.970
5.910
6.040
6.070
5.930
6.000
6.000
5.840
5.860
5.750
5.670
5.680
5.650
5.660
5.530
5.470
5.500
5.460
5.550
5.400
5.250
5.210
5.270
5.420
5.390
5.350
5.310
5.330
5.430
5.310
5.200
5.160
5.140
5.100
