7.600
7.550
7.570
7.510
7.400
7.460
7.430
7.460
7.360
7.250
7.450
7.530
7.560
7.440
7.440
7.420
7.420
7.230
7.270
7.420
7.390
7.280
7.230
7.180
6.970
7.000
7.030
7.200
7.000
6.910
7.070
7.320
7.540
7.560
7.620
7.420
7.350
7.200
7.130
7.400
7.420
7.500
7.930
8.030
7.890
7.810
7.680
7.400
7.700
7.570
7.880
8.670
8.650
8.710
9.250
9.240
9.330
9.550
9.540
9.520
9.480
9.930
10.020
9.880
10.140
9.660
9.810
9.370
9.500
9.690
9.500
9.370
9.390
9.410
9.420
9.330
9.290
9.430
9.360
9.710
10.030
10.210
9.690
9.910
9.860
9.900
9.730
9.670
9.660
9.460
9.380
9.370
9.410
9.440
9.400
9.140
9.300
9.220
9.430
9.400
9.260
9.100
8.850
8.980
8.700
8.800
9.470
9.510
9.480
9.470
9.440
9.510
9.600
9.600
9.730
9.850
9.600
9.900
9.960
9.930
9.910
9.880
9.850
9.900
9.900
9.880
10.000
9.630
9.400
9.620
9.560
9.530
9.400
9.420
9.360
9.250
9.490
9.560
9.570
9.580
9.630
9.650
9.600
9.600
9.490
9.510
9.530
9.610
9.550
9.510
9.300
9.230
9.200
9.150
9.000
9.160
9.230
9.300
9.260
9.180
9.140
9.120
9.220
9.100
9.680
9.670
9.620
9.480
9.460
9.430
9.420
9.450
9.400
9.330
9.310
9.200
9.660
9.560
9.680
9.760
9.790
9.780
9.810
9.560
9.500
9.560
9.620
9.600
9.410
9.510
9.500
9.410
9.380
9.350
9.500
9.600
9.860
10.420
10.410
10.400
10.400
10.390
10.380
10.490
10.950
10.930
11.130
10.630
10.550
10.700
10.510
10.580
10.800
10.360
10.080
10.430
10.100
9.690
9.560
9.380
9.580
9.650
9.660
9.600
9.400
9.320
8.970
8.930
8.880
9.190
9.410
9.300
9.360
9.300
9.400
9.200
9.020
9.160
8.930
9.170
9.050
9.030
8.700
8.870
8.650
9.100
8.950
8.920
8.500
8.850
8.750
8.590
8.820
9.150
9.180
8.960
8.910
8.800
9.000
9.180
9.090
9.530
10.310
9.850
10.220
9.850
9.590
9.460
9.270
8.990
9.240
9.020
9.170
9.300
9.090
9.110
9.430
9.300
8.740
9.050
8.600
8.550
8.620
8.560
8.530
8.220
8.000
7.920
8.040
7.910
7.620
7.960
8.020
8.060
8.080
7.760
7.980
7.570
7.350
7.220
7.780
7.990
8.630
8.560
8.730
8.510
8.480
8.350
8.040
7.700
8.110
8.040
7.810
7.830
7.710
7.400
7.580
7.480
7.920
8.370
8.120
8.260
8.520
8.270
7.860
8.110
8.020
8.410
8.720
8.880
8.900
9.410
10.100
9.680
10.760
11.930
12.380
12.210
12.430
12.380
12.620
12.970
12.920
12.860
12.730
12.670
12.380
12.320
11.940
12.240
12.900
13.000
13.030
13.320
12.950
12.800
12.380
13.500
12.750
12.590
12.660
12.300
12.020
12.530
12.350
12.070
12.100
12.430
11.890
12.230
12.650
12.360
12.400
12.290
12.500
12.530
12.150
12.590
11.610
11.510
11.100
10.830
10.520
11.160
10.700
10.210
10.550
11.510
11.410
11.510
11.160
11.600
11.310
11.150
10.800
10.680
10.200
10.080
9.910
10.160
10.800
10.700
10.320
9.600
9.650
9.710
9.050
9.250
10.280
10.880
9.610
9.400
8.470
8.640
8.350
9.260
10.050
10.090
9.230
9.410
10.460
11.620
12.890
14.080
12.520
13.320
13.680
13.450
13.020
13.150
13.130
12.750
12.490
12.150
12.510
12.190
11.500
11.410
12.030
11.200
11.190
12.430
13.450
13.800
13.140
12.270
12.100
11.760
11.330
12.590
12.950
12.720
11.560
12.840
14.270
15.850
17.610
17.800
18.590
19.000
16.300
15.700
15.500
14.000
15.270
16.600
16.050
16.300
17.700
18.210
17.380
17.140
17.510
17.800
16.650
15.320
16.280
15.100
14.620
13.990
15.300
16.190
15.330
14.880
14.880
14.700
14.320
13.860
14.010
14.210
14.190
13.700
13.710
13.400
13.010
13.020
13.000
14.300
14.610
13.900
13.700
13.700
14.470
14.250
14.590
14.590
14.070
14.000
13.500
12.760
13.150
13.410
13.030
12.610
12.320
13.060
13.220
13.010
13.000
12.870
12.790
13.250
12.810
12.130
11.940
11.840
12.150
12.080
12.010
11.970
11.830
11.620
11.560
11.500
11.610
11.440
11.170
11.440
11.300
10.470
11.210
11.090
10.940
10.720
10.720
10.750
10.750
10.600
10.530
10.290
10.230
10.210
10.300
10.700
10.810
10.800
11.290
11.210
11.180
11.480
11.410
11.310
11.280
11.200
11.030
10.720
10.700
10.960
11.000
10.700
10.470
10.600
10.790
11.090
10.900
10.700
10.510
10.460
11.000
11.000
11.280
11.250
11.000
11.760
11.800
11.600
11.680
11.750
12.040
12.050
12.460
12.330
11.700
11.960
11.630
10.960
11.930
11.580
11.280
11.090
11.580
11.590
11.510
11.430
11.300
11.530
11.470
11.410
11.900
11.470
11.620
11.680
11.010
10.520
10.120
10.270
10.430
10.440
9.810
9.870
9.710
10.180
10.200
10.080
9.950
9.910
9.610
9.880
10.000
10.210
9.780
10.500
10.800
10.760
10.690
10.800
10.700
10.930
11.040
11.040
9.540
9.350
9.250
9.310
9.230
9.210
9.100
8.660
8.760
8.950
8.670
8.710
8.570
8.570
8.530
8.480
8.420
8.280
8.170
8.120
8.150
8.100
8.080
8.430
8.460
8.420
8.480
8.490
8.520
8.400
8.380
8.360
8.340
8.210
8.180
8.170
8.200
8.210
8.130
8.120
8.310
8.210
8.250
8.210
8.180
7.840
7.810
7.910
7.970
8.100
7.960
7.670
7.580
7.400
7.300
7.340
7.500
7.560
