9.200
9.190
9.270
9.250
9.110
9.080
9.020
9.010
8.940
8.800
8.880
8.910
8.930
8.840
8.850
8.880
8.870
8.880
8.870
8.980
8.690
8.690
8.570
8.580
8.520
8.440
8.480
8.420
8.470
8.390
8.430
8.620
8.680
8.730
8.710
8.640
8.640
8.850
9.170
9.260
9.270
9.210
9.090
9.150
9.250
9.090
9.200
9.300
9.570
9.600
9.650
9.460
9.590
9.600
9.630
9.730
9.540
9.560
9.710
9.830
9.590
9.590
9.630
9.640
9.700
9.740
9.830
9.800
9.740
9.840
9.850
9.860
9.970
10.070
10.110
9.980
10.000
10.060
10.350
9.960
10.540
9.750
9.760
9.750
9.690
9.510
9.580
9.580
9.620
9.660
9.730
9.650
9.710
9.550
9.580
9.580
9.570
9.630
9.530
9.470
9.490
9.360
9.270
9.280
9.280
9.440
9.670
9.870
10.010
10.040
10.030
10.040
10.090
10.110
10.030
10.040
10.050
10.140
10.190
10.150
10.200
10.250
10.270
10.370
10.280
10.320
10.350
10.430
10.110
10.360
10.350
10.580
10.510
10.360
10.390
10.650
10.740
10.660
10.800
11.080
11.380
10.930
10.650
10.670
10.560
10.490
10.680
10.700
10.570
10.630
10.410
10.610
10.710
11.050
10.680
10.420
10.440
10.470
10.490
10.380
10.530
10.420
10.490
10.500
10.580
10.550
10.130
10.170
10.220
10.180
10.470
10.840
10.940
10.750
10.680
10.570
10.780
10.550
10.780
11.310
11.300
10.960
10.870
11.280
10.960
10.480
10.570
10.540
10.580
10.660
10.750
11.480
11.870
10.790
9.880
10.110
9.880
10.130
9.720
9.430
9.360
9.460
9.440
9.380
9.470
9.330
9.310
9.220
9.480
9.580
9.430
9.770
9.650
9.560
9.590
9.680
9.740
9.690
9.750
9.740
9.660
9.750
9.670
9.580
9.550
9.650
9.460
9.490
9.450
9.360
9.240
9.350
9.250
9.010
9.030
9.030
9.050
9.040
9.040
9.080
9.030
9.050
8.860
9.060
9.170
9.250
9.300
9.370
9.200
9.280
9.180
8.880
8.940
9.040
9.120
9.100
9.150
9.060
9.150
9.140
9.530
9.140
9.130
9.070
9.300
9.010
9.140
9.750
9.720
9.780
9.750
9.440
9.500
9.650
9.550
9.450
9.500
9.710
10.350
10.500
10.440
10.560
10.600
10.690
10.820
10.970
10.650
10.280
10.220
10.040
9.780
9.950
9.800
9.790
10.080
9.850
9.900
10.030
10.060
10.170
9.880
9.320
9.240
9.260
9.420
9.040
9.220
9.500
9.240
9.370
9.380
9.800
9.300
8.960
9.300
9.400
10.330
10.300
10.300
10.380
10.140
10.440
10.050
9.900
9.360
9.610
9.650
9.380
9.450
9.210
9.260
9.480
9.420
10.150
10.350
10.250
10.780
10.680
10.800
10.170
10.250
10.260
10.450
10.330
10.980
11.350
11.990
12.180
12.290
13.790
14.290
14.340
14.050
14.480
14.530
14.380
14.950
14.930
15.080
15.160
14.730
14.300
14.320
14.000
14.030
14.480
13.440
13.800
14.000
14.250
14.090
13.790
13.730
14.050
15.240
15.840
16.100
15.310
16.240
16.100
15.940
16.270
16.790
16.280
16.200
16.620
16.200
16.460
16.470
16.000
16.480
15.680
14.810
15.000
15.470
16.210
16.400
17.500
15.950
14.500
13.180
13.480
13.380
13.190
13.180
13.450
12.740
11.600
11.700
10.920
10.980
10.320
10.410
10.440
10.580
11.000
10.390
10.660
10.480
10.120
10.380
9.860
9.760
11.070
11.150
11.080
11.250
10.720
10.840
10.650
10.350
11.690
11.950
11.670
12.660
12.950
14.700
14.080
13.360
13.380
13.120
12.750
13.350
13.980
13.500
13.210
14.890
15.790
15.720
15.370
14.300
14.500
13.890
13.000
14.060
12.780
11.620
10.560
10.630
12.360
12.950
13.990
15.270
15.190
16.300
17.490
18.450
18.140
18.180
19.990
21.800
21.870
21.500
23.080
23.400
23.500
23.770
24.180
25.000
23.880
22.650
23.350
23.170
22.730
21.490
23.290
24.990
24.620
25.750
30.020
27.290
24.810
23.000
23.170
22.750
23.300
22.680
23.560
22.720
20.960
21.430
20.660
20.680
21.680
22.480
21.540
22.250
22.710
22.630
22.650
23.350
23.100
23.700
26.280
25.880
27.980
25.630
23.300
22.000
20.650
18.770
17.060
15.510
14.700
13.900
12.640
11.740
10.670
9.940
9.960
9.890
9.960
9.650
9.760
8.910
8.540
8.580
8.670
8.890
8.960
8.830
8.860
8.800
8.660
8.960
8.270
7.580
7.560
7.410
7.420
7.530
7.730
7.790
7.740
7.560
7.700
7.730
7.880
7.980
7.930
7.820
7.890
7.640
7.440
7.590
7.670
7.470
7.510
7.520
7.680
8.050
8.180
7.840
7.870
7.910
7.380
7.500
7.680
7.550
7.430
7.400
7.430
7.770
8.000
8.030
8.140
8.220
8.350
7.600
7.460
7.360
7.390
7.380
7.850
7.880
7.690
7.680
7.850
7.970
8.000
7.300
7.190
7.250
7.180
7.100
7.140
7.080
7.080
6.690
6.730
6.720
6.940
6.920
6.980
6.990
6.950
7.100
7.140
7.050
7.140
7.140
7.020
6.920
6.820
6.720
6.850
7.000
7.090
7.170
7.650
7.450
7.290
7.250
7.540
7.610
6.920
6.380
6.190
6.000
6.180
6.240
6.130
6.230
6.100
6.030
5.740
5.740
5.710
5.680
5.650
5.500
5.540
5.500
5.650
5.690
5.700
5.740
5.800
5.750
5.730
5.670
5.680
5.590
5.610
5.590
5.560
5.630
5.690
5.630
5.600
5.730
5.610
5.640
5.750
5.840
5.710
5.230
5.240
5.150
5.150
5.170
5.180
5.230
5.190
5.160
5.090
5.110
5.190
5.240
