0.010
0.070
0.090
0.100
-0.030
-0.080
-0.390
-0.030
-0.410
-0.050
-0.250
-0.020
0.260
0.210
-0.160
0.490
0.000
0.130
-0.280
0.030
-0.120
0.390
0.080
0.010
0.390
-0.770
0.080
-0.010
-0.090
-0.280
-0.140
-0.370
0.310
-0.100
0.190
0.270
-0.120
-0.200
-0.150
-0.020
0.080
-0.160
0.020
-0.160
-0.180
-0.060
0.100
0.230
0.020
-0.380
-0.360
-0.280
-0.280
-0.430
-1.520
-1.950
-2.160
-0.270
-0.210
0.290
-0.730
0.420
-0.120
0.160
0.670
-1.190
0.040
-0.160
0.000
0.040
-0.100
0.100
-0.020
0.860
-0.500
0.090
-0.320
0.180
-0.360
0.130
-0.230
-0.160
-0.230
0.050
0.750
-0.840
-0.140
-0.180
0.460
-0.520
0.020
0.670
-0.110
0.130
-0.100
0.270
-0.560
-0.270
0.600
-0.590
1.420
0.430
-0.230
0.900
-0.300
-0.350
0.100
-0.270
0.010
0.250
0.970
-0.010
0.080
-1.610
-0.800
0.830
0.030
0.590
0.360
-0.370
-0.320
0.690
0.100
0.230
-0.340
0.050
0.420
0.350
-0.940
-0.070
0.320
-0.450
-0.250
0.270
0.420
0.230
0.330
-2.280
-0.670
2.140
-0.250
0.410
-0.330
-1.650
-0.150
-2.580
-1.370
-2.010
2.500
0.970
0.150
-0.880
1.820
0.220
0.290
0.360
0.360
-0.130
0.080
0.330
0.520
0.730
1.970
-0.100
0.030
-0.140
-0.030
0.100
0.570
-0.130
-0.210
0.360
-0.480
0.220
-0.260
0.390
1.030
-0.310
0.050
-0.290
0.010
0.020
-0.310
0.710
-0.600
-0.050
0.290
-0.160
-0.030
-0.160
0.100
0.180
-0.680
0.060
-0.100
0.140
0.050
0.590
0.550
0.210
-0.270
0.120
0.420
0.240
0.130
-0.180
0.140
-0.840
-0.190
-0.010
0.020
0.330
-0.230
-0.060
-0.140
-0.540
0.210
-0.230
-0.260
0.000
0.030
-0.150
-0.330
0.550
0.070
0.000
-0.070
0.030
-0.030
0.010
0.220
0.060
0.020
-0.020
0.890
-0.130
0.130
-0.040
-0.100
-0.190
0.900
-0.010
-0.280
-0.330
0.080
0.620
0.520
-0.150
0.110
-0.330
0.130
0.570
0.090
0.200
0.580
0.070
-0.050
-0.130
0.030
0.130
0.520
-0.690
-0.010
-1.830
-0.090
-0.180
-0.330
-0.070
-0.020
0.390
-1.130
-1.080
0.300
-0.200
0.610
0.110
0.190
0.000
0.000
-0.450
-0.040
0.120
-0.800
0.620
0.550
0.200
-0.090
-0.090
0.660
0.020
0.110
-0.620
-0.370
-0.420
-2.060
-0.260
1.930
1.810
0.430
-0.270
-0.090
0.070
-0.620
0.130
1.260
-0.070
0.220
0.830
-0.050
0.710
0.050
-0.470
-0.230
0.620
-0.310
-0.310
1.080
0.060
0.220
-1.250
0.540
0.050
-0.230
0.310
-0.550
0.180
0.480
0.080
0.270
0.040
-0.070
-0.050
-0.710
1.400
-0.100
0.470
0.220
-0.270
-0.710
0.790
-0.430
-1.160
0.060
-0.040
0.490
0.330
-0.060
-0.980
0.130
-1.400
0.500
0.600
-1.580
-0.120
-1.740
-0.670
0.370
0.420
-0.800
0.130
-0.180
0.390
-0.900
-1.040
0.800
0.410
0.370
-0.360
1.700
-1.640
-0.310
1.490
1.590
-1.100
-1.880
-1.630
-0.380
-2.320
2.050
1.920
1.740
-1.270
0.690
1.620
1.480
1.340
-1.240
-1.620
-0.200
-1.360
-1.910
0.000
1.460
-0.570
-2.080
-0.730
0.460
0.480
-2.180
-1.040
0.600
-1.460
-0.720
0.680
0.120
0.030
0.520
-1.210
-1.460
0.540
-0.150
2.390
2.170
1.970
0.770
-0.430
-0.100
0.230
0.810
0.430
-0.490
0.920
0.000
0.940
0.280
0.520
0.140
0.660
0.640
-0.760
-0.360
-0.460
0.100
0.250
0.210
-0.650
-0.130
-0.050
-0.390
0.000
-0.860
-0.950
1.110
1.580
-0.050
0.200
-0.140
0.200
-0.030
-0.030
0.410
-0.400
-0.010
0.320
0.340
0.260
-0.100
0.940
-0.040
0.180
-0.280
-0.190
-0.100
0.330
-0.180
0.250
-0.430
-0.090
0.000
-0.140
0.660
0.680
0.750
0.270
-0.060
0.100
-0.080
-0.580
0.730
-0.180
-0.230
0.440
-0.120
-0.030
-0.420
-0.210
0.070
0.090
-0.500
0.460
0.010
0.800
-0.610
0.400
0.040
0.210
0.110
-0.450
-0.200
-0.450
-0.470
-0.630
1.270
1.150
1.050
0.950
