32.560
32.810
32.880
33.700
33.580
34.000
33.940
34.750
35.000
34.050
34.230
35.460
34.060
34.130
33.900
34.080
33.820
34.640
35.600
35.930
35.140
35.840
35.540
35.190
35.530
35.080
33.540
32.730
33.310
32.620
31.960
31.170
32.720
32.890
33.080
32.890
31.660
31.860
32.050
30.730
31.820
32.020
35.580
36.120
35.950
37.620
36.530
35.340
36.870
35.610
35.180
34.930
37.080
38.430
39.950
44.390
43.910
39.920
36.290
32.990
29.990
27.260
27.310
27.030
27.220
26.640
26.650
26.810
26.930
26.910
26.780
26.850
27.410
27.500
27.340
27.330
26.930
26.610
27.350
26.520
26.030
25.690
25.550
26.050
25.620
25.620
26.700
26.940
26.860
26.440
26.490
25.840
25.750
25.490
25.700
25.470
25.670
25.410
24.290
24.220
24.390
24.290
24.300
24.020
23.830
23.930
24.380
24.230
24.540
24.530
24.640
24.260
24.130
24.190
24.490
24.740
24.150
24.270
24.200
23.890
23.900
23.660
23.930
23.820
23.710
24.100
24.290
24.240
24.310
23.820
24.910
25.140
25.510
25.540
25.760
26.080
26.230
26.430
26.250
26.420
26.470
26.620
26.130
26.070
26.550
26.860
26.470
26.800
26.530
26.470
26.640
27.030
27.380
27.570
27.530
27.860
28.000
27.700
28.090
27.850
27.680
27.790
27.900
27.710
27.750
27.310
28.200
28.190
27.720
27.530
27.610
27.700
27.840
27.920
27.840
27.580
27.440
27.500
27.490
27.830
28.220
28.150
28.060
28.200
27.920
28.890
28.440
27.910
28.260
27.080
26.450
26.570
26.660
26.700
27.170
26.890
26.860
26.460
26.410
26.270
26.670
26.440
26.410
25.920
25.780
26.050
26.270
26.430
26.450
26.670
26.470
26.660
27.710
26.760
25.580
25.610
25.980
26.200
26.050
26.170
25.940
25.500
25.240
25.600
25.400
25.250
25.780
25.500
25.750
26.210
26.160
26.470
26.720
27.010
25.990
25.900
25.900
25.390
25.990
26.300
25.550
24.950
24.970
24.570
24.380
24.280
24.290
24.270
24.090
24.480
24.670
24.470
24.410
24.530
24.430
24.930
24.270
24.260
25.160
24.780
24.860
24.590
24.650
24.620
24.700
23.900
24.650
25.150
24.820
25.070
25.120
23.890
23.630
23.750
23.550
24.360
24.500
24.580
24.570
24.660
25.130
25.600
26.470
24.960
25.270
25.130
25.200
25.380
24.800
23.350
23.550
23.380
23.840
24.480
24.440
24.880
24.880
24.860
24.890
24.900
24.350
24.490
24.990
24.840
24.360
24.290
24.140
23.550
23.950
24.760
25.120
25.020
24.700
25.150
24.890
24.380
24.170
23.710
23.950
23.590
23.970
25.220
25.490
25.810
25.650
25.250
25.370
23.030
22.410
22.600
22.140
24.030
24.200
24.350
23.760
23.990
24.000
23.550
22.870
23.140
23.650
23.600
22.760
22.000
22.550
21.700
21.980
22.740
24.420
24.580
24.120
25.730
26.440
25.160
25.510
26.830
26.490
28.010
27.500
27.490
26.300
28.780
28.520
28.080
30.700
30.560
30.990
30.780
32.740
33.000
32.330
32.540
31.500
30.730
31.950
30.030
30.000
28.490
27.200
27.360
26.700
26.200
26.490
26.660
27.660
27.870
27.170
25.740
25.440
26.890
27.290
27.290
27.440
27.510
27.310
27.470
26.500
26.270
26.000
26.960
26.100
25.940
26.290
25.640
25.310
25.390
24.440
24.620
25.020
24.960
24.700
25.600
26.160
26.120
25.370
25.020
26.540
26.890
26.460
24.790
23.470
24.400
24.400
23.290
23.160
21.920
21.990
22.670
22.840
23.050
22.970
23.670
23.400
23.150
23.190
24.290
22.700
24.260
24.230
24.360
24.800
24.360
24.100
25.710
25.600
25.700
25.020
24.080
23.680
24.040
22.190
24.640
26.690
27.300
27.210
29.930
29.630
30.010
28.020
29.280
30.010
29.060
27.650
28.830
30.910
31.260
29.660
28.600
29.390
27.650
25.990
26.590
26.000
25.690
26.660
27.010
26.150
24.390
25.020
23.180
23.800
23.930
26.580
29.550
30.450
27.670
26.990
29.980
29.370
29.370
28.150
31.260
33.030
34.390
33.860
31.300
30.940
29.390
29.370
30.400
28.630
27.320
27.770
28.580
27.840
26.620
27.700
30.760
31.950
31.870
30.880
29.210
29.050
28.660
28.380
29.180
29.130
30.160
29.440
29.940
29.580
29.490
29.250
30.940
33.690
62.050
62.390
61.400
61.530
61.680
59.470
55.490
54.400
53.430
56.020
55.860
55.540
56.130
56.600
56.310
56.230
55.710
57.920
58.780
55.870
56.230
55.380
57.210
52.390
50.770
52.230
52.230
50.190
49.300
48.690
49.280
46.410
44.890
44.310
45.200
45.200
44.720
45.280
44.320
44.250
45.660
46.120
48.160
48.320
48.800
48.690
49.680
45.930
46.570
47.120
46.610
46.620
48.700
50.420
50.420
49.910
50.350
49.970
46.010
47.340
47.050
44.850
44.080
42.880
43.320
42.000
42.620
42.670
44.760
43.600
39.850
38.210
37.380
36.780
33.620
34.020
34.140
36.750
37.430
37.380
36.770
36.240
37.760
36.290
33.990
32.280
35.870
35.820
37.090
36.770
37.550
36.620
35.450
34.060
33.380
33.390
33.350
30.850
29.910
30.120
29.830
29.990
28.350
29.490
29.500
28.150
27.910
28.230
27.810
27.400
27.520
26.740
25.710
25.370
25.600
25.000
24.740
24.590
24.590
25.000
25.340
25.550
25.780
25.660
26.350
26.150
26.670
25.950
25.660
25.800
25.230
24.920
24.970
25.300
25.550
25.410
24.980
25.680
25.640
26.130
25.680
26.290
26.870
26.700
27.050
26.850
27.330
27.760
27.180
27.070
25.770
25.610
25.560
25.620
25.500
26.180
26.920
26.710
26.980
26.980
26.830
27.160
27.000
27.330
27.820
27.940
26.810
26.720
26.880
26.990
27.400
26.890
27.510
27.230
28.650
29.390
29.080
29.140
27.900
28.260
28.060
28.080
26.340
26.320
25.310
24.760
24.840
24.650
24.840
25.320
