5.840
5.860
5.690
5.760
5.680
5.630
5.570
5.510
5.510
5.340
5.290
5.380
5.350
5.290
5.230
5.260
5.300
5.340
5.280
5.280
5.280
5.270
5.150
5.130
5.130
5.050
5.130
5.110
5.110
5.060
4.900
5.090
5.200
5.220
5.250
5.250
5.120
5.100
5.130
5.200
5.340
5.310
5.390
5.450
5.550
5.580
5.480
5.400
5.350
5.370
5.260
5.470
5.480
5.470
5.630
5.770
5.860
6.040
6.030
6.110
6.120
6.060
6.110
6.110
5.930
5.980
5.820
5.890
5.910
5.900
5.850
5.890
5.950
5.970
5.950
6.050
5.950
5.910
5.950
5.870
5.830
5.940
6.090
6.160
6.120
6.130
6.180
6.250
6.160
6.230
6.360
6.400
6.370
6.450
6.100
6.170
6.080
6.250
6.190
6.190
6.090
5.790
5.690
5.720
5.640
5.750
5.740
5.740
5.590
5.540
5.410
5.390
5.390
5.260
5.510
5.570
5.700
5.790
5.680
5.540
5.560
5.550
5.540
5.440
5.420
5.420
5.490
5.500
5.410
5.490
5.490
5.460
5.510
5.350
5.290
5.290
5.230
5.180
5.370
5.330
5.380
5.310
5.310
5.380
5.540
5.560
5.570
5.650
5.520
5.500
5.530
5.660
5.740
5.640
5.570
5.600
5.650
5.610
5.410
5.390
5.320
5.370
5.170
5.110
5.090
5.050
5.080
5.070
5.060
5.060
5.110
5.120
5.160
5.100
5.120
5.120
5.160
5.110
5.030
5.050
5.060
5.080
5.060
4.950
4.900
4.900
4.920
4.920
4.970
5.010
5.010
4.990
5.030
4.930
4.940
4.930
5.010
4.990
5.030
5.070
5.030
4.950
4.930
4.960
4.940
5.000
5.000
4.980
5.040
5.040
5.010
5.040
5.040
5.050
5.060
5.040
5.000
4.950
4.990
5.020
4.970
4.940
4.940
4.940
4.950
4.940
5.190
5.120
4.990
5.090
4.960
4.880
4.900
4.910
4.900
4.980
5.010
5.050
5.330
5.080
5.050
4.950
4.880
4.840
4.840
4.580
4.460
4.480
4.490
4.390
4.360
4.310
4.290
4.320
4.200
4.250
4.380
4.390
4.400
4.420
4.380
4.370
4.380
4.250
4.290
4.320
4.320
4.290
4.350
4.350
4.320
4.360
4.470
4.480
4.470
4.470
4.470
4.460
4.480
4.570
4.760
4.730
4.750
4.660
4.680
4.740
4.750
4.630
4.620
4.600
4.680
4.890
4.920
5.050
4.930
4.870
4.790
4.840
4.800
4.710
4.770
4.760
4.660
4.610
4.610
4.460
4.530
4.520
4.450
4.540
4.540
4.580
4.500
4.420
4.350
4.370
4.380
4.280
4.280
4.360
4.450
4.460
4.340
4.360
4.350
4.150
4.060
4.180
4.140
4.510
4.490
4.530
4.420
4.420
4.410
4.400
4.240
4.230
4.240
4.190
4.150
4.060
4.160
4.020
4.170
4.220
4.630
4.590
4.570
4.670
4.740
4.600
4.600
4.820
4.710
4.800
4.760
5.060
4.880
5.390
5.230
5.200
5.760
5.810
5.730
5.580
5.810
5.760
5.780
5.900
5.980
5.900
5.760
5.500
5.490
5.500
5.350
5.350
5.390
5.390
5.600
5.500
5.520
5.490
5.430
5.410
5.450
5.950
5.970
5.970
6.050
5.780
5.630
5.540
5.610
5.650
5.550
5.680
5.770
5.850
5.750
5.580
5.490
5.440
5.210
5.280
5.280
5.200
5.110
5.240
5.290
5.140
5.020
4.890
5.210
5.170
5.210
5.170
5.010
5.150
5.090
4.880
4.820
4.670
4.660
4.690
4.620
4.800
4.740
4.840
4.810
4.690
4.660
4.850
4.490
4.710
5.160
5.100
5.190
5.020
4.820
4.750
4.850
5.010
5.300
4.950
4.700
4.700
5.220
5.810
6.210
6.360
6.070
6.730
6.510
6.390
6.230
6.440
6.350
5.930
5.750
5.840
5.980
5.600
5.770
5.910
6.090
5.710
6.050
6.750
6.900
6.700
6.650
6.660
6.640
6.250
5.840
6.460
5.870
5.340
4.850
5.390
6.000
6.000
6.560
7.100
7.330
6.670
7.300
8.120
8.630
8.350
8.540
9.510
10.070
10.000
10.680
10.560
10.060
9.640
9.200
8.360
8.540
8.410
8.600
8.250
7.500
6.940
6.860
7.170
7.180
7.120
6.700
6.300
6.130
6.180
5.850
5.820
5.980
6.000
6.010
5.980
5.770
5.580
5.970
6.220
6.560
6.230
6.290
6.100
6.340
6.310
6.390
6.330
6.060
5.810
5.950
5.870
5.780
6.030
6.000
5.670
5.510
5.650
5.770
5.650
5.550
5.510
5.480
5.570
5.320
5.270
5.250
5.360
5.430
5.250
5.110
5.150
5.060
4.880
4.780
4.800
4.690
4.670
4.660
4.580
4.640
4.660
4.600
4.710
4.670
4.530
4.410
4.430
4.440
4.400
4.310
4.310
4.280
4.160
4.160
4.290
4.340
4.330
4.280
4.400
4.500
4.550
4.450
4.440
4.370
4.420
4.380
4.280
4.120
4.470
4.430
4.330
4.400
4.380
4.630
4.750
4.840
4.780
4.740
4.590
4.600
4.800
4.830
4.750
4.640
4.620
4.830
4.720
4.670
4.690
4.780
4.790
4.680
4.680
4.470
4.360
4.390
4.260
4.470
4.430
4.340
4.240
4.060
4.030
3.990
4.010
3.990
3.980
3.860
3.810
3.830
3.830
3.840
3.860
3.870
3.820
3.990
3.930
4.050
3.950
4.030
3.970
3.850
3.810
3.770
3.710
3.600
3.580
3.590
3.770
3.800
3.870
3.820
3.900
3.940
3.940
3.970
4.030
4.070
4.000
3.980
4.020
3.960
3.940
3.910
3.840
3.780
3.880
3.970
3.920
4.060
3.720
3.380
3.310
3.300
3.330
3.220
3.170
3.130
3.130
3.090
3.050
3.040
3.100
3.100
3.120
3.190
3.160
3.120
3.080
3.070
3.040
3.030
3.050
3.070
3.090
3.050
3.020
3.090
3.060
3.010
2.980
2.970
2.950
2.960
2.960
2.880
2.870
2.830
2.840
2.820
2.820
2.800
2.830
2.840
2.780
2.790
2.740
2.730
2.740
