3.490
3.470
3.440
3.440
3.430
3.460
3.470
3.450
3.460
3.430
3.420
3.470
3.520
3.520
3.530
3.600
3.710
3.390
3.390
3.400
3.390
3.350
3.330
3.310
3.290
3.340
3.340
3.340
3.310
3.270
3.340
3.380
3.400
3.450
3.440
3.420
3.470
3.420
3.390
3.460
3.430
3.520
3.530
3.600
3.610
3.550
3.540
3.480
3.460
3.430
3.630
3.690
3.620
3.710
3.740
3.780
3.910
3.890
3.950
3.780
3.790
3.890
3.790
3.740
4.060
3.930
3.570
3.610
3.570
3.490
3.500
3.500
3.480
3.470
3.520
3.470
3.490
3.510
3.490
3.510
3.570
3.620
3.650
3.570
3.540
3.540
3.590
3.580
3.600
3.610
3.660
3.670
3.700
3.650
3.610
3.580
3.600
3.590
3.570
3.500
3.490
3.450
3.460
3.450
3.460
3.440
3.430
3.430
3.410
3.370
3.410
3.390
3.370
3.440
3.460
3.490
3.520
3.520
3.490
3.520
3.520
3.500
3.470
3.450
3.460
3.480
3.500
3.480
3.530
3.590
3.590
3.470
3.460
3.440
3.400
3.440
3.410
3.510
3.530
3.570
3.550
3.560
3.600
3.700
3.650
3.710
3.730
3.700
3.710
3.690
3.740
3.730
3.750
3.900
3.860
3.810
3.720
3.590
3.530
3.480
3.530
3.490
3.460
3.480
3.460
3.500
3.510
3.510
3.530
3.580
3.620
3.640
3.530
3.510
3.530
3.550
3.460
3.480
3.500
3.510
3.490
3.480
3.450
3.430
3.410
3.410
3.410
3.450
3.490
3.480
3.490
3.490
3.470
3.480
3.490
3.650
3.660
3.670
3.670
3.650
3.640
3.680
3.670
3.710
3.690
3.690
3.680
3.730
3.730
3.740
3.790
3.820
3.740
3.750
3.750
3.690
3.640
3.740
3.750
3.740
3.720
3.690
3.700
3.720
3.680
3.760
3.870
3.940
3.860
3.830
3.900
3.980
4.000
4.070
4.070
3.960
4.000
4.010
4.090
4.120
3.850
3.670
3.500
3.460
3.410
3.370
3.360
3.370
3.380
3.320
3.290
3.360
3.380
3.340
3.360
3.380
3.360
3.400
3.350
3.340
3.440
3.450
3.480
3.480
3.490
3.530
3.480
3.370
3.400
3.410
3.420
3.440
3.500
3.470
3.470
3.470
3.560
3.600
3.520
3.490
3.540
3.560
3.550
3.540
3.660
3.650
3.650
3.570
3.570
3.630
3.630
3.600
3.620
3.610
3.640
3.840
3.840
3.910
3.940
3.940
3.850
3.890
3.850
3.890
3.950
4.020
4.010
4.190
3.810
3.710
3.600
3.640
3.490
3.530
3.540
3.600
3.530
3.460
3.430
3.490
3.380
3.320
3.330
3.370
3.490
3.410
3.380
3.390
3.390
3.240
3.180
3.340
3.270
3.580
3.540
3.580
3.510
3.530
3.540
3.480
3.370
3.430
3.380
3.350
3.360
3.310
3.350
3.240
3.350
3.430
3.800
3.770
3.740
3.910
3.940
3.790
3.780
3.950
3.920
4.060
4.060
4.290
4.170
4.500
4.380
4.400
4.750
4.680
4.670
4.640
4.720
4.690
4.760
4.830
4.870
4.690
4.710
4.630
4.680
4.720
4.590
4.660
4.680
4.700
4.810
4.800
4.870
4.870
4.940
4.740
4.690
4.990
5.040
5.030
5.070
5.140
5.100
5.100
5.110
5.080
5.080
5.110
5.190
5.140
5.180
5.160
5.120
5.070
4.930
5.010
5.090
5.160
5.090
5.110
5.220
5.020
4.970
4.790
5.200
5.110
5.080
5.020
4.930
5.100
4.960
4.820
4.830
4.610
4.580
4.740
4.660
4.860
4.690
4.840
4.810
4.760
4.610
4.790
4.430
4.880
4.990
5.030
5.130
5.050
4.900
4.840
5.350
5.340
4.850
4.490
4.300
4.350
4.820
5.370
5.650
5.700
5.580
6.180
5.940
5.840
5.770
5.950
6.060
5.730
5.670
5.600
5.830
5.760
5.420
5.390
5.500
5.270
5.150
5.720
5.710
5.580
5.680
5.670
5.660
5.400
5.370
5.980
6.450
5.890
5.350
4.860
5.420
5.220
5.060
5.610
6.020
6.310
5.900
6.240
6.940
7.240
6.950
6.870
7.610
7.490
7.180
7.640
7.580
7.180
7.190
7.200
7.400
7.200
7.110
7.230
7.460
7.100
6.450
6.390
7.050
6.860
6.850
6.470
6.470
6.080
6.100
5.830
5.820
6.060
6.180
6.060
5.980
5.730
5.520
5.900
6.170
6.550
6.500
6.680
6.520
6.920
6.870
6.860
6.680
6.600
6.640
6.480
6.140
6.210
6.410
5.830
5.630
5.570
5.750
5.850
5.710
5.630
5.630
5.630
5.750
5.580
5.560
5.690
5.770
5.570
5.570
5.630
5.680
5.370
5.230
5.160
5.120
5.100
5.210
5.150
5.090
5.100
5.320
5.440
5.010
4.990
5.000
4.830
4.790
4.700
4.660
4.630
4.610
4.590
4.550
4.550
4.680
4.730
4.760
4.700
4.810
4.920
5.070
5.030
4.880
4.860
4.880
4.810
4.710
4.500
4.840
4.870
4.750
4.850
4.880
5.180
5.240
5.060
4.990
4.870
4.750
4.690
4.890
5.030
5.000
4.860
4.790
4.970
5.440
5.370
5.470
5.550
5.420
5.560
5.810
5.710
5.190
4.720
4.510
4.670
4.590
4.590
4.560
4.650
4.650
4.650
4.710
4.630
4.620
4.630
4.680
4.650
4.630
4.540
4.570
4.690
4.660
4.890
4.680
4.800
4.810
4.920
5.040
4.830
4.800
4.610
4.440
4.350
4.430
4.400
4.610
4.770
4.630
4.210
4.410
4.630
4.680
4.650
4.730
4.800
4.850
4.780
4.820
4.840
4.920
4.860
4.910
4.840
4.750
4.840
4.950
4.820
5.140
5.170
4.840
4.890
4.930
4.990
4.710
4.280
4.180
3.800
3.450
3.440
3.770
3.860
3.540
3.220
2.930
2.660
2.420
2.440
2.430
2.440
2.380
2.390
2.400
2.380
2.400
2.420
2.430
2.420
2.410
2.410
2.440
2.420
2.370
2.330
2.310
2.330
2.340
2.330
2.360
2.380
2.390
2.370
2.390
2.400
2.410
2.440
2.440
