550346.19
332208.72
253030.22
264170.69
176440.39
205992.27
408287.47
176083.38
265631.38
264835.91
167180.03
170629.06
253723.00
160751.91
234528.23
125259.20
184257.30
117303.95
124728.43
122800.97
102934.97
110266.47
54094.13
68777.62
180029.91
96467.77
76879.34
78762.33
104757.26
89455.26
116686.02
162203.77
207972.95
94009.88
150756.47
165517.33
67618.90
147301.33
153082.06
135108.56
216729.80
73081.69
101745.76
97371.47
112029.63
90451.64
78114.10
118932.15
72579.96
74534.10
123144.08
62054.83
108065.87
148850.03
123546.21
85365.21
140492.59
126550.08
128698.93
147507.72
132477.22
125503.91
92277.80
168704.12
151594.70
290811.41
179110.73
106739.79
179983.03
206579.20
222284.12
273210.44
290861.41
475078.88
580617.25
287564.56
170840.61
252321.58
262988.84
140353.23
133843.66
149494.17
196915.20
165822.83
218569.20
415324.94
341258.47
181426.62
168375.48
229674.92
366704.22
235982.98
329793.38
323049.94
741848.69
414649.50
172972.25
198916.91
168597.44
130995.29
188022.33
161068.33
100022.56
110482.05
179554.84
244218.95
92080.23
98179.63
225588.92
137555.02
192176.45
109606.14
211804.61
277463.38
194439.52
104991.29
90159.02
101535.50
86290.96
108488.61
102026.50
184020.77
57553.14
77417.55
85240.97
95442.01
87143.95
120654.81
165432.95
243529.80
120425.00
231603.69
267216.91
316154.03
420854.56
146349.67
172015.89
104465.24
261424.55
103378.61
143883.39
220206.62
204623.89
227185.39
318517.66
207470.55
154485.80
215483.16
216568.61
282251.84
195357.58
383063.25
391910.72
649416.56
443149.62
600280.19
254891.56
435164.28
838307.69
219871.05
201189.81
183683.88
126754.03
166278.52
121247.27
224322.97
323096.81
204984.94
172420.92
183429.42
351174.41
306384.72
175786.23
162534.16
132885.06
143300.88
167812.61
179563.55
211910.94
104470.85
89995.25
134065.62
169447.47
176040.73
142801.38
156663.27
155207.34
261466.23
361455.94
294256.06
567836.38
353204.94
302022.12
440878.44
400164.66
511419.72
540622.44
465890.94
671243.31
403335.97
262929.22
446862.91
301882.72
328606.72
375412.19
658266.69
937308.44
297768.34
281949.88
341817.00
359817.38
168334.69
266914.66
360096.66
431408.94
222624.14
289410.19
436683.94
213428.66
207470.20
292206.56
210480.17
399089.59
596250.88
226911.06
216231.44
271031.16
225886.11
260507.89
365191.69
395639.03
351712.69
391161.19
371278.50
421736.78
597982.62
384670.09
875653.88
356567.09
404254.31
700578.75
379791.81
580704.62
815221.00
475945.25
532370.25
910401.75
909669.62
396807.38
427304.19
349014.97
542086.50
628244.69
646013.31
469243.62
547400.06
759357.12
660669.69
544357.44
812010.69
827473.31
1185068.62
910237.88
570472.94
780995.81
978072.38
709890.88
677999.25
803608.12
969957.00
1036270.25
722082.25
1311393.38
1046477.94
964139.50
756605.44
519108.19
615925.25
780489.06
1002718.25
617406.62
785203.00
961289.69
595197.88
499017.00
587650.62
777977.69
693968.88
941351.06
1600764.62
1253313.25
771698.06
949751.38
1254642.25
792326.38
1012712.69
187175.48
450885.09
222057.44
290210.56
248799.36
400384.69
374037.28
324555.19
283820.44
311262.12
304647.16
151228.73
316069.06
553303.38
267547.16
402010.88
308531.84
155016.30
154041.73
177165.67
240410.91
243478.88
272958.06
456558.53
684003.12
426753.41
356234.94
528562.19
274126.62
192721.23
221694.36
260822.98
306089.59
355327.94
635393.00
449636.56
168702.69
295746.84
205980.88
236319.19
193375.00
136985.91
226078.98
166574.41
127660.30
139773.91
176721.27
199377.73
210839.42
264013.72
159761.58
154100.77
251207.11
373520.06
192597.38
152879.64
153537.22
164130.59
169049.41
130488.36
228697.69
232798.98
58464.99
226279.58
249747.91
142719.06
128508.95
149960.30
172383.84
295686.12
186195.55
189790.08
329943.72
564075.88
274468.09
282042.94
384289.47
291168.69
308321.62
390958.53
360238.91
350016.09
285025.00
326204.38
297994.06
345416.97
380430.12
511817.34
712952.81
1189349.88
729588.31
9373.60
4820.69
14111.31
300558.22
366456.34
29495.57
138530.23
168234.45
146267.34
160057.20
217594.80
12941.72
5622.20
84611.77
160913.73
104155.12
94542.78
100112.72
122477.86
114769.99
105845.55
117098.93
89349.40
88447.80
98887.45
86413.09
90745.88
91810.70
119223.55
130813.97
108907.65
104096.16
143597.14
197014.41
183830.94
121993.28
150524.44
147941.22
132133.67
147164.81
202218.08
225813.34
187478.84
149935.48
175460.91
102388.13
151457.81
121067.38
170740.48
340943.38
239245.64
121092.09
82699.41
108648.96
56952.94
52291.53
83472.36
77258.65
64663.18
87832.36
147221.91
122149.36
125373.05
164561.88
276352.31
194089.48
172150.06
273838.22
174664.78
80133.19
119769.49
97391.08
113292.82
127131.41
150658.66
137327.03
159869.52
131059.75
153420.89
162760.62
153426.88
117371.42
85285.77
98422.50
166294.56
161622.86
190452.98
146728.03
223265.33
114230.58
143171.23
127069.88
93492.43
116623.90
103723.56
72704.29
67805.27
89025.28
69815.85
48419.83
93083.28
81737.36
67670.21
44627.34
27651.65
56632.55
46223.48
55496.79
64896.41
33062.83
44990.01
91517.48
52566.26
89531.92
87602.98
59472.06
67788.53
66028.09
90584.04
126200.70
83178.38
116150.68
110452.18
130634.63
108025.80
71490.59
101451.93
74548.71
55857.10
64801.69
51926.22
88170.73
68183.50
87926.02
162662.52
126767.96
185668.03
95124.00
136116.44
179095.08
202449.64
147787.88
238831.77
274930.88
227094.06
284144.03
220316.17
100500.56
72450.21
95631.78
94733.69
91340.79
92564.52
185878.59
147044.59
167275.73
198882.70
261776.41
132068.20
88849.97
144154.66
117371.46
124241.58
191042.77
161279.66
124077.77
76102.06
78057.51
111319.28
72066.90
115189.40
200466.19
49286.75
75144.87
56567.54
72652.84
51680.17
66936.45
82578.63
114480.60
117264.25
71260.62
63599.85
46287.69
40825.08
37450.31
81575.07
74919.06
45023.73
99562.07
137286.12
54270.52
68494.67
87748.32
168695.41
57440.61
61145.78
51832.04
39183.11
46553.16
32353.16
75797.65
100602.03
52843.72
48551.78
31185.58
34186.46
35417.23
85188.98
73035.41
52413.87
53687.59
46846.86
42505.06
58861.40
51315.73
69687.19
50453.27
29024.62
27714.65
36511.53
30877.22
45366.50
55304.65
51933.86
68485.65
49784.38
82704.91
52625.59
51645.69
70971.25
66368.51
59650.40
45706.33
49753.74
78815.79
130099.73
98946.10
92465.08
62207.19
90523.31
88427.45
103751.17
174587.73
187597.41
123695.15
84817.04
125176.12
37400.42
41357.05
36140.05
64024.58
84491.54
101004.97
103169.61
177800.06
200910.38
52775.24
