12.600
12.010
12.130
12.080
12.150
11.900
11.890
11.850
11.620
11.690
11.920
11.950
12.060
11.980
12.100
12.150
12.000
11.960
11.900
12.170
11.960
11.880
11.120
11.020
10.980
11.170
11.460
11.250
11.200
11.140
11.460
11.960
12.060
12.030
12.060
11.920
11.740
11.720
11.990
12.320
12.280
12.110
12.680
12.800
12.940
13.090
12.740
12.550
12.430
12.460
13.180
13.250
13.360
13.900
14.230
14.520
14.900
14.910
14.920
15.060
15.470
15.450
15.550
15.340
15.070
15.840
16.040
16.010
16.060
15.960
16.150
16.140
16.290
16.240
16.280
16.200
16.260
16.320
16.340
16.890
16.970
16.750
16.680
16.500
16.380
16.650
16.650
16.650
16.560
16.350
16.490
16.480
16.420
16.280
16.480
16.380
16.500
16.580
16.580
16.720
16.680
16.570
16.690
17.110
16.400
16.410
16.680
17.100
16.600
15.970
15.710
15.860
15.790
16.370
16.720
16.790
16.820
16.840
16.750
16.820
16.940
16.800
16.650
16.600
16.610
16.850
16.880
16.810
17.490
17.710
18.120
17.910
18.150
17.910
16.990
17.050
17.200
17.520
17.400
17.590
17.580
17.720
17.760
17.580
17.660
17.550
18.040
18.100
17.660
18.180
18.380
18.190
18.200
18.640
18.510
18.550
18.690
18.200
18.260
17.950
17.990
18.140
18.000
17.590
17.600
17.480
17.560
17.580
18.180
18.240
18.130
19.000
17.290
17.300
17.210
17.170
16.680
16.830
16.750
16.810
16.720
16.820
16.820
16.410
16.380
16.250
16.200
16.390
16.450
16.300
16.200
16.150
15.920
15.700
15.780
15.950
16.700
16.400
16.750
16.200
16.300
16.110
16.050
16.050
16.080
16.170
16.090
15.950
16.330
16.440
16.500
16.380
15.820
15.830
15.950
15.720
15.230
15.350
15.520
15.580
15.200
15.260
15.340
15.340
15.280
15.310
15.240
15.450
16.620
16.290
16.280
16.500
16.480
16.420
16.350
16.650
16.960
16.390
16.370
16.030
16.300
16.500
16.500
16.320
16.250
16.100
16.300
16.360
16.790
16.460
15.020
15.100
15.120
15.060
15.070
15.100
15.240
15.310
15.320
14.740
15.290
15.500
15.560
15.660
15.860
15.860
16.100
15.860
15.280
15.300
15.140
15.440
15.460
15.130
14.870
15.050
15.290
15.880
15.980
15.420
15.550
16.280
16.210
17.750
19.250
19.010
19.150
19.090
18.120
18.600
19.050
18.870
18.500
18.910
19.200
20.140
20.700
20.180
20.230
19.530
19.580
19.690
19.950
19.830
20.470
20.160
20.120
18.800
18.920
18.570
18.080
18.790
18.280
18.610
18.020
18.020
18.130
17.800
16.850
17.300
16.440
16.570
15.980
16.520
16.760
17.180
17.680
16.950
17.800
16.850
16.100
16.600
17.200
18.690
19.480
19.160
18.660
18.710
18.950
18.350
18.580
18.500
17.690
16.140
16.080
16.360
16.650
16.500
16.500
15.780
16.670
16.280
15.750
16.640
16.740
16.710
15.390
15.410
15.350
16.020
15.990
17.420
17.480
18.400
19.010
20.240
22.430
23.330
22.800
22.720
23.980
23.600
23.690
24.080
23.730
21.900
23.000
22.770
22.490
21.290
20.950
20.490
20.510
20.880
21.800
22.580
22.450
20.880
21.690
22.500
21.480
20.250
19.770
19.850
18.140
18.270
17.550
17.180
17.200
17.700
17.180
18.080
17.850
17.500
17.180
17.580
17.050
17.070
17.190
16.540
15.790
16.200
16.600
17.430
16.740
17.180
15.820
15.300
16.220
16.080
16.010
14.790
14.450
15.280
14.720
14.600
13.800
12.900
12.490
12.760
12.150
12.540
12.550
12.490
12.980
12.500
12.250
11.850
11.230
10.880
12.900
12.880
13.250
12.800
12.150
11.400
11.700
12.240
13.450
13.690
12.870
14.250
13.980
16.180
17.950
19.150
18.860
20.990
20.400
19.970
19.240
19.310
19.410
19.390
17.980
17.290
17.450
16.790
16.120
16.500
17.820
16.980
17.190
19.560
19.970
20.050
19.700
19.100
17.940
17.100
17.000
17.720
20.500
21.200
19.270
17.520
15.930
17.700
23.500
22.500
27.000
28.500
27.250
28.000
28.510
30.090
30.650
30.500
32.480
35.430
35.200
37.000
39.000
37.680
34.880
34.000
33.850
33.880
31.730
31.790
31.700
31.900
31.790
31.100
37.500
34.880
33.550
33.900
35.800
36.800
37.280
34.980
35.610
34.240
34.890
35.780
32.790
31.000
29.820
28.640
28.480
25.920
24.390
25.050
27.600
25.090
23.130
21.030
19.120
17.500
17.100
17.140
16.990
18.000
17.500
17.750
16.990
16.690
16.900
16.100
16.350
15.850
15.360
15.500
15.530
15.310
14.250
14.380
14.070
14.170
13.910
13.970
13.600
13.560
13.500
13.200
12.920
13.030
13.200
13.080
13.000
13.160
13.190
12.900
12.690
12.580
12.460
12.410
12.400
12.390
12.300
12.150
11.810
11.780
11.800
12.190
12.950
12.540
12.240
13.070
12.410
12.090
12.440
12.480
12.370
12.350
12.340
12.080
11.890
11.970
11.890
11.700
11.610
11.670
11.680
11.960
12.200
11.990
11.950
11.840
11.970
12.100
12.370
12.390
12.500
12.630
13.130
13.890
13.570
13.650
13.330
13.520
13.690
13.960
13.570
13.550
13.650
13.270
13.490
13.700
14.040
13.000
13.110
13.250
13.380
13.380
13.150
13.150
13.090
13.000
13.100
13.090
12.890
13.100
13.320
12.250
12.520
12.340
12.580
12.710
12.750
12.910
12.810
12.760
12.850
12.780
12.600
12.330
12.280
12.370
12.840
12.960
12.910
13.210
13.870
13.860
13.750
13.960
14.350
14.760
14.280
14.990
14.790
13.660
13.500
13.650
13.450
13.150
13.170
12.930
12.670
13.300
13.450
12.850
12.660
12.500
12.120
12.270
12.250
12.100
11.970
11.740
11.620
11.650
11.690
11.970
12.250
12.370
11.950
12.080
12.300
12.330
12.480
12.270
11.800
11.610
11.590
11.310
11.440
11.500
11.630
11.640
11.890
11.540
11.800
10.820
10.760
10.540
10.540
10.610
10.650
10.750
10.690
10.490
10.250
10.250
10.280
10.230
10.140
10.410
10.370
