-0.030
-0.010
0.140
0.050
-0.030
0.030
-0.220
0.140
0.200
0.260
-0.380
0.070
-0.030
0.330
0.090
0.180
0.140
0.300
-0.500
0.010
-0.050
0.240
0.150
0.130
0.500
-0.600
-0.210
0.100
0.100
0.040
-0.940
-0.550
-0.100
-0.370
0.120
0.380
-0.170
-0.190
0.180
-0.750
0.100
-1.620
-1.000
-1.020
0.540
0.140
0.200
0.200
0.010
0.280
-0.690
-0.140
-0.270
-0.880
-0.270
-0.450
-0.380
-0.060
-0.100
1.160
0.090
0.070
-0.070
0.160
0.600
0.050
0.030
-0.110
0.150
-0.080
0.080
-0.520
-0.250
0.020
-0.150
0.380
-0.200
0.040
0.320
-0.450
-0.170
0.110
-0.050
0.460
-0.100
0.060
0.080
0.260
-0.360
0.410
-0.580
-0.470
0.110
0.240
-0.070
0.150
-0.090
-0.180
0.100
-0.640
-0.020
0.720
-0.170
0.510
0.460
0.000
0.100
-0.550
-0.180
-0.120
0.050
0.030
1.090
-0.700
0.530
-0.230
-0.110
-0.640
0.850
-0.360
0.350
0.030
0.990
-0.040
0.410
0.160
-0.230
-0.090
-0.020
0.240
0.600
-0.130
0.010
-0.190
0.550
0.010
0.230
-1.390
-0.150
-0.440
0.370
-0.420
0.440
0.160
-0.010
-0.120
0.410
0.090
-0.060
-0.230
0.250
0.130
0.100
-0.260
0.140
-0.120
0.180
-0.100
0.450
0.250
-0.220
0.050
0.010
-0.200
0.050
-0.300
-0.100
-0.080
0.190
0.160
-0.060
-0.140
0.430
-0.240
-0.210
0.370
0.270
-0.140
-0.100
0.010
-0.100
0.150
0.420
0.100
-0.070
0.010
0.120
-0.520
-0.210
0.270
0.100
-0.190
0.200
-0.520
0.160
-0.860
0.030
0.000
0.350
0.180
-0.040
-0.130
-0.260
-0.210
0.230
0.000
0.070
-0.290
0.110
0.130
-0.120
-0.080
-0.130
0.180
0.050
0.510
0.280
-0.440
-0.090
-0.030
0.680
-0.290
0.060
0.030
-0.050
0.100
-0.510
0.090
-1.030
0.160
0.010
0.060
-0.140
-0.120
0.090
-0.130
-0.670
0.080
-0.210
0.360
0.130
0.140
-0.480
0.160
0.010
1.230
0.340
0.280
0.070
0.010
0.810
-0.400
0.340
0.170
-0.200
0.040
0.190
0.080
0.530
-0.020
-0.960
0.080
0.050
-0.160
-0.050
-0.020
0.210
0.800
-0.280
0.000
0.200
-0.160
-0.300
-0.070
0.180
0.300
-0.210
0.190
0.140
0.020
0.010
0.010
-0.010
-1.080
-1.280
0.050
-0.150
0.550
0.620
-0.240
-0.270
0.080
0.080
0.220
-0.420
-1.010
0.260
-0.870
-0.270
-0.200
0.350
-0.050
0.050
0.380
-0.780
-0.560
0.310
1.210
1.190
0.650
-0.310
-0.490
0.670
-0.350
-0.170
0.020
0.980
0.850
0.740
-0.690
-0.160
0.750
-0.470
-0.480
-0.470
-0.530
0.330
0.340
0.180
1.340
1.540
-1.160
-0.090
-1.840
0.250
-0.440
0.380
0.330
-0.450
0.750
0.840
-0.050
-0.300
0.240
-0.200
0.690
0.240
0.590
-0.980
0.500
-1.690
0.070
0.360
-0.850
-0.430
0.680
0.260
-0.420
1.480
-1.000
-0.110
-1.970
0.310
-2.150
0.280
0.040
-2.140
-0.090
0.450
-0.030
-0.430
0.100
-0.620
0.030
0.160
0.320
-0.210
0.380
0.010
0.250
0.590
0.090
-0.990
0.350
-1.040
0.110
-0.510
0.410
-0.130
0.030
-0.510
-2.290
0.120
0.410
-0.300
0.710
0.590
0.620
-1.140
0.530
0.340
-1.340
1.460
0.350
-0.400
-0.310
0.580
-0.320
1.440
0.160
-1.120
-0.680
0.770
-1.800
2.460
0.710
0.880
1.130
-2.430
1.240
-0.490
0.840
1.150
-0.640
0.320
0.760
0.850
0.790
1.230
-0.670
0.270
-0.940
0.480
-0.410
0.090
1.460
0.210
-0.180
1.650
-1.840
-1.600
-0.200
-0.140
0.890
0.790
-0.280
-2.100
-2.010
0.400
2.040
1.180
-2.140
-2.380
-2.640
-1.470
-2.440
0.010
-3.380
0.720
0.470
0.230
0.780
0.030
2.480
1.130
-0.360
-0.100
2.590
-2.870
-2.070
0.440
2.760
-1.610
-3.240
1.690
0.970
1.170
-0.900
1.430
2.560
1.410
-2.690
2.450
2.220
2.020
1.840
-2.040
-2.270
-2.520
-2.800
-3.110
-3.460
1.980
-3.620
-4.030
-1.840
0.500
3.130
-2.090
-1.390
0.490
-4.360
-1.010
-0.160
1.180
0.630
0.780
-1.250
0.410
-1.580
-2.680
1.330
3.110
0.250
-4.990
-1.730
3.860
3.460
-0.170
0.470
2.030
0.190
0.740
2.110
0.060
-1.570
2.220
0.950
0.980
-4.040
1.270
-0.760
3.630
0.290
1.320
-2.130
0.790
0.340
-0.630
0.620
1.070
1.030
1.100
0.370
-1.750
0.140
0.240
0.640
-1.070
-1.510
-0.010
1.040
-0.280
0.670
0.550
0.260
-0.970
1.690
0.080
-0.600
0.380
0.000
-0.260
0.650
0.410
0.780
0.320
-0.400
-0.710
-0.270
0.070
-0.550
-1.130
1.240
-0.490
0.340
0.860
0.090
1.040
-0.100
0.100
0.030
0.140
0.160
0.490
-0.170
0.040
-1.000
-1.010
1.980
0.340
-0.010
-0.730
-1.370
0.370
0.260
-0.520
2.000
1.630
0.890
-1.370
0.040
0.730
0.240
0.260
-1.340
-1.110
-0.140
-1.060
2.280
0.590
0.310
-1.440
0.320
0.580
0.730
0.730
-1.020
-1.990
-1.060
0.920
-1.840
-0.410
0.810
0.580
-0.200
0.770
-3.350
3.050
2.770
0.120
0.910
0.340
-0.500
-0.850
-0.030
1.330
0.270
0.580
0.300
-0.450
0.240
0.130
0.200
0.240
-0.930
0.640
-1.500
-0.350
-0.240
-0.240
-0.640
0.360
-0.190
-0.430
0.300
1.050
1.290
0.690
-0.900
0.220
1.220
-1.110
0.170
0.250
-0.870
-0.770
-1.070
0.540
0.220
-0.150
0.240
-0.410
0.150
-1.140
0.900
2.510
0.480
-1.120
0.750
-0.580
-0.640
-0.400
0.170
0.870
0.420
0.140
-0.380
0.830
2.230
1.590
1.880
0.440
0.380
-0.490
1.090
-0.260
-0.550
-0.090
0.100
-0.230
0.270
0.040
0.110
-0.270
-0.200
0.010
-0.020
0.510
-0.290
0.570
-0.160
0.210
-0.250
0.040
0.240
0.200
0.550
0.130
0.040
-0.200
0.020
0.130
-0.100
-0.250
-1.050
0.430
-0.130
0.580
-0.110
0.030
-0.260
