13.120
12.960
13.030
12.950
12.810
12.900
12.850
13.280
13.010
13.630
13.750
13.950
13.900
13.680
13.660
13.350
13.310
13.150
13.140
13.170
13.370
13.130
12.980
12.930
12.180
12.600
13.430
13.340
13.180
13.240
13.150
13.820
14.100
13.880
13.850
13.420
13.400
13.700
13.600
13.880
13.700
13.670
13.910
14.140
14.210
14.530
14.360
13.910
14.200
14.060
13.510
14.950
15.200
14.900
15.770
17.520
19.470
21.100
21.480
21.700
21.690
22.010
21.950
21.850
21.500
21.330
22.500
22.410
21.740
22.600
22.550
22.510
22.390
21.780
21.500
22.230
22.140
22.420
22.270
22.210
22.500
22.800
22.880
22.750
22.460
22.410
23.200
23.200
22.790
22.990
23.160
22.700
22.610
22.500
22.880
22.750
22.740
23.210
23.100
22.910
22.000
21.700
21.680
21.110
20.920
21.300
21.630
21.620
21.650
21.600
20.600
20.160
19.100
20.000
21.960
21.830
22.150
21.500
20.730
21.160
21.540
21.110
21.030
20.700
20.820
21.170
20.640
20.000
20.380
21.130
20.900
20.940
21.450
21.410
20.550
20.400
19.660
20.540
22.520
21.370
20.860
21.360
20.810
21.330
22.380
23.230
24.280
26.900
26.900
24.710
24.600
24.330
25.340
24.210
23.810
22.900
23.010
22.820
22.720
22.650
22.180
21.200
20.010
19.610
19.700
19.600
19.800
19.730
19.230
19.250
19.430
19.370
19.310
19.550
19.490
19.300
18.100
18.010
18.720
18.700
18.800
18.910
18.820
18.600
18.530
19.110
18.890
18.800
19.000
19.040
19.000
19.030
19.020
19.350
19.000
19.210
19.110
18.610
18.390
18.390
18.200
18.540
18.110
17.700
17.560
17.700
17.820
17.750
18.400
18.850
18.770
18.580
18.300
18.610
18.760
18.500
19.370
19.310
19.510
19.800
19.860
19.820
20.100
19.960
19.860
19.710
19.600
19.670
19.710
19.780
19.520
19.360
19.250
19.220
18.600
18.600
18.550
18.300
18.330
18.810
18.100
18.030
17.700
18.310
18.480
17.560
17.240
17.200
17.150
17.480
17.600
17.120
16.900
16.800
16.300
15.820
16.200
15.820
16.060
16.100
15.880
15.600
16.000
16.470
18.010
18.090
17.600
18.000
18.000
18.200
18.150
19.400
20.000
20.070
19.520
19.430
19.210
19.210
19.100
19.050
19.350
19.380
19.280
19.750
19.100
19.100
18.860
19.100
18.320
18.660
17.960
18.610
18.900
18.680
19.450
19.580
19.510
18.240
17.480
17.400
17.570
17.020
17.480
17.960
16.900
16.840
16.700
15.910
15.730
15.450
15.180
15.310
15.510
15.400
15.300
15.210
14.880
14.350
14.180
14.500
15.150
14.860
14.710
15.050
15.120
15.200
14.910
14.850
14.800
14.580
14.310
14.000
14.500
13.990
13.780
13.700
13.080
13.170
13.520
13.160
12.600
13.130
14.080
13.960
13.830
13.150
13.350
13.650
13.450
14.350
14.780
13.050
14.250
14.060
15.620
17.000
17.400
16.500
16.500
17.210
17.810
17.670
17.650
18.470
17.100
18.410
17.580
18.140
17.240
16.730
18.070
17.880
16.460
15.500
16.960
18.510
18.760
20.840
20.700
19.510
16.490
17.210
17.820
16.500
14.780
12.490
13.120
14.580
14.860
16.080
17.730
19.020
16.510
16.890
18.770
20.510
20.850
19.100
20.500
22.450
22.380
22.810
24.500
24.500
24.060
23.810
23.330
23.200
24.500
24.100
25.500
23.000
21.800
18.520
18.870
18.510
19.160
18.800
17.890
17.370
17.960
17.220
17.100
16.580
16.180
15.580
15.520
15.130
14.480
14.350
14.910
15.190
15.830
15.600
15.210
15.230
15.900
15.960
16.150
15.890
15.740
16.990
17.180
15.500
15.570
15.350
15.400
15.540
15.460
15.400
14.910
14.800
15.420
15.100
14.720
14.440
14.510
13.820
13.710
13.520
13.530
13.950
14.110
13.890
13.830
13.820
13.810
14.160
14.120
14.090
13.800
12.830
12.460
12.130
12.100
12.010
12.000
12.000
12.600
12.020
12.220
12.040
11.900
12.110
12.150
12.560
12.510
12.300
12.640
12.580
12.450
11.770
11.850
11.970
11.620
11.940
11.620
11.610
12.030
12.320
12.380
13.210
13.200
12.660
11.510
10.460
