14.490
14.030
13.910
13.970
14.010
13.890
13.740
13.890
13.880
13.640
13.610
13.940
14.060
14.080
13.940
13.960
13.620
13.580
13.260
13.630
13.610
13.630
13.330
13.260
13.240
13.020
13.510
13.460
13.650
13.280
13.180
13.110
13.590
13.670
13.750
13.700
13.280
13.280
13.180
13.410
13.720
13.370
13.620
13.810
14.000
13.870
13.710
13.450
13.340
13.160
13.150
14.080
14.150
14.420
14.210
14.420
15.010
15.350
15.310
15.630
15.640
16.000
15.970
15.970
15.860
16.730
18.590
19.020
18.620
18.500
18.480
18.410
18.540
18.960
18.000
18.640
18.820
18.680
18.710
18.770
18.970
18.860
18.920
19.420
19.400
17.640
17.620
18.390
19.760
19.140
17.950
17.240
17.380
17.360
16.250
16.480
16.280
16.620
16.610
16.570
16.460
16.420
16.250
16.370
15.980
16.160
16.090
16.160
15.880
15.650
15.520
15.550
15.590
15.590
15.700
15.920
16.000
16.420
16.510
16.360
16.680
16.710
16.640
16.500
16.370
16.350
16.390
16.500
16.390
16.670
16.820
16.790
16.340
16.300
16.080
15.930
16.270
16.300
16.590
16.630
16.800
16.380
16.010
17.780
17.780
17.830
17.830
18.170
18.100
18.190
18.370
18.340
18.310
18.290
18.520
18.470
18.480
18.760
18.850
18.490
18.210
18.430
17.800
17.790
17.980
17.900
18.490
18.240
17.930
17.930
17.800
18.180
18.110
18.050
17.810
18.080
18.230
18.190
18.730
19.110
18.610
18.760
18.690
18.720
18.890
19.050
17.960
18.100
18.020
18.510
18.600
18.810
18.790
18.800
19.000
18.910
19.100
19.000
18.830
19.200
19.370
19.930
19.970
20.190
20.390
20.060
20.130
19.830
19.700
19.310
19.440
19.980
19.790
19.630
19.610
19.920
19.790
18.920
18.070
19.000
19.130
18.990
20.160
19.780
19.730
19.950
20.060
20.640
20.480
20.630
20.960
20.450
19.950
19.010
18.770
17.850
18.270
18.250
18.420
18.280
17.810
16.860
17.110
16.710
15.990
15.940
16.050
15.310
15.470
15.600
15.750
15.530
14.710
14.510
15.580
16.050
16.430
15.540
15.020
14.500
13.970
13.940
14.340
13.850
13.840
13.200
13.320
12.600
13.400
12.950
14.110
13.680
13.230
14.510
14.400
13.580
13.290
14.190
13.270
14.760
15.270
16.980
17.400
19.210
18.380
18.510
20.580
20.650
20.080
19.760
20.300
20.280
20.520
20.640
22.700
21.150
21.300
20.110
19.550
19.390
18.740
19.040
19.550
20.180
20.090
19.970
19.980
18.520
18.780
18.770
18.130
19.940
20.540
20.310
20.290
20.750
20.970
19.060
19.680
20.370
18.800
18.180
18.200
18.200
18.490
18.600
17.320
17.060
16.300
16.390
16.130
15.360
15.020
15.670
15.390
15.480
15.160
14.550
15.800
15.750
15.360
15.210
14.440
14.460
14.110
13.570
13.540
12.310
12.140
12.410
12.090
12.660
12.130
12.410
12.530
11.840
11.440
11.450
10.420
11.560
12.840
12.630
12.760
12.410
11.490
11.020
11.770
13.040
14.140
12.850
11.640
11.380
12.640
14.040
15.030
16.260
16.010
17.790
17.190
17.510
16.670
17.180
17.290
16.150
15.260
15.740
15.910
14.460
16.090
17.810
18.190
16.560
16.400
18.190
17.550
15.950
14.500
13.180
11.980
10.890
9.900
11.000
12.230
13.200
14.090
15.650
17.400
16.840
18.710
20.820
22.390
21.910
21.800
24.260
25.420
25.350
28.130
28.510
29.030
27.390
25.400
25.030
26.130
26.460
27.710
28.700
28.590
27.440
26.500
27.990
25.770
24.750
23.570
21.430
20.620
20.980
19.070
19.060
17.870
17.790
17.750
17.640
16.830
15.950
16.010
16.350
16.890
16.980
16.920
16.510
17.980
18.030
18.560
19.310
19.780
17.980
17.620
16.230
15.420
15.100
15.130
14.820
14.480
14.480
14.620
13.990
13.790
13.690
13.480
13.580
12.960
12.530
12.900
12.750
12.490
12.400
12.640
12.540
11.830
11.990
11.300
11.300
11.170
11.160
11.140
10.770
10.540
10.460
10.160
10.010
10.040
10.460
10.450
10.580
10.410
10.630
10.750
10.900
10.970
10.560
10.380
10.600
10.430
10.380
9.880
10.200
9.980
9.990
9.910
9.550
9.840
9.930
9.920
10.060
9.720
9.540
9.430
9.680
9.940
10.040
9.980
9.740
9.680
10.300
10.600
10.610
10.840
10.920
10.810
10.450
10.500
10.210
11.090
10.890
11.370
11.430
11.380
11.180
11.470
11.810
11.860
11.830
11.800
11.420
11.390
11.360
11.330
11.160
11.160
11.750
12.020
11.610
12.200
11.590
11.800
11.700
11.760
11.320
11.170
11.540
11.380
11.400
11.140
10.860
10.860
10.940
11.450
11.150
10.710
10.820
11.250
10.830
10.990
10.680
10.820
10.990
10.770
10.950
10.880
10.530
10.590
10.460
10.000
10.120
9.970
10.000
9.960
10.600
10.420
10.340
10.580
10.420
10.510
10.640
10.300
10.090
9.890
9.660
9.460
9.850
9.530
9.290
9.510
9.640
9.450
9.510
9.600
9.470
9.160
9.230
9.260
9.370
9.280
9.160
9.160
9.170
8.890
8.770
9.100
9.060
9.060
8.940
8.800
8.660
8.780
8.990
8.780
8.980
9.140
8.950
9.140
9.450
9.570
9.170
8.650
8.780
