22.620
23.000
22.610
23.130
23.510
23.330
23.650
23.840
23.150
22.300
22.050
22.730
22.550
22.550
21.710
21.560
21.190
21.170
20.780
20.970
21.130
20.400
19.660
19.630
19.600
19.720
20.040
20.040
20.070
19.980
19.830
20.290
20.730
20.870
20.900
20.650
20.520
20.070
20.200
20.590
20.890
21.150
21.070
21.210
21.540
21.460
21.590
21.310
21.300
21.300
21.200
20.860
20.860
21.010
20.770
20.950
21.080
21.540
21.370
21.430
21.480
22.220
22.490
22.710
22.310
22.130
22.430
22.510
22.730
22.730
22.670
22.550
23.090
23.330
23.360
21.970
22.050
22.140
21.640
21.530
21.300
21.700
21.960
21.780
21.790
21.230
21.600
21.830
21.520
21.370
20.700
20.650
20.650
20.480
20.350
20.610
20.760
20.990
21.050
21.170
21.270
21.220
20.990
21.180
21.180
21.270
20.910
20.940
20.550
20.560
20.370
20.580
20.660
20.750
20.590
20.390
20.540
20.850
20.900
20.690
20.720
20.580
20.120
20.200
20.050
20.000
20.150
20.150
20.400
20.660
20.950
20.700
20.920
20.880
20.850
20.790
21.250
20.610
21.800
21.790
22.150
22.100
22.170
22.350
22.600
22.730
22.500
22.590
22.600
22.800
22.830
22.990
23.000
23.050
23.260
23.390
23.160
23.130
23.070
23.170
23.070
23.400
23.440
23.800
23.850
23.340
23.520
23.070
23.020
23.140
22.960
23.140
22.990
23.050
23.400
23.400
23.600
23.650
23.860
23.590
23.960
23.940
23.900
23.350
23.170
22.730
23.080
22.910
22.910
23.480
23.620
23.010
23.390
22.500
22.680
22.420
22.680
23.170
23.190
23.200
22.730
22.500
22.800
23.040
23.050
23.360
23.810
23.500
23.470
22.910
23.300
23.710
23.750
24.160
24.140
24.100
22.930
22.660
22.300
22.640
22.660
22.520
22.940
22.600
22.380
22.370
22.190
22.760
22.210
21.790
20.930
20.800
21.190
21.090
21.190
21.030
21.290
21.330
21.670
20.850
20.710
20.600
20.910
21.090
21.080
21.190
20.800
20.750
20.650
20.860
20.090
19.720
20.280
20.270
19.990
20.230
19.800
19.790
20.210
19.640
19.620
20.880
21.630
21.590
21.710
20.880
20.990
20.990
20.340
20.620
20.980
20.600
20.720
20.880
20.250
20.120
19.990
20.080
20.400
20.280
20.540
20.250
19.710
20.090
20.510
21.360
21.270
21.480
20.770
21.370
21.280
21.890
20.640
21.440
21.440
21.760
22.370
22.540
22.620
22.980
22.850
23.090
23.290
21.170
21.160
21.280
20.190
19.130
19.370
19.030
18.300
18.800
19.110
18.470
18.880
18.760
18.740
18.520
18.010
17.700
17.890
17.790
17.080
16.820
17.310
17.600
17.490
17.220
17.970
17.750
16.850
16.730
17.970
18.510
20.370
20.300
20.880
20.420
20.480
21.000
19.990
19.280
19.900
20.490
20.020
20.090
19.380
19.890
19.420
19.600
18.660
19.940
19.500
18.900
19.550
20.160
19.830
19.410
20.340
19.220
19.800
19.500
20.630
20.340
22.420
22.250
21.710
23.530
24.070
24.300
24.620
25.180
25.370
25.480
25.980
25.540
24.930
25.710
25.190
25.170
25.060
24.600
24.890
24.890
24.980
25.790
25.190
25.800
25.440
26.500
27.060
25.660
26.920
26.840
25.100
25.200
24.730
24.490
23.730
24.370
24.770
24.680
25.520
26.090
25.540
25.620
25.530
24.900
25.640
24.260
24.200
24.790
23.830
23.860
24.200
24.160
23.780
23.170
22.530
24.510
24.440
24.020
23.400
22.860
23.260
22.960
22.180
21.770
20.970
21.150
21.530
21.140
22.420
21.900
22.350
22.800
21.420
21.200
22.540
20.800
21.400
22.170
22.500
22.910
22.350
21.780
22.980
22.460
22.470
22.280
21.140
19.200
19.110
21.260
23.530
25.410
25.800
24.920
27.700
27.020
26.890
26.480
26.630
26.930
25.400
24.600
24.940
26.000
23.820
22.880
22.490
24.050
22.680
23.260
25.770
27.470
26.600
25.810
25.390
25.320
23.960
23.490
26.120
27.380
24.890
22.630
20.570
22.850
25.400
25.950
25.400
25.030
23.960
21.770
24.170
27.080
29.200
28.220
27.060
29.650
31.390
30.560
32.820
34.590
33.300
33.730
32.710
32.400
34.060
34.770
37.610
34.190
33.420
32.980
34.240
34.490
34.990
34.890
34.630
33.140
30.130
27.390
24.900
24.370
23.160
23.490
21.350
21.000
20.270
19.560
19.840
20.270
21.020
20.710
20.680
19.850
20.490
20.170
20.200
20.660
20.090
19.400
20.680
20.760
20.500
21.550
22.240
21.920
20.910
21.120
21.470
20.930
19.730
19.500
18.860
18.710
18.490
18.980
18.250
18.450
18.660
18.260
18.200
18.610
16.990
17.000
16.640
16.610
16.630
16.430
16.560
16.590
17.160
16.970
16.250
16.720
16.580
16.020
15.730
16.170
16.170
15.590
15.550
15.330
15.120
15.140
15.480
15.420
14.730
14.660
14.240
14.640
14.620
14.940
14.640
14.750
14.400
14.660
14.540
14.250
13.620
14.090
13.700
13.730
13.660
13.340
13.610
13.750
13.880
14.110
13.570
13.320
13.410
14.140
14.390
14.330
14.300
14.270
14.120
14.380
14.490
15.020
15.030
14.810
14.820
14.980
13.910
14.340
15.280
15.060
15.100
14.760
14.780
14.550
14.770
14.050
13.870
13.920
13.700
13.610
14.150
14.060
14.620
14.080
14.240
14.070
14.260
14.480
14.500
14.690
14.630
14.490
14.300
14.260
13.840
14.110
14.660
14.760
14.540
15.020
15.070
14.930
14.870
15.240
15.570
15.730
15.730
15.370
15.290
15.220
15.180
14.940
14.720
15.180
15.070
14.940
15.220
16.480
16.370
16.300
16.160
15.940
16.140
16.390
16.540
16.250
16.120
15.760
15.830
16.200
16.730
16.600
16.750
17.410
15.830
15.970
15.410
14.450
14.240
14.690
14.210
14.140
13.830
13.520
13.540
13.800
13.720
13.260
13.180
13.200
13.070
12.880
12.100
11.950
12.410
12.720
12.800
12.430
12.620
12.910
12.910
13.200
13.530
13.280
13.430
14.140
