7.560
7.490
7.640
7.500
7.400
7.290
7.210
7.200
7.000
7.090
7.320
7.270
7.350
7.250
7.200
7.050
7.100
6.950
7.110
7.210
7.230
7.110
7.020
6.960
6.790
7.140
7.270
7.300
7.300
7.090
7.770
7.600
7.770
8.040
8.110
8.040
7.880
7.440
7.690
7.750
7.800
7.450
7.730
7.720
7.870
7.050
6.990
6.710
6.600
6.570
6.720
6.790
6.890
7.040
7.250
7.480
7.730
7.780
7.740
7.760
7.900
8.010
7.940
7.830
7.790
8.000
8.200
8.300
8.310
8.370
8.250
8.400
8.440
8.360
8.380
8.270
8.360
8.280
8.300
8.300
8.450
8.580
8.660
8.500
8.570
8.620
8.690
8.650
8.970
8.910
9.100
9.140
9.070
8.900
9.090
8.800
9.000
8.880
8.800
8.910
8.910
8.940
8.800
8.670
8.540
8.350
8.370
8.570
8.460
8.240
8.360
8.250
8.160
8.580
8.840
9.000
9.320
9.500
9.350
9.330
9.450
9.330
9.160
9.120
9.380
9.330
9.350
9.250
9.530
9.630
9.730
9.900
9.770
8.380
8.240
8.390
8.040
8.420
8.450
8.480
8.380
8.350
8.200
8.550
8.480
8.520
8.820
8.810
8.870
8.920
9.000
8.780
8.790
8.710
8.710
8.850
8.750
8.700
8.610
8.400
8.430
8.300
8.220
8.270
8.170
8.220
8.090
8.150
8.170
8.180
8.200
8.110
8.070
8.120
8.100
8.030
7.850
7.990
8.040
8.000
7.950
7.950
7.890
7.780
7.750
7.850
7.690
8.010
8.170
8.150
8.170
8.130
8.050
8.010
8.020
7.980
8.350
8.280
8.360
8.200
8.060
8.000
8.150
8.110
8.000
8.000
7.810
7.830
7.780
7.770
7.910
7.850
7.930
7.890
7.850
7.680
7.630
7.800
7.870
7.770
7.660
7.720
7.720
7.700
7.910
7.780
8.000
7.990
8.340
8.120
8.100
8.260
8.250
8.250
8.220
8.360
8.530
8.310
8.360
8.190
8.270
8.400
8.350
8.170
8.180
7.900
8.050
8.070
8.150
7.860
7.690
7.730
7.910
7.780
7.990
8.170
8.200
8.400
8.180
7.390
7.880
8.050
8.040
8.080
8.060
8.030
8.070
7.880
7.620
7.770
7.680
7.780
7.170
7.040
7.060
6.990
7.320
7.530
7.400
7.320
7.510
7.790
7.910
8.410
8.880
8.780
8.980
8.530
8.350
8.710
8.860
8.550
8.600
8.390
8.820
8.970
9.150
8.830
8.500
8.460
8.350
8.100
7.900
7.820
8.050
8.010
7.690
7.550
7.510
7.360
7.440
7.590
7.290
7.410
7.220
7.200
7.120
6.850
6.750
6.800
6.820
6.710
6.350
6.800
7.000
7.300
7.160
7.240
6.640
6.330
6.200
6.360
6.420
6.990
7.000
6.900
6.760
6.650
6.710
6.730
6.400
6.180
6.540
6.300
6.150
6.060
6.010
5.780
6.180
6.370
6.920
6.880
7.060
7.200
8.000
8.890
9.480
10.170
9.600
9.700
10.120
10.070
9.610
9.450
9.510
9.240
8.800
9.350
9.610
9.170
8.880
8.970
8.730
8.660
8.480
8.680
8.240
8.460
8.680
8.380
8.230
8.280
8.180
8.410
7.900
7.730
7.510
7.810
7.760
7.950
8.080
7.860
7.410
7.260
7.970
7.870
8.010
7.850
7.580
7.830
7.510
7.350
7.130
6.990
6.910
6.600
6.710
6.980
7.050
6.760
6.900
6.540
6.450
6.600
6.050
6.390
7.370
7.100
7.070
7.050
6.450
6.490
6.550
7.580
8.280
7.650
7.530
7.500
8.330
9.390
10.980
11.680
9.930
11.100
10.090
9.820
9.450
9.600
9.630
9.260
8.910
8.460
9.140
8.350
9.000
9.590
8.790
8.050
7.520
9.000
9.610
9.600
9.350
8.640
8.200
7.510
6.860
8.000
8.180
7.800
6.850
5.450
6.050
7.080
9.120
8.700
9.860
11.160
10.450
12.300
13.000
13.820
13.350
13.700
14.900
15.900
15.590
15.000
15.050
15.190
14.300
14.060
14.250
13.390
13.010
13.230
13.540
12.770
12.070
12.100
13.570
13.220
12.600
12.620
12.000
11.650
11.650
11.500
11.100
10.760
10.850
10.680
10.450
10.340
9.860
10.150
10.540
11.190
10.850
10.980
10.770
11.450
11.460
11.050
11.590
11.500
11.340
10.820
10.820
10.360
11.260
11.040
10.830
10.730
11.080
11.220
11.800
10.340
9.820
9.670
9.700
9.550
9.500
9.610
9.390
9.410
9.170
9.150
9.300
8.920
8.780
8.540
8.410
8.440
8.620
8.580
8.590
8.800
8.900
8.620
8.740
8.710
8.630
8.430
8.450
8.450
8.390
8.250
8.320
8.270
8.180
7.940
8.400
8.820
8.750
8.890
9.550
9.500
9.100
9.400
9.070
9.010
9.180
8.960
8.600
8.430
8.670
8.660
8.560
8.690
8.420
8.500
8.810
8.950
8.770
8.750
8.400
8.530
8.640
9.030
9.170
8.970
9.330
9.800
9.520
9.200
8.640
8.910
9.070
8.880
8.980
8.350
8.200
8.580
8.350
8.750
8.620
8.450
8.390
8.550
8.370
8.390
8.200
8.220
8.220
8.190
8.150
8.280
8.140
8.090
8.360
8.100
7.870
7.960
7.830
7.870
7.930
7.700
7.700
7.590
7.700
7.710
7.710
7.650
7.470
7.430
7.510
7.620
7.800
7.700
7.770
8.050
8.050
7.990
8.120
8.270
8.110
8.030
8.210
8.040
7.710
6.930
6.940
6.850
6.860
6.860
6.880
6.870
6.680
6.420
6.290
6.250
6.240
6.320
6.450
6.480
6.490
6.540
6.530
6.430
6.370
6.260
6.320
6.410
6.370
6.260
6.260
6.350
6.350
6.410
6.310
6.250
6.160
6.120
6.170
6.010
6.150
5.970
5.850
5.750
5.780
5.760
5.870
5.790
5.760
5.720
5.690
5.670
5.860
5.830
