144178.45
87446.00
120323.64
137029.14
125514.77
77072.42
81699.04
93089.89
127634.37
88204.61
163004.02
119218.43
98334.97
65086.55
48202.68
81474.26
58407.73
53416.01
103944.68
88978.70
128491.35
72233.69
50905.37
65871.13
61802.59
92987.99
72332.26
69709.21
59104.93
45463.26
93325.64
74123.33
31897.34
46245.25
77874.45
59917.35
58169.86
53812.86
60549.55
56935.35
67336.83
44368.64
99501.72
61447.25
56477.03
49306.39
70044.55
104294.49
78437.48
53882.21
93437.06
83402.79
178427.30
107640.16
92382.47
58058.15
53205.51
36133.83
64502.74
129251.02
115521.87
122945.36
92457.05
122338.93
63115.37
94605.37
66878.24
95282.27
130311.34
102875.97
95028.64
163696.16
180269.69
106301.21
87877.02
117547.56
56874.49
72640.56
196927.16
116823.77
57830.79
73126.22
106020.73
64996.22
140092.20
157678.73
237021.19
60083.26
109496.71
50844.19
56087.82
155286.03
112806.01
82026.87
40301.55
50394.67
131751.31
59728.37
77601.67
41248.18
33956.81
29147.72
32144.45
28724.23
18593.43
31131.40
38754.39
28387.42
44138.37
26811.82
35426.74
57659.59
46302.61
78602.98
32386.69
31870.29
29121.82
27220.12
32738.20
36182.45
31698.40
41423.92
42069.67
93467.89
33684.50
26600.51
23897.09
20275.91
23788.94
28027.79
43575.02
28045.61
22037.77
26691.78
29751.74
43722.44
73108.58
84515.99
46725.88
42621.96
31145.82
38531.28
43007.77
74617.57
49135.33
86792.35
141663.48
86242.80
82516.07
142066.30
60504.52
66441.75
66376.17
70951.36
55963.13
74548.68
68800.10
94538.45
83421.91
69175.61
81992.04
67610.69
58930.68
109424.56
149774.88
292594.84
449827.03
36853.84
35038.53
37129.02
95463.42
41216.84
49183.81
28841.76
31335.09
24742.21
31380.32
36735.36
26119.16
41787.22
27601.71
32288.64
45019.90
19218.03
33391.86
26245.63
36200.77
35894.11
23241.62
33487.30
20118.21
24225.51
32152.27
22462.76
29566.50
86102.32
41609.48
51571.36
64068.07
73981.01
54329.74
47922.41
32211.64
53751.10
55488.48
42851.40
56664.29
94928.56
77732.97
49414.24
69287.58
51691.45
114612.69
74974.13
115654.92
86970.18
53043.92
37174.97
73838.23
51786.14
63809.75
66729.98
51328.67
42390.49
49562.45
144426.36
145943.69
148047.64
140922.05
99094.32
69467.77
62831.23
80447.85
71529.24
123808.98
91103.25
90754.77
105208.60
136154.19
263942.38
177499.80
87014.75
199611.52
191823.48
126258.52
81852.31
59004.18
64112.24
78463.82
155458.02
61519.05
82385.11
114673.68
48540.98
92647.25
74329.26
68773.36
74891.67
133227.34
52886.59
88627.81
60672.67
73137.25
77621.04
163463.83
213889.89
100205.44
122442.71
43633.62
55666.49
78466.49
85499.32
78810.18
125776.04
159757.06
86619.90
115569.32
121155.84
175465.59
161108.70
254371.88
319560.12
44396.42
50693.68
68746.35
48812.78
103062.54
139640.31
29665.42
34117.71
28768.27
37162.56
33990.49
27013.38
39923.24
83628.27
39042.56
45766.30
54369.31
56910.12
94715.03
42936.38
79190.80
45972.99
55707.97
70913.74
115540.90
42461.85
56485.03
62081.37
57066.20
80592.73
38637.21
57870.19
67492.52
76315.11
142886.02
128633.72
91210.48
68769.48
60013.89
67806.83
33951.66
31370.65
52932.18
58853.92
54079.04
106475.58
142592.02
97996.17
92213.96
76282.09
56831.46
123152.92
58814.44
82016.28
85920.76
52551.51
71632.72
85635.11
86860.87
47996.07
52688.04
56731.45
51498.49
81345.87
42779.46
68415.72
59438.83
84419.85
85354.15
54174.42
60315.36
77205.22
77704.64
100062.70
86173.66
95412.49
91367.45
74168.12
82221.82
139648.66
109551.57
26315.00
76833.96
119971.44
101165.85
74670.86
85370.35
80301.63
166025.31
123068.31
131813.20
230798.03
288220.22
312916.84
92361.20
133446.52
158018.84
145317.58
81046.37
78056.85
116189.19
87271.72
107915.43
100534.07
62176.06
75858.92
156785.56
135721.88
146568.88
101630.26
101026.64
80773.19
88742.81
101901.36
80618.74
106450.41
215863.73
182284.80
108889.81
166437.30
133654.09
229848.45
195479.28
158756.66
220256.02
144388.41
85213.33
115606.59
151821.50
91953.27
118239.09
135699.83
203617.81
289028.19
172974.78
265843.16
130366.00
185810.28
174729.59
161551.94
126203.24
129464.33
246412.86
273280.16
176697.34
69939.71
62624.34
42767.12
96800.73
50021.74
78093.05
105375.85
77904.00
54370.97
108983.96
109650.26
105742.81
170251.20
79253.97
107024.92
164077.81
103349.00
136507.56
256621.12
236681.98
234782.41
270040.88
250003.17
342052.03
298506.34
290087.88
330152.25
393580.81
645520.25
992869.50
127029.16
125198.49
89695.56
105964.21
132425.97
148673.48
80259.89
79826.03
158017.44
123967.90
215967.09
140462.03
157502.61
187137.23
277190.41
198381.59
233919.44
248535.53
145492.52
205731.20
196957.64
219902.47
220675.88
209431.28
304760.91
392847.44
169078.09
391909.38
377788.16
381070.44
288059.62
292792.84
239801.84
351159.41
353432.09
308722.47
259801.34
166589.66
224781.00
198903.56
237559.56
175749.03
229938.45
226097.44
256578.77
248895.75
265483.62
255433.78
240552.91
242938.11
363801.25
317469.47
410434.59
342370.09
471669.00
446550.78
364561.22
303750.81
296607.94
341557.41
321197.47
315181.47
257092.19
252907.25
167351.03
220504.70
246219.02
159480.47
180456.48
215449.45
142783.33
243883.55
230944.38
274275.47
137581.34
146900.22
144708.78
347235.72
213008.45
223809.55
241015.48
259288.31
340229.81
338959.12
364142.62
252717.27
218418.36
290256.09
260490.73
193337.30
234256.95
263177.41
288104.59
234931.22
238726.44
227313.81
313822.22
293355.41
327285.88
322566.56
540040.44
274402.72
330208.25
277597.38
216380.69
361409.97
89140.39
89891.03
91199.88
142256.45
99191.34
139137.97
151883.27
156330.55
169965.80
151874.81
120612.84
117918.44
245674.55
81310.76
113057.17
126477.69
116123.43
100015.01
169216.25
102817.12
123124.68
154734.48
108531.99
183384.12
120818.25
135769.52
153085.98
184606.06
257565.17
178386.45
274946.12
241963.55
354950.06
412583.75
578600.75
487160.00
433650.34
761699.75
39491.77
173875.97
231613.31
151840.83
144375.16
268257.19
139959.41
147427.98
136747.22
84916.01
89440.89
134139.75
100818.48
78981.37
86173.10
93784.01
78214.40
174428.58
104151.53
116341.80
67248.71
106660.67
209734.52
162018.67
159815.28
211654.84
225811.05
95699.88
61234.12
71712.29
110143.65
149479.20
169069.91
166394.19
216292.64
382947.44
457043.50
149714.14
114448.44
149247.78
211742.00
278112.00
248777.23
154148.20
112111.45
187114.55
151387.81
141854.84
134713.62
272696.34
183623.41
295675.22
216712.30
209508.17
150545.81
201176.11
137808.73
261805.27
183006.81
212389.34
506150.66
174342.91
128035.98
104222.24
127179.48
116653.88
206931.56
306971.50
532153.50
137803.06
103366.95
96615.63
103837.38
115083.23
115471.23
155946.59
198152.25
135069.19
100163.33
140609.53
171869.23
216337.81
333106.66
695122.56
354563.47
162138.62
198014.41
210324.86
80468.90
69299.16
69118.42
81920.57
64476.24
68094.68
118722.16
61794.91
114341.75
97938.12
113035.60
56206.92
115854.89
233872.92
