8.700
8.660
8.630
8.710
8.600
8.600
8.770
8.800
8.690
8.760
8.520
8.400
8.380
8.320
8.300
8.200
8.220
8.200
8.160
8.230
8.160
8.230
8.210
8.160
8.090
8.090
8.100
8.140
8.100
8.100
8.090
8.100
8.140
8.120
8.150
8.100
8.250
8.200
8.090
8.090
8.100
8.090
8.100
8.100
8.080
8.200
8.190
7.940
8.060
8.060
8.050
8.070
8.070
8.050
8.080
8.080
8.110
8.100
8.040
8.490
9.100
9.060
9.180
9.200
9.130
9.110
9.270
9.430
9.430
9.470
9.500
9.550
9.430
9.340
9.400
9.200
9.190
9.330
9.170
9.450
9.450
9.430
9.440
9.530
9.500
9.440
9.570
9.540
9.660
9.610
9.630
9.540
9.530
9.200
9.150
9.300
9.300
9.300
9.300
9.390
9.500
9.520
9.530
9.390
9.380
9.480
9.440
9.300
9.280
9.110
9.000
9.120
9.080
8.600
9.180
9.300
9.530
9.690
9.650
9.740
9.600
9.680
9.750
9.610
9.820
9.710
9.820
9.520
9.800
9.830
9.580
9.420
9.600
9.560
9.340
9.320
9.270
9.590
10.520
10.770
10.380
10.360
9.900
10.200
10.320
10.390
10.290
10.300
10.350
10.580
10.750
11.160
11.100
11.050
11.230
11.110
11.330
11.530
11.560
11.580
11.100
11.290
10.760
10.610
10.950
10.860
10.730
10.000
9.930
9.530
9.230
9.160
9.040
8.920
9.250
9.370
9.150
9.260
9.240
9.310
9.180
8.820
8.540
8.620
8.750
8.830
8.620
8.580
8.670
8.670
8.250
8.200
8.350
8.270
7.860
7.830
8.150
7.960
7.980
7.820
7.670
7.620
7.770
7.720
7.780
7.680
7.530
7.400
7.520
7.480
7.500
7.560
7.560
7.500
7.520
7.310
7.200
7.260
7.380
7.350
7.160
7.250
7.210
7.150
7.080
6.960
7.390
7.280
7.380
7.650
7.610
7.570
7.670
7.680
7.570
7.530
7.420
7.370
7.300
7.080
7.350
7.420
7.460
7.410
7.410
7.280
7.400
7.450
7.470
7.050
6.840
6.710
6.940
6.950
6.960
6.800
7.130
7.100
6.730
6.710
6.780
7.350
7.310
7.360
7.440
7.310
7.280
7.000
6.850
6.730
6.570
6.710
6.740
6.830
6.550
6.600
6.400
7.090
6.750
6.420
6.830
6.910
7.250
8.060
8.820
8.980
8.860
8.910
8.680
8.970
8.900
8.600
8.320
8.400
8.270
8.890
9.120
8.900
8.430
8.460
8.130
8.120
7.810
8.040
8.100
7.970
7.700
7.700
7.600
7.420
7.920
7.680
7.500
7.610
6.800
6.870
6.510
6.210
6.220
6.120
6.020
5.830
6.070
6.130
6.030
6.210
6.000
6.280
5.960
5.660
5.760
6.110
6.480
6.830
6.810
7.010
6.750
6.640
6.340
6.160
5.900
6.120
6.000
5.680
5.550
5.380
5.480
5.580
5.890
6.520
7.020
6.670
6.800
7.120
7.040
6.650
6.910
6.450
6.840
6.800
7.200
6.870
6.890
7.000
6.550
7.270
8.060
8.190
7.960
8.090
8.350
8.140
8.430
8.450
7.910
8.010
7.800
7.690
7.580
7.240
7.360
7.400
7.580
7.750
7.810
7.870
7.750
7.360
7.880
7.290
7.870
8.610
8.650
8.460
8.820
7.990
7.780
7.700
7.830
7.210
7.360
7.710
7.770
7.700
7.600
7.010
6.890
6.600
6.510
6.500
6.750
6.760
6.800
6.680
6.970
6.910
6.600
6.860
7.270
6.600
6.400
6.110
5.620
5.560
5.350
5.070
4.990
4.820
4.790
4.910
5.270
11.510
11.160
10.700
10.690
10.020
11.010
12.230
13.590
15.100
16.780
18.640
17.930
19.370
20.190
17.310
19.220
21.200
21.080
22.500
24.510
24.500
24.320
22.380
22.300
22.010
23.000
21.910
22.780
19.600
18.600
17.100
18.520
18.800
19.000
18.150
18.110
17.380
16.700
16.290
16.230
16.190
16.710
16.800
16.180
15.810
14.860
14.500
15.120
15.500
16.000
15.900
15.530
14.460
15.100
15.400
15.160
15.080
13.910
14.100
15.170
15.200
15.170
15.300
15.200
14.870
14.620
15.200
16.190
16.070
16.010
15.170
15.030
14.700
13.990
14.960
14.900
14.150
13.200
13.050
12.720
12.410
11.920
11.760
11.340
11.420
11.600
11.220
11.100
11.010
10.620
10.180
10.140
9.800
9.930
9.500
9.280
9.080
8.940
8.870
8.710
8.760
8.730
8.940
9.030
9.130
9.090
9.010
8.920
8.610
7.710
7.410
7.420
7.410
7.380
7.080
6.890
7.050
6.950
6.920
6.910
6.800
6.980
6.940
6.870
6.660
6.630
6.460
6.400
6.890
7.000
6.970
6.850
6.700
6.720
7.380
7.620
7.650
7.880
7.900
7.840
7.720
7.250
7.620
8.010
8.200
8.630
8.540
8.580
8.560
8.740
8.660
8.640
8.600
8.600
8.500
8.460
8.350
8.350
8.250
8.210
8.270
8.570
8.500
9.010
9.040
9.000
9.010
8.880
8.820
8.790
8.910
8.700
8.550
8.470
8.360
8.400
8.940
9.010
9.100
8.880
9.100
9.120
9.100
9.080
9.310
9.350
9.500
9.250
9.070
9.000
9.130
9.030
9.000
8.920
9.030
8.900
8.760
8.980
9.500
9.400
9.130
9.030
9.050
9.100
8.980
8.910
8.890
8.780
8.590
8.650
8.400
8.380
8.610
8.380
8.280
8.400
8.430
8.360
8.290
8.370
8.380
8.200
7.970
8.030
8.030
8.050
8.010
7.880
7.970
8.000
7.930
7.930
7.760
7.750
7.750
8.430
8.360
8.490
8.740
8.470
8.480
8.460
8.630
8.550
8.600
8.880
8.760
