5.950
5.920
6.020
6.010
5.650
5.680
5.500
5.480
5.220
5.120
5.170
5.260
5.280
5.350
5.280
5.240
5.210
5.320
5.300
5.340
5.300
5.240
4.970
4.900
4.780
4.700
4.880
5.010
5.020
4.960
4.940
4.850
4.840
4.920
4.780
5.000
5.070
5.210
5.310
5.320
5.250
5.340
5.390
5.410
5.420
5.280
5.370
5.330
5.540
13.370
13.780
13.790
14.070
13.940
14.010
14.110
14.590
14.750
14.700
14.660
14.130
14.520
14.530
14.480
14.480
14.500
14.470
14.500
14.550
14.390
14.560
14.430
14.340
14.720
14.580
14.060
14.050
14.050
14.070
13.840
13.600
13.640
13.700
13.550
13.720
13.740
13.620
13.620
13.200
13.020
13.500
13.450
13.600
13.630
13.550
13.490
13.460
13.400
13.440
13.260
13.310
13.400
13.100
13.190
12.950
12.790
12.710
13.040
12.670
13.300
13.890
14.230
14.610
14.780
14.680
14.650
14.920
14.390
14.160
14.180
14.830
14.890
14.700
14.470
14.460
14.600
14.890
14.790
15.730
15.340
15.460
15.330
15.530
14.740
14.750
14.600
14.280
14.350
14.570
14.020
13.910
13.880
13.690
13.710
13.500
13.430
13.520
13.430
13.530
13.680
13.700
13.670
13.630
13.690
13.850
13.880
13.940
13.700
13.680
13.830
13.820
14.080
14.020
13.980
14.400
14.410
14.280
14.430
14.200
14.410
14.350
14.460
14.520
14.660
14.640
14.640
14.950
15.010
15.490
15.250
14.740
14.040
13.900
13.950
14.160
14.060
13.990
14.070
13.560
13.690
13.880
14.170
14.220
14.150
14.210
14.070
14.070
14.400
14.400
14.560
14.460
14.610
14.780
14.550
14.390
13.840
13.730
14.100
14.100
14.280
14.500
14.040
14.150
13.960
13.980
13.660
13.580
13.800
13.440
13.590
13.550
13.080
13.230
13.250
13.180
12.940
13.140
13.420
13.290
13.150
13.200
13.030
13.020
13.120
13.400
13.580
13.200
13.310
13.370
13.540
13.600
13.110
12.590
12.480
12.100
11.930
12.070
12.160
12.170
12.020
11.990
12.050
12.130
11.780
11.800
12.260
11.750
11.190
11.590
11.570
11.610
11.740
12.000
11.980
11.840
12.020
11.980
11.970
12.010
12.070
12.540
12.520
12.440
12.260
12.510
12.430
12.440
12.160
12.390
12.200
12.370
12.550
12.760
13.150
13.130
12.550
12.350
12.540
12.310
12.770
13.180
13.160
12.900
13.200
13.400
13.010
13.350
13.520
13.340
13.500
13.620
13.790
13.620
13.140
12.750
12.990
12.880
12.500
12.370
12.600
12.840
12.970
12.720
13.030
12.660
12.100
11.660
11.950
11.900
12.820
12.980
12.960
12.620
12.500
12.660
12.600
12.190
12.230
12.510
12.400
12.160
11.830
12.160
11.440
11.360
11.910
12.000
11.940
12.580
12.880
12.430
11.930
12.390
11.870
12.380
12.320
13.400
12.970
14.410
14.280
14.150
15.620
16.020
16.000
15.920
16.000
15.420
15.690
15.810
15.880
15.450
15.640
15.500
15.100
15.130
15.120
15.060
15.580
15.570
15.780
15.120
15.110
14.850
14.810
15.200
15.490
15.900
15.800
16.130
15.270
15.580
15.530
15.280
15.060
15.310
15.120
15.920
15.900
15.710
15.800
15.610
15.530
15.930
15.300
15.500
15.380
15.350
15.040
15.800
15.250
14.530
13.920
13.530
15.050
14.710
14.500
14.320
13.930
14.410
14.420
13.750
13.900
13.470
12.990
12.760
12.710
13.530
13.510
13.830
13.570
13.060
12.700
12.740
11.580
12.500
13.610
13.760
14.060
13.000
12.400
12.540
12.030
13.170
13.850
12.580
12.280
13.640
15.160
16.840
18.710
20.850
19.790
17.990
18.390
17.970
17.610
17.560
18.210
17.710
17.490
16.920
16.860
15.700
15.870
15.670
16.570
15.560
15.280
16.960
17.100
16.030
16.130
15.740
15.700
14.630
13.600
14.550
13.230
12.030
13.330
12.370
12.900
14.350
14.930
14.250
15.830
17.600
19.300
19.170
19.780
22.100
22.940
21.650
22.420
22.950
21.950
20.170
19.910
19.160
19.660
18.890
19.170
19.600
18.370
17.120
17.710
19.680
20.000
18.850
17.710
17.980
17.440
16.950
16.960
16.950
16.970
16.050
16.280
15.130
14.450
14.010
14.130
14.770
15.570
16.040
16.430
15.680
16.140
15.590
15.550
15.540
15.490
14.970
16.070
16.690
15.840
15.400
15.970
15.550
15.170
15.880
15.220
13.840
12.580
12.490
12.430
12.450
11.790
11.730
11.740
12.010
12.100
11.740
11.900
11.890
11.680
12.090
11.980
12.060
11.860
11.320
11.370
11.200
11.110
11.320
10.660
10.880
11.190
11.090
11.170
11.500
11.470
10.870
10.870
11.200
11.420
11.400
10.580
10.750
10.260
9.980
9.650
10.080
10.100
10.030
10.270
10.440
10.250
10.380
10.320
10.610
10.280
9.540
9.310
9.910
10.190
10.150
9.870
9.810
10.020
10.210
10.310
10.500
10.900
10.940
10.870
10.880
10.480
10.000
10.370
10.270
10.320
9.380
9.580
9.370
9.700
9.710
9.530
9.480
9.370
9.290
9.280
8.970
8.900
8.880
8.450
8.620
8.780
8.840
8.780
8.790
8.720
8.700
8.760
9.010
8.860
8.910
8.750
8.750
8.310
8.290
8.240
8.510
8.350
8.550
8.570
8.580
8.930
8.780
8.610
8.610
8.550
8.620
8.410
7.870
7.600
7.560
7.500
7.760
7.760
7.680
7.570
7.180
7.290
7.300
7.210
7.210
7.120
7.040
7.050
7.060
7.020
6.890
6.750
6.810
6.880
6.920
6.910
7.030
6.990
6.980
7.000
6.860
6.640
6.640
6.790
6.750
6.590
6.680
6.580
6.330
6.260
6.180
6.250
6.160
6.170
6.070
6.000
5.970
5.840
5.920
5.910
5.870
5.860
5.870
5.920
5.810
5.710
5.660
5.680
5.810
