33875.10
39242.29
15695.81
29837.03
16566.31
18088.80
11204.24
13398.95
20838.27
16663.32
18962.42
13914.95
20901.83
22487.45
14311.57
26048.83
19436.41
29042.58
19538.32
24790.02
18913.19
30105.80
14242.65
16502.15
26635.74
19229.14
21721.79
20220.02
26197.24
25984.11
28556.06
29095.70
17117.10
30712.65
29227.09
30329.30
16307.18
27108.62
30384.75
19261.59
22486.55
26360.97
16258.89
16575.61
16579.59
23569.15
17072.77
17777.98
14121.52
18310.63
31615.71
16415.73
37242.05
44632.76
30035.24
26275.89
21363.79
23629.03
19787.09
22502.39
25463.27
15889.05
27484.39
31468.83
21375.49
33038.74
30334.86
20961.38
29521.39
26783.02
29939.69
28404.45
30513.57
52710.63
24396.75
27819.43
20287.41
38635.94
32842.45
107717.36
38147.46
55569.97
46635.87
50663.03
37712.11
44388.43
60764.91
53723.96
37451.14
44081.71
51197.74
37766.56
36947.19
50208.60
33517.55
29699.92
41560.63
22424.92
30254.57
41316.56
57027.94
32992.97
31477.09
31984.15
26896.45
25011.07
31087.94
32332.69
35658.63
32553.00
18169.64
30665.49
47226.97
82707.04
65966.67
32553.05
32189.45
38953.74
79905.78
38703.11
44308.75
54996.99
30770.96
37720.09
34617.50
27132.53
45805.29
22892.65
26563.16
26895.58
31597.42
27033.66
36522.86
50389.88
35104.28
29969.25
40759.99
60809.76
30294.34
32622.69
26555.34
24814.92
29609.36
43806.09
38842.03
44765.71
69496.81
43979.43
59655.83
58368.38
39238.44
36961.83
59387.27
42667.93
51652.57
39914.90
55033.16
77110.06
40736.29
45852.90
55768.08
27309.69
25658.47
32149.40
51239.71
33823.63
40183.49
29285.35
39350.28
34742.52
43516.71
49270.00
46068.06
33852.71
42614.68
34540.07
46667.88
39997.77
41152.04
31253.86
37200.73
60629.39
54688.08
27533.26
46190.12
34580.84
27329.98
38539.76
24339.40
39772.48
20472.15
13329.16
20564.37
19044.50
15742.45
40201.86
29169.25
53356.85
28439.56
59407.02
57589.10
19991.88
36098.49
25933.67
20744.74
15990.84
34942.07
43498.13
54464.89
24241.98
23567.94
30976.50
27883.01
29017.45
29044.18
39680.85
16075.55
17100.87
28572.31
24351.21
41238.47
18633.06
16418.27
21035.04
22807.78
37786.54
26062.84
46568.52
79972.85
66861.84
85936.48
41323.86
60661.70
36004.10
31964.10
31298.11
25388.13
52974.70
41908.76
60308.09
71108.70
31032.19
58444.31
56935.54
82718.56
50952.19
48206.55
51134.62
40035.59
47392.89
31635.72
32840.33
21203.57
20274.00
27134.00
35203.42
45786.94
26168.88
33154.61
29254.37
35632.75
41035.28
29194.94
57622.01
57128.23
63165.72
38617.14
40345.76
22268.67
26222.56
25127.06
36007.49
38730.03
38832.13
58622.54
52671.61
63129.84
70435.62
47837.37
42887.73
43966.79
47459.55
55224.00
79212.70
76897.15
59086.02
57565.19
72845.40
109392.20
45223.01
82357.42
57834.99
72191.83
71557.08
40965.78
80560.59
51435.96
50379.83
69460.50
32313.10
47320.49
34860.05
55280.58
40852.73
50559.90
54384.18
60397.44
36797.88
39674.53
37315.89
42086.06
45016.97
33453.70
62108.49
46247.84
82745.97
51212.76
51860.10
32252.98
36026.25
25886.22
47300.93
27052.53
35075.83
26406.98
40627.58
35149.06
29164.75
33194.76
33879.84
26294.15
40321.90
34300.81
57411.63
47378.98
34283.01
45540.57
26337.69
48050.22
56522.76
39567.71
27221.61
29904.00
31937.95
23813.06
28292.27
25368.11
46994.49
43931.89
68820.13
46203.88
33719.85
30533.48
43392.00
57951.03
44797.11
47196.39
65368.02
58867.14
54214.38
60342.01
85324.70
84982.43
18509.00
55743.43
90903.67
83678.15
63942.06
72122.14
101257.40
139478.23
59732.63
70248.09
86536.85
94716.15
87985.99
126817.53
122527.25
145505.62
150491.31
92093.03
125075.24
108102.40
108642.84
167376.09
113459.87
129083.31
98410.02
91424.29
128694.60
120644.90
162260.22
110026.73
100651.98
101662.49
132255.20
108952.23
75847.27
103867.32
159090.23
147837.19
113193.97
150269.12
221949.84
108452.23
120260.51
123655.65
131665.56
126538.99
61178.07
90073.77
95186.17
117776.76
139487.02
210604.73
273442.09
356405.44
483759.38
400355.56
18139.00
108781.74
130762.47
125835.98
160743.42
132117.58
105043.09
63668.58
72483.88
76684.84
83917.54
52829.73
76708.76
80729.54
88044.79
113448.92
86246.72
121960.32
220930.09
127724.91
120490.02
119515.46
97926.62
108714.50
82156.74
106205.22
108457.50
106708.71
96417.88
98664.42
112724.17
76742.44
78931.26
74298.90
57531.29
81008.47
73009.68
93781.01
147912.67
152941.02
159925.83
130467.28
105873.61
126179.45
93439.61
61446.28
52193.60
61565.58
58932.53
62465.57
81879.54
74189.49
58887.78
77360.88
71731.10
48677.14
74496.99
69742.15
95276.52
100845.33
61766.52
130970.50
119260.83
92800.70
85567.42
48385.40
45557.28
53668.30
50719.64
30762.33
38185.81
44672.10
48691.30
32375.30
56808.35
33649.64
35841.04
34272.30
21092.62
23297.05
24579.20
21357.93
30392.47
29718.39
28322.10
21237.73
27154.61
37449.32
27935.22
19077.44
14908.95
14364.17
14734.28
22799.27
14712.87
11419.69
13659.47
12971.01
18891.84
35672.07
24134.72
26055.09
22139.84
29165.86
56151.63
39977.94
51989.84
121649.52
45293.58
25827.50
41561.78
25489.09
22555.61
20909.10
10876.40
16867.12
9639.64
19509.34
26299.36
33515.25
29265.03
26135.62
24444.84
14877.34
18758.33
21006.34
19525.95
24233.33
16261.95
21729.15
50135.65
32934.57
26327.34
54592.84
67845.03
32701.34
31369.26
31279.79
33213.32
66263.79
53881.65
62590.47
53943.34
42024.25
37865.26
68725.70
53877.94
42216.20
49862.22
25625.65
59336.77
23108.71
24055.88
20347.40
24291.78
11461.25
20292.94
31186.56
24367.59
45394.59
34928.93
29445.50
65946.26
22949.65
38670.82
46853.10
29766.36
24907.06
33148.22
24648.26
15443.37
22675.42
44576.48
53168.25
41991.96
28274.91
88217.56
63392.01
26531.77
35707.60
32803.07
39028.16
48618.25
53258.51
38729.00
74013.79
128525.78
111315.77
41746.78
40889.65
24299.72
25868.30
21572.57
26459.00
47159.10
31025.76
31319.35
56193.65
50343.57
30569.49
29260.89
34978.34
31775.04
68730.46
47387.91
24797.61
25039.80
16680.35
23852.86
27160.58
20870.69
29084.90
30741.78
33081.19
26119.11
21249.35
31688.17
15506.50
14580.50
20443.35
19446.90
22997.47
19189.36
22747.32
23816.24
24313.86
18853.78
22937.80
61237.98
37255.80
49112.91
24178.88
22051.98
15748.80
11695.27
12857.34
15445.25
15215.10
11768.68
21104.42
19298.44
10580.53
14323.50
20947.72
