9.560
9.470
9.620
9.550
9.600
9.540
9.570
9.550
9.380
9.280
9.370
9.280
9.210
9.240
9.290
9.230
9.280
9.280
9.260
9.280
9.430
9.310
9.260
9.250
9.210
9.330
9.400
9.380
9.320
9.270
9.300
9.550
9.680
9.650
9.720
9.600
9.600
9.600
9.370
9.470
9.530
9.470
9.450
9.520
9.460
9.470
9.540
9.420
9.390
9.440
9.260
9.190
9.140
9.150
9.280
9.330
9.400
9.430
9.400
9.340
9.460
9.470
9.500
9.400
9.360
9.390
9.440
9.470
9.400
9.410
9.380
9.430
9.540
9.590
9.690
9.610
9.600
9.580
9.560
9.630
9.590
9.650
9.740
9.660
9.680
9.750
9.640
9.670
9.990
9.870
10.090
10.020
10.000
9.880
9.880
9.860
10.030
10.000
9.780
9.840
9.800
9.830
9.880
9.580
9.650
9.680
9.680
9.520
9.280
9.150
9.170
9.210
9.300
9.140
9.110
9.160
9.230
9.240
9.200
9.280
9.250
9.210
9.210
9.120
9.220
9.230
9.310
9.280
9.320
9.370
9.350
9.280
9.320
9.360
9.330
9.360
9.410
9.560
9.640
9.620
9.660
9.830
9.700
9.750
9.520
9.530
9.400
9.450
9.500
9.520
9.370
9.270
9.230
9.260
9.290
9.340
9.410
9.310
9.260
9.130
9.160
9.140
9.130
9.160
9.100
9.170
9.130
9.180
9.210
9.280
9.400
9.430
9.360
9.320
9.240
9.260
9.210
9.310
9.280
9.280
9.280
9.330
9.240
9.200
9.260
9.400
9.260
9.540
9.600
9.700
9.580
9.500
9.500
9.570
9.630
9.350
9.610
9.570
9.620
9.520
9.580
9.600
9.700
9.810
9.780
9.740
9.730
9.980
10.000
9.900
10.300
10.270
10.310
9.760
9.740
9.450
9.290
9.460
9.550
9.420
9.330
9.500
9.380
9.360
9.540
9.700
10.080
9.580
9.730
9.200
9.050
9.040
9.070
9.070
9.180
8.660
8.660
8.700
8.710
8.460
8.300
8.510
8.570
8.450
8.550
8.590
8.480
8.590
8.320
8.380
8.680
9.000
9.030
9.020
9.100
8.690
8.660
8.390
8.410
8.440
8.430
8.590
8.590
8.520
8.350
8.460
8.660
8.930
8.830
8.650
8.420
8.450
8.300
8.820
9.390
9.390
9.360
9.070
9.320
9.630
9.760
9.700
9.860
9.800
10.260
10.320
10.500
10.660
11.000
10.640
10.830
10.860
10.690
10.660
10.550
10.280
10.030
10.260
10.220
10.490
10.470
10.570
10.650
10.850
10.760
10.450
10.430
10.000
10.450
9.380
9.610
9.720
10.110
9.900
9.320
9.190
8.540
8.250
8.510
8.500
9.110
8.410
8.500
8.550
8.310
8.410
8.320
7.930
7.630
8.020
7.900
7.800
7.680
7.770
7.390
7.620
7.950
8.680
8.770
8.800
8.940
9.190
9.070
8.730
9.000
9.600
9.580
9.750
10.050
10.380
10.420
10.180
11.630
11.900
11.840
11.840
12.370
12.250
12.560
12.760
12.490
12.150
12.460
12.200
12.290
12.350
11.880
12.030
12.070
12.070
12.680
12.670
12.750
13.050
12.800
13.130
12.710
12.300
11.240
11.200
11.120
11.400
11.530
11.240
11.150
11.110
10.750
11.010
11.360
11.350
11.340
11.270
11.000
10.870
10.500
10.400
10.280
10.450
10.420
10.480
10.660
10.850
10.530
10.250
11.150
11.030
11.080
10.780
10.160
10.450
10.380
10.190
10.000
9.840
9.460
9.510
9.650
9.980
9.810
9.890
10.090
9.650
9.800
10.000
9.440
9.800
10.490
10.600
10.700
11.050
10.290
10.310
9.820
10.300
10.500
10.380
10.120
10.600
10.400
12.010
13.120
13.000
12.210
13.690
13.680
14.080
13.650
14.000
13.560
13.120
12.950
12.810
13.310
12.820
12.150
12.100
12.900
12.500
12.030
13.810
14.760
14.670
13.800
13.520
14.130
13.430
13.090
14.100
14.990
14.560
13.400
10.540
11.710
13.900
15.270
13.890
14.600
14.400
12.870
14.410
14.960
16.680
16.900
15.680
16.990
18.350
18.500
18.240
19.060
19.200
19.590
20.000
41.500
42.210
43.820
39.900
39.150
35.900
34.670
33.470
37.300
37.540
36.300
34.000
33.880
31.410
31.660
30.480
30.140
31.630
31.340
30.590
30.760
29.800
29.300
29.200
30.240
32.300
30.150
29.350
29.050
29.910
29.090
29.000
30.150
29.500
28.250
29.420
29.590
28.800
30.180
31.140
31.020
29.500
29.380
29.890
29.530
29.530
29.100
31.000
30.000
28.940
28.460
28.250
27.570
27.600
28.290
25.360
25.220
25.090
24.320
24.250
24.500
24.900
25.600
25.250
25.720
25.390
24.980
24.200
25.000
24.710
24.000
25.950
26.040
25.330
25.280
23.030
23.050
22.780
22.160
22.600
22.980
24.060
24.380
23.500
24.280
24.570
26.170
26.920
26.780
25.350
25.600
25.010
23.990
24.100
24.850
25.000
24.600
25.150
23.500
23.000
21.800
21.780
21.610
20.190
19.400
20.560
20.000
19.910
19.900
19.260
18.200
17.630
17.960
17.340
17.400
17.600
17.390
16.260
16.330
16.060
15.650
15.300
15.810
15.770
15.130
14.940
14.770
14.970
15.120
15.020
14.740
14.800
14.680
14.570
14.530
14.680
14.800
14.400
14.480
14.330
14.660
14.460
14.650
14.780
14.680
14.790
14.920
14.420
14.530
14.560
14.300
14.200
14.650
14.470
14.800
15.240
15.160
15.300
15.450
15.680
15.790
15.210
15.400
15.730
15.680
15.650
15.880
15.600
15.880
15.700
15.800
15.400
14.720
14.710
14.700
14.800
14.760
14.590
14.990
14.810
14.760
14.550
14.350
14.350
14.290
13.800
13.840
14.600
15.270
15.500
15.250
15.280
15.330
15.250
15.240
14.860
14.750
14.990
14.990
15.360
15.410
15.190
15.420
15.500
15.610
15.160
15.100
15.250
15.420
15.400
15.140
14.950
14.550
14.610
14.610
14.600
14.440
14.950
14.820
15.000
14.870
14.710
14.910
15.260
15.500
