2.910
2.910
2.930
2.840
2.850
2.860
2.830
2.830
2.780
2.760
2.820
2.810
2.830
2.770
2.760
2.750
2.730
2.690
2.730
2.750
2.760
2.740
2.710
2.710
2.670
2.740
2.790
2.790
2.710
2.690
2.760
2.750
2.740
2.730
2.740
2.690
2.690
2.680
2.700
2.780
2.760
2.800
2.850
2.870
2.880
2.880
2.840
2.820
2.850
2.850
2.970
2.980
2.970
3.040
3.090
3.170
3.290
3.260
3.320
3.270
3.230
3.250
3.300
3.210
3.230
3.280
3.270
3.260
3.250
3.150
3.110
3.120
3.160
3.110
3.230
3.190
3.160
3.180
3.120
3.140
3.180
3.210
3.240
3.220
3.210
3.330
3.310
3.310
3.330
3.380
3.510
3.480
3.520
3.450
3.420
3.390
3.530
3.500
3.680
3.250
2.900
2.860
2.850
2.870
2.900
2.880
2.900
2.830
2.800
2.740
2.790
2.740
2.720
2.790
2.800
2.830
2.850
2.830
2.800
2.770
2.760
2.740
2.730
2.720
2.720
2.720
2.740
2.770
2.820
2.820
2.800
2.830
2.840
2.840
2.810
2.850
2.840
2.950
2.910
2.970
2.880
2.890
2.860
2.950
2.890
2.940
2.970
3.000
2.900
2.900
2.960
2.860
2.830
2.870
2.840
2.850
2.880
2.850
2.760
2.750
2.710
2.720
2.650
2.650
2.630
2.680
2.690
2.680
2.710
2.740
2.760
2.750
2.660
2.650
2.640
2.660
2.600
2.630
2.630
2.620
2.620
2.600
2.600
2.560
2.560
2.580
2.560
2.610
2.620
2.630
2.590
2.590
2.560
2.570
2.570
2.590
2.680
2.690
2.690
2.680
2.600
2.590
2.660
2.670
2.700
2.660
2.660
2.640
2.650
2.640
2.680
2.680
2.680
2.690
2.640
2.600
2.560
2.590
2.590
2.590
2.520
2.520
2.510
2.500
2.470
2.490
2.530
2.520
2.620
2.590
2.580
2.610
2.600
2.620
2.640
2.660
2.640
2.660
2.670
2.560
2.560
2.570
2.760
2.510
2.500
2.440
2.450
2.450
2.450
2.440
2.380
2.400
2.410
2.400
2.420
2.430
2.420
2.440
2.380
2.390
2.500
2.540
2.540
2.550
2.550
2.540
2.540
2.480
2.480
2.500
2.490
2.520
2.520
2.530
2.500
2.610
2.500
2.510
2.480
2.500
2.510
2.530
2.500
2.600
2.740
2.730
2.740
2.700
2.700
2.750
2.780
2.760
2.780
2.780
2.800
2.950
2.910
2.920
2.930
2.970
2.930
2.880
2.820
2.810
2.860
2.860
2.780
2.790
2.790
2.730
2.760
2.810
2.790
2.850
2.860
2.880
2.860
2.760
2.690
2.720
2.750
2.730
2.680
2.820
2.830
3.050
3.020
2.810
2.890
2.590
2.550
2.640
2.600
2.840
2.800
2.850
2.760
2.720
2.770
2.670
2.580
2.500
2.620
2.560
2.530
2.490
2.620
2.520
2.750
2.890
3.170
3.190
3.150
3.150
3.250
3.200
3.180
3.380
3.240
3.390
3.510
3.680
3.580
3.780
3.500
3.350
3.830
3.820
3.860
3.790
3.910
3.900
3.950
4.040
4.020
3.940
4.040
4.000
3.890
3.910
3.770
3.850
3.930
3.900
4.010
4.020
4.100
4.140
3.980
4.020
4.080
4.380
4.400
4.360
4.410
4.550
4.560
4.490
4.520
4.620
4.460
4.640
4.730
4.850
4.680
4.670
4.460
4.410
4.260
4.180
4.200
4.250
4.350
4.190
4.180
4.380
4.250
4.170
4.570
4.460
4.620
4.520
4.360
4.390
4.310
4.130
4.080
4.090
3.960
4.000
4.040
4.120
4.130
4.180
4.270
4.090
4.110
4.230
3.910
4.030
4.700
4.620
4.640
4.630
4.190
4.270
4.070
5.040
4.850
4.150
4.120
4.520
4.520
5.120
5.820
6.100
5.350
6.480
5.680
5.850
5.580
5.510
5.590
5.330
5.110
5.000
5.300
4.900
5.050
5.250
5.490
5.050
4.810
5.500
5.840
5.240
5.210
5.090
5.080
4.530
4.080
4.790
4.350
3.950
3.590
4.100
5.400
5.140
6.080
6.680
6.190
7.250
7.500
8.110
7.840
7.540
8.100
8.800
8.480
9.100
9.340
8.800
8.600
7.670
7.400
7.990
7.300
6.340
6.600
6.700
6.600
6.400
6.300
5.600
5.440
5.320
5.130
5.120
5.080
4.960
5.000
5.150
5.110
5.260
5.330
5.370
5.300
5.490
5.660
5.910
5.830
5.780
5.590
5.950
6.190
5.750
5.700
5.680
5.350
5.270
5.190
5.180
5.320
5.300
5.240
5.180
5.160
4.990
4.860
4.620
4.640
4.600
4.640
4.580
4.500
4.500
4.700
4.570
4.460
4.390
4.500
4.260
4.150
4.070
4.030
4.010
4.050
4.040
4.000
4.100
4.200
4.200
4.100
4.000
3.980
3.950
3.940
3.900
3.950
3.790
3.740
3.690
3.650
3.690
3.720
3.890
3.790
3.710
3.800
3.920
3.820
3.910
3.940
3.880
3.920
3.750
3.580
3.490
3.750
3.890
3.820
3.940
3.930
4.000
4.130
4.250
4.230
4.340
4.150
4.150
4.230
4.290
4.280
4.090
4.080
4.390
4.540
4.160
4.230
3.960
3.650
3.600
3.780
3.420
3.350
3.450
3.370
3.600
3.480
3.430
3.440
3.410
3.360
3.330
3.330
3.390
3.410
3.360
3.310
3.250
3.220
3.220
3.250
3.230
3.240
3.330
3.240
3.290
3.350
3.220
3.270
3.200
3.140
3.140
3.020
2.950
2.900
2.880
2.970
3.110
3.100
3.080
3.200
3.450
3.030
2.980
3.000
2.960
2.930
2.910
2.900
2.910
2.930
2.950
2.900
2.900
2.980
2.970
2.800
2.820
2.800
2.770
2.750
2.810
2.760
2.780
2.750
2.760
2.710
2.660
2.610
2.610
2.680
2.690
2.800
2.780
2.780
2.810
2.890
2.760
2.750
2.700
2.720
2.730
2.760
2.740
2.800
2.800
2.800
2.880
2.880
2.780
2.440
2.400
2.430
2.400
2.380
2.360
2.340
2.330
2.380
2.370
2.350
2.380
2.460
2.450
2.310
2.230
2.220
2.270
