0.000
0.140
-0.040
0.080
0.100
0.110
-0.080
0.050
0.180
-0.160
-0.190
-0.120
0.020
0.060
-0.060
0.150
-0.040
0.230
-0.260
0.070
0.070
0.270
0.100
0.110
0.260
-0.360
-0.070
0.120
0.050
0.140
-0.670
0.220
-0.080
-0.110
0.100
0.290
0.120
0.100
0.000
-0.330
0.070
-0.770
0.030
0.100
-0.150
0.100
0.020
0.200
0.200
0.070
-0.720
0.110
-0.360
-0.280
-0.710
0.140
-0.400
0.300
-0.520
0.490
0.010
0.300
0.040
0.620
0.050
-0.550
-0.180
0.090
-0.220
0.000
-0.220
0.890
-0.110
0.100
-0.160
0.070
0.020
-0.110
0.010
-0.210
-0.020
0.370
0.100
0.110
0.130
-0.060
-0.190
0.130
-0.090
0.080
0.180
0.170
-0.370
0.380
0.030
0.020
-0.040
-0.110
0.010
0.080
0.080
0.070
-0.040
0.130
-0.100
0.150
0.150
0.130
0.270
-0.020
0.220
-0.770
-0.210
-0.200
-0.040
-0.150
0.270
-0.290
0.230
0.190
0.220
-0.160
-0.050
-0.210
-0.040
0.090
-0.460
-0.290
0.090
-0.780
1.380
0.730
0.130
-0.210
-0.100
-1.140
-0.030
-0.320
0.140
0.050
-0.490
-0.400
-0.300
-0.500
0.900
0.120
0.050
-0.070
-0.060
0.070
-0.060
-0.100
-0.180
0.280
-0.080
0.050
-0.030
0.280
-0.070
0.000
-0.240
-0.100
0.050
-0.250
0.300
-0.070
-0.340
0.020
-0.330
0.220
0.110
-0.150
0.010
-0.010
0.290
-0.180
0.010
0.000
-0.230
0.180
0.620
0.280
0.070
0.070
-0.010
-0.350
-0.150
-0.050
0.110
0.040
0.160
-0.280
-0.220
-0.470
-0.320
0.080
-0.240
0.080
-0.660
-0.910
0.100
0.680
0.060
-0.540
-0.150
0.040
0.140
0.830
-0.540
0.190
-0.210
0.340
0.380
0.270
0.170
-0.370
-0.010
0.700
0.190
-0.410
0.080
-0.240
0.390
0.020
-0.150
-0.470
-1.430
0.080
-0.080
-0.280
-0.330
1.050
-0.340
-0.040
-0.380
0.030
0.170
-0.240
-0.560
-0.130
-0.100
0.420
0.010
0.500
-0.250
-0.440
0.390
-0.250
0.180
-0.270
-0.630
0.340
-0.080
-0.110
-1.190
0.360
1.890
-0.930
-1.040
-0.370
-0.320
1.390
-0.380
0.210
-0.190
0.410
0.980
0.330
0.780
-0.990
-1.100
0.170
0.090
0.190
-0.990
-1.210
1.990
0.300
0.780
-0.410
-0.450
-0.170
-0.650
0.040
0.000
1.870
1.100
-0.120
0.000
0.820
0.570
0.770
-0.990
-1.160
-0.240
0.240
-0.020
-0.340
-0.280
-0.460
1.390
0.560
-0.120
-0.570
0.920
0.470
1.080
0.980
-0.110
-0.320
0.250
-0.300
0.240
0.830
0.270
0.730
1.150
-0.020
-0.080
0.450
-0.010
-0.140
-0.230
-0.020
0.520
-0.670
-0.100
0.750
0.270
-0.960
-0.170
-1.330
0.030
-0.130
0.170
0.110
-0.170
0.000
0.530
0.110
-0.260
0.630
0.450
0.610
0.010
0.380
-1.000
-0.530
-1.380
0.150
0.110
-0.690
0.630
0.570
0.310
-0.860
0.460
-0.250
0.160
-1.410
0.700
-1.530
0.480
-0.670
-1.730
-0.060
0.580
0.240
-1.030
0.210
0.600
-0.440
0.080
0.770
-0.340
0.300
0.170
0.350
0.690
-0.360
0.090
-0.410
-0.780
0.620
-0.310
0.290
-0.030
0.120
-0.440
-1.740
-0.080
0.300
-0.150
-0.500
1.740
1.590
-0.530
0.290
0.220
-0.590
0.530
-0.170
1.230
-0.050
0.260
0.000
0.610
0.380
-0.450
-0.060
0.130
-0.190
0.090
0.000
0.480
0.440
-1.470
0.260
-0.300
0.210
0.680
-0.340
0.050
0.750
0.110
0.630
0.010
0.000
0.140
-0.400
0.180
-0.020
0.090
0.410
-0.090
-0.200
1.140
-1.020
-1.160
0.500
-0.490
0.470
1.190
0.940
-1.080
-0.160
-0.570
1.140
1.060
-0.290
-1.210
-1.340
-1.210
-0.990
0.010
-1.730
0.130
0.250
1.550
-0.200
0.910
1.010
0.790
-0.250
-0.540
1.160
-1.410
0.150
-0.200
1.090
-0.460
-1.500
-0.710
1.440
0.720
0.350
0.130
1.160
0.290
-1.310
0.470
1.140
1.040
0.950
-1.050
-1.170
-0.430
-1.330
-1.370
-1.630
0.870
-1.710
-1.900
-0.330
0.780
0.660
-1.980
-1.610
-0.040
-2.240
-1.530
1.060
1.170
2.140
0.690
-0.690
0.650
-0.400
-0.600
0.670
1.020
-0.100
-1.440
-0.580
-0.160
2.030
1.850
1.680
-0.020
0.250
0.720
-0.320
0.360
0.470
0.200
0.410
0.410
-0.370
-0.480
-0.450
-0.280
0.110
0.430
-0.360
0.060
-0.120
0.170
0.350
0.620
-0.670
0.490
0.040
-1.010
-0.030
0.430
0.560
-0.510
-0.430
-0.080
0.180
-0.010
0.910
0.530
0.770
0.130
-0.520
0.230
-0.140
0.340
0.000
0.030
0.340
0.050
0.300
0.120
0.160
0.010
0.100
0.140
-0.390
0.010
0.340
-0.320
0.250
0.100
-0.050
0.060
-0.130
0.210
0.100
0.240
-0.140
0.240
0.210
-0.500
0.060
0.210
0.020
-0.090
0.140
0.060
0.110
-0.150
0.320
-0.130
0.090
0.310
0.410
-0.380
0.080
0.230
-0.010
0.200
-0.160
-0.150
-0.130
-0.190
0.320
0.270
-0.070
-0.270
-0.310
-0.020
0.070
0.160
0.010
-0.360
-0.430
-0.150
-0.350
-0.210
0.360
0.100
-0.020
0.570
-0.270
0.020
-0.550
-0.070
0.330
0.100
-0.090
-0.340
-0.230
0.090
0.060
-0.160
0.830
0.030
0.140
0.070
0.220
0.140
-0.270
0.190
-0.700
0.030
-0.290
0.440
0.020
-0.280
-0.160
0.170
-0.070
0.340
0.260
0.360
0.470
-0.450
-0.030
0.120
0.420
-0.320
-0.070
0.230
-0.050
-0.100
-0.310
-0.060
0.020
-0.060
0.170
0.070
0.110
0.120
0.200
-0.460
0.120
0.040
-0.090
-0.790
0.310
0.620
-0.040
-0.070
0.180
-0.090
-0.070
0.470
0.150
0.120
0.020
0.020
-0.040
-0.420
0.180
-0.110
0.720
-0.120
-0.020
0.330
0.060
-0.200
-0.080
0.230
0.130
0.040
-0.210
0.000
0.190
0.080
-0.170
0.190
0.010
0.030
0.050
0.170
0.130
-0.140
0.150
-0.140
-0.100
-0.070
-0.020
-0.010
0.470
0.080
0.040
-0.270
-0.140
