105085.50
79187.32
60716.45
73082.50
85864.77
68085.50
119385.02
71808.27
86432.85
118192.03
157606.12
124728.48
197370.23
266430.69
108640.23
146619.59
240127.47
102547.54
125032.91
111315.07
201386.50
156880.33
119886.60
175411.00
263010.59
298109.62
113715.65
122973.75
109343.08
132490.48
182112.23
102843.60
100288.00
143743.11
139170.31
276736.12
162980.05
216608.88
129808.49
96706.35
143173.31
148258.16
255642.03
93187.42
146598.12
236259.91
219679.62
75981.81
59131.67
37085.19
55736.59
38938.82
65912.13
124865.63
80269.00
70572.41
131402.64
198843.28
64578.46
111979.22
166530.91
113869.04
66224.89
70326.59
51215.32
121112.28
61580.10
48728.30
80301.02
100783.08
107138.93
93433.77
101360.82
67273.05
76184.22
76707.25
102351.84
112054.08
62070.51
85119.35
79601.23
120770.81
108428.04
108416.26
95023.00
144822.73
310085.31
228038.95
513102.47
98197.03
170588.00
148462.95
133222.16
124911.50
228923.88
109028.16
186146.38
328341.50
184243.64
480634.75
281961.50
456200.75
380480.62
159210.36
141987.95
218473.41
512697.53
698617.44
578554.12
856572.88
1537782.00
43333.08
36661.88
85992.15
91218.54
171825.94
88861.87
73515.80
63882.83
75195.14
98431.97
162884.53
100426.12
86674.90
142065.59
106739.59
132994.30
100891.67
99540.32
106157.96
76527.22
102153.05
100074.58
159147.75
107835.38
119743.69
142919.89
145313.84
188710.59
248363.89
77217.71
127510.48
124518.23
119048.78
102626.12
99475.26
101322.92
100753.36
127807.89
141665.31
107311.09
124576.20
194421.50
111775.43
169097.62
119986.00
97623.39
98216.55
123960.16
107208.10
149711.30
73546.06
97753.65
80522.13
110978.64
178584.64
126669.14
104891.51
81478.12
83134.00
79849.67
121386.04
126169.27
207466.41
318986.22
163918.20
441152.06
186237.66
115002.98
150256.09
141263.27
149665.59
186545.27
278818.97
592366.69
171586.39
156316.84
167556.12
232236.30
646684.69
174087.00
193864.09
256336.30
263961.97
112902.13
144786.34
167628.59
199475.16
181886.02
141737.30
272322.94
115634.94
123106.16
200893.56
195168.59
276269.78
386397.91
171473.78
165635.69
212147.81
260309.70
303102.38
304036.72
287412.06
282455.84
362757.38
322248.81
501413.50
744372.31
426943.12
467033.97
461173.31
725207.19
750217.62
1005436.56
365883.66
580190.50
1136288.38
1146864.75
878502.62
464466.47
529651.62
904462.00
699270.56
610987.50
1015249.81
651035.50
411771.22
636392.06
673082.19
1198438.62
588105.94
232186.06
296059.41
451720.69
381490.88
163398.72
216192.55
225225.62
287523.09
532946.25
241555.31
172169.12
165716.23
239606.50
321892.34
279704.34
182993.27
190880.20
174051.00
193419.38
259462.64
366533.41
261638.81
420870.19
398504.09
157361.89
338550.50
424217.00
368620.28
219228.55
263181.59
300051.34
488469.56
447045.97
302132.19
283809.56
639808.00
468111.59
571040.06
555913.81
297287.50
424624.28
527205.19
748089.19
392997.12
500557.62
584015.88
588430.88
657529.00
797015.75
969978.94
867336.12
215868.23
232134.75
448306.84
607012.19
244685.20
140751.62
233579.91
252942.22
351780.44
197497.88
212307.95
212241.42
207262.70
191278.48
176915.34
184905.56
271713.91
184430.27
282042.69
233316.05
136275.48
253979.75
325430.50
256679.70
158988.05
216039.56
273426.38
270525.38
301861.06
253018.50
356056.50
280949.16
347334.66
527509.62
563181.62
178368.62
343043.12
250310.41
285941.56
238371.66
364068.22
418309.81
571027.50
646217.62
494966.81
582275.12
60644.00
247317.84
418602.12
313746.22
526904.44
254728.31
227934.69
336796.38
214784.42
194002.92
312539.22
269601.94
265602.62
323403.62
481019.97
473524.16
568693.38
276006.81
364130.62
483735.84
630401.50
486771.78
557889.75
428218.75
652451.06
783181.00
524954.75
1017052.94
785897.31
704612.62
570223.94
716317.38
885427.50
776162.12
1408954.00
884451.38
1677379.88
60723.24
166221.31
372964.91
309183.44
285542.97
283645.31
228787.48
160705.67
210474.33
191482.00
278454.56
488303.59
439768.50
345982.84
283113.16
254796.31
250944.98
224627.47
345823.25
200326.34
165009.42
205288.48
238548.19
311875.38
263335.47
262019.20
142577.66
199674.81
265097.44
137368.12
185163.70
221666.44
167171.38
122197.87
104439.37
176739.62
158605.92
138851.28
205946.94
135006.97
189138.02
258527.03
118851.49
130508.10
179828.56
228673.69
419498.75
337527.88
210429.30
276103.41
170675.47
190196.52
251783.73
382414.34
399146.62
370270.81
449934.50
347334.19
341914.19
279508.22
411679.16
519855.88
673115.56
671852.81
182912.28
197969.92
167618.94
197577.88
252277.47
234685.69
380078.84
329022.25
448566.50
444912.94
443109.34
358730.25
374757.06
327678.84
300762.19
365523.03
32069.93
17656.95
380577.31
352199.16
448114.56
492322.25
427401.25
295889.03
316405.66
387662.19
428601.09
361554.25
429560.91
547824.25
510337.31
973417.62
835828.25
636520.88
736346.12
653491.19
1376908.12
12687.47
17940.87
3775.09
6067.12
411059.78
402997.53
418094.41
462204.34
427191.62
360825.28
428527.03
357676.06
403705.28
465872.91
410625.75
529812.56
361424.28
410893.69
246636.98
282281.38
264582.25
233336.05
315981.09
410429.94
436984.19
251653.95
587342.50
755764.56
350648.59
244449.06
204981.33
295097.97
170884.56
199743.45
232150.11
292886.19
283349.97
388911.09
480335.94
985310.12
681763.81
118828.35
103008.18
130622.61
75388.19
64859.71
43664.53
45799.35
46521.34
38576.45
77524.48
67933.94
75379.24
76349.84
66113.09
77452.12
98020.03
156061.00
157567.38
133029.11
112372.66
109145.90
120009.95
91411.21
102397.22
68157.57
61775.43
82537.58
73306.80
126105.75
125321.49
115409.35
171476.30
263757.91
424936.44
660171.44
170379.95
122593.83
89006.94
96884.11
85886.19
195616.94
147856.61
168213.34
246471.72
306154.50
376074.66
242436.86
146486.38
193414.98
176618.06
334773.88
336799.62
252775.42
208323.66
142475.50
110679.06
118757.34
183106.47
114840.99
120892.55
176677.94
92516.44
64101.80
65616.87
57817.22
76143.35
94789.04
61954.95
104896.40
67038.75
169259.94
96871.08
97915.43
86075.99
205689.48
103258.52
151693.62
230523.64
289817.72
205328.91
223089.81
99039.63
53021.25
71445.12
61622.55
106089.49
144134.23
93293.49
123011.22
154277.59
86237.67
195854.28
128817.81
198910.59
141008.56
119326.72
106061.17
98102.78
122414.05
214771.95
216920.27
142821.59
129463.15
98858.69
171583.98
178621.77
174501.06
129533.12
157145.98
262750.38
328375.72
82993.76
127980.77
108473.82
74993.20
58362.18
35962.31
67433.63
38651.76
91092.49
95632.80
85532.99
108293.15
165891.88
171886.16
157724.19
170740.28
332246.12
107280.42
147758.56
85964.84
166703.52
139492.75
100334.59
185004.67
122079.40
181273.05
140945.38
157528.58
204413.81
150082.38
95124.39
122525.01
266393.69
385921.53
106920.88
177464.20
310268.31
586722.44
361210.53
224364.02
94009.43
271433.09
114703.58
86914.73
