7.650
7.570
7.520
7.640
7.490
7.480
7.350
7.230
7.190
7.050
7.120
7.310
7.260
7.370
7.220
7.200
7.070
7.130
6.960
7.140
7.210
7.250
7.080
7.030
6.950
6.820
7.200
7.190
7.360
7.340
7.250
7.790
7.660
7.780
8.080
8.200
7.990
7.920
7.440
7.840
7.760
7.870
7.450
7.830
7.880
7.590
6.900
6.970
6.700
6.590
6.510
6.710
6.790
6.880
7.080
7.240
7.490
7.720
7.780
7.770
7.770
7.900
7.980
7.950
7.830
7.810
8.040
8.220
8.290
8.300
8.400
8.220
8.440
8.450
8.360
8.390
8.280
8.360
8.280
8.300
8.290
8.490
8.570
8.650
8.550
8.600
8.620
8.690
8.650
8.990
8.960
9.090
9.080
9.050
8.940
9.090
8.870
9.010
8.900
8.800
8.940
8.980
9.030
8.840
8.500
8.440
8.370
8.500
8.540
8.440
8.250
8.380
8.290
8.150
8.600
8.830
9.030
9.370
9.530
9.380
9.350
9.500
9.310
9.110
9.130
9.380
9.340
9.410
9.330
9.580
9.700
9.670
9.950
9.300
8.450
8.330
8.470
8.090
8.440
8.450
8.470
8.330
8.330
8.340
8.490
8.480
8.560
8.830
8.790
8.920
8.970
8.910
8.780
8.770
8.730
8.740
8.880
8.800
8.860
8.530
8.310
8.390
8.270
8.220
8.270
8.180
8.220
8.090
8.130
8.140
8.170
8.240
8.140
8.060
8.110
8.120
8.020
7.890
7.990
8.030
8.010
7.980
7.960
7.820
7.790
7.720
7.780
7.690
8.030
8.130
8.180
8.140
8.130
8.030
8.040
8.000
8.180
8.390
8.300
8.360
8.240
8.060
8.000
8.180
8.160
7.990
8.070
7.810
7.870
7.780
7.750
7.900
7.860
7.930
7.930
7.820
7.680
7.650
7.780
7.850
7.750
7.690
7.730
7.740
7.720
7.950
7.810
8.000
7.990
8.340
8.160
8.100
8.260
8.240
8.300
8.230
8.390
8.500
8.310
8.360
8.160
8.240
8.450
8.370
8.250
8.210
7.930
8.030
8.040
8.090
7.890
7.710
7.780
7.900
7.830
7.980
8.200
8.220
8.370
8.100
7.370
7.950
8.070
8.040
8.100
8.060
8.030
8.120
7.940
7.660
7.670
7.600
7.840
7.130
7.040
7.030
7.050
7.390
7.510
7.430
7.380
7.740
7.700
8.080
8.590
8.780
8.800
8.860
8.510
8.420
8.770
8.960
8.520
8.750
8.790
8.790
8.970
9.160
8.880
8.500
8.440
8.320
8.140
7.810
7.970
8.040
8.100
7.710
7.530
7.470
7.280
7.520
7.400
7.330
7.550
7.250
7.270
7.090
6.890
6.690
6.740
6.860
6.610
6.510
6.820
7.200
7.440
7.160
7.320
6.650
6.300
6.160
6.420
6.360
7.060
7.070
6.870
6.690
6.670
6.690
6.620
6.340
6.450
6.510
6.310
6.320
6.130
6.030
5.860
6.100
6.420
7.130
6.920
7.200
8.000
8.890
9.890
9.810
10.240
9.610
9.820
10.190
10.080
9.670
9.520
9.490
9.360
8.880
9.430
9.720
9.210
8.930
8.950
8.830
8.500
8.520
8.590
8.400
8.530
8.590
8.420
8.310
8.330
8.250
8.180
7.830
7.600
7.760
7.840
7.750
8.000
8.150
7.760
7.440
7.210
7.980
7.870
8.080
7.830
7.650
7.790
7.610
7.310
7.150
6.810
6.960
6.870
6.690
7.030
7.010
6.910
6.880
6.630
6.360
6.580
5.980
6.600
7.360
7.220
7.300
7.050
6.460
6.350
6.870
7.520
8.290
7.550
7.500
8.330
9.260
10.290
11.450
11.390
10.340
11.080
10.050
9.790
9.630
9.870
9.600
9.220
8.850
8.830
9.160
8.360
9.300
9.520
8.650
7.850
8.330
9.260
9.730
9.480
9.220
8.770
8.200
7.710
7.460
8.310
8.060
7.330
6.660
6.050
6.720
7.470
8.300
9.220
10.240
11.380
10.870
12.080
13.500
13.750
13.250
13.940
15.350
15.900
15.910
15.360
15.020
15.050
14.340
14.090
14.310
13.350
12.880
13.240
13.530
12.670
11.930
12.200
13.560
13.160
12.590
12.380
11.840
11.650
11.690
11.650
11.130
10.760
10.870
10.810
10.400
10.070
9.800
10.160
10.550
11.240
10.850
10.910
10.950
11.470
11.450
11.270
11.590
11.560
11.320
10.820
10.810
10.590
11.240
11.070
10.890
10.730
11.080
11.290
11.340
10.310
9.810
9.680
9.700
9.510
9.480
9.730
9.390
9.410
9.140
9.220
9.240
8.910
8.760
8.520
8.470
8.420
8.580
8.560
8.600
8.790
8.960
8.660
8.760
8.660
8.640
8.450
8.470
8.420
8.340
8.200
8.280
8.250
8.180
8.140
8.440
8.600
8.740
8.930
9.400
9.360
9.240
9.370
9.080
8.980
9.180
8.840
8.590
8.420
8.800
8.650
8.640
8.780
8.470
8.600
8.890
8.850
8.750
8.810
8.400
8.520
8.670
9.030
9.190
9.060
9.260
10.170
9.370
9.190
8.640
8.910
9.080
9.020
8.760
8.380
8.290
8.550
8.300
8.740
8.580
8.350
8.420
8.500
8.330
8.320
8.200
8.230
8.190
8.060
8.210
8.310
8.150
8.100
8.500
8.100
8.010
7.960
7.750
7.860
7.930
7.730
7.680
7.560
7.730
7.720
7.700
7.620
7.480
7.420
7.530
7.630
7.750
7.640
7.910
8.130
8.070
8.030
8.180
8.370
8.160
8.070
8.230
7.770
7.060
6.930
6.940
6.870
6.860
6.820
6.840
6.860
6.630
6.470
6.300
6.250
6.290
6.340
6.490
6.480
6.470
6.540
6.590
6.460
6.370
6.260
6.340
6.430
6.400
6.260
6.280
6.360
6.390
6.420
6.330
6.290
6.200
6.140
6.170
6.080
5.900
5.980
5.830
5.750
5.780
5.770
5.860
5.800
5.770
5.740
5.720
5.690
5.860
