16511.99
10820.62
10226.80
15368.04
22496.77
12984.33
12562.42
21291.16
28608.98
7390.99
8105.57
6475.33
10618.50
7796.71
4552.00
8632.66
6670.87
13846.98
9599.62
17457.44
22707.95
13702.10
7847.28
10055.73
20888.40
8667.53
8795.04
6453.50
11745.24
14075.64
17284.40
9811.29
5246.48
8464.50
9771.13
7125.58
5570.79
6084.51
16443.75
11801.72
7630.22
10025.02
9818.02
7966.50
9427.89
14433.86
11669.61
20150.21
20160.22
32860.97
29085.55
8172.93
13853.44
16409.54
18359.45
16269.96
14149.52
11499.93
17887.31
27363.24
16303.30
13802.80
20828.73
19044.75
11769.34
24657.55
13711.39
16239.08
23464.23
16583.88
18117.35
16905.90
17437.93
22449.60
22343.61
12566.69
10810.60
14969.23
15559.72
16799.41
19798.23
28478.95
30174.46
16807.20
18268.88
31825.24
22006.68
17930.25
25773.41
23390.15
22776.62
20080.15
30757.17
45370.12
17365.61
13086.58
15892.47
13863.30
24214.85
15219.50
12086.01
14668.65
6858.36
12155.39
8972.66
9455.02
7331.41
11079.88
11611.11
8051.50
10381.62
8639.96
11347.21
32428.75
16751.29
33959.81
29248.59
33894.30
46239.42
25909.08
31433.50
39016.11
31657.01
17605.38
16290.00
21324.40
16912.92
39748.01
20990.38
31933.43
43675.34
53189.13
82907.75
17485.90
24808.37
36455.08
19110.11
43363.35
40120.25
20912.67
18956.03
17506.00
18372.50
32394.73
22440.45
51763.43
56815.32
83446.33
42412.07
86026.25
119377.41
88413.99
34373.00
19925.41
30949.41
37498.71
27854.54
51481.30
70420.16
59863.87
35758.66
41086.48
32862.73
53401.62
53367.84
41711.56
45705.05
58752.98
63038.46
22612.97
35565.39
51600.02
49928.30
67827.83
32968.92
49840.79
68619.57
93950.46
147999.77
128608.21
142851.80
88982.41
60256.55
56237.76
63854.61
73924.60
63818.60
72580.84
95109.43
89677.26
70430.12
71528.99
80518.58
79977.37
146388.36
115429.71
107633.87
131094.56
144501.56
77525.75
72232.47
77484.19
94008.83
180333.81
190410.91
154873.30
169926.28
60453.44
82755.47
79124.42
141723.45
57932.39
29145.02
33582.71
41631.51
40233.56
34846.50
57692.53
46268.15
69631.34
34523.73
29905.37
40691.30
47300.78
53472.29
60247.50
82252.01
104973.46
204344.78
40895.92
46360.96
23591.45
33037.25
56585.40
64380.54
24622.45
26455.21
36612.75
47283.00
26891.30
34601.49
25339.84
34783.35
41087.25
60421.64
47874.61
28763.22
27219.78
29904.72
36944.14
26019.31
35450.30
28261.71
23233.28
37614.43
33883.31
38023.48
37159.37
47520.86
46719.69
54568.74
58960.47
112788.20
99531.82
92961.39
58430.21
66862.03
60070.08
55350.95
65901.09
53603.25
79740.91
131242.44
96643.39
23730.70
25765.43
36102.85
62349.08
28503.60
34120.88
43457.93
38761.30
44120.88
72309.19
95445.72
100172.61
155166.50
216792.81
41570.45
16458.55
22213.41
14775.87
19476.66
18161.72
27137.54
16805.50
14174.23
14126.54
9668.23
13569.41
13755.02
21968.11
20643.59
18673.55
17010.37
21108.11
23312.51
40439.59
36011.76
30042.26
29060.79
16453.61
24358.84
34104.92
26473.68
38071.04
53940.91
30514.58
38591.76
50885.79
29987.10
30451.62
32411.72
24153.09
42337.73
29028.98
19513.16
24059.06
38390.29
63570.23
38781.85
45345.75
48822.52
106743.60
86432.47
95448.57
33921.71
30384.65
45034.81
33193.10
26438.87
42843.01
60421.27
19201.23
30012.86
20361.85
38751.27
55289.93
57443.57
13419.90
17536.88
29911.35
20920.26
10748.55
22351.96
20096.16
19259.33
30280.88
19530.76
16290.25
43041.92
14280.22
28510.84
29850.66
21707.30
18047.60
25719.59
30051.77
35683.43
14947.54
17384.00
24445.50
16926.68
38387.79
28781.01
34342.68
40437.65
52624.58
58213.52
42785.08
36870.89
24480.20
11801.55
17930.41
17573.05
19094.07
17769.85
20338.83
22120.21
31819.75
38008.19
38781.42
45464.96
33774.06
24441.26
31441.35
26977.29
27486.87
33632.69
57852.48
49397.17
19010.62
33671.49
157742.23
27457.59
75711.28
45639.81
34002.74
40049.07
50131.42
44885.56
30650.73
25277.95
25043.96
32651.99
24858.44
37694.49
29269.30
35485.26
45077.36
52093.17
36604.88
35270.41
44726.20
39956.73
52885.47
62283.02
88082.69
69834.85
61746.63
58401.93
62549.82
50335.71
65838.66
65661.41
79612.40
105243.72
89340.94
34470.10
25075.06
31579.08
30110.36
29233.37
36586.50
31354.73
22513.02
19659.51
24309.06
25871.59
24400.69
26277.92
36216.59
38733.78
35291.36
32758.46
37205.72
31332.78
29877.89
39874.85
34501.37
32324.53
28988.28
45494.55
72469.61
46596.87
70823.61
51256.74
39029.44
42224.24
53765.86
38115.98
54309.41
50271.46
39080.11
69469.66
67056.10
67376.75
50929.76
83499.04
35615.33
44598.73
44069.96
38651.87
20433.49
36104.16
71306.59
32696.27
17059.73
19161.95
21711.13
25199.68
35925.93
34388.91
21421.49
31101.67
53626.51
15919.61
16857.93
22203.56
12231.95
23165.09
12126.22
13195.12
17073.07
17484.59
26163.34
60137.72
10405.09
11026.74
13032.81
18351.00
22473.48
23922.88
18595.19
22955.87
39579.38
19942.63
26089.13
21584.87
12884.38
22429.38
14942.84
17008.65
16605.49
19203.43
16118.22
29391.95
19390.86
18029.88
27346.30
19272.50
13949.31
17584.71
29710.59
18939.74
30037.42
24985.02
21583.24
23826.15
31023.75
32867.19
30442.63
30258.86
33105.04
54649.21
31585.24
56687.48
45553.94
37357.76
25850.40
19455.12
28726.49
52491.35
19360.97
27955.47
24490.88
16453.96
11100.23
11211.87
9407.02
11709.68
9447.98
18839.70
15066.79
28643.75
14383.83
22352.19
22321.84
31657.08
19886.04
21348.79
23356.06
50911.64
76454.82
22458.73
11295.34
15976.50
48725.38
14741.80
18586.81
25849.05
35238.42
23364.44
24014.06
24218.34
29446.76
27231.07
32473.12
46849.08
42718.03
67454.76
114220.89
133108.05
38622.54
14853.07
28203.12
21266.81
24010.48
39299.77
37919.92
28634.92
24662.21
39535.78
20550.35
24204.66
32579.73
32437.99
38138.96
24353.67
20924.52
12853.74
17944.22
13494.41
24334.32
17828.98
22864.42
22719.92
23852.35
36104.23
54845.78
83879.72
20318.13
35071.96
21959.59
32869.84
14540.77
17174.85
20774.15
26145.81
32826.75
28588.31
19271.41
20005.49
33262.10
27584.87
28920.93
22568.08
26339.94
20471.38
14541.30
22106.73
16497.19
14466.16
14289.27
21091.36
20290.98
26527.01
20425.16
16143.28
