10.960
10.730
10.740
10.680
10.580
10.720
10.550
10.540
10.390
10.120
10.340
10.540
10.500
10.330
10.200
10.070
10.100
9.620
9.720
9.860
10.010
9.820
9.690
9.690
9.410
9.580
10.250
10.210
10.060
9.790
10.190
10.390
10.740
10.750
10.870
10.550
10.700
10.480
10.260
11.020
11.380
11.310
11.250
11.610
11.670
11.640
11.370
10.820
11.370
11.360
11.300
11.990
11.910
11.840
12.160
12.020
12.010
12.500
12.700
12.690
12.740
13.100
13.070
12.670
12.610
12.480
13.220
13.240
13.330
13.230
13.390
13.620
14.060
13.920
13.610
13.570
13.350
13.320
13.400
13.150
13.010
13.110
13.310
13.240
13.210
13.380
13.390
13.310
13.100
13.070
12.950
13.000
12.900
12.680
12.770
12.480
12.460
12.680
12.700
12.730
12.670
12.490
12.520
12.300
12.350
12.200
12.290
12.200
12.100
11.880
11.650
11.860
11.530
11.630
12.900
13.130
13.210
13.660
13.640
13.660
13.770
13.720
13.210
13.050
12.910
13.160
12.920
12.650
12.730
13.010
13.140
12.950
13.000
12.720
12.550
12.410
12.650
12.660
13.860
13.950
13.880
13.850
13.800
14.150
14.420
14.390
14.980
14.700
14.400
14.410
14.580
14.320
14.850
14.990
15.060
15.260
14.920
14.860
14.440
14.410
14.050
14.530
14.420
14.400
14.250
14.330
14.420
14.230
14.390
14.500
14.690
14.750
14.450
14.410
14.850
14.880
14.620
14.700
14.800
15.090
15.010
15.480
15.620
15.350
15.520
15.190
14.180
14.570
14.510
14.480
14.300
14.240
14.310
14.210
14.230
14.090
15.470
15.490
15.720
15.630
15.450
15.560
15.960
15.580
15.610
15.480
15.500
15.210
15.760
15.500
16.820
16.510
16.610
15.490
14.520
14.050
13.790
13.810
14.150
14.050
13.600
14.020
14.010
13.870
13.800
13.320
14.030
13.860
14.800
16.090
16.030
15.230
15.100
14.470
14.350
14.500
14.150
14.120
14.200
14.070
14.330
14.800
14.110
14.130
13.920
13.350
13.480
13.730
14.040
14.030
13.850
13.000
13.030
13.300
13.050
13.590
13.680
14.530
13.840
13.180
13.200
12.700
12.750
12.340
12.380
11.890
11.290
10.710
10.520
11.160
10.780
11.200
11.200
11.810
10.280
9.160
8.880
9.280
9.330
9.500
10.360
11.250
11.320
11.050
11.070
10.810
10.780
10.530
10.420
10.140
10.330
10.100
10.960
11.090
11.030
10.690
10.650
10.460
10.450
10.190
10.330
10.500
10.090
9.970
9.910
9.560
9.360
9.570
9.370
9.330
9.590
9.420
9.430
9.150
8.790
8.710
8.810
8.650
8.490
8.600
8.740
8.770
8.800
8.500
8.920
8.250
8.000
7.900
8.350
8.660
9.350
9.470
9.380
9.230
9.300
9.250
9.060
8.470
8.800
8.580
8.270
8.100
7.980
8.250
8.150
8.020
8.580
9.410
9.090
9.050
9.300
9.020
8.490
8.610
8.380
8.720
8.830
9.050
9.200
10.170
10.900
10.480
11.400
12.600
12.760
12.330
12.580
12.890
12.420
12.260
12.390
12.100
12.070
11.800
11.680
11.560
11.110
11.080
11.200
11.300
11.460
11.810
11.630
11.140
10.650
10.700
10.230
11.170
12.200
12.180
11.990
12.010
12.270
12.120
12.310
12.340
11.900
11.640
11.920
11.800
11.500
11.110
11.080
11.010
10.880
10.640
10.260
10.510
10.300
10.160
9.680
10.010
9.550
9.140
9.330
10.080
10.010
10.000
9.760
9.820
9.610
9.380
9.040
8.810
8.590
8.510
8.600
8.610
8.920
9.030
7.680
7.980
7.910
7.950
7.520
7.420
8.210
8.810
8.840
8.590
7.750
7.820
7.400
8.180
9.070
9.200
8.250
8.930
9.920
11.020
12.240
13.550
11.800
12.810
13.030
12.350
11.800
11.430
11.180
10.820
10.520
9.660
9.920
9.340
9.000
9.520
9.430
8.820
9.020
10.020
10.740
10.390
10.030
9.770
9.700
9.180
8.210
9.010
9.570
9.210
8.350
6.680
7.420
8.240
9.160
10.180
11.310
12.520
11.890
12.880
14.310
15.610
16.310
15.270
16.970
18.600
17.900
19.010
20.030
19.500
18.410
18.030
17.910
18.660
18.410
17.590
18.500
18.060
17.660
16.970
17.550
17.500
17.070
15.930
15.700
15.240
15.100
14.900
14.290
14.370
14.420
14.200
14.200
13.730
13.330
13.210
13.840
14.300
15.010
15.210
14.520
14.900
15.020
14.880
15.110
14.800
14.200
14.150
14.230
13.700
14.170
14.770
14.920
14.510
14.260
14.730
15.150
15.320
15.230
15.000
14.250
14.360
13.930
13.590
13.700
13.570
14.190
14.100
14.210
13.970
13.900
13.650
13.600
13.310
13.410
13.400
13.110
13.450
13.900
14.060
13.410
13.600
13.270
13.260
13.530
13.500
13.220
11.820
11.760
11.550
11.510
11.350
10.990
11.060
11.120
11.080
10.900
11.470
11.310
11.300
11.200
11.100
11.060
10.760
10.500
10.210
10.120
10.380
10.100
10.250
10.270
10.260
10.840
10.900
10.910
11.050
10.990
10.510
10.340
10.310
10.540
10.480
10.320
10.110
9.800
10.410
10.780
10.840
11.040
11.080
10.760
10.530
10.270
10.400
10.990
10.930
11.540
11.310
11.030
10.910
10.930
11.080
11.070
10.860
10.610
10.530
10.500
10.670
10.670
10.480
10.420
10.370
10.180
10.250
10.540
10.700
10.800
10.820
10.760
10.780
10.940
10.570
10.500
10.200
10.100
10.100
10.100
10.420
10.480
10.370
10.200
10.660
10.730
10.980
10.800
10.720
10.790
10.740
10.580
10.500
10.380
10.450
10.410
10.200
10.190
10.230
10.260
10.230
10.500
10.550
10.830
10.870
10.800
10.850
10.680
10.860
10.880
10.780
10.700
10.500
10.630
10.700
10.830
11.180
11.270
10.520
10.480
10.550
10.750
9.800
9.290
9.280
9.260
9.230
9.200
9.230
9.180
9.150
9.110
9.070
9.250
9.240
9.350
8.850
8.840
8.730
8.880
8.830
8.810
8.800
8.800
8.740
8.780
8.800
8.730
8.550
8.440
8.160
