11.340
11.340
11.270
11.630
11.740
11.510
11.330
11.470
11.540
11.230
11.320
11.580
11.540
11.340
11.290
11.380
11.320
11.590
11.600
11.400
11.280
14.410
13.790
13.900
13.760
13.490
13.690
13.710
13.710
13.500
13.200
13.290
13.130
13.210
13.270
13.250
12.960
12.670
12.550
12.710
12.900
12.980
13.250
13.370
13.360
13.320
13.260
13.050
12.890
12.980
12.930
13.190
13.140
12.980
13.000
13.020
12.810
12.930
13.150
13.410
13.460
13.520
13.320
13.510
13.320
13.130
13.060
13.120
13.430
13.200
12.960
12.770
12.970
13.090
13.050
13.070
12.800
13.240
13.420
13.500
13.420
13.770
13.610
13.600
13.530
13.500
13.730
13.740
13.600
14.090
14.350
14.490
14.400
14.070
14.040
13.850
13.810
14.020
14.260
13.430
13.190
13.510
13.620
13.590
13.680
13.270
13.300
13.210
13.180
12.920
12.730
13.120
13.340
13.350
12.950
13.020
13.310
13.560
13.900
13.690
13.750
13.880
13.430
13.250
12.930
12.960
13.280
13.480
13.510
13.500
12.870
12.760
13.070
12.840
12.730
12.810
12.600
11.870
11.910
11.860
11.510
11.380
11.310
11.500
11.490
11.480
11.790
11.760
11.810
11.800
11.810
11.800
11.750
11.970
11.710
11.740
11.900
11.960
11.860
11.720
11.500
11.700
11.450
11.160
11.410
11.320
11.440
11.520
11.500
11.340
11.440
11.500
11.490
11.740
11.490
11.390
11.540
11.320
11.360
11.370
11.490
11.680
11.570
11.390
11.450
11.050
10.830
10.700
10.970
10.980
10.570
10.680
10.730
10.730
11.020
10.840
11.040
10.660
10.510
10.340
10.280
10.250
10.300
10.320
10.340
10.270
10.140
10.100
10.080
10.150
10.100
10.180
10.200
10.400
10.300
10.340
10.050
9.960
10.050
10.180
9.840
9.760
9.570
9.660
9.430
9.400
9.590
9.580
9.310
9.680
9.580
9.560
9.810
9.880
9.880
9.720
9.900
9.700
9.680
9.620
9.010
8.930
8.950
9.000
8.970
8.970
8.790
8.800
8.760
8.730
8.790
8.710
8.890
11.620
11.630
11.800
11.290
11.320
11.460
11.110
11.060
11.490
11.500
11.560
11.650
11.540
11.530
11.590
11.150
11.160
11.100
11.110
11.120
11.290
11.160
11.030
11.060
11.430
11.420
11.350
11.500
11.490
11.500
11.630
11.930
12.350
12.280
12.290
11.890
11.920
12.020
12.160
11.970
12.220
12.160
11.850
12.400
12.230
12.480
12.520
12.370
12.010
12.120
11.890
12.090
12.270
12.270
12.010
12.090
12.100
11.690
12.090
12.280
12.040
12.290
12.290
12.370
12.310
12.170
11.770
11.860
12.040
11.660
11.510
11.680
12.180
12.290
12.080
11.890
11.700
10.930
10.380
10.990
10.680
11.820
11.700
11.450
10.930
10.950
10.930
10.890
10.380
10.490
10.640
10.490
10.510
10.300
10.220
9.850
10.310
10.350
11.500
11.430
11.360
11.560
11.800
11.450
11.410
11.990
11.690
12.140
11.950
12.550
12.170
13.510
13.070
13.000
14.440
14.930
14.820
14.450
15.170
15.160
14.660
14.970
14.980
14.460
14.420
14.090
14.080
14.120
13.660
13.720
13.820
13.920
14.520
14.150
14.420
14.350
13.910
13.500
13.470
14.230
14.100
14.000
13.980
14.310
14.220
13.940
14.060
14.020
13.840
14.300
14.520
14.390
14.470
14.520
14.230
14.000
13.390
13.440
13.770
13.470
13.100
13.630
13.530
12.760
12.970
12.920
12.460
12.230
11.680
11.530
11.810
11.740
12.200
12.100
12.590
12.440
12.110
11.930
12.290
11.290
11.780
12.870
12.880
13.300
13.050
12.400
12.180
11.920
12.740
13.430
12.580
11.730
11.500
12.780
14.200
15.190
16.140
15.560
17.290
16.150
15.990
15.490
16.050
16.050
15.200
14.840
14.820
15.430
14.530
14.620
14.630
15.600
14.800
14.740
16.390
16.950
16.470
16.220
16.220
16.050
15.020
14.500
16.140
16.310
14.830
13.480
12.250
13.610
15.080
14.350
15.970
17.630
18.560
16.890
17.920
19.930
20.770
18.860
19.080
20.700
20.910
19.010
20.190
20.600
19.560
19.250
18.590
18.750
18.170
16.520
16.380
16.430
15.660
14.870
15.270
16.970
16.190
15.830
15.600
14.990
14.320
14.460
13.720
13.610
14.100
14.400
14.130
14.010
13.530
13.170
13.870
14.400
14.380
14.340
14.430
14.310
14.790
13.910
13.960
13.950
13.450
13.040
13.580
13.640
13.500
14.140
14.020
13.770
13.590
14.310
13.900
13.750
13.900
14.020
13.070
13.010
12.790
12.400
12.120
12.040
12.300
11.770
11.750
11.730
11.610
11.480
11.180
10.950
11.000
11.070
11.020
10.930
11.110
10.910
10.730
11.040
10.870
10.950
10.800
10.800
10.540
10.500
10.390
10.320
10.330
10.010
10.080
10.310
10.450
10.700
10.610
10.790
10.640
10.840
11.030
10.760
10.460
10.650
10.620
10.290
9.990
10.830
10.840
10.420
10.780
10.670
11.090
11.430
11.700
11.280
11.410
10.940
11.200
11.130
11.290
11.340
11.220
10.710
10.470
10.620
10.450
10.770
10.610
10.690
10.300
10.400
10.300
9.620
9.740
9.470
9.960
9.740
9.740
9.490
9.350
9.450
9.500
9.560
9.440
9.410
9.310
9.570
9.680
9.520
9.320
9.110
9.040
8.870
9.100
8.720
8.940
8.960
8.830
8.940
9.000
8.840
8.880
8.840
8.520
8.420
8.410
8.570
8.610
8.710
8.570
8.680
8.930
8.900
9.060
8.850
8.670
8.680
8.500
8.440
8.390
8.340
8.370
8.250
8.220
8.400
8.310
8.250
8.200
8.640
8.680
8.670
8.780
8.770
8.630
8.740
8.650
8.720
8.640
8.480
8.280
8.630
8.470
8.720
8.910
9.100
8.940
8.960
8.770
8.750
8.470
8.420
8.430
8.390
8.010
7.950
8.110
8.210
8.150
8.010
8.200
8.170
7.840
7.850
7.700
7.680
7.530
7.610
7.440
7.560
7.600
7.510
7.720
7.800
7.580
7.410
7.420
7.580
