34614.21
25240.54
41139.31
29752.68
109761.69
139774.27
66529.19
127569.13
133851.38
89433.85
81698.30
40888.00
27600.00
26590.82
29575.94
50196.93
45860.98
48679.20
59739.28
92994.45
139694.45
98540.44
31277.01
29021.85
46224.09
42094.38
31554.99
64428.22
54803.35
53473.53
38248.68
36284.35
37630.80
40983.84
27390.39
41221.79
23865.94
31575.28
58777.36
32106.56
48156.57
41054.53
45415.42
70594.36
26060.29
42586.62
24066.72
56929.57
43335.73
47170.13
78897.32
66051.40
98174.92
84480.51
41337.70
34108.91
68704.04
37409.72
73359.41
114423.95
55407.34
59665.53
46888.95
75937.72
52881.74
51516.94
47109.74
31851.65
59012.66
39859.84
33985.99
48204.32
28351.17
74098.35
96948.16
99334.15
92830.90
52860.15
42086.45
67506.91
43773.10
34190.40
38963.30
80371.15
72239.57
154713.16
42031.17
60307.52
108706.92
44189.99
45152.34
28177.84
36923.41
45840.04
50369.50
31157.48
45232.11
76266.74
29334.13
30379.21
36628.28
36109.07
44131.76
38985.80
23523.00
52158.58
54470.58
29130.26
28535.81
31010.86
30607.68
27010.01
43364.48
111257.31
87342.86
60413.91
67110.01
70269.54
51534.80
94689.99
105935.96
130846.21
112977.89
204094.44
160773.33
38388.80
38753.98
59250.36
68092.18
49600.43
38564.98
39743.23
54791.40
64382.12
67900.82
77946.57
161685.62
171546.47
46283.74
87685.63
89698.34
117243.42
62433.21
112408.88
67181.68
198376.00
105232.83
98502.61
169001.27
233970.41
192285.61
68345.26
65867.18
100556.60
107246.25
85950.33
147273.31
232265.02
191434.12
305690.31
167130.06
102852.89
117768.07
89025.65
124183.13
141099.30
111877.60
231519.81
179037.72
98655.92
221465.58
170290.28
163471.75
128732.26
105260.83
154410.84
139715.69
114808.07
104618.20
128514.59
126290.47
175134.03
194599.78
287894.78
131102.77
101317.49
209863.58
155792.44
121710.06
151901.41
159536.52
109359.03
231249.16
303940.00
436655.59
386349.97
132170.44
135922.67
215749.11
155047.38
245670.48
308129.22
144263.09
195041.20
256094.94
81014.13
110831.87
128627.98
143755.30
102440.21
71494.43
93510.54
143871.66
248936.33
321838.38
157224.88
93770.41
132059.48
139061.75
67684.71
78170.14
56968.07
52412.80
69874.13
48422.87
97598.18
100753.43
125146.33
164740.19
74150.35
64059.95
105133.00
95952.67
144594.14
263351.00
113459.24
101243.03
88147.57
185898.66
192129.09
146676.31
104338.51
157256.14
255069.70
141896.28
173513.64
131117.52
145941.56
161104.69
242327.88
287323.00
263064.00
338138.25
99082.44
115046.10
95229.43
127447.34
107142.25
193863.77
134365.06
173922.33
238123.12
126655.35
151452.09
286628.09
152269.06
249661.25
333469.66
132712.50
111677.34
211777.05
151820.23
296076.16
370635.69
160041.33
112338.12
83407.32
90059.11
103828.23
101370.98
103220.42
80779.36
71002.06
154129.69
167264.27
110291.96
168119.09
175901.23
98555.53
211269.30
96478.65
70288.93
86473.81
123448.02
160972.75
290070.50
123099.66
170436.20
162567.73
142278.61
295685.69
256856.66
270799.62
239649.09
224519.30
356735.59
233074.55
171229.62
206307.88
193088.34
155825.44
148155.45
110969.18
175964.22
153684.62
242395.02
289426.66
283470.53
195529.58
95678.60
97660.24
160886.09
79720.95
81008.32
108883.42
172902.09
134127.44
230008.88
307599.28
198791.27
142012.45
197107.70
185055.48
237436.34
165748.02
173760.02
219210.11
154524.80
148697.91
193734.16
162384.89
79376.83
90933.71
130818.42
147886.62
116288.23
87782.01
123218.75
131695.77
177935.77
225939.38
152042.30
150697.28
172637.09
189828.55
201265.66
160637.41
187749.77
182251.27
193175.30
195426.84
331027.09
319176.47
111843.01
312583.28
307453.69
225347.89
227470.33
408779.56
271844.59
343556.12
231985.09
266032.66
449059.38
442487.78
379744.06
428595.84
697142.31
574307.44
540422.25
650055.62
702877.25
821173.81
423017.28
431295.59
626047.38
323585.34
373029.16
425564.31
614162.12
442259.22
480120.78
643171.25
545756.50
811307.31
563487.38
371255.06
240878.38
208720.67
324918.06
208942.62
343884.00
414746.16
321372.38
356770.22
423926.28
578170.19
563562.19
506983.81
201134.06
291752.56
321979.62
337695.28
300987.00
326145.38
400388.62
439632.09
364796.41
587524.81
633701.50
353489.47
372289.62
330650.34
379534.19
302314.16
353317.84
239450.23
230520.27
81969.43
124765.66
139490.58
266047.66
331673.22
251051.81
288591.75
242531.95
203137.12
359810.00
286023.81
230618.84
332899.47
190957.34
253741.98
446349.78
308654.31
304060.84
328731.31
364216.25
480820.97
716446.81
450609.59
433542.28
351573.69
373956.38
393713.56
398807.59
579257.12
626886.19
580883.88
638942.06
937786.00
1422943.50
1275616.75
620344.94
452521.62
281357.56
414264.50
361020.41
278789.44
288004.75
485657.69
455978.50
594947.50
624898.31
759899.44
697456.69
663516.19
651492.19
969929.12
671901.25
569266.44
1082264.12
20691.40
15411.49
391040.53
659015.81
508651.41
579478.88
582996.75
720830.56
635125.06
525862.06
527538.94
562661.88
673743.50
584217.50
831072.69
773872.81
823177.25
861633.81
852022.56
784917.69
522546.62
410087.25
437161.44
613991.38
572495.25
683280.25
701106.50
570878.56
642824.69
655880.69
514408.34
676518.38
1043114.94
768203.19
514426.16
646616.38
607829.31
822560.25
1115903.38
345548.34
454438.28
553858.00
485201.62
246176.31
320680.31
423541.94
719848.75
244816.53
243006.05
279735.59
360142.72
415361.44
414517.41
424758.56
477825.44
424863.62
415890.09
402035.22
292401.88
388478.97
393761.84
379516.94
387557.31
564913.06
734993.38
743470.81
441231.28
548818.38
360029.03
335156.41
347541.44
469907.44
313198.81
345164.53
441560.78
425374.06
360227.06
383868.59
378889.75
377378.38
349606.94
181264.02
241738.77
293798.62
246221.38
579406.50
225287.05
310342.88
479022.78
366550.06
291749.38
220026.16
183471.52
148414.92
100533.03
117265.60
112308.99
105906.11
65987.68
65741.73
78373.14
147085.73
132415.80
148685.69
168475.31
144126.14
192330.22
418220.84
205521.38
363839.59
186434.45
126853.17
172447.83
140797.19
124824.26
184628.78
100593.41
89090.06
111007.99
90534.59
235966.58
163143.27
198848.34
329156.47
170712.95
283093.41
134779.83
226181.45
225603.95
145288.34
142312.41
143982.16
158950.88
352945.75
217265.22
221293.83
346268.38
261350.84
372784.16
405136.59
405320.28
641064.38
612307.31
249670.66
392419.88
294040.50
380798.19
264417.97
406968.16
280627.25
287603.25
448872.12
286468.97
347010.03
135908.05
143546.80
178262.16
303866.59
150391.47
148295.98
296417.06
370886.28
324535.69
299416.50
207491.69
224987.17
307869.16
175663.62
173252.27
215217.72
153004.77
149417.45
108519.50
127426.45
89677.69
144546.23
126959.93
115542.04
128999.98
167597.97
207577.81
134736.31
144328.28
180926.45
156953.34
218101.59
186598.28
150086.88
196573.02
158412.45
216164.86
219192.91
279037.69
170018.81
145142.73
267870.25
352944.97
285196.19
200347.31
283931.91
207216.58
179773.23
133032.48
102768.77
173060.62
139142.30
159783.34
80447.12
59110.75
75001.78
64035.08
132904.05
90390.03
78665.16
111710.18
113655.48
174469.83
111898.23
88431.94
163325.66
93220.17
85328.84
101810.51
82363.37
110699.44
158846.69
88584.90
95575.14
139089.47
104654.47
95807.59
125587.35
176110.66
119937.88
81776.34
65860.17
70614.32
30710.99
43549.63
55483.19
100006.48
61442.58
67223.58
46867.08
51097.12
80247.14
55781.90
