6.930
6.950
6.870
6.890
6.880
6.970
6.960
7.020
7.030
7.080
7.320
6.650
6.650
6.680
6.660
6.780
6.840
6.850
6.830
6.980
6.980
6.930
6.890
6.810
6.730
6.610
6.540
6.680
6.670
6.610
7.300
7.540
7.540
7.630
7.830
7.910
8.020
7.900
7.870
8.050
8.030
7.930
7.960
7.580
7.640
7.700
8.560
8.650
8.700
8.700
8.900
8.830
8.840
8.990
9.030
9.020
8.710
8.640
8.610
8.860
8.860
8.760
8.710
8.300
8.240
8.310
8.300
8.270
8.330
8.370
8.450
8.430
8.590
8.570
8.570
8.540
8.660
8.760
8.810
8.830
8.690
8.660
8.750
8.640
8.610
8.480
8.450
8.520
8.570
8.650
8.620
8.610
8.700
8.650
8.660
8.730
8.790
8.860
8.840
8.900
8.960
8.980
9.010
9.040
9.000
8.810
8.800
8.840
8.810
8.870
8.930
9.020
9.080
9.150
8.980
8.900
9.030
9.110
9.190
9.260
9.270
9.120
9.210
9.300
9.390
9.410
9.730
10.160
10.330
10.290
10.130
10.000
10.550
10.230
10.050
9.690
9.610
9.380
9.230
9.350
9.340
9.390
9.500
9.590
9.680
9.660
9.590
9.350
9.410
9.210
9.360
9.440
9.630
9.510
9.560
9.520
9.470
9.460
9.410
9.280
9.000
9.010
9.040
9.000
9.050
9.070
9.060
9.030
9.090
9.040
9.170
9.190
9.180
9.170
9.190
9.380
9.640
9.650
9.420
9.530
9.470
8.990
8.990
9.220
9.220
9.010
8.870
8.910
8.960
8.900
8.700
8.250
8.260
8.410
8.600
8.590
8.250
8.050
8.240
8.280
8.280
8.290
8.550
8.550
8.550
8.760
8.790
8.860
8.890
8.850
8.620
8.880
9.050
9.190
8.940
8.900
9.150
9.360
9.500
9.430
9.500
9.600
9.600
9.750
9.660
9.520
9.790
9.880
9.700
10.280
10.710
10.650
20.450
20.540
21.190
20.620
19.410
18.420
18.280
17.960
17.780
17.770
18.120
17.710
17.690
17.590
17.790
18.140
18.200
18.560
19.190
18.770
18.360
19.130
19.000
19.490
19.950
19.880
19.910
19.870
20.100
20.530
20.030
20.490
20.330
20.300
19.670
19.650
19.800
19.180
20.050
20.150
20.700
20.490
20.030
20.100
20.000
19.510
19.320
19.380
18.330
18.330
19.400
21.150
20.120
22.100
21.360
20.200
22.480
22.150
21.620
21.760
22.900
22.930
22.940
22.100
21.960
22.230
23.050
22.190
22.200
22.180
22.080
22.000
22.400
22.520
22.010
22.100
22.250
21.400
20.800
21.260
20.570
22.860
25.400
23.090
20.990
19.090
18.780
18.650
18.650
18.600
17.920
17.920
18.250
18.700
19.280
19.040
19.400
19.020
18.810
17.150
17.720
17.350
17.550
16.620
16.490
17.200
16.810
15.500
15.350
14.780
14.690
14.490
14.350
15.530
15.580
15.700
16.140
15.990
16.120
17.220
15.900
15.590
17.330
16.480
17.600
17.310
15.950
15.010
14.010
15.320
16.410
15.610
14.190
12.930
12.270
13.000
12.900
13.650
13.450
14.940
14.590
15.110
15.000
15.600
14.900
13.620
13.080
13.300
13.570
12.350
12.690
12.800
12.490
11.550
11.230
12.450
12.830
12.290
12.480
12.540
11.960
10.950
10.160
10.140
9.220
8.380
7.620
8.470
9.410
10.450
11.610
12.900
14.400
14.070
15.630
17.400
17.360
17.510
19.180
20.430
20.340
20.630
22.540
22.610
22.600
22.520
20.980
21.360
22.900
22.260
21.130
20.300
18.460
16.780
16.520
16.960
16.680
15.160
14.390
14.370
14.160
13.950
14.110
13.750
13.190
12.760
11.600
11.640
11.120
10.410
10.370
10.780
11.490
11.040
10.730
10.460
10.970
10.960
10.820
10.540
10.330
9.950
10.420
10.520
10.510
11.320
11.740
11.150
10.340
10.270
10.270
9.670
9.610
8.990
8.950
9.070
8.760
8.800
8.730
8.910
9.160
9.120
8.930
8.280
8.090
8.100
7.980
8.000
8.220
8.400
7.870
7.870
8.190
8.050
7.520
7.340
7.350
7.200
6.740
6.590
6.610
6.470
6.180
6.080
5.930
5.920
5.820
5.920
6.060
6.100
6.050
6.190
6.270
6.310
6.230
6.270
6.020
6.150
5.990
5.870
5.690
5.990
5.950
5.970
5.780
5.680
5.830
5.670
5.610
5.590
5.590
5.400
5.380
5.440
5.560
5.580
5.540
5.400
5.410
5.720
5.840
5.910
6.020
6.040
6.020
6.000
5.900
5.760
6.000
5.940
6.160
6.150
6.240
6.220
6.340
6.440
6.200
6.280
6.180
6.110
6.110
6.040
6.140
6.100
6.330
6.150
6.090
5.990
5.920
5.870
6.070
6.260
5.690
5.950
5.880
6.380
5.880
5.630
5.440
5.450
5.510
5.530
5.470
5.410
5.370
5.350
5.360
5.280
5.240
5.310
5.270
5.230
5.150
5.370
5.400
5.450
5.250
5.180
5.190
5.180
5.130
5.110
5.030
4.920
4.880
5.020
4.990
5.140
5.210
5.110
5.080
5.060
5.000
4.980
4.910
4.930
4.960
4.900
4.850
4.810
4.860
4.840
4.810
4.740
4.870
4.830
4.840
4.870
4.790
4.690
4.640
4.770
4.760
4.740
4.690
4.730
4.690
4.640
4.590
4.570
4.600
4.650
