-0.010
-0.050
0.080
0.400
0.040
0.010
-0.060
0.000
0.090
0.000
-0.120
0.010
0.010
-0.050
0.120
0.190
0.000
0.030
-0.090
0.030
-0.030
0.100
0.040
0.040
0.050
-0.250
0.000
0.010
0.050
0.110
-0.370
-0.100
0.040
-0.050
0.040
0.120
0.010
-0.130
-0.250
-0.330
0.010
-0.100
-0.110
-0.040
0.030
0.170
-0.010
0.040
-0.020
-0.060
-0.130
0.020
0.110
0.030
-0.040
-0.030
-0.070
0.010
0.060
-0.050
0.020
-0.070
0.170
0.140
0.080
-0.150
-0.050
-0.080
0.010
-0.100
0.190
-0.110
0.050
-0.080
0.000
0.090
0.010
-0.130
0.260
0.100
-0.020
0.080
0.000
-0.020
0.020
-0.060
-0.030
0.040
-0.070
0.050
-0.030
0.110
0.020
0.040
-0.080
0.000
-0.050
-0.060
0.010
0.020
0.020
0.030
-0.050
0.050
-0.070
0.040
0.010
-0.070
0.060
0.070
-0.080
-0.100
0.000
0.090
0.000
0.000
-0.050
-0.090
-0.040
0.000
-0.080
0.010
0.090
-0.050
-0.010
-0.060
-0.060
-0.030
-0.210
-0.070
0.350
-0.150
0.030
0.060
0.260
0.010
0.110
-0.280
-0.080
0.000
0.020
-0.100
-0.030
-0.060
0.290
-0.040
0.120
0.150
0.020
-0.050
0.020
0.040
0.010
-0.080
-0.010
0.050
0.030
-0.020
0.030
0.050
-0.080
0.040
-0.130
0.110
-0.050
-0.020
0.230
0.000
0.020
0.000
-0.090
0.040
0.000
0.010
0.120
-0.040
0.010
-0.090
0.020
-0.060
-0.010
0.030
0.120
0.000
-0.040
-0.010
0.020
-0.110
-0.020
0.160
-0.060
0.030
0.060
-0.020
0.130
-0.180
-0.120
-0.040
-0.030
0.030
-0.020
0.030
-0.010
0.000
-0.060
-0.120
-0.100
0.260
-0.040
0.020
0.170
0.160
-0.120
-0.060
0.100
0.100
0.050
0.020
-0.010
0.080
-0.110
0.040
-0.050
-0.460
0.120
0.000
-0.330
0.050
-0.180
0.020
0.150
-0.050
-0.050
0.080
0.030
-0.020
0.090
0.200
-0.050
-0.060
0.140
-0.030
0.010
0.040
0.060
0.080
-0.140
-0.060
0.010
-0.210
0.170
0.080
-0.120
0.170
-0.120
-0.340
-0.060
0.070
-0.110
-0.010
0.210
-0.030
0.250
0.420
-0.110
-0.100
0.020
-0.250
0.010
-0.080
0.140
-0.430
-0.410
0.180
0.940
-0.540
0.280
-0.240
-0.130
-1.060
0.350
0.980
0.490
0.480
0.530
-0.070
0.310
-0.730
0.370
0.250
-0.760
-0.310
0.340
0.050
-0.700
0.320
-0.030
0.470
0.140
0.230
-1.260
0.320
-0.490
-1.380
-0.440
-0.090
-0.410
-0.040
0.690
0.680
0.230
-0.040
0.440
0.220
-0.320
-0.020
-0.450
0.090
0.570
0.210
0.010
0.000
0.380
-1.330
-0.070
0.360
-0.110
-0.430
0.480
0.280
-0.230
0.010
0.750
0.050
-0.410
0.280
-0.210
-0.070
0.220
-0.290
0.490
0.120
0.480
0.520
0.300
-0.330
-0.110
0.210
-0.330
-0.130
0.020
0.250
0.530
0.100
0.420
-0.010
0.180
0.570
-0.450
0.140
-0.340
0.180
0.420
0.140
-0.270
0.920
-0.760
-1.120
-0.130
-0.130
0.660
0.740
0.250
-0.330
-0.910
-0.330
0.730
0.890
-0.220
-1.150
-1.270
-1.230
0.190
0.480
-1.480
0.020
0.620
0.540
0.200
0.120
0.970
0.430
-0.200
-0.300
0.880
-0.770
0.070
-0.530
0.510
-0.650
-1.440
-0.350
0.520
-0.130
0.070
1.300
1.180
0.570
-0.010
1.020
0.930
-1.030
-1.150
-1.270
-1.420
-1.570
0.600
-1.690
-1.800
0.290
0.240
-0.030
-0.890
-0.290
0.470
-0.670
-1.220
-0.490
0.280
-0.240
-0.880
-0.790
0.630
1.320
-1.050
2.050
0.900
0.330
-1.830
0.960
0.880
-0.500
-0.580
1.850
0.060
-0.590
1.750
1.590
1.440
1.310
1.190
1.080
-0.190
0.230
-0.020
0.650
0.020
0.250
-0.340
0.070
-0.060
0.260
0.270
-0.320
-0.120
0.190
0.280
0.050
0.320
0.130
0.030
-0.020
-0.110
0.100
0.070
-0.200
0.140
-0.240
0.020
-0.240
-0.060
0.100
-0.010
0.090
0.240
-0.140
-0.020
-0.450
-0.030
0.100
0.070
-0.180
-0.110
0.450
-0.060
0.120
0.010
0.020
-0.060
-0.060
0.070
0.120
-0.070
0.190
0.260
-0.070
-0.020
-0.060
-0.020
0.000
-0.200
0.010
0.030
-0.050
0.060
0.060
0.170
0.010
-0.200
-0.180
0.090
0.060
-0.090
-0.180
0.100
-0.160
-0.110
-0.080
-0.010
0.050
-0.020
0.180
0.070
-0.080
0.080
-0.010
-0.070
-0.050
0.020
-0.120
-0.280
0.090
0.050
0.040
-0.170
-0.190
0.060
0.130
0.010
0.140
-0.090
-0.010
-0.040
0.010
-0.330
-0.020
0.150
-0.060
0.100
0.030
0.030
0.140
-0.160
-0.140
-0.060
0.330
-0.030
-0.120
-0.050
-0.030
0.380
-0.150
0.050
0.050
-0.110
0.230
0.020
-0.230
0.060
0.200
-0.310
0.010
-0.120
-0.120
0.090
-0.070
0.140
0.330
-0.080
0.330
