119361.57
112268.46
98634.89
94229.07
106424.43
80066.30
169496.42
173214.41
227091.16
134738.38
152987.61
89022.53
77627.70
43427.04
65463.52
81465.89
53754.40
64045.22
62607.94
94464.49
77376.58
120480.40
97324.16
62395.14
57963.77
94100.34
53283.97
111936.16
140408.02
81585.25
93994.04
101498.86
109095.82
123348.39
128742.18
132781.67
262631.56
157720.55
248940.98
141304.75
252398.73
60239.97
118650.04
91333.94
151902.64
263331.59
127783.18
70269.14
82453.03
49670.92
62648.43
60812.37
79934.17
156373.53
109215.31
74825.02
53368.96
58892.81
53749.95
54758.66
53249.56
58953.70
98398.26
89397.98
57928.32
46890.17
36665.00
44917.81
40162.87
42296.10
40138.80
52562.62
113444.45
43072.62
63663.42
158697.95
48399.01
53849.00
38558.64
46227.12
62804.86
50512.25
85838.81
133771.27
65911.04
33709.48
55179.37
67061.80
59254.87
78299.90
78752.42
63107.52
88357.98
65166.06
74741.78
122167.40
259951.98
443568.22
79342.48
86216.96
76479.22
91047.71
91799.49
139806.81
146374.00
100726.88
98427.20
170471.69
151719.45
187375.30
211824.34
154552.67
232655.28
145954.81
201705.34
67217.85
112084.25
114283.54
197804.94
78368.11
73850.59
85376.54
54342.73
69225.22
76200.44
105695.30
161343.30
249503.80
123684.06
105304.31
77009.77
95421.76
162306.36
72725.88
82545.28
115864.98
50456.67
71612.45
56610.26
78836.81
119364.84
74874.05
84843.70
64777.37
68701.73
90899.53
98005.58
148058.61
203237.14
130506.33
162786.41
218026.11
385626.19
108024.10
103732.53
117874.94
140954.34
249243.38
109479.10
94094.42
109481.45
77429.91
135954.84
291540.28
105081.56
191284.03
159997.27
218243.48
193068.12
99193.11
163115.03
142271.17
200859.38
143617.84
115491.27
165361.05
100092.71
100400.57
144459.02
140144.59
289461.56
418560.03
218016.53
257270.62
396960.19
231334.77
409900.12
444279.41
218038.89
239062.78
233583.47
283205.72
415853.09
370012.81
379828.78
558401.38
322461.34
393448.91
321773.28
297806.34
399879.12
457008.16
532866.75
827221.88
748770.56
580375.88
427815.66
646461.50
855042.44
555472.31
786505.50
719776.88
572792.00
624052.88
583427.94
670399.69
889227.62
905620.19
1459299.25
1079608.38
852120.12
679154.44
1266514.00
980296.50
849291.06
1159486.75
1563517.62
922013.31
428117.44
383317.84
506292.53
868386.00
288482.19
125675.67
88424.87
77184.11
212343.12
188640.77
204871.00
243410.88
125243.01
66248.52
117009.58
108983.05
123862.46
118027.24
136789.81
159214.72
418498.22
235386.73
488800.12
296044.34
164994.97
243069.84
183445.58
206173.92
203671.30
203486.41
254187.91
274872.16
193177.55
231898.55
181001.20
148671.45
190753.69
154018.94
165020.30
192809.59
294415.78
264178.53
275328.06
205261.31
90005.80
125089.10
182857.23
74564.51
102887.64
101784.12
168329.44
167877.81
228303.56
234000.38
230603.91
142425.33
179693.58
164124.73
279752.41
223192.28
256915.38
234963.14
182157.25
319213.69
302204.94
257647.89
250932.73
513658.28
136459.50
257840.58
146197.45
129040.11
161523.45
154469.89
198717.94
184941.30
130557.08
164253.05
191958.19
212031.59
225492.98
224836.59
200142.84
309979.72
210084.91
254770.09
258825.80
288942.22
69353.00
234778.41
379626.06
254128.19
235116.59
509192.31
270334.88
493830.72
293878.75
516797.53
376179.12
227568.06
272709.56
302024.66
453821.78
189316.34
186735.48
162345.97
154328.00
151629.67
210919.27
286699.28
232974.41
408539.62
446400.00
282785.75
415575.06
565861.94
466759.50
485552.91
698634.62
612537.38
378965.62
541313.94
382528.62
214619.84
390692.59
307949.75
303576.19
448594.09
351348.53
622557.75
624270.50
428937.25
357690.62
430670.56
162201.36
229704.06
156047.45
204100.28
246470.36
314978.91
343042.94
269041.00
276160.84
350282.94
257689.11
532854.75
283254.34
241853.80
232765.55
228457.59
205926.56
140312.91
145848.77
53795.03
71611.66
60026.27
122893.50
96569.73
117906.18
158622.02
115734.49
123090.40
186516.41
149144.16
140415.50
163502.30
99794.09
139248.81
232010.77
138257.30
162742.69
244711.55
159765.67
193012.72
237049.66
204030.66
273146.44
207618.06
203335.11
275701.81
221789.44
303208.75
376171.84
338899.03
372245.12
336772.44
227339.53
323937.62
413751.22
264518.28
162499.02
266185.19
298729.31
261200.03
254886.16
298702.06
264563.31
412950.31
380818.94
549395.31
555867.12
477265.00
371630.75
472946.72
407442.22
408301.88
494630.00
780660.00
544503.75
267133.03
404895.62
1074660.62
447324.41
699683.25
631606.44
480493.66
529649.62
613604.38
592913.81
463157.25
418260.34
403237.19
399959.84
403103.62
409160.34
465815.31
571393.00
566248.19
610595.88
399669.84
533493.31
458655.50
736865.38
746149.00
657335.25
869126.31
778122.31
620977.06
591972.88
888997.88
875736.56
932503.56
785083.62
706645.75
648387.31
813084.50
720447.50
858167.19
508893.12
644862.31
683448.06
501230.28
440021.81
316046.22
362503.91
531750.00
321939.62
333904.06
379211.44
470336.88
503993.75
540900.88
638648.38
799789.62
683583.69
516584.97
467586.06
493057.91
310216.38
394710.34
485338.75
411195.19
401981.88
508711.31
543182.94
487245.16
516586.41
485121.34
376990.19
460550.78
529200.81
625500.81
501320.66
707613.50
548403.81
572044.62
411944.62
419716.78
415722.75
563402.12
540010.94
196561.73
256948.30
284603.75
378393.78
245863.14
353606.72
269936.50
273648.72
410290.62
406250.62
350885.22
375024.56
305107.88
278259.81
375465.38
404972.22
396134.44
567421.81
359856.38
403177.34
576558.31
352760.81
212556.88
378885.03
191889.78
172275.84
149601.80
161906.31
249374.72
221607.86
199753.67
402358.03
302120.88
401990.88
208482.20
162302.48
129657.88
128100.83
175125.38
117569.68
122849.14
151405.72
181234.52
233731.27
278768.62
199418.34
174146.59
178754.05
157071.73
136441.16
116390.92
167720.33
328816.06
233627.00
299216.66
243611.09
241198.03
341875.34
233118.84
238648.86
231599.02
345969.66
251333.36
298498.78
324350.88
320179.31
186997.73
186535.98
363358.97
278356.88
161493.27
197289.75
179642.55
110036.07
86846.13
102923.84
70774.31
129081.75
73159.65
153492.66
112792.90
285080.72
113065.70
173598.16
156776.89
179049.31
377466.12
154475.23
171031.06
157707.23
210958.34
163339.55
102346.13
90362.78
133233.48
165327.47
135069.34
131760.94
226757.05
234192.28
297212.62
266666.44
302948.72
246543.59
399512.97
243206.44
233750.30
452670.12
175358.84
234555.94
225894.75
188017.02
195506.14
215213.11
143333.55
155782.78
328073.31
291874.06
384492.06
291487.31
247316.50
255223.23
428855.81
440754.59
280217.59
234934.81
175071.44
117055.67
91500.13
114128.19
189543.16
181190.05
248472.00
208285.03
203237.36
238906.69
205919.56
217244.81
292680.81
243519.05
243780.09
346201.41
126075.39
193238.55
153338.62
150493.91
130764.29
178455.38
164453.52
230439.30
166539.41
154209.16
100746.49
92003.82
106943.07
106630.85
78027.42
65707.95
72782.40
105016.89
179562.31
87122.92
76885.66
103733.70
120210.57
135899.62
