17.600
17.570
17.420
17.560
17.450
17.210
17.200
17.370
16.950
16.760
17.110
17.560
17.630
17.670
17.670
17.290
17.110
16.850
16.920
17.160
17.360
17.140
16.600
16.530
16.000
16.160
16.700
16.830
16.370
16.100
16.300
17.450
18.200
18.450
18.500
17.800
18.270
17.920
18.990
21.100
22.660
22.350
22.330
22.160
22.390
23.130
23.800
22.900
22.980
23.210
21.590
22.630
21.090
20.930
21.670
21.030
21.080
20.770
20.680
20.510
20.710
21.230
21.100
20.960
20.900
21.010
21.910
22.300
22.290
22.260
22.210
22.530
23.090
23.080
23.210
23.220
23.080
23.350
23.090
23.380
23.450
23.800
23.640
23.360
23.280
23.610
23.640
23.630
23.740
23.370
23.070
23.200
23.020
22.610
22.970
23.100
23.410
23.600
23.430
23.420
23.420
23.140
23.110
23.220
23.100
23.120
22.950
23.020
23.230
22.720
22.600
22.710
22.000
21.660
23.700
24.740
24.760
24.970
25.050
25.130
25.560
25.350
25.160
25.080
25.010
25.130
25.410
24.810
25.500
25.970
26.200
26.100
26.020
25.740
25.320
25.200
25.110
25.520
27.880
28.980
29.070
29.160
29.520
29.850
30.010
29.920
29.980
30.270
29.800
30.100
30.420
29.980
30.000
30.000
30.180
30.530
30.170
30.260
29.640
29.800
29.410
30.280
30.130
30.460
30.290
30.550
30.580
30.200
30.350
30.350
30.000
30.150
29.720
29.670
29.940
29.950
29.570
29.490
29.770
29.910
29.960
30.000
29.610
29.300
29.340
29.400
29.230
29.310
30.000
30.200
30.090
30.100
30.120
29.820
30.120
30.130
31.750
31.670
31.780
31.020
31.700
31.580
31.300
31.300
31.400
31.300
31.200
30.900
31.800
31.550
32.550
32.230
32.390
32.550
32.890
30.950
30.170
30.770
31.500
31.210
30.400
30.970
30.260
30.190
30.170
28.910
30.350
30.050
31.020
33.600
33.250
33.710
34.450
34.340
34.690
34.220
35.110
35.520
35.730
34.200
34.280
34.440
34.250
35.110
34.980
34.060
34.510
35.600
35.600
35.810
35.330
33.800
34.500
31.900
32.120
31.460
32.800
32.720
30.600
30.480
31.210
34.200
34.320
34.660
32.600
31.380
31.120
28.100
27.600
28.510
27.600
28.700
28.500
29.020
27.090
27.600
27.010
27.010
26.590
26.500
25.660
27.030
27.450
27.190
29.530
31.380
31.500
30.000
30.380
29.800
29.980
29.700
29.540
30.100
30.010
30.950
34.150
34.060
35.790
35.350
35.600
34.660
35.980
35.360
35.000
36.870
36.000
35.110
35.910
35.330
37.000
35.520
34.030
33.000
28.810
26.020
25.510
25.770
24.600
23.600
24.210
24.500
23.610
25.000
24.260
26.700
24.170
22.600
24.820
26.600
29.470
31.620
32.000
32.800
32.050
32.420
30.900
30.200
28.660
30.650
30.500
29.450
30.100
29.400
29.100
32.270
35.860
39.840
44.270
48.880
47.600
46.700
46.060
45.120
44.510
45.300
45.400
45.040
46.010
46.000
45.000
45.650
43.500
44.410
44.480
43.780
44.770
46.020
46.210
46.160
44.630
46.020
43.880
47.720
52.990
49.510
48.610
49.160
49.080
48.640
48.800
53.070
52.060
51.410
52.220
52.980
51.880
47.690
44.900
42.700
39.080
38.260
40.500
40.010
39.000
37.190
93.600
103.680
114.000
101.020
112.240
124.710
138.260
150.110
150.000
154.920
172.130
165.000
178.530
198.370
202.830
206.520
189.890
193.280
207.810
219.500
216.580
228.000
216.050
209.480
191.000
188.880
205.000
209.440
210.010
210.140
218.500
233.000
248.000
237.150
215.000
224.000
224.970
225.030
204.000
192.000
181.000
172.170
164.000
170.800
168.900
147.840
141.000
148.000
140.800
152.030
141.990
129.000
128.660
139.820
137.980
146.000
155.880
154.000
139.000
121.450
130.000
135.750
124.220
123.500
118.510
114.930
116.990
121.500
118.240
128.180
122.080
117.360
108.000
102.990
97.330
105.500
99.800
90.030
86.800
84.020
87.000
80.280
82.050
85.000
85.000
85.000
78.010
73.710
72.150
74.040
77.110
69.000
69.040
70.610
68.000
63.700
66.500
65.650
69.010
70.780
68.660
66.020
65.730
66.600
70.600
73.010
67.250
64.100
68.600
68.000
65.850
62.700
59.980
59.220
58.260
58.600
55.380
54.400
50.010
48.000
43.410
42.880
45.100
43.410
47.420
51.400
51.500
50.180
49.190
54.650
58.500
62.380
61.330
62.490
59.240
55.110
53.080
52.000
52.910
58.790
63.000
61.000
59.320
59.400
58.000
55.800
55.960
56.280
52.700
50.900
47.400
47.180
49.000
47.400
45.180
44.800
46.300
43.110
43.200
43.030
41.200
39.550
40.390
40.140
41.860
41.200
39.800
39.620
38.600
36.900
36.490
36.110
37.300
38.300
36.810
35.650
37.680
38.430
38.290
37.630
38.300
38.100
39.820
40.300
39.800
39.520
39.000
38.000
37.910
38.300
37.000
36.980
37.330
37.200
34.680
34.400
34.620
34.510
34.280
34.960
34.500
34.740
33.760
32.960
32.410
32.800
33.550
33.010
34.000
32.220
31.570
32.000
32.310
31.840
31.000
30.670
30.400
31.080
31.600
31.010
30.730
29.610
28.990
29.140
29.510
30.440
30.260
30.510
29.010
28.010
28.820
29.060
28.380
27.580
28.600
29.000
29.040
28.500
28.800
28.730
29.000
31.000
30.790
