7.210
7.210
7.220
7.210
7.200
7.260
7.230
7.260
7.220
7.140
7.260
7.360
7.360
7.360
7.280
7.280
7.270
7.240
7.250
7.360
7.510
7.470
7.380
7.600
7.540
7.640
7.760
7.700
7.580
7.450
7.450
7.630
7.530
7.420
7.470
7.400
7.390
7.360
7.230
7.230
7.330
7.230
7.190
7.210
7.210
7.220
7.120
7.080
7.320
7.410
7.270
7.370
7.350
7.290
7.380
7.480
7.580
7.520
7.500
7.470
7.620
7.780
7.780
7.830
7.880
7.820
7.830
7.780
7.710
7.730
7.790
7.850
7.880
7.830
7.710
7.660
7.520
7.490
7.400
7.610
7.630
7.670
7.660
7.710
7.600
7.700
7.800
7.860
7.900
7.950
7.960
8.080
7.960
7.890
7.980
7.970
8.000
8.050
8.050
8.000
7.970
7.900
7.930
7.970
7.970
7.860
7.980
7.950
7.910
7.900
7.980
8.090
8.020
7.990
7.950
7.960
8.210
8.310
8.430
8.420
8.520
8.520
8.480
8.550
8.300
8.230
8.180
8.150
8.330
8.330
8.400
8.420
8.390
8.350
8.130
8.120
7.910
8.050
8.160
8.300
8.190
8.100
7.950
8.030
8.230
8.130
8.240
8.310
8.260
8.210
8.220
8.310
8.280
8.310
8.300
8.260
8.400
8.500
8.420
8.390
8.100
7.640
7.590
7.600
7.610
7.650
7.610
7.590
7.680
7.770
7.920
7.830
7.780
7.710
7.900
7.880
7.860
7.900
8.140
8.180
7.930
7.970
7.830
8.030
7.960
7.850
7.460
7.520
7.730
7.620
7.460
7.450
7.280
7.200
7.220
6.920
7.060
7.120
7.200
7.110
7.170
7.070
7.100
7.190
7.110
7.000
6.810
6.600
6.730
6.710
6.730
6.710
6.810
6.780
6.830
6.790
6.700
6.740
6.710
6.510
6.400
6.420
6.370
6.370
6.350
6.330
6.510
6.500
6.410
6.710
6.630
6.700
6.620
6.400
6.380
6.410
6.470
6.440
6.500
6.300
6.370
6.320
6.280
6.340
6.260
6.060
6.140
6.160
6.150
6.070
5.960
5.880
6.090
6.130
6.130
6.150
6.210
6.200
6.090
6.090
6.130
6.380
6.440
6.510
6.470
6.400
6.440
6.220
6.090
6.150
6.090
6.300
6.290
6.370
6.220
6.320
6.280
6.530
6.480
6.480
6.380
6.630
6.670
6.650
7.010
7.160
7.140
7.050
7.030
7.040
7.150
7.200
7.280
7.180
7.130
7.000
7.590
7.600
7.850
7.820
7.700
7.620
7.590
7.440
7.550
7.740
7.710
7.520
7.550
7.410
7.280
7.350
7.360
7.390
7.490
7.460
7.510
7.080
6.870
6.850
6.980
6.980
6.750
6.950
7.010
6.760
7.070
6.900
7.250
7.050
6.420
6.350
6.770
6.860
7.050
7.030
7.200
7.110
7.170
6.610
6.310
6.010
6.230
6.190
6.020
5.940
5.850
5.680
5.660
5.800
6.370
7.010
6.830
6.900
7.010
6.810
6.510
6.710
6.700
6.900
7.020
7.000
7.160
7.610
8.180
7.710
8.280
9.170
9.330
9.280
9.550
9.600
9.420
9.500
9.400
9.240
9.280
9.200
9.150
9.180
8.910
9.010
9.080
9.040
9.140
9.380
9.600
9.320
8.920
8.860
8.510
9.350
10.370
10.300
10.460
10.140
10.010
9.900
10.000
9.980
9.880
9.920
10.060
10.350
10.550
10.500
10.750
10.560
10.220
10.100
10.000
10.030
10.080
10.060
9.790
10.310
10.380
10.050
9.500
9.100
9.000
9.110
8.980
8.520
8.570
8.230
7.810
7.690
7.520
7.460
7.470
7.660
8.030
7.980
7.640
7.300
7.360
7.390
7.090
7.180
7.440
8.020
8.020
8.010
7.440
7.620
7.600
7.900
8.300
8.040
7.350
8.000
8.830
9.810
10.780
11.750
10.110
11.170
12.020
12.230
11.930
12.300
12.100
11.240
11.130
10.760
11.110
11.230
10.530
11.010
10.880
10.260
9.970
11.080
12.120
12.780
12.410
11.630
11.700
11.060
9.860
10.950
12.170
11.060
10.050
11.170
12.410
13.790
14.510
13.430
14.790
16.250
17.300
17.590
16.500
17.110
17.790
16.390
17.810
18.010
17.400
18.200
16.780
16.830
16.690
16.080
15.500
16.810
14.980
14.190
13.480
14.930
15.900
15.250
14.900
15.000
14.180
14.000
13.700
14.000
13.700
14.160
14.010
14.070
24.900
24.460
24.150
23.500
24.200
25.950
25.380
26.780
26.880
26.160
26.350
26.850
25.920
28.370
26.400
25.660
24.270
24.010
25.540
25.500
25.800
25.260
25.380
25.300
25.280
25.000
25.130
22.500
20.830
20.000
19.830
19.860
19.690
18.320
16.900
16.100
15.900
15.990
15.850
15.450
15.850
15.700
15.580
14.700
14.660
14.310
14.550
14.910
13.970
13.800
13.710
12.870
12.550
12.500
12.350
13.100
13.540
13.130
12.600
13.240
13.500
13.780
13.890
13.650
13.850
13.500
11.790
10.880
10.580
11.620
11.350
11.850
11.760
11.800
12.300
12.550
12.350
12.260
12.300
12.200
12.540
12.250
11.940
12.020
11.500
11.460
11.160
11.950
12.100
12.000
12.100
11.200
10.800
10.580
10.650
11.020
10.700
11.130
10.560
10.090
9.990
10.070
9.540
8.770
8.720
8.800
8.570
7.540
7.450
7.380
7.230
6.880
6.680
6.840
6.680
6.620
6.860
6.900
6.900
7.130
7.010
7.060
6.810
6.760
6.690
6.550
6.380
6.360
6.500
6.600
6.580
6.560
6.520
6.810
6.900
6.960
6.780
6.890
6.770
6.670
6.650
6.490
6.400
6.490
6.500
6.510
6.510
6.660
6.450
6.400
6.470
6.470
6.410
6.250
6.160
5.880
5.800
5.750
5.680
5.620
5.590
5.520
5.530
5.610
5.410
5.410
5.470
5.460
5.510
5.490
5.400
5.350
5.340
5.360
5.360
5.350
5.300
5.300
5.340
5.340
5.270
5.330
5.340
5.300
5.360
5.380
5.280
5.150
5.170
5.120
5.080
5.160
5.150
5.020
4.960
4.930
4.920
5.020
5.010
5.030
