13.370
13.440
13.550
13.510
13.100
13.410
13.130
13.210
13.150
12.840
12.810
13.140
13.200
13.070
12.950
12.880
12.720
12.410
12.450
12.500
12.580
12.350
12.170
12.120
11.680
11.810
11.960
12.050
11.850
11.710
11.930
12.200
12.780
12.870
13.010
12.370
12.500
12.570
12.030
12.530
12.820
13.000
13.910
14.040
14.400
14.420
14.830
14.410
14.680
14.800
14.900
16.190
16.690
15.990
16.560
16.800
17.730
17.850
18.000
17.850
17.810
17.250
17.250
16.390
16.700
16.300
17.650
17.690
17.930
17.900
17.370
17.160
17.140
16.890
16.850
16.690
16.630
16.900
16.840
16.750
16.750
17.000
17.160
16.700
16.600
16.850
17.220
16.820
16.800
16.830
16.790
17.310
17.230
17.200
17.010
17.110
17.070
17.030
15.810
15.960
16.270
16.240
16.150
15.510
14.980
14.860
14.750
14.800
14.700
14.200
14.120
14.720
14.340
13.800
14.800
15.010
15.420
15.800
15.900
16.030
15.900
14.770
14.650
14.550
14.900
14.440
14.830
14.630
14.540
14.800
14.730
14.700
15.210
15.350
15.460
15.250
15.110
15.060
14.600
13.300
13.000
12.800
12.830
13.080
13.080
13.230
13.200
13.120
13.510
13.610
13.580
13.610
13.640
13.660
13.490
13.480
13.330
13.290
13.300
13.100
13.250
13.230
13.190
13.200
13.210
13.330
13.200
13.380
13.420
13.620
13.610
13.420
13.250
13.450
13.360
13.190
13.200
13.200
13.330
13.280
13.190
12.980
12.770
12.780
12.750
12.820
12.810
13.130
13.370
13.270
13.140
13.300
13.250
13.120
13.150
13.780
13.860
13.730
13.400
13.610
13.440
13.690
13.670
13.870
13.700
13.510
13.320
13.440
13.180
13.180
13.350
13.330
13.170
13.150
12.930
12.860
12.880
13.020
13.110
12.810
12.830
12.520
12.380
12.280
12.150
12.500
12.510
12.880
13.000
12.980
13.100
12.900
12.790
12.500
12.600
12.930
12.910
12.870
12.770
12.970
12.760
12.460
12.880
12.880
12.330
12.320
12.010
11.960
11.970
11.390
11.350
11.580
11.540
11.410
11.820
11.960
11.980
11.820
11.300
11.170
11.270
11.360
11.350
11.320
11.360
11.170
10.610
10.320
10.450
10.280
10.450
10.510
10.660
10.300
10.280
10.200
11.070
11.060
11.030
11.010
11.230
11.060
11.030
11.650
12.100
12.100
11.840
11.770
11.610
11.930
11.790
11.730
11.860
11.900
12.110
12.840
12.850
12.800
12.810
12.710
12.510
12.620
12.330
12.710
13.000
12.800
12.710
12.730
12.310
12.050
12.500
12.550
12.600
12.560
12.600
12.520
12.060
11.350
11.160
11.400
11.210
10.930
10.920
11.000
11.130
11.680
11.150
11.430
10.820
10.490
10.500
11.010
11.650
12.800
12.560
12.700
12.310
11.720
11.550
12.020
11.490
11.280
10.790
10.560
10.600
10.750
11.930
12.710
13.880
13.390
13.500
14.230
13.750
13.140
13.320
13.490
13.900
13.840
15.020
15.900
16.940
18.200
17.600
18.660
20.360
19.610
19.380
20.500
19.760
19.030
18.970
19.430
19.300
19.380
19.720
19.410
19.120
17.900
17.910
18.000
17.720
18.100
18.600
18.450
17.930
17.300
18.390
17.500
18.760
20.600
19.810
19.360
19.800
19.830
19.010
18.700
18.500
17.760
18.200
17.520
17.220
17.610
17.480
17.100
16.200
15.640
15.390
15.860
16.660
17.090
16.800
16.880
17.030
16.410
15.360
15.000
15.600
15.390
15.300
15.810
15.630
15.510
14.590
14.200
13.650
13.000
12.700
12.890
13.160
12.730
12.180
12.420
11.320
11.120
11.000
10.050
10.330
11.480
12.500
12.290
12.290
11.210
11.350
11.800
13.110
14.500
13.390
12.020
13.150
14.610
16.230
17.760
19.560
19.210
21.330
22.450
23.200
22.330
22.410
22.210
20.180
20.000
19.530
20.060
18.800
17.810
19.790
21.750
22.020
22.450
24.940
26.000
24.610
21.200
20.380
20.350
21.800
22.050
21.430
20.400
19.400
19.160
18.900
17.760
17.170
16.980
16.800
17.660
18.180
17.780
17.620
17.450
17.860
18.280
18.230
19.000
19.070
18.390
18.000
18.620
17.300
17.600
18.540
18.760
18.320
18.000
19.450
19.410
19.120
18.920
18.450
18.360
18.840
17.310
16.900
17.180
17.020
17.310
17.380
17.150
16.800
17.000
17.300
17.080
15.710
15.580
15.740
15.220
15.400
15.520
15.130
15.160
15.300
14.770
14.230
14.200
14.110
13.800
13.850
13.800
13.780
13.580
13.650
13.850
13.820
13.940
13.710
13.560
13.610
14.110
13.600
13.420
13.040
12.550
12.380
12.100
11.870
11.610
12.340
12.130
11.900
11.920
11.610
11.850
12.290
11.950
11.770
11.770
11.580
12.010
11.900
11.850
12.000
11.790
11.740
11.490
12.200
12.590
12.830
12.450
12.630
12.780
12.500
11.530
11.770
11.600
11.000
11.280
11.200
10.970
10.890
11.150
11.350
11.320
11.290
11.230
11.010
10.900
10.900
10.950
10.710
10.670
10.830
10.890
10.820
11.400
11.420
11.460
11.500
11.790
11.650
11.540
11.730
11.840
11.490
11.200
11.210
11.290
11.480
11.670
11.700
11.610
11.830
11.780
12.210
12.000
12.180
12.500
12.590
12.550
12.430
12.410
12.470
11.910
11.810
11.700
12.010
11.820
11.640
11.930
12.950
12.500
12.310
12.110
12.420
12.090
12.000
11.540
11.030
10.710
10.410
10.590
10.530
10.880
11.580
11.280
11.300
11.350
11.410
11.300
11.110
11.050
10.860
10.850
10.780
10.740
10.910
10.870
10.800
10.610
10.650
10.750
10.320
10.300
10.430
10.150
10.160
10.180
10.130
9.970
9.700
9.660
9.870
9.970
9.800
9.620
9.640
9.660
9.580
