8.080
8.010
8.120
8.100
8.000
7.980
8.080
8.190
8.160
8.130
8.120
8.220
8.220
8.140
8.070
8.190
8.060
8.040
8.000
8.020
8.210
8.330
8.230
8.280
8.320
8.240
8.360
8.290
8.130
8.180
8.080
8.050
8.200
8.190
8.190
8.100
8.020
8.100
8.060
7.910
8.060
8.040
7.670
8.030
8.540
8.640
8.740
8.980
8.730
8.860
8.780
8.750
8.760
8.670
8.590
7.800
7.710
8.100
8.100
8.260
8.330
8.300
8.420
8.510
8.320
8.420
8.450
8.220
8.320
8.240
8.090
7.970
7.950
7.890
7.750
8.220
7.930
7.950
8.050
8.150
8.120
8.220
7.890
8.000
7.840
7.720
7.750
7.600
7.610
7.550
7.680
7.570
7.600
7.500
7.450
7.530
7.530
7.530
7.610
7.640
7.670
7.750
7.700
7.550
7.570
7.270
7.410
7.280
7.380
7.180
7.210
7.050
6.960
7.140
7.220
7.180
7.830
7.740
7.730
8.150
8.350
7.460
7.450
7.280
7.270
7.230
7.210
7.210
7.430
7.440
7.360
7.320
7.360
7.270
7.330
7.390
7.160
7.070
6.940
7.130
7.120
7.040
7.100
6.950
7.060
7.190
6.900
6.790
7.040
7.460
7.510
7.700
8.030
7.860
7.900
7.520
7.720
7.950
8.200
8.100
8.310
9.170
9.090
9.220
9.160
8.890
8.800
8.790
8.380
8.300
8.230
8.510
8.940
8.950
9.110
9.300
9.190
9.100
9.230
9.160
9.000
8.380
8.340
8.210
8.120
7.430
7.210
7.520
7.500
7.430
7.500
7.630
7.460
7.400
7.200
6.870
7.040
7.180
7.080
6.790
6.690
6.600
6.880
6.740
7.050
7.040
6.760
6.750
7.320
7.780
8.650
8.790
8.400
8.150
7.950
8.040
7.700
7.580
6.990
7.400
7.310
7.450
7.810
8.680
9.640
10.710
11.900
12.890
12.090
12.200
12.000
11.050
10.490
10.240
9.950
10.020
10.800
10.080
10.140
9.860
9.670
10.020
9.650
9.600
9.960
9.680
9.060
9.130
9.240
8.880
9.000
8.880
9.030
8.820
9.130
9.380
9.300
9.290
9.540
9.340
8.470
8.530
8.400
8.090
8.210
8.450
8.250
8.120
8.220
8.200
8.230
8.030
7.880
7.670
7.600
7.410
7.100
7.030
7.160
7.150
7.400
7.290
7.390
7.400
7.380
7.100
7.150
7.120
7.140
7.240
6.830
7.040
7.100
6.950
6.860
6.830
6.450
6.580
6.540
6.450
6.430
6.410
6.600
6.510
6.380
6.310
6.000
6.110
5.960
5.960
5.900
6.060
5.960
6.080
6.070
6.170
6.270
6.180
5.970
5.940
6.070
5.810
5.660
5.680
6.100
6.150
6.250
6.470
6.570
6.550
6.450
6.310
6.240
6.250
6.360
6.710
6.740
6.740
6.670
6.770
6.940
6.950
6.620
6.550
6.490
6.520
6.450
6.640
6.600
6.710
6.680
6.700
6.650
6.800
6.830
6.820
6.780
6.780
6.720
6.570
6.610
6.680
6.750
6.530
6.400
6.470
6.610
6.770
6.880
6.800
6.700
7.040
7.130
7.100
7.180
7.250
6.860
6.870
6.790
6.690
6.730
6.700
6.660
6.910
7.060
6.770
6.780
6.850
7.220
7.270
7.190
7.230
7.280
7.120
6.990
6.940
7.150
7.060
6.700
6.640
6.810
6.380
6.550
6.940
6.840
6.490
6.460
6.420
6.460
6.310
6.370
6.390
6.220
6.100
6.080
6.150
6.010
5.980
5.950
6.100
6.180
6.100
6.200
6.080
6.130
5.940
5.810
5.800
5.940
5.810
5.630
5.810
5.510
5.430
5.390
5.400
5.470
5.410
