6.010
6.070
6.120
6.050
5.580
5.580
5.630
5.690
5.590
5.540
5.620
5.650
5.660
5.650
5.660
5.550
5.420
5.430
5.470
5.510
5.530
5.500
5.410
5.370
5.330
5.500
5.600
5.510
5.510
5.490
5.700
5.840
5.820
5.850
5.970
5.780
5.740
5.820
6.040
6.360
6.370
6.470
6.580
6.600
6.620
6.570
6.420
6.420
6.420
6.510
6.600
6.700
6.550
6.460
6.550
6.480
6.580
6.620
6.600
6.550
6.600
6.600
6.670
6.450
6.320
6.350
6.410
6.490
6.510
6.630
6.660
6.450
6.530
6.570
6.750
6.640
6.440
6.580
6.790
6.400
6.220
6.210
6.140
6.150
6.140
6.200
6.220
6.210
6.300
6.270
6.240
6.230
6.120
6.120
6.130
6.150
6.190
6.230
6.250
6.240
6.220
6.190
6.210
6.230
6.250
6.240
6.220
6.270
6.320
6.210
6.200
6.320
6.330
6.340
6.260
6.260
6.300
6.340
6.430
6.450
6.470
6.480
6.470
6.450
6.510
6.520
6.610
6.580
6.780
6.860
6.970
6.740
6.710
6.640
6.640
6.360
6.320
6.500
6.550
6.700
6.590
6.680
6.740
6.760
6.780
6.550
6.680
6.390
6.240
6.260
6.310
6.250
6.270
6.300
6.310
6.330
6.270
6.260
6.250
6.240
6.260
6.280
6.390
6.400
6.370
6.380
6.350
6.140
6.110
6.080
6.150
6.170
6.130
6.150
6.130
6.020
6.030
6.110
6.120
6.160
6.160
6.230
6.150
6.090
6.090
6.140
6.100
6.180
6.250
6.270
6.130
6.120
6.100
6.070
6.090
6.120
6.280
6.310
6.350
6.330
6.370
6.330
6.350
6.350
6.410
6.470
6.640
6.750
6.400
6.390
6.400
6.220
6.200
6.280
6.290
6.160
6.070
5.990
6.020
6.040
5.990
6.040
6.040
6.470
6.480
6.360
6.660
6.830
6.820
6.900
6.820
6.720
6.720
6.740
6.670
6.760
6.680
6.590
6.420
6.470
6.480
6.420
6.420
6.420
6.320
6.260
6.350
6.430
6.440
6.700
6.640
6.530
6.530
6.530
6.460
6.740
6.780
6.820
6.880
6.980
7.080
6.750
6.760
6.460
6.130
6.250
6.380
6.460
6.560
6.600
6.680
13.060
13.760
13.700
13.490
12.800
13.140
12.970
13.070
14.250
15.190
13.980
12.960
12.700
11.960
11.680
11.550
12.020
12.020
11.580
12.130
12.330
12.360
12.180
12.600
12.680
12.660
12.420
12.690
12.180
12.700
12.770
12.900
14.260
14.800
14.970
15.190
15.650
15.280
14.990
13.990
13.890
13.680
13.330
13.400
13.550
13.760
14.140
14.000
13.250
13.080
13.080
13.000
13.970
14.050
13.980
13.790
14.350
14.120
13.730
13.830
13.780
13.690
13.060
13.200
13.250
13.090
13.300
13.600
13.270
13.300
13.260
12.860
12.420
11.840
11.950
11.830
11.850
11.860
12.000
12.300
12.300
11.980
11.450
11.350
11.010
11.100
10.670
10.560
10.670
10.680
10.920
10.660
10.250
10.580
10.270
10.230
11.380
11.550
11.850
11.650
10.910
10.650
10.650
11.150
11.720
11.820
11.020
10.940
10.900
12.250
14.010
14.820
14.000
14.860
15.080
15.100
14.200
13.790
13.990
13.400
12.500
12.090
12.520
12.430
12.490
12.800
12.920
12.990
13.300
14.780
14.870
14.900
14.850
15.140
14.280
12.980
12.000
12.360
11.240
10.220
9.780
12.620
12.760
14.430
16.350
15.960
17.700
18.480
19.250
18.500
18.780
19.550
20.440
19.980
20.200
21.640
22.000
21.930
21.800
22.850
23.140
23.780
23.630
22.720
22.530
20.970
20.500
22.000
21.600
20.270
19.750
21.780
20.320
18.980
19.800
19.200
17.450
15.860
14.420
13.110
11.920
11.080
11.180
11.060
10.960
10.270
10.200
10.120
10.300
10.370
10.420
10.000
10.020
10.380
10.360
9.960
9.710
9.670
9.330
9.260
9.270
9.330
9.340
9.240
9.410
9.340
9.380
9.450
9.680
9.700
9.720
9.690
9.650
9.580
9.470
9.580
9.870
9.960
9.940
9.850
9.960
10.000
10.060
9.680
9.630
9.590
9.580
9.570
9.690
9.680
9.620
9.520
9.530
9.300
9.170
9.170
9.220
9.270
9.250
9.410
9.470
9.460
9.440
9.450
9.390
9.310
9.140
9.310
9.510
9.550
9.480
9.420
9.610
9.700
9.680
9.770
9.900
9.920
9.910
9.870
9.860
9.670
9.690
9.690
9.710
9.660
9.740
9.760
9.830
10.160
10.150
10.050
10.020
10.050
10.400
10.370
10.290
10.100
10.090
10.020
10.080
10.120
10.170
10.550
10.780
10.450
10.360
10.440
10.270
10.240
10.220
10.240
10.330
10.430
10.410
10.140
10.370
10.270
10.330
10.330
10.060
10.180
10.060
10.090
10.110
9.990
10.080
10.100
10.100
10.230
10.150
10.350
10.430
10.600
10.450
10.550
10.290
10.100
9.950
