5.390
5.370
5.340
5.320
5.260
5.290
5.240
5.310
5.290
5.240
5.260
5.380
5.380
5.390
5.380
5.380
5.360
5.390
5.390
5.290
5.260
5.290
5.170
5.110
5.090
5.000
5.170
5.160
5.150
5.090
5.100
5.300
5.360
5.330
5.390
5.380
5.270
5.270
5.210
5.270
5.460
5.410
5.610
5.780
5.810
5.820
5.810
5.790
5.860
5.890
5.830
6.040
6.040
6.060
6.130
6.280
6.460
6.700
6.490
6.590
6.650
6.570
6.490
6.500
6.340
6.360
6.500
6.560
6.470
6.420
6.400
6.380
6.460
6.460
6.360
6.390
6.320
6.360
6.380
6.380
6.360
6.440
6.430
6.360
6.310
6.300
6.370
6.370
6.380
6.510
6.440
6.360
6.450
6.290
6.260
6.230
6.170
6.160
6.120
6.180
6.170
6.130
6.130
6.100
6.030
6.040
6.080
6.080
6.350
6.300
6.310
6.350
6.390
6.340
6.370
6.360
6.340
6.210
6.190
6.180
6.190
6.180
6.160
6.230
6.250
6.230
6.190
6.150
6.100
6.070
6.110
6.120
6.400
6.420
6.460
6.370
6.340
6.410
6.480
6.460
6.490
6.540
6.510
6.540
6.570
6.620
6.600
6.610
6.590
6.580
6.570
6.580
6.510
6.460
6.400
6.490
6.430
6.380
6.390
6.330
6.420
6.380
6.380
6.530
6.490
6.520
6.510
6.470
6.590
6.590
6.620
6.510
6.690
6.880
6.900
6.270
6.310
6.120
6.110
6.140
6.060
6.070
6.030
6.050
6.020
6.140
6.200
6.210
6.170
6.120
6.090
6.110
6.190
6.220
6.200
6.190
6.140
6.210
6.220
6.210
6.220
6.280
6.280
6.270
6.270
6.180
6.120
6.190
6.240
6.180
6.130
6.050
6.060
5.980
5.940
6.020
6.010
6.020
6.180
6.110
6.080
6.170
6.200
6.180
6.160
6.140
6.130
6.160
6.120
6.050
6.070
6.160
6.030
6.030
6.020
5.950
5.910
5.930
5.940
5.880
5.800
5.880
5.990
5.940
6.090
6.340
6.290
5.740
5.600
5.720
5.690
5.380
5.270
5.500
5.380
5.920
5.870
5.920
5.780
5.750
5.790
5.770
5.550
5.560
5.570
5.450
5.450
5.280
5.340
5.150
5.330
5.450
5.890
5.820
5.680
5.920
5.950
5.770
5.690
5.900
5.740
5.930
5.830
6.360
6.220
6.900
6.750
6.670
7.360
7.470
7.290
7.190
7.420
7.320
7.410
7.430
7.460
7.350
7.390
7.190
7.160
7.080
6.950
7.040
6.980
6.890
6.730
6.790
7.350
7.440
7.310
7.350
7.380
7.320
7.210
7.260
7.350
7.160
7.310
7.330
7.240
7.210
7.170
7.040
7.010
6.630
6.680
6.870
6.750
6.610
6.790
6.790
6.800
6.380
6.100
6.580
6.470
6.510
6.420
6.260
6.400
6.250
5.970
5.930
5.620
5.590
5.750
5.560
6.030
5.940
6.100
6.060
5.760
5.700
5.890
5.440
5.810
6.440
6.440
6.690
6.550
6.270
6.220
5.960
6.430
6.740
6.290
5.990
6.300
7.000
7.780
8.370
8.600
8.240
9.160
8.800
8.750
8.630
8.560
8.580
8.150
7.990
8.170
8.390
8.110
7.810
7.980
8.300
7.940
7.230
8.040
8.290
8.020
8.050
7.990
7.790
7.250
6.950
7.470
6.790
6.170
6.830
7.070
7.850
8.720
9.690
9.230
10.260
11.390
12.220
11.580
11.960
13.290
12.080
11.580
12.430
12.860
12.790
11.990
11.600
11.290
11.080
10.670
10.670
10.710
10.350
9.420
9.190
10.080
10.120
9.930
9.570
9.590
9.460
9.600
9.080
9.080
9.020
8.560
8.610
8.540
8.230
7.930
8.320
8.650
9.120
8.930
8.940
8.870
9.100
9.020
9.080
9.100
8.820
8.500
8.840
8.830
9.000
9.430
9.810
9.450
9.300
9.210
8.640
8.010
8.030
7.910
7.830
8.020
8.020
7.630
7.610
7.420
7.330
7.320
7.050
6.700
6.580
6.510
6.340
6.290
6.300
6.410
6.440
6.270
6.220
6.240
6.070
6.120
6.110
6.080
6.050
6.000
6.010
5.940
5.850
5.760
5.770
5.740
5.800
5.820
5.850
5.880
5.760
5.850
5.960
5.890
5.860
5.880
5.790
5.810
5.770
5.660
5.550
5.800
5.840
5.830
5.800
5.780
5.960
6.050
6.000
6.060
5.960
5.900
5.960
5.920
6.030
6.030
5.850
5.770
5.780
5.950
6.020
6.100
6.200
6.270
6.130
6.100
6.020
5.860
6.140
6.000
6.180
6.090
6.060
5.990
5.990
6.070
6.070
5.960
5.850
5.770
5.730
5.790
5.720
5.670
5.630
5.610
5.700
5.580
5.770
5.720
5.770
5.820
5.870
5.900
5.860
5.900
5.880
5.810
5.620
5.570
5.490
5.670
5.800
6.020
5.910
6.220
6.330
6.000
5.890
5.760
5.880
5.890
5.720
5.650
5.550
5.560
5.570
5.550
5.520
5.760
5.370
5.290
5.180
5.340
5.240
5.230
5.280
5.270
5.380
5.420
5.370
5.140
5.130
5.000
4.970
5.030
5.050
5.160
5.030
5.020
5.050
5.040
5.030
5.010
4.940
4.930
4.880
4.970
5.000
5.000
5.070
5.050
5.100
5.070
5.080
5.070
5.110
4.990
4.860
4.860
5.000
5.170
4.920
4.860
4.900
4.910
4.890
4.850
4.560
4.560
4.450
4.460
