6.360
6.250
6.200
6.260
6.220
6.260
6.110
6.170
6.180
6.080
6.050
6.200
6.170
6.200
6.130
6.110
6.100
6.050
5.910
6.040
6.090
6.050
5.930
5.910
5.860
5.800
6.020
6.040
6.060
5.980
5.950
6.100
6.270
6.270
6.400
6.290
6.190
6.280
6.190
6.130
6.290
6.170
6.430
6.700
6.690
6.800
6.790
6.750
6.580
6.600
6.510
7.020
7.090
7.140
7.500
7.640
7.570
7.960
8.080
8.000
7.600
7.450
7.630
7.480
7.390
7.930
8.230
7.790
7.520
7.570
7.150
7.060
7.040
7.090
6.930
7.080
7.010
6.880
6.950
6.960
7.180
7.480
7.400
7.440
7.550
7.730
7.510
7.480
7.460
7.600
7.450
7.540
7.520
7.590
6.900
6.970
6.910
7.150
7.190
6.970
6.810
6.840
6.680
6.500
6.410
6.500
6.390
6.510
6.490
6.410
6.330
6.190
6.150
6.100
6.370
6.390
6.540
6.500
6.450
6.450
6.240
6.210
6.180
6.120
6.100
6.180
6.270
6.310
6.170
6.350
6.410
6.110
6.040
6.080
6.010
6.040
6.160
6.180
6.560
6.460
6.510
6.500
6.430
6.540
6.760
6.730
6.990
7.000
6.820
6.830
6.790
7.040
6.940
7.010
7.430
7.080
6.960
6.890
6.390
5.960
5.810
5.820
5.780
5.760
5.770
5.740
5.870
5.830
5.880
6.010
6.010
6.090
6.190
6.070
5.990
6.090
5.900
5.730
5.790
5.850
5.820
5.810
5.740
5.640
5.650
5.670
5.690
5.690
5.830
5.780
5.760
5.700
5.720
5.670
5.750
5.730
5.960
5.950
5.880
5.920
5.850
5.810
5.800
5.770
5.760
5.790
5.760
5.760
5.870
5.900
5.870
6.000
5.930
5.910
5.940
5.970
5.780
5.700
5.720
5.770
5.730
5.640
5.670
5.680
5.670
5.620
5.680
5.770
5.720
5.960
5.890
5.900
5.960
6.030
6.090
6.070
6.160
6.220
6.170
6.220
5.850
5.840
5.880
5.900
5.930
5.790
5.660
5.610
5.640
5.580
5.550
5.440
5.590
5.640
5.600
5.640
5.700
5.700
5.740
5.650
5.630
5.950
5.900
5.950
5.990
5.940
5.940
5.910
5.680
5.690
5.690
5.690
5.720
5.830
5.730
5.690
5.690
5.940
5.980
5.910
5.950
6.120
6.330
6.090
6.620
7.030
7.110
6.910
6.680
6.760
6.810
6.920
6.820
6.900
7.090
7.190
7.690
7.830
7.700
7.640
7.970
7.290
6.970
6.800
6.930
6.910
7.040
6.700
6.670
6.520
6.320
6.510
6.600
6.550
6.790
6.710
6.840
6.600
6.350
6.190
6.360
6.520
6.320
6.490
6.800
7.240
6.580
6.350
6.540
6.130
5.810
5.650
6.200
6.100
6.780
6.480
6.560
6.390
6.480
6.340
6.410
5.830
6.000
6.060
5.990
6.040
5.870
5.890
5.600
6.050
6.290
6.990
6.930
6.840
7.310
7.170
6.970
6.690
7.200
7.020
7.110
7.240
8.050
8.040
8.930
8.670
9.240
10.250
10.350
10.470
10.430
10.980
10.660
10.920
11.320
11.430
11.860
12.710
11.550
12.830
14.250
12.960
12.940
13.160
11.970
11.690
11.800
11.790
10.720
11.660
12.940
13.470
12.520
11.740
11.900
11.210
10.330
10.130
11.230
11.690
10.630
9.660
8.780
9.760
10.840
12.040
13.380
14.850
16.200
15.160
14.090
15.670
15.930
14.610
13.280
14.750
15.390
14.490
14.030
12.750
12.290
12.440
12.420
12.960
12.450
11.450
11.620
11.810
11.640
11.080
11.630
12.130
12.400
12.450
12.290
12.760
11.600
10.720
10.360
10.260
10.690
10.670
11.180
10.870
10.450
9.960
10.670
11.340
12.020
12.420
12.530
13.300
12.090
10.990
10.610
10.880
10.690
11.040
10.040
9.130
8.780
8.450
8.350
8.370
7.970
7.900
8.070
7.900
7.900
7.980
7.940
8.200
7.790
7.820
7.670
7.600
7.720
7.700
7.580
7.760
7.800
7.090
6.900
6.790
6.810
6.680
6.560
6.490
6.330
6.480
6.530
6.550
6.500
6.470
6.330
6.460
6.310
6.270
6.050
5.990
6.020
5.800
5.880
6.130
6.210
6.300
6.150
6.420
6.580
6.610
6.760
6.920
6.830
6.910
6.870
6.400
6.270
6.970
6.990
6.790
6.990
7.000
7.500
7.910
8.000
7.270
6.610
6.210
6.090
5.960
6.110
5.550
5.370
5.460
5.280
5.610
5.540
5.670
5.730
5.530
5.300
5.300
5.400
5.140
5.020
4.940
5.090
5.200
5.170
5.300
5.250
5.290
5.130
5.210
4.740
4.570
4.560
4.760
4.590
4.370
4.450
4.420
4.020
3.870
3.850
3.890
4.090
4.090
4.160
4.080
4.090
4.200
4.080
4.050
3.990
4.010
4.050
3.960
3.930
3.900
3.930
3.870
3.820
3.820
3.960
3.950
3.980
3.940
3.990
4.000
3.970
4.020
4.000
3.960
3.970
3.960
3.960
3.820
3.830
3.800
3.780
3.850
3.880
3.800
3.540
3.610
3.610
3.640
3.540
3.610
3.350
3.340
3.350
3.300
3.310
3.360
3.290
3.290
3.220
3.280
3.240
3.260
3.300
3.230
3.190
3.150
3.180
3.140
3.140
3.170
3.200
3.150
3.130
3.120
3.030
3.040
3.070
