5.860
5.820
5.920
5.890
5.910
5.950
5.950
5.940
5.850
5.750
5.810
5.730
5.770
5.750
5.800
5.700
5.780
5.800
5.840
5.750
7.040
6.640
6.600
6.650
6.530
6.580
6.750
6.700
6.570
6.500
6.620
6.640
6.610
6.690
6.700
6.680
6.710
6.750
6.870
7.000
6.910
6.970
6.980
7.000
7.050
7.100
7.080
6.980
6.930
6.980
7.110
7.130
7.220
7.180
7.280
7.260
7.430
7.410
7.580
7.700
7.850
7.900
7.900
7.810
7.710
7.770
7.770
7.810
7.880
7.890
7.890
7.910
7.930
7.970
7.990
8.050
7.990
7.880
7.840
7.850
7.890
7.960
7.970
7.890
7.840
8.010
8.060
7.910
8.300
8.370
8.370
8.360
8.330
8.210
8.350
8.370
8.510
8.260
8.200
8.260
8.160
8.160
8.230
8.190
8.280
8.290
8.210
8.340
8.390
8.210
8.240
8.280
8.220
8.330
8.570
8.690
8.870
8.730
8.720
8.710
8.780
8.690
8.720
8.510
8.150
8.110
8.180
8.150
8.300
8.370
8.300
8.330
8.370
8.160
8.080
8.070
8.000
8.300
8.440
8.560
8.640
8.330
8.330
8.300
8.300
8.450
8.640
8.650
8.500
8.480
8.290
8.210
8.190
8.160
8.260
8.350
8.320
8.020
7.980
7.650
7.550
7.480
7.600
7.630
7.540
7.720
7.730
7.520
7.480
7.470
7.360
7.340
7.360
7.400
7.540
7.400
7.400
7.500
7.450
7.510
7.650
7.500
7.440
7.100
7.050
7.010
6.850
7.070
7.090
7.170
7.160
7.170
7.000
7.110
6.700
6.640
6.600
6.560
6.610
6.600
6.560
6.320
6.260
6.270
6.100
5.980
6.150
6.240
6.170
6.160
6.140
6.150
6.100
6.110
5.880
5.790
5.850
5.790
5.740
5.720
5.620
5.620
5.600
5.530
5.550
5.580
5.610
5.520
5.750
5.710
5.670
5.750
5.760
5.840
5.720
5.740
5.740
5.700
5.670
5.620
5.620
5.640
5.740
5.630
5.660
5.560
5.680
5.660
5.720
5.670
5.460
5.550
5.420
5.390
5.500
5.390
5.430
5.500
5.320
5.320
5.470
5.650
5.680
5.670
5.830
5.800
5.760
5.460
5.450
5.500
5.470
5.600
5.560
5.270
5.100
5.040
5.130
5.100
5.000
5.050
4.990
5.020
5.000
5.140
5.380
5.290
5.370
5.220
5.240
5.160
5.180
5.090
5.130
5.060
5.080
5.410
5.410
5.520
5.520
5.530
5.510
5.430
5.440
5.250
5.450
5.280
5.200
5.190
5.230
5.060
5.100
5.160
5.080
5.190
5.160
5.180
5.130
4.950
4.830
4.900
4.900
4.860
4.740
4.890
4.950
5.050
4.980
5.090
4.990
4.740
4.700
5.010
5.090
5.490
5.410
5.540
5.500
5.350
5.390
5.310
5.180
5.000
5.310
5.290
5.100
5.080
5.150
5.000
5.180
5.320
5.570
5.540
5.470
5.550
5.620
5.450
5.350
5.720
5.480
5.820
5.810
5.950
6.180
6.430
6.220
6.150
7.030
7.220
7.050
7.010
7.430
7.300
7.190
7.510
7.460
7.370
7.560
7.550
7.570
7.520
7.250
7.130
7.060
6.850
7.080
6.820
6.860
6.860
6.990
6.610
6.600
6.840
6.880
7.010
6.670
6.600
6.470
6.310
6.330
6.430
6.160
6.430
6.590
6.520
6.500
6.500
6.470
6.350
6.050
5.970
5.970
6.050
6.000
6.020
6.080
6.100
5.870
5.650
6.200
5.900
6.030
6.020
5.730
5.770
5.720
5.550
5.430
5.440
5.240
5.220
5.260
5.400
5.310
5.350
5.410
5.130
5.200
5.250
4.910
5.000
5.660
5.630
5.660
5.660
5.230
5.020
4.970
5.600
5.930
6.100
5.300
5.310
5.240
6.140
6.620
6.950
6.670
7.800
7.650
7.830
7.660
7.800
7.040
6.660
6.350
6.170
6.520
6.030
6.120
6.250
6.590
6.230
6.090
7.120
7.650
7.350
7.150
7.100
7.000
6.310
5.560
7.010
6.370
5.790
5.590
7.000
6.780
7.600
8.600
8.000
9.450
9.810
11.180
10.930
10.600
11.900
12.370
11.400
12.290
12.050
11.650
10.510
10.250
10.290
10.660
10.900
10.740
11.000
9.900
9.190
8.980
9.740
9.900
9.760
9.400
8.400
8.230
8.350
8.240
8.170
7.560
7.370
7.300
7.230
6.700
6.470
6.810
7.160
7.180
7.090
7.200
7.000
7.310
7.240
7.220
7.400
7.190
6.800
6.880
6.940
6.720
7.150
7.240
7.260
7.000
7.300
7.400
6.780
6.460
6.280
6.100
6.180
6.150
5.880
5.840
5.900
6.040
5.800
5.820
5.710
5.570
5.570
5.420
5.410
5.480
5.410
5.370
5.150
5.220
5.280
5.100
5.100
5.090
5.050
5.000
4.970
5.000
4.930
4.870
4.790
4.780
4.740
4.690
4.820
5.030
5.000
4.900
4.930
5.000
4.930
4.990
4.950
4.770
4.830
4.780
4.710
4.590
4.660
4.710
4.640
4.730
4.670
4.800
4.910
5.030
4.960
4.920
4.780
4.720
4.860
5.060
5.000
4.960
4.890
4.850
5.080
5.160
5.170
5.250
5.350
5.200
5.210
5.200
4.990
4.920
4.880
5.090
5.070
5.000
4.920
4.870
4.940
4.930
4.850
4.790
4.760
4.700
4.740
4.790
4.730
4.740
4.760
4.840
4.600
4.800
4.580
4.710
4.730
4.660
4.640
4.630
4.550
4.540
4.500
4.410
4.340
4.340
4.410
4.520
4.530
4.460
4.520
4.560
4.540
4.560
4.610
4.660
4.650
4.620
4.660
4.600
4.560
4.580
4.530
4.440
4.480
4.530
4.510
4.300
4.430
4.400
4.260
4.280
4.230
4.250
4.260
4.190
4.210
4.110
4.080
4.000
4.060
4.060
4.160
4.190
4.150
4.200
4.210
4.170
4.150
4.110
4.080
4.080
4.100
4.040
4.010
4.110
4.050
4.070
4.000
4.050
4.010
4.000
4.010
3.950
3.890
3.870
3.880
3.860
3.870
3.860
3.900
3.870
3.860
3.830
3.790
3.790
3.850
3.860
