22.210
22.200
21.530
21.430
21.090
21.580
21.470
21.910
22.450
22.240
21.310
21.920
21.760
20.410
20.430
20.270
20.250
21.090
21.100
19.970
19.840
19.950
19.110
19.270
19.110
18.570
20.080
20.240
20.180
20.020
19.700
20.840
21.960
21.520
22.800
22.310
20.960
21.080
20.650
20.020
20.890
20.310
22.490
23.220
23.170
24.200
22.790
21.680
22.270
20.830
20.070
20.580
21.440
23.480
23.010
23.070
25.040
26.010
26.020
28.910
26.280
24.790
22.540
20.490
18.630
18.590
18.370
17.890
18.430
17.510
17.230
17.120
17.270
17.270
17.190
17.260
17.090
17.360
17.500
17.290
17.520
18.170
18.310
18.580
18.230
17.900
18.160
17.580
17.490
17.910
18.090
17.660
17.750
17.850
17.810
17.280
17.210
17.820
17.710
17.740
18.220
18.280
17.650
17.840
17.460
16.940
17.070
16.940
17.400
17.450
17.090
18.510
18.950
18.160
16.510
15.100
14.770
14.920
14.970
14.620
14.800
14.840
14.760
14.600
14.880
14.860
15.230
15.300
15.450
14.850
14.100
14.100
14.340
13.830
13.170
13.540
13.280
13.000
13.230
13.180
13.130
12.950
12.460
12.560
13.200
13.210
12.980
13.160
13.280
13.050
12.970
12.240
12.290
12.310
12.380
12.300
12.580
12.260
12.100
12.070
12.480
12.570
12.520
12.390
12.210
12.260
12.600
12.980
13.770
13.770
13.810
13.180
13.390
13.090
13.060
12.200
12.390
12.340
12.460
13.120
13.310
13.510
13.370
13.240
13.100
13.290
13.050
12.980
13.350
13.490
13.280
12.780
12.760
12.230
12.650
12.700
12.590
12.790
12.860
12.800
12.380
11.870
11.430
11.650
11.680
11.250
11.160
11.290
11.450
11.480
11.100
11.300
11.210
10.630
10.430
11.580
11.720
12.620
12.340
12.600
12.310
12.310
12.300
12.050
11.540
11.520
11.820
11.590
11.600
11.050
11.160
10.550
11.300
11.890
13.200
13.120
12.800
13.470
13.860
13.270
13.000
13.340
12.850
13.330
12.890
14.330
14.090
15.670
15.120
15.280
16.910
17.290
17.300
17.110
17.800
17.880
18.220
18.460
18.200
17.750
18.000
17.660
17.600
17.650
17.040
16.690
16.800
17.600
18.320
18.300
18.690
18.250
17.750
18.050
18.580
20.400
19.460
19.490
19.170
18.310
18.120
17.640
18.580
17.980
17.620
18.130
18.090
18.110
17.490
17.520
16.790
16.250
15.260
15.480
16.570
17.000
16.750
17.140
16.150
15.920
15.390
14.790
16.430
16.290
16.490
16.190
15.570
15.960
15.730
15.350
14.670
13.350
13.010
13.230
12.940
13.760
12.810
13.360
12.950
12.230
12.000
12.500
11.360
12.620
14.080
14.000
14.240
13.500
12.850
12.450
13.830
15.370
16.620
15.110
13.740
15.270
16.970
18.880
20.770
20.850
20.570
22.890
22.150
20.150
19.500
19.340
19.290
17.590
17.020
16.900
16.690
15.170
16.870
18.110
18.090
16.510
17.800
19.800
19.480
18.950
17.950
18.210
16.920
15.390
15.170
16.850
16.670
15.150
13.770
12.520
13.910
15.450
17.170
19.080
21.200
23.560
22.560
25.070
27.840
26.950
24.800
26.250
29.200
29.300
32.520
31.930
30.150
28.960
28.810
26.190
24.870
25.720
25.000
25.660
25.440
23.130
21.030
20.750
22.980
23.050
21.750
20.910
20.890
20.170
20.400
19.090
18.180
18.650
18.280
18.530
17.710
17.100
16.630
17.400
17.820
18.940
17.220
17.130
17.210
18.250
17.660
17.790
17.680
17.460
16.930
16.860
16.450
16.240
16.920
17.410
17.350
17.270
17.250
18.160
18.270
17.650
17.370
17.030
16.660
16.680
16.210
16.100
16.200
16.530
15.830
15.870
16.050
15.920
15.450
15.070
14.690
14.850
15.030
14.980
14.780
15.400
15.690
15.170
15.290
15.200
14.840
14.710
14.660
14.560
14.140
13.790
13.910
14.270
14.060
14.250
14.510
14.770
13.840
13.690
13.810
13.920
14.280
14.570
14.630
14.330
14.230
13.740
13.180
12.720
13.490
13.560
13.540
13.490
12.550
13.030
13.170
13.190
13.560
13.170
13.030
13.400
13.800
14.470
14.590
14.460
15.640
17.380
16.560
15.050
15.190
15.260
15.430
15.770
15.890
15.180
14.950
14.900
15.180
14.620
14.980
14.960
14.490
13.170
12.770
13.450
13.370
14.410
14.530
14.400
13.610
13.570
13.950
14.140
13.870
14.200
14.350
13.580
13.340
13.900
12.880
12.240
12.550
12.080
11.660
12.050
11.970
12.060
12.330
12.440
12.510
12.430
12.710
12.490
12.640
12.630
11.480
11.100
11.370
11.250
11.180
11.320
12.360
12.400
12.240
12.310
12.060
12.020
12.230
12.190
12.390
11.730
11.490
11.250
11.710
11.670
11.590
11.740
12.130
12.220
12.110
12.610
12.690
13.170
11.980
11.160
10.820
9.840
9.780
9.400
9.390
9.480
9.070
9.370
9.460
9.100
9.050
8.970
8.920
9.240
8.660
8.490
8.510
8.460
8.430
8.790
8.970
8.940
8.830
8.750
9.030
