7.300
7.280
7.260
7.270
7.210
7.160
7.080
7.170
7.160
7.090
7.120
7.260
7.280
7.230
7.180
7.230
7.200
7.120
7.050
7.060
7.140
7.140
7.030
7.010
7.010
6.920
7.070
7.120
7.130
7.070
7.030
7.210
7.320
7.280
7.350
7.280
7.130
7.100
7.070
7.160
7.170
7.140
7.350
7.440
7.390
7.380
7.250
7.300
7.170
7.260
7.260
7.460
7.520
7.570
7.640
7.750
7.840
8.070
7.830
7.900
7.920
7.920
7.840
7.840
7.630
7.620
7.720
7.760
7.710
7.720
7.730
7.750
7.830
7.840
7.770
7.830
7.760
7.810
7.850
7.730
7.710
7.870
7.950
7.880
7.820
7.800
7.930
7.950
7.810
7.910
7.930
7.810
7.770
7.750
7.680
7.680
7.620
7.620
7.630
7.610
7.570
7.440
7.380
7.410
7.340
7.380
7.340
7.330
7.370
7.330
7.280
7.260
7.290
7.260
7.540
7.610
7.670
7.780
7.780
7.790
7.710
7.680
7.620
7.610
7.550
7.560
7.590
7.560
7.510
7.640
7.580
7.550
7.560
7.540
7.520
7.530
7.590
7.680
7.990
7.980
7.970
7.920
7.900
7.850
8.020
8.020
8.010
8.040
8.030
8.030
8.070
8.130
8.060
8.040
8.100
8.110
8.110
8.090
8.130
8.130
8.040
8.200
8.210
8.210
8.260
8.200
8.290
8.190
8.260
8.290
8.270
8.280
8.290
8.220
8.250
8.260
8.280
8.180
8.270
8.330
8.270
8.340
8.360
8.200
8.100
8.110
8.190
14.940
15.460
15.820
15.750
15.790
15.870
15.690
15.700
15.600
15.980
15.950
16.260
15.850
15.450
15.260
15.530
15.610
15.580
15.910
15.420
15.580
15.600
15.970
15.560
15.610
15.600
15.830
15.720
15.500
15.210
14.990
15.160
15.280
14.750
14.650
14.720
14.670
14.150
13.980
14.280
13.980
13.930
14.350
14.210
14.350
14.520
13.930
13.740
13.760
13.510
13.590
13.510
13.560
13.320
13.330
13.470
13.700
13.530
13.420
13.020
12.980
12.920
12.920
12.910
12.710
13.050
13.250
13.060
13.080
13.150
13.150
13.350
12.800
12.490
13.020
13.090
13.000
13.060
13.040
12.980
13.090
12.720
12.600
12.440
12.360
12.660
12.860
12.500
12.270
12.180
12.660
12.570
12.210
12.100
12.160
12.240
12.240
12.950
13.180
13.210
13.380
13.490
13.600
13.640
13.770
13.500
13.310
13.080
13.200
13.840
13.860
14.130
14.100
13.900
13.730
13.870
13.530
13.850
13.840
13.790
13.350
13.330
13.350
12.910
13.290
13.480
13.050
13.300
13.250
13.180
13.100
12.690
12.520
12.300
12.230
11.820
11.740
11.910
12.350
12.120
11.780
12.330
12.360
11.870
12.620
12.690
12.650
12.200
12.180
12.310
11.980
11.960
11.640
11.640
11.130
11.640
11.550
12.660
12.580
12.270
12.790
12.890
12.320
12.080
12.830
12.370
12.700
12.650
13.670
13.300
14.780
14.450
14.590
16.170
16.590
16.440
16.200
16.590
16.410
15.670
16.100
15.840
15.410
15.590
15.330
14.950
14.880
14.520
14.890
14.870
15.090
15.700
15.100
15.050
14.850
15.080
14.900
14.910
16.060
15.650
15.670
15.180
15.300
14.560
14.210
14.620
14.790
14.350
14.730
15.140
15.140
15.170
14.570
14.450
14.220
13.410
13.610
13.780
13.830
13.780
14.180
14.090
14.650
13.320
12.810
13.800
13.720
13.960
12.700
11.930
12.330
12.020
11.170
10.910
10.580
10.490
10.740
10.690
10.820
10.770
10.760
10.780
10.370
10.180
10.620
9.830
10.250
11.390
10.960
11.280
11.090
10.600
11.080
12.310
13.740
13.740
12.500
11.660
13.100
11.910
11.890
11.590
11.480
11.150
11.140
10.960
10.970
11.180
11.400
11.550
11.400
11.550
11.460
11.590
11.690
11.470
11.230
11.360
11.290
11.010
10.640
11.490
11.350
11.150
11.170
11.040
11.320
11.610
11.830
12.180
11.680
11.660
11.500
12.070
11.810
11.660
11.590
10.900
11.460
12.060
11.890
11.750
12.060
11.950
11.880
12.130
11.350
10.320
10.850
10.810
11.530
11.450
11.480
10.510
10.590
10.780
10.630
10.640
10.380
10.380
10.150
10.200
9.930
9.870
9.830
9.830
9.920
9.800
10.260
10.120
10.280
10.160
10.270
10.400
10.210
10.210
10.120
10.010
9.770
9.750
9.710
10.000
10.240
10.390
10.460
10.500
10.490
10.430
10.630
10.870
10.740
10.660
10.620
10.600
10.350
10.470
10.550
10.390
10.160
10.320
10.620
10.450
10.380
11.080
10.910
10.780
10.800
10.400
10.310
10.120
10.100
10.110
9.810
9.670
9.470
9.420
9.480
9.550
9.890
9.890
10.030
9.970
9.100
9.100
8.840
8.770
8.820
8.750
8.580
8.480
8.620
8.630
8.670
8.500
8.700
8.590
8.580
8.560
8.450
8.300
8.260
8.370
8.290
8.360
8.320
8.280
8.270
8.240
8.120
8.030
8.030
8.250
