22.440
22.220
21.580
21.590
21.380
21.930
21.800
22.480
22.470
22.300
21.990
22.650
22.400
20.640
20.740
20.520
20.920
21.170
21.500
20.160
20.320
20.000
19.320
19.430
19.190
19.930
20.700
20.750
20.440
20.120
21.130
21.860
22.060
22.660
23.300
22.360
21.400
21.350
20.670
21.410
21.000
22.650
23.500
24.700
24.090
24.860
23.150
22.700
22.450
21.470
20.880
21.750
23.440
23.860
23.920
24.550
26.840
26.880
28.970
28.910
27.270
24.790
22.540
20.490
19.480
19.690
18.550
18.270
18.480
17.580
17.230
17.200
17.350
17.300
17.430
17.350
17.340
17.660
17.530
17.620
18.180
18.540
18.670
18.680
18.450
18.300
18.180
17.730
17.960
18.020
18.470
17.780
17.880
17.870
17.880
17.450
17.980
18.220
17.850
18.480
18.270
18.480
18.070
17.950
17.770
17.280
17.080
17.280
18.100
17.700
18.200
18.780
19.770
18.160
16.510
15.300
14.980
15.070
14.980
14.890
14.930
15.050
14.790
15.250
15.020
15.470
15.500
15.490
15.550
14.970
14.230
14.370
14.450
14.050
13.590
13.580
13.290
13.390
13.280
13.480
13.220
12.970
12.610
13.380
13.330
13.220
13.240
13.280
13.280
13.290
13.070
12.380
12.420
12.450
12.860
12.570
12.690
12.300
12.330
12.420
12.640
12.590
12.650
12.390
12.390
12.730
13.020
13.830
13.850
13.970
14.090
13.410
13.460
13.300
13.100
12.460
12.470
12.610
13.260
13.370
13.660
13.650
13.380
13.480
13.350
13.380
13.110
13.420
13.500
13.610
13.350
13.030
12.820
12.660
13.040
12.700
13.120
12.870
12.970
12.850
12.610
11.910
11.800
11.920
11.890
11.390
11.450
11.600
11.490
11.590
11.610
11.680
11.270
10.800
11.580
11.960
12.560
12.630
12.630
12.600
12.370
12.500
12.590
12.080
11.670
11.880
11.900
11.700
11.670
11.390
11.290
11.280
12.080
13.260
13.380
13.250
13.720
13.890
13.900
13.380
13.680
13.480
13.690
13.500
14.100
14.700
15.350
15.760
15.610
17.290
17.490
17.400
17.330
17.910
17.990
18.500
18.600
18.640
18.270
18.110
18.140
17.790
17.940
17.710
17.230
17.150
17.590
18.350
18.550
18.950
18.780
18.450
18.240
19.060
20.980
21.200
19.970
20.050
19.380
18.600
18.230
18.880
19.380
18.030
18.150
18.580
18.160
18.450
17.820
17.710
17.150
16.260
15.590
16.420
16.990
17.330
17.500
17.410
16.460
16.100
15.490
16.520
16.500
16.660
16.790
16.200
16.990
16.090
16.230
15.790
14.670
13.780
13.540
13.250
13.700
13.800
13.290
13.470
13.000
12.390
12.980
12.500
12.240
14.460
14.190
14.750
14.370
13.800
13.460
14.180
15.080
16.620
16.620
15.110
15.690
15.800
17.890
21.050
21.970
21.540
23.300
24.370
22.150
20.220
20.410
19.800
19.350
17.700
17.450
17.500
16.690
16.540
17.950
19.420
18.150
18.400
20.480
20.790
19.640
19.290
18.550
18.610
16.920
16.050
16.600
18.310
16.670
15.150
13.770
12.520
14.690
18.880
19.550
20.900
24.300
23.660
25.730
26.490
28.760
26.950
26.460
28.720
31.700
32.510
34.000
33.000
30.990
30.910
28.810
27.000
26.380
27.030
25.600
26.150
25.440
23.130
21.200
23.200
23.680
23.550
21.800
21.270
20.900
21.460
20.800
19.390
18.450
18.800
18.510
18.640
17.760
17.150
17.290
18.180
19.600
18.940
17.420
17.420
18.300
18.300
18.180
18.470
17.870
17.770
17.290
17.050
16.630
16.910
17.500
17.590
17.580
17.300
18.230
18.360
18.300
17.680
17.380
17.580
16.930
16.780
16.400
16.330
16.590
16.540
15.940
16.060
16.290
15.940
15.500
15.080
14.850
15.160
15.070
15.010
15.390
15.780
15.710
15.430
15.440
15.650
14.890
14.850
14.690
14.690
14.240
14.000
14.450
14.320
14.510
14.510
14.890
14.830
13.990
13.930
14.150
14.250
14.500
14.960
14.800
14.440
14.590
13.760
13.260
13.280
13.570
13.850
13.710
13.750
12.910
13.440
13.480
13.520
13.760
13.260
13.750
14.050
14.480
14.830
15.300
14.890
15.640
18.090
16.560
15.230
15.330
15.630
15.850
16.120
15.900
15.210
15.110
15.380
15.280
14.840
15.710
15.290
14.490
13.180
13.540
13.680
14.450
14.620
15.000
14.560
13.770
14.200
14.210
14.700
14.400
15.060
14.590
13.600
13.890
13.970
13.450
12.620
12.690
12.290
12.050
12.180
12.300
12.290
12.500
12.600
12.630
12.850
12.930
12.560
13.030
12.630
11.540
11.320
11.410
11.360
11.450
12.370
12.490
12.450
12.490
12.580
12.150
12.280
12.500
12.350
12.530
11.810
11.490
11.660
12.100
11.780
11.850
12.130
12.220
12.300
12.580
12.730
12.950
13.180
12.280
11.600
10.820
10.090
10.300
9.580
9.470
9.770
9.450
9.420
9.780
9.470
9.170
9.100
9.180
9.530
8.760
8.670
8.580
8.530
8.860
8.980
9.160
9.000
8.890
9.260
9.030
