10.410
10.430
10.390
10.410
10.310
10.300
10.410
10.450
10.410
10.420
10.680
10.590
10.560
10.480
10.630
10.590
10.610
10.520
10.690
10.360
10.520
10.300
10.330
10.310
10.380
10.530
10.480
10.490
10.360
10.340
10.280
10.450
10.680
10.550
10.700
10.530
10.600
10.420
10.480
10.960
10.910
10.790
10.810
10.970
10.720
10.800
10.750
10.700
10.630
10.650
10.950
11.040
10.990
11.230
11.250
11.310
11.690
11.630
11.490
11.260
11.450
11.390
11.280
11.190
11.130
11.450
11.430
11.500
11.490
11.420
11.400
11.520
11.660
11.720
12.060
11.780
11.690
11.580
11.480
11.520
11.740
11.610
11.640
11.350
11.410
11.560
11.480
11.540
11.800
11.700
11.700
11.740
11.900
11.950
12.040
11.610
11.460
11.620
11.040
11.050
10.870
10.930
10.880
10.800
10.900
10.730
10.770
10.710
10.670
10.450
10.410
10.350
10.450
10.800
11.180
11.310
11.370
11.370
11.250
11.230
11.210
11.190
11.090
11.100
11.130
11.200
11.240
11.220
11.280
11.270
11.200
11.240
11.240
11.240
11.130
11.210
11.160
11.630
11.750
11.940
11.540
11.530
11.600
12.000
11.950
12.190
12.170
12.300
12.460
12.420
12.300
12.210
12.010
11.920
11.720
11.720
11.680
11.600
11.560
11.500
11.550
11.550
11.520
11.590
11.500
11.620
11.540
11.580
11.620
11.650
11.730
11.640
11.500
11.540
11.470
11.630
11.460
11.650
11.600
11.530
11.560
11.580
11.400
11.370
11.300
11.490
11.300
11.560
11.740
11.710
11.640
11.660
11.680
11.720
11.700
11.740
12.140
12.100
11.960
11.900
11.830
11.760
11.840
11.840
11.820
11.730
11.880
11.750
11.740
11.670
11.900
11.870
11.950
12.050
11.820
11.610
11.420
11.490
11.630
11.600
11.390
11.420
11.360
11.520
11.340
11.400
11.560
11.420
12.180
12.060
11.980
11.940
11.970
11.960
12.120
12.080
12.150
12.220
12.220
12.310
11.890
11.600
11.610
11.530
11.680
11.200
11.330
11.390
11.470
11.440
11.170
11.520
11.540
11.510
11.390
11.450
10.720
10.930
10.500
10.460
10.870
11.090
11.200
11.330
11.000
11.050
10.910
10.540
10.550
10.560
10.550
10.570
10.550
10.520
10.410
10.390
10.590
10.720
10.640
10.640
10.570
10.790
10.660
11.200
12.000
11.950
12.040
11.750
11.910
11.820
11.720
11.580
11.800
11.780
12.020
12.790
12.900
13.050
13.200
13.300
12.490
12.360
12.150
11.860
12.450
12.180
11.950
12.120
12.230
12.110
12.090
12.280
12.050
12.090
12.000
12.200
11.820
11.040
10.990
11.170
10.790
10.780
10.650
10.690
10.700
10.850
10.860
10.920
10.980
10.400
10.200
11.030
11.190
12.090
12.160
12.300
12.090
12.110
12.320
12.210
12.310
11.460
11.820
11.700
11.360
11.090
11.150
10.710
11.180
11.260
12.670
13.000
12.890
13.250
13.380
13.250
12.540
13.350
12.490
13.350
12.540
13.100
14.030
14.990
15.290
14.830
17.200
17.620
17.400
17.560
18.200
16.890
17.010
17.450
17.500
17.200
17.510
17.490
17.500
16.900
16.430
16.430
16.500
17.850
17.320
16.250
16.600
16.330
16.090
16.570
16.330
17.600
17.910
18.010
17.800
18.560
18.990
18.600
19.180
18.690
16.850
17.720
16.900
17.190
17.340
17.000
16.160
16.060
15.200
15.700
15.360
15.200
15.130
15.460
15.420
15.990
15.450
14.400
16.300
16.280
17.100
16.750
15.600
15.760
15.410
15.480
14.180
14.440
13.340
13.500
13.680
13.440
13.150
13.050
13.050
12.430
12.800
12.900
12.200
11.960
13.710
13.600
13.340
13.200
12.470
12.480
11.500
13.850
14.490
13.820
12.880
12.360
12.110
14.510
15.550
16.900
16.210
18.920
18.700
19.560
17.220
17.380
18.020
16.380
15.850
15.880
15.800
14.600
15.430
15.500
16.010
14.900
14.360
17.300
18.300
17.240
16.080
15.350
15.600
14.050
12.270
14.220
12.930
11.750
11.030
14.500
13.590
16.460
17.670
15.550
19.790
20.400
21.340
19.910
20.500
21.300
21.200
20.120
21.930
23.120
23.200
22.280
22.850
20.400
21.470
18.990
19.020
19.200
18.450
17.480
16.850
18.790
18.780
18.700
19.190
16.980
16.270
16.280
15.660
15.280
16.360
16.400
17.200
15.620
15.060
15.480
14.270
13.860
14.990
16.020
15.320
13.990
12.720
10.680
10.600
10.550
10.520
10.440
10.520
10.570
10.450
10.310
10.260
10.160
10.070
10.140
9.990
9.970
9.770
9.650
9.580
9.480
9.440
9.420
9.640
9.710
9.700
9.790
9.900
10.100
10.040
10.240
10.310
10.060
10.090
10.030
9.910
9.380
9.760
9.900
9.920
9.560
9.240
9.440
9.490
9.490
9.630
9.600
9.440
9.300
9.530
9.880
9.980
9.750
9.460
9.320
9.600
9.880
9.920
10.110
10.240
10.300
10.420
10.210
9.680
10.000
9.980
10.480
10.470
10.470
10.370
10.360
10.830
10.990
10.760
10.670
10.350
10.200
10.090
10.320
9.990
9.900
10.300
10.070
9.460
10.190
10.320
10.020
10.360
9.640
10.000
9.240
8.800
9.050
8.600
8.450
8.200
8.060
8.270
8.320
8.380
8.030
8.480
8.400
8.390
8.460
8.500
8.260
8.280
8.040
8.060
7.980
7.940
8.020
7.940
7.910
7.970
7.880
7.940
7.960
8.280
7.970
7.850
7.560
7.810
7.330
7.300
7.200
7.210
7.120
7.000
7.000
7.010
6.930
7.130
7.090
7.010
7.060
7.070
7.070
7.090
6.970
7.070
7.280
6.990
6.950
6.850
6.920
6.860
6.860
6.790
6.900
6.970
6.870
6.870
6.820
6.910
6.890
6.900
6.650
6.780
6.610
6.700
6.530
6.600
6.700
6.510
6.340
6.470
6.460
