3.490
3.480
3.470
3.470
3.410
3.420
3.430
3.450
3.450
3.420
3.490
3.500
3.500
3.500
3.500
3.500
3.420
3.390
3.400
3.420
3.430
3.430
3.380
3.380
3.360
3.340
3.380
3.370
3.360
3.310
3.420
3.510
3.520
3.520
3.560
3.530
3.510
3.550
3.580
3.670
3.650
3.620
3.670
3.750
3.790
3.780
3.740
3.750
3.700
3.720
3.850
3.900
3.940
4.010
4.070
4.090
4.150
4.180
4.170
4.170
4.140
4.150
4.160
4.170
4.090
4.190
4.210
4.200
4.220
4.230
4.260
4.270
4.280
4.270
4.290
4.290
4.230
4.250
4.240
4.270
4.340
4.370
4.380
4.370
4.340
4.410
4.420
4.420
4.500
4.500
4.510
4.500
4.550
4.450
4.500
4.490
4.510
4.570
4.430
4.420
4.380
4.350
4.350
4.420
4.320
4.290
4.280
4.290
4.310
4.280
4.320
4.330
4.270
4.350
4.480
4.510
4.630
4.740
4.790
4.810
4.780
4.720
4.750
4.550
4.580
4.670
4.700
4.660
4.640
4.690
4.840
4.790
4.820
4.760
4.360
4.360
4.340
4.360
4.400
4.440
4.410
4.380
4.350
4.410
4.420
4.430
4.480
4.520
4.560
4.590
4.600
4.530
4.580
4.570
4.570
4.690
4.740
4.660
4.740
4.790
4.710
4.830
4.900
4.640
4.270
4.190
4.190
4.140
4.120
4.140
4.160
4.160
4.080
4.070
4.070
4.080
4.080
4.070
4.050
4.060
4.020
4.040
4.010
3.940
3.920
3.920
3.920
3.980
4.020
4.050
4.060
4.010
4.000
3.980
4.010
4.070
4.180
4.180
4.200
4.190
4.170
4.180
4.200
4.210
4.210
4.210
4.240
4.260
4.320
4.270
4.300
4.280
4.340
4.350
4.320
4.300
4.220
4.330
4.260
4.230
4.200
4.200
4.240
4.180
4.080
4.070
4.120
4.160
4.400
4.410
4.360
4.410
4.360
4.410
4.400
4.410
4.450
4.560
4.690
4.790
4.350
3.970
3.980
3.900
3.920
3.960
3.950
3.930
3.950
3.980
3.990
4.090
4.090
4.100
4.120
4.060
3.870
4.000
4.060
4.100
4.240
4.450
8.320
8.250
7.950
7.700
7.660
7.690
7.810
7.780
7.830
7.730
7.810
7.890
7.930
7.960
7.670
7.670
7.970
7.810
8.180
8.820
8.860
8.570
8.630
8.420
8.420
8.540
8.510
8.800
8.620
8.300
8.550
8.610
8.650
8.740
8.860
8.250
8.210
8.100
8.000
7.890
7.860
7.700
7.550
7.740
7.650
7.600
7.800
7.540
7.610
7.580
7.630
7.760
7.220
7.030
6.960
7.030
7.160
6.760
6.920
7.060
7.250
7.270
7.350
7.540
7.340
6.960
7.040
7.240
7.830
7.980
8.180
8.180
7.890
8.000
7.600
7.560
7.180
7.510
7.350
7.160
7.230
7.050
7.080
7.180
7.370
8.100
7.970
8.170
8.350
8.300
8.280
7.600
7.250
7.250
7.370
7.400
8.230
8.570
8.900
9.270
9.390
10.640
11.240
11.120
10.790
11.130
11.060
10.780
10.350
10.360
10.190
9.380
8.980
8.730
8.680
8.640
8.420
8.610
8.280
8.160
7.860
7.500
7.470
7.270
7.310
7.410
8.070
8.190
7.900
7.670
7.780
7.500
7.340
7.420
7.590
7.370
7.390
7.570
7.490
7.570
7.370
7.300
7.270
7.250
6.850
6.940
6.890
6.970
7.020
7.140
7.240
7.170
6.890
6.940
6.990
6.940
6.860
6.810
6.690
6.730
6.630
6.320
6.310
5.980
6.000
6.110
6.130
6.160
6.180
6.220
6.110
5.980
6.060
5.940
5.790
6.330
6.330
6.480
6.430
6.220
5.960
5.920
6.310
6.520
6.660
6.160
6.290
6.370
7.210
8.130
8.530
8.250
8.950
8.950
8.710
8.700
8.310
8.360
8.260
7.850
7.560
7.810
7.780
7.400
7.680
8.100
7.980
7.730
8.650
9.100
8.890
9.070
9.010
8.370
7.940
7.400
7.810
7.100
6.450
5.870
7.020
8.640
8.800
8.850
9.420
9.500
9.790
10.400
11.070
11.180
10.960
11.850
12.060
12.140
12.470
13.180
13.190
12.800
12.700
12.600
12.730
12.980
13.010
13.390
13.550
13.070
11.880
11.670
11.500
11.250
10.720
10.700
10.580
10.730
10.780
10.300
9.430
9.450
8.960
8.680
8.530
8.120
8.310
8.730
9.030
9.000
8.840
8.760
8.890
9.080
8.880
9.130
8.860
8.580
8.540
8.690
8.610
8.770
9.150
8.850
8.380
8.350
8.490
8.550
8.250
8.210
7.970
8.050
7.950
7.840
7.930
7.750
7.570
7.680
7.460
7.390
7.440
7.310
7.180
7.050
6.930
7.010
7.040
7.000
6.980
7.000
6.930
6.830
6.840
6.780
6.750
6.720
6.750
6.800
6.780
6.500
6.470
6.430
6.440
6.530
6.660
6.670
6.660
6.600
6.850
6.950
6.920
7.030
7.000
6.930
7.050
6.630
6.500
6.720
6.620
6.440
6.460
6.420
6.550
6.750
6.650
6.760
6.610
6.570
6.390
6.490
6.580
6.620
6.600
6.480
6.530
6.680
6.720
6.580
6.660
6.740
6.780
6.640
6.650
6.410
6.510
6.410
6.600
6.580
6.540
6.480
6.430
6.310
6.320
6.340
6.350
6.250
6.150
6.160
6.220
6.220
6.280
6.250
6.180
5.980
6.140
6.020
6.050
6.050
6.080
6.080
6.100
6.070
6.020
6.000
5.930
5.860
5.850
5.930
6.070
6.120
6.090
6.120
6.220
6.190
6.240
6.240
6.270
6.340
6.360
6.320
6.340
6.220
6.180
6.170
6.160
6.230
6.410
6.150
6.110
6.000
5.980
5.930
5.900
5.870
5.900
5.830
5.790
5.760
5.740
5.700
5.610
5.600
5.630
5.760
5.760
5.750
5.820
5.860
5.880
5.920
5.910
5.930
5.870
5.730
5.670
5.640
5.700
5.670
5.710
5.580
5.570
5.560
5.520
5.610
5.510
5.430
5.380
5.370
5.380
5.400
5.350
5.370
5.400
5.400
5.440
5.420
5.430
5.470
5.510
