8.410
8.410
8.440
8.570
8.550
8.660
8.720
8.670
8.680
8.630
8.630
9.000
9.000
9.150
9.200
9.260
9.250
9.170
9.170
9.320
9.190
9.030
8.950
8.950
8.830
8.960
9.040
8.870
8.540
8.350
8.450
8.590
8.580
8.490
8.410
8.010
8.090
7.660
7.460
7.770
8.460
8.620
8.700
8.700
8.460
8.780
8.950
8.660
8.800
9.050
8.950
9.120
9.110
9.050
9.250
9.310
9.310
9.590
9.640
9.480
9.600
9.750
9.700
9.420
9.360
9.200
9.400
9.830
9.830
9.780
9.800
9.800
9.890
10.050
10.070
10.130
9.980
9.970
9.830
9.820
9.800
9.870
9.960
9.970
9.850
9.960
10.110
9.980
10.000
9.960
9.930
10.090
10.090
10.120
9.870
9.860
9.910
9.910
9.890
9.720
9.780
9.710
9.630
9.530
9.550
9.510
9.420
9.350
9.300
9.190
9.110
9.060
8.910
8.610
9.500
9.620
9.660
9.770
9.790
9.840
10.030
9.960
9.980
9.880
10.000
9.930
9.940
9.760
10.010
9.920
9.990
9.640
9.700
9.820
9.370
9.500
9.340
9.850
10.330
10.410
10.380
10.420
10.380
10.550
10.670
10.630
10.700
10.700
10.690
10.760
10.820
10.840
10.810
11.010
11.250
11.090
11.010
11.080
11.070
11.090
11.010
11.190
11.270
11.160
11.170
11.240
11.220
10.810
10.730
10.680
10.690
10.730
10.620
10.600
10.550
10.530
10.490
10.500
10.620
10.620
10.580
10.600
10.490
10.380
10.390
10.370
10.220
10.260
10.530
10.700
10.690
10.670
10.690
10.620
10.700
10.690
11.010
11.000
11.060
10.850
10.870
10.880
11.030
10.950
11.000
10.970
11.190
11.040
11.290
11.290
11.410
11.230
11.270
11.250
11.350
11.140
11.060
10.950
11.020
10.800
10.680
10.700
10.680
10.660
10.580
10.510
10.610
10.590
10.710
11.790
11.730
11.830
12.060
12.080
11.950
11.830
11.920
12.020
11.980
11.910
12.180
12.300
11.850
11.800
12.010
11.710
11.820
11.970
12.250
11.680
11.450
11.010
11.710
11.950
11.940
12.210
12.300
12.450
11.440
10.650
10.790
15.910
15.230
15.500
15.720
15.320
14.820
14.900
14.700
15.580
15.130
15.110
14.650
15.110
15.210
15.200
16.000
16.500
16.710
16.210
16.320
16.050
16.320
16.010
15.900
16.000
16.300
16.020
17.520
17.500
17.700
17.880
17.840
17.620
17.960
16.960
16.830
16.910
16.640
16.340
17.050
16.780
16.260
16.900
16.970
16.940
17.100
17.180
17.090
16.970
16.400
15.770
15.650
15.400
14.830
15.400
15.740
15.510
15.670
15.450
16.100
15.160
14.700
14.500
15.120
15.490
15.780
15.720
16.300
16.020
15.680
14.950
14.300
13.240
14.260
14.380
14.020
13.760
13.530
13.220
13.480
13.200
14.510
15.900
15.570
16.000
16.600
16.210
15.720
15.960
14.800
15.520
15.500
16.080
17.010
18.090
19.490
18.500
19.820
21.870
21.110
20.100
20.340
20.880
20.900
21.750
21.650
21.970
22.600
22.840
22.680
22.410
21.710
22.110
21.970
22.620
22.510
22.400
21.610
21.250
20.700
21.010
19.200
19.200
21.030
21.020
20.690
20.730
21.030
20.820
20.670
21.810
21.410
21.000
20.040
19.340
19.760
20.100
20.460
20.360
20.390
18.880
18.880
18.000
17.680
17.710
16.650
17.210
18.110
16.370
15.880
15.040
16.710
15.190
13.810
12.550
11.300
12.370
13.740
14.490
14.900
14.220
15.230
16.400
16.810
16.630
16.560
17.320
16.880
16.590
14.960
15.090
14.730
14.230
14.640
14.700
13.610
14.480
16.090
17.400
16.760
16.700
16.250
16.400
15.800
14.400
16.000
16.460
15.530
14.500
14.120
15.540
14.700
16.330
18.140
19.860
19.710
18.100
19.400
21.050
20.610
21.220
23.160
23.350
23.400
22.700
22.800
23.600
23.800
22.680
24.500
25.440
23.610
22.200
23.960
25.810
24.400
24.200
24.280
24.300
24.050
22.000
21.650
36.750
36.350
32.300
32.000
29.640
28.650
27.440
28.830
29.800
30.800
30.100
30.050
30.000
30.370
30.990
28.220
27.600
27.130
26.910
28.590
27.750
27.980
27.410
24.300
23.520
23.000
24.250
25.300
24.500
24.500
22.710
22.350
22.540
21.990
21.370
21.210
21.110
20.980
20.480
20.350
20.310
20.400
20.110
20.650
20.700
20.800
20.520
20.040
19.890
19.570
20.130
20.070
19.700
19.290
18.980
18.900
18.510
18.450
19.000
19.900
20.100
20.200
20.000
20.240
20.160
21.310
21.140
20.670
20.200
20.000
20.180
19.620
19.140
18.980
19.090
18.800
18.900
18.600
19.550
19.780
19.610
19.260
19.490
18.000
17.610
17.950
19.720
19.650
19.370
19.080
19.180
20.500
21.680
21.760
22.950
22.710
22.940
23.090
22.400
22.540
23.000
23.010
24.380
24.000
24.200
24.300
24.300
24.860
23.570
23.300
23.690
23.770
23.300
23.870
23.680
23.820
23.200
22.770
22.980
23.020
24.400
24.000
24.600
24.400
24.990
25.000
25.020
25.180
25.370
25.550
24.700
24.570
24.340
25.120
24.250
23.280
22.700
23.480
23.750
23.790
23.600
23.360
23.610
23.660
22.700
23.600
23.230
23.120
21.800
21.750
21.700
21.010
20.610
20.410
20.680
21.360
21.300
21.200
20.490
20.460
20.510
20.200
20.210
20.200
19.460
19.100
19.050
18.900
19.200
19.220
18.910
18.570
18.380
18.350
17.000
16.640
16.470
16.380
16.770
16.770
16.700
16.850
16.660
16.630
16.500
16.440
16.670
16.660
16.470
16.360
16.190
16.090
16.200
16.100
15.900
15.810
15.800
16.170
15.810
15.180
15.050
15.180
15.000
15.360
