13.640
13.580
13.620
13.720
13.700
13.420
13.240
13.480
13.300
13.100
12.840
13.320
13.580
13.270
13.120
13.080
13.030
12.840
12.470
12.780
12.610
12.690
12.350
12.230
12.090
11.850
11.990
12.050
12.200
12.150
11.960
12.210
12.910
13.030
13.200
13.140
12.570
12.660
12.820
12.620
13.180
13.020
14.100
14.060
14.620
14.820
14.980
14.790
14.950
15.320
14.960
16.450
16.920
17.010
16.840
16.970
17.780
17.960
18.110
18.600
18.070
17.900
17.360
17.400
16.980
16.760
17.890
17.850
17.990
18.160
18.280
17.530
17.320
17.330
16.980
16.860
16.800
16.940
17.230
16.910
16.860
17.010
17.360
17.220
16.910
16.910
17.290
17.660
16.860
17.020
16.910
17.450
17.610
17.550
17.620
17.310
17.280
17.310
17.600
16.000
16.420
16.430
16.420
16.490
15.550
15.030
14.930
14.890
14.940
14.400
14.220
14.750
14.910
14.840
14.980
15.150
15.470
15.890
16.210
16.130
16.260
16.320
14.840
14.710
15.050
15.190
14.920
15.040
14.810
15.140
15.030
14.900
15.790
15.470
15.850
15.660
15.670
15.620
15.500
14.600
13.270
13.020
12.880
13.250
13.180
13.320
13.270
13.530
13.590
13.640
13.680
13.710
13.690
13.680
13.820
13.530
13.630
13.380
13.470
13.260
13.350
13.300
13.340
13.340
13.260
13.490
13.380
13.420
13.500
13.670
13.800
13.660
13.500
13.500
13.690
13.410
13.220
13.270
13.450
13.410
13.530
13.280
12.910
12.850
12.800
13.110
13.050
13.130
13.430
13.370
13.390
13.400
13.370
13.300
13.260
13.860
14.160
13.950
13.820
13.800
13.700
13.770
13.750
13.910
14.090
13.830
13.570
13.700
13.480
13.200
13.670
13.480
13.520
13.320
13.250
13.010
12.880
13.160
13.300
13.250
12.920
12.910
12.590
12.450
12.490
12.620
12.710
13.160
13.320
13.050
13.120
13.150
12.900
12.790
12.600
12.940
13.020
12.980
13.100
13.150
12.800
12.910
13.200
13.120
12.920
12.400
12.440
12.050
12.120
11.860
11.460
11.670
11.790
11.660
11.960
12.080
12.000
12.330
12.010
11.400
11.360
11.480
11.460
11.440
11.550
11.550
11.230
10.670
10.570
10.540
10.520
10.580
10.770
10.620
10.470
10.340
11.130
11.150
11.150
11.280
11.410
11.190
11.110
11.680
12.250
12.200
12.310
11.960
11.860
11.990
11.980
11.800
12.100
12.010
12.260
12.970
13.170
12.900
12.970
12.770
12.680
12.890
12.570
12.820
13.170
13.340
13.040
12.790
12.680
12.190
12.700
12.800
12.840
12.840
12.980
12.790
12.640
12.180
11.260
11.500
11.720
11.110
11.010
11.170
11.520
11.820
11.710
11.600
11.560
10.880
10.580
11.650
11.650
12.940
12.750
12.720
13.000
12.470
11.840
12.050
12.260
11.840
11.540
10.840
11.170
10.750
11.930
13.260
14.110
14.000
13.660
14.290
14.550
14.070
13.810
14.380
14.230
14.750
15.020
16.680
16.940
18.800
18.690
18.680
20.700
21.100
19.840
20.600
21.150
19.720
19.320
19.640
19.550
19.470
20.020
19.910
19.360
19.280
18.130
18.150
17.970
18.200
18.970
18.650
18.660
18.090
18.550
19.590
19.110
20.840
21.080
20.040
20.100
20.290
20.170
19.150
18.670
18.720
18.580
19.330
17.570
17.830
18.000
17.750
17.430
16.860
15.530
16.050
16.990
17.280
16.930
17.980
17.290
17.520
16.700
15.490
16.100
15.580
16.170
16.070
16.030
15.880
15.920
14.540
14.290
13.220
12.790
13.510
13.620
13.270
12.640
12.650
12.550
11.630
11.030
11.480
10.490
11.480
12.760
13.070
12.670
12.090
11.500
11.800
13.110
14.560
14.700
13.330
13.150
14.610
16.230
18.020
19.680
21.050
21.330
23.730
23.370
23.370
23.090
23.000
22.450
20.420
19.690
20.330
20.060
18.250
19.790
22.000
24.000
22.470
24.940
27.710
25.190
22.900
20.830
21.850
22.640
22.110
22.640
22.010
20.330
19.460
19.070
19.490
17.940
17.260
16.900
17.750
18.250
18.750
17.900
18.090
17.900
18.540
18.590
19.200
19.300
18.930
18.350
18.670
18.810
17.710
18.690
19.000
18.990
18.830
19.860
19.920
19.590
19.360
19.080
18.570
18.940
19.150
17.420
17.280
17.450
17.600
17.480
17.840
17.210
17.460
17.660
17.310
17.300
16.090
15.870
15.780
15.470
15.740
15.890
15.200
15.420
15.370
14.940
14.320
14.290
14.300
13.890
13.880
13.900
13.760
13.790
14.020
13.850
13.950
14.170
13.680
14.020
14.200
14.340
13.800
13.740
13.040
12.560
12.480
12.190
11.870
12.420
12.300
12.240
12.010
11.880
11.940
12.310
12.220
12.000
11.910
12.040
12.090
12.120
12.180
12.110
12.060
11.800
11.990
12.480
12.720
12.880
12.960
12.870
12.960
12.910
12.850
11.840
13.080
11.890
11.420
11.320
11.070
10.960
11.200
11.410
11.400
11.430
11.360
11.200
11.000
11.010
11.110
10.820
10.690
10.900
11.080
10.890
11.540
11.500
11.700
11.600
11.880
11.860
11.730
11.800
11.920
11.920
11.500
11.270
11.350
11.500
11.690
11.930
11.990
11.850
12.080
12.240
12.320
12.280
12.680
12.660
12.600
12.590
12.570
12.620
12.500
12.050
11.830
12.330
12.000
11.820
11.960
13.190
13.150
12.460
12.430
12.500
12.730
12.190
12.090
11.540
11.000
10.850
10.690
11.030
11.020
11.600
11.540
11.360
11.420
11.450
11.570
11.480
11.200
11.080
11.140
11.060
10.810
11.000
11.130
11.150
11.150
10.670
10.900
10.840
10.420
10.530
10.460
10.320
10.280
10.490
10.320
10.040
9.750
9.920
10.130
10.090
9.830
9.710
9.690
9.820
