6.960
6.980
7.010
7.000
6.960
7.060
6.990
7.130
6.620
6.480
6.600
6.720
6.700
6.700
6.610
6.540
6.540
6.460
6.460
6.660
6.690
6.660
6.620
6.580
6.400
6.410
6.640
6.610
6.440
6.320
6.520
6.850
7.020
7.080
7.080
6.850
7.030
6.970
6.810
7.030
7.180
7.110
7.500
7.480
7.680
7.660
7.580
7.180
7.400
7.360
7.310
7.930
8.550
8.500
8.600
8.580
8.620
8.700
8.780
8.720
8.750
8.880
8.860
8.360
8.300
8.460
8.300
8.160
8.250
7.840
7.830
7.920
7.980
7.960
7.990
8.070
7.980
8.000
7.950
8.020
8.100
8.180
8.170
8.110
8.060
8.110
8.140
8.120
8.130
8.210
8.260
8.380
8.350
8.250
8.090
8.040
8.040
8.190
8.210
8.280
8.370
8.250
8.220
8.120
8.020
8.050
7.980
7.850
8.000
7.830
7.850
7.860
7.620
7.300
8.030
8.310
8.430
8.540
8.020
8.310
7.370
7.370
7.260
7.220
7.180
7.230
7.280
7.110
7.270
7.400
7.280
7.240
7.270
7.150
7.110
7.140
7.110
7.200
7.650
7.650
7.650
7.670
7.560
7.870
8.010
8.060
7.980
8.050
7.810
7.850
7.960
7.950
8.060
7.970
7.810
7.960
7.940
7.720
7.560
7.450
7.300
7.430
7.380
7.340
7.330
7.340
7.420
7.330
7.440
7.640
7.610
7.630
7.720
7.550
7.560
7.510
7.200
7.160
7.220
7.160
7.140
7.160
7.100
7.050
7.060
7.050
7.010
7.220
7.320
7.330
7.350
7.270
7.290
7.220
7.380
7.300
7.240
7.210
7.160
7.060
7.130
7.100
7.120
7.130
7.150
7.120
7.100
7.090
7.220
7.210
7.280
7.150
7.210
7.130
7.170
7.030
6.920
6.940
7.060
7.030
6.920
7.010
7.010
6.970
6.950
6.910
7.020
7.000
7.050
7.330
7.280
7.320
7.420
7.360
7.330
7.340
7.500
7.480
7.450
7.320
7.380
7.350
7.310
7.370
7.380
7.180
7.250
7.250
7.080
7.000
6.850
6.710
6.940
6.950
6.810
6.760
6.820
6.800
6.660
6.660
6.650
6.950
7.000
7.020
7.040
7.020
7.080
6.900
6.720
6.690
6.590
6.670
6.650
6.700
6.610
6.670
6.640
6.860
6.800
6.780
6.620
6.820
6.760
6.750
7.050
7.270
7.270
7.160
7.070
7.080
7.200
7.180
7.130
7.130
7.280
7.160
7.740
7.740
7.910
7.730
7.700
7.570
7.640
7.500
7.660
7.650
7.560
7.440
7.530
7.420
7.310
7.510
7.500
7.570
7.600
7.560
7.530
7.220
7.050
7.040
7.100
7.100
6.960
7.000
6.970
6.910
7.120
6.910
7.110
6.820
6.640
6.520
7.050
7.210
7.640
7.670
7.730
7.550
7.560
7.560
7.350
7.010
7.400
7.400
7.140
7.030
6.850
6.940
6.880
7.150
7.850
8.660
8.310
8.490
9.050
8.700
8.220
8.330
8.120
8.300
8.470
8.500
8.210
8.650
9.350
8.710
9.430
10.450
10.560
10.160
10.260
10.610
10.510
10.600
10.630
10.580
10.680
10.400
10.340
10.360
9.980
10.070
10.260
10.240
10.600
11.040
11.000
10.970
10.700
10.670
10.120
11.000
12.170
12.170
12.030
12.320
12.060
11.650
11.660
11.900
11.380
11.710
12.140
12.000
12.010
11.920
11.910
11.750
11.210
11.100
11.300
11.560
11.600
11.820
11.450
11.850
11.600
11.020
11.580
11.620
11.880
11.530
11.170
11.000
10.360
10.070
9.700
9.620
9.280
9.030
9.200
9.270
9.340
9.200
9.790
9.300
9.190
8.280
7.680
7.630
8.390
9.160
9.190
9.150
8.180
8.510
8.470
9.370
9.460
8.900
7.840
7.880
8.760
9.730
10.670
11.600
11.200
12.410
13.300
13.450
12.650
13.020
13.010
12.400
12.020
11.870
12.210
11.130
11.420
12.200
12.280
11.160
10.440
11.600
12.070
11.840
11.600
10.480
10.030
9.030
7.650
8.260
8.650
8.310
7.150
5.680
11.290
12.540
13.550
15.010
16.680
18.460
17.210
19.110
21.230
23.000
23.200
20.620
22.540
24.610
25.680
25.660
27.150
27.900
27.760
26.980
27.570
29.350
28.400
26.120
27.000
25.300
23.820
22.330
24.110
26.700
26.520
26.000
26.010
25.400
25.300
24.360
21.890
24.100
23.580
23.850
23.310
22.920
21.880
22.000
22.650
23.200
24.350
24.230
24.060
24.250
25.860
26.290
26.530
24.350
23.680
24.450
24.700
23.510
24.900
25.510
24.850
23.520
23.390
24.340
24.270
23.840
24.000
23.800
23.830
24.500
24.070
22.750
22.550
22.250
23.110
22.540
22.400
21.710
21.030
20.620
20.390
20.170
20.220
20.230
20.070
20.530
19.970
20.230
20.310
20.360
20.540
19.960
20.010
20.050
20.000
19.880
19.180
18.730
18.230
18.000
18.680
19.210
19.130
18.840
18.880
19.850
20.750
20.760
20.830
20.730
20.660
20.250
19.890
19.210
19.080
20.760
20.510
20.520
20.790
20.740
22.600
23.200
23.310
22.380
22.390
23.820
22.150
22.000
23.000
22.490
21.780
21.500
22.990
24.370
24.100
24.410
24.380
24.170
23.200
22.560
21.500
23.170
24.750
25.670
25.770
25.020
24.510
24.460
23.750
24.700
25.360
24.910
24.800
24.610
25.320
25.580
25.100
23.120
22.310
21.950
19.400
19.610
19.680
19.550
19.220
18.870
19.180
19.750
19.910
19.760
19.410
18.820
17.200
16.920
17.010
15.750
15.360
15.290
15.300
14.560
14.790
14.710
14.610
14.550
13.670
13.560
12.820
12.040
11.920
11.850
11.480
11.340
11.510
11.740
11.820
11.570
11.800
12.190
12.030
12.020
11.930
11.740
11.870
11.930
11.850
11.780
11.610
11.300
11.000
11.060
11.020
11.350
11.250
11.250
11.380
11.320
11.510
11.240
11.300
11.160
11.100
10.550
10.470
10.610
10.800
10.800
9.750
15.160
15.250
14.730
14.790
14.630
14.500
14.360
14.150
13.970
13.840
13.890
13.800
13.810
14.110
14.420
14.280
14.040
14.120
14.030
