73383.18
46644.22
87479.77
77052.58
86291.07
57785.01
69858.64
76490.33
106987.21
125112.26
94991.95
118244.73
53914.93
58208.85
34542.19
40932.54
59396.30
59007.96
77625.63
66739.75
86114.89
64439.41
39805.23
29871.63
33782.64
55200.70
71599.04
35345.11
48707.58
67738.50
75017.80
37962.22
23375.00
31842.21
47735.84
56550.89
43405.91
64279.82
45971.91
37409.24
48097.55
52178.58
68527.75
31478.11
31215.34
40990.42
74940.54
48440.37
94800.34
76424.98
76454.06
73173.85
97232.50
79753.85
109564.97
39507.40
36221.74
54248.88
37476.21
71361.25
80575.35
43064.94
59850.93
125812.61
41321.53
39997.43
30777.12
32697.19
49990.42
42850.24
74561.44
117850.08
100337.71
52844.42
30704.43
42024.38
23845.89
27663.42
63472.76
32008.10
17361.04
31083.70
23785.86
23667.54
19741.10
19976.83
41287.79
36825.91
36966.05
30033.20
51189.50
74473.47
24372.07
40022.26
16762.19
13853.58
14237.81
13224.31
30335.94
18663.98
15384.74
13153.98
13910.21
12653.03
10941.17
16981.85
10261.24
7876.54
9288.56
8935.70
13231.15
10761.81
11712.07
48666.46
17514.92
13099.24
14994.15
12522.29
21746.73
18170.85
16766.04
15993.99
23028.41
41562.69
24972.84
22414.92
13354.08
17181.01
11497.17
12938.59
11726.09
11348.70
20929.94
14579.65
19287.05
12796.98
14562.37
31524.62
20254.13
24736.08
14276.13
20523.60
24161.82
30596.47
36463.91
36543.59
94560.42
46602.97
22025.35
45493.27
23652.80
16586.36
22783.48
18830.55
20231.45
20933.51
20101.21
22465.39
28896.84
24529.95
25917.84
23454.32
22991.74
32171.94
36301.24
21176.91
18144.11
16988.90
23296.13
30579.71
85895.38
29254.88
21536.38
16859.23
17498.45
18986.60
27298.98
36479.43
14514.15
22811.70
18279.97
27629.01
42793.49
38407.27
80354.36
38545.93
18657.90
37238.18
14034.79
22437.20
12150.83
15346.22
14648.74
21777.30
34952.76
29294.08
26641.07
13609.46
26928.97
37994.31
59111.66
44319.24
22896.49
18584.89
18814.63
24392.02
28420.66
33856.29
23248.00
30233.31
45478.79
42070.56
41064.16
46162.92
70767.70
70618.65
46754.03
63727.27
67901.81
39417.51
38927.04
37347.02
41754.02
48086.67
78998.86
144332.73
167387.56
88069.98
90525.68
57635.16
72878.67
62991.34
133003.52
43508.19
75247.32
48932.62
61075.73
78359.49
84069.71
96764.69
109459.29
91453.28
179409.88
133502.91
75765.47
71405.57
56529.09
102844.26
101703.86
149966.70
78267.17
56762.12
50659.62
63661.84
70684.48
73683.18
58678.80
33985.66
48233.73
29896.20
43785.24
37719.33
28438.84
56869.27
85312.86
36771.91
50629.18
55734.80
22382.87
39618.77
53415.25
62131.86
54878.88
37682.05
38635.54
41015.87
43369.00
53664.46
77075.02
32769.08
45841.15
72087.92
12604.99
22508.42
24641.41
19166.12
33047.22
27171.74
11297.76
14402.48
16449.74
11185.84
13664.44
16811.19
21360.70
34285.46
15493.32
20775.54
26078.85
27639.48
50763.51
36107.59
37185.61
39237.16
28610.62
32698.44
27027.42
41225.78
47869.23
57750.45
26553.51
53043.52
28345.74
25501.47
16887.91
33469.12
40311.78
39144.53
25736.51
21306.55
24271.27
23589.63
10863.74
18340.74
11961.78
22067.96
27896.85
38589.48
25131.78
31722.46
22920.83
26133.54
23449.91
35129.81
16781.99
21572.88
22778.93
15330.92
25865.25
24624.05
31415.88
24804.70
19557.03
18663.92
14602.86
21384.64
18666.42
27936.27
27741.49
35670.09
32806.46
16448.62
17832.64
20694.31
24049.71
25609.07
24703.15
29569.70
29773.97
24785.37
25555.53
39700.42
48988.40
12167.75
39052.32
62415.85
52327.49
51539.94
58813.61
38876.93
55259.91
57173.45
80737.16
117052.88
145601.50
63514.99
54179.28
39650.31
29742.05
42614.68
20680.87
24980.41
39831.22
28791.00
49618.65
77993.15
16126.43
23666.80
20336.80
21715.04
36183.31
43654.56
26560.86
32184.27
19237.40
24067.11
36980.66
21548.92
20953.89
32103.15
28062.67
27355.41
35723.23
32210.44
46044.18
64761.90
39517.70
56347.43
44018.70
27345.44
38393.80
25605.05
31163.24
45078.78
78427.86
89632.51
111035.03
35821.88
63313.28
29920.82
32509.76
37885.99
33447.33
42290.08
30603.69
47180.01
23352.75
48001.55
10660.02
13271.04
14345.93
35691.63
42771.52
20599.56
20074.63
25297.84
16661.00
29414.47
32029.07
28486.36
27955.13
27691.68
20590.95
33968.11
20929.24
24249.27
47173.01
29909.29
32301.10
45743.84
53436.59
60599.22
43581.50
61488.15
37996.04
22840.30
50824.71
56132.85
29271.00
39335.05
37810.62
63223.87
59921.97
74812.32
53931.20
33970.08
37639.77
55355.56
52031.69
42247.24
55040.38
61670.19
121044.86
100566.91
94448.48
94070.72
93679.74
110986.55
138637.59
116191.97
136988.33
17311.13
116137.82
122854.36
110069.44
105069.55
140524.55
144634.64
130527.78
87330.11
148131.81
108268.71
86145.09
72900.44
99355.57
100595.63
95339.06
106515.35
93869.62
100077.99
118248.00
187369.27
207369.34
123965.05
51421.07
71746.08
54199.42
62600.28
42739.02
34805.96
28981.39
44358.73
28699.03
24437.71
24879.89
22453.83
23224.91
26105.07
23622.43
40022.04
30342.24
45211.46
47256.93
20452.43
30232.41
20738.03
16687.94
23954.96
25846.31
26194.70
29821.41
28547.81
30070.82
35768.30
34299.25
56383.72
118613.75
50731.95
35984.28
33887.59
39294.61
29211.35
21527.03
21664.15
19712.50
25070.33
42709.59
27643.78
21437.79
16214.08
10053.47
20561.14
18311.87
30177.04
18710.29
22269.05
23245.90
14013.74
20996.09
34675.96
26270.83
50771.65
16006.64
10664.95
19472.90
11958.94
14985.05
20307.91
13866.57
19815.04
10097.00
10592.65
13081.42
14770.51
12548.02
13464.34
17909.38
10972.08
12038.13
15522.05
13005.74
14309.18
30643.16
27371.66
37773.94
19092.70
17132.80
16998.87
30550.22
38538.21
26713.28
46250.25
25127.90
31584.04
49013.35
15310.51
12324.24
13309.37
18065.73
14606.44
19635.03
21850.01
28103.18
63001.01
27298.03
31270.21
28634.75
21089.87
17759.67
10956.89
13581.11
14819.30
18316.35
17886.96
19528.78
27551.97
33956.12
26358.52
24756.18
25891.29
33561.77
46121.44
29808.20
39718.52
39846.00
44284.57
31151.28
32276.37
24960.69
26801.63
30633.43
21224.18
29155.92
11853.42
10477.14
15678.45
27647.07
31617.59
57309.54
18540.94
17605.64
33037.15
31686.35
27168.39
34369.95
30146.99
21044.88
14505.33
16156.05
19203.00
16802.89
18577.45
13041.37
24310.76
15298.84
21116.39
29981.50
37270.39
29949.36
62925.49
64509.64
42720.47
34353.43
20258.37
34975.33
58378.16
8923.21
10183.35
6675.65
11985.92
10605.88
7430.54
9849.06
7283.54
10819.64
10188.22
18615.79
12276.18
9514.56
13272.92
10042.66
12457.99
17301.99
25406.59
12604.18
15019.69
7626.79
6264.06
13139.91
4885.55
11454.66
12220.54
11249.79
15213.76
14915.95
22674.20
15009.96
17031.49
17023.28
19374.01
11293.30
20813.68
36246.15
12594.30
18881.30
15359.68
16858.20
26867.60
16105.19
28470.79
28141.32
30990.73
14292.52
30693.77
17052.23
23715.03
48347.49
22128.00
7700.03
13934.10
27359.57
9873.74
5922.11
5908.08
10208.87
9079.86
