16.220
15.550
14.390
14.830
14.220
13.590
13.320
13.050
13.090
11.900
11.190
11.370
11.300
11.400
11.120
11.060
10.690
10.590
10.400
10.790
10.790
10.800
10.790
10.750
10.620
10.440
10.690
10.460
10.590
10.540
9.970
9.930
10.020
10.170
10.000
10.180
9.950
10.060
9.920
9.450
9.850
9.800
9.630
9.650
9.830
9.620
9.510
9.520
9.290
8.930
8.940
9.360
9.390
9.050
9.080
9.130
8.800
8.960
8.960
9.030
9.030
9.010
9.020
9.030
8.860
8.830
9.080
9.220
9.140
9.130
9.070
9.060
9.250
9.320
9.280
9.480
9.410
9.520
9.460
9.340
9.520
9.480
9.560
9.620
9.670
9.290
9.170
9.160
9.170
9.220
9.290
9.190
9.190
9.090
9.010
9.110
9.040
9.230
9.200
9.190
9.200
9.180
9.150
9.060
8.950
9.010
9.000
8.930
8.960
8.830
8.700
8.690
8.800
8.790
8.890
9.070
9.130
9.270
9.330
9.390
9.430
9.460
9.350
9.260
9.340
9.370
9.240
9.290
9.230
9.300
9.320
9.130
9.200
9.210
9.140
9.070
9.270
9.260
10.060
10.150
10.240
10.160
10.080
9.970
10.160
10.090
10.180
10.580
10.680
10.600
10.870
10.880
10.810
10.760
10.750
10.970
10.820
10.680
10.740
10.700
10.480
10.620
10.610
10.590
10.670
10.610
10.710
10.670
10.540
10.860
10.920
11.060
11.040
10.960
11.010
11.200
11.370
11.330
11.150
11.250
11.200
11.130
10.970
10.570
10.540
10.670
10.730
10.540
10.810
11.260
11.250
11.410
11.410
10.880
11.470
10.440
10.720
10.420
10.480
10.520
10.320
10.230
10.470
10.520
10.340
10.400
10.400
10.370
10.660
10.750
10.720
11.300
11.090
11.250
11.370
11.280
11.050
11.070
10.980
11.420
10.550
10.660
10.380
10.520
9.950
9.800
10.080
10.680
10.440
11.360
10.930
9.940
9.400
9.490
9.340
9.420
9.330
9.470
9.550
9.570
9.320
9.330
9.500
9.300
9.440
9.300
9.090
9.150
9.050
9.040
9.000
8.800
9.090
9.160
8.990
9.210
9.140
9.090
8.840
8.440
8.420
9.060
9.130
9.140
9.170
9.270
9.040
8.740
8.380
8.450
8.360
8.390
8.570
8.420
8.360
8.250
8.180
8.490
8.320
8.120
8.190
8.210
8.330
8.300
8.820
9.200
9.190
9.190
8.920
9.040
9.020
9.080
8.940
9.060
9.060
9.150
10.020
9.970
10.200
10.310
10.190
10.020
10.200
10.130
10.250
10.390
10.570
10.010
10.240
10.430
9.920
9.910
10.200
9.920
10.080
10.050
10.100
9.800
9.490
9.090
9.350
9.370
8.970
9.100
9.510
9.900
9.740
9.470
9.920
9.240
8.720
8.390
9.260
9.020
10.010
10.190
9.820
9.670
9.720
9.500
9.350
8.980
8.930
9.230
9.170
9.350
9.260
9.010
8.200
8.300
7.930
8.790
8.590
8.310
8.950
8.860
8.500
8.170
8.810
8.460
9.150
8.910
9.890
9.910
11.010
10.700
11.260
12.510
12.900
12.850
12.580
13.250
13.420
12.900
13.390
13.460
13.080
13.470
13.390
12.950
12.950
12.590
12.940
12.840
12.730
13.620
13.230
13.860
13.360
13.940
14.410
13.110
12.620
11.470
11.540
10.950
10.880
10.980
10.710
10.770
11.110
10.650
11.080
11.400
11.390
11.270
11.350
10.730
10.790
10.190
10.500
10.790
10.840
10.960
11.690
11.250
11.570
10.550
9.650
10.730
10.530
10.330
9.980
9.540
9.110
9.100
8.600
8.480
8.080
8.160
8.710
8.300
7.770
7.620
7.920
7.680
7.240
7.150
7.380
6.710
7.460
7.980
7.830
8.150
7.650
7.270
7.150
7.630
7.940
8.020
7.470
7.170
7.970
8.850
9.820
10.350
10.990
10.990
12.210
12.050
11.740
11.440
11.920
12.040
11.550
11.160
11.230
11.320
10.760
10.950
10.820
10.730
10.020
10.610
11.770
12.210
11.090
11.050
10.690
10.580
9.940
9.990
11.090
10.980
9.980
9.070
10.100
10.470
11.070
11.230
11.910
10.840
12.000
13.360
14.540
14.330
13.900
15.450
16.070
15.620
15.770
16.510
16.610
16.580
17.010
15.850
15.650
15.770
14.340
13.040
13.030
12.790
12.690
12.920
12.720
12.620
12.810
12.590
12.450
11.320
11.120
11.450
11.650
11.590
11.440
11.310
11.760
11.480
11.470
11.410
10.970
10.920
10.810
10.720
10.820
10.410
10.300
10.260
10.290
10.160
10.720
10.920
11.250
11.040
10.640
10.730
11.010
10.650
10.900
10.990
10.590
10.900
10.920
10.820
10.030
10.610
10.480
10.450
10.350
9.820
10.100
10.190
10.350
10.330
10.350
9.770
9.630
10.070
10.250
10.190
10.190
9.980
10.010
10.760
11.050
11.120
11.380
11.450
11.100
10.980
11.080
10.350
10.430
10.370
10.880
10.800
10.570
10.470
10.830
11.160
11.250
10.770
10.660
10.150
10.060
10.230
10.240
10.180
10.230
9.750
9.700
9.620
10.020
9.980
10.210
10.010
10.190
10.160
9.910
9.980
10.070
10.050
9.720
9.600
9.530
9.770
9.950
10.250
10.140
10.350
10.780
10.990
10.970
11.110
11.080
11.080
10.670
10.570
10.540
10.660
10.560
10.340
10.290
10.570
10.480
10.610
10.510
11.220
11.340
11.310
11.510
11.660
11.150
11.100
11.240
10.990
11.010
11.070
10.960
10.940
11.180
10.830
10.950
10.740
10.900
11.110
11.290
10.860
10.730
11.060
11.270
11.240
10.480
10.350
10.530
9.730
9.690
9.500
9.880
9.520
9.500
9.390
9.120
9.030
9.430
9.380
9.140
9.400
9.530
9.860
9.800
10.010
9.800
8.910
8.960
9.440
