12.180
12.150
12.290
12.350
12.140
11.980
12.040
12.080
12.000
11.980
12.550
12.740
12.770
12.850
12.730
12.870
12.970
12.950
12.910
12.960
12.980
12.590
12.720
12.640
12.560
12.740
12.720
12.780
11.940
12.500
12.600
12.400
12.480
12.660
12.600
12.700
13.000
13.020
12.120
12.450
11.780
11.530
11.680
11.880
12.150
12.360
12.360
12.580
12.730
12.970
13.120
13.220
13.170
13.440
13.530
13.640
13.840
13.480
13.350
13.820
14.380
14.440
14.490
14.530
14.480
14.450
14.480
14.350
14.400
14.350
14.250
14.460
14.440
14.390
14.380
14.590
14.450
14.170
14.250
14.470
14.530
14.470
14.680
14.890
15.100
14.650
14.580
14.800
15.120
13.890
14.040
14.090
14.080
14.150
14.100
13.910
13.970
13.750
13.580
13.580
13.480
13.550
13.580
13.430
13.440
13.400
13.400
14.100
15.080
15.150
15.230
15.360
14.800
15.190
15.380
15.330
15.150
15.330
15.370
15.490
15.150
15.100
15.640
15.790
15.850
16.380
17.190
17.490
16.780
17.050
16.780
17.800
18.640
18.510
16.860
18.050
18.870
19.710
17.920
16.680
16.720
16.580
16.070
16.290
15.530
15.300
14.790
14.760
14.940
15.230
15.400
15.660
15.380
15.130
14.620
14.740
14.750
14.660
14.800
15.000
15.010
14.760
14.840
14.750
14.480
14.600
14.500
13.990
14.370
14.180
13.930
13.780
13.770
13.750
13.520
13.420
13.650
14.170
14.050
14.120
13.940
13.850
13.760
13.950
13.920
13.860
13.830
13.900
14.190
14.240
14.270
14.850
14.600
14.780
14.430
14.350
14.170
13.470
13.920
14.180
13.860
14.090
14.000
13.200
13.310
13.230
13.550
13.870
14.490
15.260
15.300
15.190
14.570
14.650
14.680
14.350
14.870
15.000
14.980
14.590
14.780
14.800
14.340
14.550
14.490
14.940
13.960
13.860
14.030
14.280
14.160
12.990
13.180
13.150
12.650
12.340
13.380
13.490
13.530
13.770
14.110
13.840
14.050
13.980
13.870
14.170
13.510
13.500
13.540
13.610
13.300
13.460
13.920
14.780
14.580
14.570
14.400
14.900
14.450
14.330
15.610
15.550
16.380
16.040
15.470
15.990
16.330
16.150
15.720
14.390
14.590
14.500
14.690
13.570
13.750
12.550
12.150
12.460
12.170
12.160
12.200
11.990
11.990
11.460
11.590
11.570
11.290
11.290
10.800
10.890
10.990
10.960
11.050
10.900
10.430
10.500
10.320
10.310
9.830
9.710
9.650
9.680
9.660
9.560
9.520
9.260
8.830
9.060
9.050
9.790
9.840
9.850
9.840
9.670
9.670
9.700
9.480
9.080
9.330
9.370
9.120
9.090
8.980
8.870
8.850
8.990
9.750
9.960
9.860
9.940
9.980
9.860
9.620
9.720
9.690
9.950
9.820
10.490
11.080
11.610
11.860
11.620
12.920
13.580
13.630
13.600
14.270
13.890
13.440
13.860
13.570
13.160
13.130
12.950
12.690
12.500
12.250
11.690
12.050
12.240
12.490
12.580
12.590
12.080
11.990
12.040
11.850
12.720
13.180
12.930
12.690
13.080
12.820
12.370
12.300
12.590
12.580
12.680
12.540
12.320
11.980
11.930
11.640
11.260
10.990
10.500
10.750
11.030
11.390
11.680
11.500
11.160
10.330
9.760
10.480
10.300
10.550
10.330
9.970
10.030
10.090
9.780
9.450
9.010
8.620
8.480
8.600
8.840
8.850
8.760
8.960
8.700
8.440
8.730
8.340
8.140
9.430
9.250
9.230
9.200
8.650
8.390
8.730
9.390
10.180
9.790
9.050
9.890
9.880
11.280
12.870
14.100
14.250
14.550
14.560
13.760
13.250
12.860
12.750
12.680
11.900
11.450
11.520
11.100
11.150
11.710
12.200
11.800
11.680
13.240
13.890
13.640
12.700
12.190
11.880
11.400
11.100
11.280
11.980
10.900
9.910
9.010
8.190
9.480
12.300
12.300
13.820
16.000
16.000
17.500
18.770
20.740
21.320
20.810
24.500
25.430
23.770
22.820
23.080
24.560
22.900
22.740
22.580
20.790
21.200
19.950
20.260
20.470
19.720
18.810
20.600
21.200
21.200
20.500
20.230
18.500
18.030
16.530
15.890
15.730
15.000
15.000
14.050
13.990
13.550
13.850
13.980
14.150
14.780
14.780
14.480
14.100
14.390
14.300
14.650
14.280
14.040
12.880
13.050
13.080
13.290
13.390
13.430
13.100
13.030
13.480
13.530
13.230
12.780
12.320
11.970
11.540
11.260
11.870
11.100
11.180
11.060
10.900
10.780
10.450
10.580
10.400
10.070
10.000
10.090
10.060
9.930
10.090
10.210
10.490
10.400
10.280
10.360
10.380
10.270
10.050
9.830
10.040
10.080
10.060
9.810
9.970
9.590
9.430
9.430
9.500
9.470
9.500
9.350
9.450
9.640
9.330
9.250
9.220
9.070
8.850
8.970
9.000
8.990
9.030
9.050
9.190
9.370
9.310
9.370
9.220
9.230
9.000
9.040
9.280
9.490
9.550
9.480
9.460
9.640
9.300
8.960
9.120
9.160
9.150
9.000
8.920
8.930
8.990
9.130
9.350
9.390
9.450
9.360
9.330
9.400
9.550
9.400
9.290
9.290
9.210
9.250
9.110
9.030
9.020
8.760
9.210
9.090
9.140
9.330
9.350
9.440
9.460
9.480
9.570
9.520
9.760
9.350
9.270
8.950
9.170
9.220
9.540
9.920
9.940
10.040
9.870
9.020
8.760
8.670
8.680
8.860
8.880
8.790
8.760
8.580
8.530
8.500
8.330
8.470
8.400
8.370
8.330
8.530
8.520
8.360
8.480
8.220
7.940
7.910
7.890
7.870
7.830
7.780
7.690
7.590
7.580
7.790
7.820
7.900
7.760
7.850
7.810
7.820
7.510
7.590
7.600
7.530
7.510
7.470
7.600
7.670
7.640
7.450
7.480
7.490
7.270
7.330
7.300
7.190
7.020
7.020
7.060
7.030
7.010
7.010
7.000
7.040
6.900
6.710
6.680
6.760
6.730
