5.890
5.960
5.920
5.970
5.880
5.850
5.820
5.900
5.930
5.890
6.030
6.210
6.200
6.190
6.210
6.270
6.180
6.290
6.040
6.270
6.180
6.290
6.170
6.250
5.970
5.930
5.960
6.080
5.890
5.740
5.610
5.610
6.060
5.820
5.650
5.700
6.180
6.230
6.730
6.520
6.290
6.710
6.390
6.160
6.230
5.990
5.820
6.050
6.720
6.990
7.270
6.840
6.560
5.960
5.420
5.520
5.310
5.280
5.300
5.310
5.150
5.160
5.280
5.330
5.330
5.320
5.290
5.330
5.420
5.410
5.440
5.530
5.450
5.520
5.500
5.520
5.450
5.500
5.520
5.480
5.380
5.430
5.510
5.550
5.490
5.610
5.610
5.690
5.600
5.610
5.560
5.610
5.520
5.490
5.510
5.490
5.480
5.420
5.400
5.430
5.370
5.440
5.440
5.430
5.470
5.390
5.300
5.400
5.400
5.280
5.540
5.600
5.710
5.750
5.730
5.700
5.670
5.730
5.670
5.610
5.550
5.550
5.680
5.640
5.600
5.720
5.790
5.810
5.990
6.150
6.120
5.840
6.100
6.060
6.410
6.320
6.320
6.020
5.900
5.970
6.100
6.230
6.310
6.300
6.130
6.020
6.050
5.990
5.880
5.750
5.650
5.630
5.680
5.720
5.630
5.690
5.650
5.550
5.540
5.530
5.510
5.480
5.460
5.430
5.470
5.440
5.500
5.520
5.470
5.420
5.410
5.470
5.490
5.350
5.420
5.460
5.340
5.340
5.280
5.440
5.530
5.530
5.710
5.190
5.330
5.360
5.270
5.240
5.220
5.190
5.160
5.110
5.260
5.320
5.290
5.300
5.270
5.230
5.200
5.440
5.350
5.410
5.380
5.390
5.590
5.610
5.680
5.890
5.850
5.320
5.370
5.430
5.260
5.000
5.070
5.150
5.190
5.030
5.000
4.960
4.860
4.850
4.880
4.950
4.940
5.160
5.100
5.090
5.170
5.160
5.170
5.120
5.200
5.240
5.200
5.130
5.090
5.130
5.070
5.170
5.190
5.170
5.150
5.050
4.950
4.930
4.810
4.780
4.870
4.850
4.800
4.880
4.870
4.800
4.870
4.780
4.760
5.070
5.040
5.090
5.090
5.170
5.020
4.960
4.780
4.830
4.840
4.840
4.880
5.010
4.890
4.940
5.130
5.410
5.690
5.660
5.680
5.540
5.600
5.660
5.640
5.580
5.630
5.640
5.710
6.120
6.060
6.260
6.340
6.340
6.010
6.070
5.970
6.030
6.190
6.210
6.040
6.050
6.140
6.000
6.290
6.640
6.300
6.550
6.440
6.750
6.420
6.190
5.970
6.350
6.460
6.280
6.320
6.640
6.700
7.060
7.060
7.400
6.730
6.120
5.560
5.050
4.890
5.410
5.210
5.330
5.140
5.150
5.110
5.110
4.860
4.970
5.090
5.050
4.920
4.790
4.960
4.820
4.730
4.850
5.390
5.270
5.100
5.220
5.260
5.010
5.020
5.280
5.120
5.420
5.430
5.830
5.640
6.250
6.050
6.090
6.780
6.780
6.740
6.600
6.900
6.960
7.060
7.420
7.370
7.720
7.020
6.380
5.800
5.280
5.390
5.440
5.110
5.320
5.910
6.080
5.800
5.760
5.680
5.670
5.320
5.230
5.820
5.700
5.180
4.710
4.280
4.760
5.300
5.760
6.350
7.040
7.470
6.960
7.550
8.400
8.740
8.360
8.400
9.270
9.620
9.470
10.260
10.410
10.070
10.200
9.990
9.960
9.990
10.140
9.740
8.850
8.830
8.110
7.370
7.840
7.780
7.500
7.360
7.150
6.540
6.550
6.330
6.380
6.680
6.470
6.410
6.430
6.220
6.110
6.440
6.530
6.860
6.580
6.490
6.400
6.720
6.800
6.710
6.550
6.320
6.180
6.330
6.290
6.250
6.570
6.660
6.150
5.900
5.960
5.990
5.790
5.630
5.580
5.530
5.690
5.470
5.310
5.300
5.310
5.350
5.280
5.230
5.150
5.020
4.990
4.870
4.910
4.750
4.730
4.670
4.650
4.660
4.660
4.650
4.700
4.660
4.580
4.520
4.520
4.500
4.440
4.370
4.320
4.320
4.290
4.240
4.360
4.370
4.390
4.340
4.500
4.480
4.520
4.540
4.590
4.530
4.530
4.540
4.330
4.210
4.590
4.560
4.470
4.530
4.520
4.680
4.710
4.880
4.860
5.070
5.000
4.750
5.040
4.730
4.590
4.600
4.510
4.410
4.390
4.380
4.440
4.530
4.480
4.390
4.400
4.270
4.190
4.240
4.190
4.410
4.350
4.260
4.210
4.270
4.180
4.130
4.120
4.150
3.980
3.950
3.960
3.960
3.930
3.880
3.940
3.960
3.900
4.040
4.000
4.020
4.050
4.110
4.080
4.040
3.920
3.930
3.850
3.730
3.800
3.790
3.870
3.980
4.230
4.440
4.040
3.900
3.950
3.950
3.890
3.850
3.870
3.820
3.810
3.720
3.690
3.750
3.740
3.680
3.800
3.760
3.840
3.590
3.680
3.580
3.530
3.560
3.520
3.500
3.490
3.450
3.430
3.380
3.380
3.340
3.410
3.430
3.530
3.490
3.490
3.470
3.420
3.450
3.440
3.400
3.420
3.450
3.410
3.370
3.350
3.420
3.410
3.430
3.370
3.440
3.480
3.610
3.280
3.220
3.230
3.180
3.180
3.130
3.140
3.140
3.140
3.150
3.110
3.110
3.080
3.100
3.140
