0.590
0.100
-0.220
0.250
-0.240
0.230
-0.430
0.050
0.810
-0.260
-0.430
-0.370
0.360
0.200
-0.280
0.780
0.030
0.200
-0.350
0.200
-0.030
0.570
0.200
0.440
0.390
-1.020
-0.780
0.130
0.010
-0.390
-0.390
-0.510
-0.050
-0.240
-0.190
0.280
0.450
-0.050
0.180
0.000
0.240
-0.160
-0.340
-0.130
-0.490
0.000
0.000
0.170
0.590
-0.340
-0.180
-0.650
-0.010
0.120
0.040
-0.150
-0.230
-0.630
-0.180
0.100
-0.680
0.080
0.350
0.160
0.020
-0.520
0.130
0.020
-0.500
0.190
0.470
-0.110
0.110
-0.270
-0.180
0.230
-0.020
-0.170
0.700
-0.240
0.010
-0.170
0.540
0.250
0.110
0.890
0.190
0.000
0.070
-0.170
-0.010
-0.220
-0.030
0.140
-0.170
0.000
0.130
0.140
0.320
-0.100
0.360
-0.210
-0.190
-0.100
0.250
0.120
-0.220
0.390
-0.360
-0.070
-0.400
-0.570
-0.210
0.310
-0.360
0.320
0.190
0.200
0.170
-0.330
0.080
-0.020
0.110
-0.260
-0.250
0.250
-0.290
-0.410
0.010
0.100
-0.110
0.610
-0.350
-0.170
-0.070
0.540
0.170
0.160
-0.460
-0.130
0.090
0.000
-0.490
0.180
-0.020
0.020
-0.010
-0.370
-0.080
-0.130
0.090
0.280
-0.870
-0.090
0.130
-0.320
0.030
0.470
-0.420
-0.060
0.220
0.040
0.280
0.060
-0.630
-0.240
0.190
-0.040
-0.310
0.240
-0.360
0.350
-0.230
-0.940
0.230
-0.070
0.050
1.580
0.060
-0.250
0.460
0.000
-0.560
0.290
0.580
-0.330
-0.050
0.040
-0.160
1.520
-0.160
0.140
0.170
0.090
0.240
0.150
-0.350
-0.330
-0.050
0.460
-0.160
0.030
0.160
0.030
0.040
-0.220
-0.190
-0.320
0.000
0.240
0.390
0.010
-0.130
-0.230
0.100
0.270
-0.540
0.870
-0.190
0.520
-1.240
-0.050
-0.450
0.180
0.380
-0.330
-0.080
-0.100
0.170
-0.100
0.490
-0.200
-1.450
0.400
-0.100
-0.520
-0.130
-0.140
-0.360
0.470
0.200
-0.470
0.310
-0.470
0.230
1.840
0.220
-0.390
0.190
-0.170
0.350
0.800
-0.090
1.280
-0.240
-1.830
-0.220
-0.090
0.090
-0.500
0.260
-0.140
0.380
1.470
1.340
-0.240
-0.190
0.040
0.670
0.190
0.010
-0.590
-0.610
0.340
-0.360
-1.380
-1.980
-2.200
-2.360
0.140
1.350
2.070
-0.540
0.540
1.880
0.620
-0.630
1.510
-0.900
0.230
0.630
-0.300
0.370
1.580
0.560
0.880
-0.310
-0.210
-0.320
0.140
-0.480
-0.240
0.220
0.420
0.320
-1.640
0.810
-0.180
0.160
0.700
-0.550
0.050
0.850
0.190
1.320
-0.040
0.170
-0.610
-0.100
0.170
-0.400
-0.230
0.860
-0.020
0.710
1.040
-1.290
-1.440
0.220
-0.620
0.750
0.520
0.060
-0.980
-1.600
-1.780
0.700
-1.900
0.290
-2.070
0.070
-0.310
0.340
-0.340
0.240
1.300
0.540
0.030
-1.020
1.060
-2.100
0.140
-0.610
1.670
0.400
-2.140
-0.460
1.290
0.190
-0.290
-0.100
1.450
0.340
-2.140
1.140
1.840
1.670
1.520
-1.680
-1.880
1.410
-0.640
-0.630
-0.470
1.490
-1.960
-2.180
-1.880
0.310
0.020
-2.580
-0.300
-0.630
-0.810
-1.280
0.640
-0.650
1.010
-0.930
-2.070
1.100
2.710
-1.280
0.080
1.000
0.280
0.150
0.660
2.380
2.170
1.970
1.790
1.630
-0.150
0.310
0.410
-0.130
0.200
-0.530
-0.380
-0.010
1.010
0.410
-0.050
0.380
0.000
0.590
0.080
0.090
-0.450
-0.090
0.150
-0.350
-0.440
0.020
0.520
-0.030
-0.140
0.140
-0.320
-0.130
1.380
0.310
-0.060
0.220
0.410
-0.270
-0.830
-0.320
0.060
0.430
-0.150
0.150
0.060
-0.420
0.130
0.370
-0.670
-0.040
-0.010
1.180
-0.390
0.540
1.190
0.750
-0.100
0.030
0.040
0.470
0.170
-0.160
-0.240
-0.210
-0.060
0.130
0.010
-0.640
0.330
-0.060
-0.380
-0.190
-0.260
0.310
0.540
-0.090
0.090
0.330
0.120
0.050
-0.190
0.120
-0.120
0.130
-0.530
-0.100
0.480
-0.080
-0.130
-0.190
1.050
-0.240
-0.480
0.130
0.100
0.050
0.190
-0.140
0.400
0.250
-0.290
-0.140
0.100
0.620
-0.070
-0.070
0.490
0.020
0.010
-0.150
0.090
-0.010
0.000
0.320
0.140
-0.250
-0.220
0.380
-0.220
-0.050
0.080
-0.320
-0.190
0.270
0.000
-0.240
-0.360
0.120
