7.860
7.790
7.530
7.660
7.720
7.710
7.820
7.760
7.810
7.440
7.530
7.760
7.750
7.800
7.900
15.990
15.820
16.150
15.700
15.830
15.920
15.980
15.520
15.570
15.570
14.600
14.820
15.110
14.880
14.600
13.270
13.800
14.580
15.210
15.030
14.700
13.360
13.310
13.290
13.660
14.060
14.140
14.400
14.420
14.570
14.680
14.820
14.660
14.360
14.060
14.060
14.650
14.500
14.630
14.880
15.040
15.360
15.730
15.680
16.000
16.120
16.420
16.530
16.730
16.420
16.070
16.520
16.660
16.060
15.590
15.590
15.580
15.940
15.990
16.010
16.130
15.970
15.990
15.950
16.070
16.080
16.260
16.470
16.340
16.290
16.190
16.440
16.450
16.310
16.400
16.350
16.490
16.090
15.890
16.080
16.430
16.430
16.480
16.940
18.430
17.830
17.630
17.600
17.890
18.150
18.490
18.500
18.410
18.380
18.730
18.280
18.230
18.240
18.280
18.330
18.650
18.520
18.280
18.190
18.180
18.130
17.310
17.050
17.220
17.170
16.910
16.850
17.250
17.430
17.990
19.150
19.050
18.750
19.010
19.110
19.000
18.700
19.150
19.350
19.150
19.160
19.930
20.200
20.320
20.550
20.800
20.850
20.660
20.250
20.590
20.530
20.690
19.930
20.020
20.590
20.160
21.040
19.590
20.130
20.020
18.850
18.710
20.750
21.210
20.490
21.250
21.630
19.670
18.960
17.240
16.180
16.250
15.730
15.620
14.870
14.750
15.250
15.350
15.300
15.190
15.680
15.830
15.780
16.250
17.370
17.740
17.650
16.920
17.240
17.530
17.290
17.460
17.990
17.860
16.600
17.050
16.260
16.400
16.250
16.240
15.750
15.780
15.510
15.880
16.500
16.440
16.100
16.300
15.740
15.450
15.530
15.540
15.500
15.780
15.200
15.420
14.980
14.430
13.890
14.280
14.500
13.990
13.900
14.230
14.830
14.590
14.360
15.030
15.270
14.080
13.840
14.580
14.970
16.600
16.060
15.890
16.000
14.900
14.530
14.350
13.490
13.850
13.970
13.700
13.620
13.150
13.590
13.090
14.230
15.050
15.710
15.150
15.100
15.920
16.220
15.650
15.150
15.970
15.250
15.500
15.040
16.690
17.730
19.690
19.120
20.380
22.600
22.160
22.090
21.960
22.870
21.940
20.670
21.640
21.350
21.400
20.750
20.270
20.290
20.580
19.910
20.060
20.730
20.560
21.980
22.450
22.310
22.170
20.590
20.600
19.000
20.170
19.560
19.200
19.160
19.580
19.190
18.820
18.970
19.540
18.980
18.980
19.560
19.510
20.000
18.850
18.320
18.060
17.100
17.030
17.500
17.720
17.540
18.390
18.700
19.560
17.780
16.160
17.000
16.860
16.060
16.000
15.030
14.950
15.650
15.400
15.700
14.540
14.800
14.820
13.770
13.360
13.930
12.660
14.060
15.450
15.520
16.140
14.840
13.940
13.840
15.380
17.090
18.260
16.670
15.450
17.170
19.080
21.210
23.530
26.160
27.330
30.450
28.120
26.000
23.900
22.900
22.690
20.630
19.490
19.300
18.680
16.980
18.820
19.930
20.700
19.130
21.240
23.550
24.600
23.340
21.230
20.330
18.490
17.490
18.310
20.360
20.480
18.620
16.930
15.390
17.100
19.000
21.110
23.450
26.050
28.930
28.930
32.140
35.790
37.650
34.900
33.600
33.500
34.900
33.400
36.180
36.990
37.980
37.440
37.480
38.380
37.940
36.500
36.590
38.250
35.110
34.580
34.300
36.390
37.590
35.750
34.740
35.120
36.100
36.440
35.130
31.950
31.640
31.450
31.910
32.040
30.900
28.310
27.900
26.790
26.880
26.290
26.020
24.790
26.070
26.860
27.250
27.230
26.110
25.760
27.100
25.720
25.590
26.660
27.760
27.760
27.230
27.540
27.830
25.300
23.000
20.910
19.010
18.800
18.860
18.820
17.500
18.070
17.550
17.450
17.520
17.820
17.840
17.860
17.960
18.320
18.230
18.230
18.440
18.520
18.350
18.280
17.990
17.680
17.670
17.950
17.960
17.910
17.970
17.870
17.880
17.260
17.220
17.220
17.340
15.850
15.540
15.480
15.830
15.840
15.900
15.710
15.790
15.590
15.470
15.100
14.720
14.430
14.880
15.400
15.490
15.540
15.310
15.460
14.680
14.670
14.590
14.400
14.280
14.170
