42044.39
37540.32
56488.95
49628.53
22427.17
35092.72
37728.74
27980.78
52932.57
31303.62
38242.34
42038.54
34505.39
38536.68
33331.80
50202.80
33768.63
24237.98
35109.16
31430.76
28951.11
38834.30
20402.44
19241.20
21785.26
40604.78
44312.25
27386.64
28898.42
40226.18
48454.39
35321.49
38310.83
24300.80
27515.21
50164.90
33447.35
22337.42
30467.64
26039.38
52801.92
40721.65
37437.11
26709.15
20267.91
23291.68
49505.87
28240.71
56624.12
76192.71
50037.97
49332.92
50457.68
37550.11
49581.00
28793.71
23646.56
45648.35
27002.91
43530.72
28869.48
24097.23
28857.20
40789.98
24474.22
31612.99
37299.67
41187.17
53690.28
33287.72
34504.81
45532.71
48460.96
31545.94
34700.26
25022.60
25155.26
20416.49
27674.32
40951.05
23406.06
16037.70
46286.98
22818.84
14153.55
22103.62
21944.20
27473.51
25400.46
17692.78
23328.06
37130.31
27705.77
61853.40
29102.34
17642.30
26256.96
26558.68
53587.90
24056.59
23324.38
19088.54
20519.83
15680.79
20936.43
37826.17
22990.36
26914.58
32581.18
21344.17
28523.92
46005.70
35188.38
36855.45
18282.48
17779.40
23598.51
31727.64
35405.00
68095.62
41704.48
65257.38
20763.89
34687.67
21225.12
17878.11
20062.29
26001.43
31095.55
14678.13
24711.24
30831.59
30471.87
25051.26
39202.75
32029.02
41780.00
50332.44
34495.59
54475.78
25271.74
38923.09
42060.81
30628.33
27941.82
26752.37
58830.62
49253.01
22369.67
39078.70
34015.04
26424.27
26083.84
19377.69
18337.76
13399.81
24470.55
39920.49
35902.65
17804.96
30004.49
34193.83
16047.80
20619.27
18690.81
20636.42
19512.39
43596.10
20137.33
32951.62
46813.07
43762.39
26246.52
11483.32
14079.92
14123.28
30389.31
18957.03
12690.92
16143.98
19286.02
41736.75
21103.62
29603.50
23705.69
22360.01
17915.82
37176.08
12671.90
29606.17
39037.23
34892.60
12852.10
18527.65
16255.88
38238.81
16222.51
16705.78
29645.15
20625.83
19138.70
18572.24
17185.97
40401.44
21170.52
38055.57
21436.45
25362.58
22779.42
19914.26
20812.70
19140.91
31005.99
43754.06
88378.69
34110.13
23352.83
31939.72
20944.71
39289.67
22007.40
20308.48
21793.64
24039.07
26541.42
31701.85
29007.37
39643.99
39228.06
35555.67
23623.53
28871.45
33009.49
17733.84
41431.66
23352.89
26811.01
29230.85
53448.28
53119.45
57481.67
45545.63
50725.20
47347.70
41707.73
29488.64
26014.95
38022.40
28147.60
24282.23
63642.69
20129.51
13984.51
20884.48
16749.33
19019.26
24705.18
19643.57
27322.01
25587.29
37775.06
23882.09
18753.53
37261.66
64798.13
24760.76
21876.69
53949.65
29806.92
13230.44
18120.26
17785.34
11674.40
18706.18
25501.57
20889.43
28380.34
11785.69
22202.73
28145.61
18894.11
49277.13
33505.89
27799.18
27173.69
13517.89
28636.26
56474.86
46079.49
17156.55
13915.10
15156.68
24990.28
35459.38
29672.22
33708.50
14236.68
18593.04
19029.26
28664.37
54274.25
23339.09
119284.68
23156.02
25536.39
48424.92
25047.85
25146.07
19457.34
27782.60
36688.05
48337.65
44756.16
62068.02
21412.06
41766.61
38547.45
70568.94
28820.95
24250.97
36356.33
45277.83
16320.08
25727.46
16402.60
26147.22
39345.55
85838.69
40193.28
47942.66
34004.59
47712.46
28332.71
39480.65
33129.02
37460.89
27759.86
14238.46
18892.56
20349.11
19223.16
19470.18
14227.67
16624.75
15156.99
17842.08
19178.02
23090.24
17903.00
29840.41
22280.92
13750.45
22733.48
21832.29
40968.66
59110.22
27371.23
26681.19
34776.06
29201.98
40287.23
29702.58
44510.09
8148.68
23760.90
31908.91
17349.69
19673.87
20147.66
15774.33
25594.52
11542.95
15577.88
22374.97
28402.45
59391.89
28460.20
24253.21
20144.80
15088.39
20701.34
13035.48
13786.71
14119.77
17393.68
19255.09
20848.71
22386.83
47891.45
18877.54
33440.03
16220.72
18804.53
24249.81
20469.02
20994.73
22274.23
15262.76
19725.54
21986.35
23916.70
28397.18
16180.85
23815.50
28729.76
40527.29
21695.71
49982.58
30809.72
23173.29
15298.20
12257.91
13454.35
16559.22
22572.79
43346.26
56277.34
23720.30
22349.14
14784.29
26121.45
19238.43
16550.13
15213.39
15751.13
49030.00
15721.74
34391.79
11634.63
18409.82
12341.10
24455.97
13886.74
22344.32
16457.40
16527.67
15642.76
26423.00
37198.02
51884.34
86175.55
16932.14
26852.48
35215.16
33098.58
32216.42
106945.46
87432.69
62730.19
89925.83
87052.01
91572.53
123080.58
89812.84
75620.61
39645.03
50261.80
51285.52
53858.32
30666.90
35180.25
45824.34
50897.05
56496.43
39521.34
39249.80
43143.85
59533.96
54553.03
40736.64
41134.00
66507.43
86703.57
76944.15
57390.09
64748.10
70855.10
51789.96
67933.55
56418.53
72814.33
104077.46
96768.30
148926.16
256149.30
138203.34
289140.53
167562.23
272799.66
109605.31
118459.72
103326.54
126298.19
165071.67
99332.01
66521.66
95706.94
81247.34
67608.66
61506.50
58388.81
69303.84
100014.22
90909.52
52954.54
80462.08
77851.86
96007.97
85738.23
92362.73
46424.03
64635.60
65816.70
57783.09
60884.99
46934.79
60914.68
67473.62
66649.06
47669.13
63771.50
47637.77
35363.24
54185.07
41853.29
58913.41
47031.29
61345.70
57805.59
68102.90
60324.32
73700.03
54739.02
64064.07
59300.57
87291.77
78973.35
100531.23
86030.12
134635.06
122401.88
130588.71
192094.91
86014.17
55005.20
81903.13
91356.09
102019.46
62399.73
135857.16
59824.33
51210.88
62981.61
76875.23
88130.97
63451.39
40144.59
67105.25
42240.30
60079.44
40979.01
51373.71
33539.77
39304.46
45904.08
31160.97
25479.27
38496.40
40583.39
29637.06
43486.03
25470.66
36206.24
40662.23
42999.60
31098.70
63370.94
62297.72
59935.12
34172.55
39521.08
40127.05
25050.98
22894.79
53638.87
87293.58
37102.38
41239.62
35293.71
27792.80
33983.36
47508.34
32492.54
30680.66
41883.62
35649.06
33084.55
38254.81
52674.74
61022.74
64679.37
39978.06
48585.52
52403.44
36708.08
49914.59
53982.20
40525.30
54797.84
55020.01
94515.17
46269.36
56171.10
89838.65
42677.49
44071.68
63554.59
85650.82
73623.81
49631.06
38567.50
60020.47
51129.44
70964.32
51055.16
54882.15
106656.11
151890.28
100894.31
112901.44
117781.43
117322.64
99268.19
121740.01
88288.18
96551.51
63858.97
53231.30
53878.99
41990.78
46258.41
46290.74
63497.80
150416.23
75225.08
49155.56
30823.75
47706.89
62325.21
41507.31
36362.97
76719.79
55943.90
24670.06
36421.70
49087.02
21423.44
20548.41
27970.69
19980.07
31917.34
22836.41
39911.28
32910.08
30976.59
23949.69
22238.05
28895.94
53176.38
43147.71
36244.91
45652.82
21574.19
23488.59
22716.65
56851.44
43448.96
34546.11
37191.54
22665.99
26482.04
25841.28
34823.15
32543.86
17356.01
31875.54
17867.72
20562.81
34731.95
23975.87
42042.25
41246.13
16450.24
23838.83
17618.03
13828.67
16589.60
15376.72
18636.71
18872.73
37084.95
32095.77
41698.27
21802.68
22958.94
34454.03
19604.36
20070.72
23819.42
25396.49
20317.23
38357.97
38848.20
43259.99
25206.31
54876.29
36017.00
42968.99
27833.58
35682.40
27836.33
29820.62
30143.22
74896.91
20191.17
24459.33
58787.98
46534.81
18432.86
12159.88
14328.60
21091.60
