24.650
24.900
25.000
24.740
24.570
24.370
24.750
24.910
23.830
22.940
23.100
23.090
23.630
23.460
23.460
23.710
23.590
23.840
23.300
22.830
22.700
22.660
21.600
21.680
21.690
21.430
21.820
22.100
22.490
22.010
21.720
21.560
21.920
21.870
21.920
22.260
21.530
21.040
20.880
20.560
20.500
20.630
20.420
20.640
20.940
20.970
20.930
20.630
20.440
20.150
18.770
18.650
18.070
17.900
18.320
18.390
18.230
18.430
18.610
18.760
18.460
18.740
18.990
18.920
18.880
18.280
18.370
18.850
18.720
18.550
18.590
18.970
19.630
19.330
19.330
19.360
19.170
19.190
19.230
19.170
19.200
19.610
19.710
19.420
19.150
19.390
19.330
19.440
19.500
19.770
19.580
19.750
19.510
19.390
19.160
19.600
19.620
19.880
20.060
19.940
19.970
20.150
20.110
20.290
19.610
19.510
19.170
19.130
19.400
19.310
19.060
19.100
19.320
19.150
18.980
19.240
19.890
20.860
20.880
20.570
20.770
21.070
21.040
21.260
21.140
21.650
21.940
22.030
21.930
21.320
20.940
20.670
20.940
20.960
20.740
21.200
21.270
20.770
21.930
22.000
22.000
21.930
21.500
21.990
23.030
22.590
22.590
22.890
20.820
21.190
21.240
21.300
21.680
21.690
21.530
21.260
20.880
20.950
21.180
21.390
21.310
21.490
20.760
20.720
20.930
20.580
20.410
20.520
19.860
20.420
20.250
20.970
21.100
20.790
20.660
20.700
20.730
20.660
21.660
21.740
21.720
21.740
21.830
21.920
21.920
22.050
21.960
21.400
22.070
21.680
21.420
21.910
20.450
20.590
20.840
20.830
21.160
20.650
20.530
20.650
19.750
19.340
19.620
19.770
19.620
19.730
19.990
19.410
19.190
18.850
18.480
18.670
18.760
18.860
18.770
18.700
18.570
18.270
18.580
18.640
18.260
18.040
18.300
17.910
17.760
17.530
18.390
18.040
18.230
18.970
17.990
17.840
18.320
18.300
17.990
17.920
18.450
18.150
18.000
18.110
17.850
17.390
17.530
17.670
17.580
17.780
17.600
17.620
17.350
17.250
16.960
16.660
16.960
17.130
16.760
16.940
16.980
16.730
16.910
16.530
16.470
17.240
17.510
17.690
17.920
17.200
17.420
17.490
17.100
16.910
16.900
16.940
16.390
16.630
16.300
16.080
16.270
16.640
17.220
17.150
16.880
16.480
16.210
16.200
16.460
17.600
16.940
16.760
16.380
16.560
16.310
16.290
15.070
15.780
15.600
15.650
16.110
16.050
16.230
16.350
16.180
16.230
15.810
15.430
15.430
15.800
15.820
15.430
15.520
15.530
14.800
15.270
15.570
15.450
15.560
15.480
15.520
15.320
14.700
14.230
14.490
14.520
14.020
14.030
14.000
14.500
14.440
14.120
14.770
14.910
14.220
13.720
14.490
14.780
16.430
16.390
16.580
16.590
17.210
17.150
16.990
16.260
15.990
15.550
15.230
15.240
14.990
14.700
14.170
14.520
14.820
16.340
16.220
16.280
16.670
16.900
15.800
15.400
16.170
15.450
15.850
15.350
16.320
16.090
17.880
17.360
17.620
19.330
20.220
19.730
19.330
20.250
20.270
20.220
21.270
20.200
19.600
18.990
18.830
18.660
18.100
17.600
17.930
17.760
17.710
18.240
18.130
18.090
17.400
17.920
18.250
17.070
18.800
19.420
19.340
19.220
19.890
19.740
18.990
19.660
19.000
17.440
17.760
18.230
17.890
18.400
17.250
17.130
17.110
16.110
16.180
17.220
16.860
16.490
17.190
16.970
17.500
17.030
15.470
16.140
14.980
15.410
15.470
15.010
15.100
14.710
13.860
13.590
13.160
13.210
13.630
13.280
13.590
13.300
13.550
13.690
13.380
13.860
13.720
13.030
13.900
15.440
17.150
16.360
15.090
15.160
13.780
12.530
11.390
10.500
11.670
12.980
14.200
13.880
15.280
16.750
15.590
17.120
19.030
20.090
19.640
19.650
21.300
22.570
22.700
23.880
23.680
23.760
22.490
22.190
22.560
23.180
22.450
23.280
23.060
21.210
19.280
18.960
19.980
19.570
19.190
19.000
19.130
17.390
17.400
17.020
17.150
17.310
17.160
17.680
17.890
17.700
16.610
16.490
15.790
16.250
15.800
15.820
15.590
16.080
16.060
16.460
16.410
16.050
16.080
16.000
15.960
15.730
16.500
16.740
16.280
15.670
16.130
16.580
15.880
15.770
15.690
15.530
15.330
15.350
14.800
14.580
14.300
14.570
14.490
14.350
14.310
14.250
13.960
13.690
13.660
13.870
13.950
13.730
13.710
13.730
13.730
13.570
13.740
13.660
13.700
13.290
13.380
13.420
13.350
13.110
12.950
12.910
12.970
13.030
13.220
13.520
13.210
13.040
12.730
12.760
12.840
12.670
12.710
12.590
12.550
12.630
12.440
12.070
12.320
12.170
12.000
12.060
11.910
12.320
12.380
12.440
12.600
12.370
12.460
12.210
12.170
12.450
12.360
12.320
12.150
12.170
12.640
12.810
12.850
13.200
13.380
13.120
13.090
12.800
12.500
12.860
13.120
13.390
13.230
13.190
13.090
13.100
13.240
13.420
13.360
13.090
13.060
12.980
13.290
13.060
12.850
12.860
12.980
12.970
12.760
13.300
13.090
13.370
13.300
13.440
13.570
13.620
13.880
13.330
13.200
12.940
12.590
12.460
12.980
13.170
13.400
13.330
13.610
13.970
14.020
13.800
13.640
13.800
14.070
13.960
13.910
13.800
13.920
13.990
13.370
13.270
13.350
13.230
13.120
12.910
13.540
13.640
13.520
13.460
13.360
13.350
13.110
13.200
13.320
13.090
12.820
12.650
12.670
12.650
13.170
12.980
12.970
12.830
13.060
13.180
12.920
12.640
12.740
12.350
12.270
11.880
11.830
11.950
11.950
11.920
11.740
11.840
11.810
12.100
11.800
11.830
11.800
11.430
11.420
11.410
11.630
11.350
11.500
11.640
11.590
11.150
11.420
11.360
11.590
