-0.200
0.000
0.340
-0.010
-0.170
0.240
-0.290
-0.160
0.060
-0.190
-0.640
0.060
0.340
-0.330
0.040
-0.020
-0.490
0.000
0.390
1.080
0.150
0.520
-0.410
-0.110
0.300
-0.660
0.240
-0.030
0.610
0.280
-1.040
-0.190
0.730
-0.450
0.230
0.590
-0.170
0.320
0.900
-0.640
0.210
-0.990
-0.440
0.530
-1.150
0.230
0.280
0.990
0.910
0.140
-0.180
-1.020
-1.130
-1.250
1.140
1.040
0.940
0.860
0.780
0.710
-0.090
0.060
0.070
-0.080
0.100
0.180
-0.020
-0.070
-0.020
0.120
-0.060
0.100
-0.060
-0.050
-0.020
-0.050
0.060
-0.080
0.010
0.050
-0.090
-0.080
0.040
0.030
-0.190
-0.050
-0.120
0.160
-0.020
0.130
-0.090
0.120
-0.160
-0.080
0.040
0.010
-0.050
0.390
0.040
-0.120
0.000
0.000
-0.030
0.120
0.030
0.100
-0.080
-0.050
0.240
-0.270
-0.100
-0.190
-0.080
-0.300
0.540
0.080
0.250
0.610
0.030
0.030
-0.020
-0.080
0.020
-0.020
-0.020
0.030
0.030
-0.030
0.040
0.020
0.040
-0.020
0.070
-0.390
-0.040
0.000
0.030
0.010
-0.060
-0.080
0.050
-0.050
-0.060
0.080
-0.040
-0.120
0.010
0.030
-0.010
-0.090
0.160
0.010
-0.030
0.030
0.100
0.120
-0.090
0.090
0.020
-0.060
0.060
-0.100
0.040
0.030
-0.150
-0.030
-0.100
-0.060
0.100
0.020
-0.020
-0.060
0.100
-0.170
-0.070
0.240
-0.060
0.210
0.120
0.040
0.030
-0.040
0.020
-0.090
-0.050
-0.020
-0.020
0.030
0.150
0.000
0.070
-0.210
-0.110
0.090
0.130
0.030
-0.020
0.040
-0.060
0.020
-0.040
0.130
0.020
-0.100
-0.090
0.090
0.010
0.000
-0.040
0.090
-0.020
0.090
0.070
-0.160
-0.050
0.330
0.050
-0.050
0.020
0.000
0.040
-0.110
-0.060
0.050
-0.340
0.060
-0.020
0.000
0.010
-0.040
0.070
-0.090
-0.080
0.110
-0.040
0.060
0.250
-0.020
-0.010
-0.050
0.070
0.120
0.020
0.000
-0.010
0.070
0.180
-0.120
-0.020
0.040
-0.050
-0.030
0.100
0.010
0.150
0.020
-0.340
-0.030
-0.010
-0.050
-0.010
0.040
0.030
0.210
-0.080
0.040
-0.010
-0.040
-0.120
0.080
0.060
-0.070
-0.270
-0.070
-0.140
-0.710
0.120
0.010
-0.150
0.020
-0.220
0.660
0.070
0.190
-0.020
0.030
0.240
-0.160
-0.060
0.070
-0.180
0.060
-0.030
0.120
0.190
0.140
-0.110
-0.060
0.260
-0.050
-0.050
-0.200
0.060
0.110
-0.160
0.040
0.250
0.350
-0.330
0.090
-0.640
0.070
-0.080
0.130
-0.020
0.030
0.030
0.250
-0.060
0.000
0.090
0.020
0.220
-0.110
0.190
-0.300
-0.100
-0.570
0.110
0.090
-0.270
-0.050
0.220
0.050
-0.290
0.180
-0.300
0.100
-0.520
0.100
-0.780
0.180
-0.200
-0.800
-0.080
0.030
0.120
-0.300
0.160
-0.100
-0.190
0.030
-0.090
0.090
0.200
-0.070
-0.090
0.280
0.030
0.070
-0.060
-0.460
0.410
0.810
0.100
0.020
0.040
-0.120
-0.610
-0.150
0.360
-0.060
0.070
-0.010
0.300
-0.180
-0.080
0.300
-0.190
-0.170
0.160
0.080
-0.060
0.280
0.180
0.390
-0.080
-0.160
-0.050
0.050
0.000
-0.080
0.110
0.170
0.250
-0.790
0.090
-0.030
0.170
0.310
-0.290
0.160
0.380
0.160
0.330
0.090
-0.120
0.200
-0.170
0.130
-0.210
0.020
0.190
0.030
-0.250
0.590
-0.520
-0.680
0.020
-0.170
0.260
0.430
0.160
-0.230
-0.750
-0.110
0.700
0.480
-0.560
-0.800
-0.890
-0.670
-0.540
0.110
-1.110
0.480
0.090
0.470
-0.230
-0.110
0.600
0.350
0.040
-0.160
0.860
-0.510
-0.090
0.030
0.820
-0.640
-1.020
-0.360
0.370
0.000
-0.050
0.570
0.690
0.340
-0.960
0.510
0.830
0.760
0.690
-0.760
-0.850
-0.450
-0.990
-1.080
-1.210
0.780
-1.260
-1.410
-0.540
0.620
-0.430
-1.600
-1.290
-0.560
0.840
0.260
0.120
-0.350
-0.300
0.860
-0.700
1.560
1.420
-0.210
0.800
0.920
-0.290
-1.440
-0.420
0.930
0.680
0.300
0.300
0.290
0.370
-0.260
-0.450
0.520
-0.160
0.310
0.530
0.340
-0.600
-0.590
-0.840
0.760
-0.010
-0.110
-0.760
0.210
-0.470
0.040
0.490
0.050
0.340
0.260
0.550
-0.710
0.120
0.200
0.200
-0.480
-0.340
0.260
-0.140
0.050
1.150
-0.030
0.150
-0.020
0.130
-0.290
-0.140
0.100
0.280
1.030
0.110
0.440
0.220
-0.250
0.460
-0.360
0.010
0.200
0.450
-0.050
-0.080
0.430
0.300
0.100
0.070
0.050
0.000
0.140
0.100
0.140
-0.120
0.380
-0.200
-0.340
0.010
0.070
-0.290
0.000
0.180
-0.070
0.170
0.380
-0.040
0.120
0.230
-0.050
-0.390
0.070
0.210
0.050
0.070
-0.390
-0.410
0.390
0.370
0.350
0.330
0.320
-0.090
-0.190
0.120
0.190
0.200
0.040
-0.320
-0.290
0.040
-0.280
-0.010
-0.040
-0.180
-0.010
0.050
-0.030
0.060
-0.190
-0.080
0.200
0.020
0.040
-0.030
-0.010
0.060
-0.020
0.320
0.060
0.090
-0.210
0.050
-0.360
0.050
0.090
0.000
-0.060
0.140
-0.110
0.060
0.060
-0.020
0.200
0.180
-0.090
-0.300
-0.130
-0.170
0.320
-0.150
-0.190
0.110
-0.370
-0.260
-0.130
0.340
0.180
-0.230
0.360
0.230
0.080
0.230
0.320
0.040
0.130
-0.020
0.300
-0.130
-0.050
0.290
0.280
-0.010
-0.050
0.000
0.050
0.040
0.040
0.190
0.080
0.050
-0.010
0.030
-0.270
-0.110
0.010
0.030
0.010
0.260
0.020
-0.080
0.130
0.140
0.100
-0.010
0.020
0.120
0.010
0.130
-0.060
0.030
-0.010
-0.020
0.120
0.000
0.010
0.110
0.020
-0.020
0.010
-0.060
0.030
0.010
0.110
0.050
0.040
-0.090
-0.040
