7.340
7.290
7.260
7.310
7.320
7.330
7.310
7.230
7.190
7.230
7.390
7.430
7.430
7.330
7.350
7.250
7.290
7.170
7.200
7.270
7.320
7.200
7.150
7.110
6.990
7.130
7.220
7.110
7.030
6.910
7.140
7.340
7.370
7.290
7.300
7.230
7.270
7.280
7.230
7.580
7.600
7.640
7.800
7.880
7.950
7.810
7.710
7.700
7.690
7.630
7.980
8.000
7.990
8.160
8.290
8.450
8.620
8.630
8.600
8.520
8.640
8.510
8.610
8.470
8.480
8.770
8.730
8.790
8.790
8.630
8.620
8.740
8.760
8.750
8.920
8.880
8.900
8.650
8.600
8.380
8.490
8.500
8.500
8.480
8.310
8.310
8.280
8.270
8.290
8.500
8.570
8.440
8.360
8.300
8.410
8.390
8.390
8.420
8.370
8.400
8.330
8.250
8.210
8.190
8.260
8.160
8.140
8.160
8.050
7.940
7.930
8.000
8.160
8.550
8.580
8.780
8.870
8.940
8.870
8.950
9.000
8.920
8.740
8.720
8.870
8.990
8.910
8.860
8.920
8.820
8.720
8.810
8.820
8.700
8.580
8.650
8.510
9.270
9.250
9.340
9.280
9.250
9.230
9.490
9.560
9.410
9.480
9.580
9.610
9.610
9.620
9.620
9.570
9.650
9.680
9.750
9.680
9.620
9.620
9.590
9.630
9.500
9.560
9.520
9.410
9.400
9.300
9.360
9.550
9.530
9.680
9.780
9.540
9.580
9.410
9.610
9.360
9.550
9.510
9.670
9.670
9.720
9.580
9.410
9.310
9.420
9.500
9.960
9.920
10.080
10.030
10.130
10.150
10.360
10.110
9.990
9.570
9.700
9.730
9.770
9.780
9.820
9.750
9.780
9.720
9.530
9.440
9.720
9.950
9.860
9.750
9.830
9.800
9.800
9.800
9.620
9.880
10.050
10.780
10.840
10.450
10.150
10.180
10.250
10.060
10.050
10.200
10.410
10.100
10.130
10.030
9.880
9.980
9.960
10.020
9.860
10.130
10.260
10.100
9.870
8.640
8.950
9.180
9.030
9.210
9.180
9.000
8.660
8.270
8.240
8.860
9.160
9.300
9.240
9.210
9.040
8.900
8.530
8.470
8.500
8.380
8.500
8.500
8.280
7.960
7.900
8.100
8.310
8.220
8.160
8.100
8.400
8.270
8.800
9.250
9.200
9.080
8.870
8.870
9.040
9.200
8.940
8.950
8.940
9.150
9.730
9.750
9.720
9.730
9.210
8.960
9.080
8.950
8.950
9.350
9.210
8.910
9.020
9.260
8.770
8.910
9.120
9.090
9.370
9.090
9.150
9.120
8.540
7.910
8.220
8.330
7.720
7.610
7.990
8.150
8.210
7.900
8.260
8.750
8.220
8.000
8.650
8.850
9.800
10.120
10.500
10.800
10.290
11.100
10.550
10.070
9.650
10.290
9.850
9.400
8.700
8.800
8.420
9.080
10.210
11.310
11.880
11.500
11.720
12.080
11.050
10.310
10.510
9.600
10.900
10.530
11.880
12.980
13.960
14.000
14.150
16.840
17.280
16.070
15.400
16.310
15.230
14.900
15.550
15.500
15.150
13.500
13.530
13.150
12.500
12.250
13.200
13.010
13.040
13.700
13.910
12.990
12.200
11.030
10.600
9.860
9.680
9.840
10.030
9.140
9.410
9.500
8.700
9.100
8.730
7.910
7.420
8.120
7.780
7.300
7.340
6.950
7.180
6.820
6.670
6.690
6.670
6.540
6.270
6.350
6.470
6.390
6.110
6.250
5.800
5.890
6.020
5.870
6.010
7.300
7.080
7.080
7.000
6.790
7.000
7.100
7.890
8.770
9.740
10.860
10.130
9.450
9.690
9.520
9.400
9.710
9.180
8.930
8.450
8.220
8.160
8.230
8.550
8.530
8.410
8.470
8.300
8.450
8.350
7.900
8.000
8.290
7.960
8.040
8.300
7.300
7.220
7.050
6.960
6.830
6.780
6.840
6.850
6.300
6.140
6.030
5.980
6.040
6.010
5.850
5.960
6.020
5.980
6.010
5.980
5.950
5.960
5.920
5.800
5.880
5.810
5.640
5.540
5.660
5.720
5.630
5.700
5.620
5.790
5.840
5.890
5.820
5.800
5.720
5.660
5.830
6.030
6.080
6.090
5.970
5.970
6.360
6.400
6.140
6.300
6.320
6.190
6.140
6.020
5.910
6.100
6.160
6.360
6.340
6.220
6.150
6.270
6.370
6.330
6.250
6.200
6.220
6.180
6.170
6.230
6.110
6.000
5.990
6.050
5.980
6.260
6.210
6.420
6.570
6.440
6.430
6.390
6.430
6.540
6.610
6.590
6.270
6.220
6.340
6.370
6.310
6.220
6.330
6.480
6.490
6.480
6.540
6.790
6.880
6.600
6.500
6.370
6.330
6.230
6.220
5.980
5.890
5.880
5.680
5.610
5.840
5.800
5.650
5.720
5.680
5.600
5.670
5.600
5.510
5.400
5.320
5.220
5.300
5.270
5.420
5.530
5.520
5.560
5.540
5.550
5.480
5.400
5.460
5.550
5.520
5.360
5.260
5.330
5.270
5.290
5.200
5.270
5.250
5.340
5.290
5.160
5.080
5.050
5.170
5.190
5.170
5.150
5.150
5.210
5.310
5.290
5.270
5.160
5.250
5.220
