29.650
28.950
28.930
28.940
29.200
29.330
29.370
29.350
29.270
29.180
29.570
29.000
29.050
28.780
28.960
29.330
29.650
29.430
29.320
29.100
29.630
29.990
29.760
29.780
27.960
28.650
28.640
28.760
27.770
28.300
30.480
30.670
31.580
34.490
36.200
35.800
36.740
37.500
36.860
36.870
36.210
36.800
36.350
35.980
36.420
36.520
37.160
36.350
36.170
36.210
35.260
35.400
35.680
35.810
35.750
36.000
36.860
36.880
37.240
37.990
37.600
37.250
37.380
37.240
37.110
37.490
37.440
37.590
37.770
38.070
37.970
38.780
38.800
38.880
38.110
38.100
37.110
37.410
38.240
38.370
37.580
37.500
38.450
38.050
37.200
37.350
37.700
37.510
37.470
37.170
38.290
38.200
37.040
36.880
37.500
36.900
35.890
35.550
35.310
35.950
35.980
36.220
36.330
36.590
36.500
37.800
39.270
38.540
38.650
38.180
38.100
37.070
37.660
38.670
39.340
38.790
38.390
38.640
38.800
38.290
38.990
39.710
39.840
39.570
40.030
40.890
40.970
41.020
40.810
42.770
43.880
46.060
41.930
42.350
43.770
45.000
45.240
41.910
41.220
40.440
40.090
40.680
39.840
38.560
38.880
39.400
39.550
39.300
39.170
37.750
38.310
37.860
38.100
37.080
38.250
37.950
38.500
39.300
40.100
40.890
41.680
40.500
40.190
40.130
40.190
39.790
40.750
42.400
42.960
43.850
42.720
43.560
43.460
42.870
41.900
42.370
41.900
42.600
42.170
43.080
43.110
42.670
43.160
44.660
44.080
45.390
43.780
43.220
43.840
44.820
42.200
43.880
45.980
46.200
47.490
46.700
47.500
47.530
48.000
47.000
45.290
42.940
44.700
44.450
47.200
47.700
48.170
48.360
48.820
48.300
48.660
50.750
47.680
50.980
47.980
43.930
44.400
42.000
39.900
40.280
40.380
40.570
38.790
35.670
35.590
36.200
37.170
38.090
38.730
36.660
34.550
34.200
31.480
31.670
31.860
29.500
30.060
29.940
29.650
28.940
29.800
29.990
29.850
30.490
30.950
31.180
31.650
32.590
33.500
32.970
31.800
30.950
30.880
29.360
31.590
32.550
32.970
32.320
32.800
31.550
30.300
29.600
28.860
29.000
30.490
31.500
31.580
30.480
30.500
30.350
30.230
31.080
31.720
31.880
29.910
27.460
28.000
27.120
27.300
26.590
27.120
26.360
25.970
26.060
26.800
28.120
28.070
27.450
27.910
27.520
26.850
26.990
28.290
29.200
28.150
27.700
29.930
30.330
29.170
28.000
27.250
27.280
26.050
24.890
25.800
25.590
23.400
22.070
22.680
22.800
22.930
23.390
22.730
20.660
19.800
18.490
17.900
17.750
16.970
18.130
19.100
19.260
18.750
18.660
19.490
19.550
18.350
18.350
18.300
18.950
19.550
21.290
23.420
23.000
22.680
22.330
20.950
21.460
21.450
21.570
21.500
21.620
21.710
21.680
21.780
22.330
22.000
21.890
22.880
23.190
23.010
22.910
21.270
20.490
21.100
20.160
20.100
19.630
18.830
18.850
18.880
18.690
19.680
20.170
20.250
19.470
19.890
20.100
19.760
19.620
20.180
20.570
19.590
20.180
20.250
21.000
19.280
19.420
19.220
18.620
18.130
18.150
18.470
18.900
19.510
18.930
19.190
19.140
18.740
20.240
19.740
19.940
20.030
20.200
20.300
19.640
21.000
19.830
18.300
17.510
17.370
17.450
17.640
17.140
16.880
17.970
17.710
17.720
18.180
17.280
17.500
17.850
18.350
18.300
18.800
17.810
19.160
22.300
23.500
23.400
22.660
21.110
22.800
23.180
23.300
24.640
23.520
21.380
19.580
18.550
18.310
18.730
18.770
18.250
17.530
18.170
18.280
17.990
19.370
20.100
19.460
19.500
19.820
19.650
19.670
18.750
19.590
21.180
21.180
19.250
17.500
16.300
19.000
20.400
21.080
23.100
24.850
24.960
26.760
27.900
30.700
31.400
30.980
34.360
34.500
33.180
32.250
32.000
31.150
31.500
31.380
31.990
31.560
31.080
29.630
30.490
29.780
29.770
29.490
32.120
32.500
32.600
32.100
31.620
30.300
30.760
31.160
30.980
31.600
32.290
30.970
29.570
29.700
29.180
29.300
30.080
31.140
31.700
34.280
34.200
31.650
31.220
30.570
31.000
30.330
29.580
30.680
30.000
29.300
28.380
27.670
27.740
27.170
27.620
28.330
28.410
27.490
27.890
27.190
27.360
27.500
28.500
27.730
27.950
28.880
27.200
27.150
27.490
25.990
25.340
24.980
24.620
24.500
24.210
24.290
24.500
24.990
25.040
25.380
25.980
26.600
25.880
25.070
24.080
24.670
24.630
24.960
23.950
24.570
24.140
23.840
25.400
26.700
26.210
26.620
26.790
26.440
26.660
28.350
28.100
29.130
30.000
29.730
27.200
25.150
25.380
24.040
21.980
22.250
23.780
23.190
23.500
23.360
23.690
22.110
21.510
20.100
19.820
20.600
19.960
19.760
19.950
20.270
20.870
20.120
19.950
19.990
20.030
20.300
20.770
20.890
21.040
21.290
21.000
21.000
21.290
21.460
20.030
19.990
18.210
16.650
16.640
16.820
16.960
16.560
16.100
16.110
15.860
15.700
15.990
15.620
15.610
15.720
15.880
16.040
15.800
15.870
15.650
