5.760
5.750
5.720
5.680
5.660
5.690
5.680
5.710
5.630
5.650
5.860
5.800
5.830
5.990
5.700
5.690
5.610
5.640
5.610
5.690
5.620
5.640
5.800
5.370
5.340
5.410
5.470
5.430
5.410
5.350
5.460
5.630
5.720
5.680
5.850
5.600
5.500
5.470
5.600
5.730
5.730
5.720
5.870
5.950
5.910
5.940
5.960
5.940
5.990
6.010
6.190
6.240
6.330
6.480
6.620
6.700
6.800
6.830
6.860
6.810
6.900
6.920
6.920
6.850
6.760
6.900
6.970
7.000
7.060
7.080
7.150
7.200
7.220
7.200
7.260
7.220
7.170
7.230
7.220
7.210
7.240
7.300
7.310
7.270
7.260
7.310
7.320
7.350
7.380
7.390
7.340
7.350
7.320
7.220
7.340
7.350
7.470
7.310
7.310
7.260
7.240
7.130
7.170
7.120
7.060
7.060
6.980
6.990
7.040
6.930
6.850
6.900
6.860
7.320
7.600
7.660
7.710
7.720
7.690
7.670
7.720
7.680
7.600
7.550
7.690
8.020
8.100
8.100
8.140
8.140
8.080
8.030
8.050
8.060
8.070
8.120
8.090
8.510
8.470
8.540
8.400
8.390
8.410
8.550
8.540
8.570
8.610
8.660
8.600
8.670
8.760
8.750
8.780
8.800
8.870
8.940
8.710
8.720
8.700
8.700
8.710
8.750
8.800
8.850
8.840
9.000
9.060
9.060
9.010
8.860
8.940
8.740
8.710
8.760
8.800
8.790
8.680
8.690
8.720
8.710
8.700
8.760
8.740
8.370
8.350
8.370
8.370
8.620
8.780
8.800
8.770
8.790
8.850
8.750
8.760
9.050
9.500
9.440
9.170
9.090
9.100
9.020
9.070
9.160
9.240
9.220
9.260
9.220
9.150
9.150
9.680
9.860
9.880
9.790
9.640
9.540
8.900
9.040
9.100
9.130
8.890
8.910
8.930
8.970
8.980
9.320
9.600
9.950
10.390
10.400
9.830
9.630
10.100
9.640
9.720
9.780
9.530
9.870
9.150
8.380
8.380
8.440
8.450
8.220
8.200
8.230
8.200
8.100
8.290
8.470
20.750
20.490
20.740
20.680
21.660
20.840
20.980
20.580
20.600
20.300
20.090
20.550
20.660
20.490
20.580
20.040
19.880
19.370
18.530
18.430
18.450
18.780
18.780
18.900
18.490
18.490
18.500
19.090
18.890
18.490
18.380
19.160
19.140
20.150
22.250
21.760
21.390
20.830
20.210
20.860
20.950
22.000
23.470
22.700
21.680
23.180
22.850
23.680
21.680
21.990
21.550
20.190
18.550
18.280
18.450
18.610
17.760
18.370
18.360
18.570
18.970
18.590
18.880
18.460
17.200
18.170
18.880
20.790
20.890
21.570
21.680
21.270
21.850
21.300
20.080
18.400
19.250
19.380
18.620
18.870
19.000
19.190
20.320
20.900
22.690
22.880
24.180
23.510
23.300
24.960
27.200
26.990
28.490
31.550
34.340
32.340
29.980
29.500
28.930
27.880
26.540
30.370
27.610
25.100
27.890
29.790
31.680
34.720
32.800
34.340
34.250
36.600
35.220
33.690
35.900
38.600
38.800
43.000
44.330
42.000
40.380
42.100
42.980
41.820
39.880
38.560
35.200
34.500
32.000
30.990
31.300
33.300
32.160
30.000
30.790
28.080
27.840
25.870
25.500
24.140
25.230
25.450
24.100
23.850
22.500
21.400
22.000
22.880
23.110
23.680
23.450
24.500
25.510
25.990
24.650
22.640
22.850
21.420
20.130
19.800
20.330
20.800
21.150
19.410
19.660
19.490
19.860
19.300
19.680
17.890
16.380
15.800
15.820
15.920
16.100
16.860
16.390
16.380
16.550
16.430
15.880
15.990
15.850
15.680
15.990
15.910
15.050
15.480
15.450
15.710
14.970
13.710
13.720
13.690
13.350
13.360
13.370
13.320
13.090
12.900
12.500
12.600
12.850
12.940
12.890
12.900
12.740
12.860
13.090
13.250
13.490
13.580
13.490
13.150
13.150
13.220
12.150
12.370
12.360
12.200
11.950
12.120
12.140
12.390
12.150
12.080
12.130
12.180
12.560
13.050
13.050
12.510
12.280
12.570
13.290
13.660
13.630
13.960
14.200
13.770
12.850
12.550
12.510
13.470
13.210
12.500
12.500
12.790
12.710
12.750
12.300
12.200
11.950
11.670
11.770
11.470
11.070
11.190
11.080
10.800
10.750
10.860
10.560
10.840
10.710
10.860
10.640
10.690
10.750
10.500
10.400
10.550
10.460
10.250
10.150
9.720
9.900
10.200
10.300
10.280
10.580
10.790
10.820
10.720
10.690
10.620
10.750
10.870
10.400
10.050
10.090
10.300
10.250
10.030
10.090
10.140
10.040
9.920
10.270
10.290
10.190
10.250
10.200
9.490
9.260
9.330
9.290
9.220
9.170
8.920
8.870
8.940
9.300
9.440
9.030
9.100
8.870
8.930
8.900
8.780
8.740
8.730
8.690
8.620
8.490
8.540
8.540
8.570
8.570
8.600
8.560
8.380
8.350
8.340
8.200
8.080
8.150
8.160
8.150
8.210
8.250
8.300
8.290
8.250
8.160
8.050
8.190
8.170
