6.960
6.880
6.890
6.800
6.820
6.830
6.760
6.890
6.790
6.850
7.040
6.990
6.930
6.860
6.890
6.730
6.770
6.700
6.830
6.870
6.930
6.800
6.780
6.810
6.850
7.020
7.140
7.120
7.100
7.080
7.290
7.470
7.410
7.420
7.500
7.420
7.410
7.500
7.490
7.530
7.510
7.680
7.740
7.680
7.770
7.870
7.760
7.680
7.800
8.020
8.200
8.160
8.130
8.310
8.410
8.490
8.670
8.560
8.630
8.610
8.720
8.700
8.570
8.370
8.380
8.560
8.540
8.580
8.610
8.610
8.630
8.720
8.780
8.760
8.750
8.690
8.760
8.700
8.630
8.680
8.770
8.740
8.710
8.620
8.550
8.650
8.680
8.730
8.770
8.750
8.800
8.830
8.830
8.720
8.670
8.540
8.650
8.670
8.650
8.720
8.640
8.660
8.640
8.710
8.680
8.590
8.500
8.540
8.480
8.360
8.330
8.410
8.390
8.920
9.060
9.070
9.130
9.180
9.130
9.240
9.200
9.120
9.080
9.060
9.050
9.110
9.150
9.140
9.200
9.210
9.180
9.190
9.280
9.240
9.220
9.340
9.000
9.730
9.700
9.830
9.750
9.730
9.770
9.910
9.950
9.900
9.950
9.900
9.870
9.990
9.970
9.930
9.850
9.990
10.000
9.940
9.950
9.870
9.880
9.840
9.860
9.880
9.880
9.970
9.950
9.970
9.870
9.850
9.970
10.080
10.140
10.100
10.080
10.110
10.100
10.140
9.880
9.990
10.000
10.070
9.940
9.960
9.840
9.830
9.830
9.840
9.800
9.960
10.030
10.030
10.010
10.070
9.940
9.900
9.920
9.940
10.190
10.110
10.120
10.010
10.020
10.090
10.180
10.200
10.210
10.170
9.960
9.980
10.040
9.980
10.050
10.140
10.210
10.240
10.200
9.950
9.870
10.040
10.180
10.120
9.970
9.930
9.920
9.990
9.870
9.980
10.100
10.070
10.660
10.570
10.550
10.490
10.670
10.720
10.990
11.470
11.630
11.600
11.280
11.250
11.340
11.400
11.120
10.830
11.160
11.300
11.320
11.880
11.440
11.380
11.040
10.250
10.350
11.180
10.920
10.740
10.740
10.660
10.590
10.510
10.040
10.020
10.220
9.990
10.270
10.390
10.290
10.050
10.220
10.210
10.420
9.980
9.850
9.780
10.130
10.020
10.610
11.400
11.180
11.120
10.800
10.880
11.170
11.150
11.290
11.800
11.700
11.820
12.410
12.360
12.320
12.590
12.510
12.300
12.000
11.660
11.640
12.000
11.830
11.610
11.590
11.690
11.100
11.220
11.210
10.860
10.960
10.860
10.900
10.680
10.320
9.690
9.970
9.920
9.640
9.510
9.670
9.730
9.870
9.720
10.010
10.000
9.300
8.930
9.670
9.840
10.750
10.500
10.770
10.620
10.700
10.490
10.310
9.950
9.580
10.030
9.800
9.490
9.370
9.420
8.840
9.890
10.440
11.360
11.650
11.370
11.450
11.800
11.340
11.070
11.900
11.060
11.750
11.330
12.330
12.800
13.540
13.360
13.390
15.300
15.690
15.220
14.600
15.310
15.110
14.830
15.020
15.300
14.550
15.030
14.660
14.350
14.260
13.590
14.000
14.140
13.650
14.510
14.450
14.710
14.380
14.380
14.190
14.160
15.800
16.720
16.680
16.260
15.890
16.030
15.750
16.480
17.190
16.330
16.800
16.250
15.700
15.540
15.750
15.850
16.180
15.660
16.020
14.990
14.110
15.500
14.150
12.830
12.900
12.500
11.900
13.150
12.920
13.060
13.100
12.760
12.580
12.250
12.050
11.550
11.300
10.750
10.850
10.780
11.560
10.980
10.710
10.900
10.300
10.410
10.300
10.000
10.270
11.790
11.760
11.720
11.430
10.710
11.190
10.150
11.250
11.850
11.500
10.730
10.600
10.290
12.160
13.450
14.000
13.500
15.800
14.920
15.270
14.820
15.080
15.450
15.050
14.680
13.520
14.000
12.980
14.050
13.950
14.980
14.450
13.480
15.000
15.990
15.340
14.810
14.900
14.600
13.380
12.490
14.310
13.010
11.830
11.400
14.310
13.810
16.110
17.050
15.900
19.080
19.650
20.100
19.490
19.220
19.710
20.800
20.480
21.820
23.000
22.800
22.490
22.000
22.310
22.890
23.500
23.720
22.370
21.400
18.790
19.000
20.930
21.500
20.090
19.990
20.200
19.860
18.360
17.970
17.530
16.360
16.300
16.880
17.130
16.910
16.100
15.600
15.310
15.670
14.500
14.250
14.150
14.900
14.700
14.480
14.660
14.160
13.560
13.900
14.200
13.700
14.630
14.430
14.280
13.900
14.620
15.300
15.170
15.170
14.680
14.200
14.390
14.500
13.700
13.070
12.720
13.020
12.990
12.940
12.800
12.360
12.210
12.100
11.750
11.990
11.890
12.120
11.470
11.860
12.120
12.110
11.850
11.360
11.230
11.200
10.840
10.970
10.820
10.650
10.290
10.300
10.270
10.330
10.630
10.800
10.460
10.360
10.170
10.310
10.300
10.670
10.750
10.690
10.800
10.820
10.550
9.950
10.200
10.300
10.360
11.120
10.980
10.880
10.800
9.710
9.950
10.100
10.280
10.050
9.770
9.540
9.420
9.350
9.240
9.260
9.230
8.920
9.440
9.550
10.150
9.760
9.770
9.740
9.760
10.000
9.920
10.120
10.140
10.210
10.010
9.860
9.580
9.510
9.650
9.550
9.550
9.830
9.790
9.800
9.820
9.900
10.200
10.320
9.910
9.930
9.700
9.840
10.000
10.000
9.720
9.900
10.060
9.850
9.670
9.430
9.460
9.280
9.000
9.000
9.110
9.170
9.120
9.080
9.050
8.890
8.700
8.870
8.810
9.140
9.180
9.200
9.330
9.310
9.440
9.050
8.750
8.810
8.760
8.690
8.590
8.440
8.690
8.710
9.030
8.970
9.180
9.220
9.280
8.970
8.800
8.710
8.790
9.100
8.610
9.030
8.730
8.790
8.990
9.270
8.560
8.340
8.500
8.700
8.500
