21.420
20.930
21.110
20.950
21.120
21.450
20.000
19.960
19.800
19.670
19.960
19.800
19.800
19.570
19.430
19.410
19.850
20.130
20.190
20.330
20.350
20.250
20.300
20.200
19.860
20.370
20.260
19.450
19.330
19.500
19.420
19.460
19.410
19.570
19.760
19.630
19.190
18.820
18.260
18.890
18.830
19.030
18.680
18.650
18.510
19.000
18.920
19.420
19.350
21.500
21.800
21.880
21.420
21.350
21.620
21.250
21.610
21.780
21.740
21.850
22.050
22.190
22.180
21.910
21.660
21.630
21.800
22.360
22.370
21.910
22.280
21.820
21.790
21.610
21.810
22.180
22.290
22.330
21.900
22.140
22.350
22.110
21.280
21.210
21.060
20.630
20.620
20.990
20.990
21.050
20.750
20.900
20.390
20.220
20.550
20.580
20.680
21.050
21.100
21.300
21.700
21.570
21.710
21.380
21.320
21.180
21.020
21.120
21.180
21.060
21.380
21.350
21.380
21.110
21.040
21.620
22.060
22.130
22.220
22.460
22.150
22.230
22.200
22.010
22.100
22.130
22.210
22.320
22.410
22.380
22.420
22.460
22.280
22.240
22.550
22.900
22.690
23.380
23.640
24.140
23.750
23.010
22.930
23.450
23.420
23.720
23.490
23.670
23.650
23.860
23.850
23.950
24.300
24.750
24.730
24.730
24.450
24.100
24.850
25.050
24.890
24.950
25.480
25.850
25.690
25.610
25.250
25.250
25.370
25.430
26.110
26.480
26.530
26.510
26.200
26.290
26.170
26.540
26.310
27.320
26.990
26.850
26.110
25.840
26.130
25.150
24.710
24.720
25.060
24.890
25.020
24.770
24.620
24.230
24.110
24.550
24.560
24.740
24.690
24.600
24.450
24.420
24.720
24.770
24.950
25.000
25.350
24.700
24.580
24.680
24.820
24.600
24.990
25.000
24.920
24.350
24.320
24.450
24.000
23.850
23.710
23.340
23.850
23.970
23.770
24.580
24.450
24.110
24.800
24.150
23.920
24.560
24.650
24.820
24.700
24.900
25.250
25.100
25.600
25.160
25.490
25.670
24.700
24.350
24.100
23.980
24.320
24.480
24.290
24.080
23.830
23.980
23.880
23.220
24.200
24.400
24.150
24.370
23.470
22.940
23.550
23.990
24.580
24.380
32.200
31.790
31.620
31.060
29.100
29.900
29.890
30.700
31.060
30.910
29.600
28.950
28.800
29.250
29.070
28.900
28.280
26.900
26.200
26.050
27.100
27.280
27.800
26.830
26.980
27.460
27.500
27.600
27.250
27.000
26.870
28.200
28.240
27.880
27.550
27.300
27.780
27.500
27.530
26.580
27.000
26.550
25.940
26.130
26.280
25.870
25.410
26.070
26.390
25.420
25.510
26.220
26.200
26.710
26.510
26.350
25.620
26.010
26.050
26.150
25.400
24.740
24.400
25.320
25.800
25.010
24.300
25.380
25.870
26.700
25.400
24.890
25.400
25.400
25.090
25.020
24.990
25.050
24.800
24.500
23.300
22.830
22.580
22.740
22.200
22.110
23.180
22.990
21.920
21.900
22.220
21.510
21.470
21.980
21.000
22.390
22.200
23.180
23.500
24.300
24.400
24.000
25.500
25.300
24.860
24.500
24.670
24.180
24.100
24.030
24.390
23.560
23.680
23.440
23.800
23.680
23.490
23.800
24.500
24.200
24.210
23.700
23.540
23.470
23.100
22.820
22.600
23.660
23.820
23.620
23.490
24.040
23.960
23.450
23.720
24.190
23.410
23.700
24.000
25.700
25.990
25.600
25.860
26.090
25.350
25.700
25.250
25.740
25.380
25.500
25.500
25.990
24.990
23.800
24.840
24.360
24.500
24.500
24.280
24.390
24.510
23.490
23.400
22.700
22.210
22.810
22.780
22.950
23.040
22.990
23.120
21.900
22.200
22.600
21.790
21.900
22.840
22.820
23.340
23.540
22.400
22.480
21.100
22.620
23.810
23.980
22.890
22.200
22.180
24.050
26.630
26.500
24.970
28.350
27.250
27.690
27.350
28.250
28.700
27.980
27.890
25.990
27.120
26.370
24.510
25.000
26.000
25.350
24.110
26.730
28.580
28.200
28.280
26.910
26.950
25.390
24.070
25.890
27.760
27.000
26.000
19.580
21.980
29.240
27.340
28.220
32.000
28.410
27.800
26.900
29.350
28.880
27.500
29.000
30.000
28.990
30.010
32.680
32.700
29.180
29.920
27.910
23.200
23.780
22.020
21.900
22.440
22.600
23.000
22.680
22.000
21.980
22.400
23.510
23.930
22.550
23.300
21.650
21.800
21.950
21.800
22.980
21.900
20.450
20.980
21.500
20.000
21.590
22.330
22.390
20.780
20.310
20.250
20.300
19.210
19.170
17.550
17.400
17.550
17.380
17.560
17.830
17.600
16.560
16.010
15.700
15.500
15.580
15.210
15.050
15.060
15.300
15.310
15.220
15.640
15.760
14.670
14.230
14.360
14.390
14.290
14.210
14.230
14.250
14.250
14.180
14.200
14.220
14.600
14.630
14.850
14.910
14.300
14.480
14.400
14.310
14.580
14.490
14.880
14.740
14.460
14.140
14.200
14.200
14.370
14.440
14.460
14.810
14.610
14.860
15.140
14.200
14.500
14.800
14.450
14.280
14.290
14.260
14.080
13.990
14.900
14.950
15.660
15.900
16.100
15.600
15.510
15.550
15.200
16.010
16.000
15.050
14.670
14.510
14.600
14.600
14.700
14.880
14.560
14.720
15.180
15.180
15.220
15.100
15.370
15.000
14.800
15.200
15.050
15.800
15.300
15.100
14.720
14.620
14.950
14.260
14.390
14.080
14.280
14.150
13.820
13.490
13.650
13.610
13.700
12.980
13.330
13.840
13.920
13.630
13.600
13.650
13.430
13.000
13.030
12.900
13.210
13.060
12.850
12.780
12.770
12.770
13.030
13.150
13.300
13.330
13.190
13.100
13.250
13.200
13.260
13.430
13.350
13.370
12.910
12.690
12.780
12.700
12.910
13.150
12.930
13.000
13.200
12.950
12.750
12.600
12.380
12.320
12.510
12.590
12.690
12.890
12.390
12.390
12.150
12.240
12.330
12.250
12.390
12.300
11.930
11.970
12.080
11.910
11.340
11.410
11.470
11.450
11.420
11.430
11.450
11.050
11.370
11.390
