4.800
4.850
4.800
4.760
4.700
4.700
4.670
4.750
4.810
4.800
4.940
5.020
5.030
5.020
5.110
4.990
4.950
5.000
5.000
4.960
4.980
5.040
4.920
4.950
5.030
4.730
4.880
4.950
4.810
4.370
4.390
4.620
4.800
4.790
4.860
4.860
4.850
4.740
4.720
4.800
4.870
4.880
5.110
5.190
5.230
5.230
5.240
5.300
5.420
5.370
5.490
5.600
5.770
5.800
5.570
5.650
5.820
5.870
5.760
5.770
5.790
5.740
5.760
5.630
5.550
5.480
5.610
5.670
5.620
5.650
5.660
5.660
5.720
5.780
5.810
5.800
5.790
5.810
5.820
5.830
5.840
5.870
5.910
5.900
5.860
5.890
6.040
6.050
6.040
6.120
6.020
6.010
6.030
5.990
5.970
6.050
5.980
6.030
6.120
6.130
6.110
6.070
5.900
5.910
5.880
5.900
5.910
5.900
5.890
5.820
5.750
5.710
5.730
5.580
5.930
6.210
6.270
6.330
6.250
6.290
6.380
6.380
6.340
6.250
6.280
6.250
6.320
6.280
6.310
6.440
6.460
6.500
6.500
6.480
6.400
6.400
6.350
6.180
6.320
6.350
6.320
6.230
6.210
6.600
6.780
6.720
6.840
7.070
7.110
7.080
7.050
7.000
7.020
7.020
7.090
7.170
7.130
7.120
7.200
7.180
7.130
7.320
7.320
7.360
7.330
7.200
7.360
7.070
7.280
7.330
7.290
6.960
6.960
6.990
6.720
6.820
6.900
6.700
6.890
6.880
6.720
6.800
6.750
6.690
6.400
6.430
6.510
6.390
6.470
6.630
6.610
6.750
6.800
6.860
6.750
6.710
6.860
6.870
6.410
6.430
6.070
6.040
5.940
6.000
6.000
6.010
5.940
5.940
6.050
6.130
6.080
6.030
6.110
6.040
5.910
5.890
5.770
5.720
5.790
5.850
5.760
5.730
5.750
5.720
5.720
5.690
5.840
5.950
6.030
6.250
6.290
6.210
6.270
6.240
6.350
6.360
6.190
5.910
5.930
5.840
5.770
5.830
5.850
5.930
5.840
5.800
5.730
5.730
5.760
5.810
5.710
5.650
5.720
5.860
5.800
5.880
5.970
6.030
6.130
6.000
5.830
5.950
6.050
6.060
6.190
6.120
5.560
5.580
5.420
5.460
5.500
5.570
5.610
5.760
5.580
5.570
5.560
5.770
5.690
5.600
5.600
5.710
5.760
5.780
6.060
6.120
6.120
6.180
6.100
5.990
6.100
6.030
6.010
5.990
5.940
6.000
6.460
6.440
6.550
6.620
6.510
6.410
6.480
6.330
6.410
6.620
6.470
6.350
6.420
6.320
6.170
6.370
6.340
6.320
6.540
6.430
6.630
6.410
6.210
6.060
6.140
6.260
5.880
5.820
5.970
6.070
6.050
5.920
6.220
6.290
5.930
5.760
6.370
6.530
7.250
7.090
7.180
7.130
7.300
7.610
6.910
6.740
6.420
5.820
5.620
5.670
5.510
5.560
5.320
5.550
5.910
6.570
6.580
6.550
6.670
6.820
6.660
6.650
7.140
7.140
7.390
7.330
8.130
7.700
8.130
9.020
9.260
9.040
9.020
9.320
9.360
9.450
9.770
9.570
9.620
9.610
9.580
9.150
8.840
8.730
9.090
9.080
9.280
9.760
9.550
9.420
9.380
9.730
9.150
9.180
10.080
10.280
10.210
11.040
11.020
12.240
13.600
15.110
13.810
13.210
14.550
14.920
13.900
12.870
12.630
11.520
10.470
10.060
9.900
10.290
10.290
10.510
9.870
9.000
8.680
8.760
9.010
9.800
9.950
10.160
10.000
10.780
10.840
10.190
9.590
9.400
8.950
8.820
8.930
8.880
9.290
8.750
8.600
7.820
8.110
8.360
8.380
7.870
7.150
7.120
7.240
7.140
7.130
7.100
7.180
7.400
7.160
7.130
7.210
7.160
6.930
6.840
6.660
6.740
6.870
6.810
6.880
7.000
7.240
7.090
7.150
6.920
6.910
6.940
6.940
7.060
7.210
7.180
7.210
7.210
7.270
7.220
7.370
7.420
7.410
7.530
7.350
7.090
7.260
7.170
7.170
7.130
7.160
7.080
7.290
6.870
6.670
6.530
6.570
6.620
6.670
6.630
6.630
6.710
6.780
6.830
6.850
6.660
6.860
6.690
6.660
6.660
6.800
6.880
6.900
6.590
6.580
6.230
5.660
5.670
5.780
5.530
5.480
5.760
5.670
5.560
5.500
5.470
5.420
5.570
5.590
5.680
5.800
5.890
5.800
5.700
5.730
5.790
5.670
5.730
5.520
6.130
5.660
5.520
5.480
5.650
5.630
5.410
5.540
5.530
5.560
5.870
5.860
5.900
5.740
5.220
5.360
5.830
5.450
4.950
4.500
4.090
4.110
4.050
4.060
4.130
4.200
4.230
4.090
4.090
4.080
4.140
4.120
4.130
3.950
3.890
3.890
3.850
3.920
3.890
3.870
3.750
3.730
3.680
3.700
3.620
3.600
3.550
3.520
3.490
3.430
3.440
3.530
3.610
3.610
3.650
3.590
3.590
3.580
3.550
3.480
3.430
3.340
3.320
3.300
3.330
3.350
3.360
3.360
3.340
3.320
3.300
3.300
3.230
3.190
3.180
3.220
3.220
3.240
3.260
3.280
3.350
3.320
3.270
3.230
3.260
3.290
