-0.110
0.130
-0.160
0.120
-0.080
-0.010
0.200
-0.110
0.270
0.070
-0.450
-0.050
0.020
0.080
-0.170
0.370
-0.110
0.230
-0.250
0.130
-0.090
0.490
0.070
0.100
0.120
-0.930
-0.010
-0.560
-1.830
-2.030
-0.040
0.130
-0.390
0.140
0.110
-0.330
-0.180
-0.060
0.190
0.030
0.110
0.340
-0.500
0.050
-0.070
-0.160
0.500
-0.110
-0.010
0.340
0.270
-0.180
0.000
-0.110
0.270
-0.120
0.280
-0.070
0.370
-0.610
0.040
-0.020
0.390
-0.080
0.280
-0.060
0.060
0.060
0.300
-0.690
0.150
0.130
0.030
-0.340
0.190
-0.040
0.240
-0.480
-0.140
-0.020
0.140
0.420
0.370
-0.120
-0.430
-0.130
-0.080
0.060
-0.260
0.480
0.210
0.190
-0.580
0.500
-0.130
0.020
0.220
0.500
0.320
-0.490
-0.170
0.200
0.040
-0.050
-0.020
0.090
0.430
-0.370
-0.300
0.250
-0.930
0.270
-0.100
-0.270
-0.970
0.600
0.390
-0.060
-0.180
-0.040
0.400
-0.030
-0.050
0.020
0.000
-0.080
-0.130
0.470
-0.210
0.100
-0.270
0.630
0.690
-0.330
-0.460
0.080
0.720
0.370
-0.020
-0.490
0.630
0.500
-0.340
-0.620
-0.160
-0.170
0.070
0.060
0.090
0.880
0.290
-0.210
0.610
0.530
-0.370
0.110
0.690
0.300
-0.540
0.240
0.300
-0.170
-0.130
-0.190
0.110
-0.340
-0.880
0.360
-0.140
0.660
0.060
-0.430
0.030
0.200
0.420
0.130
-0.220
-1.480
-0.080
-0.500
0.260
0.230
0.280
-0.320
0.430
-0.590
-0.100
0.220
0.430
-0.210
0.030
0.490
-0.670
0.550
0.250
-0.290
0.010
0.130
0.230
0.720
0.680
-0.280
0.040
0.600
0.170
-0.270
-0.400
0.150
0.480
-0.660
0.060
0.870
0.400
-1.490
-0.100
-1.830
-0.020
-0.320
0.280
0.200
-0.210
-0.150
1.400
0.080
-0.260
0.340
-0.090
0.500
-0.070
0.710
-0.100
-0.370
-1.330
0.300
0.260
-0.620
-0.360
0.620
0.180
-0.830
1.270
-0.420
0.260
-1.900
0.180
-2.090
0.330
0.090
-2.270
-1.000
-0.490
0.450
-0.400
0.250
-0.360
0.080
-0.270
-0.080
-0.690
0.800
-0.300
0.360
0.810
0.090
-0.720
-0.660
-0.690
1.240
-0.760
0.830
-1.250
-2.840
1.330
-1.190
2.560
2.330
0.180
-0.780
0.550
1.610
-0.150
-0.800
0.400
0.830
0.760
0.010
-0.290
1.910
0.370
0.060
1.070
-0.260
-0.820
0.180
0.490
-0.700
0.050
-0.570
0.740
0.580
-1.560
0.260
-0.120
1.590
0.750
-0.290
-0.080
0.660
0.410
0.630
0.000
-0.340
0.400
-0.730
0.320
-0.300
-0.020
0.560
0.160
-0.390
1.390
-0.920
-1.700
0.020
-0.190
-0.260
1.510
-0.410
1.090
-1.240
-0.830
0.700
1.480
0.160
-1.630
-1.850
-1.240
-0.330
0.310
-2.190
-0.070
0.060
0.650
-0.100
-0.450
0.890
0.950
0.220
-0.600
1.210
0.600
0.110
-0.820
1.110
-0.100
-2.040
-0.670
0.830
0.120
0.000
0.100
1.360
0.600
-2.000
0.040
1.820
1.650
1.500
-1.400
-1.820
0.390
-1.080
-1.490
-1.220
1.760
-2.120
-2.440
-1.470
0.490
0.830
-2.420
-1.120
0.720
-1.790
-1.790
0.760
1.140
1.350
-0.520
-0.660
0.940
-0.640
-0.220
0.750
1.800
0.510
-1.980
-0.700
0.270
0.290
0.920
1.280
-0.430
1.500
0.020
0.340
-0.800
0.520
0.510
0.880
0.700
0.040
-0.400
-0.910
-0.270
-0.580
0.640
-1.470
-0.200
1.420
-0.460
0.590
1.510
0.070
-0.120
0.220
-0.840
-0.170
0.320
0.730
0.070
-0.800
-0.560
0.800
0.710
1.050
0.180
0.010
0.560
-0.530
0.170
-0.250
0.890
0.370
-0.180
0.520
-0.040
0.590
0.250
-0.120
-0.040
-0.180
0.190
-0.050
-0.350
0.560
-0.110
0.480
0.240
0.110
-0.090
-0.280
0.810
0.190
0.350
0.110
0.210
-0.500
-0.440
0.440
-0.310
0.250
0.000
-0.010
-0.320
0.220
-0.180
0.520
-0.350
0.150
0.350
0.600
-0.660
0.320
0.190
-0.100
0.370
-0.330
-0.010
-0.010
-0.250
0.370
0.200
0.080
-0.990
-0.340
0.120
0.180
0.280
-0.070
-0.580
-0.280
-0.150
-0.550
-0.170
0.520
0.060
-0.220
1.020
-0.210
0.000
-1.130
0.040
0.570
0.090
-0.290
-0.180
-0.040
-0.230
0.090
-0.140
0.660
0.200
0.160
-0.230
0.000
-0.260
0.090
0.070
-0.390
0.500
-0.180
0.350
0.010
-0.020
0.370
-0.150
-0.180
0.170
0.280
0.090
0.270
-0.440
-0.500
-0.340
0.210
-0.450
0.200
0.160
-0.450
0.450
-0.390
-0.090
0.240
0.050
0.190
-0.070
-0.170
0.310
0.240
-0.520
0.240
-0.070
0.000
-1.370
0.190
-0.070
0.150
-0.020
-0.120
-0.100
-0.180
0.410
0.150
0.460
0.130
-0.270
-0.510
-0.440
-0.080
-0.250
1.820
-0.590
0.000
0.450
0.950
-0.310
0.240
0.420
0.140
0.000
-0.250
-0.220
0.530
0.240
-0.480
0.320
0.370
0.100
0.550
0.240
-0.060
-0.300
0.050
-0.120
-0.240
0.120
-0.230
-0.370
0.080
-0.100
0.630
-0.600
0.320
