7.770
7.790
7.890
7.680
7.610
7.670
7.840
7.850
7.770
7.750
7.860
7.930
7.900
7.930
7.940
7.970
7.990
7.950
8.020
8.010
8.170
8.170
8.000
8.130
8.020
7.860
7.860
7.890
7.910
7.500
7.750
8.050
8.030
7.870
7.950
7.870
7.880
7.820
8.020
8.340
8.390
8.510
8.570
8.580
8.630
8.590
8.590
8.860
9.020
9.090
9.260
9.340
9.330
9.570
9.700
9.720
9.910
10.000
10.090
9.890
9.830
9.870
9.860
9.770
9.580
9.680
9.810
9.860
9.920
9.950
9.950
9.890
9.870
9.920
10.080
10.050
9.980
10.090
10.060
10.050
10.130
10.240
10.290
10.090
10.040
10.040
10.110
10.020
10.040
10.030
9.960
9.920
9.870
9.800
9.910
9.890
10.000
10.040
10.030
10.060
9.960
9.860
9.870
9.880
9.770
9.740
9.670
9.830
9.910
9.820
9.720
9.760
9.730
10.010
10.280
10.340
10.440
10.500
10.540
10.440
10.120
10.090
9.850
9.980
10.010
10.040
10.070
10.080
10.310
10.480
10.000
9.940
10.030
10.050
10.180
10.240
9.930
10.390
10.540
10.590
10.580
10.650
10.580
10.900
10.990
10.880
10.940
10.820
10.820
10.930
10.880
10.820
10.790
10.810
11.100
11.160
11.170
11.320
11.460
11.520
11.510
11.630
11.790
11.480
11.150
11.040
11.130
11.060
10.930
11.010
11.050
11.090
11.090
11.110
11.290
11.390
11.350
11.260
11.360
11.530
11.450
11.380
11.250
10.880
11.040
10.960
11.260
11.830
11.650
11.540
11.420
11.420
11.580
11.590
12.480
12.160
12.360
12.310
11.640
11.340
11.340
11.270
11.400
10.790
10.980
10.330
10.350
10.430
10.640
10.740
10.770
10.300
10.540
10.240
10.270
10.240
10.070
9.450
9.530
9.510
9.450
9.370
9.140
9.130
9.070
9.190
9.320
9.340
9.730
9.720
9.710
9.680
9.610
9.550
9.510
9.540
9.640
9.650
9.660
9.590
9.700
9.690
9.750
9.970
9.660
9.660
9.570
9.800
9.650
9.240
9.150
9.200
9.180
9.240
9.400
9.260
9.370
9.350
9.080
8.590
8.870
8.970
9.000
9.060
9.060
9.030
9.080
8.980
8.560
8.580
8.540
8.540
8.550
8.580
8.510
8.590
8.690
8.840
8.800
8.870
8.800
8.860
8.870
9.010
9.520
9.530
9.600
9.540
9.360
9.340
9.390
9.300
9.370
9.380
9.510
10.100
10.140
10.060
10.220
10.280
10.220
9.960
9.980
9.630
10.100
10.100
9.990
9.680
9.650
9.490
9.360
9.590
9.490
9.670
9.800
9.640
9.690
9.420
9.100
8.980
8.980
9.040
8.710
8.930
8.910
9.080
9.190
9.240
9.350
9.240
8.840
9.260
9.480
10.410
10.360
10.530
10.530
10.410
10.460
10.380
10.450
10.270
10.550
10.030
9.880
9.840
9.240
9.080
9.210
9.610
10.350
10.330
10.140
10.460
10.600
10.490
10.090
10.230
10.160
10.410
10.500
11.090
10.760
11.200
11.450
11.400
12.640
12.940
13.050
13.080
13.400
13.660
13.950
13.660
13.730
13.370
13.390
13.290
13.090
13.110
13.020
12.880
12.550
12.760
13.390
13.400
13.410
13.380
13.650
14.480
14.440
15.370
16.230
16.000
15.850
16.500
16.350
15.890
16.130
16.450
16.230
15.480
14.590
13.360
13.350
13.340
13.440
13.560
13.960
13.120
12.070
11.800
12.460
12.580
12.260
12.070
11.900
12.370
11.660
11.460
10.690
10.500
10.050
10.220
10.750
10.480
10.190
10.120
10.380
10.150
9.850
10.100
9.780
9.990
11.200
10.920
11.230
11.600
11.100
11.580
11.210
11.800
12.440
11.690
10.700
11.410
11.550
13.080
14.720
15.500
16.280
17.650
17.370
17.200
15.850
15.680
15.780
15.000
14.060
12.970
13.150
13.300
12.680
11.850
11.450
11.060
11.200
12.350
12.950
12.880
12.640
12.840
12.240
12.000
11.500
11.830
12.420
11.290
10.260
9.330
9.180
10.130
12.600
13.050
14.800
16.180
15.680
16.950
17.600
19.280
18.000
18.240
19.700
21.000
21.500
21.350
22.150
22.480
21.920
20.290
20.480
20.950
21.300
20.550
18.770
17.160
16.890
16.100
17.480
17.180
17.230
16.500
16.420
16.350
16.700
15.810
16.180
16.000
14.600
14.620
14.760
14.360
13.850
14.090
14.790
15.230
15.270
15.190
15.100
15.550
15.930
15.660
16.090
16.170
15.430
15.400
15.620
15.820
15.750
16.700
16.280
15.730
15.800
16.180
16.200
15.230
15.100
15.200
14.340
14.680
14.050
13.960
14.280
14.760
14.830
14.880
14.450
13.720
13.550
13.750
13.450
13.520
12.980
12.820
12.790
13.070
12.940
12.600
12.790
12.180
11.590
11.500
11.550
11.380
11.350
11.300
11.250
10.690
10.630
10.680
10.790
10.960
11.120
11.150
11.390
11.950
11.780
11.890
11.870
11.690
11.840
11.900
11.780
11.550
11.630
11.480
11.270
11.190
11.010
10.870
10.970
11.270
11.290
11.330
10.780
11.060
11.130
11.880
12.090
12.110
12.340
13.810
14.450
15.070
13.700
12.730
12.650
12.690
12.660
12.160
12.290
12.170
12.000
11.600
11.740
11.760
12.000
12.080
12.080
12.190
12.140
12.720
12.200
12.920
12.380
12.290
11.180
11.030
11.090
11.100
11.100
11.000
10.790
10.800
10.800
10.660
10.610
10.480
10.490
10.610
10.480
10.350
10.270
10.390
10.600
10.620
10.380
10.370
10.490
10.690
10.660
