158671.47
167577.88
122686.08
169635.03
167207.00
213640.05
435852.00
193153.00
134490.84
116321.33
114131.97
169667.98
220999.84
161702.45
92728.02
114866.34
172679.98
113707.62
103434.12
151525.42
128730.06
154231.83
190491.83
206889.80
383138.94
196614.05
235929.39
115661.27
159059.23
323222.53
250059.97
226131.06
231212.72
177691.41
230820.08
286659.16
144141.20
222511.34
389671.88
167130.12
185826.08
248429.48
157690.98
191872.00
331902.91
182780.22
295420.72
254547.70
313375.97
399804.97
558599.31
431847.12
518968.03
683365.50
644953.31
545184.94
732412.19
621939.81
856074.44
606975.31
1017366.69
1350837.25
1037010.94
1366485.25
3192074.00
1793068.62
2572653.50
1382814.12
1777655.75
1663292.50
2511435.50
2622771.25
1071543.25
123979.82
39041.99
17895.00
5483.11
74926.02
106704.38
117907.62
93144.43
111602.72
133296.44
158145.66
321383.53
129625.35
191455.02
190540.95
221601.89
337480.00
170104.12
217969.95
244988.80
483232.28
324769.56
270468.03
193985.91
287297.41
188872.97
172509.97
221169.84
191889.33
331387.62
218467.72
378923.91
636457.75
472179.91
277844.69
163917.23
314325.56
507123.53
104682.34
128099.65
126806.09
200511.20
209328.81
212922.77
298384.66
280251.22
171355.81
188220.28
194779.28
288638.09
159070.02
191727.73
225840.55
175631.22
404951.22
419557.69
200782.89
136185.81
164513.39
202372.78
153454.98
153580.06
136596.14
160412.41
145702.67
208799.55
219802.94
142510.66
171621.48
255414.12
224484.25
247041.27
172299.61
229174.48
282754.06
173947.38
173252.53
274841.38
307170.56
88041.00
281806.25
381573.34
296261.38
301472.88
403062.19
272508.22
326437.66
287200.19
311424.28
498641.78
837246.69
311197.81
403162.06
596648.00
292059.75
425428.44
389374.06
295378.19
348474.50
393130.44
482620.31
554307.75
871963.06
446833.38
553094.75
841328.88
1357717.00
1311925.38
2069203.12
1330255.38
1214803.38
2362622.75
1176062.00
365756.75
297520.34
461115.91
313123.03
347069.00
438638.47
468776.62
530041.81
485955.81
515450.31
513386.59
339896.06
219555.47
344175.34
353051.53
614954.25
471711.50
694428.69
490754.44
472722.78
390524.62
669523.50
609356.25
472803.19
614229.88
498845.81
343144.00
416379.88
605894.69
375258.97
237097.97
102060.05
142983.69
119197.95
242570.09
222585.48
404664.84
676208.25
326710.53
270718.03
538259.75
491331.72
285523.38
449640.66
231682.78
273253.59
462615.47
275343.88
317167.94
347037.38
363631.50
408006.31
625956.88
403822.78
554322.38
395703.06
479378.59
510006.94
529776.12
709619.94
1067272.75
848344.69
972566.44
983565.69
685672.38
1003184.00
852758.06
636583.50
392299.81
861009.38
535932.31
426560.25
403453.72
576673.56
558267.69
830098.44
797296.25
1111645.38
1150884.25
1051874.75
797621.38
1060003.62
1018062.56
992713.50
1826931.38
18574.31
12803.10
360499.28
837001.25
690662.25
723367.62
943222.00
944673.19
797007.69
626974.38
647311.81
724686.94
780574.06
886797.94
909041.44
710535.31
871243.81
1384487.00
1540700.38
901521.50
622472.75
652067.62
591417.94
661900.38
806803.56
735900.62
703030.25
651252.69
702135.00
1133369.12
717561.81
630136.19
692899.81
652311.75
452233.03
488773.72
540770.19
635138.50
555957.38
610198.88
803386.50
731622.62
392890.97
181686.52
177300.45
209130.91
257791.70
348619.34
315552.91
286278.03
285944.25
289527.12
260486.34
273830.81
353371.84
288674.53
429138.06
439843.69
311197.84
418178.22
371377.62
506499.03
490495.56
496845.09
677928.31
603507.81
466391.44
440157.88
474563.62
382467.56
351793.81
306349.34
452152.38
542165.00
802315.19
482989.50
384122.38
297786.03
238677.44
224310.58
251105.30
261430.44
147904.69
111457.97
120476.72
78298.09
125060.50
127517.92
93894.67
166898.69
127778.66
165360.00
120505.70
108531.43
109635.16
116923.55
123067.44
58169.42
87150.20
41968.08
77715.38
94715.48
137013.06
144835.81
359857.97
166236.45
183341.09
114201.65
185800.81
362497.22
350550.72
140694.44
146123.73
142159.28
110582.40
163880.05
55349.14
82575.19
80724.98
40996.16
55957.79
54828.43
79878.80
84226.63
74541.23
80719.23
83630.29
78608.00
193488.12
127841.41
180166.03
84927.31
75016.65
119484.58
92565.96
195566.61
112417.98
119283.07
149340.94
105826.78
220594.83
114856.26
152829.72
158970.52
218434.77
136287.62
118789.01
79995.97
90387.57
98738.20
105022.36
169501.34
145955.70
67967.67
57432.89
72337.92
71407.88
52215.92
63850.32
49250.31
57516.70
68268.88
130189.17
58478.77
78451.36
64798.31
93742.37
92246.53
139282.55
146122.02
101442.05
177622.09
186881.34
114377.32
114422.75
185922.75
183089.47
215755.81
96285.77
183868.44
258040.64
124268.11
149335.16
194889.75
107018.19
188996.36
228390.89
225802.95
500604.66
177864.16
117420.31
87453.33
114324.26
78279.90
93706.54
69891.04
77171.93
114614.08
116891.61
64713.86
111844.93
79570.78
122221.69
122882.19
146987.30
170461.14
81393.39
79308.07
100785.31
28144.46
49675.37
73471.11
83299.11
70808.14
62635.49
90562.51
66502.50
52728.84
56613.25
82344.39
55644.00
105074.53
88652.68
41941.63
83874.93
88824.83
45469.88
111664.70
67202.69
38967.35
67304.85
115542.83
54382.28
34351.64
104426.90
35898.26
51738.08
72435.44
42107.45
46879.73
45574.43
59722.65
178378.11
49908.16
44569.67
48086.14
30267.60
