5.010
4.840
4.890
4.830
4.780
4.800
4.730
4.720
4.650
4.670
4.780
4.800
4.800
4.700
4.700
4.660
4.650
4.560
4.650
4.670
4.690
4.610
4.550
4.570
4.500
4.590
4.670
4.660
4.510
4.490
4.570
4.630
4.620
4.650
4.660
4.560
4.560
4.580
4.750
4.980
4.930
5.020
5.120
5.210
5.200
5.270
5.280
5.360
5.380
5.230
5.510
5.560
5.510
5.750
5.800
5.910
5.910
5.770
5.740
5.680
5.670
5.620
5.650
5.640
5.350
5.510
5.570
5.620
5.690
5.690
5.760
5.910
5.930
5.930
6.060
6.000
5.930
5.960
5.910
5.910
6.010
6.130
6.100
6.060
6.050
6.170
5.920
5.920
6.030
6.120
6.130
6.150
6.190
6.030
6.150
6.170
6.340
6.110
6.250
5.920
5.930
5.930
5.830
5.900
6.020
5.830
5.790
5.710
5.550
5.430
5.380
5.400
5.360
5.650
5.650
5.760
5.790
5.740
5.690
5.690
5.700
5.670
5.640
5.670
5.580
5.550
5.540
5.560
5.720
5.750
5.730
5.720
5.810
5.800
5.790
5.850
5.780
6.140
6.070
6.110
6.030
6.110
6.000
6.190
6.170
6.310
6.580
6.560
6.540
6.450
6.520
6.470
6.380
6.510
6.440
6.680
6.800
6.580
6.100
6.070
6.020
6.050
5.950
5.980
5.960
6.050
6.090
5.830
5.910
5.830
6.020
5.750
5.600
5.650
5.630
5.610
5.550
5.600
5.550
5.560
5.590
5.590
5.470
5.410
5.430
5.480
5.360
5.560
5.590
5.600
5.510
5.550
5.430
5.480
5.500
5.610
5.800
5.820
5.870
5.880
5.690
5.590
5.680
5.650
5.660
5.670
5.660
5.770
5.770
5.760
5.860
5.970
6.040
6.000
5.960
5.860
5.760
5.940
5.880
5.850
5.720
5.680
5.720
5.720
5.650
5.630
5.710
5.710
6.060
5.940
5.900
6.100
6.150
6.160
6.170
6.150
6.320
6.430
6.490
6.160
6.190
6.210
6.280
6.390
6.270
5.590
5.690
5.640
5.730
5.690
5.450
5.600
5.570
5.130
5.240
5.350
5.100
5.090
4.880
4.810
5.050
5.210
5.210
5.300
5.250
5.150
5.070
4.900
4.900
4.950
4.970
5.040
5.100
4.980
4.760
4.850
5.070
5.120
4.980
4.970
5.110
5.310
5.360
5.680
6.150
6.110
6.200
6.120
6.150
6.240
6.300
6.320
6.120
6.150
5.900
6.440
6.350
6.480
6.600
6.510
6.180
5.710
5.510
5.400
5.650
5.760
5.750
5.380
5.400
5.280
5.170
5.330
5.280
5.500
5.410
5.480
5.430
5.250
5.130
4.980
5.060
5.010
4.950
5.180
5.400
5.850
6.000
6.010
5.910
5.410
5.500
4.750
4.620
5.110
4.900
4.800
4.660
4.650
4.800
4.720
4.560
4.240
4.440
4.330
4.230
4.100
4.260
4.100
4.340
4.510
5.000
5.150
5.200
5.500
5.810
6.350
6.990
7.200
6.870
6.800
6.610
6.500
6.480
6.510
6.600
6.500
6.220
6.010
6.220
6.100
6.000
5.820
5.790
5.700
5.070
5.060
5.040
5.430
5.420
5.390
5.350
5.430
5.300
5.240
5.250
5.330
5.110
5.350
5.430
5.450
5.270
5.210
5.180
5.110
4.930
4.900
4.910
5.080
5.200
5.060
4.940
4.950
4.710
4.570
5.060
4.930
4.970
4.980
4.830
4.850
4.800
4.740
4.570
4.530
4.400
4.360
4.310
4.440
4.440
4.440
4.450
4.260
4.280
4.400
4.090
4.200
4.900
4.860
4.990
4.550
4.300
4.200
4.000
4.700
4.900
4.740
4.650
4.850
5.020
5.950
6.450
6.510
6.350
7.350
7.260
7.050
6.840
6.950
6.900
6.650
6.460
6.300
6.790
6.140
6.660
7.190
7.800
8.150
7.970
9.200
10.080
9.170
9.250
8.430
8.190
8.350
8.550
8.380
8.240
8.250
7.940
7.580
7.700
8.330
8.820
8.760
9.000
8.470
8.890
8.720
8.800
8.800
8.360
8.120
8.590
8.690
8.650
8.390
8.570
8.500
8.300
8.680
8.780
7.930
7.720
7.280
7.180
7.440
7.260
7.200
7.100
7.200
7.490
6.950
6.930
6.690
6.680
6.530
6.290
6.160
6.160
6.150
6.330
6.270
6.140
6.000
5.990
5.930
5.850
5.750
5.540
5.600
5.520
5.470
5.410
5.450
5.520
5.380
5.310
5.300
5.540
5.390
5.230
5.330
5.470
5.500
5.610
5.630
5.540
5.620
5.420
5.230
5.130
5.450
5.550
5.450
5.640
5.630
5.840
5.920
6.170
6.070
6.200
5.830
5.730
6.030
6.210
6.250
6.170
6.230
6.610
6.770
6.410
6.170
6.300
6.250
6.180
6.150
5.960
5.900
6.220
6.090
6.580
6.550
6.020
5.950
5.950
6.090
6.260
6.260
6.190
6.150
5.970
5.900
5.910
5.870
6.060
6.150
6.200
6.160
6.100
5.960
6.060
6.080
6.010
5.790
5.750
5.950
5.320
5.330
5.130
5.140
5.120
5.310
5.370
5.430
5.130
5.200
5.320
5.250
5.300
5.310
5.470
5.470
5.390
5.260
5.240
5.180
5.280
5.120
5.070
5.100
5.150
5.130
5.180
5.300
5.280
5.200
5.180
5.110
5.220
5.250
5.250
5.340
5.220
4.930
5.000
5.080
5.130
5.300
5.540
5.400
5.090
4.930
4.880
4.830
4.870
4.890
4.930
4.970
4.920
4.850
5.010
4.940
5.200
4.910
4.920
5.060
4.920
5.100
4.960
4.890
4.760
4.910
4.110
4.000
3.780
3.730
3.780
3.710
3.710
3.730
3.640
3.620
3.600
