10.220
10.040
10.060
9.950
9.700
9.710
9.680
9.820
9.810
9.660
9.820
10.070
10.030
9.930
9.800
9.810
9.650
9.420
9.380
9.590
9.650
9.470
9.360
9.200
8.900
9.060
9.750
9.520
9.210
9.090
9.500
9.850
10.200
10.080
10.300
9.800
9.830
9.710
9.540
10.000
10.100
10.180
10.500
10.840
10.780
10.910
10.850
10.290
10.580
10.540
10.580
11.000
11.300
11.450
11.780
12.120
12.480
12.990
13.010
12.960
13.440
13.600
13.700
13.430
13.230
13.400
14.200
14.500
14.550
14.650
14.480
14.590
14.720
14.760
14.790
14.610
14.700
14.720
14.580
14.750
14.930
14.840
14.840
14.830
14.820
14.870
15.080
15.030
15.030
14.980
15.050
14.910
14.750
14.810
15.250
15.100
15.180
15.520
15.400
15.400
15.480
15.470
15.400
15.060
14.880
15.050
14.800
14.800
14.720
14.330
14.200
14.300
13.810
14.000
15.000
15.430
15.750
15.900
15.810
15.790
15.690
15.350
15.370
15.450
15.170
15.170
15.040
15.030
15.000
15.080
15.020
14.690
14.730
14.290
14.110
14.200
14.010
14.140
15.150
15.210
14.980
14.870
14.800
15.280
15.200
15.280
15.740
15.650
15.400
15.600
15.660
15.630
15.650
15.930
15.780
15.760
15.840
15.800
15.300
15.200
14.900
15.010
15.040
15.330
14.900
14.840
14.640
14.500
14.680
14.740
14.790
14.800
14.510
14.500
14.850
14.870
14.690
14.510
14.410
14.360
14.300
14.310
14.180
13.970
13.840
13.750
13.530
13.600
13.880
13.600
13.770
13.350
13.100
13.030
13.170
13.280
13.710
13.710
13.770
13.700
13.520
13.400
13.580
13.550
13.550
13.360
13.330
13.260
13.510
13.300
13.350
13.390
13.320
13.180
13.180
13.050
12.840
12.800
13.110
12.970
12.750
12.970
12.880
12.830
12.690
12.520
13.000
12.920
13.080
13.710
13.480
13.690
13.930
13.940
13.930
13.680
13.810
13.740
13.630
13.390
13.530
13.750
13.700
13.520
13.270
12.990
13.150
13.130
13.030
12.810
12.610
12.210
12.810
12.760
12.780
12.900
13.190
13.150
12.710
12.600
12.600
13.600
13.670
13.640
13.690
13.560
13.490
13.170
12.780
12.840
12.430
12.620
12.800
12.900
12.330
12.290
12.120
13.270
12.960
12.850
12.620
13.800
13.310
13.820
15.320
16.900
17.360
17.200
17.230
16.530
16.800
16.300
15.310
15.290
15.430
15.020
16.520
16.540
16.220
15.850
16.000
15.690
15.820
15.400
15.720
14.780
14.240
13.880
14.380
14.300
13.850
14.650
14.380
14.480
14.660
14.740
14.700
13.680
12.500
12.510
12.020
11.770
11.530
12.000
12.000
11.920
12.360
12.050
12.130
11.500
11.080
11.560
12.670
12.680
13.660
13.730
13.500
13.050
13.400
13.570
13.400
12.280
13.000
12.800
12.460
12.240
12.160
11.710
11.810
11.780
12.780
13.900
13.210
13.550
13.510
12.750
11.720
11.600
11.230
11.750
12.300
13.340
13.280
14.510
15.530
14.790
16.430
18.140
18.500
18.000
18.450
16.910
16.600
16.810
16.520
15.550
15.560
15.450
15.350
15.430
14.990
15.350
15.350
15.150
15.010
14.390
14.360
14.650
14.180
13.920
13.350
14.580
16.090
16.020
16.000
15.920
15.930
15.110
14.670
14.650
14.070
14.400
14.960
14.900
14.840
14.900
14.580
14.700
13.800
13.430
13.350
13.330
13.450
13.600
13.150
12.950
12.080
11.500
11.380
12.120
12.270
11.860
11.420
11.340
11.250
10.880
10.410
10.220
9.660
9.800
9.830
10.010
10.280
10.180
10.400
9.800
9.780
9.830
9.200
8.610
9.180
9.940
10.020
9.780
8.840
8.820
8.180
9.090
10.000
9.520
8.930
9.160
10.180
11.310
12.570
12.480
11.330
11.970
12.620
12.260
11.650
11.800
11.900
11.600
11.220
10.560
10.560
10.060
9.780
10.010
10.210
9.590
9.690
10.770
11.830
11.460
11.160
11.070
10.340
9.820
8.770
9.700
9.920
9.350
8.330
6.720
7.360
8.180
9.050
10.060
11.180
12.400
11.840
12.980
14.420
15.560
16.680
15.930
17.700
19.600
18.320
19.950
20.150
19.840
19.800
18.660
18.670
19.110
19.950
16.430
17.410
16.550
14.890
13.820
14.700
15.770
15.450
15.130
14.980
13.810
13.860
13.450
13.000
12.880
13.100
12.780
12.730
12.410
12.170
12.090
12.000
13.150
13.300
13.200
12.880
12.910
13.700
13.550
13.800
13.720
13.030
12.990
12.900
12.200
12.750
13.050
12.880
12.600
12.320
12.860
13.120
12.560
12.320
12.080
12.120
12.030
11.890
11.900
11.800
11.650
11.790
11.710
11.250
11.380
11.110
10.850
10.700
10.720
10.660
10.770
10.520
10.660
10.620
10.400
10.330
10.380
10.140
10.050
10.080
10.270
10.240
10.150
9.690
9.760
9.600
9.500
9.920
10.340
10.210
9.890
9.760
9.800
9.800
9.930
9.900
9.680
9.660
9.480
9.330
9.220
9.120
9.870
9.760
9.390
9.370
9.300
9.320
9.350
9.030
8.810
9.030
8.810
8.860
8.810
9.060
9.290
9.280
8.960
8.740
9.000
8.970
8.990
9.180
9.200
9.190
9.080
8.750
8.700
8.950
9.090
9.630
9.500
9.500
9.450
9.590
9.920
9.920
9.910
9.810
10.010
9.960
9.730
9.370
9.250
9.200
9.180
8.970
8.900
9.320
9.360
9.430
9.650
9.560
9.360
9.170
9.140
9.180
8.860
8.630
8.770
8.750
9.030
9.020
9.110
8.730
9.000
9.250
9.190
9.140
9.200
9.490
9.680
9.720
9.570
9.380
9.460
9.510
9.530
8.930
8.710
8.700
8.600
8.430
8.270
8.060
8.040
7.910
8.060
8.050
7.850
7.870
7.730
7.680
7.410
7.430
7.560
7.690
7.640
7.550
7.450
7.420
7.360
7.320
7.230
7.210
7.150
7.180
7.140
7.100
7.030
7.090
7.090
6.950
6.940
6.990
6.950
6.900
6.820
6.690
6.680
6.730
6.780
6.760
6.710
6.680
6.700
6.730
6.660
6.540
6.500
6.530
6.600
