120332.25
111047.51
77210.04
111458.84
109467.63
107100.91
203001.11
170275.36
191698.20
350868.56
349379.09
239511.00
286747.28
228906.23
399955.91
467067.44
763198.19
581923.19
395395.25
550357.44
547229.00
685268.31
562139.12
994945.00
579597.56
517714.00
589931.00
912926.62
855529.38
599982.12
528736.62
671080.56
988075.62
777170.50
741590.50
861262.56
733575.19
995137.44
1456443.50
1579505.75
1057264.75
1414805.50
1114700.62
1266233.00
1260802.12
1036309.44
702004.19
1178379.50
1282450.12
1641882.25
1997881.75
1927080.12
182921.20
364958.62
253489.03
433416.69
184967.05
114637.03
93262.45
120945.53
83018.65
109544.85
73221.59
30592.10
48963.77
71858.35
175907.64
70798.72
110245.60
85029.69
102997.43
152058.12
214482.25
80231.05
89448.36
158461.45
45981.50
50749.17
71162.17
77021.59
112313.89
215825.19
88015.01
47103.40
89356.41
63882.40
75222.71
116512.50
135633.48
82588.00
70689.75
103163.26
126719.65
50835.45
74133.00
150396.41
108604.22
51401.50
73120.49
39203.91
30812.00
25759.01
35642.14
57033.00
57924.34
46821.75
94456.75
67878.91
87774.04
111939.02
60667.50
55033.24
63749.22
56771.12
48356.00
61429.62
61005.00
62445.86
57729.76
52483.43
61768.62
68323.00
42540.63
49011.27
77984.24
83629.94
110500.94
135838.33
107434.23
80122.25
139552.34
116476.50
109209.91
195115.22
123711.14
120336.15
236828.09
124123.70
147699.39
211290.02
218130.02
306815.28
461870.88
312157.06
258241.44
215778.39
345458.97
313733.22
268456.47
292647.34
102971.26
128236.30
132183.16
215283.03
239487.19
215455.70
320076.31
137632.02
93710.00
148755.91
144868.58
146461.88
102877.12
83816.42
147761.27
84778.01
113199.24
142627.98
130034.00
142447.31
134711.22
204357.70
239146.92
184560.92
169530.38
305048.34
163136.25
196277.72
321550.44
320681.88
326975.56
472022.00
721799.81
127334.70
154112.94
244115.17
124980.33
71665.43
76956.61
77273.93
96369.56
117670.43
89040.66
92543.96
91229.40
103090.97
121669.45
122899.59
235010.45
252685.23
134028.28
152399.36
152359.80
244816.97
169727.41
267117.00
419489.00
860710.06
484099.12
206813.77
401215.31
518539.72
381462.34
124922.04
137997.23
197367.62
322517.22
151865.52
152464.20
151637.97
68356.84
87050.82
65872.46
110983.34
223940.28
107253.15
102124.45
90869.81
121762.27
86030.90
92222.17
129541.18
165999.61
239059.06
237556.48
185301.25
144640.62
175557.20
194798.06
289684.38
181334.58
253320.81
295592.06
192699.55
148195.28
165148.08
89499.85
121441.49
96134.19
87447.37
108603.00
97477.82
110810.34
106340.55
123562.23
97328.37
163741.45
132019.42
113128.58
142405.56
207960.16
287180.22
214770.86
207672.55
71687.60
94927.30
128955.78
113386.31
154186.38
207759.44
149759.73
276231.75
226482.17
264376.47
138159.66
150696.52
173015.95
111736.12
163019.31
184253.31
122793.28
119108.49
151434.56
210787.05
401579.88
201144.27
250240.80
295686.44
476160.19
835100.38
221331.14
256374.92
232427.86
348846.66
412706.81
427605.91
335938.47
389000.53
401068.66
517295.38
733158.25
810792.56
666565.75
570133.06
831735.06
1215468.50
1138033.38
891581.94
872064.50
668208.38
1138946.25
748201.81
908423.81
1127106.25
1342642.25
1438548.25
1969241.88
1210710.25
1683125.62
461518.69
626482.50
170579.36
237189.84
245381.20
140031.53
219656.05
99721.30
202170.77
156068.03
158645.70
109024.02
125943.76
186706.23
293943.38
114235.45
150175.58
233790.88
136847.86
168084.91
165253.11
148572.12
119292.12
136201.56
152451.44
184820.72
140947.84
122215.05
140268.06
143852.48
167443.95
175989.41
184851.94
39650.94
166701.39
240583.73
178502.73
184199.94
151655.47
213523.11
377234.41
282852.78
343087.34
428475.44
562045.88
795746.62
912947.94
34307.51
6016.77
3329.21
169317.19
250930.31
249862.44
386910.50
332444.03
454926.66
465441.12
301380.72
320719.72
361321.59
304016.09
321758.72
437183.72
689191.06
496086.75
310883.94
483443.62
351139.03
326707.53
521939.56
349007.72
382408.78
366408.22
449988.62
445768.06
339003.97
326867.88
333545.47
302854.12
291966.91
269382.78
380029.84
418957.19
450792.78
516074.28
353805.34
565086.94
460418.22
778244.12
591040.56
983896.44
752204.06
627110.94
725831.25
793019.00
535565.12
430962.94
529432.44
489683.06
557881.69
609938.56
314332.28
225135.81
164776.39
228058.67
360020.53
227757.41
231183.33
296570.12
238288.38
204735.34
214497.31
248289.70
370996.12
263150.81
180429.88
287198.34
348771.09
422401.88
389055.62
375536.88
314395.12
381615.62
259826.47
189723.34
279844.03
327650.91
565997.25
358865.34
267498.66
291601.03
339862.91
351896.25
256758.55
260497.64
428408.22
429992.88
306716.34
216977.11
301924.38
385150.91
366164.62
223847.56
258468.48
209165.45
278620.81
199200.41
136899.58
323967.19
117628.64
136474.80
177391.67
89430.16
104918.45
98309.20
135079.56
186844.73
155821.30
72416.98
62072.30
55202.06
54714.15
59370.71
43647.89
42892.73
33575.76
48880.22
57762.38
61871.32
50310.21
55556.78
87245.52
90012.02
56476.99
67447.52
124593.79
64929.42
99549.67
93284.47
141469.08
98706.53
152121.30
83586.41
71704.50
61083.51
65452.47
103722.94
133387.70
171322.41
154268.55
306517.81
476746.09
369303.47
416248.50
583834.12
353042.72
245777.70
352954.47
400337.62
216595.48
122135.46
105644.28
159497.55
199454.62
216472.81
200129.84
294418.28
176399.97
292138.53
199122.11
275994.19
226343.38
252048.27
170967.45
209380.05
278278.72
190682.03
139416.16
150560.77
349961.53
72019.55
49382.94
49091.23
57701.41
61774.16
66245.57
51121.91
54141.69
153217.59
77176.41
123616.73
137107.78
150985.52
164922.53
150255.27
249332.44
161201.22
197575.16
131988.44
124579.61
88180.59
163106.12
244130.78
451915.66
746051.50
501871.66
285136.66
87409.01
113246.49
117911.16
93114.25
116094.93
98332.38
65507.90
142126.69
80970.99
86637.95
80784.48
69685.98
120689.72
90553.74
161877.06
328235.78
171595.69
147796.84
68916.90
144246.38
90389.71
72847.97
57862.81
56829.90
81150.33
67540.80
55627.07
28494.83
49951.80
48979.06
61807.30
116474.07
63016.10
87922.75
82025.94
70536.20
67387.00
54431.49
62895.43
78951.31
82218.33
52162.76
45300.08
80816.88
67505.07
94494.90
98602.92
160892.09
169614.67
342258.31
499995.44
89352.95
66650.02
111270.36
45343.58
65182.87
24800.25
33477.49
36080.65
32020.64
56286.68
51967.27
13447.70
14929.09
19612.00
15961.18
