-0.250
-0.100
0.260
0.170
0.200
-0.380
-0.160
1.080
0.890
-0.160
0.010
-0.540
0.170
0.000
-0.250
0.120
-0.250
0.540
0.470
0.130
0.040
1.060
-0.080
-0.010
0.260
-0.390
-0.280
-0.390
0.480
0.290
0.160
-0.360
0.050
-0.050
-0.340
0.730
0.490
0.160
0.320
0.060
-0.130
0.210
-0.220
-0.300
-0.030
0.040
0.300
0.190
0.290
1.380
0.120
0.580
0.170
-0.420
-0.070
0.160
-0.200
-0.180
-0.150
0.300
-0.280
-0.250
0.070
0.040
0.600
-0.090
-0.480
0.130
0.170
-0.040
-0.380
-0.660
0.300
0.000
-0.030
0.190
-0.020
-0.040
0.060
-0.030
-0.410
-0.100
0.290
0.270
-0.240
0.060
-0.110
-0.060
-0.270
0.190
-0.170
0.240
0.120
0.230
-0.440
-0.020
-0.260
-0.180
0.120
-0.030
-0.180
0.040
-0.180
0.680
0.100
0.340
0.040
-0.270
0.090
0.250
-0.040
-0.220
0.170
0.170
-0.260
-0.650
-0.970
-0.020
0.310
-0.200
-0.300
0.030
-0.220
0.120
-0.510
-0.290
-0.090
0.100
0.610
0.380
0.270
-0.270
-0.020
0.220
-0.460
-0.070
0.500
-1.160
-0.070
0.000
0.070
0.420
-0.480
-1.030
0.450
0.040
-0.300
2.080
-0.370
-0.050
-0.040
-0.400
-0.020
0.180
0.260
0.390
-0.070
-0.220
-0.210
0.080
-0.190
0.730
0.020
-0.200
0.390
0.170
-0.110
0.640
-0.560
0.180
-0.730
-0.130
0.300
0.120
-0.040
-0.030
0.080
-1.010
-0.080
0.020
-0.010
-0.090
-0.100
0.000
-0.140
0.100
0.550
-0.720
0.340
0.250
-0.480
1.440
-0.150
-0.240
-0.020
-0.310
0.420
0.130
-0.130
0.880
0.410
-0.280
-0.140
0.150
-0.100
-0.280
0.560
0.230
0.350
0.350
-0.210
-0.080
-0.130
0.090
0.070
0.120
0.300
-0.320
-0.100
0.380
0.190
-0.250
0.390
0.140
0.250
-0.870
0.360
-0.150
-0.720
1.000
0.110
-0.470
0.020
0.300
0.060
-0.520
0.300
0.170
-0.110
0.260
0.460
-0.150
-0.130
0.110
-0.180
0.160
-0.010
0.290
0.110
0.300
0.320
-0.300
-0.160
0.400
-0.160
-0.030
0.220
-0.170
0.380
0.060
-0.770
-0.270
-0.180
-0.240
0.720
-0.210
-0.060
0.420
0.190
0.010
-0.030
0.560
-0.240
0.330
0.240
-0.170
-0.370
-0.580
0.080
0.280
0.390
0.270
0.020
-0.280
-0.970
0.670
0.190
0.390
-0.180
0.280
0.030
1.210
-0.710
0.230
-0.010
-0.460
0.060
-0.200
-0.120
0.180
-0.030
0.420
0.380
0.000
-0.370
-0.020
0.400
-0.090
0.010
0.730
-0.480
-0.310
0.140
-0.110
0.080
-0.050
0.200
0.620
0.460
-0.260
-0.030
0.540
-0.010
0.010
-0.490
0.070
0.320
-0.650
-0.130
0.700
0.500
-0.770
-0.290
-1.640
0.050
-0.210
-0.020
-0.640
0.060
0.180
0.770
0.260
0.450
0.320
-0.010
0.250
0.280
0.520
-0.340
-0.310
-1.480
0.110
-0.040
-0.400
-0.220
1.100
0.410
-0.770
0.710
-0.430
0.540
-0.970
0.160
-1.790
0.520
-0.220
-1.710
-0.880
0.510
0.400
-0.920
-0.040
0.020
-1.030
1.070
0.600
0.600
0.140
0.160
0.540
0.490
-0.330
0.190
0.040
-0.530
0.050
0.050
0.680
-0.520
-0.390
1.170
-1.720
-0.640
0.080
0.110
-0.670
0.150
0.740
-0.700
0.640
1.560
-0.320
-0.480
0.310
-0.500
1.160
0.120
0.010
1.010
-0.080
-1.050
0.350
0.390
-0.700
0.220
-0.520
0.470
1.550
-0.660
1.140
-0.420
-0.050
0.460
-0.100
0.400
0.840
0.280
0.440
-0.040
-0.420
0.340
-0.310
0.290
-0.250
-0.100
0.310
-0.480
0.130
0.700
-0.870
-1.540
-1.720
0.780
1.250
-0.070
1.380
1.250
1.140
1.040
-1.170
-1.300
-0.950
0.210
-1.340
-1.430
1.140
-1.530
-1.900
-1.060
0.430
0.400
-1.660
-1.280
-0.130
-1.180
0.200
-0.080
1.270
0.300
-0.370
-0.620
0.730
-0.830
0.220
1.850
1.930
0.320
-1.020
0.410
0.380
0.190
-0.130
1.740
-0.010
0.380
-0.130
-0.160
0.150
-0.520
-0.210
0.190
1.090
0.120
0.700
-0.460
0.450
-0.020
0.230
-0.490
0.020
-0.400
0.050
0.360
-0.030
0.080
0.040
0.230
-0.770
-0.240
0.460
0.610
-0.460
-0.450
0.700
0.110
0.080
0.160
0.200
-0.020
0.550
0.220
0.280
-0.270
0.080
0.140
0.040
0.060
0.290
0.270
0.030
-0.210
-0.080
0.220
0.020
-0.020
0.000
0.160
-0.170
0.080
-0.040
0.410
-0.090
-0.040
0.070
0.240
0.160
0.040
-0.060
-0.060
-0.190
-0.300
0.310
0.170
0.310
-0.030
-0.080
0.170
-0.040
0.120
0.040
-0.080
0.190
0.370
-0.250
0.150
0.170
-0.060
0.150
-0.410
-0.060
-0.060
-0.160
0.230
-0.090
0.250
0.040
-0.280
0.090
0.040
0.170
-0.020
-0.470
-0.170
-0.040
-0.350
-0.180
0.260
0.030
0.290
0.300
-0.360
-0.260
-0.270
0.160
0.040
0.100
-0.010
-0.140
-0.180
0.060
0.270
0.030
0.080
-0.310
0.230
0.210
-0.010
-0.120
0.010
0.210
-0.540
0.210
-0.280
0.070
-0.140
-0.130
-0.050
-0.260
0.550
0.130
0.260
0.350
0.130
-0.520
-0.190
-0.230
0.070
-0.280
-0.360
-0.050
0.220
0.160
-0.160
-0.270
0.110
0.050
0.110
-0.120
-0.070
0.620
0.100
-0.080
0.120
0.110
0.210
-0.630
-0.100
0.120
0.060
0.100
0.010
0.240
-0.090
-0.120
0.230
0.270
0.170
-0.020
0.020
-0.520
0.190
0.010
0.140
-0.230
-0.120
0.260
0.280
-0.100
0.390
0.080
0.390
0.050
-0.120
0.000
0.030
0.180
-0.100
0.030
-0.290
0.300
-0.030
0.030
0.370
0.010
0.010
-0.220
0.280
-0.150
-0.140
0.050
0.440
-0.120
0.060
-0.230
0.500
