79140.49
44773.02
32769.98
54521.76
74495.86
102631.71
61508.05
53096.34
134492.36
124999.20
91267.46
123976.23
142920.72
73689.03
151154.06
125604.19
105546.85
52114.60
80998.28
75899.40
119208.95
92608.81
142414.25
64932.70
92440.56
86737.33
48723.35
43071.42
98524.69
78083.32
58130.45
60946.15
88046.89
163783.78
77929.93
99876.45
87361.75
108499.97
132924.88
47583.89
40384.52
28561.75
29613.60
33252.86
27334.79
24452.45
32511.34
78538.65
40436.52
38449.85
57981.51
42979.91
107423.24
57186.05
39124.75
49490.20
49215.33
39558.14
84622.74
117808.18
63101.31
42068.60
47698.76
51057.42
38576.56
93534.10
45957.79
39570.85
45112.67
42145.63
38909.38
67833.41
51416.12
55388.34
69262.71
68614.90
48976.97
59006.40
44671.04
41570.45
56935.92
121169.72
65318.37
78275.14
52800.42
42181.46
49188.07
80913.48
64562.58
62389.21
47226.16
86261.64
74859.68
81576.12
49674.04
36896.45
44581.68
32750.46
87464.37
55717.17
58567.63
51815.64
31347.66
47908.16
42856.42
31676.58
48790.12
54771.94
222432.88
246239.95
24156.69
39346.41
58193.02
112778.95
147372.16
131688.41
52267.26
76609.53
44656.48
33883.45
33408.34
69753.00
47202.51
47356.46
78646.44
90678.28
143149.42
70479.38
114586.01
50623.72
99528.92
134961.12
42435.99
51461.82
53858.26
62693.72
117388.32
164259.34
66943.12
48047.12
62681.02
89115.44
108760.91
250475.44
96886.95
179968.11
117341.10
112848.46
357642.09
220346.55
72176.48
97999.40
93066.73
93309.23
118308.94
76994.56
127795.28
143807.22
125646.06
101962.97
161641.38
125788.28
226094.62
89293.92
165301.59
116444.21
50580.77
57664.07
83377.76
39955.76
62480.19
74293.74
143069.62
128606.84
62296.83
53093.10
104230.07
64701.36
72458.99
61892.03
68400.89
75384.38
125759.60
102942.33
165584.91
61253.73
171299.92
180856.11
97667.21
69456.82
83846.64
54846.46
55840.89
71942.60
91584.55
103274.06
158494.38
94516.41
136483.36
143394.30
115823.40
319955.09
221496.16
327915.09
116373.74
146487.97
234731.33
246735.02
141473.55
194858.03
175318.75
234676.73
291025.00
304041.88
550222.12
514503.38
193975.45
217610.56
229170.09
260698.48
384673.31
400176.00
485849.94
247431.05
220933.05
288124.78
400011.66
373744.19
552492.94
272485.72
340137.94
623620.69
557726.12
274703.78
203066.44
138934.89
135552.38
212884.56
270613.28
316108.12
299737.38
117826.76
172067.33
173127.22
204577.56
196647.30
135585.09
141742.61
197821.69
244749.95
312205.66
222210.50
214011.80
148918.70
152786.36
126141.79
133122.70
137871.17
191477.47
178901.38
227356.89
194609.94
162371.03
163500.66
333803.41
252018.02
387988.06
321027.91
89249.01
87497.13
120771.02
114463.50
85114.50
100983.21
106773.54
124235.91
138116.45
155916.77
102657.31
81887.97
122496.31
79053.66
84823.89
167986.20
176076.52
127022.96
154092.55
175213.45
105643.07
114685.38
90449.23
101739.80
79040.72
108401.64
146751.34
225767.61
116688.25
173974.56
169945.36
181998.73
307063.69
170389.30
176600.44
170569.81
258885.09
250761.89
379654.16
368282.44
257057.72
244465.09
178628.34
190913.05
218433.27
313387.34
256618.62
325626.38
468417.19
491434.22
500882.66
308816.25
497056.62
236052.20
84879.80
127027.67
144344.30
192144.44
159332.38
185674.77
235142.34
206030.66
146237.30
202408.95
183258.62
251435.30
196856.02
202991.02
261992.94
214021.80
304775.72
287964.69
381590.84
182335.16
168329.81
195672.70
168360.05
254095.39
163381.61
196728.27
199405.88
206916.48
231407.47
163823.34
220758.33
210201.19
193868.61
226801.09
195649.80
190386.45
222218.72
228708.22
210741.00
324325.16
269427.78
48896.00
189377.88
301671.28
251296.58
294679.22
589120.06
207680.22
257997.83
178064.52
299259.75
282736.00
411188.75
254059.66
205582.16
311015.41
185718.98
245843.28
192927.64
169215.81
315712.53
369781.84
324207.81
203433.64
154972.83
176619.59
143813.42
219555.77
275184.38
312347.78
307922.78
345931.78
171572.59
277927.12
298684.38
204728.59
241524.16
389381.59
292486.78
332850.88
346017.94
361277.06
396502.62
551812.25
736237.94
524062.31
471015.34
258756.77
349557.44
311079.88
364389.53
401149.34
485928.22
533813.12
409784.34
429741.22
495818.47
515033.31
297066.00
410163.12
381930.53
319931.84
397113.31
653795.81
555248.94
579337.44
160979.81
208070.20
236997.59
237113.80
247830.39
272739.88
402629.09
457032.62
289580.66
504616.75
470670.19
255761.98
407875.28
312343.38
295262.25
502825.72
267148.97
289593.56
422804.00
501989.88
561194.00
665923.00
603081.06
588079.31
314883.38
278405.31
365360.06
429650.50
508238.28
654663.56
410386.62
714242.12
367527.25
379769.47
524188.34
610340.81
515638.91
357194.78
521397.97
514976.78
829091.00
609357.19
1019785.56
1018034.50
1070245.88
802571.38
922936.50
1168727.12
1404195.38
605860.25
826231.75
930893.50
1374259.88
447342.16
1084548.38
734226.88
758010.88
558865.44
617910.50
648939.31
649405.75
444799.50
299384.31
276542.12
334143.12
373893.44
310091.94
241920.91
371978.38
320124.38
398312.34
400912.34
347714.47
391423.41
285707.47
443169.75
388112.81
403279.38
578206.50
584509.00
574850.81
551371.94
537231.38
473516.28
362699.62
395958.41
386961.41
365029.19
401615.12
409060.19
439436.97
467681.56
338739.25
506557.84
773124.50
984364.25
921784.75
375900.09
600001.19
331592.91
396749.47
401838.88
257518.92
304754.66
549706.62
650355.62
300345.12
484516.19
470816.25
332912.62
258287.45
282951.06
364843.38
410729.03
572734.06
335253.03
410825.34
452150.66
465389.91
369447.72
374321.62
355103.50
478369.22
539092.75
620031.88
696816.38
991536.69
701448.94
562774.56
628883.12
302302.19
414409.03
469965.88
603815.50
322431.09
240086.48
259273.31
273438.72
550672.75
310080.97
445793.19
351735.31
385390.12
486705.91
262721.44
237427.48
278230.03
414902.00
587935.94
345845.66
469316.16
366459.97
334116.91
270573.47
338820.09
518836.62
569314.69
632420.06
347476.66
424959.97
356674.47
334349.38
361238.62
425293.16
554898.94
498870.44
446404.69
537732.50
679715.56
301731.78
341403.56
450300.97
484699.72
328456.56
383255.34
318715.88
370712.09
436155.69
460874.75
222069.16
262797.09
452220.31
241082.06
308594.69
171503.02
376073.50
227011.12
171433.52
158958.48
317971.06
197578.33
349615.00
380982.03
456430.00
497000.16
817781.62
651073.50
887135.88
77473.54
703346.38
606580.25
404608.78
378249.62
588595.94
559804.25
428160.91
423751.81
624506.62
413337.78
263835.22
403325.50
403084.47
376986.25
350013.22
552213.44
332452.50
391551.12
436058.75
378799.47
451365.19
529967.31
859210.25
560741.12
188874.44
151555.59
196757.83
235082.31
315830.16
299125.56
355740.44
334954.53
234659.94
117763.71
163764.77
185062.12
103205.80
132178.05
130073.50
124606.56
185937.44
342506.38
310298.88
225508.31
415592.53
180732.17
159509.95
178524.77
230862.83
236299.41
257660.84
198715.50
105053.38
111359.16
148937.83
155404.83
174358.88
196301.55
294361.91
292047.84
399014.75
256258.27
379249.06
304328.06
261893.98
549471.75
220327.02
290084.78
175140.67
127851.45
274540.88
144236.59
179284.16
136586.27
268556.28
225008.27
196911.80
148368.03
162479.62
175348.55
123470.56
58274.46
105818.74
173276.02
204042.06
83011.91
132765.83
88675.50
174530.91
163378.30
211755.55
