18.890
18.700
18.650
18.600
18.510
18.430
18.210
18.570
18.450
18.290
18.000
18.400
18.450
18.580
18.360
18.240
17.780
17.750
17.490
17.860
17.880
17.840
17.770
17.510
17.200
16.760
17.670
17.570
17.640
17.500
17.230
18.250
18.760
18.720
18.910
19.020
18.590
18.530
18.760
18.260
18.510
18.230
19.060
20.050
20.340
19.880
19.870
19.440
19.240
19.540
19.460
20.420
20.490
21.070
20.780
21.420
22.340
23.140
23.500
23.400
22.730
22.870
22.560
22.550
22.140
21.900
22.940
23.140
23.370
22.990
23.010
22.720
23.370
23.350
23.360
23.440
23.300
24.570
24.910
24.350
24.980
25.250
24.410
24.430
23.780
23.680
23.970
23.810
23.880
24.410
23.730
23.950
24.380
24.400
24.320
24.290
23.450
23.840
24.160
23.780
24.000
23.660
22.530
22.870
22.450
22.460
22.230
22.200
22.080
21.740
21.510
21.640
22.110
21.440
23.240
23.710
23.970
24.550
25.510
24.840
24.880
24.640
24.880
22.940
22.910
23.480
23.710
23.570
23.830
24.300
23.170
21.060
21.210
21.040
21.160
20.860
20.750
20.900
21.850
21.700
22.030
21.880
22.000
22.880
23.140
22.850
22.530
24.220
24.360
24.100
24.290
24.330
23.680
24.230
24.520
24.160
24.290
24.210
24.190
22.930
22.760
23.240
23.500
22.540
23.160
22.230
22.270
22.180
21.420
21.450
21.120
21.000
21.090
21.350
21.550
21.400
19.420
18.680
18.700
18.620
18.500
18.490
18.390
18.050
17.730
17.640
17.740
17.570
18.400
18.560
18.280
18.310
18.250
18.120
18.310
18.290
18.790
18.820
18.640
18.810
18.260
18.190
18.250
18.380
18.630
18.550
18.590
18.410
18.550
18.160
18.000
18.380
18.280
18.520
18.270
18.220
17.820
17.400
17.800
18.040
18.110
17.370
17.660
17.530
17.420
17.270
17.700
18.000
18.000
19.260
19.160
19.430
19.280
19.210
19.830
19.130
18.680
19.370
19.340
19.250
19.240
19.440
19.200
19.470
19.500
19.980
19.320
18.630
18.270
17.950
17.470
16.940
17.250
17.490
16.750
17.080
16.800
16.740
16.480
15.770
16.180
16.500
16.570
16.450
16.550
16.450
16.390
16.310
15.500
15.630
15.640
15.470
15.470
15.520
15.390
15.140
15.080
15.640
15.670
15.470
15.470
15.390
15.420
15.440
16.170
17.230
16.800
16.940
16.400
16.210
16.470
16.550
16.460
16.630
16.370
16.510
17.500
17.300
18.000
17.970
17.820
17.690
17.700
17.360
17.610
18.090
18.320
18.070
17.550
17.280
16.570
16.930
17.380
16.930
17.120
17.150
16.850
16.320
15.680
15.090
15.500
15.520
14.920
15.010
15.460
15.850
15.880
15.330
15.540
15.600
14.660
14.090
15.390
15.480
17.250
16.760
17.020
16.820
16.710
16.640
16.460
15.750
15.520
15.700
15.140
15.020
14.400
14.660
13.930
14.980
14.680
16.270
16.120
15.780
16.650
16.960
16.260
15.660
15.890
15.080
16.200
16.370
18.180
18.470
20.520
20.200
20.190
22.400
23.170
22.680
21.660
22.210
21.630
21.770
22.220
21.870
21.650
21.830
21.260
21.220
21.190
20.600
20.570
20.890
20.700
21.850
21.500
21.570
20.880
21.090
21.070
21.610
24.020
23.990
23.850
23.840
24.760
24.350
23.980
23.890
23.130
22.570
23.690
23.390
22.700
22.960
23.550
22.450
21.420
19.940
19.760
20.600
20.990
20.760
22.260
21.300
20.580
19.460
18.520
20.620
20.080
19.850
19.650
17.830
18.600
18.600
17.510
17.000
16.380
15.390
16.040
15.770
16.460
16.100
16.340
16.480
15.270
14.880
15.370
14.060
15.620
17.340
17.240
17.390
16.850
15.550
15.000
16.670
18.600
19.480
17.790
16.700
18.560
20.620
22.900
25.380
27.210
26.550
29.530
27.710
26.400
25.850
25.260
25.280
23.410
22.060
22.580
22.870
20.790
23.100
24.700
24.440
22.250
23.330
25.870
25.590
25.140
24.200
24.800
23.220
21.340
20.620
22.900
21.810
19.830
18.030
16.390
18.210
20.230
22.480
24.980
27.750
30.850
31.180
34.640
38.500
41.190
38.360
34.950
36.530
35.260
34.500
34.240
32.990
32.760
30.200
29.300
28.960
30.210
29.700
30.050
31.630
30.490
27.900
27.010
29.840
30.330
28.870
27.370
27.190
26.660
25.980
25.820
25.410
25.000
24.350
24.890
23.850
22.730
22.260
22.080
22.850
23.930
23.010
23.750
23.620
25.170
24.620
23.660
23.680
23.600
22.000
22.310
21.470
21.340
22.670
22.740
22.400
21.460
22.450
23.480
23.430
22.990
23.310
22.550
20.500
19.760
19.890
19.410
19.490
19.690
19.280
19.220
19.150
18.720
18.750
18.110
18.090
17.850
17.890
18.030
17.650
17.890
18.280
18.220
18.100
17.910
17.890
17.420
17.350
17.420
17.200
16.950
16.910
16.580
16.480
16.550
16.900
17.290
17.140
16.940
17.150
16.750
17.030
17.250
17.200
16.710
17.220
16.530
16.190
15.610
16.160
16.060
15.840
15.800
15.580
16.040
16.200
16.300
16.550
15.940
15.720
15.550
15.930
16.110
16.090
15.920
15.530
15.650
17.250
17.740
17.180
17.880
17.540
17.760
17.820
17.550
17.460
19.400
18.550
17.260
17.180
16.800
16.680
17.350
17.620
17.740
17.390
17.180
17.260
16.940
17.170
16.990
17.220
16.760
16.740
17.440
17.210
18.310
18.420
18.980
18.970
19.440
18.800
17.990
18.340
18.830
18.750
18.270
18.230
17.710
18.180
17.980
18.290
17.670
17.750
18.200
18.880
19.210
19.500
19.300
18.820
18.440
18.820
18.720
19.100
18.930
17.970
17.600
18.540
18.650
18.630
19.940
18.580
16.890
16.820
16.670
17.130
17.270
16.190
15.960
16.070
16.200
16.200
16.060
15.590
15.390
16.090
15.800
15.990
16.090
16.880
15.950
17.040
15.490
14.940
13.880
14.440
14.420
