0.130
-0.210
0.230
0.050
-0.210
0.010
-0.160
-0.270
-0.330
-0.220
0.030
-0.240
0.560
-0.030
0.160
0.000
0.010
-0.150
-0.050
-0.090
-0.390
-0.180
-0.270
0.270
-0.060
-0.130
0.300
0.820
-1.030
0.080
0.580
0.080
0.100
-0.130
-0.650
0.020
-0.520
0.190
0.080
-0.450
-0.110
0.240
-0.020
0.100
-0.220
-0.630
-0.550
0.550
0.330
-0.150
0.400
-0.540
0.430
-0.190
-0.320
0.390
-0.670
-0.010
0.100
-0.280
0.020
1.980
0.600
0.040
-0.130
-0.170
0.160
0.970
-0.280
-0.030
-0.180
-0.090
-0.170
0.550
0.480
-0.080
-0.090
0.140
-0.850
-0.160
0.250
-0.040
-0.040
0.190
-0.740
0.240
-0.790
-0.300
0.160
-0.270
-0.020
-0.250
-0.230
-0.390
0.810
0.180
-0.370
-0.120
0.400
0.160
0.010
-0.150
-0.160
-0.440
0.070
-0.460
0.690
0.140
-0.150
-0.080
0.460
0.450
-0.300
0.040
-0.090
-0.100
-1.740
0.290
0.060
-0.870
1.600
-0.070
-0.870
-0.110
-0.270
-0.740
0.040
-0.050
-0.120
-0.690
-0.400
0.770
-0.240
0.590
2.490
1.010
0.260
-0.310
1.440
0.090
-0.500
0.130
0.910
-1.050
0.520
-1.110
1.240
-0.340
4.380
1.720
0.830
-3.050
-0.230
1.740
-0.710
0.990
0.550
0.680
1.440
-0.100
0.170
0.010
-0.440
-0.420
0.680
-0.130
-0.210
-0.570
-0.280
0.280
0.490
-1.540
1.490
0.230
-1.190
-1.310
0.090
-1.050
3.480
1.160
0.180
-0.920
-0.620
0.420
1.570
-0.140
-2.720
-0.450
-1.650
0.010
0.030
0.840
-0.360
1.180
-0.750
-0.950
0.700
0.990
-1.450
0.060
1.200
-2.080
0.010
0.090
2.420
-0.280
1.070
0.220
1.000
1.170
-0.300
-1.340
1.280
-2.880
-0.380
-1.220
-1.170
0.820
0.330
0.620
2.320
1.370
-1.660
2.250
-2.030
-1.520
4.570
1.020
-0.790
0.150
-0.100
1.010
0.180
-0.790
0.310
-0.280
0.950
-0.070
1.000
-1.560
1.110
-3.080
0.670
0.220
-1.460
-0.340
1.080
0.820
-0.310
0.150
0.640
0.270
-3.790
-0.080
-4.430
0.540
-1.310
-5.940
-0.240
0.060
-0.710
4.110
0.000
-1.740
0.620
-1.150
0.870
1.380
1.280
-0.570
0.610
1.550
-0.230
0.300
-0.380
-1.360
-0.560
-1.740
-0.190
4.090
-0.090
-1.630
-3.810
-1.810
1.740
-0.580
-1.270
-0.300
0.320
-1.910
0.100
0.690
-1.160
-1.660
1.220
-0.380
-0.970
-0.060
2.660
2.630
0.020
0.520
-0.300
0.040
-1.770
-0.070
0.770
3.310
2.700
-6.350
-0.130
-0.620
1.110
0.720
-1.140
-0.800
1.890
1.570
1.570
1.210
1.920
0.200
0.730
1.070
-3.050
5.170
2.030
-0.990
-1.420
4.090
-0.330
-4.590
0.630
-1.270
3.090
3.650
0.180
-0.720
-3.180
-3.430
2.130
3.770
1.300
-3.590
-5.830
-5.800
0.310
2.230
-6.840
1.340
-1.950
-0.010
1.120
0.240
6.150
2.720
1.140
-2.400
3.700
-5.830
-3.430
-1.300
3.020
-4.110
-7.490
-0.090
6.150
-2.660
5.000
3.180
3.230
2.290
-4.950
-4.220
6.130
5.570
5.070
1.180
-5.480
-6.090
-6.760
-7.520
-8.350
1.330
-2.690
-9.350
-5.320
8.910
8.100
-9.000
2.210
7.980
-2.500
3.750
7.110
0.370
3.100
-0.030
-1.880
1.120
-1.030
-2.010
-0.920
2.140
0.450
1.430
1.450
2.610
0.270
3.260
0.200
0.240
0.160
-3.830
1.170
-0.470
1.400
0.330
0.150
2.100
-0.870
-2.620
-2.260
1.470
-0.330
1.900
-0.460
-2.100
-0.120
-0.980
3.670
4.830
-2.500
-1.680
5.600
-0.350
1.370
3.920
0.850
-1.800
0.430
0.660
0.140
-1.550
0.410
-1.060
-0.570
-1.310
3.040
1.370
2.920
0.330
0.030
-0.120
-0.330
2.340
0.270
0.290
-0.770
1.420
-1.000
0.120
0.000
-1.020
0.680
-1.610
0.830
0.030
0.740
-0.850
-0.640
-0.270
0.130
-1.270
0.160
-1.470
4.500
0.790
0.370
-0.350
0.180
-1.010
0.570
-0.880
0.430
0.220
0.350
-0.870
-0.750
0.220
1.720
-1.380
1.610
1.220
-1.460
0.080
-1.880
-0.560
0.320
-1.470
-2.540
0.700
0.420
-1.530
4.490
-1.140
-0.800
2.400
2.300
-0.370
-0.200
-0.300
-0.760
-0.660
4.140
3.460
1.910
0.610
-1.900
0.460
1.940
3.170
2.880
2.620
0.500
-0.520
0.640
-0.160
-1.130
-0.230
0.930
0.310
-0.020
0.340
-0.400
-0.210
0.520
0.040
-1.020
0.360
-0.250
0.130
-0.240
-0.590
-0.020
-0.240
0.190
-0.350
-0.330
-0.230
0.200
2.540
0.980
0.900
-0.420
-0.520
-0.070
-0.430
-0.020
-0.910
0.410
-0.460
0.200
-0.010
0.450
0.770
-0.060
0.170
0.130
-0.170
-0.210
-0.040
0.450
-1.010
0.810
-0.450
-0.600
-0.140
0.790
0.640
-0.610
0.880
0.340
1.260
-0.250
-0.310
1.300
1.290
0.150
-0.200
-0.130
-0.210
