10.370
10.250
10.280
10.290
10.480
10.350
10.470
10.420
10.480
10.650
10.780
10.300
10.320
10.170
10.100
10.070
10.140
10.010
10.030
10.040
10.140
10.050
9.850
9.850
9.860
10.230
10.370
10.320
10.490
10.120
10.440
10.750
10.810
10.860
10.900
10.850
10.870
10.640
10.710
11.100
11.100
11.550
11.660
11.560
11.650
11.730
11.580
11.490
11.400
11.370
11.840
11.970
12.140
12.100
12.230
12.450
13.120
13.180
12.780
12.430
12.250
12.530
12.380
12.090
11.970
12.080
12.210
12.400
12.650
12.670
12.660
12.740
12.500
12.450
12.180
12.160
12.060
12.100
12.100
11.950
11.990
12.060
12.010
12.060
11.950
12.450
12.600
11.880
11.880
11.890
11.980
11.970
11.880
11.840
11.890
11.990
12.000
12.160
12.170
12.230
12.700
12.460
11.420
11.360
11.450
11.360
11.350
11.300
11.370
11.200
11.490
10.980
11.060
11.300
11.640
11.760
11.870
11.900
11.850
11.920
12.040
12.010
11.880
11.840
11.920
11.950
11.880
11.970
11.990
12.010
11.970
11.980
11.930
11.780
11.730
11.590
11.590
12.240
12.330
12.390
12.360
12.340
12.360
12.520
12.630
12.870
12.930
13.050
13.010
13.090
13.160
13.130
13.240
13.260
13.070
12.940
12.870
12.870
12.950
12.830
12.980
13.020
13.190
12.980
12.880
12.910
12.790
12.800
12.960
13.100
13.170
12.960
13.000
12.940
12.980
13.080
13.080
12.850
12.850
12.990
13.200
12.880
12.820
12.660
12.730
12.570
12.590
12.500
12.640
12.720
12.620
12.500
12.360
12.350
12.500
12.830
13.130
13.230
13.250
13.130
13.090
13.070
13.190
13.260
13.460
13.260
13.300
13.280
13.490
13.580
13.950
13.580
13.650
13.600
13.370
13.370
13.130
13.160
13.400
13.320
13.280
13.390
13.330
13.220
13.180
13.320
13.480
13.370
14.260
14.170
14.310
14.470
14.450
14.440
14.890
14.780
14.480
15.350
14.420
13.160
13.490
13.420
13.340
13.290
13.480
13.370
13.240
13.230
13.360
12.980
13.050
13.450
13.450
13.190
13.500
12.990
13.280
13.540
13.540
13.460
13.900
12.640
11.620
11.820
12.040
12.150
12.100
11.860
12.080
12.580
12.150
11.770
11.500
11.550
12.090
12.050
12.500
13.460
13.490
13.560
13.480
13.140
12.980
13.050
12.940
12.990
13.100
13.250
14.460
14.610
14.300
14.990
14.780
13.840
13.550
13.750
13.450
14.170
14.260
14.150
13.940
14.040
13.680
13.910
14.640
14.460
14.800
15.100
15.080
15.120
14.860
14.330
13.970
14.450
13.560
12.840
13.340
13.350
13.240
13.500
13.510
14.560
13.460
12.880
13.440
14.200
15.880
16.190
15.870
16.390
16.140
16.580
17.080
15.530
14.120
12.840
11.950
11.650
11.900
11.820
11.940
11.500
11.650
11.870
12.150
12.000
12.170
12.680
11.990
11.190
11.600
11.710
12.170
12.110
13.830
14.280
14.950
15.600
15.490
17.280
17.460
17.870
18.940
19.580
20.580
19.600
17.820
17.890
17.920
16.600
16.300
17.790
17.630
16.030
14.690
14.900
14.560
14.580
14.100
14.190
13.670
13.780
13.180
13.200
12.630
12.190
12.140
12.510
13.160
13.160
13.540
13.360
13.980
14.470
13.870
12.980
12.440
12.140
12.250
12.380
12.420
13.430
13.160
13.020
12.950
13.500
12.770
12.700
12.530
12.450
12.300
12.310
12.440
13.000
12.810
13.300
13.190
13.540
12.680
12.360
12.500
11.960
10.910
9.960
9.930
10.300
9.770
9.640
9.530
9.670
9.550
9.760
9.460
8.950
8.940
8.840
8.770
8.650
8.590
8.520
8.430
8.240
8.270
8.450
8.550
8.690
8.720
8.560
8.740
8.940
8.680
8.590
8.470
8.600
8.340
8.190
7.950
8.190
8.440
8.360
8.390
8.440
8.470
8.400
8.380
8.400
8.490
8.240
8.110
8.290
8.340
8.690
8.170
8.100
8.200
8.750
8.920
8.900
9.010
9.100
9.150
9.070
9.070
8.850
9.120
9.100
9.680
9.730
9.750
9.540
9.520
9.700
9.990
9.840
10.180
9.940
9.710
9.790
9.870
9.710
9.780
9.280
9.370
9.160
9.130
9.020
9.210
9.240
9.420
9.360
9.440
9.260
9.310
9.250
9.140
8.990
8.770
8.740
8.830
8.950
8.900
9.070
9.230
9.120
9.160
9.120
9.280
9.460
9.550
9.390
9.530
9.430
9.550
9.430
9.310
9.230
9.330
8.960
9.030
9.370
9.330
9.300
9.870
9.700
8.980
9.070
8.940
8.950
8.150
8.050
7.920
8.050
8.070
8.300
8.480
8.510
8.460
8.520
8.540
8.420
8.260
8.220
8.150
8.180
8.100
8.060
8.240
8.260
8.320
8.100
8.240
8.230
8.020
8.090
7.940
7.980
7.810
7.850
7.780
7.980
7.890
7.750
7.800
7.700
7.690
7.660
7.620
7.790
7.860
