18.790
18.850
18.700
18.880
18.090
17.920
17.980
18.290
17.970
17.930
19.180
19.570
18.670
18.680
18.850
19.260
18.750
18.590
19.080
17.530
16.170
16.060
15.740
15.630
15.380
15.920
16.170
16.090
16.090
15.860
16.800
17.330
17.550
17.460
17.700
17.380
17.490
17.620
17.730
18.680
18.590
18.940
19.440
19.660
19.970
19.790
19.750
19.600
19.820
19.860
20.380
20.790
20.560
21.030
21.340
21.460
21.650
21.880
22.140
21.650
22.100
22.470
22.140
22.230
22.060
22.750
23.080
22.990
23.380
22.410
22.690
22.700
22.830
22.790
23.120
23.080
23.050
23.440
23.190
23.400
23.970
24.230
24.300
23.560
23.580
23.900
23.960
23.880
24.060
24.160
24.440
24.200
24.290
24.290
24.850
25.980
24.520
22.760
22.120
22.360
22.040
21.860
21.970
21.880
21.650
21.680
21.540
21.720
21.840
21.550
21.630
21.690
21.640
22.500
23.200
23.700
23.770
24.090
24.220
24.400
25.200
23.650
23.310
23.510
23.490
23.880
23.990
23.630
24.670
25.180
23.360
23.280
23.490
23.770
23.400
23.430
22.770
24.720
24.940
25.480
24.750
24.810
24.900
25.530
25.450
25.450
25.590
25.790
25.850
26.230
26.530
26.750
26.510
26.610
26.830
27.380
27.090
26.490
26.970
25.500
25.320
25.390
25.480
25.930
25.760
25.980
25.940
26.000
26.100
26.070
26.460
27.400
25.050
25.180
25.180
25.230
25.100
25.250
25.320
25.400
25.550
25.530
25.480
25.200
24.500
24.470
24.490
25.340
25.660
25.720
25.600
25.850
25.880
25.800
26.240
26.710
27.280
27.440
27.450
27.400
27.350
27.350
27.480
27.480
27.550
27.810
28.020
28.170
28.320
28.870
28.680
28.400
28.960
28.250
28.280
27.960
27.350
27.970
28.260
28.330
28.100
28.450
28.040
28.580
28.750
28.380
29.450
30.020
30.550
30.230
30.300
30.950
31.980
29.730
29.630
30.080
30.300
30.490
30.440
29.680
29.960
29.580
30.100
30.250
30.440
30.280
30.430
30.590
30.900
30.750
29.820
30.650
30.940
30.820
31.100
31.550
32.550
34.120
34.430
32.990
35.500
34.500
33.870
35.000
33.140
32.930
33.170
32.650
31.890
32.110
32.200
32.710
33.100
33.170
32.830
33.680
34.280
34.160
33.970
34.440
33.580
34.500
35.580
36.390
37.600
37.380
37.590
35.950
35.610
35.960
35.600
35.360
36.520
33.480
34.160
36.980
37.250
37.650
38.470
37.480
37.440
37.350
37.480
37.490
38.590
38.980
38.720
38.550
38.980
38.870
40.190
44.980
42.460
40.400
40.250
40.400
41.400
38.500
36.500
36.500
36.200
35.720
34.490
35.500
35.910
34.930
35.230
36.500
37.880
36.740
35.590
38.590
40.690
41.380
38.930
35.780
34.950
34.060
34.790
35.720
34.490
34.200
32.570
31.200
28.950
28.870
29.000
28.530
28.940
28.900
31.050
32.180
31.250
32.480
33.500
33.500
32.200
33.960
33.440
36.310
34.050
36.500
39.380
41.500
43.180
44.890
46.660
46.800
48.020
46.970
47.230
43.280
43.830
42.980
42.800
42.790
44.860
44.060
42.700
43.690
44.370
43.800
41.090
38.690
39.400
39.870
40.900
40.400
40.970
39.930
40.100
43.550
45.420
44.680
44.500
46.000
49.850
49.000
50.830
49.950
47.870
46.810
44.000
45.290
45.350
45.390
43.680
45.500
44.880
44.000
46.910
48.050
48.500
47.550
49.290
50.000
53.700
48.830
47.770
49.000
50.500
46.970
42.700
40.900
37.790
34.630
32.300
32.970
32.500
34.380
34.390
34.540
32.770
33.080
33.320
31.000
30.400
33.800
31.120
31.670
35.140
32.150
31.000
28.260
25.690
23.350
21.270
21.300
22.410
20.410
18.550
17.790
18.560
19.500
22.430
24.880
25.350
25.890
26.490
26.660
24.480
23.580
22.140
20.450
18.700
17.700
18.160
17.490
17.350
18.360
19.850
19.460
18.970
20.500
20.880
20.190
19.290
19.180
19.300
17.940
16.320
16.400
16.520
15.020
13.650
12.410
11.280
13.400
16.870
17.400
19.300
21.560
20.970
22.520
23.600
26.100
26.400
25.900
27.640
30.000
30.290
31.450
31.460
32.260
31.250
30.990
29.760
30.280
30.790
30.350
30.570
30.700
28.500
27.480
29.450
30.150
29.900
30.200
27.490
25.290
24.160
24.450
24.790
25.100
24.180
25.380
23.820
21.880
20.200
20.000
20.880
21.180
21.350
21.860
21.720
21.880
22.800
22.880
23.600
23.260
23.030
23.360
22.150
21.470
22.360
21.420
19.590
18.730
19.020
19.600
19.570
19.450
19.150
18.550
18.800
18.770
18.520
18.950
19.490
19.630
18.480
18.480
18.590
18.780
18.960
18.100
17.450
17.260
17.400
17.670
17.460
17.970
17.270
17.210
16.980
17.110
17.130
16.770
17.130
17.160
16.570
16.670
16.550
16.380
16.290
15.890
16.300
16.840
16.990
17.460
17.530
17.920
17.950
18.280
18.810
18.690
17.450
16.680
16.350
15.870
16.050
16.330
16.350
16.030
16.000
16.400
17.320
17.780
17.810
17.700
16.480
16.420
16.660
17.370
17.170
16.150
16.000
17.250
17.670
18.880
18.050
18.080
18.100
18.190
17.160
17.640
17.200
17.360
16.960
16.860
17.080
16.680
16.700
16.870
17.650
17.380
17.750
17.270
16.000
15.900
16.170
15.500
15.460
16.330
16.490
16.940
16.380
16.200
15.390
14.910
13.660
13.000
13.090
13.360
12.660
12.850
12.450
11.480
10.540
10.530
10.770
10.730
10.730
10.770
10.950
11.020
10.950
10.950
10.930
11.120
11.260
11.400
11.410
11.170
11.100
11.240
11.250
11.090
10.990
11.250
11.490
11.150
11.500
11.330
10.320
10.320
10.300
10.380
10.680
10.330
10.060
9.990
9.840
9.700
10.030
9.710
9.900
10.050
10.010
9.870
9.890
9.930
9.800
9.820
9.820
9.860
9.590
9.620
9.420
9.450
9.420
9.410
9.310
9.400
9.360
9.350
9.470
9.220
9.000
8.930
8.990
9.030
9.100
9.250
9.600
9.270
9.290
9.230
9.140
9.150
9.270
9.400
