33.020
31.240
31.200
31.860
31.400
31.660
32.080
32.120
32.000
31.860
31.500
33.500
32.500
31.450
30.860
30.350
30.900
30.100
29.600
30.500
30.150
29.930
29.920
29.500
29.980
29.290
29.390
29.470
29.150
29.010
30.110
30.600
30.000
27.830
27.700
28.160
27.680
27.080
27.170
26.850
26.010
25.880
25.940
26.620
26.780
27.900
29.220
30.290
30.310
30.190
30.730
31.160
30.820
30.680
30.860
30.400
31.030
31.000
30.900
31.450
31.010
31.030
30.700
32.240
33.100
32.520
32.160
30.180
33.000
36.000
36.010
34.760
30.480
30.720
33.780
34.470
34.480
35.390
35.620
36.000
37.000
36.810
36.800
32.880
32.840
32.010
33.000
29.750
29.610
30.090
29.500
29.300
28.980
29.040
28.910
28.430
29.290
30.000
29.710
32.090
31.100
31.480
32.500
32.380
32.260
32.860
32.700
32.650
32.590
33.320
32.690
33.000
34.800
34.490
30.420
30.630
30.000
30.730
30.900
31.150
30.400
30.050
30.870
30.450
30.000
30.960
31.990
33.260
32.790
32.020
31.120
34.000
34.800
35.370
35.280
34.500
34.000
34.720
33.800
34.500
34.900
33.500
33.860
35.000
33.990
36.000
33.990
34.800
34.000
31.830
28.880
28.700
28.540
25.860
29.000
31.780
32.630
32.120
31.950
31.550
31.970
32.320
31.090
30.660
30.240
30.000
32.490
31.500
31.350
31.270
31.360
31.000
32.200
34.500
29.100
27.080
25.380
25.200
24.330
23.950
23.700
23.010
22.800
22.020
23.200
23.300
23.800
22.610
23.500
24.050
23.110
23.040
23.030
24.570
27.340
28.500
28.900
28.350
28.600
27.650
26.980
26.350
25.250
28.000
28.300
27.500
27.510
26.300
24.700
24.000
25.810
29.000
28.700
28.520
30.500
32.570
31.440
30.970
32.000
31.750
36.120
35.500
35.700
35.880
36.000
32.980
29.980
27.250
23.210
22.800
24.100
21.720
24.000
26.300
26.540
24.600
26.750
26.010
25.430
25.010
25.670
25.600
25.100
24.600
24.320
25.900
25.510
26.600
25.210
26.910
24.890
21.880
26.680
26.790
25.280
25.130
24.620
23.760
22.600
20.200
23.100
22.140
20.130
19.650
22.790
20.990
25.800
26.220
26.000
29.080
29.900
30.800
29.690
29.200
31.290
31.080
29.990
30.200
29.090
29.550
32.000
29.900
29.810
29.100
29.250
28.180
28.530
27.050
25.750
25.710
26.080
25.900
25.970
25.000
24.530
24.800
24.200
25.030
25.440
25.450
25.300
26.070
26.950
24.320
24.840
24.000
23.100
24.880
25.300
24.130
22.380
23.290
22.300
20.550
20.300
20.480
20.500
19.950
19.990
19.800
19.580
19.490
19.540
20.010
18.490
18.620
18.360
18.410
18.490
18.280
18.560
18.000
17.720
17.780
18.090
17.950
17.710
18.090
18.310
17.450
17.410
17.630
17.400
17.570
17.200
17.160
17.190
17.900
16.950
16.420
16.900
16.600
16.350
16.750
18.000
16.100
15.150
14.950
15.100
15.400
15.120
15.150
15.090
15.010
15.050
14.930
14.850
14.650
14.710
14.950
15.090
15.250
14.960
15.000
14.800
14.990
14.830
14.960
15.280
15.000
15.620
15.510
14.940
15.490
15.590
15.780
15.720
15.790
15.620
15.740
16.240
17.070
16.490
16.380
16.520
16.350
16.460
16.730
16.750
16.370
16.290
16.840
16.490
17.450
17.090
17.410
17.520
17.190
17.550
17.990
17.620
17.020
17.090
16.580
16.180
16.350
16.760
16.500
16.220
16.100
16.570
16.700
16.390
15.800
15.860
16.140
16.400
16.000
15.760
15.830
15.760
15.470
15.260
15.250
15.350
15.470
15.430
15.240
15.930
16.000
15.340
15.380
15.610
15.720
15.080
14.550
14.450
14.250
14.150
14.180
14.500
14.590
14.590
14.550
14.660
14.490
14.460
14.230
14.110
14.080
13.880
14.120
14.220
14.090
13.980
13.780
13.830
13.470
13.620
13.900
13.970
14.100
13.410
