56835.85
45479.87
39928.34
63642.15
41692.69
71326.10
36576.37
44448.75
45869.55
56122.76
76691.82
36171.43
36262.36
27677.60
30981.26
45913.87
46155.62
48283.45
39577.10
56374.27
46029.88
63311.56
36082.21
32906.66
47100.77
36928.00
29004.94
20465.56
29929.97
29103.32
47532.10
35110.00
33889.28
50174.11
38025.32
47940.34
33007.73
33994.02
59072.72
42169.76
33684.89
43249.74
43336.67
46342.75
58186.03
66721.44
30909.89
48284.41
29721.16
38106.00
66929.71
34806.02
42370.05
77225.93
61222.56
59102.05
97540.10
141081.33
104429.65
94909.80
69647.41
59535.65
52984.29
54227.62
44243.36
105597.73
76056.88
74399.76
106059.93
172740.70
88605.72
88821.23
84255.20
53320.56
71899.88
64534.50
84455.96
66314.20
46356.16
33631.91
61543.96
60594.61
79969.46
69585.91
50872.12
146152.47
177854.84
145014.50
147506.20
173653.34
381944.25
479562.59
102872.66
95113.40
46698.86
48941.72
68557.77
78050.20
123417.76
207001.36
107630.99
78776.23
84029.21
52565.64
40205.43
61820.64
51371.81
68917.03
46072.44
28417.00
22768.86
32309.16
34159.43
91089.42
88791.65
73565.16
72160.09
73643.50
47421.07
40725.00
54981.99
72228.56
42038.50
52332.75
86246.91
57723.83
36502.47
58961.57
98918.19
77063.45
98978.11
111704.32
75597.82
111897.54
74715.97
89471.44
71455.41
101112.99
70975.22
88724.33
59402.84
72201.87
99982.00
134637.48
82937.75
97860.56
178186.66
123979.45
62837.97
76163.26
92081.15
66032.53
85872.14
128003.22
267763.97
74106.65
46601.39
59225.31
64423.45
58219.04
76213.23
50075.87
49305.74
52272.01
69859.10
83460.33
57876.78
47720.05
48402.00
41464.37
63865.46
79582.12
39231.09
42233.16
37953.79
29299.83
41152.81
31219.11
22774.92
38391.75
36962.84
46523.73
42478.26
18881.01
24809.62
17603.45
19653.80
34730.17
55901.80
28835.25
15598.07
39082.51
29235.17
29449.46
29423.01
61661.43
51358.05
46731.54
39297.00
51769.93
43844.48
40350.24
51356.69
49561.04
27615.10
46504.80
60220.84
74736.72
99348.35
34344.00
28840.28
43288.76
60856.56
67092.19
97444.21
90499.57
87908.26
62770.50
83969.83
69860.15
79758.61
139288.27
50404.44
30970.15
26995.41
51227.27
50242.63
45434.53
93859.45
51785.63
40927.71
46922.85
53081.90
44632.09
45992.41
55874.53
44218.06
49290.11
66375.74
63727.05
72004.48
98631.67
73445.63
55415.77
70855.64
86188.11
46066.98
48087.01
55632.03
68132.48
50676.97
61060.72
41985.01
27378.71
68704.97
61293.76
45726.47
66978.67
49678.52
35749.01
100088.32
77207.97
75900.28
61263.69
76667.87
56637.83
72055.48
95147.70
57025.92
63834.12
59315.76
58986.48
41765.90
57353.78
30101.54
39593.24
46754.43
43954.74
44461.83
31086.79
52189.65
53606.70
48960.96
79380.97
147763.92
48895.20
83691.63
156287.20
50074.08
50811.94
55324.53
38866.80
44290.78
44911.23
57844.08
102778.42
63482.77
65019.60
112889.78
104366.47
85769.08
82408.13
78683.80
64776.47
65945.74
125030.39
74312.95
43295.59
64879.93
44846.33
32020.94
57528.75
28163.67
41263.06
41702.00
59482.46
71590.41
76497.34
57646.98
60359.22
37233.20
42366.92
23069.87
46112.94
29558.16
43318.70
45930.14
59898.46
85804.68
106264.99
47675.78
52921.11
51938.42
76178.50
48927.65
59681.97
64474.56
52577.98
58144.66
68377.74
48764.27
40072.78
32092.91
48058.99
32036.10
44331.95
35448.60
51903.54
48461.02
86719.77
85541.82
53286.03
65582.94
51406.16
68767.65
65562.69
58879.39
68237.06
69543.65
64718.73
113874.28
118398.26
116223.42
18608.00
82329.99
140572.20
130600.68
69964.76
77412.96
103976.64
164509.84
157931.20
196686.83
136525.88
110646.14
145831.77
132760.95
161209.16
116430.99
152026.31
142455.05
178567.73
410586.91
238459.06
159327.92
192422.36
251593.64
162816.19
182768.66
133381.02
136772.38
204443.12
145833.56
145560.30
113345.27
190368.05
142630.20
111622.81
110063.42
206521.73
112801.61
139974.84
232087.30
266669.78
167688.27
219859.11
200012.88
184613.27
231876.61
180107.45
197780.66
92119.05
79824.09
85514.40
129397.89
184633.27
246844.34
118621.49
111793.32
79658.53
107530.93
147412.41
112436.96
117390.25
131513.20
139701.28
77864.21
118289.85
74024.19
52679.52
71677.29
55346.89
68456.04
56134.28
89069.61
66690.08
44211.13
91427.92
97547.50
82862.89
93396.17
72586.32
75035.82
153040.77
99570.72
114338.38
135266.56
99098.92
85259.66
140228.34
121697.15
152954.09
205530.19
128879.53
132862.28
106159.12
177624.48
222228.25
195299.83
174238.88
132946.77
128041.98
207441.03
243719.22
147408.83
167150.59
271966.59
160036.42
208198.05
134039.36
164326.83
167983.97
277078.56
282168.62
260611.20
294285.38
349591.16
246461.36
297071.81
309554.12
356508.28
406350.56
67030.57
88322.36
110192.65
273622.72
347794.06
228173.95
312748.62
241277.80
197623.34
156904.20
203232.41
219412.38
143860.31
110773.88
134171.91
134698.95
139309.66
114721.75
144197.00
168784.94
207206.27
264126.81
171020.17
187402.58
142797.23
180500.64
218726.02
226678.16
253245.23
240649.67
234087.81
251086.28
365766.72
368478.09
243421.02
262364.72
278204.03
181628.33
172684.98
120956.37
93781.82
105145.16
184493.95
106239.65
133725.23
131545.77
117245.07
112925.45
126075.58
145397.53
174661.61
235202.84
146296.62
187548.56
176174.97
150993.34
194760.41
252601.98
337294.03
247747.31
193190.09
117174.21
176085.91
158430.77
224108.73
155787.55
202288.73
170471.41
135789.88
127261.53
140012.52
159050.45
194316.70
163389.14
111500.51
123018.59
156833.44
189397.94
151868.45
121879.67
138473.27
141250.05
169101.31
165826.45
100420.65
127115.63
180671.48
133169.31
224489.23
146757.41
307169.91
370661.50
99559.18
136630.95
70444.10
71942.76
103934.01
63245.30
77724.51
93672.57
46082.86
54431.86
46618.78
29340.32
47959.14
53470.52
55122.03
65988.43
72417.25
62094.94
49941.32
50942.54
90540.24
98938.33
64644.29
80593.88
83922.96
79118.86
119272.71
61472.38
53156.77
55958.75
87001.70
91133.44
79973.11
79281.25
89510.53
158100.09
122816.85
133894.38
157551.53
113416.94
113311.34
96366.79
66352.06
83688.19
150237.20
115163.92
77534.62
119565.47
134976.30
158708.88
267097.09
143371.39
159708.34
306568.78
141724.41
202896.48
171531.92
155710.84
129696.52
160598.94
154291.88
221045.78
102619.39
102742.74
162385.59
69766.00
46363.23
49314.38
47409.66
56473.00
53210.46
90314.79
95087.43
196800.52
91065.91
120478.92
116159.15
83505.17
128616.25
118229.69
133651.31
151485.91
242966.53
121481.95
55442.64
65845.25
136102.92
121783.79
118185.97
204763.59
144240.89
184252.45
111145.02
97207.04
92169.90
88113.99
104409.79
165995.03
86816.35
89532.73
79309.32
83684.90
74994.49
61747.79
77099.95
81561.13
80100.84
116488.54
166518.88
253468.23
72826.60
123613.46
75960.66
122347.23
120627.20
151346.27
128533.63
208401.64
246658.58
290379.53
209062.06
197952.39
259602.02
177165.06
255288.95
241010.33
256671.42
212940.91
144200.70
163774.05
77437.03
93497.49
114073.57
102725.80
109401.70
90705.75
105106.62
139773.23
87321.05
92075.68
110306.97
83524.36
125308.04
105378.96
48153.72
69645.98
62651.25
108714.70
63189.20
76337.74
69285.12
78874.15
163279.91
155585.03
38547.27
45293.99
53726.50
29677.94
