-0.080
1.610
0.120
-0.100
-0.260
0.090
-0.290
-0.320
1.010
-0.510
-0.960
0.150
0.930
0.100
0.480
0.340
-0.150
0.800
0.060
-0.760
0.540
0.160
-0.060
0.340
-0.260
0.540
0.090
-0.180
0.060
-0.110
-1.290
0.020
2.800
0.160
-0.180
0.050
0.300
0.280
0.180
0.190
1.030
0.260
-0.590
-0.430
0.100
-1.520
-1.520
-0.750
0.280
-0.380
-0.190
-0.470
0.200
0.170
0.110
0.150
-0.600
-0.320
0.370
-0.260
0.350
0.060
-0.150
-1.680
-0.530
0.440
-0.090
1.770
-3.170
-2.350
1.950
3.160
1.080
-1.560
-1.970
-1.260
0.040
-0.760
-0.260
-0.600
-0.340
0.360
0.070
3.360
0.030
1.470
2.020
0.400
-0.270
-0.180
0.120
0.470
0.570
-0.300
0.260
0.710
-1.080
-0.660
0.080
-2.190
1.250
-0.810
-0.650
0.000
0.050
-0.640
0.170
0.060
-0.040
-0.360
0.100
-0.400
-1.450
1.060
3.060
-0.080
0.180
-0.260
0.010
-0.310
0.350
0.230
-0.370
0.160
0.500
-0.840
-1.570
-0.370
-0.450
0.520
0.940
-2.550
-0.500
-1.020
0.150
1.630
-0.320
-0.330
1.140
-0.210
-1.220
1.790
-0.810
-1.400
-0.020
-1.210
3.130
-1.510
1.220
2.470
2.870
-0.840
2.680
-0.020
-2.990
-2.170
-0.690
0.550
0.290
0.220
0.030
-0.420
1.100
-0.080
0.680
0.010
-1.940
1.090
-0.040
0.040
-0.060
-0.070
-0.860
-0.530
2.990
2.720
1.750
0.420
0.650
0.650
0.700
-0.340
0.750
-0.060
-0.670
-0.720
-0.170
1.640
-1.030
-0.450
0.770
0.150
-0.170
-1.690
-2.760
-0.900
-0.840
1.080
-0.760
1.540
0.500
0.310
-1.020
-0.560
-0.080
-0.110
0.000
0.680
2.070
0.650
-1.150
-2.890
0.450
0.340
-2.930
-2.010
1.560
-0.600
-1.270
0.000
-3.780
0.030
1.800
3.280
-0.980
3.000
2.730
2.480
0.740
-0.360
-0.650
0.540
-1.490
-1.180
0.160
1.890
-2.180
0.300
1.040
0.230
-0.520
-0.340
0.770
0.770
-0.410
-0.940
0.410
-1.390
0.470
-0.150
2.200
0.200
-2.700
0.190
1.300
0.390
0.320
1.040
1.150
1.120
-0.530
2.010
1.830
-2.030
-1.100
-2.310
-2.570
-1.430
0.910
-2.070
-3.150
1.030
0.960
-0.330
-3.310
0.780
-0.820
3.030
1.460
-0.710
-3.120
2.790
0.100
0.440
0.080
0.980
-0.400
1.360
1.340
-0.020
-0.100
0.150
-0.040
1.090
0.190
0.310
-0.110
-0.760
-0.140
0.110
-0.090
-0.520
-0.710
2.260
-0.490
0.850
0.710
-1.750
-0.180
0.880
1.360
0.080
2.080
0.320
0.030
0.010
-0.010
0.390
0.060
0.220
0.280
-1.170
1.140
-0.580
1.500
0.000
0.260
-0.050
-0.080
0.040
-0.170
0.620
0.280
-0.220
-0.150
0.190
0.160
-0.420
-0.140
0.810
-0.100
0.360
-0.170
-0.190
0.300
0.080
0.020
-0.250
0.720
-0.010
-0.230
0.850
-0.530
-0.340
-0.020
1.550
0.210
0.270
-0.360
-0.180
0.360
0.010
0.050
0.030
-0.050
0.170
0.090
0.220
-0.200
-0.120
-0.140
-0.160
0.130
0.000
0.120
-0.060
0.040
-0.010
-0.420
-0.290
0.000
0.000
0.640
-0.420
-0.080
-0.240
0.040
-0.070
0.250
-0.340
-1.200
0.000
0.690
0.230
-0.220
0.050
-0.160
-0.160
0.040
0.300
0.150
-0.590
0.310
-1.010
0.450
-0.360
-0.210
0.350
-0.280
-0.290
0.190
0.650
0.030
0.460
0.300
-0.120
-0.400
0.160
0.370
0.020
-0.490
-0.150
0.480
0.480
-0.140
-0.080
-0.230
0.320
0.240
0.080
0.200
0.010
0.150
0.240
-0.340
-0.050
0.000
0.330
-0.740
-0.260
0.750
0.000
-0.170
-0.080
0.590
0.510
0.110
0.250
-0.020
0.080
-0.410
0.100
-0.190
0.020
-0.030
0.300
-0.200
0.410
0.060
0.000
0.040
-0.110
-0.100
0.190
0.070
0.210
-0.100
0.390
-0.130
-0.350
0.010
-0.660
-0.280
