9288.00
10647.34
18249.27
17450.36
12366.48
16228.75
18372.38
12410.64
20039.50
26600.93
16323.07
19651.74
13792.60
9752.12
8922.96
20010.46
14584.21
13037.24
30141.15
20423.06
10291.53
14817.94
10639.32
7240.07
11779.62
15076.41
20127.60
7724.13
13118.28
16115.90
29691.10
21561.23
15730.12
16105.75
11283.21
14114.59
7294.02
9102.40
13723.40
10243.18
6965.90
10436.29
12812.98
11421.01
8902.64
16449.91
25132.83
16506.25
21323.80
18765.41
36713.19
20412.85
8382.19
6707.04
13478.49
12218.30
19464.22
9252.95
14188.28
17501.92
13188.02
23941.68
13835.53
17730.91
8419.04
7977.06
19838.25
6859.88
10254.84
13879.96
25524.42
12275.32
6699.08
11854.38
5613.74
17061.97
6557.92
2652.40
13147.35
15224.47
4873.51
3061.95
9499.12
4810.64
12766.38
6551.42
7966.71
3388.34
10234.52
10400.63
9249.42
6374.02
13612.44
14537.29
8584.55
9917.93
6002.54
8094.00
15044.61
13419.33
5096.95
5263.12
25719.69
19586.34
21725.38
5116.76
17842.98
28114.23
5285.24
7361.52
6117.62
8350.60
16964.93
40477.14
17819.71
13748.83
20933.58
17886.62
16886.44
65905.92
35879.68
22129.62
17664.44
15067.13
13018.58
8037.82
12537.27
13397.40
12590.76
10427.40
9320.75
9947.46
10989.55
10355.61
16340.27
13133.76
9423.85
16329.07
8062.92
14223.36
8257.95
10186.38
15391.87
8844.98
20281.05
7057.09
12111.85
10831.95
7941.85
13250.03
9035.33
14007.60
13161.66
28648.66
19561.59
13657.13
9058.95
24371.08
23823.56
36502.91
58737.75
9761.53
12524.23
12130.72
21683.06
35377.77
6272.44
7103.32
6431.58
4306.03
5144.71
9404.48
3421.45
5908.19
6314.33
11708.26
7189.73
5450.38
8186.03
8608.58
3981.26
5628.30
6250.68
4719.65
9539.91
7751.31
3447.98
9078.35
8302.00
7535.13
5053.20
7690.33
2525.76
4609.84
6305.26
5659.99
14494.91
10254.07
15201.36
8139.75
12699.77
4646.61
7166.88
8713.52
6151.43
6192.60
8560.78
14565.70
9103.12
5863.32
15264.63
7426.71
8208.83
17853.54
19401.77
22652.62
6666.99
5745.82
17874.45
5514.47
8180.55
6305.02
15739.79
12299.00
13031.26
16202.53
16621.13
34670.46
25448.78
21651.78
14180.99
13960.86
16655.08
12486.41
21765.16
19639.99
18176.10
19664.75
28206.24
28278.55
52277.04
29466.49
67695.26
68288.54
10409.78
24790.46
15968.93
9288.14
12159.16
15906.21
25896.66
43737.95
2589.58
3282.29
5448.11
7574.37
8876.11
14915.80
8976.93
15711.29
14892.08
4972.85
5838.02
11992.99
7735.77
6052.03
16328.83
14226.29
15469.40
10736.66
9863.19
20181.31
9991.43
9781.15
12674.87
5825.14
3802.77
5006.86
7021.29
9112.32
4477.48
12234.79
14542.35
7542.19
6612.18
4132.88
11498.22
19751.16
9744.83
12172.32
8518.26
7341.79
9515.52
5989.87
6475.54
12793.60
5783.42
14131.99
12872.97
17241.66
19304.13
17880.32
10875.34
15009.75
9326.85
7571.49
15443.52
26041.05
20188.57
12892.55
8502.18
14967.93
10714.49
11496.63
9125.74
8076.21
17234.11
21632.90
24649.87
20483.32
9536.72
10381.20
11041.54
13733.35
9157.40
16044.10
26066.33
34345.13
18907.24
28043.25
35122.96
22331.40
21239.19
33741.75
43689.46
29928.91
24604.20
29626.89
26462.95
40372.91
59013.22
54096.91
66489.52
28340.11
5687.80
6613.95
7232.35
8428.68
7087.85
8526.24
8112.14
7094.95
6013.30
10702.22
20212.46
7322.01
6334.47
7384.80
10138.74
15396.17
7694.41
16241.46
23750.67
2277.94
10994.41
12747.96
11675.32
11972.43
9016.08
14381.84
9949.94
9466.03
15742.72
16727.84
29178.06
29525.25
9216.46
17941.71
28930.87
11913.70
13503.09
9564.65
9640.33
6277.22
16611.77
10578.61
17788.13
12347.29
14380.09
15090.78
19900.39
30903.87
22607.99
23330.50
14167.48
17588.64
17348.45
14825.71
13877.99
23534.36
20739.60
21288.78
29056.59
24853.56
38761.58
44431.34
34388.02
31036.50
28444.02
11271.06
24823.66
17173.77
37080.60
14794.30
14890.79
24350.58
33198.01
31924.14
33163.50
15147.29
27690.78
31136.58
22122.73
18098.56
16118.41
46489.50
19592.81
17548.86
6216.09
5246.72
4820.17
12979.64
7200.44
12027.27
18206.77
13114.86
8822.46
24840.69
21393.17
17368.89
33322.78
23638.90
24434.00
32021.32
18405.08
12317.52
16239.93
17544.08
16422.15
23212.07
21477.84
30999.72
33978.15
33617.91
32305.27
25662.07
21382.08
28783.31
35811.42
51862.01
52721.65
35925.88
46520.55
27458.06
13971.89
8094.64
20185.37
21805.36
23512.26
12356.64
14016.12
25217.55
35211.98
23996.24
19463.76
23115.09
13840.60
24817.86
20816.59
18335.14
24440.75
22945.72
39511.25
14156.16
28007.55
52235.97
22637.00
19430.04
45066.37
46162.83
30629.40
26786.54
38196.51
41650.51
34800.63
38201.27
45075.50
53454.97
50962.76
21652.74
40322.25
21919.92
35518.65
52369.99
43375.48
51120.95
23614.37
26069.38
26023.28
47208.39
14524.18
21906.84
27725.25
25825.38
25438.28
18513.46
19381.58
25242.95
16351.35
14875.03
39534.33
27408.57
19314.81
25097.69
16288.95
26530.79
41351.80
49338.19
18022.71
10715.42
18030.76
15340.70
24023.15
19602.56
40759.78
35551.28
10377.13
13342.84
10873.23
16199.30
32259.65
35222.90
20311.75
15779.87
28022.04
18773.27
31068.74
21235.59
41726.07
13451.88
35632.30
16996.93
18204.30
30857.48
31921.51
21487.77
31397.21
22288.24
18996.00
20586.52
28364.88
21882.53
25752.85
18557.12
14513.47
11526.53
23962.97
18068.32
16220.54
13095.94
8500.90
9615.46
6176.99
4358.37
10842.92
14968.20
25920.86
13547.03
19649.24
5101.26
8786.04
11928.07
17627.37
11252.49
10274.08
18434.67
10066.60
7092.23
10526.50
22004.96
12855.20
22394.24
23382.45
46441.03
34062.95
20138.19
15717.43
27110.77
29438.95
9119.56
10133.41
13460.71
12879.72
13935.08
18356.08
32606.20
41249.29
24328.92
11224.78
20805.83
33228.34
14670.39
10953.63
5801.76
11478.65
11435.70
12756.54
7370.64
10203.96
7350.41
13929.73
7684.04
18138.18
21935.44
23392.22
20331.66
31676.65
23257.66
28031.68
23161.54
14870.71
15539.81
13050.42
20724.49
27730.89
22859.36
9117.48
11825.84
7387.76
9411.29
28554.43
16502.45
19294.26
20702.60
10045.40
17629.55
15117.58
16283.24
7804.62
6411.36
12370.61
9623.45
8198.93
19399.85
8418.19
9170.83
9944.59
14117.76
7136.39
11365.32
12935.83
11988.15
16506.73
16628.50
14056.98
8041.27
10157.45
22572.65
8532.09
5521.21
5217.87
5583.38
10298.87
7130.55
8907.27
8893.83
8198.89
15628.30
28245.67
23616.91
12812.12
5935.62
9370.59
7368.85
14329.33
12317.44
12350.66
11227.54
11029.32
10112.42
6519.25
5418.26
4409.81
7914.49
8941.49
9873.90
9028.70
12540.47
14565.71
12708.07
18042.46
12632.83
15953.84
18758.70
21942.56
19154.32
12040.72
16085.05
19470.48
24887.38
25254.61
16416.03
7304.41
11471.64
13054.81
6660.10
12393.09
11587.18
20504.28
9052.03
32360.98
39719.93
23932.02
13107.35
8537.46
9773.38
9468.32
14387.74
20730.14
