14.380
14.460
14.520
14.990
15.170
15.100
15.300
15.370
15.360
14.840
14.800
14.720
14.300
14.230
14.250
14.400
15.020
15.100
15.240
15.130
15.060
14.780
14.660
14.350
14.440
14.600
14.200
13.990
13.760
13.740
13.700
13.580
13.350
13.270
13.620
13.320
13.270
13.270
13.250
13.060
13.190
13.280
13.220
13.260
13.320
12.990
12.640
12.650
13.110
12.500
12.470
12.490
12.470
11.970
12.090
11.680
11.780
11.970
11.930
11.910
12.050
12.140
12.160
12.210
12.240
12.100
12.190
11.720
11.990
11.920
11.480
11.390
11.400
11.280
11.440
11.620
11.500
11.290
11.400
11.070
11.040
11.180
11.220
11.170
10.920
10.990
10.950
11.330
10.880
10.550
10.700
10.750
10.750
10.650
10.330
10.140
10.230
10.200
10.200
10.070
10.090
10.060
10.120
10.210
10.180
10.230
10.080
10.070
10.050
10.030
10.030
10.080
10.080
10.130
9.980
10.020
10.050
10.060
10.030
10.050
10.070
10.050
9.960
9.890
9.880
9.930
9.930
9.880
9.960
9.970
10.000
9.940
10.010
10.040
10.030
10.140
10.140
10.260
10.410
10.380
10.360
10.450
10.480
11.060
11.200
10.920
11.300
10.830
10.390
10.540
10.270
10.050
9.990
9.980
10.010
10.020
10.020
10.020
10.000
10.010
10.040
10.050
10.010
10.030
10.040
10.030
10.040
10.100
10.230
10.200
10.300
10.340
10.380
10.230
10.170
10.240
10.210
10.270
10.200
10.230
10.300
10.380
10.380
10.200
10.170
10.200
10.220
10.440
10.520
10.570
10.630
10.840
10.880
10.170
10.210
10.240
10.480
10.550
10.740
10.750
10.800
10.740
10.550
10.530
10.320
10.360
10.330
10.230
10.310
10.380
10.380
10.480
10.580
10.620
10.740
10.790
10.450
10.470
10.700
10.640
10.510
10.590
10.600
10.670
10.670
10.980
11.330
10.840
10.420
10.400
10.390
10.580
10.640
10.350
10.410
10.680
10.560
10.220
10.370
10.370
9.600
9.640
9.600
9.280
9.300
9.180
8.950
8.980
8.870
8.790
8.830
8.830
8.870
8.880
8.970
9.000
9.170
9.020
9.110
8.950
9.170
9.290
9.300
9.370
9.500
9.300
9.300
9.300
8.940
9.020
8.920
9.100
9.140
9.160
9.150
9.050
8.930
9.080
9.080
9.080
9.390
9.380
8.830
8.380
8.720
8.690
8.830
8.850
8.530
8.000
7.940
7.990
8.020
8.060
8.100
8.350
8.350
8.380
8.460
8.460
8.520
8.490
8.510
8.420
8.590
8.600
8.680
8.560
8.570
8.540
8.490
8.620
8.580
8.730
8.890
8.880
8.970
8.880
8.720
8.750
8.530
8.620
8.340
8.570
8.590
8.590
8.840
8.800
8.630
8.630
8.230
7.800
7.950
8.340
8.440
8.530
8.530
8.420
8.580
8.570
8.440
8.190
8.490
8.600
8.450
8.800
9.380
10.100
9.800
9.700
9.750
9.790
9.450
9.530
9.140
9.230
9.440
9.680
9.770
9.850
10.040
9.980
10.020
10.180
10.490
9.790
9.950
9.970
10.100
10.140
9.960
10.480
10.470
10.130
10.100
9.970
9.500
9.220
9.460
10.240
11.380
12.180
11.660
12.250
12.220
12.390
12.490
12.450
12.620
12.220
11.530
11.300
11.690
11.760
11.380
11.200
11.680
11.760
11.650
12.800
13.350
13.380
13.500
13.530
14.050
14.470
14.570
29.000
31.010
31.590
29.680
26.980
25.390
26.650
27.740
27.110
28.990
30.480
30.450
28.800
29.150
30.940
30.920
29.650
28.880
30.150
30.210
30.940
31.580
31.980
32.200
32.700
32.970
32.320
32.460
32.290
32.200
31.030
30.910
29.550
31.350
31.880
32.980
30.600
29.680
28.260
26.970
26.250
26.730
27.090
27.480
27.000
26.990
26.580
26.050
26.320
26.830
27.250
27.980
28.190
28.980
28.450
28.550
29.100
29.140
28.810
27.570
27.700
27.080
26.900
26.970
27.460
27.350
26.840
27.550
27.850
28.250
27.990
26.290
26.800
24.750
23.830
24.410
24.860
24.000
23.610
23.210
23.900
24.090
23.710
23.500
23.880
22.890
22.030
20.430
19.850
20.000
20.170
20.510
20.680
20.760
20.510
20.480
20.680
21.000
20.380
20.430
20.420
20.580
19.890
19.390
19.980
20.680
20.600
20.150
20.110
20.350
20.050
20.450
20.690
20.510
20.600
20.850
20.690
20.350
20.850
21.430
21.080
21.220
21.280
20.690
20.380
20.250
20.340
21.300
20.250
18.640
18.500
18.780
18.750
18.680
19.070
19.840
19.350
18.950
19.150
18.620
19.000
19.370
19.390
19.800
19.530
19.950
18.690
18.900
18.650
19.000
18.030
18.060
17.300
17.740
17.800
17.750
17.660
17.200
17.070
16.950
17.600
19.010
17.820
17.690
17.470
17.170
17.080
16.380
16.350
16.600
16.760
16.750
16.610
15.800
15.760
15.650
15.590
15.630
15.750
15.830
15.840
15.620
15.700
15.820
15.800
15.860
16.130
16.170
16.050
16.320
16.800
16.810
17.080
16.920
16.940
16.680
16.620
16.490
16.670
17.170
17.190
16.910
17.110
16.890
17.170
17.260
17.120
16.540
16.210
16.070
16.000
15.300
15.330
15.640
16.040
16.030
16.320
16.420
16.180
16.250
15.960
15.750
15.690
15.730
15.720
15.660
16.090
16.500
16.810
16.750
16.720
16.240
16.430
16.700
16.310
16.310
16.040
15.740
15.550
15.370
14.750
14.420
14.340
14.540
14.390
14.200
13.900
14.090
14.170
