28.620
28.200
28.470
28.240
27.920
27.960
28.270
28.130
27.670
27.580
28.090
28.230
28.300
28.200
28.200
27.520
27.560
27.500
28.020
28.210
28.360
28.030
27.900
28.000
27.160
27.650
28.060
27.620
27.680
26.810
27.660
28.070
27.800
27.950
28.200
27.700
27.680
28.000
28.100
28.850
28.790
28.450
29.080
29.280
29.440
29.500
29.190
29.410
29.730
29.950
30.460
30.500
30.320
30.960
31.430
31.270
32.300
32.170
32.140
32.200
32.840
32.840
33.200
32.850
32.850
33.630
33.910
34.360
34.700
34.190
33.990
34.000
33.800
33.420
33.800
33.360
33.650
33.520
33.400
33.430
33.780
33.930
34.060
33.750
33.770
34.160
34.000
33.910
34.720
34.510
34.900
34.750
34.300
33.380
33.780
33.580
33.970
34.210
34.150
34.100
33.700
33.510
33.530
32.820
33.550
33.410
33.030
33.750
33.570
33.160
33.300
32.360
32.440
33.050
33.520
33.560
34.460
33.700
32.590
33.080
33.430
32.720
32.100
32.100
31.980
32.270
32.060
31.510
32.630
32.500
32.300
32.430
32.830
32.800
32.010
32.500
32.200
34.010
33.880
34.720
33.850
33.460
33.520
37.200
36.170
36.990
36.990
36.770
36.660
36.000
36.680
36.450
35.700
34.660
34.150
34.400
34.220
34.610
34.280
34.320
33.930
33.940
33.850
34.000
33.800
33.740
33.490
32.370
33.000
32.800
33.230
33.350
32.500
32.820
32.340
32.300
31.590
32.260
32.420
32.400
32.410
32.370
32.220
32.210
32.190
31.680
31.310
32.210
32.050
31.670
31.510
31.410
31.150
30.980
31.180
31.450
32.610
32.550
32.730
32.300
32.270
32.320
32.930
32.570
32.630
32.000
32.970
33.290
34.300
34.530
35.810
36.080
34.890
34.100
34.700
33.280
31.350
31.120
31.950
32.040
31.780
30.990
30.350
30.200
30.080
30.700
29.800
29.450
30.820
30.350
30.180
30.620
30.650
30.800
31.200
31.070
31.480
31.810
31.300
30.510
30.400
30.070
30.530
30.790
30.980
30.000
29.780
29.800
29.800
29.000
28.330
29.300
29.520
29.220
29.450
29.200
29.500
29.480
28.300
28.360
29.220
30.980
30.700
30.500
29.400
28.190
28.300
28.350
28.200
28.600
28.850
28.500
28.300
28.720
30.270
31.000
30.290
30.680
30.310
31.780
31.680
32.400
34.170
34.790
34.000
33.510
34.800
34.100
30.850
29.930
30.550
32.100
31.980
32.600
32.500
32.500
32.410
31.440
31.030
30.980
32.270
32.000
31.900
31.620
32.000
31.090
31.770
31.550
31.100
30.430
30.700
31.000
30.810
29.610
28.990
29.330
28.680
28.400
27.500
27.900
27.210
27.900
27.780
28.650
28.580
26.840
26.230
28.850
30.500
33.400
33.690
32.880
32.300
32.160
32.990
32.050
30.860
30.300
31.640
31.350
31.000
30.310
30.200
29.030
31.000
31.490
33.180
33.500
33.070
34.260
35.490
33.450
32.600
34.700
32.000
37.200
36.600
35.600
35.010
36.200
36.200
35.530
40.500
42.250
42.700
43.190
46.330
47.780
46.990
42.400
37.380
36.850
35.220
34.850
33.340
32.390
29.880
29.820
28.830
29.600
29.550
30.400
33.020
29.870
28.950
27.380
28.100
27.900
27.370
27.300
27.600
27.150
26.780
27.230
27.380
26.530
27.560
27.330
27.640
27.700
27.500
27.200
27.300
26.410
25.990
25.800
26.620
26.880
26.600
25.900
27.350
24.850
24.290
23.880
24.000
23.000
22.880
22.760
23.450
23.500
23.850
23.940
22.990
23.000
23.100
21.960
22.070
24.290
23.780
23.670
23.650
22.200
21.850
21.510
23.450
24.600
24.200
22.900
22.800
23.400
25.550
27.210
28.770
27.600
31.280
29.000
29.350
28.630
29.000
28.700
26.350
25.810
25.400
26.050
24.850
24.600
25.000
25.980
25.400
24.150
27.100
28.990
27.980
27.810
27.530
28.390
26.600
25.000
27.500
27.000
26.900
23.610
20.400
20.160
24.600
28.090
27.080
29.820
30.580
29.090
31.650
33.400
35.180
35.300
34.470
36.400
39.200
38.160
39.310
41.000
41.160
39.800
37.700
38.510
39.170
39.130
38.240
37.300
36.460
35.020
34.510
38.080
38.600
38.150
36.400
37.000
35.250
35.600
34.000
33.050
34.990
34.850
34.280
34.370
33.500
32.460
32.800
33.680
35.000
36.660
35.890
32.860
33.680
31.890
31.880
33.100
31.880
30.160
31.350
32.350
31.700
32.690
33.500
30.600
28.750
29.240
29.990
30.690
29.100
29.150
28.490
29.190
28.410
27.990
27.770
28.020
28.690
28.210
28.110
28.150
28.020
28.160
27.920
28.050
27.580
27.360
26.750
27.280
26.150
26.150
26.010
26.400
26.250
26.260
26.300
26.600
26.150
25.990
25.930
25.580
25.750
25.320
25.220
26.270
27.110
27.550
28.730
29.000
29.550
28.280
28.600
29.310
29.700
28.980
26.850
25.850
25.590
25.810
25.660
26.080
27.970
25.760
25.540
25.230
25.500
25.650
25.500
25.780
25.270
24.500
23.200
22.950
22.500
21.720
21.590
21.860
21.750
21.810
22.860
22.990
22.510
22.620
22.100
21.240
21.300
20.980
21.660
21.560
21.750
22.130
21.790
21.670
21.440
21.290
21.140
20.760
20.810
20.800
21.340
21.480
21.130
20.780
21.240
20.930
21.520
20.930
21.000
21.000
20.700
20.870
20.460
20.250
20.340
20.170
19.940
19.920
19.550
19.850
20.350
20.310
20.550
20.530
20.670
20.400
20.200
20.580
21.160
20.900
20.890
20.640
20.450
20.490
20.130
19.700
19.440
20.000
20.000
19.570
19.600
19.880
19.850
19.810
20.100
20.250
20.120
19.950
19.610
19.800
19.600
19.400
18.820
18.940
19.050
19.480
19.480
19.370
19.320
18.920
18.800
18.380
18.330
18.420
18.360
18.400
18.110
18.190
18.400
18.340
18.590
18.450
18.670
18.640
18.190
18.070
18.200
17.830
17.750
17.650
17.450
17.480
17.280
17.500
17.580
17.760
17.480
17.350
17.400
17.500
17.460
