15.800
15.700
15.890
15.850
15.600
15.870
15.660
15.810
16.080
15.210
15.240
15.130
15.100
15.090
15.040
14.890
15.230
15.180
14.820
14.650
14.700
14.460
14.360
14.250
14.060
14.200
14.200
13.720
13.670
13.870
14.700
15.400
15.110
15.600
15.550
15.370
15.200
15.080
15.500
15.710
14.970
15.330
15.310
15.180
15.490
15.540
15.190
14.990
14.970
14.990
15.410
15.700
16.320
17.500
18.080
17.770
18.470
18.580
18.820
18.370
18.480
18.410
18.380
18.180
17.530
18.900
19.300
19.120
19.410
19.290
19.480
19.800
19.920
19.670
19.720
19.630
19.690
19.790
19.760
19.740
19.760
19.720
19.970
19.430
19.600
19.850
19.550
19.640
19.480
19.320
19.480
19.590
19.520
19.350
19.750
19.800
20.090
19.600
19.450
19.870
19.910
19.750
20.100
19.600
19.250
19.060
18.880
18.850
19.270
19.070
19.850
19.950
19.550
21.130
21.150
21.590
22.090
21.670
21.950
21.890
22.000
21.750
21.240
21.040
21.090
20.980
20.790
20.850
22.040
21.420
21.530
21.650
21.450
21.370
20.560
20.400
19.990
21.050
21.300
20.810
20.600
20.240
20.020
20.850
20.750
20.500
21.280
21.180
21.570
21.900
22.370
21.500
21.910
20.800
20.850
21.100
20.950
21.140
20.500
20.550
20.410
20.010
20.210
20.150
19.900
20.060
19.800
20.070
20.020
20.400
20.300
20.090
19.760
20.000
19.960
20.130
19.870
20.320
20.550
20.640
20.200
20.150
19.900
19.620
19.230
19.540
19.340
20.100
19.590
19.680
19.660
19.390
19.260
18.920
18.800
19.460
19.480
19.550
19.480
19.110
19.000
19.240
19.300
19.020
18.990
18.850
18.940
18.830
18.790
18.890
19.550
19.480
19.650
19.500
19.520
19.150
18.790
19.000
19.000
18.850
18.540
19.220
19.040
18.800
18.510
19.120
19.370
19.510
20.020
19.200
19.650
19.380
19.010
19.010
19.400
19.070
19.230
18.700
18.590
18.480
18.660
18.880
18.450
18.430
18.300
17.960
17.800
17.950
17.900
17.550
17.380
17.860
17.830
17.510
17.610
17.510
18.150
18.250
17.570
17.380
18.480
18.500
18.850
18.650
18.580
18.380
18.180
17.320
17.500
17.650
17.430
17.300
17.530
17.500
17.010
17.210
17.450
18.350
17.390
17.010
17.200
17.850
17.950
18.950
21.000
21.080
20.800
20.500
20.450
20.450
20.150
19.580
19.550
19.470
19.920
21.950
22.220
22.090
21.880
21.240
20.980
21.450
21.510
20.500
21.610
20.850
20.680
20.100
20.490
19.780
19.450
19.470
19.080
18.950
19.210
19.550
19.500
18.510
18.100
18.230
18.200
17.970
18.210
18.590
18.510
19.030
18.800
19.120
18.600
17.800
18.100
18.800
18.160
19.330
18.780
18.520
18.250
18.250
18.790
18.350
18.160
17.300
18.300
18.170
17.860
17.060
16.900
15.570
16.130
16.110
17.130
17.100
16.150
16.500
16.600
16.030
15.000
15.050
14.260
16.340
16.360
17.460
18.700
19.910
19.650
19.600
22.550
22.930
22.500
21.770
23.290
22.780
22.620
23.100
23.500
21.400
21.500
20.880
20.430
20.070
19.800
20.120
20.550
20.580
21.390
20.000
19.950
19.730
20.180
20.070
19.860
21.740
22.500
22.650
22.580
22.850
22.050
20.410
20.320
19.460
18.190
19.250
19.290
19.460
18.800
18.680
18.100
18.260
17.390
17.480
17.250
17.600
17.710
18.040
17.830
18.120
17.200
16.130
17.340
17.250
17.250
17.300
16.880
16.570
16.530
15.850
15.460
15.200
14.890
14.850
14.500
14.900
14.950
14.970
15.200
14.630
14.480
14.850
13.550
13.600
15.060
14.660
14.900
14.460
13.210
13.340
12.820
13.350
13.850
13.080
12.580
13.050
13.090
15.180
16.700
17.700
16.800
19.400
18.590
19.690
17.880
17.900
18.080
17.060
16.450
15.290
15.880
14.500
15.400
16.020
17.000
16.000
16.030
18.800
20.070
19.550
18.900
18.000
18.100
16.610
14.210
16.010
16.580
15.500
13.800
10.990
12.210
13.580
18.440
16.760
20.000
22.800
20.800
26.190
27.600
30.700
30.590
31.200
31.150
32.380
30.940
33.700
35.350
33.400
32.800
32.000
32.270
31.750
31.700
29.000
28.630
27.960
26.690
27.270
28.400
28.630
28.400
26.900
28.000
27.300
26.550
25.460
23.950
24.700
24.300
23.940
23.810
23.960
22.900
23.290
23.890
25.200
25.370
24.160
23.160
23.950
24.800
21.730
21.090
21.000
20.300
20.500
20.380
20.000
20.550
21.480
21.060
21.080
18.980
19.580
19.800
19.530
19.900
19.780
19.670
19.450
19.420
19.550
20.010
19.910
19.310
18.810
18.900
17.620
17.840
17.540
17.780
16.660
16.750
16.590
16.390
17.200
17.260
17.150
16.500
15.350
14.830
15.080
14.840
14.720
14.470
14.200
14.020
13.620
13.820
13.150
13.120
13.350
13.500
13.360
13.020
13.200
13.260
13.700
13.550
13.200
13.230
12.710
12.360
11.950
12.100
12.260
12.240
11.820
11.600
11.930
12.280
12.100
12.150
12.040
11.780
11.580
11.660
12.050
11.990
11.950
11.650
11.510
12.700
13.020
13.030
13.480
13.760
13.400
13.700
13.280
12.910
13.800
13.500
14.320
14.360
14.770
14.520
15.010
15.000
14.030
14.150
14.160
14.470
14.060
13.990
13.860
13.340
12.600
12.500
12.890
12.520
13.150
12.950
13.490
13.340
13.360
13.590
13.460
13.300
13.150
13.290
13.040
12.840
12.440
12.360
12.750
13.160
12.810
13.210
13.500
13.250
13.470
13.180
13.500
13.590
12.480
12.370
12.200
12.190
12.550
12.640
12.640
12.360
12.100
12.100
11.620
12.100
11.950
11.880
11.570
11.460
11.500
11.090
