11.390
11.260
11.380
11.340
11.210
11.250
11.510
11.710
11.700
11.260
11.500
11.380
11.340
11.360
10.890
10.700
10.620
10.500
10.530
10.700
10.860
10.530
10.610
10.730
10.770
10.500
10.710
10.600
10.500
10.070
10.350
10.480
10.280
9.930
9.870
9.650
9.700
9.640
9.900
10.250
10.180
10.270
10.210
10.320
10.330
10.290
10.140
10.180
10.370
10.440
11.190
11.230
11.280
11.200
11.280
11.340
11.490
11.510
11.540
11.380
11.600
11.580
11.550
11.370
11.350
11.730
11.940
11.870
12.000
12.070
12.300
12.300
12.400
12.340
12.370
12.230
12.300
12.400
12.380
12.470
12.700
12.860
12.940
12.910
12.510
12.750
12.650
12.610
12.750
12.700
12.830
12.900
12.940
12.880
13.330
12.770
12.450
12.430
12.340
12.450
12.280
12.240
12.300
12.070
12.110
12.080
11.990
12.140
12.090
11.810
11.750
11.760
11.620
12.390
13.000
13.180
13.330
13.380
13.430
13.680
13.590
13.480
13.400
13.560
13.420
13.660
13.600
13.440
13.750
14.120
14.060
14.180
14.400
14.030
13.700
13.600
13.520
14.860
14.810
15.000
14.930
14.990
16.800
17.100
17.120
16.990
18.230
18.410
19.110
19.100
19.750
19.410
19.400
19.330
19.400
19.700
19.540
19.750
19.130
19.030
19.200
18.630
18.480
18.720
18.790
18.910
18.850
18.880
18.750
18.740
19.000
19.020
18.970
19.410
19.390
19.700
20.770
19.220
19.200
19.050
19.210
19.150
18.870
18.840
18.910
19.220
18.610
18.760
19.150
19.040
18.980
18.700
18.800
18.500
18.650
18.610
18.530
18.400
18.360
18.510
19.240
19.250
19.000
18.910
18.750
18.950
18.810
19.330
19.170
19.110
19.090
19.290
19.650
19.650
19.820
19.560
19.650
20.350
20.980
20.700
21.260
21.250
21.610
18.660
18.530
18.510
18.530
18.500
19.800
19.730
19.900
20.250
20.110
19.990
20.200
20.080
20.460
19.650
19.460
19.120
19.500
19.620
20.000
20.010
20.160
19.690
19.660
20.180
20.130
19.240
18.480
19.550
19.550
19.500
19.330
19.310
19.670
19.080
18.540
18.700
20.730
21.360
21.700
21.380
21.540
21.250
21.100
20.360
20.500
21.150
21.670
21.580
22.300
22.090
22.900
23.550
23.490
23.680
23.020
22.680
22.310
24.090
23.350
24.300
26.800
26.500
26.480
24.770
25.000
25.580
26.530
25.080
24.350
25.150
24.550
22.700
22.650
22.650
23.320
23.670
23.510
23.110
23.230
23.160
24.520
24.870
24.060
24.900
26.000
23.200
22.290
22.180
22.520
22.150
22.100
22.380
20.440
19.600
19.080
19.750
19.050
18.780
18.830
20.380
19.640
20.110
17.240
18.630
18.990
17.910
17.380
19.450
21.000
22.850
23.270
23.900
23.510
24.620
23.200
22.810
22.300
21.600
24.000
23.540
21.000
18.790
21.960
20.150
18.320
16.500
13.770
13.650
13.540
13.840
14.320
13.800
12.970
14.190
13.700
15.580
15.210
16.890
17.260
18.090
17.730
16.110
18.960
19.430
18.910
18.580
19.280
19.010
18.850
19.300
19.590
19.250
19.200
19.090
19.260
19.100
19.860
21.150
20.580
20.140
19.900
20.100
20.260
20.060
21.130
20.170
20.300
20.490
20.550
20.300
20.350
20.800
21.180
20.650
20.440
20.430
18.600
19.360
19.500
18.590
18.150
17.730
17.160
17.330
16.580
16.250
16.290
16.630
16.850
17.570
16.130
15.860
15.500
14.650
16.310
15.710
16.290
16.060
15.450
15.000
14.700
14.300
13.880
13.600
13.350
13.580
13.600
14.130
13.930
13.810
14.330
13.580
13.550
13.750
12.380
13.010
15.290
14.280
14.460
14.300
13.190
13.050
12.430
13.800
15.700
14.530
13.750
14.810
14.810
17.200
19.720
20.740
19.050
22.900
21.050
21.670
20.250
19.900
19.930
18.760
17.550
17.050
17.700
16.200
16.990
18.030
20.290
19.530
19.400
24.000
23.940
20.000
20.400
19.580
18.720
17.100
15.350
18.300
19.050
18.790
16.500
13.250
14.720
16.350
21.300
20.190
23.490
26.000
25.460
28.290
31.430
35.000
38.770
39.090
34.800
36.600
38.900
34.450
34.200
29.500
27.980
27.300
29.000
30.560
29.860
28.330
30.000
27.790
27.400
24.840
24.800
26.390
26.900
25.600
25.790
24.160
23.710
24.500
25.670
25.250
26.380
26.030
26.000
27.560
27.200
28.010
27.180
28.300
25.380
26.000
26.360
25.810
28.110
28.600
29.800
29.000
29.000
28.300
29.840
25.950
22.640
21.830
22.000
21.800
21.260
19.330
17.570
15.970
14.320
14.100
13.910
13.750
13.780
13.620
13.660
13.510
13.590
13.390
13.210
13.700
13.350
14.010
14.000
13.970
14.050
14.020
14.500
14.300
14.200
14.480
14.050
13.660
13.810
13.790
14.070
14.360
14.700
15.060
14.530
14.220
14.080
14.270
13.390
13.780
13.950
13.910
13.850
13.720
13.510
13.440
13.260
13.250
13.650
13.460
13.700
13.380
13.930
13.520
13.400
13.760
13.580
13.400
13.490
13.360
13.290
13.110
12.930
12.920
13.230
13.100
13.260
13.190
12.930
13.240
13.310
13.180
13.360
13.250
13.160
13.490
13.700
13.500
12.700
12.710
12.300
12.110
11.830
12.100
11.870
11.850
11.690
11.470
11.300
11.400
11.790
11.680
11.900
11.950
11.720
11.910
11.380
11.330
11.150
11.490
