14.790
14.620
14.310
13.770
13.920
13.550
13.550
13.350
13.190
13.080
13.410
13.240
13.830
13.850
13.900
13.810
13.860
13.870
13.810
13.850
14.020
13.860
13.840
13.830
13.800
14.030
13.980
14.080
13.830
13.950
14.070
13.830
13.780
13.410
13.430
13.400
13.250
13.080
13.250
13.320
13.200
13.160
13.190
13.150
13.310
13.800
13.580
13.470
13.670
13.650
13.360
13.100
13.120
13.030
13.030
13.040
12.710
12.500
12.710
12.690
12.600
12.870
12.450
12.460
12.590
12.590
12.390
12.230
12.100
12.060
11.790
11.420
11.810
11.760
11.730
11.590
11.820
11.870
11.790
11.790
12.050
12.400
12.630
12.680
12.560
12.510
12.250
12.310
12.430
12.000
13.040
13.250
13.130
12.740
12.750
12.570
12.330
12.410
12.530
12.690
12.660
12.510
12.500
12.310
12.020
12.160
12.200
12.210
12.170
12.140
12.000
11.910
12.300
12.410
12.420
12.370
12.150
12.120
12.100
12.180
12.090
12.180
12.180
12.470
12.470
12.470
12.150
11.700
11.560
11.400
11.200
11.400
11.590
11.750
11.480
11.380
11.270
11.220
11.230
11.080
11.550
11.450
11.310
11.010
11.090
11.010
11.010
11.470
11.370
11.250
11.100
10.900
11.220
11.190
11.280
11.660
11.700
11.710
11.770
11.500
11.130
11.080
11.360
11.430
11.360
11.500
11.540
10.910
10.370
10.590
10.600
10.830
10.920
10.540
10.530
10.180
9.990
10.080
9.770
9.910
9.910
9.700
10.030
9.830
9.640
9.640
9.600
9.190
8.800
8.680
8.490
8.790
8.780
8.810
8.720
8.780
8.710
8.510
8.610
8.600
9.160
9.250
9.310
9.230
9.200
9.290
8.850
8.770
8.810
8.710
9.000
8.970
9.100
8.920
9.040
8.920
9.080
8.960
9.000
8.910
9.170
9.170
9.160
9.860
10.440
10.420
10.200
10.210
10.170
10.340
10.280
10.150
10.200
10.310
10.120
10.860
10.920
11.270
10.750
10.420
10.260
10.540
10.340
10.930
9.560
9.530
9.450
9.420
9.180
9.400
9.530
9.500
10.090
9.570
9.710
9.180
8.780
8.860
9.500
9.760
10.230
10.300
10.390
10.120
10.220
10.000
9.520
9.030
9.640
9.870
9.560
9.550
9.470
8.600
8.560
8.330
9.140
10.020
9.760
9.880
10.350
10.020
9.580
9.660
9.510
9.860
10.000
10.190
10.370
11.400
12.220
11.870
13.190
14.590
14.700
14.620
15.290
15.520
15.580
15.030
14.970
14.590
14.750
14.570
14.500
14.620
14.300
14.400
14.500
15.060
16.730
18.590
20.010
19.280
17.900
19.420
20.500
24.630
26.300
26.980
28.580
28.180
26.800
26.600
27.000
27.810
26.840
27.600
25.700
23.580
22.400
23.990
25.870
25.500
25.590
25.280
24.970
24.450
22.710
21.750
21.580
21.800
21.500
21.220
19.100
18.760
18.920
18.900
18.880
19.770
19.390
18.680
18.900
19.700
19.310
19.300
18.840
17.960
18.100
19.220
19.100
19.810
20.730
20.410
20.170
20.800
20.000
20.000
19.250
19.120
18.580
18.620
18.500
18.010
18.490
18.510
18.610
19.450
19.360
19.250
19.260
18.520
17.910
17.710
17.370
17.430
17.490
17.180
18.160
18.010
17.000
17.100
16.580
16.460
16.260
16.680
16.680
16.760
15.880
14.370
13.920
13.680
13.330
13.740
14.450
14.580
14.300
13.400
13.820
12.980
13.200
13.110
13.040
12.950
12.850
11.650
11.320
11.120
12.060
11.890
11.750
11.620
12.770
13.310
13.320
13.700
13.520
13.310
13.250
13.500
13.900
13.620
13.350
13.000
13.080
13.260
14.080
14.330
14.600
14.030
13.670
13.890
13.790
13.380
14.700
14.880
14.860
14.460
14.550
14.240
14.000
14.250
14.000
14.190
13.830
13.600
12.620
12.650
12.370
12.250
12.080
12.250
12.070
11.340
11.400
11.800
11.710
11.490
11.520
11.680
11.640
11.500
11.400
11.180
10.920
10.680
10.860
10.810
11.170
11.390
11.060
10.780
11.100
11.020
11.070
10.980
11.230
11.300
11.460
11.410
11.270
11.060
11.140
11.060
10.970
10.950
11.220
11.460
11.400
11.400
10.490
10.250
10.260
10.220
10.310
10.290
10.180
10.010
9.940
9.880
9.710
9.610
9.730
9.730
10.030
9.970
9.910
10.120
10.150
10.240
10.000
9.980
9.880
9.870
9.800
9.760
9.860
9.840
9.840
9.740
9.700
9.850
9.780
9.820
9.580
9.390
9.310
9.250
9.150
9.140
9.130
9.150
9.330
9.320
9.260
9.220
9.200
9.250
9.530
