35577.08
29209.33
17028.28
20315.13
17697.12
23710.46
18902.43
19071.81
28278.45
44050.81
48658.80
38630.70
20665.79
19082.35
28824.93
31487.76
28680.32
32227.39
36297.00
36673.37
50332.72
86796.20
50175.91
45713.63
58346.77
83073.13
82173.02
122753.10
105971.79
109100.45
128207.95
130191.98
225137.14
312785.16
74308.85
15790.58
9192.69
17147.90
23344.62
20723.71
38771.53
53831.35
42174.15
38698.57
14431.17
17792.53
30067.64
34505.00
24885.37
44323.44
35535.39
20447.34
30250.64
29699.63
21760.51
28979.67
39815.14
23194.61
22428.22
45976.85
28451.84
24027.07
48936.92
22500.47
21056.14
27933.33
20059.41
15543.20
21989.02
21751.76
23954.25
25432.90
28216.76
19756.79
23465.02
22119.88
33738.89
9831.41
12044.97
13053.75
13877.58
13209.93
18529.53
15933.16
12602.70
23614.38
24317.79
13471.54
19871.86
14389.91
21520.23
17593.44
31940.07
20344.71
29354.11
53299.67
106001.58
20708.76
40258.68
61544.98
12568.89
12825.24
14851.53
13701.88
10784.38
12416.73
16516.87
15575.01
16245.80
15172.39
10254.00
16245.93
18794.54
26775.88
10015.64
9644.27
19565.06
19119.79
27378.08
18364.26
30658.54
27631.70
29132.50
18606.54
16547.97
16767.51
25193.31
45683.11
42829.27
113093.33
33875.36
22101.63
25048.08
31860.40
23640.52
34307.88
28004.15
47843.40
16599.61
17558.55
19452.26
20945.59
43998.07
64475.81
35115.66
24818.67
39142.30
33602.21
34163.23
31247.32
40098.16
39400.67
58085.81
30803.24
49402.28
106537.47
112230.03
42117.83
35904.04
47975.87
33046.55
39717.09
38374.56
44371.20
35810.76
23823.38
27635.80
18472.88
38535.39
19746.65
38104.42
19216.85
43670.55
42630.44
48881.31
21242.45
27493.88
27191.00
19202.94
21568.46
18222.03
30265.42
24348.80
11306.80
16549.38
20023.51
18780.00
27904.06
12617.10
24494.30
18450.38
33202.12
15499.13
22732.40
18482.62
41448.25
30991.45
40680.14
68771.63
25774.37
24792.56
18089.82
31625.96
31040.68
22664.66
40848.27
32974.88
37850.68
42356.83
16653.55
28628.86
36702.20
21721.63
30097.08
42128.81
55594.01
25844.41
22300.37
34240.82
30400.00
32130.55
32757.70
18418.30
24588.73
21361.02
14631.89
19988.87
22608.92
57740.97
21828.74
16377.15
28416.28
27903.86
21751.29
32408.70
41091.98
108407.81
52090.50
62353.18
46794.74
55776.77
43332.39
73023.97
54029.12
68286.37
45645.48
25464.97
44928.57
43032.40
34762.23
20811.91
36093.40
16740.64
19085.18
24925.39
36568.35
30820.81
22680.61
20384.52
16393.47
32914.31
22848.64
25018.51
40895.80
22536.47
30082.17
33937.35
33396.13
14299.53
23196.32
15185.81
14868.49
14273.86
15512.16
24161.35
20450.35
31043.27
27533.74
20163.66
32827.84
31703.07
36815.02
27823.01
33988.17
46562.12
26839.99
39450.60
44370.15
20415.99
37334.28
41218.83
29043.79
39506.86
27105.26
34981.10
75510.16
46222.50
68733.90
123280.94
37616.85
72090.18
54700.63
92328.97
65745.10
52120.19
84141.65
118886.12
114936.35
151068.23
145048.39
154626.39
112199.73
21435.21
41070.42
26493.39
27005.06
57737.67
45009.22
34403.50
20410.29
31700.64
35948.44
33499.59
31865.94
26469.34
38453.99
31528.00
34139.44
36063.12
37408.30
30624.54
44326.73
59065.88
131789.12
43220.74
32741.50
43176.81
40829.77
28509.66
34643.82
45053.07
20202.32
18864.28
33546.09
31438.06
39733.91
15177.56
29498.52
30227.25
41242.47
41157.21
21617.50
34274.70
32546.96
51364.16
46005.21
23430.62
23105.49
30709.59
25180.86
23622.51
49865.13
60799.68
16539.64
50677.50
57810.42
34139.12
38468.66
26551.39
24881.86
56164.64
46700.64
51481.89
54173.69
47237.46
38555.93
37849.07
52982.08
32787.90
27902.64
28603.99
28766.72
26501.63
30778.67
49054.15
46836.68
57756.57
64866.76
48997.25
49133.52
62730.31
79789.84
64778.22
59727.21
83265.60
106043.29
120344.29
252340.88
68567.16
148361.00
120438.62
70675.40
72562.37
98246.39
81335.76
115484.27
87171.70
112897.34
94538.45
45606.28
120077.84
40917.27
66988.13
65722.43
63116.81
82998.56
97943.03
59919.36
81629.85
66897.45
96375.42
113158.66
105058.50
96994.81
130793.87
245353.12
52905.37
30391.50
11862.06
25624.05
15666.59
25085.66
22781.03
27954.19
42309.04
22809.73
28036.02
67756.36
33419.90
29828.00
32443.42
25397.08
51675.42
46890.60
23788.32
36939.33
87470.80
63416.16
37209.88
71473.94
79696.30
88811.59
99517.68
87104.98
73854.57
56371.68
66771.66
116323.16
61724.05
82940.66
106694.12
77291.51
115761.51
165965.66
104126.50
120183.78
86121.56
119856.74
121497.89
65192.42
73440.32
66971.12
154191.56
100791.90
103194.69
77055.31
109280.03
84202.12
155816.89
108687.51
120896.35
177662.73
218419.19
148218.80
65915.71
145595.23
355904.56
256456.55
262762.81
157561.34
142457.83
143843.91
210687.64
176979.52
133253.80
132098.11
171522.20
186811.12
162544.80
166024.66
214820.78
176121.12
278738.31
394398.88
351622.03
173981.36
210243.08
303898.50
203850.48
118977.03
135961.88
173183.30
151181.94
165726.98
271136.47
196750.77
211739.50
230855.81
308669.38
114863.34
95506.87
81560.92
92873.07
68167.23
110452.37
142518.41
92701.05
93363.32
93240.30
62371.15
59941.04
74608.47
104901.12
92685.56
52424.47
174811.50
151623.80
177072.73
226984.12
141814.86
145523.88
120108.03
36056.21
25519.03
34908.08
59158.85
50130.49
40490.17
35924.71
46296.10
54142.45
69617.46
89893.33
55619.08
38916.53
45121.79
25738.96
38312.31
29607.59
44356.13
28735.66
30815.50
18869.81
32510.93
23416.12
28363.38
27595.90
26905.60
18210.23
25172.93
36512.85
24404.00
20342.20
59532.40
60909.23
97493.20
27744.53
23434.53
19220.51
10224.50
11312.97
14571.38
17665.46
13573.18
15324.65
15782.55
24478.04
35441.25
59346.98
95282.06
65233.41
65899.38
64262.33
62620.49
43420.64
35759.31
26995.62
52815.42
19151.04
34929.40
22538.99
13648.32
15910.16
6460.21
18478.33
11246.01
8152.01
13989.77
12886.79
21469.33
26474.45
22194.56
21107.88
44368.16
12248.84
15215.26
6883.52
17628.15
14706.21
19829.09
52270.02
54038.64
9410.35
13933.17
15959.08
17187.60
36455.95
89509.07
39395.13
30380.13
43862.24
20612.08
12855.17
15691.24
33912.47
28738.00
20252.74
43267.51
55451.56
40713.40
69228.62
41375.43
29934.01
31574.16
29620.23
17311.65
14297.72
9080.16
7620.78
8984.03
15111.81
15648.46
14790.84
12640.83
12022.82
13608.16
18720.58
39499.53
40252.95
15168.78
23807.72
15278.98
10473.56
12445.10
11659.14
19927.13
14963.42
11894.48
9540.41
12933.15
15353.90
20547.72
50361.60
22719.78
10966.73
17277.57
11804.96
24277.67
15521.21
24252.04
20321.96
16668.00
11533.42
6146.74
8070.50
5812.55
21043.55
8769.55
8007.74
8204.08
12981.74
10380.84
14637.90
8654.91
10058.23
9520.99
13937.28
11068.13
10755.92
20973.15
39186.00
13201.90
23765.08
14141.09
10277.01
14840.43
12112.16
7225.55
3477.40
3934.82
7540.58
7487.20
5043.43
3870.47
4162.46
4668.74
9638.91
9411.50
9204.48
9520.87
10527.93
11585.89
