9.490
9.600
9.550
9.590
9.530
9.580
9.560
9.600
9.640
9.520
9.680
9.990
10.170
10.180
10.100
10.120
10.040
10.210
10.140
10.410
10.500
10.590
10.230
10.330
10.230
10.060
10.740
10.660
10.520
10.630
10.060
10.900
11.420
11.430
10.810
9.830
9.510
9.530
9.580
9.720
9.960
10.260
10.370
10.260
9.870
9.890
9.880
9.800
9.860
10.000
10.110
10.720
10.990
10.670
11.060
11.210
11.190
11.200
11.190
11.230
11.130
11.120
11.180
10.880
10.780
10.700
10.930
10.990
10.970
11.050
10.960
10.950
10.920
10.830
10.750
10.820
10.630
10.810
10.880
10.780
10.820
10.920
10.950
10.910
10.820
10.860
10.970
11.010
10.970
11.010
11.000
11.090
11.120
11.140
11.040
11.230
11.380
10.870
11.010
10.990
10.580
10.540
10.520
10.440
10.390
10.390
10.350
10.350
10.350
10.240
10.080
10.100
10.140
10.030
10.460
10.550
10.570
10.750
10.870
10.750
10.720
10.700
10.570
10.500
10.450
10.520
10.490
10.550
10.800
11.010
10.660
10.580
10.720
10.780
10.770
10.730
10.920
10.940
11.340
11.340
11.430
11.350
11.330
11.550
11.880
11.780
11.800
11.910
11.930
11.970
11.940
12.110
12.140
11.980
12.030
12.180
12.280
11.810
11.930
11.920
11.750
11.810
11.740
11.760
11.690
11.510
11.600
11.520
11.570
11.770
11.870
11.850
11.800
11.650
11.830
11.680
11.640
11.470
11.640
11.640
11.600
11.670
11.530
11.350
11.310
11.280
11.300
11.210
11.470
11.490
11.480
11.420
11.580
11.540
11.620
11.540
11.980
11.950
11.980
11.770
11.630
11.620
11.610
11.640
11.670
11.580
11.840
11.840
12.020
11.830
11.770
11.910
11.850
11.870
11.830
11.780
11.440
11.330
11.450
11.600
11.540
11.360
11.540
11.460
11.470
11.410
11.480
11.620
11.620
12.140
11.970
12.010
12.170
12.120
12.130
12.140
12.240
12.350
12.130
11.980
11.840
12.030
12.130
11.940
11.870
11.650
11.420
11.470
11.670
11.500
11.420
11.280
11.650
11.730
11.570
11.850
11.630
11.450
11.510
11.230
11.130
11.900
12.040
12.160
11.710
11.810
11.630
11.590
11.220
11.250
11.310
11.210
11.260
11.480
11.450
11.260
11.090
11.610
11.700
11.650
11.530
11.340
11.320
11.400
11.800
12.440
12.470
12.470
12.160
12.290
12.190
12.490
12.430
12.220
12.020
12.200
12.810
12.730
13.140
13.420
13.540
13.400
13.740
13.170
13.500
13.610
13.900
13.610
14.330
13.040
12.900
12.070
11.570
11.520
11.780
11.740
11.850
11.520
11.220
11.010
11.090
11.020
10.580
10.800
11.050
11.270
11.200
10.930
11.120
11.180
10.550
10.420
11.240
11.630
11.900
12.000
12.100
12.070
11.920
11.990
11.990
11.050
10.970
11.280
11.260
11.160
10.640
10.740
10.400
10.750
11.380
12.650
12.530
12.500
13.360
13.410
12.960
12.920
13.370
13.000
13.560
13.690
14.740
14.200
15.180
14.700
14.520
15.330
15.620
15.650
15.600
15.920
15.700
15.640
15.870
15.880
15.770
15.930
15.560
15.500
15.560
15.310
15.260
15.290
15.530
16.190
15.960
16.080
15.580
15.740
15.360
15.650
17.030
17.300
17.190
17.390
17.890
18.340
17.790
17.710
17.990
17.350
17.300
17.570
17.380
17.480
17.510
17.360
17.070
16.490
16.900
16.780
16.750
16.680
17.200
17.500
17.600
16.830
16.350
17.660
17.690
18.010
18.110
17.800
17.760
17.460
17.460
16.530
15.770
15.850
15.850
15.470
16.210
15.990
16.090
15.530
15.040
15.090
15.870
14.430
14.650
16.260
16.310
16.490
16.040
15.470
15.540
14.640
16.100
17.260
16.510
15.150
14.650
15.890
17.670
19.230
20.990
20.620
22.480
22.620
23.090
21.400
22.460
23.470
22.780
22.780
21.670
21.910
21.200
20.340
19.770
20.320
19.190
18.440
20.510
20.830
20.410
19.820
20.210
19.710
18.000
17.080
18.970
19.110
17.370
15.790
14.360
15.040
16.620
15.110
15.830
17.280
18.280
17.310
19.120
21.250
22.840
21.910
23.220
25.750
27.250
26.160
26.610
27.510
25.530
23.800
23.790
24.130
22.790
22.060
22.300
22.860
22.430
21.650
22.330
23.130
23.490
23.210
22.870
21.100
20.660
20.370
19.940
20.410
21.180
21.000
20.850
20.470
19.950
19.700
20.630
20.470
20.790
21.210
21.540
21.800
23.290
23.200
22.990
22.030
21.930
22.450
34.690
34.170
33.260
35.410
35.420
35.690
34.810
35.910
37.330
37.840
36.540
34.470
33.250
33.380
33.970
34.100
34.350
33.970
35.050
34.750
35.310
35.830
35.030
35.310
34.890
33.200
34.280
35.570
35.900
33.920
34.690
35.000
36.810
36.740
33.440
31.970
31.240
30.100
30.280
30.540
30.200
30.950
30.250
29.010
29.790
30.880
31.660
31.220
30.570
28.860
28.420
28.050
26.280
26.780
27.270
28.020
26.400
26.380
25.790
25.960
24.950
24.340
24.350
25.150
25.720
26.180
25.800
26.480
25.210
24.950
25.050
24.490
26.750
26.580
26.820
26.340
26.340
27.070
27.080
27.360
30.150
30.020
30.940
31.220
29.900
27.880
30.090
28.290
28.010
26.390
26.260
26.690
26.860
26.010
26.010
25.650
25.710
24.870
24.110
23.000
22.160
22.670
21.670
20.810
21.120
20.990
20.540
20.710
21.110
21.200
21.020
20.740
20.710
20.730
21.000
21.070
21.360
20.320
20.410
19.910
20.020
19.980
19.930
20.050
19.810
19.700
19.510
19.740
19.360
19.420
19.680
19.830
19.600
19.560
19.940
20.080
19.500
19.540
19.530
19.350
19.280
19.150
19.330
19.380
19.600
20.170
20.030
20.240
20.180
19.880
19.890
19.890
19.620
20.220
20.000
20.570
20.550
20.600
20.790
19.400
19.340
18.710
18.160
18.040
18.290
18.300
18.220
18.320
18.570
18.350
18.030
18.180
18.270
18.500
18.800
18.500
17.580
17.710
17.540
17.460
