10.200
10.140
9.950
9.610
9.580
9.530
9.560
9.330
9.250
9.020
9.210
9.590
9.390
9.460
9.250
9.410
8.970
8.880
8.720
8.320
8.280
8.010
7.930
7.900
7.510
7.640
8.250
8.420
8.180
8.040
8.200
9.000
9.020
9.250
9.030
8.500
8.830
8.950
8.700
8.790
9.090
9.100
10.100
10.300
10.480
10.200
10.150
9.710
9.800
9.800
9.740
10.380
10.220
10.900
11.900
11.880
13.100
12.920
13.150
12.610
12.600
12.510
12.510
11.500
12.780
13.630
13.050
13.010
12.610
11.810
11.710
11.850
11.760
11.630
11.910
11.900
11.980
11.830
12.080
12.140
12.080
12.060
12.220
12.750
12.660
13.040
13.020
12.350
11.900
11.760
11.710
12.020
12.160
12.150
12.660
12.400
12.120
12.100
12.180
12.490
12.800
11.310
10.810
9.980
9.550
9.500
9.450
9.700
9.250
9.160
9.380
8.520
8.710
9.500
9.470
9.610
9.880
9.220
8.950
8.370
7.510
6.690
6.610
6.680
6.800
6.680
6.500
6.580
6.550
6.620
6.450
6.520
6.330
6.210
6.150
6.070
6.040
6.440
6.470
6.370
6.390
6.360
6.610
6.670
6.670
6.650
6.620
6.400
6.540
6.590
6.680
6.620
6.610
6.610
6.740
6.730
6.720
6.800
6.790
6.750
6.790
6.610
6.770
6.500
6.620
6.570
6.410
6.540
6.650
6.630
6.760
6.840
6.760
6.820
6.780
6.700
6.670
6.810
6.920
6.130
6.090
6.000
5.820
5.800
5.800
5.750
5.790
6.010
6.060
5.970
5.960
5.880
5.870
5.860
5.850
6.170
6.160
6.210
6.150
6.140
6.130
6.170
6.410
6.440
6.410
6.330
6.030
6.190
6.240
6.160
6.100
6.140
6.160
6.110
5.990
5.980
6.110
6.140
5.800
5.470
5.480
5.450
5.380
5.360
5.280
5.500
5.500
5.530
5.830
5.830
5.820
5.800
5.790
5.710
5.710
5.750
5.740
5.720
5.650
5.650
5.750
5.670
5.830
5.740
5.560
5.730
5.660
5.550
5.490
5.140
4.980
5.170
5.040
5.050
5.070
5.080
5.060
4.920
4.950
4.970
5.220
5.220
5.250
5.270
5.230
5.260
5.080
5.000
5.030
4.920
5.060
5.060
5.120
5.020
5.070
5.000
5.210
5.150
5.200
5.120
5.250
5.230
5.190
5.590
5.840
5.820
5.600
5.620
5.520
5.760
5.620
5.670
5.610
5.650
5.570
6.050
6.060
6.140
6.050
6.040
5.800
5.790
5.650
5.730
5.880
5.800
5.650
5.820
5.710
5.590
5.550
5.520
5.510
5.530
5.510
5.510
5.290
5.140
5.100
5.200
5.100
4.990
5.070
5.160
5.200
5.380
5.420
5.120
4.840
4.660
4.540
4.870
5.020
5.410
5.350
5.390
5.310
5.350
5.260
5.010
4.700
4.960
4.940
4.760
4.650
4.570
4.540
4.500
4.560
4.930
5.370
5.230
5.300
5.440
5.370
5.200
5.240
5.090
5.330
5.420
5.540
5.710
6.100
6.540
6.160
6.780
7.500
7.540
7.400
7.480
7.540
7.450
7.590
7.690
7.580
7.400
7.410
7.310
7.270
6.980
7.040
7.250
7.160
7.220
7.400
7.390
7.360
7.050
7.460
7.120
7.600
8.200
8.300
8.170
8.370
8.180
7.980
8.030
8.320
8.050
7.970
7.610
7.490
7.440
7.300
7.480
7.290
7.010
6.820
6.930
6.840
6.800
6.800
6.480
6.870
6.580
6.340
6.410
6.850
6.800
6.730
6.600
6.610
6.550
6.290
6.080
6.000
5.810
5.730
5.850
5.850
6.100
6.020
6.150
5.830
5.810
5.800
5.400
5.520
6.130
6.680
6.650
6.650
6.010
6.090
5.980
6.640
7.350
7.100
6.430
6.420
7.130
7.920
8.530
9.320
9.010
10.000
9.900
9.370
8.910
8.980
9.000
8.760
8.310
7.950
8.080
7.650
7.600
8.250
8.700
7.780
7.920
8.800
9.110
8.740
8.050
7.650
7.630
6.940
6.420
7.130
7.660
7.500
6.880
5.470
6.080
6.750
7.500
8.330
9.260
10.290
10.010
11.120
12.360
13.300
12.900
12.260
13.620
14.300
14.000
13.420
14.100
14.000
13.190
12.710
12.850
12.590
12.240
11.290
12.200
11.480
11.000
10.310
11.390
12.500
11.960
11.610
11.180
11.050
10.810
11.000
11.450
10.800
10.110
10.000
10.010
9.890
9.650
9.450
9.600
10.000
10.550
10.400
10.250
10.460
10.600
10.250
10.110
10.080
9.400
9.420
9.160
8.900
9.370
9.980
10.200
10.000
9.580
9.020
9.380
8.400
8.180
8.060
8.130
8.110
8.010
7.320
7.200
7.200
7.460
7.250
7.260
7.100
6.870
6.790
6.690
6.710
6.770
6.700
6.400
6.350
6.340
6.320
6.070
6.070
6.150
6.100
6.030
6.060
6.010
5.930
5.660
5.670
5.430
5.470
5.480
5.470
5.520
5.560
5.510
5.600
5.740
5.820
5.700
5.580
5.600
5.410
5.330
5.220
5.120
5.660
5.570
5.610
5.580
5.580
5.800
5.910
5.920
5.840
5.750
5.570
5.620
5.850
6.080
5.990
5.840
5.800
5.730
6.150
6.320
6.430
6.720
6.590
6.590
6.520
6.390
6.490
6.750
6.140
6.490
6.350
6.590
6.590
6.680
6.470
6.290
6.210
6.200
6.160
6.190
6.200
6.130
6.030
5.980
5.730
5.600
5.570
5.920
5.940
5.970
6.120
6.120
6.170
6.120
6.220
6.200
5.960
5.900
5.870
5.820
5.840
5.840
5.920
5.810
6.100
6.140
6.240
6.210
6.260
6.270
6.350
6.430
6.390
6.450
6.180
5.810
5.560
5.550
5.500
5.400
5.310
5.530
5.760
5.630
5.630
5.520
5.480
5.510
5.470
5.460
5.360
5.240
5.140
5.140
5.180
5.150
5.360
5.340
5.400
5.530
5.500
5.520
5.520
5.460
5.410
5.500
5.420
5.480
5.510
5.640
5.400
4.660
4.640
4.730
4.570
4.590
4.590
4.420
4.380
4.320
4.290
4.160
4.140
4.140
4.320
4.080
4.060
3.920
3.920
3.920
3.920
