-0.010
-0.040
0.220
0.610
0.000
-0.180
-0.150
0.100
0.060
-0.080
-0.020
-0.520
-0.070
0.030
-0.060
-0.030
-0.050
0.000
0.550
0.010
-0.180
0.020
-0.010
0.140
-0.360
-0.070
0.030
0.170
0.290
-0.210
-0.380
0.390
0.160
-0.320
0.000
0.100
0.510
0.610
-0.240
-0.320
-0.150
-0.370
-0.700
-0.080
-0.010
0.100
0.460
0.160
-0.270
-0.140
-0.710
0.000
0.140
-0.020
0.500
0.190
0.020
-0.940
-0.050
0.130
0.050
-0.010
0.790
0.010
0.370
-0.110
0.400
0.150
-0.170
0.000
-0.030
0.140
0.230
0.330
-0.050
-0.040
-0.030
-0.220
0.230
0.010
-0.090
0.250
0.250
0.030
0.300
-0.210
0.200
-0.260
-0.210
0.050
-0.340
-0.120
0.370
0.170
-0.200
0.420
-0.170
-0.130
0.080
0.100
0.530
0.000
0.220
0.030
-0.020
0.000
0.050
0.030
-0.140
0.690
-0.220
0.090
-0.040
-0.530
-0.120
0.180
-0.140
0.310
-0.140
0.120
0.500
0.100
-0.020
0.000
-0.070
0.000
0.380
-0.140
0.000
-0.040
-0.170
0.170
0.100
0.530
0.070
0.190
0.110
-0.800
-0.160
-0.150
0.070
0.050
-0.270
0.100
-0.050
-0.170
0.630
0.430
0.110
-0.080
0.020
-0.150
-0.050
0.180
-0.090
-0.050
0.010
-0.300
-0.320
0.020
0.010
0.010
0.170
-0.040
-0.120
-0.090
0.020
-0.070
-0.350
0.110
-0.230
0.040
0.480
0.030
0.290
0.230
0.220
-0.280
0.040
0.720
-0.070
-0.110
0.040
-0.160
0.120
0.010
-0.120
-0.120
0.060
0.760
-0.060
-0.070
-0.090
-0.070
0.420
-0.120
-0.120
0.040
0.080
0.520
0.170
0.360
0.030
-0.110
0.460
-0.090
-0.230
0.350
0.310
0.090
-0.030
-0.090
0.190
-0.070
0.020
0.090
0.070
-0.120
-0.090
-0.020
0.180
0.260
-0.020
0.060
0.040
0.000
-0.060
-0.060
-0.280
0.030
-0.030
-0.100
0.190
-0.010
0.070
-0.090
-0.070
-0.040
0.040
-0.040
-0.010
0.180
-0.110
0.040
0.000
0.070
-0.100
0.420
-0.080
0.010
0.120
-0.040
0.060
0.010
-0.050
-0.120
0.160
-0.140
0.190
-0.020
-0.480
-0.010
-0.050
-0.050
0.000
-0.020
-0.110
0.640
-0.110
-0.090
0.390
-0.170
-0.180
0.190
0.020
0.010
-0.290
-0.150
0.100
0.270
-0.050
-0.320
0.090
-0.570
-0.720
0.030
0.190
0.360
-0.070
-0.240
-0.090
0.380
0.170
0.250
-0.330
-1.510
0.030
-0.450
-0.200
0.160
-0.070
0.840
0.690
-0.260
0.000
-0.040
0.350
-0.380
-0.190
0.510
0.350
-0.320
-0.040
-0.230
0.360
0.660
0.370
1.190
0.410
-0.260
-0.050
0.490
-0.020
-0.290
-0.190
-0.200
0.040
0.100
-0.230
0.620
0.000
-1.290
-1.430
-1.590
-0.970
-0.470
0.870
-0.110
0.080
1.500
0.410
-0.210
0.000
0.740
0.370
0.200
-1.490
-0.350
-0.370
-0.970
-0.730
1.030
1.510
-0.780
-0.550
1.500
0.670
0.940
0.660
-0.970
0.870
0.240
0.360
-1.350
1.230
0.010
-0.310
0.260
0.300
0.230
-0.340
-0.270
0.260
0.070
-0.160
-0.230
-0.160
0.350
0.330
0.790
1.010
-0.770
0.330
0.540
0.050
-0.050
0.520
0.120
-0.150
-0.010
0.420
-0.250
-0.180
-0.010
0.290
-0.120
0.220
-0.260
0.840
-0.090
-0.130
0.240
0.230
-0.190
0.010
-0.010
0.240
0.350
-0.810
0.270
0.080
0.140
0.220
-0.110
0.030
0.380
0.090
0.290
0.030
-0.110
0.120
-0.330
0.140
-0.200
0.130
0.240
0.070
-0.220
0.600
-0.230
-0.680
0.090
-0.240
0.390
0.370
0.110
-0.320
-0.390
-0.310
0.620
0.220
-0.240
-0.830
-0.920
-0.880
-0.370
0.550
-1.100
0.000
0.260
0.690
-0.280
0.460
0.570
0.410
-0.090
-0.100
0.720
-0.630
-0.250
-0.440
0.550
-0.450
-1.080
-0.370
0.400
0.380
0.090
0.310
0.740
0.170
-0.700
0.890
0.810
-0.900
-0.090
-1.010
-1.120
-1.240
0.290
-1.370
-1.520
-1.240
0.220
-1.210
-1.220
-0.220
1.520
-0.900
-0.870
0.640
1.510
0.420
0.450
-0.160
0.240
-0.550
-0.540
0.530
1.090
0.130
-0.970
0.510
0.330
0.600
0.260
0.490
-0.070
1.310
0.240
-0.430
0.480
-0.480
-0.130
0.510
0.300
-0.200
-0.480
-0.490
0.280
-0.460
0.400
-0.270
-0.280
-0.610
-0.160
0.250
0.420
-0.470
1.140
0.210
-0.580
0.570
0.060
0.080
-0.560
-0.040
0.600
0.180
0.140
0.090
-0.280
0.140
0.520
-0.250
0.330
-0.430
-0.120
0.410
0.550
0.430
0.290
0.180
0.060
-0.410
-0.290
0.300
0.000
0.270
0.740
0.300
-0.180
-0.140
0.270
0.130
-0.350
-0.120
0.320
-0.080
0.280
0.620
0.010
0.190
0.250
0.160
0.000
0.030
-0.020
0.190
-0.160
-0.010
0.190
0.170
-0.090
0.040
0.180
0.270
-0.310
0.040
0.020
-0.070
0.040
-0.340
-0.120
-0.140
0.060
-0.160
-0.080
-0.170
0.200
0.180
-0.100
-0.030
0.320
0.060
-0.240
-0.140
-0.120
-0.230
0.080
0.180
0.130
0.180
0.210
-0.270
0.150
-0.330
0.050
-0.030
0.070
-0.290
0.100
0.060
0.040
0.360
0.120
0.010
-0.030
-0.050
0.140
0.100
-0.110
0.060
0.080
-0.330
0.010
-0.140
0.040
-0.130
-0.290
0.560
0.030
0.000
0.130
0.160
-0.030
0.310
-0.130
-0.100
-0.120
0.170
-0.240
-0.180
0.000
0.030
-0.090
-0.090
0.070
0.020
0.250
0.040
0.150
0.060
0.060
0.040
-0.140
0.140
-0.040
-0.010
-0.330
0.280
0.200
-0.070
-0.100
0.000
0.170
0.020
-0.010
0.130
0.310
0.110
-0.010
0.050
-0.210
-0.060
0.080
0.060
-0.020
0.000
0.120
0.060
-0.020
-0.040
0.040
0.070
0.020
-0.100
-0.040
0.060
0.050
0.000
0.030
-0.030
0.080
0.110
0.030
0.020
-0.030
0.090
-0.170
-0.060
-0.010
0.090
0.060
0.060
0.010
0.080
-0.240
0.020
