28.620
28.660
28.490
28.490
28.170
28.170
28.270
28.180
28.200
27.820
28.390
28.230
28.330
28.280
28.360
28.360
27.660
27.870
28.060
28.330
28.370
28.370
28.050
28.160
28.000
27.650
28.270
27.780
27.870
27.890
27.680
28.270
28.020
28.070
28.340
28.210
27.850
28.000
28.100
29.040
28.900
29.080
29.220
29.470
29.590
29.790
29.690
29.580
29.900
30.180
30.460
30.840
30.580
30.960
31.520
31.750
32.350
32.410
32.540
32.350
32.870
32.960
33.220
33.300
33.080
33.940
34.020
34.400
34.700
34.720
34.610
34.100
34.270
33.850
33.870
33.890
33.700
33.820
33.580
33.520
33.970
34.070
34.080
34.090
33.950
34.300
34.340
34.140
34.750
34.880
34.930
34.960
35.130
34.300
34.070
33.980
34.130
34.260
34.460
34.500
34.120
33.830
34.200
33.300
33.640
33.630
33.580
33.770
33.930
33.870
33.670
33.550
32.750
33.410
33.850
33.950
34.580
35.600
33.270
33.170
33.430
33.500
32.990
32.230
32.360
32.270
32.430
32.180
32.630
32.750
32.730
32.670
32.940
33.110
32.880
32.500
32.820
34.300
34.600
34.790
34.700
34.200
34.140
37.220
37.730
37.200
38.250
38.070
37.430
36.950
37.280
37.000
37.480
35.620
34.500
34.410
34.450
34.840
34.900
34.680
34.800
34.190
34.000
34.250
34.340
34.850
34.400
33.380
33.160
33.160
33.260
33.370
33.330
32.850
32.970
32.730
32.270
32.460
32.550
32.600
32.600
32.780
32.500
32.280
32.380
32.210
31.680
32.250
32.350
32.490
31.600
31.780
31.620
31.260
31.270
31.650
32.650
32.680
32.940
32.730
32.550
32.320
33.110
33.170
32.740
32.900
33.050
33.500
34.300
34.600
35.880
37.200
37.840
34.980
36.370
34.750
33.570
31.850
32.110
32.090
32.760
32.790
30.800
30.560
30.390
30.870
30.990
29.990
30.990
30.930
30.480
30.780
30.940
30.930
31.220
31.670
31.750
31.970
32.180
30.920
30.950
31.340
31.000
31.640
31.380
30.960
30.530
29.990
30.280
29.850
29.140
29.450
29.540
29.700
29.640
29.550
30.230
29.480
29.600
28.650
29.680
31.950
30.950
31.340
31.200
29.470
28.300
28.550
28.440
28.670
28.850
28.970
28.490
28.900
30.270
31.000
30.750
31.290
31.200
32.280
32.380
32.400
34.220
34.960
35.820
34.640
34.840
35.600
34.130
31.790
30.990
32.250
32.550
32.600
32.800
32.590
32.850
32.650
31.790
31.250
32.450
32.790
32.420
32.170
32.430
31.710
31.810
32.370
31.710
31.330
30.930
31.150
31.450
30.830
30.200
29.330
29.100
29.390
28.180
28.350
28.280
28.000
28.580
28.900
29.970
29.270
27.050
28.860
30.950
33.400
33.880
33.880
32.990
32.390
33.180
32.700
32.380
31.080
32.380
31.940
31.440
31.600
30.590
31.000
31.200
31.670
34.490
34.280
33.500
34.850
35.720
36.600
34.300
34.950
35.670
37.360
38.830
37.690
36.670
36.590
37.500
36.970
40.880
43.620
43.710
47.560
46.730
49.580
49.480
44.980
40.900
40.400
38.000
36.360
35.600
34.180
31.500
30.250
30.650
29.700
30.380
31.300
33.020
31.400
30.260
29.100
28.900
28.560
27.970
27.460
28.020
27.580
27.200
27.340
27.720
27.680
27.740
28.100
27.800
27.800
28.260
27.900
27.430
27.480
26.570
26.490
26.750
26.990
27.500
27.330
27.350
25.000
25.370
24.240
24.240
23.330
23.200
23.470
23.560
24.000
24.030
24.300
23.950
23.300
23.780
23.800
22.480
24.300
24.010
24.200
24.500
23.580
22.900
22.950
23.450
24.780
25.300
23.900
23.350
24.410
25.950
28.280
29.100
29.350
31.500
32.180
29.810
29.250
29.340
31.000
28.800
26.490
26.000
26.630
26.180
25.100
25.590
26.580
26.140
25.980
27.880
29.060
29.100
28.540
28.700
28.950
28.480
27.450
27.990
29.390
26.900
24.450
22.230
21.880
24.600
28.090
28.000
29.900
32.100
31.390
31.650
33.900
36.400
35.300
34.980
37.390
39.500
39.500
40.000
41.000
41.990
41.190
40.870
38.570
39.590
39.880
39.630
39.160
37.300
37.000
35.700
38.200
38.830
39.250
38.500
37.200
36.770
36.660
35.800
34.180
34.990
35.800
34.680
35.160
34.590
33.300
33.500
34.780
35.110
36.700
38.500
36.100
34.750
34.800
31.880
33.200
33.000
31.450
31.350
33.420
32.350
33.320
33.900
32.770
29.870
29.310
30.000
30.690
29.920
29.320
29.140
29.270
29.500
28.470
28.320
28.040
28.800
28.980
28.330
28.480
28.250
28.170
28.190
28.370
27.990
28.550
27.090
27.300
27.840
26.190
26.180
26.400
26.600
26.610
26.300
26.610
26.750
26.170
26.250
26.000
26.240
25.790
25.530
26.270
27.200
27.680
29.340
29.320
30.000
30.060
28.950
29.390
29.730
30.310
29.640
27.550
26.120
26.650
26.590
26.100
27.970
27.880
26.030
25.860
26.000
26.490
26.080
26.100
25.900
26.290
24.650
23.450
23.270
22.700
21.780
21.860
21.940
22.040
22.860
23.100
23.200
23.220
22.760
22.310
22.160
21.480
21.830
21.890
21.850
22.260
22.470
22.190
21.750
21.410
21.340
21.270
20.950
20.970
21.380
21.610
21.660
21.250
21.380
21.380
21.610
21.700
21.350
21.150
21.450
20.870
20.820
20.600
20.440
20.390
20.250
19.950
19.810
19.940
20.350
20.650
20.570
20.800
21.310
20.840
20.660
20.800
21.300
21.550
21.000
21.200
20.780
20.750
20.980
20.280
19.770
20.000
20.010
19.820
19.950
20.080
20.130
19.990
20.270
20.300
20.550
20.510
20.140
19.900
19.870
19.780
19.290
19.360
19.170
19.580
19.840
19.860
19.550
19.740
18.900
18.850
18.400
18.520
18.500
18.480
18.490
18.230
18.470
18.480
18.590
18.530
18.980
18.840
18.730
18.530
18.270
17.940
17.940
17.870
17.650
17.570
17.790
17.580
17.680
17.790
17.790
17.490
17.510
17.560
17.640
