3.350
3.400
3.420
3.410
3.350
3.320
3.380
3.390
3.510
3.520
3.550
3.620
3.680
3.720
3.780
3.770
3.750
3.760
3.790
3.800
3.790
3.780
3.700
3.750
3.780
3.800
3.830
3.820
3.850
3.840
3.860
3.870
3.980
3.870
3.880
3.910
3.900
3.970
4.150
3.940
3.920
3.870
3.870
3.900
3.910
3.890
3.930
3.930
3.950
3.950
3.950
3.920
3.960
4.040
3.950
3.910
3.930
3.870
3.810
3.770
3.780
3.760
3.800
3.720
3.700
3.700
3.710
3.660
3.670
3.690
3.730
3.900
3.940
4.010
4.060
4.100
4.040
4.060
4.080
4.120
4.020
3.990
4.010
4.030
4.060
4.030
4.090
4.170
4.040
4.020
4.050
4.060
4.010
4.040
4.000
4.220
4.240
4.290
4.300
4.300
4.340
4.440
4.440
4.420
4.450
4.450
4.410
4.480
4.510
4.410
4.400
4.540
4.600
4.430
4.380
4.390
4.390
4.370
4.430
4.430
4.430
4.420
4.440
4.540
4.510
4.590
4.600
4.450
4.420
4.450
4.480
4.470
4.540
4.500
4.520
4.600
4.590
4.580
4.550
4.620
4.520
4.590
4.850
5.040
5.230
4.750
4.320
3.960
3.930
3.920
4.050
3.860
3.850
3.850
3.880
3.930
4.100
4.110
4.140
4.190
4.160
4.170
4.130
4.150
4.090
4.220
4.240
4.200
4.080
4.150
4.100
4.100
4.190
4.230
4.420
4.100
3.980
4.020
3.950
3.820
3.800
3.810
3.850
3.710
3.820
3.820
3.890
3.920
3.970
4.100
3.830
3.650
3.720
3.800
4.030
4.210
3.900
3.970
3.850
3.890
3.860
3.860
3.530
3.640
3.630
3.500
3.500
3.480
3.470
3.550
3.720
4.030
4.120
4.020
4.140
4.200
4.180
4.080
4.220
4.250
4.400
4.400
4.770
4.870
5.060
5.200
5.050
5.470
5.550
5.550
5.470
5.560
5.520
5.570
5.690
5.690
5.730
5.580
5.620
5.510
5.530
5.480
5.490
5.490
5.390
5.600
5.640
5.670
5.640
5.490
5.450
5.520
5.980
6.100
6.050
6.070
6.180
6.190
6.150
6.170
6.190
6.110
6.240
6.250
6.240
6.240
6.170
6.130
6.420
5.850
5.740
5.880
6.160
6.120
5.880
5.850
5.920
5.910
5.530
6.030
5.910
5.990
5.750
5.680
5.620
5.450
5.480
5.190
5.140
4.990
4.990
5.150
5.240
5.260
5.100
5.220
5.180
5.070
5.270
5.180
5.140
5.770
5.890
5.680
5.850
5.500
5.300
5.620
5.890
6.460
6.410
6.090
6.660
6.440
7.350
8.450
10.000
9.150
8.320
7.560
7.070
7.080
6.880
6.880
6.700
6.300
6.120
6.280
6.190
6.050
6.270
6.640
6.620
6.480
7.150
7.390
7.470
7.300
6.940
6.960
6.750
6.360
7.230
6.580
5.980
5.710
7.370
7.700
8.400
8.640
8.040
8.470
8.690
9.710
9.630
9.450
10.090
10.880
10.550
10.900
11.980
11.240
10.340
10.600
10.400
9.870
10.190
10.030
10.490
10.000
9.150
8.580
9.440
9.540
8.920
8.110
7.750
7.110
6.690
6.530
6.330
6.380
6.480
6.580
6.760
6.480
6.000
6.400
6.940
7.300
7.000
6.630
6.590
6.680
6.520
6.770
6.490
5.950
5.660
5.610
5.590
5.580
5.790
5.810
5.600
5.570
5.590
5.870
5.660
5.680
5.350
5.350
5.180
5.140
5.060
5.210
5.400
5.030
4.650
4.290
4.280
4.170
4.080
4.050
3.860
3.950
3.830
3.740
3.680
3.770
3.770
3.690
3.720
3.760
3.620
3.650
3.620
3.540
3.500
3.480
3.430
3.320
3.290
3.300
3.380
3.460
3.430
3.400
3.410
3.470
3.480
3.510
3.550
3.540
3.550
3.530
3.490
3.450
3.600
3.650
3.620
3.660
3.630
3.670
3.790
4.100
3.850
3.860
3.890
3.670
3.710
3.810
3.730
3.750
3.540
3.550
3.680
3.640
3.670
3.720
3.680
3.730
3.650
3.580
3.460
3.570
3.550
3.690
3.750
3.610
3.550
3.540
3.590
3.520
3.560
3.560
3.490
3.460
3.490
3.510
3.420
3.380
3.370
3.410
3.390
3.500
3.500
3.530
3.540
3.650
3.590
3.610
3.540
3.570
3.400
3.330
3.300
3.240
3.340
3.430
3.510
3.370
3.440
3.550
3.490
3.540
3.580
3.650
3.580
3.670
3.390
3.340
3.330
3.270
3.230
3.190
3.200
3.250
3.290
3.160
3.330
3.180
3.130
3.080
3.050
3.080
3.020
3.020
3.030
3.020
2.960
2.940
2.960
2.980
3.020
3.060
3.080
3.140
3.230
3.070
3.010
3.010
3.080
2.970
2.990
3.000
3.040
3.150
3.330
3.030
