309206.62
85714.35
74938.33
87792.49
128227.91
95053.67
150074.34
124269.32
187873.41
162697.67
401760.03
117865.15
80074.06
88993.47
80648.01
117379.50
105418.35
122767.38
234258.81
136107.27
218417.31
261294.69
186370.27
124985.96
212538.67
206777.73
223500.48
252256.02
298229.78
392772.09
515404.03
496263.81
635110.81
436940.12
278808.31
445582.62
303871.06
361089.09
555873.44
801921.62
56937.87
126872.29
68051.86
75918.10
110910.40
111565.54
92710.02
133709.44
82317.57
72576.35
120529.09
105502.00
127669.42
185496.02
158968.36
119865.52
92573.04
81967.71
107302.04
173287.50
139976.05
103265.08
105080.94
131109.73
57882.76
208429.91
254320.05
122273.65
114993.01
109072.66
105359.05
103810.86
96762.95
112336.47
192343.30
186530.14
65412.26
84966.72
109534.26
101392.72
125589.47
133946.00
363468.12
153555.62
121076.85
90346.00
134546.69
160898.66
113991.95
97321.29
108074.33
100098.88
124764.56
121478.27
98327.57
86912.02
102370.20
88494.30
113023.80
141250.88
104675.39
161870.03
93578.46
105464.81
102074.17
110870.41
83122.08
160759.70
74964.42
79043.75
64234.73
85837.68
166810.64
189491.27
168173.98
70336.79
80818.54
98597.54
108158.27
90969.67
142506.84
197666.50
73513.17
83886.44
118222.98
119756.03
149150.48
160400.72
505758.53
105636.91
91374.77
82877.42
84338.48
156789.66
257347.06
169145.16
252426.69
311832.34
173656.39
92423.79
136708.48
89330.61
138680.06
191716.88
141745.30
241134.88
255628.94
296739.56
284869.50
342800.00
500421.97
1004085.75
202020.77
248153.25
350862.03
269420.22
192963.73
246222.56
206777.69
215564.94
469535.97
211359.72
187239.28
141930.45
248616.23
169548.73
122096.50
142496.84
196527.84
143773.62
273229.91
308971.09
215361.53
367581.19
256978.23
145139.17
269547.94
192488.69
235704.31
133501.78
83742.80
151776.64
185798.95
186547.62
81284.97
78868.73
90024.66
118223.79
100014.14
120089.71
135088.09
152094.09
228436.42
89242.32
132736.59
214066.73
138922.19
196004.66
245406.16
219983.69
132387.81
209555.02
160426.41
214006.89
313294.34
286972.12
626386.56
489122.62
105615.94
151497.64
192956.36
181254.12
238635.16
308054.06
180626.38
279362.09
261750.48
191446.38
176931.88
140729.08
145582.02
187610.81
403249.88
141658.55
148379.19
223721.70
224880.09
369351.22
420998.38
160657.12
299998.72
230481.94
227257.50
547743.62
234984.30
250093.30
347087.47
263856.06
369375.88
721108.12
555607.69
498404.19
790639.75
424759.09
574743.25
364885.56
517984.34
562958.12
433292.19
532228.62
587078.44
955445.06
400512.62
380406.66
674147.62
658025.31
580086.69
1079654.38
907872.81
484121.91
745876.00
522793.22
489723.56
565690.75
538682.88
1130699.12
1216000.50
696009.94
845324.25
521555.84
333226.12
228794.08
460202.91
335508.78
99701.99
125311.38
226472.94
115793.44
117191.75
124785.84
168066.05
124576.76
122029.75
321772.25
273040.44
246231.56
407305.16
228895.20
87610.96
198185.02
139073.89
127126.77
189184.48
198116.50
241875.80
489650.72
323719.44
625440.62
181366.69
254584.84
385664.31
264993.31
426227.78
329925.53
329869.09
306159.62
303604.56
254590.58
353760.66
405131.38
452268.38
479031.28
934985.75
59781.91
323525.56
644881.12
347825.09
144953.64
221854.44
189314.33
304448.41
222790.05
352764.34
317951.16
371289.78
301955.56
410147.78
360578.03
483807.31
355524.81
465081.41
380883.12
295491.09
376067.06
475116.41
405287.78
303513.00
181931.00
308532.25
283561.88
351249.84
255375.44
411795.12
449613.09
593740.25
383204.28
313891.56
267775.38
356275.31
382145.78
386460.88
342070.72
401308.41
540996.19
420049.22
408504.16
548887.62
591428.50
114517.00
356404.41
803513.50
402770.59
428504.41
677493.56
299190.78
575712.50
498900.59
306686.19
329180.94
290488.34
301128.62
520710.69
412372.75
369277.75
550585.44
359391.75
433783.78
372619.69
325970.12
283668.97
279785.25
472677.62
232045.97
436878.16
405970.34
674705.25
813761.69
549109.75
613294.88
682798.75
882971.44
1285972.12
848299.75
414949.16
639866.44
507953.12
685243.25
502007.28
766174.88
775425.81
1280873.12
276068.94
752545.81
565782.06
325936.09
388800.41
468415.56
466435.66
536550.56
679318.25
1070565.12
541279.56
432315.16
648682.19
616444.69
909046.88
578899.62
426292.34
481659.12
346356.12
439752.59
305125.75
358555.72
271697.47
195088.38
210009.28
456689.53
209003.88
382329.62
330806.47
222809.45
238175.84
478585.22
387751.97
353437.22
482916.25
263595.72
304910.19
498288.97
379953.16
346396.09
473278.97
394345.09
467862.03
636354.56
463421.53
628299.88
468830.66
422399.94
492110.09
481712.75
849947.19
1004943.88
949344.19
942095.19
791005.31
774812.38
1058547.88
571556.06
410700.94
365709.25
564070.81
591661.62
688169.25
491255.94
677224.19
755415.88
1049793.62
970746.56
1103696.88
1045086.25
1418775.88
1033412.00
1327999.88
1254456.25
1734817.50
73034.71
154384.00
1843266.38
1471438.50
4781.51
1921.76
3655.00
247573.58
234361.02
475324.59
293203.97
267219.06
244605.53
354287.25
736361.62
439747.12
366514.09
433024.38
531503.19
545032.56
679482.19
1353358.88
1280666.12
1910640.00
1021708.25
418640.44
467539.88
365641.09
284495.72
263003.00
306075.47
336246.31
314111.06
272359.09
249925.77
319166.34
202897.39
128724.76
147824.95
176428.88
120040.99
174619.56
214707.77
403775.66
198808.62
260398.28
234932.44
147947.03
163847.59
210209.94
320466.97
262084.25
235930.09
203644.66
163696.34
145801.84
223507.12
256027.27
210534.66
206873.94
389955.66
311152.62
406205.78
304079.94
400404.16
413325.00
574142.31
595874.06
487978.31
395334.00
251819.67
424601.81
308676.84
315998.75
244101.03
365163.50
199067.19
281707.75
428437.19
424290.62
273001.81
380231.22
382442.44
576292.75
412167.09
241524.81
272321.19
234715.58
199145.78
162543.44
127756.51
115977.95
244759.78
241972.20
202370.48
216022.55
388097.47
220294.48
314273.09
367139.78
167395.98
326338.25
302817.38
463154.28
124551.75
152932.55
132710.98
262180.62
157004.41
245950.56
186197.91
564803.25
291576.59
250795.28
171580.05
158113.09
92379.08
249600.94
256855.03
205857.17
67752.90
181732.48
149883.95
361686.66
105835.87
118843.36
354873.44
240544.61
