16.140
16.250
16.250
16.370
16.480
21.320
21.770
22.210
22.500
21.330
20.850
20.750
20.490
20.500
20.960
20.550
20.440
19.900
20.010
20.460
20.620
20.630
20.380
20.680
20.960
20.880
19.800
19.640
18.970
19.000
19.650
19.690
19.490
19.750
19.810
19.800
19.400
18.440
18.630
18.960
19.190
19.380
20.670
20.920
21.280
21.800
21.150
20.670
20.280
20.070
20.960
21.800
21.550
20.750
21.180
20.680
20.370
20.870
21.050
20.170
20.470
21.150
20.980
20.400
19.500
18.750
18.680
18.560
18.570
18.850
18.890
18.950
18.550
18.900
19.260
19.000
18.750
18.910
18.500
18.530
18.280
18.180
17.290
17.570
17.580
17.110
16.850
16.720
16.660
16.450
16.410
16.480
16.530
16.200
16.150
16.520
16.880
16.650
16.320
16.360
16.250
16.350
16.300
16.650
16.010
15.980
15.360
15.440
15.370
15.320
15.360
15.030
15.010
15.240
15.280
15.230
15.440
15.790
15.670
15.260
15.270
14.830
14.700
14.780
14.900
15.060
15.140
14.980
15.350
15.580
15.290
15.220
15.430
15.120
14.980
15.040
15.220
15.670
15.700
15.720
15.880
15.700
15.700
15.970
16.030
16.060
16.760
16.830
16.450
16.460
16.960
17.140
17.070
16.690
16.500
16.340
16.390
16.360
16.200
16.560
16.450
16.650
16.670
16.930
17.260
17.460
17.460
17.450
17.780
17.150
17.150
16.930
16.080
16.210
16.480
16.550
16.570
16.700
16.710
16.700
16.660
16.820
16.240
16.150
15.610
15.730
15.780
16.200
16.280
16.440
16.140
16.300
15.750
15.290
15.210
15.380
15.460
15.450
15.500
15.290
15.300
15.540
16.050
16.440
16.380
16.650
16.400
16.320
16.300
16.250
16.580
16.560
17.500
17.070
17.840
17.480
15.960
15.150
15.430
15.650
16.170
15.580
15.690
16.000
15.600
14.700
13.970
14.490
14.820
14.740
14.750
14.970
14.980
15.250
14.720
14.800
14.100
14.160
14.100
13.540
13.760
13.920
13.780
13.930
14.090
14.250
14.280
13.860
14.090
14.310
13.100
12.950
12.950
13.140
12.710
12.540
12.350
12.100
12.150
12.070
12.180
12.260
12.340
12.370
12.390
12.330
12.400
12.380
12.200
12.170
11.520
11.550
11.620
11.710
11.500
11.590
11.900
12.070
12.050
12.070
11.900
12.350
12.350
12.790
13.310
13.290
13.450
13.340
13.040
13.180
13.270
12.990
12.950
12.960
13.190
13.730
13.780
13.950
14.050
14.120
14.270
14.390
13.800
13.150
13.440
13.650
13.480
13.180
13.310
13.150
13.100
13.390
13.430
13.460
13.620
13.800
14.000
13.720
13.340
13.060
13.400
13.660
13.000
13.960
14.330
14.710
14.950
15.720
15.820
15.370
14.450
14.930
14.950
16.200
16.490
16.160
16.150
15.440
15.830
15.500
15.470
15.040
15.440
15.650
15.680
15.340
14.700
13.960
13.820
13.840
14.970
15.430
14.530
14.980
15.170
14.110
13.080
13.470
13.390
14.320
14.280
15.010
15.340
15.860
16.380
16.000
17.180
17.780
17.990
17.930
19.400
19.150
19.950
19.580
18.970
18.640
18.470
18.220
17.790
17.900
17.270
16.380
17.250
16.880
16.670
16.070
15.840
15.950
15.920
16.130
14.950
15.650
16.740
16.560
16.280
15.990
16.420
15.080
15.340
15.190
15.150
14.290
13.990
14.010
14.260
14.500
14.350
14.670
13.640
12.950
12.990
12.920
13.050
13.300
13.230
13.900
13.590
13.490
14.040
14.200
14.160
14.320
14.230
13.630
13.670
13.180
12.300
12.200
11.450
11.590
11.710
12.180
11.910
12.000
12.690
12.390
12.000
12.500
11.680
11.300
12.750
12.520
12.110
12.340
11.700
10.950
11.200
11.700
12.370
11.830
10.790
10.500
11.090
11.630
13.000
14.190
14.380
15.140
15.550
16.490
15.490
14.500
14.390
14.090
13.070
12.680
13.100
12.410
12.690
13.290
14.440
14.090
13.340
14.100
14.750
13.750
13.040
12.610
12.410
11.600
10.720
10.970
11.980
10.890
9.900
9.000
8.180
9.220
12.290
11.220
12.470
14.170
13.260
12.870
12.870
12.760
11.980
12.000
12.080
11.990
12.140
11.670
11.260
11.150
11.840
12.290
12.280
12.430
12.140
12.340
12.570
12.380
12.760
12.700
11.960
12.090
12.400
12.380
12.170
12.440
12.330
11.700
11.490
11.630
11.770
11.320
11.300
11.060
11.550
11.450
10.750
10.300
10.070
10.220
10.230
10.180
10.140
10.150
9.960
9.970
9.470
9.390
9.290
9.360
9.200
8.990
9.000
9.020
9.150
9.300
9.230
9.270
8.980
9.020
8.790
8.750
8.570
8.400
8.350
8.320
8.510
8.770
8.900
8.860
8.940
9.070
9.300
8.630
8.750
8.630
8.350
8.210
8.120
7.880
8.010
8.240
8.090
7.980
7.970
8.130
8.470
8.690
8.720
8.510
8.690
8.290
8.260
8.340
8.160
8.090
7.960
7.990
8.180
8.360
8.500
8.540
8.590
8.580
8.460
8.420
8.280
8.580
8.410
8.630
8.800
8.550
8.220
8.250
8.240
8.250
8.330
8.320
8.230
7.950
7.870
7.990
8.030
8.080
8.190
8.060
8.180
7.970
8.060
7.960
7.960
7.710
7.760
7.870
7.770
7.800
7.840
7.530
7.300
7.290
7.480
7.600
7.750
7.770
7.840
7.990
8.090
8.190
8.260
7.830
7.660
7.640
7.440
7.420
7.400
7.430
7.150
7.030
7.110
7.160
7.240
7.100
7.200
7.060
6.950
7.060
6.920
6.950
6.940
6.910
6.930
6.840
6.830
6.640
6.640
6.610
6.730
6.800
6.830
6.830
6.850
6.530
6.450
6.600
6.620
6.550
6.560
6.500
6.410
6.470
6.460
6.470
6.470
6.440
6.440
6.440
6.530
6.420
6.350
6.330
6.250
6.230
6.260
6.260
6.180
6.180
6.190
6.210
6.110
6.060
6.120
6.120
