32.390
31.850
32.120
31.780
31.820
31.520
31.460
31.320
31.750
31.000
31.300
31.910
31.830
30.930
30.720
30.480
30.300
29.910
29.730
29.810
29.890
29.590
29.610
29.510
28.900
28.800
28.920
28.690
27.850
27.890
28.100
29.000
29.910
29.900
29.850
28.110
28.880
29.770
30.000
30.250
30.580
30.370
30.500
30.630
29.830
29.930
30.910
30.600
30.800
31.160
30.610
31.180
30.820
31.950
32.200
32.450
32.680
32.610
32.800
33.140
32.450
31.980
32.400
32.710
32.350
32.560
32.080
31.820
32.030
32.260
32.210
32.780
32.710
32.320
32.360
31.050
31.350
31.360
31.800
31.660
31.350
30.920
31.220
31.250
31.130
31.230
31.280
31.190
31.050
30.630
30.510
30.500
30.460
30.820
31.130
31.080
31.160
31.360
31.130
31.450
31.330
30.800
30.920
30.800
31.100
31.000
30.100
29.470
30.000
30.280
29.000
31.700
31.650
32.160
32.940
33.100
33.540
33.540
33.300
33.070
32.820
32.740
32.540
33.280
33.300
33.700
34.500
35.500
35.280
35.350
35.570
34.910
35.020
33.750
33.500
34.310
34.660
34.200
34.350
34.100
34.030
33.970
33.310
33.010
33.290
33.220
33.560
33.760
33.710
33.700
33.930
33.880
33.630
33.520
33.310
33.170
33.250
33.000
33.350
33.300
33.310
33.250
33.350
33.670
32.900
33.520
34.180
34.320
34.390
34.280
34.050
34.390
34.700
34.410
34.350
34.030
34.200
34.360
34.500
34.010
33.530
33.680
33.690
33.150
33.780
33.760
33.970
33.960
33.810
32.990
32.650
32.600
31.700
32.020
32.100
32.000
31.510
31.520
32.640
33.330
33.500
33.510
33.520
33.490
32.970
33.690
33.410
33.680
34.500
34.370
34.520
34.580
33.420
32.810
33.080
33.890
33.700
32.650
33.300
33.550
32.990
33.200
32.950
34.600
34.300
35.360
37.400
37.040
36.870
36.880
37.350
36.730
36.520
36.880
37.570
37.200
36.340
36.580
37.060
36.500
36.930
37.200
36.980
38.300
37.810
38.260
37.890
37.260
35.880
37.580
37.120
36.920
39.020
39.010
39.700
36.060
35.250
35.020
36.660
36.530
36.320
36.410
36.080
36.350
34.110
34.050
35.000
33.720
34.600
34.350
34.000
31.380
31.590
31.050
32.140
31.010
31.330
30.000
30.930
32.000
32.140
34.140
35.890
35.510
33.000
32.830
32.110
33.330
33.130
32.110
32.100
32.500
33.780
36.840
35.830
36.720
36.430
36.360
35.750
37.380
36.210
36.000
36.460
34.600
32.540
34.110
33.260
32.000
33.300
33.830
32.660
31.950
31.560
31.560
28.200
26.140
25.280
27.570
27.460
26.800
28.130
29.680
29.760
31.670
32.410
32.740
29.000
30.030
29.450
27.510
28.650
29.600
28.810
28.780
27.100
27.320
27.550
26.200
25.120
24.700
23.650
22.620
22.570
22.600
24.070
23.640
24.090
22.800
22.610
22.500
20.800
20.500
22.610
24.180
24.870
25.200
22.900
22.980
21.550
23.190
24.300
23.550
20.600
20.190
22.430
24.920
27.400
29.180
27.080
29.830
32.300
33.810
33.070
33.250
34.300
34.010
32.100
28.680
29.500
27.420
26.540
28.330
28.800
27.690
29.920
33.240
36.680
36.140
35.500
34.000
34.500
32.240
30.410
33.790
35.540
34.130
31.030
34.480
31.730
35.260
39.290
43.200
44.950
41.160
44.510
46.950
43.600
45.570
49.200
51.000
49.490
47.650
47.300
49.000
52.000
50.240
53.580
53.450
49.000
44.700
45.360
46.340
43.900
43.600
44.170
42.660
39.780
38.830
38.200
38.010
37.000
35.900
36.300
33.950
31.880
31.390
33.700
33.770
33.660
33.540
32.010
33.030
35.680
35.680
36.870
36.100
34.030
34.610
36.780
35.350
35.250
37.220
36.510
36.530
35.500
36.990
36.190
34.860
34.220
33.820
32.390
32.050
33.180
33.000
35.610
33.500
29.780
28.500
29.020
28.500
26.950
26.450
25.890
25.470
25.800
26.400
25.750
26.210
27.010
26.050
26.020
25.500
25.720
25.200
25.660
25.920
23.900
22.800
22.300
22.000
21.630
21.850
22.380
22.900
23.300
23.160
23.000
23.310
24.020
23.600
23.090
22.870
22.760
22.950
22.720
21.930
21.550
21.800
21.710
22.200
22.310
21.480
21.300
21.120
21.410
19.960
19.490
19.090
19.060
19.670
20.450
20.370
19.990
19.780
21.470
23.080
24.260
24.060
24.160
21.610
21.850
23.240
23.210
23.450
23.470
23.850
23.820
23.780
24.140
23.860
22.980
23.680
23.740
23.510
23.550
23.450
23.890
23.620
23.840
24.760
24.900
24.720
25.780
25.850
25.250
24.900
24.900
24.540
25.180
24.790
24.620
24.540
24.560
24.420
24.700
24.940
26.730
26.530
26.860
27.200
27.080
27.180
27.480
27.790
27.900
27.320
27.110
26.850
26.910
27.000
27.600
28.080
27.550
27.250
26.750
26.710
26.640
26.630
26.420
25.880
25.670
25.430
25.800
26.320
26.690
26.610
26.340
26.600
27.030
26.450
25.880
25.600
25.480
25.500
24.680
24.250
24.600
25.140
26.500
25.900
25.420
24.850
24.680
25.300
25.560
