12.520
12.660
12.740
12.790
12.880
12.890
12.730
12.950
13.010
12.860
12.870
13.020
13.000
12.770
12.580
12.590
12.640
12.640
12.540
12.510
12.630
12.480
12.440
12.450
12.530
12.590
12.490
12.590
12.490
12.420
12.620
12.720
12.770
12.860
12.830
12.820
12.460
12.770
12.870
12.850
12.780
12.720
12.900
12.860
13.020
13.090
13.240
13.400
13.420
12.910
12.840
13.300
13.120
13.130
12.600
12.430
12.750
12.900
13.240
13.150
13.160
13.460
13.130
13.230
13.190
13.350
13.980
14.070
14.040
14.060
14.120
14.210
14.240
14.240
14.190
14.200
14.100
14.080
14.080
14.080
14.190
14.190
14.270
14.240
14.310
14.560
14.710
14.820
14.800
15.030
15.190
15.300
15.330
14.800
14.810
14.950
14.960
15.080
15.070
14.420
14.590
14.580
14.720
14.570
14.780
15.030
14.800
14.950
14.970
15.120
15.060
15.180
16.470
16.690
16.710
17.070
17.130
17.330
17.340
17.470
17.640
17.930
17.620
17.750
17.560
16.590
16.800
16.320
16.250
16.130
16.110
16.180
16.510
16.050
15.870
15.730
15.850
16.030
16.170
15.940
15.750
16.160
16.540
16.520
16.610
16.230
16.410
16.440
16.610
16.330
16.320
16.260
16.420
16.610
15.830
15.680
15.670
15.630
15.810
15.750
15.970
15.800
16.070
17.370
18.300
19.200
19.890
20.170
20.240
20.260
20.260
19.900
19.220
19.030
19.090
19.000
19.200
19.700
19.540
19.440
19.400
19.550
19.460
19.320
17.700
17.120
17.620
17.900
17.960
17.870
18.150
17.630
17.480
16.780
16.680
16.750
17.010
17.220
16.430
15.490
14.910
15.060
15.390
15.110
16.110
15.940
16.600
16.550
16.690
16.340
16.560
16.300
15.470
14.860
16.490
16.150
16.630
16.020
16.040
16.590
16.410
16.120
15.790
15.700
15.600
15.630
15.450
15.370
15.010
15.020
14.290
15.970
16.830
17.240
18.100
17.700
17.230
17.250
17.780
16.790
16.310
17.420
19.330
19.430
21.610
21.320
21.220
23.490
23.760
23.320
23.100
23.900
23.670
23.300
22.020
21.400
21.480
21.950
21.450
21.310
20.750
20.760
20.900
21.140
20.700
21.000
20.420
20.260
20.100
20.340
20.000
20.460
22.790
21.530
21.200
21.430
21.910
21.150
20.150
20.080
19.430
18.300
18.050
17.250
16.420
16.430
16.360
16.350
16.450
15.730
15.230
14.900
15.090
15.000
15.550
15.950
15.850
15.460
14.930
16.580
16.400
16.560
16.760
15.900
15.120
14.080
13.440
13.740
13.390
13.390
12.910
12.760
26.600
26.210
25.540
25.880
25.700
25.130
24.900
22.640
25.160
27.950
31.060
34.510
38.340
38.400
38.400
38.500
38.530
38.610
39.410
39.000
38.420
38.800
36.100
35.710
34.800
35.150
32.180
35.380
36.130
33.800
35.180
39.060
39.900
38.490
36.580
34.910
31.800
35.330
39.200
40.540
45.040
49.950
50.370
46.100
45.910
45.000
43.480
41.190
42.190
44.250
45.150
44.650
43.000
42.790
46.470
45.810
47.010
49.260
46.930
42.660
41.700
46.050
42.800
38.910
39.260
40.380
39.520
39.920
40.510
38.790
37.420
36.880
38.530
36.370
33.230
30.730
30.890
30.850
31.930
32.770
32.510
31.370
33.140
32.980
31.860
31.670
30.440
29.360
31.090
31.480
30.780
32.490
32.580
29.980
27.950
29.910
29.930
30.380
28.000
27.970
26.780
25.950
25.870
25.880
26.040
27.200
27.800
27.500
27.800
26.760
26.340
26.070
25.000
24.880
25.960
23.600
21.450
19.500
19.810
20.050
19.290
19.270
18.860
18.530
18.570
18.640
18.390
17.700
18.100
19.090
19.460
19.900
19.770
19.460
19.910
20.730
21.500
20.800
21.120
21.660
22.590
23.070
22.700
20.990
20.930
19.030
18.090
17.890
17.880
17.860
18.550
19.800
19.340
18.300
17.920
17.700
17.970
17.650
17.700
16.920
17.120
17.140
16.670
17.090
16.750
16.000
15.210
15.220
14.990
14.940
14.880
15.110
15.210
15.060
14.590
14.570
14.780
14.870
14.960
14.560
13.940
14.110
14.060
14.260
14.170
14.330
14.240
13.770
13.650
13.270
13.220
13.130
13.230
13.150
13.020
12.990
13.120
13.040
12.760
13.090
12.960
12.980
13.010
13.150
13.180
13.180
13.030
12.830
12.740
12.470
12.710
12.660
12.660
12.620
13.060
13.240
13.350
13.020
13.220
12.950
13.130
13.680
13.690
13.960
14.120
14.380
13.220
13.310
13.100
13.340
12.510
12.030
12.310
12.430
11.900
12.130
13.010
12.190
12.200
12.330
12.220
12.250
12.250
12.260
12.290
12.040
12.120
12.100
