-0.140
0.880
-0.160
-0.180
0.330
0.020
-0.400
-0.240
0.540
0.390
0.200
0.450
0.040
0.140
-0.120
0.200
-0.980
0.190
-0.240
0.360
-0.020
0.310
0.100
0.090
0.700
-0.440
0.400
0.080
0.410
0.100
-0.750
0.880
0.110
-0.130
-0.040
0.690
0.230
-0.170
-0.590
-1.220
0.070
-0.320
-0.300
-0.200
-0.160
0.620
0.040
-0.410
-0.810
-0.350
-0.750
-0.040
0.420
0.250
-0.050
-0.950
-0.250
-0.020
-0.610
-0.540
0.220
0.030
-0.020
0.470
0.790
-0.420
0.210
-0.260
-0.090
-0.120
-1.160
-0.210
0.720
0.610
-0.360
0.060
0.340
-0.290
0.710
0.010
-0.660
0.010
-0.050
0.200
-0.080
-0.170
-0.130
-0.060
0.030
-0.220
-0.340
0.150
0.470
0.750
-0.280
0.350
-0.170
-0.160
0.220
-0.170
0.170
0.430
0.020
0.260
-0.770
0.010
-0.180
-0.140
0.230
0.390
-0.210
0.770
0.520
-0.990
-0.500
-0.010
-0.810
1.140
0.420
-0.530
0.010
0.570
0.770
0.210
-0.150
-0.480
0.100
0.000
-0.630
-0.180
0.260
0.090
-0.460
0.560
0.340
-0.960
0.220
-2.290
0.270
-0.900
0.820
-0.180
-3.620
-1.980
2.240
-1.680
1.490
-0.160
-0.370
1.190
-0.540
-0.750
2.080
0.700
0.500
0.340
0.100
-0.270
0.010
0.310
-0.180
0.290
-0.210
-0.250
0.080
-0.130
2.140
-0.600
-0.300
0.030
-0.160
0.490
0.440
-0.090
0.170
-0.230
0.370
-0.290
-0.240
-0.050
-0.320
0.750
0.680
-0.100
0.220
0.340
-0.070
-0.420
0.160
0.320
0.000
0.570
0.440
-0.350
0.230
-1.360
-0.180
-0.090
-0.360
0.580
0.350
-0.350
-1.010
0.540
-0.060
0.190
-0.420
-0.380
-0.310
-2.250
-0.810
-0.210
2.400
0.720
0.130
0.510
1.920
-0.460
-0.370
-0.370
1.210
1.060
-0.050
0.180
0.180
-1.000
0.800
0.340
-1.450
0.400
0.320
-0.190
-0.190
0.000
-0.740
-0.010
-0.130
-0.660
-0.090
0.520
-0.110
1.340
-0.320
1.260
-0.050
0.440
0.170
0.060
0.050
0.480
0.550
-0.760
-0.170
-0.270
0.410
-0.150
0.050
0.070
0.660
0.250
-1.350
-0.910
0.560
-0.310
0.310
0.180
-0.350
1.720
-0.320
0.000
-0.240
0.400
-0.450
0.350
-0.020
-0.040
-1.920
-0.490
0.120
0.410
-0.440
0.550
1.030
-2.000
-3.000
-0.170
1.000
1.430
-1.350
0.480
-1.320
-0.300
1.870
2.550
-0.190
1.350
0.170
-1.020
0.130
0.300
0.430
-0.200
0.380
-0.340
-1.650
0.180
1.120
-0.190
0.320
0.960
-1.750
-0.590
0.880
-0.800
-0.150
-0.010
0.260
0.440
0.940
-0.360
-1.110
-0.210
1.110
-0.040
0.460
1.030
0.900
-1.720
1.010
2.450
1.370
-0.540
1.180
-3.710
0.130
-0.980
1.390
-0.330
-0.590
0.060
1.030
-0.900
1.430
0.660
-0.090
0.980
-0.560
0.910
-0.960
-0.430
-3.940
0.570
0.160
-2.310
-1.460
1.320
0.710
-2.040
2.450
-1.430
1.780
-3.390
0.960
-4.730
-0.090
0.790
-5.160
-0.830
0.640
-0.550
-2.630
-0.790
-4.620
0.310
0.410
4.600
-1.140
5.130
3.230
0.490
3.570
0.800
-0.820
0.020
-1.880
-0.190
1.810
-0.500
1.130
1.090
3.890
-0.970
-0.250
2.140
0.210
-0.650
0.300
0.700
-0.760
-0.100
-0.030
-1.380
1.830
-0.010
0.130
0.180
0.710
0.770
1.500
-0.570
-0.520
-0.500
0.260
-1.870
-0.160
1.330
0.810
0.880
-2.110
0.480
-0.470
0.620
1.050
-0.780
-0.040
1.770
0.510
0.440
0.020
-0.480
0.310
-1.120
0.340
-0.940
0.210
0.770
0.210
-0.700
2.600
-1.270
-2.200
0.060
-0.850
0.790
2.210
0.000
0.960
-1.830
-1.470
2.030
2.170
0.570
-3.440
-3.810
-1.930
-2.210
0.270
-4.680
0.870
-0.170
0.580
-3.130
4.430
1.980
1.290
-0.230
-0.790
2.900
-2.490
-1.360
-1.280
1.830
-1.450
-4.880
0.010
1.880
-0.330
-1.030
1.390
2.750
1.000
-4.380
0.760
4.260
3.870
3.520
-3.910
-4.340
1.320
-3.010
-4.980
-5.530
2.970
-5.810
-6.600
-0.810
3.010
0.960
-3.560
0.900
-0.260
-3.530
0.080
-0.570
0.280
-1.310
4.020
-0.450
-1.080
2.200
6.030
2.360
2.800
-1.590
-6.300
-1.330
0.240
1.110
0.510
0.230
4.510
2.620
-0.660
-1.820
-1.150
2.300
-0.640
1.110
2.160
-0.550
-1.680
-2.810
-0.290
0.920
1.680
-1.150
0.480
-2.320
-1.540
1.310
3.030
-3.330
-0.260
-2.580
-6.990
-1.650
3.540
4.990
1.770
-0.860
2.610
2.840
2.540
0.770
-2.030
3.530
2.800
0.290
-0.930
2.640
0.210
-0.970
-1.060
0.380
-0.390
0.720
-0.020
0.910
-1.040
4.150
0.160
-0.490
-0.380
0.140
-1.380
0.150
-0.290
1.500
-0.750
0.390
0.020
-0.560
1.740
1.460
0.670
-1.640
0.510
-0.730
-1.450
1.350
-1.300
-1.040
-1.560
0.010
-0.450
0.460
-0.880
0.620
1.460
0.920
-4.210
-0.330
0.170
0.800
1.520
-0.560
0.120
-1.750
-1.190
-0.110
3.140
-0.160
0.200
2.240
3.820
0.820
-0.960
-1.340
-0.190
0.500
-0.440
0.150
-0.790
0.150
-1.220
3.340
1.990
0.610
3.550
0.320
0.720
-0.280
0.450
0.360
-0.070
1.020
-0.050
0.240
0.560
0.080
-0.310
-0.380
-0.090
0.510
-0.380
-0.390
0.560
-0.770
0.230
0.410
0.050
0.200
-0.420
-0.060
0.500
0.580
0.090
0.990
-0.170
0.250
-0.870
0.310
0.670
0.930
-0.130
-0.100
0.510
0.070
-0.410
-0.510
-0.080
0.110
0.020
-0.020
0.780
-0.170
0.530
0.270
-0.940
0.580
0.000
-0.120
-1.330
0.420
-0.150
0.770
0.110
1.000
0.060
0.220
-0.080
0.250
0.430
0.390
-0.100
-0.140
-0.280
-0.270
-0.360
0.480
0.040
0.310
0.350
0.170
-0.450
-0.040
-0.260
0.740
-0.110
-0.570
0.560
0.040
0.300
-0.280
0.430
-0.130
-0.030
0.620
0.170
0.480
-0.150
-0.010
0.200
0.090
-0.300
0.120
-0.010
0.390
0.210
0.010
-0.400
0.200
