-0.050
0.080
-0.020
0.040
-0.060
0.010
-0.110
-0.040
0.140
-0.020
-0.130
-0.160
-0.080
0.410
-0.010
0.170
0.000
0.210
-0.290
-0.010
0.030
0.210
0.050
0.110
0.050
-0.530
-0.140
-0.020
0.080
0.020
-0.610
-0.230
-0.030
-0.080
0.020
0.160
-0.070
-0.080
-0.120
0.090
0.070
-0.470
-0.120
0.070
-0.050
0.180
0.140
0.060
0.100
-0.110
-0.400
-0.050
-0.270
-0.140
-0.110
-0.210
-0.260
0.000
-0.200
0.040
-0.180
-0.030
0.040
0.030
0.040
-0.100
-0.140
-0.130
0.100
-0.020
-0.230
0.230
-0.070
-0.070
0.010
0.140
-0.080
0.130
-0.020
0.020
-0.070
0.100
-0.020
0.320
-0.020
-0.080
-0.020
0.080
-0.180
-0.020
-0.160
0.220
0.110
0.040
-0.070
0.020
-0.030
0.010
0.110
0.030
0.050
0.040
-0.010
0.150
-0.070
0.040
0.100
-0.020
0.040
0.110
0.050
-0.200
0.010
-0.360
-0.040
-0.120
-0.260
0.020
0.090
0.020
-0.080
0.040
0.130
-0.040
0.040
0.140
0.060
-0.030
-0.220
-0.030
0.270
0.050
0.020
0.200
0.110
0.000
-0.040
-0.360
-0.020
0.020
0.140
0.000
0.010
-0.060
0.010
-0.240
-0.140
-0.090
0.170
-0.110
-0.180
-0.060
0.020
-0.170
0.190
-0.170
0.640
-0.010
0.100
0.090
0.130
0.060
0.040
-0.070
-0.020
-0.090
0.090
-0.150
0.190
0.080
-0.100
-0.030
0.210
-0.100
0.190
0.030
0.150
-0.140
-0.010
-0.070
0.020
0.150
0.160
0.020
0.010
0.020
0.140
-0.250
0.020
0.030
-0.010
0.110
0.060
0.020
0.060
-0.370
-0.150
0.060
-0.030
0.070
0.140
-0.020
-0.120
-0.020
-0.020
0.020
0.020
-0.140
-0.050
0.000
0.060
-0.090
0.280
-0.040
-0.030
0.290
0.120
-0.130
-0.050
0.090
0.130
0.000
-0.060
0.160
0.090
-0.190
-0.170
0.030
-0.550
0.030
0.340
-0.050
0.100
0.010
0.050
-0.090
-0.090
0.070
0.050
0.200
-0.190
-0.050
0.020
-0.010
0.090
0.100
0.040
-0.040
0.100
0.160
0.170
-0.100
-0.020
0.100
-0.070
-0.080
0.040
-0.060
0.190
0.020
-0.500
0.000
-0.080
0.020
0.000
0.070
0.070
0.400
-0.140
-0.040
0.030
-0.180
-0.160
0.220
0.190
0.170
-0.420
-0.090
0.150
-0.160
-0.300
-0.060
-0.170
-0.990
0.210
0.000
-0.110
0.310
-0.020
-0.240
-0.100
0.230
0.010
0.110
-0.080
-0.920
0.000
-0.410
0.300
0.650
0.140
-0.150
0.330
-0.120
-0.310
0.130
0.150
-0.220
-0.090
0.340
-0.300
0.310
0.170
0.000
0.170
-0.220
0.370
0.860
0.350
-0.080
-0.100
0.270
-0.040
-0.220
0.010
0.070
0.330
-0.580
-0.030
0.480
0.120
-0.740
-0.520
-1.030
0.110
-0.060
0.190
-0.110
0.250
0.140
0.400
-0.240
-0.300
0.090
0.040
0.780
-0.020
0.510
-0.950
-0.200
-0.470
0.210
-0.110
-1.120
-0.070
0.900
0.200
-1.020
0.170
-0.700
0.520
-1.250
-0.230
-1.370
0.150
0.180
-1.450
0.310
0.350
0.450
-0.930
0.120
-0.410
0.070
-0.560
1.380
0.420
0.690
0.000
0.080
0.590
0.370
0.260
0.080
-0.420
0.020
0.140
0.040
0.720
0.500
0.360
-0.740
-0.220
0.010
0.240
-0.370
0.500
0.590
-0.280
-0.240
0.650
-0.290
0.650
0.210
0.060
0.810
0.420
-0.130
0.370
0.340
-0.090
0.050
0.180
-0.390
-0.050
-0.220
0.780
0.580
-0.520
0.190
-0.160
0.320
0.220
-0.210
0.080
0.360
0.030
0.340
-0.040
-0.100
0.260
-0.570
0.010
0.640
0.060
0.310
0.070
-0.110
0.510
-0.610
-0.690
0.420
-0.200
0.290
0.430
0.170
-0.290
-0.580
-0.380
0.530
0.330
-0.340
-0.730
-0.810
-0.570
-0.130
0.090
-0.970
0.340
0.060
0.280
-0.170
0.400
0.440
0.390
-0.040
-0.150
0.710
-0.380
-0.240
-0.330
0.560
-0.460
-0.920
-0.410
0.300
-0.260
0.680
0.540
0.760
0.690
0.630
-0.700
-0.780
-0.870
-0.960
-1.070
0.510
-1.130
-1.260
-0.440
0.330
-0.310
-1.440
-0.870
0.370
-0.900
0.200
0.520
0.270
0.060
-0.590
1.080
0.040
-0.270
0.550
1.270
0.500
-0.670
-1.430
0.830
0.020
0.290
0.520
0.140
0.040
0.200
-0.140
0.470
0.060
0.010
0.450
0.710
0.450
-0.410
-0.410
-0.710
-0.170
0.100
0.170
-0.340
0.140
-0.320
-0.330
0.510
0.350
-0.270
-0.400
0.270
-1.320
-0.260
0.960
1.160
0.630
0.520
0.010
0.490
0.460
0.080
-0.030
-0.020
-0.160
0.190
0.690
0.150
0.000
0.080
0.150
0.120
0.180
0.130
-0.110
-0.090
0.050
0.060
-0.200
0.310
0.120
-0.110
0.110
0.020
0.150
-0.110
0.100
0.030
0.070
-0.030
0.120
0.020
0.150
-0.220
-0.110
-0.140
0.080
-0.180
-0.280
-0.170
-0.020
-0.220
-0.870
0.560
0.800
0.730
0.300
-0.770
0.160
0.130
-0.120
0.140
-0.250
-0.150
0.220
0.250
0.060
0.050
0.200
-0.190
0.030
0.120
0.050
0.090
0.030
-0.440
-0.160
0.050
-0.050
0.060
0.150
0.020
0.060
0.140
-0.610
-0.130
-0.600
0.380
0.730
0.040
0.000
0.080
0.180
-0.060
0.100
0.040
0.020
0.050
0.230
0.070
-0.010
0.010
-0.010
0.180
-0.300
0.030
-0.040
-0.070
-0.010
0.050
0.070
-0.180
-0.020
0.150
0.140
0.180
-0.070
-0.260
-0.210
0.020
-0.030
-0.530
0.180
0.130
-0.020
-0.040
-0.080
0.070
0.030
-0.010
0.110
0.200
0.020
0.030
0.040
-0.200
-0.040
0.060
0.280
-0.210
-0.050
-0.010
0.110
-0.120
0.120
0.330
-0.020
0.000
0.040
0.230
0.090
-0.230
-0.160
-0.250
0.050
0.000
0.020
0.040
0.040
0.120
0.060
-0.200
-0.060
0.000
0.150
-0.010
-0.130
-0.040
-0.180
0.130
-0.090
-0.040
-0.280
0.030
0.660
0.080
0.090
0.130
0.060
0.040
-0.090
0.290
0.080
-0.040
0.100
0.060
-0.060
-0.200
0.310
