0.390
0.110
0.300
-1.190
-0.290
0.250
-0.280
-0.170
0.510
0.420
-0.710
1.170
-0.340
-0.010
0.190
-0.410
-0.470
-0.390
-0.050
0.300
0.550
0.350
0.060
0.050
-0.210
0.990
0.120
-0.460
0.130
0.010
0.450
0.570
-0.170
0.020
-0.120
0.190
0.210
0.740
-0.040
0.000
0.110
-0.440
0.070
-0.170
0.000
0.030
0.000
0.040
0.390
0.450
0.230
-0.310
0.220
0.250
0.280
-0.070
-0.350
0.180
-0.290
-0.270
-0.110
-0.080
0.570
0.020
-0.020
-0.120
0.240
-0.080
-0.220
0.070
-0.030
0.230
0.190
0.320
-0.280
-0.040
-0.040
0.080
0.060
0.210
0.230
-0.080
0.070
0.030
0.320
0.070
-0.240
0.090
-0.200
-0.010
-0.120
-0.040
0.030
0.730
0.110
0.100
-0.190
0.050
-0.040
0.060
0.120
0.080
-0.270
0.080
-0.250
0.090
0.410
-0.140
-0.050
-0.090
0.500
-0.020
-0.030
0.280
0.140
0.100
-0.400
0.110
0.020
-0.420
0.270
-0.030
0.560
0.580
0.080
0.140
-0.230
-0.480
0.000
0.200
0.090
0.240
0.050
0.370
0.270
-0.170
-0.110
-0.140
-0.070
-0.110
0.020
0.020
0.050
-0.140
0.140
-0.400
0.180
0.100
0.050
0.210
-0.070
0.220
0.040
0.000
-0.080
-0.060
0.150
0.040
0.030
0.140
-0.200
0.030
0.010
0.010
-0.020
0.060
0.020
0.050
-0.050
-0.100
-0.060
-0.050
0.210
-0.020
-0.050
-0.070
0.180
-0.120
-0.070
-0.020
-0.120
0.460
0.020
-0.020
-0.060
0.080
-0.270
-0.260
0.150
0.070
-0.170
-0.080
-0.070
-0.190
0.050
-0.150
-0.110
0.030
0.900
0.200
0.230
-0.080
0.100
-0.060
-0.010
-0.030
0.070
-0.360
0.100
-0.140
-0.080
-0.100
0.000
-0.010
0.330
0.090
-0.220
-0.170
0.040
0.070
-0.100
0.130
-0.060
0.040
-0.140
-0.190
-0.190
-0.130
0.200
-0.060
-0.160
0.110
-0.140
0.080
-0.330
0.210
-0.210
0.800
0.120
0.000
-0.230
0.250
-0.080
-0.050
0.350
-0.120
-0.100
-0.110
0.040
0.580
-0.390
-0.030
0.040
0.540
0.220
0.050
-0.300
0.320
-0.150
-0.660
-0.010
-0.070
-0.120
-0.430
0.440
-0.160
0.420
0.380
0.380
-0.380
-0.140
0.720
0.710
-0.160
-0.090
-0.090
-0.120
0.060
0.190
-0.210
0.080
-0.090
-0.430
-0.370
-0.100
-0.200
0.260
0.020
-0.010
0.220
0.140
-0.310
0.330
-0.010
-0.240
0.060
-0.500
-0.280
0.110
0.260
-0.330
0.070
0.100
-0.680
0.320
0.700
-0.090
-0.120
0.470
-0.210
-0.350
0.290
-0.440
0.050
-0.190
0.540
0.430
0.310
0.240
0.070
0.520
0.020
-0.410
-0.390
-0.200
-0.030
0.550
-0.200
0.650
0.000
-0.120
0.250
-1.030
-0.300
-0.320
0.300
-0.250
-0.040
-0.110
0.600
0.400
-0.350
0.140
-0.120
0.340
-0.490
0.570
0.010
0.700
-0.660
-0.230
0.440
-1.060
-0.570
0.610
0.390
0.080
0.750
-0.400
0.200
-1.870
0.110
-2.190
0.450
0.000
-2.120
-0.260
0.380
0.140
-0.810
0.060
-0.560
-0.510
-0.350
0.420
-0.500
0.340
1.940
-0.130
0.320
-0.740
0.480
0.100
-0.800
-0.170
0.250
0.130
-0.240
-0.290
0.840
-1.330
-0.520
-0.150
1.060
-0.370
-0.140
1.950
-0.060
-0.780
1.190
-0.760
-0.520
-0.220
0.220
-0.110
1.370
-0.320
0.950
0.160
-0.630
-0.560
-0.480
-0.480
0.080
0.500
0.170
0.580
-1.450
0.830
0.140
0.550
0.620
-0.540
0.180
0.340
1.840
1.190
0.000
-0.480
-0.060
-0.570
0.250
-0.240
0.150
0.740
-0.010
-1.110
1.480
-1.230
-0.390
-0.360
-0.340
0.630
0.880
-0.890
0.040
-0.420
-0.190
1.340
1.110
0.410
-2.120
-2.350
-1.690
-1.340
0.700
-2.880
-0.040
1.420
0.140
-1.160
0.110
1.400
0.300
-0.450
-1.160
0.830
0.820
0.390
-1.790
1.030
-0.040
-2.990
-1.260
0.200
0.830
-0.440
2.790
1.710
0.440
-2.860
2.600
2.360
-2.630
0.550
-1.950
-2.170
-1.370
2.850
0.900
-3.060
-3.140
0.740
2.910
0.600
-3.290
-0.170
3.010
-0.080
2.740
1.650
-0.140
1.540
0.790
0.450
-0.350
-0.820
0.830
-0.670
0.060
0.740
1.190
-1.610
1.030
-0.700
1.330
0.030
0.350
-1.380
-0.410
-0.370
0.890
0.080
0.880
-0.100
0.250
0.040
-1.140
1.110
-0.110
0.280
-0.750
0.540
0.080
-0.120
0.250
0.440
1.820
0.510
0.250
-0.020
-0.310
-0.500
0.280
0.100
-0.360
0.700
0.410
0.310
-0.060
-0.470
0.050
0.520
0.280
-0.720
0.210
0.080
-0.380
1.320
-0.320
-0.080
0.490
-0.010
0.180
-0.010
0.270
0.030
-0.260
0.060
0.050
0.370
-0.710
-0.210
0.390
0.070
-0.180
-0.150
-0.300
0.220
-0.630
0.730
0.210
0.720
-1.140
0.190
-0.210
0.010
0.630
1.310
0.310
0.040
-0.280
0.800
0.430
0.110
-0.280
0.290
-0.060
0.040
0.110
-0.100
-0.400
-0.350
0.340
-0.420
-0.300
0.350
0.130
-0.240
0.570
0.320
-0.020
-0.450
0.240
0.340
0.150
-0.270
-0.130
-0.010
-0.150
0.490
0.030
0.030
-0.320
-0.120
-0.080
0.130
0.040
-0.190
0.180
-0.500
0.120
-0.310
0.230
-0.200
-0.200
0.090
-0.150
-0.160
0.150
0.380
-0.230
0.430
0.140
-0.240
-0.140
0.260
0.050
-0.440
0.100
-0.150
-0.230
-0.150
-0.220
0.150
0.430
0.330
-0.090
-0.100
0.010
0.030
0.080
0.200
0.420
-0.210
-0.610
0.160
0.010
-0.140
0.030
-0.150
0.070
-0.030
0.140
0.180
0.080
0.250
-0.030
-0.070
-0.220
-0.080
-0.130
0.410
-0.290
-0.230
0.370
0.100
-0.250
0.610
0.310
0.080
-0.150
0.630
0.060
0.290
0.370
-0.300
-0.200
-0.520
0.060
0.010
-0.010
-0.140
-0.230
-0.040
0.280
0.110
-0.560
-0.170
0.050
