33.250
33.530
33.700
33.360
33.170
33.330
33.670
33.680
33.930
33.120
33.490
33.510
31.700
31.710
31.750
31.290
30.780
30.770
31.040
31.030
31.040
30.770
30.610
29.810
29.150
30.580
30.720
30.280
30.290
30.200
29.380
29.450
29.310
29.540
29.170
29.010
28.980
28.870
29.370
29.560
29.850
29.650
29.410
30.300
30.080
30.620
31.250
30.780
31.170
31.700
33.190
33.140
33.880
35.390
33.370
32.600
31.690
31.900
30.570
30.810
31.320
31.560
32.430
31.580
32.460
32.900
33.010
32.860
32.880
33.460
33.450
33.220
33.380
34.320
33.740
34.710
34.250
34.860
33.990
32.660
32.600
32.840
32.840
32.960
33.870
34.300
32.240
32.070
30.680
29.980
29.440
30.310
30.170
30.400
29.870
30.140
29.070
29.380
29.320
30.080
30.090
30.130
30.140
29.970
27.450
27.600
27.840
27.750
28.470
28.710
28.700
28.990
29.350
28.880
29.210
28.840
28.400
28.310
28.240
28.730
28.690
28.250
28.940
29.150
29.820
29.180
28.780
28.030
28.830
28.010
29.140
27.770
30.860
32.120
30.010
27.360
27.300
25.850
25.290
28.180
26.870
24.470
24.430
23.870
21.900
24.190
22.310
21.860
21.660
21.530
20.930
20.640
18.760
17.020
17.260
17.310
17.340
17.810
19.200
20.500
20.430
19.800
19.440
19.500
20.300
19.960
19.430
19.700
19.420
19.800
20.050
19.670
18.370
17.860
17.400
17.100
17.480
17.460
16.740
17.670
18.480
18.480
18.240
17.440
17.060
16.860
16.910
17.000
17.360
17.270
16.950
16.140
15.140
14.450
14.500
14.300
13.930
13.880
14.100
14.630
14.740
13.400
14.200
14.600
13.450
13.260
14.680
15.100
16.760
16.450
16.830
16.880
16.310
16.210
16.250
15.870
14.480
13.700
13.230
12.960
12.220
12.200
11.640
12.820
13.950
15.030
14.700
14.280
14.990
15.160
14.440
14.350
14.910
14.380
14.450
14.030
15.590
15.580
17.310
16.700
17.750
19.720
20.870
20.250
19.700
21.280
20.910
19.390
19.390
18.780
18.670
18.610
18.220
18.020
17.970
19.310
19.130
19.040
18.900
18.330
18.200
18.200
19.880
20.390
19.440
18.250
18.190
17.920
17.400
17.890
18.320
18.000
18.630
18.450
17.810
18.130
17.890
17.670
17.190
16.070
15.840
16.230
16.800
16.700
17.710
17.890
17.460
17.030
16.380
18.190
17.500
17.240
16.390
14.890
15.560
15.300
14.640
14.150
13.160
13.030
13.590
13.200
14.170
13.830
13.990
14.190
13.210
12.610
12.970
11.830
13.040
14.470
13.830
14.750
13.530
12.310
11.540
12.820
14.240
15.820
14.410
14.140
15.710
17.460
19.400
21.570
23.940
23.800
26.410
26.480
24.760
22.500
22.400
22.100
20.320
19.520
20.210
20.220
18.380
20.340
20.690
19.870
18.050
19.010
21.120
21.340
19.460
18.130
16.490
15.770
14.490
15.060
16.670
16.350
14.860
13.510
12.280
13.640
15.160
16.840
18.710
20.790
23.110
23.520
26.130
29.150
29.050
29.300
31.680
35.240
34.750
32.000
34.890
33.230
32.370
31.110
29.560
30.160
29.780
27.750
28.580
29.580
27.930
26.580
26.880
29.850
30.710
28.270
27.990
27.480
26.050
25.670
26.020
24.230
24.980
26.020
24.930
25.010
23.900
22.710
23.990
23.880
24.910
25.530
23.220
23.180
22.200
20.180
20.740
21.300
21.360
19.970
19.950
20.540
19.820
18.020
18.300
17.810
17.500
18.020
18.650
18.310
18.100
17.740
17.570
17.580
16.820
16.780
17.320
17.700
16.840
15.310
15.470
15.720
15.720
14.910
14.490
14.150
14.280
14.750
14.290
14.110
13.920
14.350
14.330
14.840
14.230
14.110
14.580
15.960
14.510
14.720
13.750
12.960
12.640
12.740
12.020
12.260
12.080
11.980
11.440
10.960
11.190
10.950
11.200
11.130
10.810
11.100
10.860
10.650
9.680
9.690
9.490
9.480
9.500
9.430
9.800
9.980
10.010
10.070
9.820
9.620
9.500
9.450
9.510
9.560
9.430
9.100
9.580
10.580
11.000
11.140
11.780
11.900
11.420
11.400
11.580
11.160
10.790
10.880
11.320
10.980
11.220
11.310
11.670
11.500
11.680
11.780
11.020
10.360
9.420
9.510
9.420
9.350
9.210
9.140
9.290
9.240
9.610
9.510
9.850
9.810
9.690
9.990
9.770
9.310
9.570
9.470
9.030
9.040
9.190
8.350
