3.780
3.810
3.820
3.840
3.810
3.800
3.830
3.810
3.730
3.650
3.700
3.730
3.720
3.700
3.710
3.600
3.560
3.480
3.530
3.520
3.470
3.420
3.440
3.420
3.310
3.450
3.490
3.410
3.450
3.400
3.510
3.540
3.460
3.430
3.470
3.460
3.430
3.330
3.360
3.410
3.320
3.330
3.360
3.400
3.430
3.480
3.440
3.480
3.600
3.640
3.670
3.470
3.640
3.580
3.590
3.520
3.420
3.450
3.400
3.370
3.440
3.440
3.390
3.440
3.450
3.480
3.540
3.590
3.610
3.630
3.580
3.640
3.670
3.670
3.640
3.680
3.710
3.710
3.710
3.720
3.770
3.700
3.690
3.740
3.780
3.810
3.810
3.780
3.790
3.860
3.850
3.900
3.940
3.880
3.890
3.890
3.910
3.770
3.720
3.720
3.700
3.720
3.810
3.750
3.690
3.660
3.640
3.670
3.790
3.850
3.890
3.930
3.940
3.920
3.970
4.070
4.000
4.030
4.040
4.070
3.870
3.910
3.810
3.940
4.020
4.020
4.010
4.190
4.300
4.330
4.520
4.210
17.150
17.390
17.370
18.080
17.400
16.880
17.150
17.050
16.600
16.630
16.430
18.110
18.150
18.830
18.930
18.760
17.900
18.300
18.780
17.600
17.650
16.950
16.410
16.450
16.600
16.170
16.230
16.000
16.190
16.000
16.000
16.100
16.000
16.100
16.370
16.140
16.610
16.330
15.900
15.700
16.010
15.680
15.770
15.830
16.080
15.430
15.020
14.900
14.760
14.630
15.070
15.190
15.320
15.200
15.190
14.960
14.990
14.890
14.790
15.640
15.660
15.730
15.570
15.420
15.420
15.500
15.720
16.050
16.350
16.920
16.300
16.410
16.540
17.450
16.430
16.500
16.080
15.900
15.380
15.410
15.400
15.650
15.160
14.930
15.070
14.870
14.760
14.480
14.640
14.690
15.020
15.680
15.600
15.430
15.770
16.400
16.460
16.410
16.190
16.370
17.420
19.150
18.750
18.600
17.360
17.750
17.520
17.690
17.020
16.800
17.060
15.900
16.120
16.360
15.330
16.320
15.350
15.050
15.090
13.810
13.940
14.560
14.560
14.870
14.850
14.710
14.970
15.250
14.910
15.200
14.800
15.000
14.450
14.520
14.900
15.290
15.120
15.460
15.420
15.430
15.700
15.430
15.040
15.000
14.990
15.030
15.430
15.500
15.700
17.200
16.950
16.900
16.850
16.370
16.010
16.290
15.610
15.200
15.570
15.410
15.240
15.590
15.850
15.030
15.510
15.450
15.050
14.760
14.330
13.770
13.810
13.800
13.600
13.000
14.200
13.650
13.450
13.450
12.760
12.590
11.930
11.550
12.190
12.280
13.250
12.880
13.500
13.030
12.300
12.760
12.200
12.060
11.280
12.050
12.150
11.870
11.770
11.880
11.600
11.440
12.020
12.600
13.000
13.090
13.640
13.520
12.290
12.110
12.090
15.100
14.600
15.460
14.680
15.800
15.710
14.880
17.050
16.950
18.100
17.190
16.950
16.700
17.440
16.500
17.100
15.710
14.280
12.980
14.410
13.510
16.590
15.550
14.120
16.380
16.650
18.920
19.750
18.280
21.120
19.200
17.450
15.860
14.420
13.110
11.740
11.520
11.710
11.740
11.650
11.680
11.080
10.670
10.300
11.030
11.000
11.190
11.010
11.080
11.320
11.060
11.000
11.000
10.810
10.640
10.560
10.380
11.080
11.430
11.110
12.290
12.700
11.940
11.900
12.200
12.870
12.310
11.820
11.550
11.050
11.140
11.110
11.090
11.000
10.310
10.480
10.170
10.260
10.160
10.440
10.740
10.580
10.400
10.320
10.040
10.100
10.160
10.090
10.060
10.050
9.980
10.450
10.180
10.140
10.100
9.500
9.290
9.300
9.270
9.160
9.180
9.250
8.820
8.750
8.800
8.730
8.930
8.930
8.940
8.960
9.030
8.980
9.010
8.870
8.790
8.760
8.780
8.940
8.960
8.910
9.100
9.000
9.020
9.380
9.000
8.600
8.580
8.610
8.620
