4.160
4.140
4.130
4.100
4.080
4.110
4.110
4.080
4.060
4.020
4.050
4.110
4.130
4.110
4.100
4.060
4.050
4.020
4.030
4.110
4.140
4.120
4.040
4.040
3.990
4.050
4.240
4.270
4.220
4.090
4.170
4.190
4.230
4.250
4.250
4.120
4.140
4.120
4.040
4.260
4.320
4.300
4.510
4.690
4.800
4.890
4.820
4.750
4.880
4.860
4.870
4.940
4.920
4.990
5.130
5.230
5.420
5.490
5.500
5.450
5.550
5.580
5.490
5.400
5.400
5.400
5.350
5.340
5.460
5.430
5.400
5.450
5.610
5.590
5.610
5.610
5.580
5.610
5.510
5.580
5.670
5.690
5.740
5.700
5.800
5.810
5.860
5.820
5.800
5.870
5.820
5.780
5.740
5.680
5.670
5.690
5.700
5.720
5.720
5.680
5.650
5.600
5.630
5.740
5.740
5.810
5.800
5.670
5.620
5.560
5.550
5.590
5.480
5.460
6.060
6.080
6.250
6.400
6.380
6.330
6.390
6.370
6.300
6.210
6.220
6.200
6.310
6.130
6.180
6.310
6.360
6.370
6.590
6.420
6.380
6.470
6.000
6.120
6.290
6.260
6.060
6.080
6.070
6.210
6.090
6.080
6.100
6.150
6.060
6.190
6.270
6.250
6.300
6.360
6.360
6.360
6.200
5.880
5.840
5.880
5.790
5.800
5.800
5.790
5.780
5.780
5.750
5.760
5.770
5.870
5.820
5.860
5.910
5.850
5.960
5.850
5.780
5.720
5.870
5.760
5.750
5.720
5.580
5.560
5.570
5.580
5.500
5.660
5.670
5.680
5.610
5.550
5.510
5.400
5.380
5.510
5.760
5.780
5.790
5.760
5.820
5.860
5.900
5.880
5.880
5.840
6.020
5.920
5.910
5.680
5.710
5.610
5.710
5.650
5.500
5.370
5.300
5.420
5.460
5.380
5.300
5.330
5.330
5.300
5.240
5.180
5.220
5.100
5.100
5.560
5.600
5.700
5.670
5.500
5.430
5.470
5.550
5.510
5.420
5.300
5.270
5.210
5.260
5.380
5.370
5.160
5.230
5.270
5.060
5.040
4.960
4.900
4.860
4.860
4.810
4.550
4.550
4.550
4.480
4.480
4.500
4.720
4.730
4.740
4.740
4.740
4.770
4.610
4.560
4.580
4.510
4.540
4.530
4.580
4.520
4.550
4.560
4.710
4.670
4.660
4.650
4.740
4.740
4.770
4.990
5.080
5.100
5.030
5.000
4.980
5.060
5.020
5.020
4.990
4.990
5.000
5.370
5.350
5.520
5.460
5.380
5.320
5.380
5.300
5.410
5.460
5.310
5.250
5.360
5.250
5.160
5.350
5.360
5.370
5.450
5.470
5.570
5.510
5.450
5.350
5.290
5.180
5.030
5.060
5.010
5.210
5.180
5.060
5.200
4.960
4.800
4.620
5.000
5.090
5.320
5.290
5.290
5.220
5.300
5.260
5.130
4.920
5.130
5.140
5.000
5.000
4.950
4.860
4.920
4.900
5.160
5.350
5.200
5.320
5.500
5.440
5.280
5.300
5.280
5.500
5.540
5.610
5.670
5.940
6.410
6.050
6.410
7.110
7.120
7.110
7.150
7.280
7.510
7.410
7.360
7.060
7.040
6.920
6.890
6.860
6.670
6.740
6.660
6.700
6.800
7.050
7.030
7.050
6.750
6.700
6.410
6.680
7.360
7.300
7.230
7.060
7.110
7.020
6.950
6.910
6.650
6.800
7.000
7.040
6.980
6.930
6.940
6.900
6.680
6.610
6.510
6.600
6.670
6.820
6.800
6.750
6.600
6.350
6.400
6.760
6.810
6.850
6.650
6.600
6.460
6.130
6.020
5.970
5.790
5.680
5.630
5.650
5.810
5.800
5.710
5.520
5.460
5.460
5.170
5.130
5.590
6.040
6.050
6.020
5.610
5.600
5.200
5.530
6.100
6.200
5.650
5.350
5.840
6.490
7.020
7.480
7.200
7.920
8.770
8.720
7.760
7.610
7.130
7.210
7.200
6.810
6.040
6.610
7.140
6.780
6.000
4.820
5.360
5.960
6.620
7.350
8.170
8.890
8.240
9.150
10.170
11.000
11.700
10.180
11.240
12.470
11.720
12.460
13.540
13.660
13.500
13.260
13.050
13.280
12.770
11.000
11.280
11.000
10.800
10.310
11.450
11.760
11.400
11.020
11.140
10.900
10.500
10.150
10.010
10.060
9.950
9.890
9.900
9.200
8.780
8.640
9.000
9.710
10.220
10.210
10.010
10.180
10.550
10.410
10.660
10.660
10.220
10.300
10.850
10.200
11.050
11.110
11.350
11.510
10.880
10.900
10.850
10.850
11.060
11.000
10.820
10.900
10.630
11.390
10.800
9.860
9.430
8.910
8.670
8.700
17.720
16.900
16.380
16.120
16.660
16.000
15.600
15.030
15.020
14.990
15.000
14.750
14.940
14.890
14.800
14.200
13.970
13.770
13.560
13.380
13.120
14.510
14.540
14.260
14.240
14.210
14.010
14.210
14.210
14.480
14.550
14.570
14.600
14.930
14.640
14.190
13.860
14.350
14.340
14.070
13.870
13.790
14.100
14.160
14.190
14.060
14.030
14.000
14.500
14.590
14.520
14.690
13.690
13.380
13.170
14.380
15.030
15.180
15.650
15.740
15.460
15.350
15.110
15.260
15.630
13.690
14.000
14.010
14.700
14.650
14.390
14.150
13.260
13.440
13.620
13.270
13.320
13.500
13.060
13.110
12.750
12.210
11.490
11.380
11.690
11.530
11.490
11.430
11.760
11.800
11.910
12.040
11.860
11.540
11.650
11.660
11.380
11.690
11.610
11.620
11.500
11.830
11.860
12.210
12.090
12.150
12.080
11.950
11.830
11.750
11.680
11.780
11.540
11.610
11.680
11.530
11.650
10.760
10.820
10.400
10.210
10.190
10.690
10.610
10.240
10.210
10.160
9.900
9.870
9.610
9.490
9.380
9.560
9.660
9.680
9.520
9.500
9.540
9.250
9.150
9.200
9.350
9.330
9.120
9.080
9.200
9.220
8.980
8.750
8.700
8.740
8.700
8.350
8.150
8.040
7.980
8.090
8.150
8.200
8.270
8.200
8.240
8.200
8.060
7.990
8.000
8.020
8.060
