-0.480
0.270
-0.470
0.080
-0.290
0.380
-0.210
0.010
0.840
-0.070
-0.110
0.280
-0.100
0.370
-0.130
-0.020
-0.360
0.460
-0.110
-0.050
0.010
0.190
1.060
-0.020
-0.160
-0.930
1.200
0.360
0.560
-0.710
-1.040
0.170
-0.400
-0.150
-0.360
0.480
-0.050
0.010
0.430
0.220
0.770
-0.380
-0.190
0.040
0.050
0.140
0.090
0.300
0.380
0.310
-0.730
-0.340
0.560
-0.220
-0.040
0.280
-0.360
0.280
-0.140
-1.250
0.220
-0.300
-0.610
-0.350
0.200
-0.570
0.570
0.140
0.050
0.250
-0.400
-0.430
0.380
0.200
-0.800
0.190
-0.220
-0.360
0.140
-0.300
0.100
-0.450
0.810
0.870
0.250
0.760
0.050
0.810
-0.080
0.020
-0.510
0.050
0.360
0.660
-0.410
0.350
-0.270
0.040
0.130
0.210
0.140
0.010
-0.250
0.150
-0.140
0.010
-0.140
0.020
-0.140
0.440
0.040
-0.150
0.630
-0.610
-0.280
-0.140
-0.450
0.370
0.350
0.050
-0.070
0.070
0.440
0.180
-0.200
-0.040
0.000
0.390
-0.520
0.170
-0.540
-0.520
-0.380
0.620
0.790
-0.090
-0.260
-1.480
0.350
0.070
0.700
0.060
0.000
-0.660
0.260
-0.600
-0.080
-0.120
0.110
0.180
0.020
0.340
0.030
-0.140
0.030
-0.160
-0.140
0.680
-0.160
0.060
-0.170
-0.060
0.040
-0.370
-0.100
-0.830
0.020
-0.080
0.030
0.240
-0.310
-0.200
0.890
0.460
-0.240
0.080
-0.360
-1.510
0.020
-0.030
0.910
-0.100
-0.330
0.010
1.080
-0.020
-0.170
-0.230
-0.320
0.000
0.210
-0.240
0.180
-0.310
-1.020
0.100
0.000
-0.620
0.000
0.100
0.280
0.310
-0.730
0.760
-0.150
-0.880
-0.170
1.090
-0.970
-0.150
2.030
-0.850
0.330
1.730
0.340
-1.230
-0.180
0.120
-0.070
-0.160
0.400
-0.220
0.200
-0.160
1.480
0.010
0.630
0.430
0.640
-0.100
0.630
0.190
-0.700
-0.110
-0.760
-0.280
1.590
-0.650
0.880
0.100
-0.650
-0.640
1.910
1.430
0.060
0.090
-0.070
0.680
0.000
-0.060
0.070
-0.030
-0.330
-0.050
0.160
0.130
-0.580
-0.210
0.250
-0.190
-0.140
0.220
0.330
-1.060
-1.110
0.020
-0.070
0.620
0.460
0.150
-0.100
0.460
-0.490
0.480
-0.240
-1.770
0.580
-0.360
-0.040
0.420
0.320
-0.570
0.200
-0.210
-0.480
0.670
0.610
-0.350
-0.100
0.660
-0.700
-0.350
0.260
0.480
0.160
-0.120
0.480
0.920
0.600
-0.170
-0.260
0.630
-0.050
-0.430
-0.300
-0.120
0.570
-1.060
0.070
0.850
0.210
-2.240
0.150
-2.480
-0.480
2.300
0.410
-0.140
-0.120
0.150
0.910
-0.410
-0.420
0.860
-0.060
0.690
-0.650
0.850
-0.320
0.000
-2.130
1.330
0.350
-0.980
-0.070
1.150
0.320
-1.030
0.790
-0.620
0.180
-2.450
-0.390
-2.770
1.340
-2.910
-3.240
1.920
0.000
0.340
-0.330
2.200
1.350
-2.990
1.940
2.550
2.320
2.110
-2.270
-2.590
0.570
-2.270
-2.180
-2.180
2.490
-2.840
-3.620
-2.600
0.760
1.060
-3.000
-1.690
-0.100
-4.110
0.350
-1.420
4.330
2.200
0.080
-0.660
0.700
-0.890
-0.990
0.120
3.070
2.850
-2.400
-0.690
1.960
2.940
0.650
0.550
0.750
1.430
0.160
-0.700
-0.550
0.700
0.110
0.920
0.940
-0.020
-0.960
-1.210
-0.270
0.090
1.690
-1.060
0.390
-0.800
0.640
0.600
1.070
-0.350
0.420
0.990
-1.380
0.030
0.760
0.460
-1.100
-1.110
-0.320
1.420
0.350
0.910
-0.170
0.110
0.440
-0.650
-0.380
1.510
0.200
-0.050
0.430
0.860
0.510
0.570
-0.160
-0.350
-0.050
0.460
0.060
0.420
-0.110
0.950
-0.320
0.300
-0.200
0.340
-0.240
-0.160
0.420
0.170
-0.020
0.430
0.500
0.270
-0.070
-0.480
0.210
0.230
-0.780
0.030
-0.230
0.020
0.120
0.670
-0.280
0.100
0.480
0.310
-0.850
-0.110
-2.340
-1.060
0.770
0.720
-0.480
-0.940
0.250
0.340
1.090
-0.120
-0.070
0.940
-0.050
0.400
0.880
0.000
-1.490
0.680
0.060
-0.250
-0.540
0.040
-0.240
0.970
0.750
-0.200
0.880
-0.690
0.230
0.250
0.050
-0.240
0.340
-0.420
0.930
0.100
0.380
0.140
-0.090
0.080
-0.380
0.030
0.140
-0.050
0.200
-0.860
0.470
-0.410
0.190
-0.280
-0.680
-0.060
0.640
-0.040
-0.120
-0.090
0.200
0.080
-0.510
-0.390
-0.230
-0.200
0.240
1.000
0.430
-0.180
0.030
-0.150
-0.270
0.120
0.110
0.660
0.440
0.510
0.120
0.120
-0.340
0.110
0.070
0.060
-0.850
0.170
0.190
-0.130
-0.130
0.080
0.150
0.080
0.100
0.340
0.020
0.380
-0.160
0.090
-0.230
-0.310
-0.800
0.340
-0.180
0.000
0.320
0.330
-0.510
0.130
0.190
0.320
-0.140
-0.360
0.100
-0.110
0.250
-0.060
0.510
-0.140
0.110
0.620
0.120
0.180
-0.270
-0.030
0.350
0.070
-0.230
0.380
-0.010
0.230
-0.170
-0.170
-0.590
0.250
