371178.56
265443.66
277265.97
793910.94
323621.78
190907.59
176222.41
219699.55
392020.59
282109.19
351810.41
422507.12
316638.72
230879.81
216861.97
364559.47
330607.97
263064.41
219707.38
332472.72
252652.77
381336.00
201607.98
153714.47
177332.19
391202.41
146698.78
316389.22
211748.66
232059.38
386492.19
213124.02
151830.91
193420.12
320360.00
222372.80
273653.66
362480.12
208568.20
177847.55
174616.62
307988.72
274442.62
240892.17
220154.09
139204.45
182755.66
185594.31
485458.50
421291.34
224734.62
208300.95
240263.98
169888.31
192536.88
150784.14
203909.12
426956.59
264895.03
298670.25
138712.52
195042.73
261765.97
271398.03
134890.17
183373.56
170340.09
161095.94
233515.45
371784.50
150246.19
223998.91
192878.03
148115.09
300101.94
224125.16
129642.99
262594.78
138220.77
244243.09
186570.41
101297.75
118382.60
139265.31
163655.06
109274.74
282887.12
154730.31
163560.86
134527.66
169390.58
141224.58
174134.77
378286.44
210602.77
117975.25
250048.06
112799.11
162083.23
191263.95
157288.20
127226.39
175606.28
114783.52
160810.77
218202.55
228502.81
156812.80
173870.38
209570.05
368595.00
283192.62
190328.09
447491.75
155782.06
127518.80
264894.88
142522.19
171796.83
257469.59
305876.47
440360.62
511898.47
429664.16
159594.80
227414.48
222298.95
333002.59
281760.41
299654.44
323109.78
549275.25
140575.58
250236.34
184015.36
106167.57
93114.82
231989.45
132226.09
76583.53
123573.02
154492.62
229276.55
144860.45
180404.33
240001.20
374566.34
245413.28
204563.56
377085.34
181577.48
295963.72
125173.25
76122.83
94263.26
136276.39
199644.19
124328.54
108844.33
106498.96
167879.52
126322.81
91409.48
103886.63
114602.91
162597.33
90212.77
80293.79
140738.41
126867.09
109948.00
131777.48
207870.27
141636.12
99669.59
94674.48
126044.36
104909.53
100890.21
120555.00
161811.88
359958.22
76934.89
95394.46
86539.32
160175.80
177520.12
154348.77
271240.34
146029.30
210309.97
192390.31
204093.16
262452.34
371499.44
281901.78
350505.34
1162062.25
1007508.69
264379.94
231730.58
105210.34
152453.12
152417.55
158174.08
173084.23
204916.69
588191.94
129473.32
126119.44
128539.10
163834.08
122343.79
190270.91
302887.38
145126.30
193552.45
189568.34
174570.45
118063.02
88152.92
125233.56
168798.31
84541.62
135139.30
129113.85
151150.02
359258.91
140287.94
126727.66
170777.81
167079.59
129128.17
234825.52
317666.25
151939.91
187455.14
331081.28
174909.31
169516.64
124861.30
180504.98
106049.51
130494.26
172731.00
97752.20
106506.87
113973.41
182292.11
203080.61
152092.88
137407.98
144512.98
325600.19
126458.19
123810.68
120767.14
157092.09
143415.52
158369.22
138227.34
113918.17
137002.64
226465.19
236947.19
236299.56
315222.72
298866.19
159830.92
151139.91
117681.42
394728.25
153200.73
92632.14
56846.36
78901.69
65918.35
77636.24
62721.01
66143.87
75124.67
44778.05
107189.75
159413.62
100207.18
117615.85
154664.88
75082.16
116607.83
91248.40
84526.83
79100.72
122541.91
127017.18
214509.86
95150.34
119342.34
116555.80
107975.47
155395.14
118606.52
141714.70
163216.92
159761.45
218224.72
214229.81
99192.30
104584.03
134259.17
102540.52
130194.26
125653.00
140677.91
151742.30
224418.20
297357.25
272257.69
190267.88
182698.62
91543.12
192828.39
117167.15
95359.12
140050.53
126482.36
162492.81
307221.28
214684.11
238258.20
160545.02
188116.20
137036.20
254856.44
157811.84
213396.45
211292.31
109578.64
146596.89
138506.16
146030.94
118583.92
65903.74
129814.40
70037.62
92932.69
108439.72
143887.69
187573.56
200977.81
212631.28
135888.72
155671.59
157349.25
132179.30
158110.80
149472.16
217649.97
211591.48
171045.41
181823.98
236705.00
238530.95
53581.95
182436.83
278516.81
176952.52
132899.34
189155.47
156044.67
265201.19
256344.38
329487.16
191492.27
269732.28
330680.94
294596.41
445278.50
650857.69
139822.52
111196.77
175531.05
268994.16
208088.30
227812.34
182291.64
292080.75
214190.17
200881.09
178405.92
295132.53
315279.19
361053.81
318756.88
417790.97
307756.56
540184.06
648583.75
183375.81
437413.78
413605.94
311764.44
314628.53
384633.34
340586.34
327535.50
471629.88
311242.03
191329.84
137240.97
211453.72
173268.05
151702.30
234076.50
187129.88
185394.31
197231.92
193655.31
354924.66
255323.06
312682.75
247161.81
204300.70
171214.45
190053.81
556029.88
396778.31
210103.16
81233.75
130344.76
90069.65
158881.09
179584.00
179754.16
201841.56
188586.19
181301.31
316595.66
272926.47
166928.80
390647.28
132003.02
165029.34
321690.38
246329.16
278198.47
449545.69
461900.31
327889.44
496594.19
431139.66
617311.75
822293.06
689291.50
403872.75
355915.12
498444.41
597832.88
459309.72
707173.88
327498.78
378873.75
562853.75
544434.06
348574.25
249223.84
362727.06
601895.12
726193.69
444984.34
466424.84
596116.31
814980.81
661617.19
791991.81
665190.38
696363.25
865585.50
906166.75
661121.50
669464.88
932459.38
79840.53
62278.75
966005.31
1183057.75
905601.31
890786.44
1158317.88
1217328.00
1335141.88
624754.81
871520.38
1083351.00
1055376.50
974233.75
959875.62
1198607.25
1914296.38
1268859.38
1221603.00
1038826.81
864304.25
1209876.25
995020.81
524248.94
541161.25
646076.00
898246.69
711511.88
1064031.88
1336914.25
876131.88
1208398.62
1257839.00
831841.38
900865.25
430116.97
383385.12
757600.00
629905.81
871090.06
973656.31
830541.19
877020.31
866184.69
843329.75
508276.34
903225.12
1143949.00
684563.75
503795.19
738179.62
1124563.00
1034963.56
641438.62
992206.88
1683387.75
1529503.62
692470.19
425109.78
579415.81
724691.38
873696.94
519620.12
445640.94
555824.81
795618.00
751076.75
424073.38
267795.31
375216.62
509204.72
522528.38
345300.16
670437.31
429264.69
394576.38
981691.94
1006399.25
430116.56
297237.62
526822.00
310698.72
381445.31
493072.97
570894.19
660797.75
970212.25
418352.56
553587.81
724604.75
692221.00
963107.94
790582.50
452455.12
637524.44
600446.19
614510.88
737066.50
864226.44
869077.06
815835.12
733257.56
902906.00
809841.19
795474.25
675118.06
1501729.00
1322166.25
1072252.38
464184.06
736456.69
1153347.62
554570.94
254241.61
314219.62
558792.06
325067.44
260080.52
318200.22
243134.12
398633.59
350144.50
484127.47
641673.56
458582.25
620197.38
420423.34
558383.12
831229.94
940394.75
452071.72
449255.53
624008.44
467299.00
400464.31
470207.97
279825.62
274077.22
284367.91
432352.41
331184.88
205647.62
276161.81
166721.36
201083.19
126171.72
117708.73
192883.34
161879.16
394434.34
173327.62
307616.22
238623.27
218760.98
272241.69
295207.53
367316.97
475906.47
606386.12
470799.00
298652.50
416068.25
268572.69
171176.66
246454.61
240269.05
216764.72
345496.28
306489.78
265907.59
233871.23
288318.47
406174.69
643493.56
589473.38
474048.69
185221.38
292469.78
302531.59
294609.72
370679.09
243451.70
262537.62
293238.47
379055.72
341036.06
197073.86
337379.31
337416.91
343697.62
347431.41
316343.94
437036.09
441616.00
234514.34
261561.34
166124.02
167493.80
289690.56
199686.50
351576.41
632076.25
327458.62
390685.56
409539.09
322265.72
432955.19
798188.00
395013.06
277761.09
498495.19
604169.62
391089.00
466085.53
501321.22
463429.53
320233.19
347849.59
187623.97
102925.14
113549.63
143696.89
139678.16
158173.11
206641.95
290970.41
360129.84
303231.56
313746.53
