8.510
8.530
8.580
8.450
8.460
8.570
8.480
8.440
8.280
8.380
8.650
8.630
8.500
8.420
8.450
8.460
8.570
8.360
8.300
8.420
8.470
8.320
8.530
8.600
8.410
8.270
8.230
8.150
8.080
7.900
8.550
8.150
8.130
8.060
8.010
7.880
7.860
7.700
7.750
8.090
8.010
8.250
8.480
8.490
8.500
8.460
8.360
8.330
8.410
8.460
8.780
8.700
8.630
8.830
8.900
9.000
9.450
9.380
9.480
9.430
9.490
9.440
9.480
9.250
9.260
9.770
9.800
10.000
10.120
10.110
10.000
9.900
10.050
9.810
9.850
9.780
9.850
9.810
9.800
9.900
9.910
10.000
10.060
10.000
9.840
9.840
9.750
9.700
9.930
9.790
9.900
9.930
9.900
9.710
9.780
9.420
9.590
9.580
9.560
9.510
9.450
9.380
9.340
9.260
9.200
9.160
9.120
9.190
8.950
8.750
8.900
8.960
8.850
9.070
9.950
9.740
9.540
9.500
9.500
9.580
9.460
9.390
9.790
9.640
9.500
9.490
9.400
9.370
9.130
9.310
9.340
10.230
9.910
10.060
9.650
9.580
9.650
9.910
9.700
9.620
9.800
9.810
9.770
10.000
10.000
9.910
10.000
10.190
10.070
10.150
9.900
9.900
10.000
9.960
9.800
9.800
9.770
9.880
9.650
9.640
9.480
9.400
9.590
9.560
9.520
9.540
9.500
9.640
9.620
9.440
9.340
9.400
9.400
9.520
9.370
9.320
9.190
9.080
9.050
8.950
8.810
9.190
9.260
9.280
9.220
9.260
9.150
9.070
9.270
9.330
9.720
9.560
9.590
9.370
9.470
9.280
9.570
9.500
9.670
9.590
9.970
9.650
8.810
8.950
9.100
8.980
8.670
8.480
8.390
8.270
8.170
8.300
8.380
8.240
8.180
8.300
8.220
8.200
8.140
8.300
8.250
8.210
8.500
8.370
8.410
8.480
8.470
8.440
8.360
8.510
8.570
8.480
8.450
8.650
9.340
8.460
8.440
8.180
7.920
7.950
7.980
7.810
7.570
7.660
7.710
7.820
7.650
7.950
7.990
7.580
7.410
7.980
8.130
8.950
9.200
9.090
8.600
8.450
8.530
8.350
8.050
7.800
8.420
8.350
8.170
8.100
7.980
7.430
7.710
7.760
8.430
8.250
8.030
8.160
8.350
8.030
7.610
8.370
7.910
9.000
9.100
9.410
9.780
10.200
10.200
9.280
11.030
11.620
11.190
11.130
11.270
11.450
11.240
11.590
11.780
11.840
11.180
10.900
10.650
10.890
10.100
10.100
10.070
9.890
9.740
9.630
9.800
9.660
10.000
9.830
9.350
9.630
9.710
9.490
9.420
9.520
9.450
9.180
9.360
9.590
9.100
9.360
9.800
9.660
9.250
9.080
8.950
9.040
8.630
8.560
8.710
8.620
8.580
8.380
8.390
8.450
8.140
7.940
8.730
8.800
8.660
8.380
7.740
7.820
7.700
7.450
7.260
7.250
6.970
7.000
6.950
7.290
7.330
7.340
7.260
6.900
6.770
6.880
6.390
6.610
7.500
7.790
7.210
7.180
6.610
6.600
6.350
7.220
7.600
7.290
6.900
7.020
7.010
7.840
9.290
10.000
9.450
11.460
10.380
10.600
9.580
9.550
9.650
9.300
8.780
8.670
8.900
8.480
8.580
8.900
9.210
9.230
8.400
9.490
9.750
9.490
9.450
9.400
8.650
8.030
7.350
8.280
8.400
8.110
7.310
5.900
6.220
7.400
9.300
9.100
10.580
11.210
10.500
11.900
12.280
13.080
12.690
12.400
13.220
14.600
14.500
15.350
15.990
15.820
15.000
14.800
13.990
13.290
12.900
14.210
13.610
13.440
12.370
12.310
11.800
11.930
11.830
11.600
12.090
12.230
11.630
11.500
11.400
11.000
10.090
10.200
10.200
10.200
10.570
9.990
10.400
10.350
10.280
10.300
10.220
9.810
10.180
10.290
10.000
10.060
9.920
9.560
9.380
9.670
10.040
9.710
9.490
9.450
9.330
9.360
9.020
8.840
8.790
8.770
8.970
8.940
8.550
8.510
8.410
8.350
8.290
7.970
8.090
8.200
7.990
7.800
8.170
8.150
8.070
8.070
7.950
7.980
7.760
7.940
7.990
7.870
7.730
7.660
7.630
7.620
7.500
7.750
8.010
8.080
8.300
7.720
8.120
7.830
8.350
7.710
6.870
6.950
6.920
6.810
6.590
6.820
6.880
6.790
6.820
6.790
7.010
7.300
7.460
7.140
7.200
7.100
7.180
7.330
7.050
6.810
6.780
6.580
6.500
6.700
6.840
6.920
7.040
7.060
6.970
6.980
6.740
6.640
6.830
6.870
7.170
7.140
7.090
7.020
7.090
7.100
7.080
7.080
7.000
6.980
6.870
6.910
6.820
6.820
6.740
6.780
6.860
6.790
7.140
6.970
6.970
7.080
7.040
7.100
6.950
6.910
6.940
6.860
6.670
6.600
6.490
6.660
6.790
6.960
6.920
7.030
7.120
6.980
6.980
7.100
7.220
7.230
7.120
7.020
7.110
7.100
7.170
6.830
6.720
6.850
6.840
6.820
6.710
6.930
6.630
6.520
6.590
6.510
6.450
6.440
6.380
6.400
6.360
6.280
6.100
6.160
6.070
6.270
6.270
6.270
6.280
6.240
6.250
6.180
6.120
6.190
6.240
6.230
6.130
6.070
6.110
6.070
6.070
5.950
6.010
5.950
5.960
5.940
5.880
5.770
5.760
5.800
5.790
5.980
5.930
5.920
5.820
5.810
5.740
5.700
5.670
5.740
5.740
