28.300
27.870
26.820
26.920
27.000
27.200
27.970
26.900
26.980
27.270
26.780
27.090
27.130
27.180
27.290
27.290
27.710
27.680
28.470
29.190
27.890
27.630
27.500
27.390
28.000
29.400
29.280
28.950
28.450
26.560
26.500
26.790
27.350
27.710
27.510
27.790
26.930
28.150
28.480
28.950
30.500
30.480
30.490
29.660
28.480
27.670
26.900
27.160
27.650
30.690
31.500
31.340
31.500
32.250
31.190
30.960
31.050
31.300
31.100
31.490
32.350
32.350
32.230
32.160
33.200
34.220
34.780
35.290
35.610
34.110
35.800
36.590
38.410
40.680
37.000
36.910
37.990
37.200
37.410
37.650
36.940
36.620
36.650
37.190
38.000
38.120
38.300
36.450
35.760
35.960
35.780
35.390
35.150
35.760
36.570
36.550
37.250
38.240
38.250
39.080
39.510
39.510
38.390
39.490
39.570
38.300
38.350
37.960
36.790
37.680
37.880
37.880
37.750
35.500
37.280
38.000
41.000
39.050
39.000
39.500
38.450
39.000
36.900
34.300
33.260
33.500
32.390
32.470
32.550
32.250
32.150
31.830
31.590
31.330
31.300
31.110
31.190
31.150
30.900
31.630
31.910
32.120
32.800
33.000
33.300
33.500
32.240
32.100
34.400
32.960
31.810
32.580
32.990
30.450
31.050
29.420
29.850
30.560
33.950
31.160
32.000
31.530
31.800
31.400
32.120
32.300
29.650
28.680
28.250
28.580
28.800
28.500
28.500
28.400
28.390
28.350
28.600
28.190
27.950
27.980
28.260
28.050
28.280
28.470
29.860
27.930
27.850
28.300
28.070
28.650
28.650
28.700
28.660
28.560
28.180
27.950
28.110
28.600
28.800
28.280
28.250
28.550
28.380
28.730
28.510
28.290
28.260
28.280
28.650
29.020
28.770
28.050
27.450
27.110
26.920
27.310
27.960
28.470
28.620
28.630
28.010
28.990
29.050
29.610
30.000
31.780
31.950
32.500
32.100
31.900
32.200
33.760
34.500
32.780
32.390
32.950
32.380
32.490
32.300
32.480
30.970
31.490
31.300
31.050
30.360
30.870
30.570
31.240
32.890
32.650
32.490
32.590
32.750
32.930
33.000
32.300
30.780
30.270
30.300
29.600
29.830
29.970
30.300
30.730
31.170
32.000
30.820
30.020
30.790
31.440
35.960
36.860
33.860
31.000
31.300
31.860
32.000
31.900
30.970
32.030
31.990
30.660
30.300
30.450
29.200
26.770
27.780
29.700
30.630
29.390
30.180
30.290
30.000
27.780
26.500
26.440
27.200
28.950
30.980
31.500
31.500
32.000
31.490
34.700
36.070
36.150
35.880
38.000
39.400
42.100
38.800
37.180
36.520
38.150
37.000
34.180
31.750
31.370
30.650
30.980
32.380
33.180
33.550
33.330
32.500
32.500
31.320
30.550
30.680
31.430
30.980
30.940
30.550
29.490
30.770
31.270
32.800
31.580
32.260
32.990
32.750
31.800
31.500
31.200
32.000
32.320
31.010
33.800
35.090
36.000
36.800
37.100
36.830
33.480
31.010
28.850
26.500
26.450
24.460
22.250
20.300
20.090
20.190
19.100
19.500
18.880
19.450
18.090
17.660
17.730
17.850
17.100
16.250
16.260
17.200
18.270
17.490
20.330
20.600
20.480
20.000
18.790
17.900
18.860
20.400
22.500
22.600
21.050
20.980
21.620
25.000
27.800
30.670
30.620
31.780
30.730
28.200
27.480
28.300
30.640
30.730
32.140
29.980
33.310
37.860
37.800
35.420
32.800
31.770
31.650
31.730
30.950
28.300
28.280
27.750
28.390
28.380
27.490
27.750
27.200
26.970
27.450
28.300
28.690
28.700
29.300
29.800
31.510
32.130
31.990
33.970
31.350
29.660
28.580
26.200
25.500
27.880
26.650
24.980
25.010
24.300
23.670
22.000
22.500
22.470
22.170
21.800
21.580
20.500
20.500
19.800
20.210
20.370
20.370
20.440
20.490
20.240
20.320
20.350
20.350
20.680
20.230
20.300
18.810
18.760
18.750
18.800
17.110
17.200
17.240
16.590
16.520
16.270
16.010
16.340
16.440
16.680
16.780
16.390
16.280
16.500
15.950
15.440
14.090
13.930
14.010
14.060
14.110
14.100
14.040
13.350
13.400
13.340
13.250
12.990
12.950
12.540
13.250
13.270
13.330
13.370
13.450
13.480
13.200
13.100
13.150
13.380
13.610
14.590
14.760
15.010
15.270
15.220
15.350
15.890
15.200
15.040
14.840
14.620
14.600
14.680
14.650
14.730
14.650
15.020
15.200
15.730
15.900
16.800
16.750
16.600
16.630
16.650
16.600
16.960
17.300
16.350
15.680
17.000
17.170
17.030
17.290
17.800
18.690
18.060
16.420
15.050
15.060
15.160
15.290
15.160
15.160
15.600
15.600
15.110
15.080
15.150
15.330
15.340
15.070
14.990
15.070
15.100
15.980
15.070
13.790
13.770
13.950
14.080
14.650
14.790
14.700
14.640
14.750
14.670
14.570
14.430
14.500
14.590
14.740
14.800
14.800
14.800
15.520
16.020
16.540
15.040
13.670
