68126.99
130720.09
37677.94
46955.07
30543.10
31875.60
26029.89
47162.33
60720.04
62803.29
82391.95
118608.15
40886.37
43432.39
34108.28
37871.60
19692.87
34156.63
52543.00
26276.18
31497.32
47986.63
37665.71
38086.58
56990.38
53589.70
36901.28
33410.53
31897.99
56234.48
48944.14
69170.38
27359.93
33530.35
53414.26
44183.69
32561.83
38185.24
55678.68
77793.19
29829.63
35642.08
46562.22
44685.72
33164.04
55452.28
32033.21
52561.78
41810.25
45419.32
56732.13
51463.72
42886.57
65042.63
102601.64
47034.19
33284.11
31438.51
42032.71
44648.01
66181.82
30580.42
36265.05
48160.86
36454.18
95532.44
49708.94
39224.71
62375.05
84548.64
52321.86
37767.47
41088.75
32034.76
58369.46
76762.02
63437.86
65039.34
54711.84
49741.64
64952.11
69549.42
63258.70
61774.49
65146.34
65847.90
56399.91
63249.91
77788.98
59087.91
110857.72
105657.22
283116.75
109207.89
74062.01
75646.92
102632.38
105731.91
110747.38
88775.96
51859.57
28945.41
33464.26
44514.35
11256.71
21023.92
31520.27
17964.09
33721.47
41088.41
30891.00
40793.85
69514.75
57665.00
24370.88
30543.56
54863.25
79728.64
74052.15
46918.11
49601.74
38302.08
58027.38
38630.18
22906.00
38724.11
40782.56
45330.82
32716.17
41944.91
48605.43
43743.11
29523.00
37538.86
53795.03
57772.78
30774.61
82241.16
37002.24
24923.26
32666.15
38753.21
36238.13
62672.86
114277.86
53163.06
61514.34
80495.11
54097.27
60230.78
106525.03
73467.60
55376.64
53613.48
78816.54
93921.75
87486.10
87223.09
59623.00
57801.39
76620.32
118679.60
67485.53
86920.97
33052.40
27350.03
32337.69
30075.18
26832.00
31107.94
73131.50
49940.81
41882.32
67005.50
41776.57
46106.92
86272.27
94427.06
75023.25
128267.12
75931.27
47545.11
58883.18
15277.78
28080.93
20294.29
70586.73
44193.40
54855.32
122518.13
117963.17
165713.41
75592.82
39459.76
34520.93
63917.98
37956.33
32383.04
65838.05
71374.90
61071.31
48121.54
68428.69
54034.06
95992.85
42714.46
62050.90
41374.73
56222.92
45853.21
45963.50
49222.67
137334.12
123713.45
63279.75
99484.07
47673.78
89151.88
65130.36
73061.47
76734.48
155010.55
166570.19
253132.47
103829.78
61339.53
108286.62
148161.62
160535.91
50323.18
95273.53
76098.92
128041.62
231137.39
87644.77
93248.58
162342.33
78999.87
120508.81
221392.83
189227.34
84834.18
149476.44
82307.40
132513.39
150541.81
181245.59
123230.61
92259.25
164021.66
141884.81
133051.61
49693.95
92943.62
75471.00
102747.19
86573.13
96298.44
101681.08
123068.77
138149.02
101379.15
83566.35
101893.11
148563.59
165141.34
172104.88
174008.98
87341.00
84732.69
94485.70
149953.48
127454.82
108802.60
144110.06
114913.96
133499.14
214041.98
206334.17
233742.23
200167.02
210753.44
110413.35
227793.44
378189.16
364921.50
402846.84
351164.62
291447.72
481767.41
238944.34
203315.91
392174.03
66894.02
103994.57
99157.21
137405.16
229321.48
122934.38
109777.27
70655.09
76323.39
110619.87
41520.75
46760.09
58660.98
121511.97
121951.48
108185.10
107052.30
131212.98
98353.01
104601.87
108678.07
133018.44
115800.13
129330.06
93223.35
82868.15
131943.20
106984.26
112463.84
72545.05
93037.64
144692.56
93605.22
74430.90
58612.67
79072.63
82323.39
149659.36
85519.71
87814.28
91401.92
166384.05
113343.26
110486.37
122736.77
152514.59
147759.73
119316.81
145574.84
180977.86
200715.77
30774.00
143548.92
163568.31
117346.52
118381.16
125376.15
97744.39
185390.12
180839.00
149347.88
256688.75
315914.12
202051.48
165307.03
258774.56
118649.66
145858.16
110405.23
86096.89
131605.42
136861.03
163088.38
148797.55
147009.77
137094.36
125502.98
159938.06
224374.34
327443.56
206237.72
225651.84
267442.81
241118.77
253769.16
185924.78
286250.38
359020.94
354925.78
651654.94
892890.88
656551.50
486999.84
264141.59
266082.22
300420.75
286559.28
98063.09
146117.86
187546.97
153047.81
254282.19
255742.94
397226.16
615648.25
286589.81
440795.41
252131.28
295184.91
269961.50
236966.06
258938.19
219257.61
283114.34
211227.17
224069.45
113164.76
75560.37
100883.32
155347.67
140443.62
163669.27
202578.94
178298.66
138888.88
228869.06
217550.77
231234.61
254307.02
249274.94
170346.80
302850.81
199994.25
173258.73
243602.52
214909.09
198507.23
301617.62
238595.59
294534.66
194501.33
207017.08
207861.69
217027.19
306042.47
414165.25
467415.91
645670.75
328032.53
278647.25
483236.09
418441.16
276748.59
222905.03
388005.53
367471.09
308720.19
205617.09
330143.44
411691.66
435606.06
352437.72
577113.56
465991.84
446200.47
466604.44
342281.09
284791.81
351251.69
428317.41
663691.94
625627.50
560842.00
865060.00
9111.00
79619.00
491152.94
395724.56
498901.91
621928.62
534799.94
563043.69
523952.09
502391.22
523014.28
264675.38
234113.09
214089.05
274844.91
369463.28
356764.41
345170.22
365616.25
315546.38
301781.28
545154.75
690379.38
525924.62
626193.44
607354.94
618905.25
682916.69
749061.00
752242.00
661102.06
564638.69
444742.88
403253.44
654272.06
716205.56
438696.44
384198.22
611747.94
394467.12
382978.84
328500.88
224143.70
227320.50
281377.12
329561.88
558148.81
512950.59
245631.89
507728.81
582033.94
400589.78
389593.12
517573.78
488843.97
706970.75
817051.62
658511.62
682060.62
907967.69
510870.62
311350.28
307124.84
381174.53
461929.56
481631.16
368633.53
225505.83
295552.91
266729.75
188573.73
238257.20
294702.22
528722.25
392523.75
327615.69
253466.94
267068.06
342078.41
411592.53
203643.52
180806.16
202251.80
131699.48
218012.69
259897.59
364311.25
246341.84
326792.72
292302.56
115340.39
244556.02
190131.25
274004.22
341386.81
383590.66
401604.50
356601.59
225452.91
239180.03
381040.91
593144.25
375161.38
291902.47
125970.37
131832.77
126826.60
313377.41
332567.50
383722.84
166420.77
135132.50
149936.09
155203.66
113648.29
74176.92
79646.20
62845.16
58913.74
114906.68
85750.13
114524.29
73035.10
180278.77
173055.50
99546.42
87290.03
117266.73
119221.49
70373.13
87010.71
146237.00
183807.12
135127.62
178508.81
153816.83
169444.19
147097.56
244604.53
156317.17
145070.39
460943.31
227838.48
266539.03
223108.61
181645.84
294685.38
216936.67
262703.12
232803.34
301263.03
222871.19
237464.81
67665.03
84537.97
70547.65
59129.93
72935.51
125283.07
117801.01
91005.76
193507.69
98543.49
146620.03
93250.13
79523.19
218263.70
200015.89
377861.38
209377.95
162078.86
111725.20
77768.72
72838.39
132751.22
149980.53
174757.41
159598.58
301608.44
325927.81
299581.66
329841.09
184227.66
311169.47
195285.45
184305.41
126040.31
212969.44
251781.41
367932.78
617892.31
181958.31
172555.69
235245.56
91671.22
143190.55
207599.30
129946.99
146155.69
227746.48
230294.27
186955.66
176314.80
140510.66
162761.95
200377.42
142229.95
112540.94
180235.72
248337.89
504406.34
284881.53
218163.83
233805.19
480735.09
104608.42
146387.56
64738.90
101704.96
89730.03
114607.77
110285.12
186374.39
189251.84
76745.70
84903.81
102652.52
223335.95
93074.93
120966.26
101051.67
102033.09
82665.75
77853.21
79673.10
73867.38
80601.07
90793.71
93009.33
150016.02
99212.72
87886.76
206976.73
56651.48
86951.62
76880.11
