8.560
8.050
8.050
7.960
7.920
7.990
7.750
7.900
7.940
7.860
7.920
8.110
8.050
8.120
7.970
8.160
8.140
8.300
8.180
8.470
8.620
8.430
8.250
8.390
8.480
8.200
8.160
8.230
7.890
7.660
6.960
7.660
7.760
7.700
7.800
7.880
7.490
7.570
7.720
7.560
7.480
6.800
6.860
6.950
7.080
7.110
7.160
7.140
7.160
6.880
6.860
7.220
7.240
7.310
7.520
7.670
7.930
8.080
8.140
8.080
8.060
8.270
8.250
8.290
8.120
8.180
8.180
8.300
8.350
8.410
8.390
8.520
8.740
8.820
8.760
8.970
8.970
8.660
8.740
8.770
8.910
8.950
9.030
8.720
8.720
8.500
8.560
8.590
8.480
8.560
8.520
8.610
8.590
8.570
8.540
8.660
8.640
8.430
8.440
8.420
8.490
8.360
8.280
8.290
8.260
8.180
8.180
8.170
8.370
8.240
8.100
8.140
8.200
8.150
8.900
9.120
9.300
9.370
9.510
9.360
9.270
9.180
9.120
8.990
9.020
9.060
9.170
9.130
9.050
9.110
9.130
9.080
9.050
9.140
8.980
8.920
9.040
9.130
9.640
9.530
9.660
9.580
9.410
9.420
9.690
9.670
9.620
9.910
9.900
10.080
10.270
10.360
10.300
10.300
10.340
10.520
10.740
10.540
10.590
10.610
10.550
10.200
10.200
9.970
9.990
9.960
10.140
10.140
10.020
10.230
10.350
10.230
10.190
10.180
10.460
9.520
9.510
9.300
9.460
9.590
9.550
9.590
9.480
9.240
9.230
9.300
9.310
9.120
9.620
9.770
9.780
9.830
9.800
9.640
9.920
10.050
10.830
10.980
10.970
11.140
10.990
10.880
11.000
11.050
11.260
11.080
10.870
10.910
11.270
11.120
11.130
11.570
11.700
11.480
11.530
11.480
11.300
11.240
11.410
11.330
11.240
11.160
11.440
11.110
11.160
11.000
11.580
12.240
12.500
13.800
13.790
13.280
12.470
12.680
12.600
11.870
12.200
12.530
12.390
11.900
12.040
12.270
12.510
11.990
11.770
11.790
11.560
11.810
12.350
12.390
12.300
11.940
12.340
12.600
12.360
13.100
12.650
12.820
12.340
11.620
11.450
12.400
12.910
12.910
13.050
13.430
12.680
12.620
12.030
12.270
11.440
11.090
10.540
10.950
10.690
10.880
10.370
10.240
10.820
10.550
10.620
9.650
10.090
9.920
10.230
9.300
8.890
8.080
7.800
7.820
7.990
8.190
7.930
8.050
7.880
7.970
8.520
8.430
9.010
9.260
8.890
8.080
7.890
7.420
7.140
7.280
7.320
7.070
7.060
7.280
7.660
7.620
7.060
7.450
7.270
6.800
6.600
7.330
7.590
8.420
7.980
8.180
8.050
8.350
7.920
7.890
7.180
7.290
7.180
7.000
6.990
6.740
7.190
7.000
7.790
7.810
7.810
7.090
7.030
7.390
7.550
7.280
7.110
7.710
7.530
7.650
7.590
8.410
8.500
9.450
9.150
9.760
10.850
11.310
11.720
11.510
11.920
12.620
12.480
12.190
11.080
11.120
10.950
11.350
11.500
11.190
11.440
11.700
11.540
11.240
11.280
10.830
11.020
10.490
11.270
12.510
12.330
11.720
12.050
12.690
13.700
13.820
12.990
12.620
12.090
12.510
12.520
11.800
11.440
11.660
11.210
10.200
10.980
9.990
10.390
9.610
10.670
11.840
12.410
11.870
11.620
10.970
10.670
9.660
10.320
11.460
12.350
11.230
10.210
9.280
10.310
11.450
12.720
14.130
15.530
15.800
17.560
19.510
21.180
19.880
19.690
20.350
20.450
19.930
20.980
22.570
21.050
21.700
21.390
22.040
23.070
23.180
23.190
21.080
19.160
18.440
17.950
19.520
19.790
18.980
18.050
17.880
17.950
18.160
17.450
17.950
17.950
17.590
17.490
17.190
16.870
15.340
15.890
15.380
13.980
14.290
14.420
14.240
14.960
13.930
13.520
13.520
13.140
12.790
13.770
14.760
14.600
15.080
15.420
14.360
14.010
14.200
14.470
13.960
13.850
14.020
13.770
14.060
14.030
13.450
13.040
13.050
12.160
12.290
12.340
12.100
12.100
11.770
11.690
11.460
11.500
11.330
11.120
11.090
11.220
10.920
10.990
11.160
11.070
10.590
10.290
10.290
10.470
9.520
9.480
9.190
9.180
9.220
9.990
9.480
8.940
8.770
8.530
8.840
8.800
8.670
8.730
8.460
8.700
8.840
8.730
8.750
8.420
8.310
8.340
8.130
8.420
8.640
8.510
8.470
8.680
9.640
9.950
9.910
10.200
10.150
10.350
10.200
10.080
9.860
10.000
9.990
10.500
10.550
10.370
10.390
10.590
10.870
11.210
10.960
11.020
10.960
10.520
10.510
9.990
9.980
9.950
10.280
10.290
10.190
10.710
10.290
10.540
10.350
10.460
10.880
10.940
11.440
11.640
11.130
11.140
11.170
10.760
11.950
11.820
12.140
11.260
10.530
10.860
10.400
10.380
10.770
10.880
10.570
10.590
10.260
10.210
10.490
10.330
9.970
9.410
9.280
9.230
9.110
9.110
9.470
9.200
8.820
9.080
9.040
8.790
8.860
8.990
8.970
8.990
8.810
8.500
8.600
8.540
8.710
9.100
9.050
9.230
9.280
8.870
8.770
8.450
8.480
8.110
8.130
7.940
7.770
7.920
7.960
8.080
7.910
8.170
8.130
8.280
8.180
8.110
7.900
8.050
7.990
7.810
7.880
7.860
7.630
7.610
7.810
7.100
6.980
7.050
7.180
