5.660
5.680
5.660
5.670
5.650
5.670
5.690
5.770
5.790
5.650
5.670
5.700
5.670
5.680
5.620
5.630
5.600
5.620
5.530
5.640
5.680
5.680
5.580
5.570
5.560
6.020
6.170
6.170
6.190
6.140
6.130
6.130
6.110
6.160
6.180
6.210
6.180
6.170
6.180
6.160
6.180
6.240
6.160
6.150
6.150
6.140
6.180
6.180
6.190
6.200
6.290
6.260
6.200
6.190
6.180
6.240
6.340
6.410
6.310
6.310
6.210
6.250
6.210
6.230
6.150
6.130
6.230
6.270
6.330
6.310
6.280
6.260
6.320
6.370
6.350
6.450
6.400
6.440
6.510
6.470
6.470
6.440
6.500
6.360
6.350
6.360
6.450
6.350
6.350
6.420
6.390
6.470
6.510
6.460
6.400
6.450
6.300
6.280
6.340
6.310
6.280
6.270
6.200
6.250
6.230
6.220
6.250
6.210
6.220
6.170
6.110
6.160
6.190
6.230
6.110
6.100
6.220
6.240
6.300
6.180
6.230
6.210
6.230
6.120
6.060
6.060
6.050
6.120
6.090
6.200
6.230
6.190
6.260
6.300
6.310
6.290
6.360
6.400
6.560
6.560
6.620
6.570
6.610
6.610
6.780
6.720
7.000
6.950
7.050
6.710
6.750
6.700
6.660
6.620
6.710
6.700
6.710
6.730
6.680
6.610
6.530
6.630
6.540
6.570
6.650
6.580
6.690
6.610
6.710
6.750
6.830
6.750
6.780
6.670
6.730
6.760
6.790
6.670
6.750
6.860
6.770
6.850
6.640
6.480
6.450
6.450
6.370
6.320
6.520
6.630
6.490
6.460
6.570
6.550
6.560
6.600
6.720
6.820
6.940
7.090
6.940
6.900
6.840
6.920
6.930
6.850
6.750
6.830
7.160
7.160
7.190
7.940
7.250
7.270
7.160
6.590
5.980
5.940
5.860
5.930
5.940
5.890
5.940
5.970
5.790
5.680
5.820
5.850
5.690
5.890
5.840
5.830
5.940
5.930
5.980
5.970
6.040
6.080
6.160
6.110
5.950
5.970
6.000
6.040
6.100
6.040
5.900
5.880
5.950
5.810
5.730
5.640
5.910
11.950
11.860
11.890
11.830
11.260
11.310
10.950
10.850
11.590
11.660
11.640
11.760
11.880
11.580
11.680
11.020
11.020
11.040
11.120
11.130
11.300
11.200
11.070
11.060
11.110
11.140
10.610
10.740
10.600
10.910
10.980
11.460
12.020
12.000
12.040
11.450
11.540
11.610
11.770
11.590
11.700
11.560
11.900
12.370
12.280
12.730
12.830
12.760
12.520
12.590
12.230
12.440
12.890
12.740
12.340
12.450
12.450
11.920
12.280
12.400
12.250
12.780
12.460
12.550
12.080
10.960
10.370
10.110
10.200
9.870
9.780
10.060
10.210
10.250
10.060
10.180
10.130
9.590
9.330
10.000
10.110
11.230
11.040
11.240
10.950
10.940
11.100
11.020
10.410
10.710
10.910
9.910
9.990
9.630
9.890
9.320
10.000
10.390
11.530
11.450
11.180
11.800
11.960
11.410
11.210
11.720
11.490
12.160
12.210
13.550
13.310
14.740
14.510
14.390
15.580
15.940
15.920
15.890
16.370
16.340
16.760
16.560
16.600
16.220
16.460
16.220
16.100
16.360
15.630
15.730
15.670
15.510
16.250
16.080
16.590
16.600
15.920
16.020
16.320
17.930
18.280
17.940
17.800
17.930
18.170
17.700
18.400
18.360
18.270
18.350
18.710
18.850
18.830
18.830
18.010
18.120
16.470
16.390
16.760
16.690
16.290
17.160
16.740
16.480
16.190
15.750
17.500
17.290
17.580
16.830
16.270
16.850
16.110
15.940
15.610
15.220
14.640
15.450
15.780
15.030
13.710
15.210
15.810
15.710
16.000
15.130
14.430
14.500
14.700
15.990
16.270
14.850
14.150
15.720
17.470
19.400
20.180
20.940
19.100
17.680
18.320
16.660
18.540
20.140
18.610
17.300
18.360
20.410
20.820
20.230
19.860
20.400
19.950
18.300
17.650
19.440
17.830
16.210
14.740
13.400
14.890
16.530
16.880
18.760
20.840
23.160
21.820
24.240
26.950
28.170
27.700
26.880
29.700
31.970
31.380
32.920
32.700
32.980
31.530
30.720
31.540
31.760
31.920
29.020
29.760
27.050
25.860
25.920
28.790
29.590
28.760
28.600
26.360
26.260
26.390
25.050
25.400
26.370
26.690
27.510
26.990
26.100
25.310
25.310
25.200
26.830
26.500
26.970
26.790
28.640
28.020
25.470
25.150
24.370
23.020
24.310
23.890
24.020
24.290
24.910
24.950
24.870
25.550
25.000
24.800
24.790
25.300
23.900
23.080
22.890
23.110
23.040
23.340
23.750
21.970
20.980
21.840
21.830
20.800
20.490
21.030
20.710
20.870
21.190
21.530
22.490
22.160
20.570
21.190
20.870
20.800
20.130
21.170
21.050
21.190
20.920
21.010
19.790
19.670
19.250
19.690
20.460
21.380
20.600
20.380
21.860
21.800
22.410
23.540
21.860
22.130
20.120
18.290
17.530
19.110
18.070
16.430
16.270
15.760
16.420
16.850
17.590
17.590
17.970
17.890
18.230
16.570
15.060
27.570
25.060
22.780
20.710
18.830
18.060
17.810
18.160
18.000
18.050
17.740
18.170
17.250
17.550
17.400
16.970
16.870
16.580
16.650
16.490
16.360
16.400
16.790
17.240
16.990
16.710
16.330
16.510
16.710
