5.880
5.950
5.850
5.850
5.990
6.630
6.680
6.200
5.950
6.000
5.860
5.840
5.820
5.810
5.720
5.640
5.600
5.610
5.600
5.590
5.680
5.740
5.740
5.790
5.780
5.800
5.790
5.880
5.970
6.080
6.150
5.930
5.950
5.960
5.990
5.960
5.860
5.870
5.860
5.990
5.980
5.920
5.970
6.020
5.910
5.900
5.910
5.900
5.790
5.780
5.790
5.820
5.750
5.820
5.950
6.010
6.210
6.150
6.140
6.080
6.020
5.990
5.980
5.840
5.920
5.930
5.940
5.920
6.040
6.030
6.010
6.120
6.050
6.070
6.050
6.050
6.030
6.050
5.880
5.860
5.940
6.030
6.010
6.040
5.910
6.010
5.970
5.950
5.910
5.870
5.920
5.910
5.940
5.940
5.990
6.150
5.900
5.770
5.800
5.960
5.750
5.670
5.680
5.650
5.640
5.680
5.700
5.660
5.660
5.650
5.490
5.570
5.540
5.640
5.680
5.770
5.780
5.820
5.810
5.760
5.800
5.690
5.690
5.650
5.550
5.580
5.510
5.490
5.570
5.580
5.580
5.570
5.500
5.510
5.430
5.450
5.480
5.760
5.810
5.830
5.800
5.750
5.770
5.890
5.890
5.890
6.010
5.920
5.830
5.860
5.920
5.920
5.930
5.870
5.850
5.910
5.920
5.960
5.900
5.840
5.730
5.740
5.750
5.760
5.720
5.680
5.630
5.620
5.770
5.760
5.730
5.730
5.790
5.600
5.600
5.640
5.600
5.670
5.580
5.610
5.550
5.540
5.490
5.420
5.440
5.400
5.390
5.550
5.590
5.620
5.620
5.630
5.650
5.680
5.750
5.640
5.560
5.510
5.520
5.480
5.490
5.490
5.470
5.430
5.490
5.490
5.430
5.500
5.540
5.550
5.510
5.460
5.480
5.470
5.490
5.470
5.370
5.390
5.480
5.420
5.400
5.360
5.350
5.360
5.460
5.650
5.750
5.590
5.590
5.630
5.510
5.660
5.620
5.690
5.480
5.440
5.400
5.400
5.520
5.350
5.210
5.210
5.190
5.180
5.180
5.140
5.080
5.070
5.060
5.030
5.010
5.000
5.020
5.020
5.040
5.010
5.030
5.150
5.040
4.920
5.060
5.150
5.200
5.190
5.170
5.160
5.190
5.160
5.030
5.040
5.070
5.120
5.030
5.070
5.050
5.040
5.120
5.150
5.170
5.160
5.190
5.160
5.210
5.430
5.780
5.740
5.950
5.630
5.440
5.440
5.500
5.480
5.420
5.380
5.450
5.680
5.720
5.670
5.780
5.780
5.760
5.570
5.600
5.530
5.610
5.670
5.710
5.480
5.420
5.350
5.290
5.420
5.370
5.390
5.380
5.360
5.340
5.270
5.140
5.110
5.130
5.160
4.980
5.080
5.110
5.270
5.280
5.270
5.350
5.270
4.980
5.090
5.190
5.450
5.410
5.340
5.360
5.280
5.350
5.550
5.250
5.100
5.100
5.050
4.900
4.900
4.840
4.880
5.000
5.250
5.610
5.700
5.650
5.730
5.750
5.730
5.500
5.880
5.950
6.180
6.230
6.570
6.520
6.880
6.870
6.600
7.200
7.580
7.100
7.050
7.220
7.110
7.130
7.290
7.280
7.250
7.080
7.080
6.990
7.030
7.020
6.900
7.120
7.030
7.150
7.240
7.280
7.280
7.230
7.200
7.350
7.740
7.740
7.680
7.640
7.720
7.690
7.680
7.670
7.840
7.730
8.020
8.000
8.090
7.910
7.940
7.680
7.670
7.440
7.250
7.350
7.420
7.510
7.690
7.430
7.590
7.340
7.240
7.540
7.530
7.590
7.650
7.450
7.430
7.550
7.480
7.070
7.080
6.780
6.800
6.930
7.050
6.960
7.050
7.200
6.970
6.860
6.950
6.920
6.730
7.480
7.410
7.650
7.650
7.370
7.380
7.210
7.080
7.390
7.530
7.100
7.080
7.150
7.990
8.800
9.260
9.510
10.750
10.500
11.090
10.120
9.700
9.970
9.790
9.000
9.050
9.470
9.450
9.800
10.270
10.630
10.800
10.000
10.370
9.680
8.850
8.700
8.860
8.880
8.700
8.260
8.510
9.300
9.000
8.180
7.440
7.010
7.720
8.120
8.490
9.190
9.970
9.760
10.300
10.770
11.600
11.690
11.100
11.780
12.670
12.710
13.140
13.480
13.310
12.120
11.970
11.900
12.220
11.580
11.120
11.690
11.660
11.490
11.200
11.800
10.800
10.500
9.970
9.660
9.530
9.300
9.290
9.340
9.220
9.170
9.340
9.180
8.720
9.020
9.630
10.440
10.250
9.690
9.510
10.070
10.140
10.170
10.450
10.500
9.730
9.610
9.460
9.240
9.580
9.770
9.330
9.300
9.350
9.710
9.960
10.000
9.400
9.240
9.300
9.300
9.430
9.990
10.000
9.500
8.950
8.140
7.450
7.510
7.340
7.330
7.180
7.080
7.050
7.190
7.230
6.630
6.750
6.850
6.780
6.870
6.730
6.520
6.410
6.370
6.310
6.290
6.210
6.160
6.120
6.080
6.230
6.410
6.450
6.390
6.550
6.870
6.830
6.650
6.620
6.560
6.520
6.500
6.440
6.180
6.390
6.650
6.610
6.470
6.500
6.790
7.000
7.100
7.050
7.010
7.050
6.870
7.150
7.440
7.230
7.170
7.000
7.150
7.690
7.740
7.550
7.750
7.190
6.980
6.930
6.790
6.600
6.920
6.940
6.980
6.550
6.480
6.400
6.080
6.180
6.280
6.150
5.970
5.950
5.880
5.730
5.650
5.600
5.670
5.670
5.680
5.630
5.690
5.640
5.730
5.630
5.790
5.700
5.640
5.540
5.520
5.390
5.230
5.100
5.100
5.240
5.400
5.460
5.340
5.420
5.480
5.450
5.490
5.460
5.590
5.640
5.610
5.630
5.550
5.550
5.620
5.610
5.490
5.640
5.700
5.680
5.580
5.840
5.450
5.340
5.300
5.260
5.340
5.200
5.250
5.140
5.030
4.930
4.990
5.010
5.140
5.220
5.260
5.320
5.280
5.170
5.150
5.080
5.020
5.190
5.060
5.020
4.980
5.090
5.100
5.150
5.080
5.090
5.150
5.190
5.100
5.140
4.930
4.750
4.700
4.580
4.550
4.540
4.560
4.640
4.710
4.710
4.590
4.560
4.500
4.480
