-0.020
0.060
-0.110
-0.010
0.000
0.170
-0.080
-0.040
0.130
0.000
0.010
-0.040
-0.060
0.050
-0.110
0.010
-0.180
0.240
0.150
-0.040
-0.080
0.080
0.000
0.030
-0.030
0.110
0.140
0.000
0.140
0.000
0.020
0.010
-0.020
0.040
0.090
0.170
0.020
-0.040
0.080
-0.120
-0.490
0.110
0.040
-0.160
-0.020
0.200
-0.030
0.080
0.140
-0.100
0.100
0.160
0.030
0.000
-0.180
-0.060
-0.280
-0.020
-0.090
0.070
0.170
-0.050
0.010
0.250
0.000
-0.170
-0.010
0.020
0.010
0.160
0.050
-0.210
0.040
-0.030
-0.160
0.040
0.060
-0.020
0.130
-0.100
-0.250
0.020
-0.110
0.070
0.020
-0.140
-0.110
0.110
-0.170
-0.040
0.040
0.340
0.080
0.240
-0.310
0.060
0.010
-0.170
0.090
0.110
0.050
-0.060
0.090
0.140
-0.020
-0.120
0.230
-0.080
0.070
0.130
0.020
0.210
-0.110
0.050
-0.020
-0.150
-0.050
-0.250
0.230
-0.160
0.080
0.190
0.140
0.020
0.170
-0.080
-0.040
0.220
-0.140
-0.040
0.030
0.030
-0.090
0.550
0.110
-0.170
-0.010
-0.390
0.030
-0.090
0.150
-0.080
0.030
-0.300
-0.040
-0.100
-0.220
0.120
0.000
0.280
-0.110
0.210
0.050
-0.120
-0.160
0.070
-0.020
0.050
0.110
0.160
-0.270
0.100
-0.040
-0.160
0.230
-0.220
0.150
0.020
-0.270
0.080
-0.180
-0.080
0.120
-0.150
-0.120
0.190
0.190
-0.190
0.160
0.370
-0.040
-0.070
0.110
0.190
0.040
-0.030
0.180
0.100
0.020
0.080
0.020
-0.120
0.060
-0.100
0.020
-0.230
-0.220
-0.050
0.060
0.000
-0.080
0.340
-0.110
0.050
0.000
0.160
-0.020
-0.190
-0.080
0.000
-0.310
0.210
0.010
0.470
0.020
0.250
0.160
-0.170
-0.130
-0.070
0.440
0.060
-0.080
0.240
0.140
-0.200
-0.050
-0.090
-0.400
0.010
0.250
-0.090
0.070
-0.080
0.050
-0.110
-0.070
-0.040
0.130
0.130
-0.160
0.020
0.100
-0.060
0.090
0.170
-0.010
-0.070
0.150
0.100
0.080
-0.010
-0.140
0.120
-0.260
0.020
0.160
0.050
0.280
0.250
-0.780
0.010
-0.020
0.180
-0.010
0.030
0.050
0.470
-0.100
0.170
-0.010
-0.030
-0.140
0.120
0.150
0.000
-0.350
0.020
0.180
-0.090
-0.010
-0.070
0.060
-0.430
-0.640
0.120
-0.070
0.390
0.040
-0.160
-0.210
0.000
0.150
0.060
0.080
-0.750
0.040
-0.400
-0.100
0.070
0.170
-0.160
0.200
-0.180
-0.530
0.580
0.420
-0.230
-0.110
0.490
-0.350
-0.060
0.240
-0.090
0.130
-0.120
0.360
0.490
0.420
-0.260
-0.090
0.360
0.110
-0.170
-0.380
0.070
0.390
-0.490
0.070
0.700
0.300
-0.920
-0.160
-1.380
0.310
-0.240
0.350
0.020
-0.230
0.220
0.670
-0.230
-0.240
0.400
-0.060
0.500
-0.220
0.720
-0.430
-0.270
-1.390
-0.050
0.410
-1.280
1.350
0.530
0.170
-0.720
0.570
-0.350
0.240
-1.450
0.310
-1.570
0.370
-0.460
-1.760
-0.660
0.000
-0.070
-0.830
0.370
-0.110
-0.490
0.400
0.290
-0.450
0.390
-0.150
0.120
0.390
-0.040
0.090
-0.280
-0.790
0.230
-0.660
0.440
-1.180
-0.440
1.910
-1.160
-0.540
0.640
0.240
-0.070
-0.180
0.670
-0.650
-0.580
1.110
0.310
-0.420
0.010
-0.270
0.120
0.500
0.140
1.760
-0.240
-0.710
-0.390
0.540
-0.610
0.120
0.380
0.670
0.550
-1.700
0.800
-0.410
0.440
1.140
0.080
0.130
1.350
0.940
0.030
-0.820
0.450
-1.050
0.380
-0.590
0.170
1.450
0.520
-0.640
1.340
-1.490
-1.650
0.260
-0.890
0.440
1.120
1.160
-0.600
-1.680
-0.310
1.550
1.410
-0.490
-1.620
-1.800
-1.570
-2.080
0.100
-2.390
-0.140
1.460
1.700
-0.750
0.520
1.930
1.090
-1.030
0.460
1.710
-1.900
-2.110
-2.000
0.760
-1.990
2.210
2.010
0.380
1.790
1.630
1.480
1.350
-0.650
-1.570
-1.740
-1.930
-2.150
-2.390
0.840
-2.560
-2.850
-3.100
1.010
-2.120
-3.630
-1.300
0.270
-0.280
-1.120
-0.650
-0.590
1.090
0.580
-1.690
-0.780
-2.040
3.220
-0.010
-0.440
3.660
-1.620
3.470
0.710
3.090
2.810
0.230
0.260
0.400
-0.150
-1.030
1.570
2.240
0.010
0.970
1.780
-0.600
0.280
-1.280
0.100
0.670
0.210
-1.420
0.010
-0.430
1.460
0.430
0.660
-1.400
-0.560
0.350
-1.970
-0.740
0.430
2.230
0.820
0.680
-0.220
-0.100
1.450
-0.110
-0.080
-0.140
-0.690
0.170
1.020
0.460
-0.140
0.060
0.350
0.040
-0.110
0.690
-0.250
1.440
-0.820
0.210
-0.030
1.700
-0.320
0.050
0.910
0.680
1.430
-0.940
1.380
1.260
1.140
1.040
0.040
0.350
0.230
0.060
0.200
0.000
0.020
0.130
0.070
-0.440
0.180
0.120
-0.070
-0.470
0.000
0.180
-0.190
-0.120
0.130
0.370
0.000
0.080
0.080
0.140
0.080
-0.210
-0.010
0.210
-0.300
-0.150
0.070
0.290
-0.110
0.540
0.130
-0.030
-0.120
-0.080
0.110
0.090
-0.200
-0.110
-0.060
0.150
0.310
0.250
-0.110
0.230
0.280
0.020
0.070
-0.250
0.180
-0.230
-0.140
0.150
0.060
-0.150
0.180
0.290
-0.030
-0.280
-0.040
