8.250
8.210
8.220
8.200
8.190
7.950
7.980
7.950
7.940
7.790
7.900
8.110
8.140
8.100
8.020
7.990
7.850
7.800
7.630
7.880
7.920
7.960
7.750
7.690
7.550
7.450
7.900
7.900
7.980
7.910
7.880
8.600
8.820
8.800
8.940
9.060
8.860
8.850
8.710
8.870
8.750
8.680
9.460
9.570
9.530
10.190
11.320
11.390
11.230
11.180
11.110
11.580
11.560
11.730
11.930
11.930
12.270
12.180
12.130
12.490
12.560
12.120
11.970
12.050
11.480
11.420
11.710
11.910
11.960
11.980
11.990
12.060
12.050
12.100
11.990
12.110
11.920
11.970
12.060
12.000
12.050
12.200
12.330
12.230
12.110
12.140
12.260
12.260
12.120
12.190
12.160
12.260
12.210
12.040
11.880
12.090
12.000
12.070
12.140
12.010
12.050
11.950
11.930
11.920
11.740
11.840
11.720
11.760
11.770
11.550
11.410
11.550
11.670
11.670
12.260
12.320
12.540
12.600
12.730
12.540
12.670
12.660
12.570
12.390
12.370
12.340
12.430
12.530
12.400
12.640
12.710
12.700
12.380
12.490
12.410
12.300
12.630
12.490
13.290
13.250
13.380
13.120
13.170
13.250
13.560
13.530
13.840
13.610
13.580
13.400
13.540
13.760
13.560
13.550
13.820
13.880
14.220
12.930
12.950
12.930
12.690
12.870
12.860
12.680
12.650
12.560
12.840
12.770
12.890
12.860
12.870
13.060
13.000
12.830
12.900
13.030
12.920
12.800
12.990
12.890
12.920
12.560
12.560
12.160
12.190
12.240
12.280
12.150
12.660
12.750
12.750
12.710
12.630
12.570
12.660
12.560
13.020
13.110
13.060
13.150
13.060
13.140
13.430
13.290
13.330
13.260
13.230
13.170
13.290
13.230
13.220
13.220
13.500
13.600
13.540
13.400
13.130
13.040
13.160
13.340
13.300
12.990
13.140
13.110
12.970
12.820
13.110
13.260
13.580
14.750
14.710
14.380
14.910
14.780
13.440
13.380
13.740
13.310
13.500
13.460
13.670
14.370
14.160
14.300
14.390
14.410
13.960
14.140
14.200
14.450
14.330
14.110
13.790
13.710
13.500
13.670
13.720
13.820
14.040
13.440
13.140
14.390
14.750
14.840
14.670
14.800
13.960
14.150
12.900
12.990
13.180
12.870
12.850
13.240
12.850
12.530
12.140
12.570
12.670
12.190
12.330
12.510
12.850
12.830
13.800
14.810
14.630
14.780
13.910
14.210
14.500
14.840
14.550
15.160
14.950
15.510
16.490
16.130
16.570
15.580
15.340
15.110
16.100
15.900
16.250
16.310
16.300
16.850
16.650
15.630
16.090
16.810
16.100
15.770
14.350
13.960
12.690
11.530
11.090
11.310
11.530
10.980
11.280
11.690
11.910
11.450
11.110
11.740
11.790
11.140
11.050
12.280
12.650
14.050
14.290
13.950
13.520
13.700
13.480
13.090
12.320
11.850
12.070
11.720
11.580
10.880
11.300
10.710
11.900
12.570
13.980
13.490
13.300
14.370
14.620
13.830
13.420
14.180
13.330
13.600
13.850
15.390
15.050
16.710
16.500
15.890
17.430
18.000
17.670
17.890
18.480
18.420
18.550
19.280
19.700
19.810
18.800
18.590
18.570
18.320
17.330
17.920
18.510
19.260
19.240
19.330
20.120
19.730
21.120
21.800
19.840
21.100
20.460
18.590
18.560
19.840
19.020
34.780
37.270
36.380
35.990
38.300
37.000
35.700
35.380
35.050
35.600
34.280
31.130
30.200
29.420
27.650
27.900
29.710
28.590
28.810
27.770
26.810
29.800
29.910
27.180
27.080
25.840
25.940
24.210
22.100
21.200
20.330
20.880
22.000
21.570
21.630
21.960
21.620
22.000
20.390
20.000
20.250
18.410
20.460
22.720
21.780
22.320
21.180
19.260
20.210
22.460
24.960
22.690
25.210
28.000
30.310
31.170
28.340
31.400
29.480
26.800
24.400
25.430
26.440
25.250
23.600
21.450
19.500
17.720
19.670
21.370
23.750
22.260
24.730
27.500
29.440
26.720
25.380
23.070
21.780
19.810
18.180
19.270
17.520
15.930
17.700
19.670
21.850
24.280
26.980
25.950
28.830
32.030
29.150
28.440
28.790
32.000
34.880
34.580
37.520
38.400
39.060
39.870
37.840
37.450
40.640
39.930
36.350
37.770
38.680
37.820
38.320
42.570
41.320
37.560
35.770
37.420
36.210
32.920
29.930
28.010
28.820
30.410
28.950
26.320
23.930
21.750
21.580
19.650
20.500
20.260
19.940
18.810
19.810
19.630
19.930
20.180
19.260
18.500
19.080
18.440
18.190
19.300
19.920
19.290
18.580
16.890
17.020
16.810
16.870
15.990
14.940
15.050
14.990
14.680
15.550
15.660
15.380
15.490
15.670
15.420
15.110
15.100
14.070
13.490
13.970
13.800
13.260
13.290
12.950
12.920
12.380
12.320
12.160
12.140
12.090
11.970
11.860
11.580
11.380
11.220
11.110
11.030
11.080
11.540
11.460
11.550
11.260
11.210
11.330
11.530
11.710
11.720
11.320
11.520
11.420
11.160
10.720
11.020
10.710
10.560
10.720
10.490
10.900
10.920
11.090
11.140
11.070
10.760
10.600
10.910
11.120
11.220
11.080
10.820
11.070
12.300
12.820
12.880
13.270
13.380
13.260
12.930
12.940
12.730
13.020
12.980
13.620
12.950
13.080
13.000
12.940
13.300
13.140
12.880
12.630
12.470
12.420
12.650
12.420
12.360
12.350
12.590
12.410
12.170
12.670
12.680
13.030
12.930
12.940
13.410
13.580
13.770
13.600
13.590
13.020
13.010
12.680
12.960
13.380
13.640
12.990
12.910
13.380
13.830
13.480
13.170
12.800
12.570
12.120
12.020
12.030
11.960
12.230
11.800
11.380
11.610
11.210
11.140
11.030
11.590
11.300
11.220
11.360
11.220
11.310
11.450
11.190
11.240
11.110
10.940
10.790
11.290
11.550
11.260
11.650
11.140
10.130
10.020
10.060
9.840
9.710
9.800
9.970
9.980
9.910
9.770
9.990
10.180
10.360
