37306.08
32390.21
23782.69
34977.05
23373.30
36954.53
25178.70
37375.99
41706.60
36046.06
54895.18
31674.24
32061.26
45591.55
30966.20
41887.98
26036.65
25899.46
37224.77
58777.87
43436.13
59707.01
35130.78
26176.69
37289.19
39714.92
42281.28
22925.17
46735.95
42892.50
79146.46
95389.82
123844.41
60101.89
55292.33
138466.77
36783.78
48595.84
51867.86
30664.04
27909.75
29964.17
39287.81
34458.81
27903.72
33421.76
25146.93
32763.65
40671.46
24498.19
45471.00
24788.32
25400.69
42191.47
70122.86
39085.81
68325.36
114531.35
57691.64
93922.54
94305.73
59037.12
58241.54
65386.12
48436.62
106566.27
138574.81
236238.98
41230.56
22272.71
30661.34
22925.28
56923.92
32268.23
40000.72
47571.01
75677.01
62224.59
42895.41
47810.57
68976.83
80115.44
120110.42
84392.87
55637.43
41279.32
64112.20
35327.00
48364.86
42659.90
46678.35
30503.32
50543.96
52956.57
49802.49
46811.47
105757.66
41142.63
58763.54
69874.50
51289.49
75757.86
98753.94
89037.60
74325.94
91417.69
75530.44
72606.92
85794.48
83193.27
66909.18
78381.54
76950.97
141716.56
79134.95
45062.34
68292.70
77946.94
58266.58
67881.87
51818.58
37854.84
50835.88
60208.91
83492.52
74986.27
74989.52
83115.56
60042.76
103021.66
63385.30
99134.86
81451.03
118309.18
52161.53
72352.58
141363.64
94309.07
47356.83
71704.22
101386.11
155199.17
37509.65
42594.61
38038.82
60106.68
125512.86
58426.68
106508.64
59210.19
50669.05
75658.63
85816.44
151973.34
201155.98
125627.01
212564.78
174611.95
240035.31
164322.66
134432.27
134711.31
75682.66
77208.04
82310.46
111624.80
191512.98
293331.72
98848.79
227816.73
198636.41
322331.16
212215.56
320952.78
334099.84
239009.34
166512.91
97071.85
73123.68
132432.30
156472.52
91675.47
83900.55
50809.75
106514.55
86580.72
106338.17
184689.42
135570.78
162414.48
168001.06
101638.69
115425.31
141057.23
81040.24
94958.45
137185.16
161989.36
129252.97
354059.28
100825.26
102135.71
107197.65
111375.44
153167.02
154730.55
204719.02
329824.72
162390.56
241577.66
528765.38
79220.34
87653.41
47565.99
79984.76
59749.79
60971.25
58966.54
112236.42
69595.42
88053.86
118770.93
42526.80
70277.68
81744.44
56770.91
56384.35
53437.01
44417.64
49672.03
69984.94
57859.44
57272.93
57158.04
69411.23
64160.27
84328.00
120118.82
176485.80
130420.47
140133.41
268753.12
249275.59
117420.77
128430.74
61049.65
70430.62
69676.25
117946.56
254092.34
177383.92
121263.37
151303.94
209467.67
223148.06
135280.58
159161.53
130707.17
254995.61
196090.41
206724.62
156265.16
272021.66
178132.05
174768.23
235755.97
112721.59
163525.20
144590.66
211520.67
366906.47
422666.25
142493.58
98976.13
110099.46
150433.81
111505.90
142972.73
141439.66
229113.45
250985.30
399445.66
484664.00
425071.81
246742.55
164296.91
147735.12
240732.86
170176.69
246355.06
170915.25
150097.69
196844.88
267411.09
169978.34
140398.09
101538.27
145798.70
156291.00
145384.66
149150.00
177999.94
178894.47
293319.56
310349.44
310126.56
281524.66
352354.88
393060.22
310117.81
216352.09
294451.00
329568.56
288933.53
327079.59
352402.78
500499.81
136646.34
592959.25
455221.91
362048.34
639930.62
643684.56
1132010.62
1039909.12
84619.43
58836.28
62591.07
351200.75
386645.28
401810.12
615354.56
668486.81
945977.50
386191.22
321150.31
441109.03
530376.50
481818.91
255824.30
206338.55
257120.42
231495.83
244357.86
233632.81
335239.81
269147.22
446438.97
465242.12
637638.56
488913.53
370468.03
308027.31
443012.44
408548.34
415789.69
387221.44
838648.62
274378.69
111281.82
392195.06
1089190.62
316119.25
622270.81
497040.59
445602.25
575150.12
633808.88
528520.62
358808.38
366387.97
403401.75
419131.12
417773.97
449379.66
599496.69
496152.44
943164.81
865937.31
837855.06
998669.19
472463.91
549340.94
678156.56
535783.06
648101.12
666580.62
606763.44
753987.50
865139.81
612984.06
541297.50
570269.00
492420.75
486841.09
616023.75
562917.81
845232.50
859827.50
1050739.62
919258.75
398859.22
422685.09
366904.91
283532.94
426545.81
439560.28
304607.12
438326.47
351583.44
546562.12
552226.81
852733.25
669685.31
571083.56
453097.50
510008.66
413794.84
338496.16
435402.62
952559.44
730555.75
395888.41
418618.84
483978.62
761104.38
553460.12
379265.28
316555.41
489928.09
665297.62
574008.62
357936.50
548494.94
740619.69
461986.12
586900.38
835422.12
579997.00
609877.88
767060.75
424857.50
581496.00
535090.06
326880.03
325300.53
378147.78
563826.88
541099.44
923876.12
504106.66
244053.14
169216.61
237812.91
118431.20
204216.64
109206.76
76693.87
77909.10
73035.42
87134.02
147123.77
151398.05
131032.18
154137.27
123296.39
208340.38
320921.59
522450.81
296611.56
489694.22
234436.34
243177.28
198605.81
194167.78
311330.59
233721.00
302483.28
448898.66
278050.34
252656.05
135389.47
208221.95
153905.95
211622.34
309975.47
205950.22
242451.94
450804.72
250350.38
141688.69
132143.56
159506.34
388990.81
317918.75
241710.55
372534.12
402649.09
372480.56
410397.41
367816.88
304198.44
554566.56
589886.50
942737.62
1179387.50
1140876.00
781823.88
1010443.81
632608.31
301621.59
411334.03
440305.03
507004.31
369683.62
438000.03
141775.97
237909.94
274046.78
115892.80
141769.89
150561.64
353664.16
222138.06
363182.41
347506.91
340146.50
532172.25
1025090.69
1219817.75
294717.25
498503.19
273563.94
178911.34
279389.31
417676.97
505126.72
881900.50
1394236.38
667309.75
644734.94
497526.38
446041.78
228253.36
439756.41
183905.20
179239.78
139225.73
178067.27
150191.31
290931.84
360389.84
219972.94
270436.94
277975.22
515099.38
714970.38
562780.94
280273.56
253272.55
237835.41
141442.61
117726.74
180913.36
122450.08
154651.00
214595.02
142857.02
54901.60
73200.84
85585.31
242053.03
246516.75
245362.36
260664.20
166032.05
238379.39
195660.25
79147.42
114485.49
88214.95
127600.85
105362.50
61897.61
93281.16
116438.23
121409.09
105522.48
106084.29
116037.41
162061.19
145688.27
191985.52
85558.67
99063.19
81158.16
82270.26
97057.75
49377.90
64857.70
109620.54
89811.08
82079.73
58206.74
58645.42
117124.03
89353.71
