7.180
7.000
6.940
6.900
6.860
6.500
6.220
5.970
5.800
5.800
6.020
6.340
6.190
6.130
6.100
6.140
6.060
5.900
5.920
5.740
5.790
6.050
6.080
5.930
5.920
5.960
5.940
6.060
6.020
6.100
5.880
5.960
5.850
5.750
6.060
6.140
6.160
6.310
6.540
6.680
6.630
6.490
6.290
6.610
6.600
6.600
6.860
6.750
6.990
7.310
7.390
7.350
7.300
7.410
7.400
7.680
7.710
7.770
7.730
7.490
7.480
7.680
7.650
7.660
7.640
7.650
7.660
7.840
7.930
7.850
7.950
7.880
7.900
7.750
7.890
7.830
7.900
7.950
8.060
8.020
8.310
8.250
8.200
8.180
8.160
8.210
8.320
8.330
8.310
8.290
8.150
8.160
8.260
8.220
8.100
7.910
7.810
7.820
7.730
7.750
7.750
7.680
7.750
7.600
7.560
7.520
7.650
7.430
7.530
7.960
8.090
8.180
8.130
8.100
8.100
8.140
7.850
7.910
7.880
7.860
7.870
8.020
7.820
8.320
8.300
8.470
8.440
8.040
8.100
8.120
7.970
7.860
8.120
8.350
8.690
8.180
7.860
7.710
7.860
8.100
8.070
8.580
8.650
8.410
8.740
8.780
8.750
8.610
8.620
8.960
8.950
9.210
9.260
9.200
9.350
9.160
9.270
9.530
9.390
9.070
9.320
9.610
9.360
8.940
9.090
8.530
8.730
8.280
8.480
8.130
8.320
8.220
7.980
7.950
7.940
8.120
7.900
7.730
7.870
7.500
7.510
7.310
7.070
6.990
6.900
6.970
7.010
7.310
7.090
7.200
7.230
7.060
6.790
6.760
7.150
7.120
7.000
7.070
7.050
7.040
7.020
7.450
7.260
7.320
7.480
7.090
6.980
7.020
7.050
6.900
6.610
6.000
5.620
5.570
5.590
5.490
5.440
5.510
5.580
5.420
5.840
5.810
5.780
5.920
5.900
5.870
5.840
5.990
5.940
6.050
5.880
5.820
5.830
5.700
5.660
5.580
5.400
5.430
5.440
5.420
5.400
5.210
5.190
5.360
5.250
5.230
5.280
5.250
5.210
5.020
5.020
5.110
5.430
5.410
5.440
5.490
5.340
5.330
5.250
5.090
5.190
5.170
5.090
5.000
5.070
4.970
5.040
4.960
5.280
5.080
5.140
5.070
5.300
5.330
5.430
5.770
6.260
6.350
6.340
6.300
6.510
7.100
6.250
6.310
6.340
6.270
6.250
6.330
6.260
6.080
5.970
5.930
5.870
5.650
5.610
5.760
5.830
5.890
6.110
6.160
6.130
5.990
5.940
5.700
5.930
6.520
6.390
6.320
6.460
6.460
6.390
6.360
6.410
6.240
6.360
6.510
6.630
6.460
6.410
6.430
6.470
6.320
6.220
5.860
5.980
6.100
6.020
5.820
6.120
6.250
5.690
5.790
6.300
6.250
6.150
5.990
6.160
6.130
5.620
5.480
5.450
5.320
5.270
5.340
5.320
5.410
5.300
5.500
5.200
5.210
5.250
5.010
4.980
5.080
5.510
5.620
5.620
5.200
5.200
4.990
5.410
5.960
5.570
4.950
5.310
5.900
6.560
7.290
8.070
7.000
7.780
7.710
7.450
6.700
6.670
6.720
6.490
6.280
6.050
6.170
5.950
5.580
5.900
6.070
5.750
5.570
6.190
6.830
6.590
6.350
6.300
6.320
6.020
5.550
5.970
6.460
6.210
5.600
4.640
5.070
5.630
6.000
6.660
7.400
8.210
7.760
8.100
9.000
9.900
10.100
9.510
9.800
10.790
10.690
11.000
11.790
11.300
11.130
11.150
11.040
11.010
11.040
10.210
10.660
10.760
10.350
9.680
9.980
10.170
9.200
8.820
8.640
8.380
8.380
8.100
7.970
8.040
8.170
8.070
8.130
7.960
7.800
7.740
8.080
8.500
8.610
8.730
8.450
8.510
8.840
8.750
8.620
8.460
8.050
8.020
7.990
7.650
7.800
8.090
8.010
7.800
7.670
7.950
8.100
7.890
7.830
7.780
7.750
7.720
7.660
7.600
7.440
7.300
7.470
7.370
7.330
7.120
7.100
6.980
6.880
6.840
6.800
6.920
6.770
6.830
6.760
6.720
6.710
6.700
6.660
6.550
6.540
6.500
6.510
6.360
6.290
6.300
6.270
6.220
6.190
6.380
6.510
6.420
6.360
6.500
6.530
6.580
6.530
6.500
6.520
6.440
6.320
6.170
6.070
6.670
6.590
6.530
6.640
6.680
6.890
6.930
7.000
7.020
6.710
6.470
6.610
6.830
6.920
6.800
6.660
6.700
6.910
6.760
6.680
6.770
6.680
6.690
6.550
6.450
6.480
6.750
6.710
6.880
6.640
6.550
6.460
6.390
6.540
6.510
6.460
6.380
6.310
6.290
6.270
6.320
6.270
6.350
6.200
6.210
6.220
6.290
6.280
6.270
6.400
6.360
6.330
6.310
6.200
5.710
5.640
5.610
5.520
5.410
5.530
5.660
5.690
5.730
5.690
5.520
5.510
5.500
5.390
