8.050
8.100
8.060
8.080
7.910
7.970
7.930
7.990
8.250
7.700
7.840
7.860
7.900
7.870
7.830
7.840
7.750
7.710
7.680
7.740
7.760
7.750
7.580
7.540
7.510
7.600
7.850
7.870
7.660
7.590
7.910
8.110
8.070
8.080
8.180
8.090
8.110
8.080
8.200
8.610
8.580
8.700
8.790
8.900
8.940
8.960
8.920
8.880
8.840
8.830
8.980
9.040
9.090
9.190
9.490
9.650
9.760
9.650
9.560
9.560
9.440
9.490
9.550
9.540
9.410
9.690
9.860
9.840
9.870
9.770
9.920
9.960
10.020
10.040
10.180
10.090
10.120
10.260
10.050
10.060
10.070
10.200
10.230
10.180
10.150
10.240
10.310
10.340
10.510
10.490
10.550
10.630
10.730
10.660
10.790
11.150
11.440
10.740
10.990
10.330
9.860
9.870
9.770
9.750
9.580
9.550
9.690
9.500
9.380
9.290
9.180
9.260
9.270
9.580
10.000
10.340
10.210
10.250
10.350
9.790
9.930
9.780
9.800
9.820
9.850
9.830
9.720
9.550
9.660
9.860
9.650
9.790
9.520
9.530
9.420
9.340
9.330
9.800
9.920
10.050
10.050
9.970
10.090
10.530
10.970
10.750
10.520
10.590
10.760
10.680
10.850
10.620
10.550
10.590
10.380
10.030
10.080
10.100
9.980
10.280
10.350
10.390
10.150
10.040
10.120
10.060
10.020
9.980
10.010
10.030
10.110
10.100
10.160
10.240
9.930
9.980
9.830
9.890
10.080
10.460
10.540
10.650
10.530
10.680
10.880
10.980
11.040
11.400
11.680
10.870
9.910
10.050
9.980
9.730
9.580
9.590
9.380
9.560
9.170
9.310
9.290
9.360
9.260
9.280
9.260
9.340
9.230
9.010
9.160
9.200
9.180
9.080
9.200
9.150
9.180
9.020
9.020
9.210
9.140
9.670
9.650
9.500
9.580
9.610
9.690
9.620
9.650
9.730
9.790
10.030
10.050
9.940
9.770
10.140
9.900
9.470
9.320
9.070
8.980
9.040
9.060
8.800
8.880
8.890
8.900
8.870
8.830
8.980
8.850
8.900
8.610
9.020
9.150
9.160
9.220
9.300
9.300
9.170
9.140
8.920
8.790
8.820
8.930
8.910
8.950
8.780
8.950
9.050
9.230
9.170
9.180
9.200
9.540
9.500
9.740
10.200
10.050
9.940
9.780
9.620
9.660
9.770
9.630
9.640
9.700
9.860
10.430
10.460
10.420
10.700
10.380
10.470
10.230
10.440
10.010
10.470
10.470
10.250
9.890
9.950
9.860
9.690
9.990
9.960
9.920
10.200
10.280
9.980
9.850
9.460
9.240
9.350
9.370
8.980
9.480
9.820
9.590
9.680
9.980
9.330
9.100
8.700
9.350
9.650
10.540
10.790
10.480
10.700
10.520
10.610
11.150
10.570
9.790
10.000
9.690
9.230
9.350
9.320
9.560
8.910
8.380
9.100
9.290
9.160
9.620
9.760
9.460
9.250
9.500
9.570
10.090
10.230
11.380
11.560
12.190
12.500
12.450
13.540
13.880
14.140
13.460
13.930
13.450
13.450
13.490
13.240
13.330
13.270
12.800
12.820
12.960
12.640
12.410
12.830
12.590
13.300
12.710
12.770
12.880
12.530
12.680
12.870
14.320
14.430
14.310
14.110
14.350
13.950
13.570
13.910
14.300
13.980
14.790
14.500
14.000
13.640
13.660
13.120
12.780
12.680
12.070
12.350
12.790
12.430
12.820
12.980
13.400
12.440
11.600
12.320
12.100
12.040
12.100
12.140
12.190
11.150
11.140
10.890
10.400
9.890
9.740
9.980
10.310
10.400
10.440
10.980
10.490
10.180
10.270
9.570
9.490
11.220
10.850
10.420
10.550
9.630
9.180
9.870
10.450
11.290
10.800
10.000
10.740
10.680
12.360
13.720
14.490
14.500
15.750
15.150
15.110
13.750
13.560
14.080
14.500
13.740
13.670
12.450
11.320
11.280
12.090
12.880
12.350
12.590
13.850
14.310
13.200
12.510
12.490
12.120
11.700
11.500
12.070
12.600
11.500
10.450
9.500
8.640
10.000
12.990
13.000
14.520
16.510
16.450
17.970
18.960
19.930
18.380
18.670
20.120
22.050
22.150
23.200
24.690
25.750
24.430
22.770
22.160
23.180
24.400
23.500
21.480
19.530
17.750
16.140
16.000
16.510
16.630
16.590
16.310
16.050
15.790
15.230
15.530
15.660
14.290
14.350
14.070
12.870
12.320
12.350
12.690
12.670
12.670
13.180
13.170
13.500
13.760
13.400
12.600
12.390
12.080
12.170
12.160
12.250
12.940
13.450
12.950
12.550
11.790
12.300
12.830
12.570
11.530
11.150
10.940
10.720
10.360
10.260
10.360
9.930
9.960
9.970
10.270
9.460
9.290
9.170
8.980
8.950
8.990
9.100
9.100
9.180
9.420
9.490
9.410
9.040
8.960
9.100
8.780
8.700
8.550
8.600
8.250
8.260
8.280
8.520
8.940
9.030
8.670
8.810
9.250
9.080
9.250
9.370
9.420
9.830
9.390
9.030
9.150
9.000
8.420
8.460
8.590
7.900
7.640
7.800
7.880
7.720
7.830
7.670
8.000
8.190
7.610
7.700
8.400
8.450
8.290
8.810
9.150
9.190
9.350
9.510
9.600
9.420
9.490
9.280
9.380
9.630
9.380
9.450
9.220
9.370
9.500
9.390
9.650
9.670
9.280
9.280
9.310
9.490
9.840
9.190
8.660
8.690
8.690
8.720
9.250
9.320
9.430
9.420
9.720
9.730
9.820
9.670
10.290
10.140
10.150
10.190
10.300
9.980
9.460
10.000
11.170
10.620
10.990
9.990
9.360
8.510
7.950
7.850
7.470
7.150
7.240
7.330
7.410
7.190
7.260
7.380
6.720
6.750
6.540
6.740
6.750
6.640
6.810
6.660
6.720
6.660
6.590
6.570
6.780
6.270
6.230
6.250
6.260
6.500
6.700
6.650
6.620
6.760
6.690
6.960
6.580
6.680
6.780
7.040
7.460
6.880
6.870
6.630
7.180
6.770
6.150
5.720
5.670
5.430
5.350
5.270
5.200
5.270
5.320
5.270
5.720
5.340
5.600
5.550
5.420
5.340
5.360
5.460
5.190
