8.520
8.500
8.260
8.220
8.150
8.160
8.120
8.190
8.070
8.010
8.180
8.230
8.260
8.180
8.130
8.060
8.030
8.040
8.060
8.180
8.160
8.050
8.000
7.950
7.800
7.820
8.150
8.000
7.960
7.720
7.800
7.810
8.100
8.130
8.010
7.740
8.070
8.060
7.910
8.220
8.390
8.500
8.700
8.750
8.900
8.860
8.720
8.530
8.550
8.280
8.470
9.090
8.920
9.020
9.140
9.500
9.510
9.610
9.540
9.590
9.420
9.500
9.460
9.290
9.230
9.290
9.770
9.710
9.800
9.730
9.820
9.970
9.910
9.860
10.100
10.090
9.990
10.220
10.180
10.120
10.060
10.090
10.030
10.190
10.220
10.380
10.640
10.540
10.510
10.580
10.810
10.910
10.960
10.210
10.170
10.450
10.360
10.390
10.560
10.120
10.150
10.050
10.030
9.610
9.490
9.600
9.600
9.860
10.020
9.750
9.440
9.380
9.250
9.090
9.620
9.900
10.120
10.100
9.780
9.700
9.570
9.530
9.320
9.230
9.300
9.320
9.170
8.950
9.220
9.240
9.050
9.050
9.140
8.890
8.710
8.690
8.680
8.920
9.240
9.210
9.020
8.920
8.880
9.070
9.130
9.110
9.300
9.360
9.210
9.380
9.630
9.380
9.270
9.310
9.270
9.300
9.270
9.200
9.160
9.070
8.940
9.050
9.020
9.050
9.010
9.060
8.890
8.850
8.910
8.970
9.010
9.000
8.950
8.830
8.900
8.870
8.800
8.790
8.770
8.870
8.810
8.830
8.730
8.560
8.550
8.510
8.500
8.580
8.780
8.770
8.670
8.680
8.630
8.550
8.550
8.520
8.790
8.780
8.770
8.640
8.680
8.630
8.660
8.700
8.650
8.700
8.760
8.630
8.920
8.900
8.850
8.920
8.880
8.770
8.750
8.600
8.420
8.410
8.450
8.470
8.360
8.370
8.250
8.210
8.100
8.110
8.200
8.200
8.160
8.510
8.410
8.400
8.530
8.510
8.490
8.490
8.590
8.680
8.690
8.430
8.430
8.370
8.360
8.340
8.320
8.160
8.160
8.130
8.150
7.970
7.880
7.760
7.960
7.900
7.900
7.880
7.970
7.910
7.680
7.690
7.760
8.090
8.130
8.160
8.110
8.140
8.180
7.910
7.800
7.800
7.650
7.980
7.950
7.910
7.810
7.880
7.850
8.060
7.900
7.960
7.880
8.050
8.170
8.270
8.720
8.910
8.780
8.580
8.490
8.540
8.720
8.740
8.610
8.550
8.560
8.620
9.170
9.030
9.270
9.040
8.920
8.800
8.930
8.710
9.180
9.290
9.270
8.600
8.610
8.500
8.840
8.800
8.880
8.960
9.040
9.080
8.930
8.720
8.730
8.520
8.280
8.000
8.090
8.050
8.090
8.500
8.410
8.780
7.900
7.540
8.000
7.840
7.680
8.220
8.240
8.340
8.220
8.240
8.190
8.010
7.720
8.070
8.000
7.810
7.770
7.600
7.490
7.460
7.390
7.730
8.300
8.030
8.190
8.380
8.300
8.110
8.210
8.110
8.140
8.170
8.340
8.720
9.100
9.680
9.160
9.950
10.810
10.730
10.630
10.890
11.070
11.370
11.450
10.750
10.410
10.350
10.090
10.020
9.960
9.150
9.070
9.060
9.100
9.220
9.490
9.430
9.460
9.300
9.130
8.780
9.150
10.000
9.890
9.780
9.680
9.660
9.530
9.670
9.660
9.400
9.550
9.790
9.790
9.970
10.030
8.700
8.600
8.550
8.310
8.120
8.040
8.100
8.360
8.260
8.430
8.130
8.140
8.200
7.770
7.660
7.900
8.560
8.800
8.760
8.300
8.310
7.810
8.200
8.780
8.750
8.200
7.580
8.340
9.270
10.220
11.010
10.310
11.190
11.930
11.800
11.100
11.000
11.390
10.730
10.400
10.200
10.270
9.920
9.600
9.830
10.330
10.000
9.710
10.630
11.650
11.630
11.220
10.900
10.900
10.600
9.660
10.450
11.520
11.110
10.280
8.300
9.190
10.210
9.680
10.440
11.590
12.800
12.020
11.750
12.960
14.000
14.160
12.830
14.140
15.660
15.280
16.110
16.340
17.040
16.560
16.230
16.390
15.760
14.900
14.130
14.420
13.950
13.550
13.220
13.630
14.560
14.810
14.400
13.820
13.710
13.800
13.880
13.050
13.100
13.420
13.360
12.790
12.420
12.180
12.110
13.230
14.390
13.080
11.890
10.810
9.780
9.910
10.300
10.080
9.890
9.760
9.870
9.750
9.730
9.710
9.000
8.500
8.480
8.740
8.980
8.970
9.220
9.030
9.190
8.730
8.480
8.480
8.440
8.320
8.660
8.490
8.430
8.350
8.290
8.310
8.190
8.150
8.100
8.010
7.990
8.000
7.990
7.920
7.870
7.930
7.900
7.900
8.130
8.120
8.120
8.160
8.180
8.280
8.240
8.250
8.210
8.110
8.020
8.020
7.980
8.000
8.110
8.130
8.050
8.430
8.420
8.400
8.340
8.470
8.460
8.500
8.620
8.560
8.310
8.260
8.110
8.070
8.080
8.220
8.120
8.040
8.170
8.280
8.270
8.320
7.890
7.900
7.880
7.820
7.750
7.650
7.520
7.460
7.450
7.640
7.690
7.870
7.740
7.720
7.780
7.760
7.710
7.580
7.600
7.540
7.590
7.590
7.560
7.560
7.740
7.700
7.500
7.510
7.590
7.540
7.540
7.470
7.400
7.320
7.200
7.110
7.120
7.070
7.040
6.990
7.120
7.030
6.920
6.880
6.890
6.960
