12.530
12.610
12.610
12.630
12.560
12.530
12.520
12.670
12.760
12.730
12.740
12.670
13.280
14.750
14.470
14.460
14.470
14.390
14.390
14.410
14.330
14.090
14.260
14.270
14.190
14.370
14.320
14.190
14.170
14.290
14.270
14.950
15.070
15.150
15.420
15.610
15.600
15.490
15.280
15.170
14.800
14.850
15.010
14.920
14.780
14.760
15.060
14.680
14.580
14.910
14.340
14.350
14.250
13.990
13.840
14.560
14.450
14.560
14.300
14.350
14.460
14.720
14.700
14.800
15.130
15.280
15.170
14.890
15.100
14.960
14.810
14.970
14.840
14.780
14.510
14.560
14.510
14.280
14.490
14.500
14.700
14.730
14.800
14.800
14.790
14.620
14.750
14.880
14.950
14.970
14.930
14.460
14.520
14.590
14.380
14.610
14.640
14.690
14.680
14.390
14.060
14.070
14.100
13.910
13.810
14.180
14.340
14.300
14.250
14.180
14.090
13.950
14.030
14.420
14.350
14.360
14.470
14.200
14.130
14.200
14.420
14.570
14.690
14.500
14.650
14.590
14.550
14.580
15.090
15.420
15.150
14.940
15.100
14.910
14.900
14.820
15.310
15.120
14.990
15.230
14.940
14.530
13.210
13.770
14.370
14.210
13.700
13.560
13.700
13.950
13.690
13.650
13.680
13.410
13.370
13.420
13.200
13.170
13.120
13.310
13.430
13.400
13.230
13.090
13.120
13.200
13.060
13.010
12.870
13.090
13.200
13.090
13.140
13.360
13.420
13.910
13.440
13.540
14.260
13.810
13.900
13.750
13.740
13.690
13.690
13.250
13.250
13.130
13.140
13.170
13.410
13.250
13.200
13.180
13.750
13.950
13.930
13.780
13.920
14.430
15.110
14.310
14.590
14.470
14.050
13.770
13.920
13.720
13.730
13.760
13.470
13.300
13.650
14.610
14.560
15.050
14.910
14.900
14.700
14.770
14.520
14.590
14.920
15.080
14.890
14.690
14.800
14.440
15.220
15.790
14.910
15.310
14.890
14.860
14.250
13.630
13.390
13.640
13.750
13.230
13.340
13.330
13.680
13.240
12.920
13.460
13.500
12.960
13.030
14.330
13.910
15.490
14.570
14.610
14.420
14.500
14.460
14.240
13.780
14.100
13.990
13.740
13.800
13.380
13.520
13.120
13.620
13.800
14.920
14.340
14.510
15.130
15.560
14.930
15.000
15.600
15.530
16.270
15.930
17.650
18.270
20.320
19.860
18.100
19.390
18.910
18.990
18.770
18.560
19.150
19.170
17.440
17.350
17.490
17.630
16.990
17.160
17.040
16.690
16.920
16.170
16.410
17.010
16.880
16.770
16.390
16.680
16.500
17.040
18.590
18.840
18.690
18.580
19.070
19.460
19.590
20.080
19.480
19.240
18.540
19.060
18.980
19.000
19.350
19.300
19.120
18.210
18.440
18.670
18.700
18.510
19.350
19.250
19.850
19.460
18.220
20.240
19.930
20.590
19.090
18.610
18.820
18.490
17.930
18.040
17.090
17.970
16.350
16.850
16.070
16.090
16.910
16.480
15.960
16.500
16.930
15.360
15.300
16.830
15.300
15.000
14.220
12.940
12.310
12.810
14.150
15.140
13.790
12.610
13.090
14.540
16.150
17.610
19.580
19.570
21.750
20.860
21.430
19.490
18.960
18.640
17.480
16.790
17.380
17.430
15.850
17.150
17.900
17.600
16.500
17.170
19.100
18.680
16.980
17.000
17.350
16.230
15.270
15.700
17.440
18.250
16.590
15.080
13.780
15.310
17.010
18.900
20.910
20.560
21.030
19.250
18.800
19.950
21.150
20.770
20.490
22.760
23.250
22.730
24.100
25.290
25.470
24.760
24.500
24.150
25.900
25.690
27.270
29.790
27.080
24.620
22.380
24.870
22.610
21.670
19.700
17.910
17.090
16.700
16.360
16.720
16.170
16.200
16.290
14.810
14.180
13.810
14.880
15.260
15.120
15.500
15.750
15.150
16.040
15.920
15.840
15.900
15.440
15.170
16.010
15.850
15.870
17.080
15.640
14.220
13.970
14.240
13.640
13.590
13.180
13.110
12.990
13.290
12.980
12.670
12.840
13.100
12.500
12.370
12.610
12.700
12.370
12.300
12.200
11.970
11.170
11.140
11.060
11.030
11.210
10.960
10.510
10.560
10.560
10.450
10.380
10.480
10.310
10.190
10.090
9.970
9.950
9.840
9.880
10.130
10.240
10.510
10.560
10.370
10.350
10.370
10.350
10.550
10.060
9.820
9.750
9.480
9.290
9.790
9.790
9.670
9.660
9.710
10.150
10.370
10.500
10.390
10.250
10.100
10.010
10.200
10.390
10.250
10.130
10.060
10.390
10.990
10.570
10.540
10.480
10.670
10.380
10.270
10.260
9.990
10.290
10.300
10.600
10.450
10.460
10.370
10.440
10.630
10.780
11.050
10.610
10.450
10.380
10.330
10.500
10.800
10.770
10.950
10.830
10.000
10.440
9.950
10.170
9.970
10.310
10.350
9.870
9.940
9.940
9.270
8.800
8.990
9.040
9.570
9.770
9.880
9.280
9.070
8.870
8.860
8.990
8.730
8.820
8.900
8.890
8.660
8.460
8.460
8.530
8.480
8.420
8.380
8.300
8.250
8.300
8.530
8.430
8.400
8.490
8.330
8.400
8.440
8.360
8.300
8.240
8.180
8.030
8.140
8.150
8.520
8.430
8.380
8.470
8.500
8.630
8.790
8.320
7.560
7.590
7.410
7.300
7.290
7.420
7.430
7.450
7.320
7.360
7.310
7.360
7.340
7.270
7.220
7.150
7.250
7.260
7.160
7.150
7.180
7.240
7.180
7.090
7.170
7.380
7.030
