20041.60
14510.01
15268.00
25227.76
14845.58
18425.06
28176.91
28061.25
45183.22
47839.70
139550.00
180481.95
17575.00
99923.57
32629.52
34419.62
38074.39
34797.19
25410.73
21426.00
23802.47
14337.00
17406.76
12519.91
19475.79
25315.38
22856.07
25285.10
25560.00
47989.91
74896.29
81717.30
44714.09
66394.79
57884.33
63080.27
134700.48
98926.10
112480.66
84690.66
44989.10
52221.55
75854.24
63075.86
27411.15
39321.98
73910.69
30188.72
57803.06
80198.46
32615.66
28004.80
34293.10
16159.77
35057.48
28619.06
13343.56
20257.09
15916.05
16013.54
49810.80
24932.25
24501.16
42185.54
41244.95
54245.96
61733.91
46414.98
53698.24
45191.03
36805.07
56312.45
61610.23
46950.69
47632.34
29752.49
24873.60
37870.71
30778.73
35203.52
23171.91
30480.64
47278.93
16128.00
23216.65
19039.72
18193.93
25447.99
33131.66
71030.16
76163.98
20000.94
18341.29
25654.38
25338.92
19097.34
23431.12
44197.28
49770.89
29866.67
13138.52
20559.24
27615.20
16190.60
19472.00
15407.13
23268.60
25107.78
27897.86
14695.95
32420.62
19835.00
38622.56
42592.04
18521.50
25418.38
43769.79
24282.05
29125.67
27366.71
29274.01
30714.28
42569.27
39986.40
47620.98
44438.28
57184.97
71031.77
91706.99
161836.33
150182.41
110735.51
141642.59
119179.85
105886.69
122631.43
212266.69
146800.84
168298.22
273095.94
405220.12
216702.41
71793.49
95014.15
167539.09
239548.80
39302.28
41941.49
67476.34
100927.10
47765.91
57140.81
117137.75
39260.42
32928.50
72775.68
45824.49
28384.16
27011.05
38686.32
39470.48
80043.84
40620.29
20752.50
28699.75
45577.15
38025.22
34774.84
55100.92
33498.61
31158.01
44089.12
41332.30
46478.00
78911.05
63074.55
48556.96
96916.22
83333.43
40175.66
63763.03
46718.15
38873.97
58429.95
70764.82
28094.45
37338.77
27776.90
26064.00
30357.14
38371.64
42268.48
38752.41
70794.41
50452.61
50390.09
69105.95
71667.33
102177.12
147894.06
250086.02
85795.12
59386.23
90849.76
46267.38
32407.82
67886.53
33413.99
32439.11
66763.09
42709.99
53022.92
79827.67
42354.12
45170.97
70645.26
42441.67
73751.83
36968.51
49240.54
37161.96
47722.17
69318.06
73603.43
66329.30
58375.44
71274.54
99988.10
202367.73
137353.12
90222.90
118318.17
94194.65
159595.80
134935.16
77677.00
51881.80
55565.43
85713.04
39006.48
60046.65
62062.37
83045.96
46747.92
67011.13
105180.43
101844.80
79285.14
128251.95
94984.01
131838.48
125637.48
58462.48
58951.60
45533.01
67268.55
77422.44
58034.87
48980.37
71349.93
64042.89
38278.26
42446.20
36204.31
48357.12
60462.88
61148.67
68615.66
72615.51
80630.29
55790.42
69723.65
93551.75
59262.60
94776.43
121324.75
150984.88
97210.80
165252.98
214997.72
85030.65
296914.56
286100.69
169446.06
134747.20
80537.20
103879.33
199200.52
157423.25
179396.33
256682.38
43425.62
47564.90
62033.36
76584.67
40530.14
42301.15
44094.42
43528.58
117659.03
35770.77
46379.15
42065.99
64088.15
47516.30
58905.95
67229.75
113997.83
118632.92
103836.10
92314.93
62859.48
98715.90
125012.46
122894.96
182014.33
213968.16
162605.23
184223.91
106516.80
103329.30
89222.44
112538.23
119470.67
148218.47
125793.42
73578.59
67384.86
81290.41
85494.55
116120.61
138817.50
180444.45
161815.59
165316.98
207022.53
185319.59
256581.77
312877.66
197064.38
217445.03
206616.30
273155.69
186323.02
241362.14
343075.91
451402.28
175383.97
281405.12
103345.84
195791.95
192025.36
139063.14
192795.95
306010.34
258216.06
290175.88
422044.91
343339.44
313909.44
283927.75
120901.55
93744.00
107571.45
109550.25
132411.59
179959.94
139031.81
187325.59
154567.36
109191.57
150411.73
163661.75
249303.12
200630.39
213501.19
352695.25
377706.28
218875.52
183102.41
149911.28
101017.55
70001.97
119228.82
96888.86
93264.74
121373.13
189087.17
117877.55
162839.95
236127.28
260835.06
179282.80
114375.35
119026.17
194447.52
116105.16
161885.55
106682.27
270592.97
241494.19
206424.33
273624.47
3026.00
48097.49
186782.58
195740.48
184621.41
211670.50
203744.09
203881.95
173326.42
115027.81
131452.00
103636.88
96565.60
106703.46
111030.58
117975.42
150899.59
223992.50
173672.97
163706.91
188371.77
224676.00
212077.69
270482.72
461193.41
219140.23
238569.39
285858.09
236147.95
241105.03
341078.25
164239.70
193236.75
140340.73
208749.41
131363.62
113313.03
183372.73
123556.74
183212.80
230991.77
76007.26
57402.55
80609.49
98644.32
81196.17
92563.22
71669.95
88434.72
103641.45
124028.11
99483.28
96188.25
94392.97
71255.06
131086.70
120605.54
109380.84
173247.58
267544.16
165009.81
79084.77
105808.84
124008.03
71697.25
93306.90
69825.91
60996.14
79172.78
72829.56
73371.35
71516.04
87431.78
166514.28
95906.41
77526.54
115357.13
105724.27
117982.25
113012.75
130480.18
162417.05
63270.80
85639.31
62234.18
80480.50
144211.31
172365.88
53150.98
61231.54
44899.61
33233.96
39332.43
60837.51
24667.48
36204.15
30758.17
21705.88
20730.19
16997.25
32451.89
43842.94
54641.33
58136.66
86734.37
59504.09
34963.36
55123.40
88194.56
122294.79
86755.27
32593.56
41769.30
25756.39
42975.77
27172.66
15994.96
22518.65
30291.80
53869.09
45719.99
60833.58
79008.02
57480.87
39821.27
25303.13
41649.57
45478.66
45026.75
30104.50
39684.00
50420.04
117760.23
170730.22
53157.58
75970.37
57445.76
100434.92
47946.89
48035.70
53322.24
89421.13
58909.15
107739.64
80927.52
80080.52
56769.79
47459.25
111719.45
117343.38
103751.69
121721.36
81075.82
42935.53
34107.39
54405.08
57405.41
56345.49
75601.22
155950.95
193085.81
108599.69
114227.36
72001.43
73884.95
55655.60
118835.10
143285.53
118265.28
202908.66
186387.41
69668.36
54078.38
42937.91
75323.95
96038.00
136133.25
205088.47
131671.55
109100.22
43192.81
96349.36
75955.12
37184.79
57705.39
59765.98
90248.34
101330.20
29637.42
64407.17
52193.48
46891.66
64634.89
35818.76
37302.08
45344.81
93506.85
58160.69
31404.27
60547.10
52924.81
44458.52
35087.73
48246.70
48402.23
45487.11
27874.01
29037.33
48447.09
34058.70
71401.33
75369.84
88017.28
79158.86
82599.81
146734.59
190769.48
332284.81
262515.31
44519.70
77832.24
24290.70
15167.50
21410.09
17411.57
17741.60
30040.07
27947.86
14682.74
18845.05
25699.56
26949.05
15084.88
14208.04
13762.01
17898.10
18952.27
13068.32
13978.86
20214.86
30244.29
20777.51
27261.18
54644.30
86682.10
19661.78
