13.200
13.150
13.210
13.060
13.030
12.990
13.330
13.310
13.190
13.320
13.700
13.600
13.720
13.760
13.500
13.280
13.270
13.250
13.490
13.190
13.330
12.920
12.830
12.600
12.390
12.810
13.170
13.040
12.830
12.350
13.290
14.310
14.360
14.550
14.850
14.570
14.600
14.200
14.110
14.200
14.050
14.500
13.950
13.970
13.210
13.150
12.850
12.790
12.820
12.900
13.450
13.420
13.430
13.860
14.100
14.400
14.860
15.050
14.860
15.010
15.810
15.690
15.780
15.570
15.550
16.300
16.560
16.630
16.450
16.360
16.590
16.680
16.610
16.750
17.130
16.960
16.960
16.880
16.880
17.190
17.160
17.680
17.890
17.870
18.000
18.140
17.780
17.780
17.710
17.990
17.850
18.200
18.170
18.010
18.600
18.530
17.700
17.610
17.390
17.780
17.820
17.620
17.580
17.080
17.200
17.160
17.020
17.070
16.920
16.430
17.000
16.860
16.700
17.540
18.200
17.950
18.850
20.300
19.720
19.300
19.600
19.100
18.750
19.300
19.720
19.850
19.600
18.220
18.900
18.680
18.300
18.950
18.310
18.850
17.970
17.000
16.290
17.280
17.450
17.420
17.150
16.640
16.230
16.760
16.600
16.650
17.380
17.510
17.810
17.680
18.150
18.180
18.500
18.600
18.980
18.160
17.700
17.830
18.250
18.170
18.060
16.600
16.580
16.530
16.800
15.190
15.130
15.480
15.880
15.990
16.270
15.670
15.510
15.700
15.970
16.070
15.790
15.780
15.520
15.680
15.720
15.080
15.230
14.820
13.910
14.010
13.970
14.310
14.490
14.620
14.260
14.210
14.170
14.150
14.210
14.820
15.330
15.380
15.500
15.420
15.470
15.380
15.580
15.830
16.090
15.830
16.060
15.400
15.900
15.700
15.880
16.400
16.590
16.720
16.600
16.130
15.980
16.180
16.900
16.920
16.760
16.810
17.100
16.950
14.740
15.580
15.900
15.690
14.680
15.080
13.210
12.890
12.410
13.330
13.600
12.800
12.100
13.150
12.610
12.350
12.090
13.250
13.190
11.750
12.050
12.310
11.960
11.110
11.800
11.010
12.100
12.030
13.180
13.710
14.690
14.300
14.000
16.700
17.200
17.150
16.190
15.810
15.590
15.550
15.760
15.730
15.590
15.550
15.350
15.040
14.940
14.550
14.860
14.920
15.020
15.600
15.630
15.710
15.500
15.610
15.160
15.450
16.810
17.410
17.000
17.380
17.730
18.000
17.550
17.370
18.030
16.500
16.410
17.100
16.710
16.920
16.600
16.510
16.800
15.970
15.300
16.290
17.270
16.690
16.500
16.450
16.010
15.190
14.490
15.700
15.510
16.100
15.390
15.160
15.520
15.250
14.850
14.510
13.530
13.230
13.010
13.200
14.000
13.900
14.040
13.680
13.070
12.820
13.200
11.990
12.200
14.330
13.090
12.630
12.790
11.200
11.150
10.700
12.670
13.500
12.910
11.990
12.400
12.360
14.100
16.000
18.010
16.750
20.100
19.290
20.000
17.530
16.610
16.600
16.080
15.000
14.450
14.500
13.250
14.300
14.980
14.430
13.700
13.520
15.700
16.740
15.590
15.070
14.900
14.350
13.410
12.520
14.860
15.000
14.280
12.630
9.960
11.070
12.500
16.680
15.800
18.770
20.000
19.280
20.790
21.330
22.750
20.850
21.720
23.590
25.200
24.890
24.600
25.890
28.410
23.980
22.010
23.150
21.850
20.710
19.300
19.750
18.600
17.680
17.020
18.860
19.020
18.990
18.380
16.850
16.100
16.170
15.970
14.810
15.140
15.300
15.060
15.000
14.690
14.250
15.040
15.900
15.660
15.680
15.460
15.000
15.680
15.770
15.510
15.700
15.130
14.510
15.180
15.250
14.860
16.010
16.200
16.110
16.160
15.110
15.580
14.790
14.500
14.130
14.030
14.480
14.200
14.060
14.570
14.980
14.550
14.200
13.970
14.180
14.140
14.180
13.930
13.860
13.230
13.400
13.280
13.020
13.320
13.420
12.930
13.150
12.920
12.970
12.960
12.890
12.890
12.700
12.500
12.360
12.480
12.220
12.090
12.610
12.950
13.000
12.800
12.670
13.310
13.150
13.280
13.500
13.200
13.180
13.050
13.010
14.130
13.850
14.110
14.500
14.200
13.990
13.500
13.290
13.280
13.050
13.050
13.260
13.060
12.660
12.890
13.100
12.680
12.000
11.460
11.510
11.770
11.800
11.980
11.920
11.710
11.650
11.560
11.180
12.100
12.170
12.940
12.790
12.620
12.690
13.210
12.910
12.980
13.020
12.540
12.550
12.450
12.490
12.160
12.480
12.310
12.220
12.850
12.500
13.440
13.320
13.520
13.450
13.300
13.860
13.650
13.760
13.790
13.820
12.520
13.720
13.120
12.830
12.590
12.700
12.200
12.280
12.620
12.350
12.500
11.840
12.180
12.340
12.190
12.180
12.000
12.180
12.680
12.230
12.220
12.010
11.700
11.650
11.780
12.110
11.670
11.620
11.800
11.700
11.880
11.750
11.590
11.530
11.460
11.300
11.190
11.360
11.370
11.980
11.880
11.560
11.750
11.430
11.490
11.430
11.380
11.520
11.620
11.340
11.230
11.210
11.290
11.260
11.400
11.180
11.300
11.210
11.200
11.310
10.790
10.600
10.650
10.980
10.800
11.070
11.080
11.300
11.280
11.420
11.250
11.150
11.190
11.680
11.880
