11.860
11.840
11.750
11.840
11.670
11.850
11.800
11.900
12.180
12.640
11.650
11.570
11.450
11.340
11.230
11.350
11.130
10.920
10.700
11.090
11.190
11.320
10.860
10.780
10.480
10.210
11.180
11.220
11.220
11.190
11.030
11.940
12.460
12.490
12.600
12.590
12.280
12.330
12.230
12.100
12.360
11.910
12.510
12.910
13.070
13.290
12.400
12.160
12.020
11.860
12.150
12.710
12.730
13.150
13.370
13.480
14.200
14.220
14.040
14.100
14.080
14.190
14.280
14.380
14.240
14.190
14.790
15.470
15.120
15.030
14.790
14.820
14.960
14.910
14.800
14.890
14.740
14.740
14.830
14.970
14.980
15.020
15.000
14.840
14.860
14.670
15.330
15.270
15.160
15.440
15.840
16.510
15.680
15.110
15.150
15.110
14.910
15.270
15.320
15.800
15.410
15.200
15.240
15.180
14.580
14.960
14.810
14.800
14.800
14.410
14.040
14.170
14.090
13.940
15.250
15.310
15.630
16.010
15.850
15.840
16.390
16.360
16.120
16.080
16.100
16.290
16.380
16.310
16.640
17.620
17.460
17.720
17.960
18.140
16.490
16.370
16.390
16.230
17.060
16.730
16.500
16.260
16.110
16.240
16.450
16.410
16.900
17.790
17.630
17.790
17.380
17.800
17.240
17.510
17.450
17.500
17.160
17.250
16.840
16.640
16.420
16.830
16.890
16.750
16.850
16.270
16.300
16.030
16.000
16.380
16.530
16.360
16.210
16.090
16.200
16.030
16.060
15.880
16.390
16.590
16.590
16.360
16.300
16.240
16.000
15.830
15.950
15.780
16.140
16.480
16.150
16.340
16.450
15.970
16.180
15.500
15.900
15.760
15.660
15.720
15.400
15.480
15.110
14.990
15.010
15.100
15.120
15.090
14.950
14.870
14.860
15.220
15.080
14.980
14.780
14.800
14.570
14.470
14.660
14.650
14.500
14.450
14.530
14.270
14.310
14.300
14.210
14.590
14.880
16.140
15.960
15.830
15.690
15.440
15.190
15.340
15.020
15.300
15.320
15.500
15.150
15.540
15.790
15.150
14.800
14.730
14.420
14.490
14.520
14.570
14.450
14.000
13.860
14.040
13.750
14.160
14.540
14.940
14.350
13.950
13.580
15.040
14.450
14.660
14.600
14.850
14.500
14.430
13.920
13.820
13.760
13.550
13.600
13.790
13.640
13.330
13.390
14.540
14.960
13.760
13.370
13.780
14.580
15.590
16.100
16.730
16.920
17.180
16.860
17.170
16.870
16.560
16.430
16.150
15.990
17.130
17.830
17.990
16.340
15.890
15.630
15.530
15.780
15.400
15.330
15.870
15.960
15.630
15.310
15.400
14.820
15.660
15.730
15.780
16.240
16.100
16.380
16.380
14.890
13.540
12.280
12.180
11.690
11.730
11.870
12.140
11.970
11.730
12.300
12.480
11.810
11.710
12.880
12.700
13.920
14.130
14.220
13.870
13.870
14.040
13.700
13.300
13.080
13.400
13.300
12.900
12.480
12.610
12.020
12.190
11.930
13.200
13.050
12.680
13.450
13.470
12.620
12.060
12.470
11.910
12.850
12.590
14.010
14.270
15.850
15.320
16.230
18.050
18.770
18.080
17.600
17.880
17.160
17.270
18.060
16.930
16.800
17.060
16.400
16.380
16.590
16.360
16.580
16.900
16.930
17.810
16.890
17.210
16.990
16.130
15.340
15.590
16.600
16.970
15.840
15.670
15.950
15.650
15.330
16.100
16.300
15.150
15.380
15.670
14.700
14.760
14.680
14.080
13.870
13.230
13.210
13.900
14.080
14.050
14.400
14.440
14.090
13.280
12.690
13.840
13.500
13.750
13.780
12.650
12.380
12.220
11.600
11.480
10.860
10.750
10.930
10.740
11.120
10.520
10.860
10.700
10.090
9.900
10.310
9.400
10.360
11.520
11.110
11.540
10.960
10.080
9.680
10.580
11.750
12.300
11.180
10.500
11.670
12.970
14.430
15.390
16.030
15.080
16.750
16.530
15.600
14.990
14.800
14.550
13.780
12.540
12.560
12.590
11.480
12.700
13.300
13.850
12.770
13.200
14.670
15.360
14.780
14.660
14.690
13.520
12.530
12.440
13.820
12.560
11.420
10.380
9.440
10.490
11.660
12.970
13.830
15.380
15.890
15.440
17.150
19.050
20.570
19.990
21.110
23.450
24.050
23.850
25.100
26.420
25.070
24.370
24.150
24.810
25.700
24.560
25.110
25.830
24.910
22.920
22.270
24.720
22.690
21.440
21.440
21.040
19.130
17.910
17.910
17.890
18.440
17.000
17.390
17.640
16.180
15.460
15.030
14.480
14.800
14.570
14.530
14.230
14.810
14.810
14.810
14.840
14.350
13.950
14.490
13.980
13.850
14.320
14.820
14.710
14.890
15.450
16.390
16.010
14.550
13.230
12.630
12.700
12.350
12.330
11.980
12.040
12.130
11.800
11.620
11.830
11.340
11.180
11.130
11.000
10.910
11.170
10.700
10.320
10.410
10.250
9.990
10.210
10.210
10.080
10.260
9.930
9.760
9.580
9.540
9.330
9.450
9.460
9.610
9.680
9.860
9.410
9.310
9.150
9.360
9.400
9.430
9.730
9.480
9.050
9.080
8.980
8.630
8.790
8.640
8.640
8.380
8.290
8.600
8.750
8.760
8.950
8.950
9.250
9.150
8.990
8.720
8.530
8.450
8.330
8.350
8.870
9.300
9.470
9.660
9.560
9.350
9.340
9.040
8.810
9.690
9.930
10.470
10.430
10.470
10.380
10.930
10.550
10.370
10.260
10.220
10.180
10.020
10.040
10.260
10.100
10.240
10.580
10.260
9.530
10.050
10.250
9.990
9.950
10.020
9.670
9.370
9.380
9.350
9.140
8.940
9.530
9.080
9.410
9.330
9.210
9.330
9.490
9.700
9.650
9.270
9.400
9.390
9.700
9.520
9.470
9.230
9.370
9.490
9.400
9.320
9.690
9.030
8.770
8.540
8.940
8.880
8.680
8.710
8.460
8.370
8.460
8.320
8.160
8.140
7.840
7.700
7.740
7.600
7.930
8.200
8.190
8.350
8.350
8.310
8.140
7.940
7.910
7.870
7.940
7.920
7.780
7.910
8.070
7.990
7.690
7.990
7.990
7.840
7.730
7.760
7.550
7.530
7.810
7.790
7.730
7.450
7.530
7.460
7.270
7.130
7.010
7.120
7.240
