27.070
27.200
26.970
26.700
27.150
27.270
27.300
27.800
27.200
26.580
27.400
27.900
27.880
27.250
26.880
26.710
26.550
26.470
26.370
26.080
25.760
25.250
24.210
23.830
23.000
24.000
24.500
24.550
24.210
24.000
24.750
25.930
26.500
26.730
26.630
25.520
26.250
26.060
25.180
27.590
30.100
30.500
32.320
33.310
33.650
33.670
33.770
33.330
34.360
33.680
34.430
34.710
34.900
35.000
35.200
35.410
36.800
36.740
37.050
34.000
33.950
33.750
33.660
33.330
33.380
33.300
33.630
33.870
34.020
33.950
33.820
33.850
33.880
33.810
33.600
33.350
33.230
33.350
33.290
33.210
33.290
33.760
33.710
33.560
33.500
33.540
33.470
33.380
33.300
33.530
33.480
34.000
33.980
33.940
34.000
34.000
34.010
34.050
34.060
34.350
34.440
33.970
34.000
34.520
34.620
34.560
34.150
34.220
34.290
34.060
34.050
34.030
33.800
32.900
33.350
33.390
33.800
34.250
33.660
33.630
33.430
33.300
32.750
32.500
32.460
32.500
32.550
32.230
32.910
33.050
32.950
32.780
33.170
33.130
32.880
32.040
32.000
31.990
33.150
33.920
34.100
34.130
34.030
34.400
34.850
34.800
34.570
34.500
34.280
34.410
34.590
34.470
34.550
34.590
34.400
34.450
34.530
35.110
35.090
35.320
35.000
35.000
34.480
34.260
34.260
34.050
33.820
33.980
34.840
35.120
35.010
35.000
35.020
34.800
34.890
35.010
36.260
36.430
36.750
36.200
36.600
36.400
37.300
37.350
36.600
36.800
35.280
35.030
35.300
35.250
35.400
35.570
35.710
35.710
35.700
35.010
34.520
34.500
35.250
35.380
34.210
34.550
34.730
34.770
34.620
34.440
34.850
35.230
35.190
36.500
36.400
36.700
37.000
37.170
37.090
37.000
38.010
38.210
37.720
37.600
38.200
37.300
37.190
36.820
36.980
35.250
34.630
34.460
34.580
34.660
33.900
33.310
33.980
33.500
33.220
33.350
33.520
33.410
32.610
32.710
33.600
33.970
34.140
34.250
34.300
34.200
33.710
32.550
32.010
32.520
32.100
32.730
32.900
33.410
32.590
32.960
32.910
33.710
33.500
33.910
33.200
33.990
33.560
34.000
35.940
37.150
37.030
36.520
36.210
36.140
36.680
36.850
36.650
36.010
36.320
35.810
37.700
37.900
38.890
39.100
39.050
38.560
38.500
37.960
38.400
39.230
38.700
38.280
39.390
38.680
38.220
38.700
38.980
39.300
39.390
39.010
38.620
37.700
36.180
35.810
36.580
36.750
35.880
36.260
37.100
37.080
38.700
38.010
39.290
36.720
34.750
33.510
35.010
35.400
38.420
38.380
39.110
38.100
38.500
38.740
37.080
35.080
36.800
35.770
34.700
34.300
33.820
33.000
35.500
33.060
36.080
39.500
37.600
38.400
39.700
36.900
35.550
35.050
30.800
32.320
33.500
34.590
35.880
38.580
41.700
39.990
41.950
44.890
44.220
43.620
43.880
44.850
44.600
46.470
46.500
46.400
46.300
46.600
46.440
46.500
43.800
43.550
43.510
43.030
43.800
44.170
44.500
44.440
43.080
45.000
43.400
46.060
49.700
50.520
49.580
50.800
51.870
50.710
50.600
50.500
49.120
50.000
49.510
49.110
49.370
48.840
48.610
48.600
48.690
46.420
47.820
48.500
48.620
48.680
48.350
49.100
49.900
47.330
46.090
47.640
48.330
49.450
46.030
44.950
39.110
38.350
38.050
38.600
38.920
37.500
38.310
36.990
36.100
37.010
33.440
34.220
34.540
37.800
36.740
36.360
34.200
37.500
39.250
42.670
43.270
40.280
36.000
35.690
39.650
44.050
47.000
48.650
48.880
53.720
58.850
59.100
56.510
59.000
57.000
55.890
51.770
51.000
52.000
48.480
48.240
53.600
56.030
51.210
50.130
55.700
59.800
58.210
55.040
53.010
52.880
46.550
39.290
39.060
41.490
37.720
33.880
28.400
28.250
31.390
34.880
38.750
43.060
47.840
46.980
52.200
58.000
62.500
66.200
59.900
58.430
56.580
57.600
63.350
69.930
70.950
69.000
69.000
68.500
68.020
70.400
64.800
70.450
72.500
68.800
64.500
70.160
76.560
72.900
66.000
64.020
64.200
61.850
59.650
58.700
57.490
56.810
57.500
53.710
52.580
51.200
50.870
50.930
52.000
53.900
53.690
51.400
51.660
54.270
51.840
50.680
49.900
50.020
46.260
43.630
42.080
41.990
41.000
41.900
38.070
37.430
38.300
39.760
39.600
39.020
38.130
37.340
36.000
35.380
35.010
34.980
35.000
35.000
34.660
34.830
33.000
32.520
31.820
31.630
31.670
31.680
31.870
31.510
31.900
32.090
32.550
32.400
32.450
32.010
31.500
31.310
31.100
30.570
30.580
30.450
30.430
30.110
29.700
29.800
30.750
31.400
30.910
30.810
31.000
31.000
31.210
31.820
32.060
31.420
30.500
29.600
29.310
28.700
31.350
31.080
31.110
30.870
29.900
30.300
30.790
30.790
29.370
28.780
28.500
28.820
29.000
28.980
29.030
28.200
28.040
28.800
29.630
29.500
29.610
30.260
29.310
30.970
30.300
28.780
30.650
33.000
28.500
28.700
27.010
27.310
27.010
27.490
28.300
28.150
27.760
27.270
27.200
27.180
27.120
27.370
27.100
26.410
26.170
27.170
27.020
28.220
28.920
28.970
28.900
28.980
29.620
29.280
29.720
30.400
29.550
28.720
29.000
29.010
28.460
28.190
28.710
28.380
29.200
29.600
30.280
29.250
29.350
29.480
29.460
29.400
29.710
29.980
29.800
28.580
27.900
27.800
28.110
28.250
27.790
28.180
29.780
29.500
29.380
29.530
29.620
29.500
29.450
29.380
28.610
28.750
27.480
27.690
26.700
24.510
25.120
25.260
25.180
25.500
25.470
25.200
24.830
24.300
24.130
24.620
24.610
24.400
24.350
24.020
23.920
24.190
24.100
24.180
23.930
23.610
23.220
22.850
22.360
23.030
23.050
22.910
23.080
22.950
23.050
23.710
23.610
23.450
23.510
24.100
24.200
