16.410
16.520
16.440
16.740
16.850
17.000
16.600
16.490
16.600
16.210
16.000
16.590
16.480
16.710
16.750
17.560
17.090
17.360
15.780
15.320
15.420
15.090
14.970
14.840
14.570
15.000
15.120
15.190
15.120
14.990
15.690
16.300
15.520
15.890
15.860
15.710
15.290
15.590
16.130
16.500
16.250
16.760
16.870
17.010
16.830
16.700
16.530
16.380
16.350
16.140
16.650
16.600
17.050
17.720
18.210
17.840
18.310
18.200
18.190
17.810
18.060
18.210
18.270
17.770
17.600
18.060
18.120
18.130
18.110
18.150
18.090
18.570
18.620
18.800
18.950
18.770
18.800
18.900
18.620
18.420
18.750
18.850
18.980
18.650
18.450
19.000
19.160
19.170
19.640
19.790
19.460
19.640
19.660
19.450
20.090
20.560
19.620
17.840
17.480
17.560
17.340
17.240
17.520
17.450
17.520
17.400
17.240
17.540
17.340
16.980
17.370
17.830
17.330
17.460
17.860
18.360
18.340
18.490
18.520
18.700
18.570
18.180
17.640
17.980
18.050
18.350
18.240
18.150
18.280
18.390
18.290
18.620
18.640
18.510
18.400
18.650
18.870
20.010
20.120
20.420
20.200
20.130
20.110
20.700
20.640
20.580
21.030
21.160
20.350
20.870
21.060
20.840
20.810
20.800
21.080
21.050
21.080
20.790
20.810
20.540
20.840
20.880
20.530
20.720
20.760
20.980
20.680
21.370
22.020
22.220
21.990
22.000
21.850
22.330
22.360
22.690
22.490
22.850
23.190
23.160
23.420
23.090
22.250
22.230
22.240
22.330
22.100
23.060
23.030
22.940
23.300
22.820
22.160
22.120
21.950
23.100
23.440
23.540
23.310
23.100
23.200
23.720
23.720
23.450
24.050
24.000
23.100
23.380
22.920
23.460
25.170
23.930
22.920
22.890
23.000
22.000
21.720
22.280
22.600
22.190
22.140
22.750
22.050
22.110
21.980
21.800
22.520
22.870
25.430
25.760
25.980
24.560
24.750
23.890
22.530
22.430
23.130
23.190
23.570
22.470
23.160
23.210
23.480
23.630
24.350
23.880
22.390
21.330
21.670
19.700
17.900
18.420
18.210
17.770
17.990
17.610
17.400
17.820
17.200
17.230
18.950
18.930
19.020
19.230
19.430
19.060
18.930
17.510
17.550
17.860
17.710
17.630
17.590
17.400
17.150
16.940
17.820
17.720
17.450
17.340
17.870
19.120
21.250
40.670
44.080
42.330
40.910
38.920
38.390
38.550
39.000
39.020
37.590
37.110
37.800
41.290
41.930
42.610
42.540
42.200
41.560
42.480
41.470
42.380
43.330
42.620
41.080
42.010
42.100
39.690
40.930
42.310
44.440
43.820
40.910
41.410
39.000
36.840
34.900
35.690
36.300
33.860
33.610
34.380
35.190
34.680
34.280
36.500
36.510
34.700
34.790
37.730
39.040
43.600
44.000
45.340
44.780
43.710
44.660
44.290
42.590
42.660
43.070
41.200
41.100
39.100
40.720
38.380
39.900
40.300
42.540
43.160
41.790
43.010
43.600
41.550
40.490
44.350
41.870
44.050
43.000
47.110
46.540
51.650
50.000
52.200
57.830
58.160
58.800
60.100
62.050
61.600
62.300
64.750
63.990
65.000
65.980
62.660
62.930
62.970
63.380
65.100
64.650
64.460
64.700
63.420
64.450
60.800
61.970
62.600
63.680
68.180
70.180
68.790
67.260
69.390
69.030
65.650
67.280
67.570
65.990
68.690
70.700
68.880
68.610
67.670
66.090
68.000
62.790
62.650
60.330
60.500
61.800
60.450
60.740
62.100
62.830
61.190
63.250
60.010
54.500
54.080
53.010
53.910
53.980
52.480
51.990
49.440
49.600
49.530
46.880
47.820
46.680
47.690
45.380
42.700
43.280
45.210
41.880
46.000
48.190
48.190
49.300
47.020
45.290
43.000
46.770
50.000
53.200
50.870
52.460
52.480
53.550
59.760
60.020
62.480
59.000
64.900
66.570
63.980
63.990
62.160
62.410
58.500
56.570
57.400
57.840
54.990
57.800
59.960
63.190
60.900
62.580
67.500
68.260
66.000
68.080
64.560
64.780
62.000
60.220
66.910
60.830
55.000
57.080
64.500
62.700
71.000
71.000
65.110
72.340
80.460
82.000
81.390
79.490
83.000
78.540
78.300
77.460
82.540
81.650
82.690
81.800
84.230
87.900
83.800
83.950
85.520
83.340
76.890
73.180
78.640
76.110
73.400
74.420
75.190
70.450
70.400
66.040
63.780
61.720
63.640
62.210
63.620
59.460
55.410
54.760
55.000
58.180
59.680
56.660
55.160
58.310
56.990
56.000
57.870
56.740
53.910
53.930
55.280
54.460
56.440
58.520
58.640
58.000
58.780
63.240
64.190
64.190
60.050
58.980
56.990
57.960
58.740
63.550
61.270
56.890
51.720
50.990
49.780
48.820
49.250
48.210
47.040
48.090
50.640
50.340
46.720
46.740
47.100
47.040
49.920
47.790
45.700
46.480
47.690
48.280
48.640
47.060
44.210
41.950
41.110
40.550
42.830
39.010
38.630
37.300
36.830
38.160
38.650
38.000
37.610
36.860
38.190
37.980
38.270
36.390
35.920
34.080
34.500
36.280
35.330
33.500
32.890
31.850
31.700
32.060
34.120
35.210
35.200
36.070
36.770
36.260
35.230
35.240
34.800
35.150
36.250
37.710
37.840
38.120
37.830
39.570
38.860
37.380
35.990
35.990
35.840
35.860
36.180
35.200
34.840
33.870
33.750
34.480
33.910
36.080
36.690
36.290
35.240
34.680
35.340
33.310
31.510
31.120
30.600
29.890
30.100
30.420
31.140
31.660
30.890
30.560
30.490
30.000
30.460
30.700
30.540
30.360
30.320
28.540
28.660
29.110
28.770
29.580
28.540
29.090
29.740
29.280
28.810
28.560
29.500
30.240
