7.470
7.540
7.450
7.410
7.350
7.510
7.480
7.470
7.520
7.390
7.340
7.400
7.360
7.440
7.370
7.410
7.340
7.320
7.240
7.330
7.310
7.360
7.270
7.210
7.190
7.100
7.230
7.220
7.290
7.190
7.200
7.350
7.460
7.450
7.550
7.550
7.460
7.480
7.470
7.600
7.800
7.780
7.780
7.980
8.010
8.040
8.030
8.040
8.080
7.980
7.970
8.200
8.200
8.250
8.340
8.540
8.650
8.770
8.650
8.710
8.530
8.570
8.590
8.530
8.440
8.450
8.660
8.630
8.770
8.710
8.670
8.740
8.850
8.650
8.590
8.580
8.520
8.540
8.580
8.540
8.520
8.700
8.800
8.810
8.780
8.620
8.700
8.720
8.690
8.770
8.750
8.830
8.690
8.630
8.540
8.680
8.560
8.540
8.590
8.560
8.610
8.450
8.430
8.410
8.380
8.340
8.330
8.270
8.290
8.250
8.180
8.140
8.130
8.140
8.420
8.490
8.620
8.720
8.730
8.650
8.690
8.660
8.590
8.490
8.520
8.520
8.570
8.560
8.390
8.570
8.540
8.490
8.460
8.450
8.380
8.360
8.470
8.480
8.800
8.800
8.790
8.760
8.760
8.800
9.060
8.970
8.990
9.100
9.050
8.990
9.030
9.080
9.030
9.010
9.110
9.170
9.170
9.160
9.140
8.960
8.860
8.950
8.890
8.920
8.870
8.810
8.820
8.720
8.730
8.840
8.810
8.850
8.830
8.730
8.770
8.780
8.810
8.660
8.790
8.730
8.740
8.800
8.690
8.520
8.490
8.470
8.550
8.450
8.720
8.850
8.840
8.830
8.870
8.730
8.990
8.700
9.030
8.960
8.950
8.970
8.830
8.780
8.870
9.000
9.070
9.070
9.060
8.960
9.170
9.180
9.250
9.480
9.120
9.190
9.180
9.170
8.990
8.980
9.050
9.200
8.960
8.890
9.030
9.070
8.970
8.840
9.080
9.350
9.150
9.800
9.940
9.480
9.400
9.560
9.670
9.710
9.420
9.520
9.380
9.320
9.220
9.270
9.390
9.280
9.310
9.300
8.780
8.680
8.660
8.720
8.720
8.570
8.770
9.010
8.970
8.630
8.520
8.450
8.270
7.950
8.010
8.320
8.230
8.220
8.310
8.350
8.220
8.240
7.900
7.980
7.900
7.950
8.100
7.970
7.860
7.710
7.690
7.880
7.870
7.770
7.840
7.790
7.840
7.840
8.170
8.560
8.530
8.440
8.220
8.300
8.330
8.440
8.280
8.410
8.290
8.440
8.920
8.890
9.180
8.940
8.850
8.720
8.810
8.720
8.900
8.870
8.770
8.510
8.690
8.550
8.260
8.390
8.510
8.480
8.610
8.500
8.640
8.430
8.210
8.000
8.150
8.000
7.680
7.670
7.840
8.070
8.050
7.840
8.050
7.990
7.510
7.380
7.780
7.720
8.570
8.480
8.580
8.310
8.340
8.330
8.250
7.900
8.030
8.110
7.930
7.990
7.690
7.880
7.550
7.910
8.180
9.090
9.030
8.840
9.230
9.410
9.050
8.930
9.520
9.280
9.640
9.470
10.480
10.290
11.430
11.230
11.390
12.630
12.970
12.690
12.590
13.190
13.270
12.870
12.920
13.020
12.460
12.770
12.490
12.450
12.480
12.260
12.240
12.300
12.520
13.290
13.140
13.470
13.160
13.660
13.660
12.410
13.440
13.360
12.850
13.010
12.510
12.460
12.240
12.490
12.920
12.580
12.460
12.740
12.560
12.690
12.440
12.300
12.110
11.400
11.590
12.120
11.990
11.760
12.240
12.320
12.240
11.880
11.420
12.680
12.820
11.980
11.800
11.440
11.710
11.690
11.200
11.150
10.920
10.340
10.720
10.530
10.560
10.360
10.770
10.520
10.210
10.010
10.240
9.320
10.080
11.210
11.090
11.390
11.000
10.460
10.280
10.040
10.760
11.180
10.230
9.770
10.490
11.660
13.000
13.990
14.670
14.580
16.200
15.470
14.950
14.620
15.120
15.120
14.500
14.130
14.230
14.590
13.760
14.010
13.950
13.680
12.900
13.320
14.780
15.400
14.660
14.410
14.280
14.300
13.350
13.210
14.690
15.140
13.760
12.510
11.370
12.630
14.050
13.350
13.920
14.880
15.630
14.420
15.950
17.700
19.050
19.060
18.640
20.430
21.580
21.780
23.170
22.680
22.490
22.780
22.910
23.740
23.000
22.570
20.640
20.590
18.790
17.860
17.220
19.050
18.040
16.400
16.070
15.710
15.250
15.350
14.950
14.950
14.860
14.980
15.200
15.340
15.040
14.590
14.610
14.700
15.530
15.460
15.740
15.490
16.140
16.010
16.400
16.500
16.330
15.680
16.480
16.360
15.430
15.410
15.360
14.870
14.550
15.110
15.790
15.420
15.620
16.010
15.160
15.100
14.600
14.530
14.100
13.970
14.290
13.910
13.860
13.770
13.680
13.410
13.150
13.140
13.050
13.230
13.100
13.120
13.370
12.950
12.800
13.140
12.720
12.810
12.590
12.860
12.870
12.600
12.450
12.360
12.370
12.160
12.100
12.250
12.430
12.810
12.390
12.520
12.610
12.920
13.340
13.240
12.800
13.120
12.290
11.850
11.440
12.440
12.270
12.290
12.120
11.680
11.880
12.130
12.050
12.140
11.930
11.300
11.150
11.500
11.750
11.700
11.480
11.390
11.410
11.840
12.140
12.140
12.460
12.590
12.190
12.270
12.110
11.590
11.920
11.320
11.670
11.580
11.280
11.200
11.180
11.330
11.070
11.130
10.950
10.720
10.670
10.890
10.890
10.780
10.720
10.600
10.750
10.560
10.890
10.670
10.960
10.780
10.890
11.020
11.110
10.770
10.760
10.680
10.170
10.130
10.180
10.490
10.530
10.570
10.300
10.400
10.640
10.520
10.610
10.670
10.760
10.870
10.810
10.660
10.660
10.180
10.180
10.090
10.020
10.200
10.180
10.240
10.140
10.480
10.290
10.250
10.310
10.400
10.420
10.340
10.360
10.330
10.280
10.130
9.950
10.130
10.110
10.170
10.440
10.730
10.830
10.890
10.960
10.510
10.420
10.460
10.670
10.610
10.530
10.560
10.770
10.570
10.580
10.470
10.540
10.380
10.170
10.100
10.060
9.930
9.970
9.800
9.620
9.410
9.410
9.590
9.610
9.640
9.360
9.190
9.200
9.430
