180716.25
166332.98
189658.16
334694.38
218817.88
387450.69
299843.88
138889.05
239625.12
86205.96
116653.00
110597.52
75995.87
92619.16
81180.85
139688.95
125493.63
108934.76
90202.19
93011.16
179882.16
153657.00
82663.87
134321.08
76403.24
79112.97
74120.10
93297.24
120927.25
136855.84
102424.27
82800.57
86235.81
147364.41
194795.52
171731.48
112721.22
136976.33
145803.23
124735.65
126778.81
159437.50
156086.77
144440.70
152263.34
151020.72
142703.00
242232.69
130536.22
142755.98
245567.20
168046.58
190385.34
224592.77
222645.95
288347.78
495732.53
558958.75
397765.59
485726.34
422116.25
245798.80
343283.12
793695.19
205775.08
279330.97
282174.78
277743.25
592983.12
821388.31
459593.19
354645.47
393525.97
590713.56
752512.62
1073631.38
938066.25
413019.41
124260.34
176352.98
269691.28
162434.61
149818.42
115478.36
181711.72
300801.72
470247.38
297731.47
184421.45
342894.97
593522.12
745704.81
462931.56
284201.75
225073.52
236738.55
328650.16
380305.97
553833.81
847946.81
525430.00
292196.62
374242.69
397952.56
361758.28
310646.56
371663.38
724698.69
423714.25
216052.34
219496.30
108310.65
51606.20
78364.13
61791.73
54469.10
95634.43
93886.85
92126.76
55617.52
72002.20
86176.52
73315.82
61934.49
64520.09
97033.98
72756.27
44873.82
70153.10
107791.24
50569.57
47999.87
91282.55
80937.79
73410.81
89347.00
75090.26
126567.06
122824.13
98097.14
108178.28
86970.45
71562.25
151285.47
131414.69
92325.46
249445.62
295157.88
174996.16
92780.31
153675.77
170162.91
122099.14
95242.60
79571.85
137196.56
131371.27
224585.91
268764.31
194427.25
134611.92
105000.30
145447.12
217116.22
181745.14
105946.49
114854.38
144274.59
124833.24
106619.80
169232.20
246739.89
191750.09
111643.23
139244.20
198173.44
112078.77
108348.59
54549.28
78845.18
72585.14
112906.27
121472.90
65568.78
101449.90
129975.44
85366.32
89457.87
94595.05
65890.57
45859.89
63249.85
66300.67
80866.61
143951.73
119632.45
83548.15
151005.55
187953.66
82251.98
159184.25
55163.33
67980.88
51190.21
46912.57
69080.19
72475.15
116447.54
48761.83
86276.90
70687.90
85898.11
149529.45
136477.67
171341.09
184988.23
114237.75
95550.65
284428.69
214872.48
225502.38
68870.74
135456.19
199408.55
40749.34
95004.26
57001.85
83775.43
179741.05
175240.17
51730.06
73704.14
69571.53
72487.41
88999.72
110074.53
112147.81
103270.73
199271.19
294134.94
170407.16
161551.03
358679.88
292931.34
232261.22
287804.81
67570.15
67424.35
127580.91
72105.17
80083.20
99442.45
49588.30
56610.79
78153.76
105893.26
83818.79
74974.81
114662.59
93023.71
83658.93
71435.72
72844.81
90582.52
96631.06
78063.15
82647.77
99187.19
38675.14
54035.65
84080.72
74527.95
83345.24
102935.19
65036.78
62108.17
69999.39
75842.46
61768.01
53879.71
67686.60
132931.97
119241.01
144935.12
99304.33
74832.36
99234.12
159396.55
82526.81
135258.86
69653.05
63034.80
91287.25
122271.46
40983.43
101768.03
84491.60
102951.23
145526.98
124006.21
198716.08
118511.14
182899.56
84981.32
67567.42
88225.98
151275.02
163167.06
184355.81
160539.45
110158.35
82169.34
103963.68
100385.88
224181.31
163489.97
143250.05
160724.12
115560.14
82940.50
238883.20
173831.16
103962.16
123049.39
137957.09
191291.06
188790.98
256008.67
434188.22
369468.91
274907.78
277650.50
207475.27
137808.19
84498.18
95601.26
166516.50
107942.74
282238.69
264331.91
91839.14
44446.74
73165.37
86955.67
65255.53
74347.60
82165.33
132035.42
52304.83
76610.56
101345.93
107881.41
71318.52
90374.18
104718.66
116272.61
101403.54
135886.55
130414.75
137032.44
109343.87
179322.80
349604.53
45550.00
235761.78
131447.08
102957.49
104947.87
300588.62
95715.94
126813.17
81866.51
93408.62
166004.89
257733.28
211469.19
156654.42
231481.27
159555.45
125400.54
125606.84
86388.15
135838.11
120805.79
202828.42
227287.73
248453.80
575158.56
474422.38
180619.22
127158.72
178586.69
138308.38
112637.27
111221.93
157788.88
271749.91
194839.06
230773.48
192441.17
93529.86
155611.25
206564.45
273353.16
203819.23
296210.97
243437.53
346700.97
240470.77
67427.14
91028.39
201052.19
227333.52
125379.40
140386.52
253683.70
205908.77
172387.19
361218.47
356500.50
283117.28
221867.25
126172.15
130541.80
113965.12
192103.88
144833.41
145187.55
81773.28
152830.59
73976.37
104444.11
99570.28
127860.44
163517.39
174060.17
79528.13
207905.52
131278.41
164725.64
116814.81
58257.24
83124.00
162857.47
97943.06
120905.03
212609.45
217315.94
141745.81
226837.97
185316.88
227477.70
165829.98
134875.38
256437.41
233114.61
302277.50
538645.31
357085.97
275633.47
261618.02
423968.78
534936.69
622550.69
572782.81
759399.62
425263.00
432396.00
114283.02
154973.06
229217.73
178892.12
166710.48
263409.00
345773.16
191598.56
202601.61
210396.77
213431.62
187584.88
281413.34
422636.06
564613.94
368002.81
229944.77
492331.47
364729.97
596548.69
301718.47
285331.16
302461.22
285170.12
350886.69
289399.75
296094.91
333993.09
250919.95
380272.41
369770.22
317981.50
376686.81
424222.03
379766.09
502605.34
637949.50
516309.03
1087575.25
1046764.75
354675.38
351150.66
368559.25
321557.09
327713.66
493659.91
580471.50
649796.44
607144.38
475432.22
432904.56
414962.81
204342.03
163076.09
260006.48
165801.72
226456.97
339781.09
405329.44
217538.22
155784.25
214183.23
315126.72
235061.22
209093.55
229482.91
412175.97
732859.44
456220.12
590145.06
569111.06
330577.38
492434.69
502715.31
250264.64
293648.22
404935.12
372926.66
338636.88
577025.00
446774.78
376378.88
296097.53
301117.56
388720.28
721741.62
557857.50
430357.81
374972.28
209699.88
283820.47
259329.33
204272.58
271677.94
422787.88
299685.38
240991.95
144460.19
155522.23
105821.71
115694.39
131403.64
162178.06
107167.12
135885.14
239213.75
174316.73
131525.98
151690.70
79766.57
82993.30
69508.80
98841.67
54822.11
69671.70
68435.13
54603.52
121028.59
178194.45
85025.99
77052.01
114444.25
101755.93
103776.80
109213.24
174980.20
180213.08
181860.06
149622.27
163542.94
176010.31
286561.34
152120.02
136440.56
112974.63
148242.11
255211.20
310576.62
214728.52
262436.72
330508.47
408341.84
389831.59
642687.12
373388.66
467612.78
565511.00
250655.12
453212.16
854011.88
341893.12
159563.78
288395.31
277975.16
319751.16
390970.53
382156.47
484617.38
769250.88
406798.12
425622.41
443253.97
456637.00
297325.25
371240.28
372930.00
289669.75
190505.38
188935.02
296275.81
106204.07
140136.70
75483.62
113077.81
91811.74
122007.36
155991.59
122943.13
261788.36
259895.67
299964.16
244874.69
266502.12
252852.66
513808.09
278997.94
419191.97
484411.62
406643.25
181574.09
289655.53
377296.44
243641.20
82542.90
99055.13
140889.19
157691.94
188757.91
205509.80
219174.27
181038.11
228401.66
192233.55
176217.12
187303.62
289600.09
127627.29
156754.69
99268.76
104020.11
102260.59
136021.98
142271.27
193696.41
227803.23
145901.48
180377.31
189238.20
377201.78
239892.06
148338.62
151901.53
99276.49
80690.63
49708.68
80454.96
102230.97
108966.08
105572.50
93534.57
180386.52
237115.67
161560.20
107673.74
76115.30
101985.61
120153.63
86696.92
100735.22
98530.56
137638.67
191026.62
319429.03
148225.28
129354.70
96093.76
123177.13
151157.83
207521.33
248778.53
183522.23
164966.08
56413.93
73661.00
93420.50
56631.66
51020.72
73820.15
84716.79
53438.37
98739.10
65674.76
60972.81
