191956.98
108410.10
199342.97
153334.94
212599.77
124284.10
197589.31
346400.72
178738.44
126660.56
246371.56
162183.06
95559.32
100067.80
96424.01
133416.48
222774.41
82202.07
153179.17
290540.19
255789.73
196670.75
196271.16
236731.75
367049.53
725174.56
60477.35
70720.61
88706.78
122106.19
114532.93
48573.74
56894.03
70981.42
60178.20
116136.96
143545.47
71246.13
119008.28
100945.08
137845.31
183687.41
136305.98
153327.16
225476.66
95850.07
71640.73
105223.58
66778.76
71754.27
107740.72
87667.67
137406.80
145291.16
120735.65
171462.94
175923.89
156227.38
186046.47
257678.97
142665.48
222337.39
149857.41
152208.77
135473.30
280057.09
226438.09
220387.84
240305.31
207834.52
191268.44
317337.47
177529.09
185197.45
240468.75
227362.48
206341.09
254878.86
305069.66
259870.02
186615.97
403950.88
317810.09
231782.48
287499.97
692593.88
443843.72
416246.94
600574.88
621466.38
1224475.12
1892538.25
583921.69
613972.81
170641.98
222665.42
338505.09
145589.09
134246.05
139142.69
132021.09
113287.79
148421.80
104724.06
57483.37
91860.55
80904.81
107045.10
156979.19
131180.48
221979.98
88166.36
171065.56
198656.17
156285.31
138676.42
241827.03
370114.34
210840.48
472244.00
345917.19
245975.61
222412.41
238421.95
459233.06
358752.34
480529.47
498221.06
277547.66
183374.28
206905.73
247584.44
300673.78
289619.12
496521.09
420493.59
167313.80
238672.33
322080.41
94229.57
152638.17
40040.42
80066.15
86202.04
67791.75
63745.42
105140.02
90713.85
83599.00
71487.31
115046.99
235364.20
53153.39
46171.58
42550.03
60134.87
81176.48
93527.38
86677.72
86416.99
122960.32
52916.18
69032.63
51531.43
86459.04
74660.94
71142.22
69332.59
93388.09
42741.43
55051.41
47375.71
66119.87
58649.18
65613.58
117223.92
59569.38
43066.22
52884.16
48776.34
42841.37
64910.75
61176.66
37765.07
30837.76
33815.53
46809.53
68482.56
54616.32
58331.89
104975.55
30937.27
36007.62
36617.91
56586.97
142556.34
54655.94
53725.73
58823.02
72653.16
47455.29
62432.22
97808.53
50951.68
56607.26
73346.41
58244.90
86741.07
94120.71
200006.67
184590.30
164103.59
206190.62
155281.06
254315.39
201598.44
113613.53
104746.33
138116.73
173022.55
175651.12
231130.23
189470.28
354964.66
125653.01
134505.61
215749.91
149735.30
235332.77
197953.41
89597.00
71170.37
135939.44
59090.21
66523.24
96884.00
87261.88
64660.20
139924.27
121050.59
89907.24
71815.14
90480.06
91734.94
82990.65
133386.23
52308.80
54268.67
86714.97
73827.16
67794.39
110314.75
52171.27
46974.91
62483.09
67747.13
79877.79
117906.71
95643.70
71836.36
129560.19
80495.00
74037.75
121610.30
72274.78
72190.89
97357.33
115055.95
45833.32
56006.44
63061.40
41146.52
64894.99
64853.84
60238.76
67538.47
96063.13
63766.05
48741.57
52816.64
66897.89
73968.25
51262.33
107248.82
148743.66
107518.61
188960.30
110982.18
65237.43
81031.15
55077.21
47065.27
81757.45
85980.84
102999.14
177294.09
66237.89
108076.20
127914.40
116505.03
156821.36
70449.95
83277.41
89663.82
111126.24
122851.98
173879.84
111737.45
131313.30
148396.45
188339.19
331860.94
269850.50
181559.91
154942.52
261115.27
225600.17
184229.19
127848.68
137681.36
102499.82
89768.09
60288.57
75935.30
113112.89
107527.50
97143.65
179448.20
171074.31
178819.12
129385.17
214781.27
134143.45
241376.77
233601.05
112707.01
145682.88
140366.05
132220.33
145553.84
166925.16
137371.34
207496.59
154683.06
90791.69
105521.79
89089.09
126466.39
111619.86
171635.91
146825.14
117394.67
90991.95
131243.05
144673.06
146757.00
109959.00
133737.22
207447.62
229960.50
152223.09
158729.06
180161.09
38045.76
132741.44
194589.61
121731.83
115273.08
93924.42
104588.44
202663.38
99912.72
153535.38
223477.12
140597.52
233210.75
145339.88
188723.92
92528.52
114932.14
135138.98
155399.72
276723.50
146133.55
179602.28
140220.66
186639.02
157609.27
194706.38
207509.52
255626.06
432001.12
350612.22
188324.12
159677.97
254694.59
314366.50
290679.41
394194.56
497556.66
289684.00
438992.50
313484.31
385032.44
587726.88
557865.00
407368.56
416378.06
334306.88
226718.64
269123.22
307794.38
213956.73
333968.81
433571.75
477082.78
630243.81
357039.25
538009.50
418830.41
644401.25
838353.81
301449.50
351499.12
472697.97
733339.81
302559.41
290246.53
151668.25
235809.02
291474.62
471725.44
283867.81
388221.97
414686.69
298249.81
425437.50
748732.19
646970.12
525727.31
823411.00
675118.44
410696.91
1071001.12
420722.25
458651.19
609374.12
441289.19
383406.00
527363.12
434445.69
448092.25
382132.88
342310.44
438235.44
321946.50
540778.56
536388.81
536716.12
639156.81
751727.44
595902.38
531076.88
449821.50
376793.84
176869.91
295931.00
319528.59
286962.75
308664.44
258821.34
302265.09
449889.97
472092.38
547685.44
484949.94
388374.50
326836.91
594072.06
362570.94
404006.97
447400.53
714015.62
659350.25
333443.84
558884.12
347688.53
620658.62
512106.59
444638.69
379988.91
416872.41
443798.38
477073.41
470896.44
397290.78
523023.59
371555.59
371417.53
460887.16
386399.62
412071.62
454127.66
648680.38
673187.94
906037.31
517633.31
764739.00
456665.47
379925.62
366271.31
397949.06
326345.91
419201.75
589807.94
393967.50
508957.19
516023.53
496477.53
419685.97
481238.34
419851.66
424980.16
599097.31
474403.81
797636.00
881283.81
371881.94
254468.45
267335.09
307846.31
282433.88
436174.47
401778.50
424412.62
1127188.50
11443.73
7600.43
969175.56
294328.47
212369.17
150628.72
137686.12
157225.34
254719.94
166349.22
160991.75
170172.61
112767.49
119546.33
101439.96
166697.19
202547.66
175995.41
216087.34
199668.22
236441.81
234617.03
307532.78
376191.09
513176.22
376986.53
360085.34
310837.34
248558.05
289154.06
254015.48
153053.98
150479.41
180004.89
425574.66
442916.28
387954.81
547244.81
327063.47
348606.09
234778.53
291828.12
412661.59
488491.28
254191.62
310883.69
320487.78
450319.28
556530.94
327596.44
397091.53
318925.78
396642.34
321110.03
606351.56
871633.81
1089292.50
440583.97
568523.69
589081.94
449550.31
395852.34
492891.44
634314.38
513948.03
950435.56
447555.22
582303.50
476847.50
438120.44
485791.56
344850.03
655569.56
907200.69
1078253.00
1287575.62
558140.50
207132.83
276141.84
128598.43
109982.42
197265.95
231563.67
304678.28
522115.41
333820.88
148899.56
85973.04
107703.13
166775.69
109275.06
105520.36
97105.34
194209.09
181632.56
120129.24
147837.59
159367.53
254684.94
309939.78
235588.80
369063.06
179673.61
140445.73
225596.23
259050.94
176755.39
269327.59
255604.20
127421.01
187618.05
441269.72
189452.39
152632.66
300379.75
215628.84
307170.91
209178.48
139774.44
145337.11
124104.95
133866.81
112022.15
104964.75
143328.06
168428.09
123212.44
193332.44
182276.38
148762.12
162315.23
152896.11
156945.06
168471.45
361309.84
351985.28
153894.95
217864.66
313984.16
169407.91
122478.71
192439.45
159908.56
152605.81
231812.31
258534.98
217308.72
170582.66
99233.62
100474.98
104975.61
81372.00
81835.83
118807.54
132251.70
104913.39
120430.04
115326.35
217470.52
159250.41
