3.620
3.580
3.580
3.580
3.600
3.610
3.600
3.600
3.560
3.470
3.480
3.550
3.550
3.520
3.530
3.450
3.450
3.410
3.420
3.450
3.460
3.420
3.380
3.370
3.300
3.310
3.380
3.350
3.260
3.210
3.300
3.410
3.460
3.450
3.490
3.380
3.430
3.410
3.340
3.460
3.530
3.560
3.610
3.690
3.720
3.740
3.720
3.650
3.730
3.710
3.720
3.970
3.970
3.990
4.150
4.150
4.180
4.220
4.220
4.160
4.150
4.250
4.260
4.220
4.210
4.210
4.270
4.320
4.330
4.310
4.300
4.310
4.340
4.300
4.310
4.350
4.320
4.320
4.280
4.310
4.290
4.340
4.380
4.350
4.320
4.350
4.390
4.380
4.400
4.430
4.440
4.480
4.480
4.410
4.420
4.390
4.380
4.370
4.370
4.340
4.320
4.280
4.320
4.320
4.310
4.330
4.310
4.340
4.300
4.260
4.260
4.250
4.190
4.150
4.230
4.220
4.230
4.260
4.240
4.230
4.240
4.220
4.180
4.170
4.170
4.180
4.230
4.170
4.180
4.200
4.160
4.150
4.150
4.170
4.140
4.160
4.160
4.180
4.430
4.450
4.430
4.460
4.430
4.560
4.600
4.440
4.460
4.370
4.330
4.400
4.360
4.330
4.300
4.310
4.340
4.360
4.350
4.310
4.300
4.290
4.220
4.280
4.220
4.240
4.230
4.260
4.280
4.250
4.290
4.330
4.370
4.410
4.370
4.360
4.380
4.360
4.320
4.290
4.320
4.330
4.330
4.320
4.280
4.240
4.240
4.230
4.220
4.250
4.330
4.340
4.310
4.310
4.300
4.280
4.330
4.310
4.490
4.520
4.550
4.470
4.520
4.470
4.500
4.520
4.560
4.550
4.560
4.500
4.630
4.610
4.650
4.730
4.740
4.680
4.650
4.530
4.460
4.510
4.580
4.630
4.520
4.570
4.530
4.450
4.430
4.380
4.430
4.360
4.350
4.490
4.460
4.460
4.530
4.570
4.570
4.560
4.640
4.630
4.710
4.590
4.560
4.600
4.540
4.570
4.460
4.360
4.380
4.400
4.440
4.380
4.320
4.270
4.420
4.390
4.400
4.360
4.410
4.510
4.320
4.280
4.500
4.720
4.760
4.820
4.830
4.930
4.920
4.810
4.800
4.580
4.330
4.440
4.220
4.190
4.100
4.120
4.070
4.130
4.170
4.260
4.100
4.210
4.160
4.020
4.060
4.020
4.040
3.740
3.630
3.600
3.670
3.640
3.610
3.650
3.680
3.670
3.910
3.910
4.010
4.020
3.990
3.930
3.970
3.900
4.010
4.080
4.000
3.920
3.940
3.910
3.810
3.940
3.850
3.860
3.900
3.900
3.860
3.740
3.630
3.610
3.600
3.610
3.540
3.600
3.680
3.620
3.740
3.650
3.810
3.560
3.440
3.420
3.590
3.650
3.920
3.870
3.980
3.760
3.780
3.690
3.550
3.330
3.510
3.550
3.440
3.390
3.310
3.390
3.400
3.430
3.730
4.050
3.920
3.940
4.100
4.000
3.820
3.900
3.900
4.100
4.090
4.240
4.300
4.660
5.030
4.810
5.210
5.770
5.800
5.850
5.870
6.020
6.010
6.110
6.110
6.010
6.010
5.930
5.910
5.900
5.700
5.800
5.910
5.980
6.110
6.030
6.020
6.150
5.970
5.960
5.770
6.050
6.670
6.700
6.660
6.790
6.880
6.760
6.710
6.840
6.590
6.730
6.880
7.020
6.930
6.800
6.760
6.640
6.370
6.310
6.360
6.580
6.650
6.650
6.720
6.780
6.510
6.240
6.350
6.950
6.760
6.680
6.420
6.470
6.530
6.190
6.030
6.010
5.810
5.800
5.910
5.950
6.100
6.010
6.260
5.930
5.930
5.940
5.600
5.580
6.150
6.630
6.580
6.330
5.720
5.900
5.760
6.390
7.010
6.740
6.770
7.520
8.350
9.280
9.330
9.550
8.590
8.650
8.660
8.350
7.900
7.510
7.600
6.850
6.780
7.520
8.210
8.280
8.210
8.530
9.200
8.610
8.280
7.990
8.000
7.340
6.480
7.190
7.590
7.200
6.480
5.250
5.810
6.460
6.970
7.740
8.400
9.200
8.240
9.160
10.180
11.300
11.930
11.190
12.430
13.630
14.000
13.240
13.100
12.860
12.880
12.000
11.080
10.800
11.110
10.520
9.390
8.980
8.460
8.010
8.450
8.890
8.490
8.300
8.070
7.970
7.950
7.850
7.760
7.810
7.930
7.950
7.920
7.600
7.380
7.120
7.220
7.600
7.770
7.950
7.070
7.060
7.450
7.380
7.500
7.450
6.690
6.310
6.180
6.000
6.120
6.410
6.420
6.130
5.960
6.090
6.270
6.180
6.090
5.980
6.010
6.040
6.040
6.010
5.950
5.890
5.950
5.870
5.810
5.500
5.220
5.090
5.050
4.990
4.990
5.050
4.910
5.030
5.100
5.140
5.120
5.100
4.990
4.910
4.950
5.040
4.960
4.930
4.960
4.850
4.760
4.780
4.650
5.140
5.190
5.330
5.420
5.340
5.180
5.140
5.130
5.040
5.060
5.140
5.170
4.940
4.740
4.670
4.610
4.600
4.680
4.660
4.750
4.800
4.920
4.810
4.660
4.490
4.500
4.610
4.670
4.660
4.610
4.770
4.750
4.930
5.050
5.050
5.230
5.170
5.260
5.220
5.060
5.010
4.950
4.860
5.060
4.950
4.900
4.830
4.800
4.910
5.000
4.940
4.830
4.800
4.790
4.810
4.910
4.910
4.890
4.880
4.760
4.730
5.020
4.980
5.140
5.260
5.240
4.760
4.170
4.130
4.180
3.890
3.850
3.840
3.850
3.740
3.730
3.710
3.690
3.560
3.550
3.650
3.690
3.630
3.630
3.640
3.680
3.660
3.690
3.730
3.390
3.320
3.300
3.300
3.330
3.350
3.270
3.250
3.240
3.140
3.080
3.030
3.090
3.050
3.060
3.080
3.100
3.090
3.090
3.080
3.070
3.070
3.080
3.070
3.060
3.100
