6.500
6.610
6.560
6.560
6.530
6.520
6.570
6.670
6.700
6.690
6.690
6.880
6.910
7.120
6.780
6.660
6.430
6.510
6.390
6.430
6.520
6.590
6.230
6.150
6.110
6.030
6.240
6.250
6.240
6.160
6.140
6.260
6.420
6.310
6.400
6.340
6.260
6.200
6.290
6.380
6.600
6.470
6.640
6.830
6.870
6.880
6.890
6.860
6.920
7.290
7.300
7.520
7.540
7.650
7.700
7.710
7.890
8.020
8.020
8.090
8.070
8.120
8.180
8.130
8.000
8.000
8.100
8.150
8.160
8.210
8.150
8.180
8.360
8.470
8.390
8.450
8.400
8.450
8.570
8.430
8.490
8.460
8.310
8.290
8.220
8.230
8.300
8.260
8.270
8.370
8.280
8.320
8.330
8.250
8.120
8.240
8.160
8.310
8.320
8.320
8.290
8.210
8.170
8.180
8.150
8.160
8.160
8.150
8.270
8.110
8.030
7.970
8.030
7.900
8.480
8.730
8.990
8.960
9.210
9.230
9.200
9.230
8.880
8.760
8.880
9.110
8.830
8.940
8.940
8.940
8.620
8.550
8.800
8.000
7.950
7.890
7.950
7.930
8.340
8.300
8.380
8.320
8.330
8.390
8.650
8.630
8.610
8.700
8.680
8.620
8.660
8.770
8.670
8.670
8.760
8.830
8.890
8.770
8.840
8.700
8.340
8.450
8.450
8.390
8.420
8.320
8.410
8.370
8.370
8.470
8.390
8.460
8.460
8.400
8.400
8.440
8.370
8.250
8.350
8.350
8.360
8.390
8.350
8.200
8.160
8.160
8.220
8.140
8.280
8.380
8.370
8.370
8.370
8.340
8.400
8.360
8.630
8.720
8.580
8.640
8.470
8.420
8.440
8.550
8.580
8.600
8.600
8.500
8.620
8.640
8.510
8.650
8.640
8.680
8.620
8.630
8.380
8.230
8.370
8.450
8.330
8.230
8.300
8.200
8.240
8.170
8.300
8.400
8.490
9.030
8.890
8.800
8.900
8.970
8.920
8.800
9.060
9.230
9.020
8.780
8.680
8.750
8.680
8.730
8.720
8.620
8.460
8.520
8.550
8.560
8.370
8.200
8.330
8.390
8.180
8.250
8.280
8.210
8.350
8.120
8.100
8.790
8.880
8.890
8.990
8.890
8.800
8.820
8.330
8.380
8.410
8.400
8.460
8.580
8.480
8.360
8.220
8.590
8.600
8.400
8.480
8.570
8.820
8.770
9.230
9.900
9.750
9.870
9.310
9.390
9.580
9.790
9.580
9.740
9.620
9.800
10.660
10.630
11.210
11.400
11.020
11.030
10.690
10.340
10.730
11.390
11.350
11.020
11.140
11.270
10.420
10.330
10.380
10.380
11.030
10.420
10.550
9.930
9.340
8.930
9.050
9.190
8.640
8.830
8.900
9.360
9.320
9.080
9.090
8.640
9.580
9.390
10.420
10.040
10.290
10.160
10.180
9.220
9.010
8.510
8.290
8.650
8.580
8.350
7.600
7.940
7.590
8.300
8.730
9.710
9.750
9.090
9.990
9.080
8.250
7.510
8.330
9.270
9.220
9.510
9.250
8.660
8.360
8.490
9.270
10.040
9.220
8.850
9.830
10.920
12.130
13.500
13.290
12.080
13.420
13.060
13.090
12.570
12.830
12.760
12.090
11.620
11.580
11.900
10.980
11.460
11.380
11.870
11.010
11.720
13.050
13.610
12.950
12.770
12.580
12.480
11.590
11.300
12.550
11.410
10.370
9.430
10.470
11.600
12.580
13.980
15.590
15.010
15.710
17.420
19.000
18.750
18.320
20.320
21.640
21.630
22.990
23.330
23.150
22.290
20.260
19.910
20.660
21.120
19.420
17.650
16.820
15.910
16.130
17.900
18.230
17.690
17.550
17.170
16.730
17.100
16.530
16.790
16.880
17.510
15.920
16.120
15.960
15.420
15.070
14.870
14.690
14.530
14.550
14.330
14.980
14.610
14.890
14.750
14.440
13.810
14.330
14.320
14.130
15.400
15.820
15.670
15.220
15.570
15.910
15.830
15.640
15.070
14.880
14.670
14.560
14.720
15.100
14.660
14.950
14.470
14.400
14.400
14.370
14.290
14.160
13.890
14.180
13.260
13.190
12.960
13.600
13.690
13.130
13.400
12.880
12.720
12.530
12.930
13.150
12.950
12.790
12.550
12.550
12.240
12.620
12.470
11.770
12.050
11.810
11.760
12.050
12.440
12.080
12.050
11.790
12.110
12.010
11.980
11.330
11.470
11.140
11.100
11.050
10.790
10.940
11.170
11.110
11.350
11.180
10.750
10.760
11.350
11.570
11.360
11.420
11.190
11.190
11.730
12.120
12.230
12.570
12.790
12.780
12.740
13.060
12.180
11.850
11.820
12.350
12.260
11.710
11.660
11.880
11.780
11.720
11.790
11.730
11.740
11.370
11.490
11.280
11.310
11.000
10.950
11.380
11.300
11.900
11.600
11.740
11.500
11.740
11.990
11.850
11.970
12.140
12.010
11.710
11.770
11.680
12.060
12.240
12.500
12.100
12.420
12.640
12.490
12.810
12.700
13.120
13.090
13.040
12.950
12.850
12.940
12.750
12.600
12.550
13.120
13.010
13.440
13.190
12.490
12.670
12.790
12.520
12.170
11.880
12.060
12.200
12.390
12.830
12.150
12.370
11.550
11.780
11.770
11.190
10.990
10.940
10.890
10.760
10.630
10.690
10.850
10.930
10.530
10.410
10.740
10.550
10.510
10.350
10.140
10.040
9.940
10.370
10.530
10.470
10.600
10.610
10.940
11.150
11.130
10.960
11.210
11.680
