13.740
13.780
13.600
13.770
13.740
13.760
13.590
13.600
13.690
13.370
13.620
14.510
14.480
14.030
14.270
14.390
14.590
14.480
14.400
14.500
14.010
14.030
13.380
13.650
13.620
13.670
14.650
14.680
15.280
15.200
14.140
14.730
14.570
13.600
14.280
12.980
12.360
12.930
13.010
12.850
13.360
13.390
13.670
14.270
14.170
14.770
13.970
13.790
13.940
13.650
13.510
14.110
14.480
15.020
15.090
16.510
15.640
16.910
16.280
15.600
14.990
15.900
14.450
14.120
13.870
13.560
13.640
13.470
13.560
13.930
13.920
13.800
13.860
14.090
13.590
13.660
13.700
13.790
13.970
14.850
15.070
14.960
15.000
14.930
14.640
14.420
14.500
14.860
14.770
14.960
14.280
14.340
14.470
14.340
14.330
14.830
14.130
13.730
14.060
14.190
14.200
14.180
13.150
13.560
13.600
13.900
14.190
14.190
14.000
14.440
13.890
13.800
13.680
14.140
14.310
14.860
14.980
15.140
15.360
15.030
14.390
14.260
13.710
14.040
14.050
13.560
13.850
14.050
14.380
14.160
14.650
14.260
14.600
14.460
15.070
13.870
13.340
13.220
13.210
13.030
12.760
12.730
12.520
11.800
12.010
11.990
12.300
12.530
12.520
12.260
12.240
12.250
12.520
12.490
12.390
12.540
12.620
12.500
12.440
12.580
12.330
12.070
12.340
12.280
12.450
12.450
12.640
12.680
12.800
12.910
12.390
12.100
12.070
11.630
11.850
11.510
11.550
11.660
11.710
11.860
11.870
11.360
11.110
10.550
10.610
10.600
10.760
10.760
10.650
10.610
10.620
10.600
10.640
10.690
10.970
11.020
11.030
10.920
10.540
10.580
10.650
10.880
11.330
11.370
11.140
11.070
11.190
11.120
11.070
11.240
11.340
11.580
11.360
11.310
11.130
11.110
11.270
11.280
11.130
11.130
11.140
11.130
11.220
11.240
11.330
11.290
11.250
11.730
11.530
11.510
11.990
11.890
11.940
11.990
11.950
12.040
11.890
11.840
11.810
11.950
11.930
11.950
12.070
11.770
11.680
11.800
11.720
11.840
11.850
11.570
11.530
11.410
11.480
11.420
11.700
12.170
11.980
12.060
12.740
13.060
13.080
13.230
13.220
13.250
13.100
12.380
12.470
12.470
12.710
12.600
12.880
12.870
12.580
12.410
13.030
12.670
12.460
12.530
12.160
12.040
11.760
12.410
12.340
12.440
12.650
12.270
12.240
12.660
12.690
12.610
12.530
12.480
12.380
13.160
13.400
13.370
13.500
13.420
13.310
13.750
13.910
13.770
13.170
11.960
11.210
11.130
11.200
10.420
10.050
11.050
11.130
12.360
12.250
12.120
11.910
11.920
12.300
12.150
11.230
11.500
11.350
10.970
11.160
10.590
10.490
9.960
10.700
10.910
11.860
11.670
11.750
12.520
12.830
11.950
11.790
12.280
11.780
12.140
12.110
13.460
13.410
14.880
14.670
14.270
15.870
16.640
16.540
15.990
16.900
16.300
15.100
15.900
15.930
16.070
15.940
15.570
15.360
15.720
14.940
14.660
13.760
14.160
14.530
13.960
14.030
13.840
13.400
13.110
13.300
14.280
14.470
14.040
13.670
13.410
13.370
13.100
13.440
13.440
13.180
13.560
13.870
13.630
13.810
13.480
13.200
13.090
12.430
12.460
13.280
12.830
12.570
12.590
12.780
12.450
12.070
11.770
12.900
12.600
12.990
13.150
12.760
12.340
12.230
11.730
11.530
11.080
11.060
11.520
11.470
12.300
12.480
12.420
12.650
11.510
10.560
10.580
9.760
10.270
11.400
11.580
12.010
11.740
11.270
11.680
11.110
12.350
12.190
11.100
10.450
10.400
11.500
12.770
13.600
14.390
14.540
16.150
15.610
15.010
14.740
15.190
15.130
14.490
14.340
14.970
14.690
14.590
13.620
13.200
14.100
13.580
13.910
15.450
16.210
15.750
16.100
16.240
16.060
15.110
14.500
16.100
17.280
15.710
14.280
12.980
12.240
13.550
14.360
14.250
15.410
17.140
16.220
18.020
20.000
21.660
21.690
21.700
23.780
24.130
22.890
24.470
26.010
25.450
24.600
23.110
23.400
23.190
23.400
24.210
24.990
24.450
23.060
22.440
22.030
22.550
22.380
22.020
20.860
20.840
20.880
20.480
20.750
21.280
20.780
20.990
19.440
19.150
19.100
20.390
20.210
20.840
19.700
19.940
19.540
19.500
19.320
19.530
20.150
19.520
18.800
19.580
19.280
19.400
20.380
20.210
20.480
20.530
21.010
21.870
20.280
19.450
18.400
18.300
18.570
18.290
18.830
19.350
18.560
18.660
18.720
18.480
18.610
18.610
17.650
17.480
17.200
17.600
16.680
16.450
16.490
17.090
16.660
16.620
15.540
14.130
13.950
13.960
13.550
13.700
13.560
13.360
12.940
12.940
12.720
12.780
12.840
13.110
13.250
13.330
13.000
12.830
13.100
13.180
13.150
12.970
12.950
12.570
12.370
11.930
12.580
12.650
12.390
12.690
12.250
12.210
12.330
12.480
12.360
12.290
12.190
12.160
12.300
12.130
11.880
11.930
11.520
11.770
12.300
12.780
12.850
13.180
13.030
13.020
12.980
12.580
12.340
12.900
12.790
13.430
13.260
13.550
13.530
13.650
13.260
13.240
13.200
12.940
12.790
12.630
12.610
12.830
12.780
12.710
13.070
12.810
12.780
12.980
13.030
13.100
13.010
13.010
13.440
13.640
13.660
13.800
13.620
13.450
13.390
13.470
13.470
13.570
13.830
13.680
13.700
14.150
14.040
14.080
14.170
14.620
14.790
14.400
14.500
13.980
13.830
14.040
13.220
12.890
12.830
12.830
12.760
12.810
13.220
13.120
13.000
13.200
13.320
13.170
13.210
12.930
13.110
12.960
12.750
12.750
12.660
12.550
12.910
12.980
12.910
13.130
13.330
13.520
13.060
12.940
13.370
12.850
12.650
12.500
12.580
12.340
12.340
12.460
12.310
12.570
12.640
12.480
12.500
12.450
12.550
12.630
11.790
11.420
11.530
11.580
11.660
11.650
11.720
11.610
11.400
11.370
11.590
