16.700
16.850
16.760
16.780
16.670
16.750
16.680
16.860
16.820
16.400
16.670
16.490
16.500
16.360
16.300
16.460
16.450
16.320
16.320
16.450
16.460
16.350
16.310
16.300
16.100
16.080
16.150
16.130
16.040
15.880
15.810
16.100
16.080
16.060
16.240
16.000
16.220
16.100
16.020
16.330
16.730
15.980
15.970
16.000
15.970
15.970
16.000
15.680
16.210
16.350
16.380
16.850
16.800
16.940
17.270
17.150
17.350
17.550
17.460
17.250
17.320
17.380
17.320
17.200
17.190
17.280
17.600
17.730
17.660
17.520
17.410
17.380
17.640
17.630
17.760
17.830
17.800
17.910
17.780
17.830
17.900
18.100
18.280
18.220
18.050
18.220
18.020
17.840
17.980
17.580
17.590
17.640
17.630
17.550
17.550
17.710
17.620
17.610
17.650
17.650
17.550
17.470
17.480
17.330
17.300
17.390
17.380
17.430
17.550
17.350
17.350
17.440
17.280
17.080
17.460
17.700
17.720
17.820
17.670
17.710
17.750
17.730
17.700
17.690
17.780
17.800
17.640
17.460
17.760
17.700
17.690
17.590
17.710
17.680
17.660
17.440
17.490
17.610
18.220
18.290
18.180
18.200
18.100
18.230
18.470
18.450
18.830
18.910
18.760
18.840
18.960
18.990
18.900
19.050
19.160
19.040
18.650
18.730
18.580
18.340
18.080
18.420
18.400
18.460
18.380
18.510
18.400
18.350
18.330
18.470
18.540
18.610
18.430
18.410
18.600
18.580
18.400
18.320
18.500
18.520
18.450
18.500
18.260
18.190
18.180
18.170
18.080
18.010
18.610
18.850
18.780
18.750
18.710
18.470
18.700
18.830
19.500
19.630
19.810
19.500
19.670
19.410
19.490
19.560
19.520
19.550
19.580
19.400
20.810
20.560
21.190
18.950
19.110
19.040
18.900
18.280
17.950
17.970
18.240
18.290
18.140
18.090
17.900
17.900
17.710
17.570
18.000
18.260
18.210
18.800
18.640
18.680
18.700
18.690
18.560
18.650
19.000
18.850
18.770
18.260
18.430
18.330
18.330
18.540
18.320
17.810
17.920
18.050
18.090
17.710
17.400
17.090
17.880
17.830
17.950
17.580
17.900
17.900
17.870
17.800
17.960
18.760
18.900
18.940
18.910
18.910
18.870
18.330
18.200
18.200
17.980
18.380
18.320
18.720
18.150
18.420
18.380
18.800
18.470
18.550
18.320
18.900
18.980
19.200
19.990
20.650
20.610
20.170
20.060
20.000
20.400
20.210
20.030
20.570
21.270
21.200
20.860
21.200
20.980
20.860
20.750
20.410
20.890
20.600
20.700
21.150
21.070
21.100
21.690
21.230
21.180
20.970
20.120
20.040
20.200
20.170
20.180
19.480
18.990
18.800
19.350
19.320
18.880
19.300
19.620
19.030
19.970
19.280
20.000
18.550
17.910
17.810
19.000
19.430
20.600
20.200
20.710
20.100
20.430
19.650
18.340
17.500
18.560
18.560
17.920
17.920
17.550
17.120
17.130
16.900
18.430
20.200
19.370
19.680
19.920
19.420
18.540
18.880
18.350
19.590
19.880
20.580
21.350
23.350
24.780
23.850
25.950
28.710
29.200
28.970
30.300
31.570
30.200
30.100
28.800
29.440
29.330
29.000
28.630
28.140
27.300
27.590
27.900
27.910
28.560
27.000
26.860
26.600
26.000
25.590
24.180
25.800
28.520
28.680
28.130
29.510
29.000
28.250
28.380
29.060
28.050
26.000
26.500
26.300
26.260
26.470
25.720
25.410
24.200
21.930
22.310
22.180
22.180
22.000
22.400
23.000
22.510
22.010
22.010
23.650
23.650
22.050
20.730
20.890
20.400
20.210
19.700
19.360
18.820
19.110
19.500
19.330
18.420
18.400
18.530
17.500
17.460
19.360
19.590
19.450
19.220
17.980
18.220
17.110
18.610
20.650
20.750
18.810
17.800
19.170
21.300
23.280
25.290
23.710
26.210
27.800
26.900
26.080
24.650
25.180
23.750
22.800
21.780
22.110
20.090
19.790
21.230
23.220
22.560
21.330
23.590
25.800
26.120
24.750
24.810
24.230
23.670
21.000
22.480
24.000
22.000
20.000
16.880
17.610
19.570
20.540
22.820
24.680
27.000
24.730
26.240
29.150
31.720
31.400
28.610
31.620
34.740
33.420
35.020
35.750
38.500
36.420
33.980
33.600
33.710
35.200
32.010
32.900
30.540
29.800
27.880
29.070
31.980
32.970
32.970
33.000
31.830
30.200
26.760
25.680
23.780
24.000
24.510
23.830
22.820
22.350
21.860
22.490
22.200
23.510
24.350
23.500
24.280
24.550
22.660
22.350
22.060
21.260
21.000
21.000
20.050
21.310
21.090
21.210
21.390
20.450
20.090
20.150
20.050
20.230
20.340
20.640
20.090
19.840
19.700
20.100
20.000
21.410
21.630
20.660
20.560
20.550
20.210
19.990
21.010
21.190
21.100
20.800
20.850
20.550
19.600
19.560
20.070
19.800
19.620
19.220
18.590
18.220
18.300
17.310
16.410
16.130
16.400
15.980
16.500
16.680
15.930
15.120
15.400
16.240
16.000
15.910
15.230
14.890
14.760
13.690
13.010
12.560
13.610
13.330
12.970
12.690
12.770
12.810
13.500
13.220
12.700
13.050
12.900
13.010
13.170
11.880
11.140
10.910
11.110
11.440
11.850
11.500
11.310
11.550
11.530
11.250
10.870
10.530
10.460
11.180
10.910
11.620
10.780
10.520
10.640
10.100
10.010
9.950
9.090
8.860
8.650
8.860
8.910
8.700
8.610
8.640
8.640
8.200
8.150
8.270
8.200
8.300
8.280
8.290
8.430
8.500
8.360
8.240
8.110
7.780
7.850
7.820
7.750
7.810
7.700
7.580
7.910
8.010
8.030
8.000
8.120
8.250
8.250
8.220
8.220
8.130
8.190
8.090
8.100
8.030
8.150
8.340
8.280
7.930
7.430
7.440
7.430
7.390
7.440
7.410
7.330
7.320
7.250
7.160
7.170
7.110
7.180
7.180
7.440
7.250
7.140
7.090
7.020
7.000
6.920
6.950
6.940
7.010
6.860
6.820
6.900
6.900
6.880
6.880
6.860
6.920
6.960
6.830
6.660
6.590
6.530
6.500
6.530
6.520
6.440
6.420
6.470
6.430
6.390
6.350
6.360
6.360
6.480
