55563.61
45264.43
18580.36
35041.00
43499.12
30111.72
16908.31
31743.56
34213.07
31476.18
33967.95
22605.83
32519.36
34607.95
53043.38
38709.11
21363.46
29858.85
28863.97
29262.29
38050.75
58157.81
35316.11
36321.90
44806.42
62484.95
32485.08
31972.69
41613.51
26662.02
54683.53
58244.58
23669.11
26403.70
69001.79
29260.82
16188.23
24374.79
35736.91
25859.56
20734.96
19133.99
19279.68
28235.72
26170.80
39831.28
29877.99
40534.99
46637.31
57909.04
29911.17
33206.66
31364.69
32788.14
26189.02
23270.37
36134.92
35588.76
30684.56
37904.11
39920.20
36338.33
35331.21
38123.27
27980.03
47543.62
48377.08
24540.26
36237.57
27153.64
38668.04
51626.92
39359.40
34216.54
39655.69
38725.54
20048.28
41248.17
58990.39
47346.03
67720.42
100342.37
24586.28
40402.04
22961.44
31909.39
49937.33
38229.17
39753.58
40251.78
32852.87
43378.70
45219.76
38476.85
56931.00
34679.89
36471.24
33677.65
39130.64
44195.34
36553.45
20185.73
18047.08
18536.59
14484.15
17716.32
21135.24
13785.43
24700.42
25079.16
20814.60
18833.10
30968.69
54565.71
26414.94
36376.68
65759.88
113585.94
67134.74
76727.13
21425.90
28775.80
23389.79
27378.26
22581.85
22027.47
26305.18
19949.89
23543.71
23594.55
24765.22
28333.48
22203.22
24641.28
47887.86
30011.34
48077.89
102869.22
45905.96
88910.94
59360.18
42351.98
91760.27
118158.33
250053.69
51260.33
86781.51
107960.17
50324.72
67539.62
44045.20
49146.64
40195.55
37979.90
53844.55
58132.37
47922.50
58242.96
39150.99
44044.88
62656.77
44675.48
59186.49
54215.20
49871.65
34467.42
33169.76
26927.64
45864.83
33720.92
59570.86
40969.15
59693.67
55070.45
80464.94
40156.53
61548.50
37247.66
48947.60
40831.68
35052.75
63919.78
61418.16
38412.58
42855.89
28018.37
47879.30
45430.97
45476.20
43979.77
28860.12
31559.93
30302.81
41572.05
53261.36
93961.93
54994.38
57442.03
57423.87
66896.62
55504.70
57839.36
79955.36
92095.28
104191.68
53414.14
54670.00
43295.75
43875.11
40465.66
49957.20
98353.42
89254.55
126501.10
74493.00
108809.10
88554.13
91663.14
78514.24
96085.58
109355.77
75040.85
88305.39
102963.45
114106.13
175582.31
159601.89
249973.70
404274.41
224284.86
194172.80
235368.72
264413.91
402841.09
180452.95
99667.89
64530.75
92367.32
202463.77
113736.89
89276.55
56554.50
103550.96
89736.60
130516.02
115437.13
93951.76
74490.87
92206.51
123882.35
100630.71
115832.25
73143.06
74826.41
99445.95
67695.62
82389.30
92191.38
95246.08
59968.19
123833.64
99402.50
142246.95
114596.72
217730.38
121050.54
129200.79
140722.14
54912.20
96630.77
93828.80
109023.05
82938.21
103386.88
119641.57
118426.83
160975.66
120992.47
124712.14
116129.06
158461.64
186046.14
212773.34
495673.09
763042.81
259799.41
134716.30
147123.83
82875.39
62483.31
84805.74
78594.62
125903.21
190995.02
160349.12
214476.53
237935.95
135648.88
285150.84
291131.69
233477.05
174881.02
336992.22
85393.98
127758.27
118516.38
145505.56
106555.25
154643.48
123943.12
179784.67
141241.98
164945.06
210415.28
141296.16
182937.50
273564.53
199133.53
155459.31
100453.30
171064.94
145146.31
71142.45
59808.64
74196.30
120416.30
120238.65
219055.06
125174.55
151899.25
133998.34
191518.84
125101.20
175471.05
116941.53
142377.56
234725.34
183529.02
286419.19
164719.06
185225.70
198455.36
160166.98
279574.81
131630.86
93697.22
75543.93
112090.15
83780.12
110854.72
128905.66
94453.86
112008.20
161481.36
137691.61
175853.39
163629.84
170371.69
157833.00
162470.47
146392.31
183020.31
144531.09
32423.00
136585.91
226584.44
110246.74
168547.02
82646.78
107546.75
136065.05
188205.86
118051.80
138468.66
152788.52
130734.12
182627.95
295512.25
252532.59
302627.75
260775.62
328435.50
503691.94
373813.97
213740.52
294067.94
302368.84
120750.37
121814.89
176708.55
188697.36
262662.25
237727.94
233472.44
173971.17
304150.34
326392.62
149189.08
146172.61
288365.44
150961.52
171691.14
268432.91
194432.73
253351.06
268244.06
292252.56
389317.66
167329.86
93015.94
159409.78
187686.69
163632.12
202183.20
276762.12
295323.88
372134.78
272687.31
336306.34
299263.88
215372.59
222332.23
244955.27
225327.94
267370.34
444849.25
207609.09
242917.50
66131.87
80705.42
99959.06
182451.30
116148.97
152940.03
166106.94
168933.06
144532.61
229796.81
167498.94
189993.23
259013.27
181855.72
224001.44
357411.31
319726.56
76888.49
178766.47
188215.55
137558.78
197277.94
183168.84
265700.66
164696.91
203095.00
325989.28
440193.12
267776.00
260248.91
197117.19
277534.22
331853.47
216937.09
280165.56
424796.75
319934.66
104837.33
136431.12
126050.27
126193.09
118373.21
176954.05
190012.05
253251.19
295098.81
242440.95
283066.09
198374.20
234443.55
303099.16
257866.88
297556.03
314055.44
497632.53
223785.84
71966.80
261697.52
806676.94
193351.72
502736.66
375247.69
343198.09
471506.28
396224.75
386254.16
305448.53
333740.00
415008.62
461155.41
353358.09
562361.25
583710.06
744279.62
684715.88
769544.81
624647.06
440143.31
510003.88
544771.31
508665.88
563272.44
305979.31
336443.41
528600.25
408602.00
395203.84
278936.41
218351.73
217231.88
306073.09
265355.19
339324.44
353175.06
668696.50
603325.88
850351.19
1095815.62
750399.44
663317.06
444321.59
475419.72
500845.62
267817.75
300625.38
294289.59
293637.88
385340.38
537874.69
490580.50
427417.72
762242.44
812065.12
531354.50
271406.53
275064.72
477478.19
842945.38
560042.56
676096.75
433900.03
468736.03
620352.62
492261.84
557060.94
310506.94
486119.44
499195.34
464706.78
524735.88
917462.06
1135016.62
620679.88
872477.81
961223.00
1362113.12
881248.44
1211409.00
340450.50
764378.69
921754.75
682546.12
474795.34
391844.12
695496.94
874879.50
492610.03
169867.59
142387.84
61069.43
92727.79
100238.01
208611.12
132622.25
122186.68
89897.92
150024.12
106226.72
76209.66
110274.62
94266.08
45487.47
41352.10
60416.28
122766.61
145533.77
94762.75
68621.97
104936.10
104095.30
78604.48
119176.69
155198.30
119717.41
78641.53
89020.50
90475.51
131721.22
158123.00
118658.85
162182.88
208989.95
340239.03
198377.30
327998.62
421559.56
308745.28
187634.05
248882.20
268014.94
393826.34
179926.95
267758.88
261774.12
144936.02
157047.97
158892.98
200713.44
268233.44
64977.30
93498.92
52002.62
96053.90
64040.33
110783.17
89692.61
163299.67
74841.71
126086.53
91517.95
53054.31
74305.25
102215.38
110076.28
121163.26
122079.95
114515.73
99873.87
133222.98
131123.48
133194.58
124764.42
95347.60
200337.12
226746.95
183688.08
130859.52
138910.19
146685.19
189266.98
169097.69
238576.41
467913.62
262524.50
214180.00
177115.34
242309.73
314761.28
259894.02
344468.34
750790.62
401042.28
506480.31
357574.59
214586.27
135481.44
218631.45
120933.03
165676.09
256778.45
173400.77
118750.48
95450.28
125858.34
110298.25
223399.48
299953.91
288639.22
447492.16
180456.91
416788.53
245124.36
218774.58
116790.92
116958.44
107352.67
101125.87
79143.26
103220.53
150353.69
157036.59
95615.90
146775.89
181281.08
90795.31
136452.95
161553.56
103512.92
49778.18
65283.51
95726.18
50550.76
60126.64
68548.31
84784.04
92603.15
141056.23
134071.41
192112.23
91008.73
71925.75
