21.200
21.300
21.020
20.600
20.940
20.940
20.660
20.900
20.530
19.540
19.910
19.830
20.540
20.570
19.950
19.580
18.800
18.480
18.370
18.510
18.500
18.300
18.220
17.200
16.300
16.350
17.250
17.240
16.920
16.650
16.880
18.310
18.840
19.080
19.200
18.320
19.210
19.250
18.920
19.650
19.920
20.200
21.060
22.600
22.810
23.400
26.000
28.730
28.790
28.600
28.800
28.870
28.700
28.900
29.070
29.080
29.200
28.880
28.800
29.280
28.940
28.610
28.530
28.890
29.190
29.180
29.400
28.500
28.710
28.650
28.730
28.300
28.350
29.320
29.650
29.580
29.590
29.900
29.750
29.890
30.000
31.390
31.330
31.110
30.370
31.030
30.930
31.590
31.690
31.560
31.790
31.540
31.000
31.450
31.060
31.520
31.810
31.830
32.050
32.030
31.190
31.030
31.100
31.710
31.530
30.000
30.110
29.920
30.060
29.740
29.450
31.180
31.500
31.400
33.300
33.080
34.160
33.530
33.560
33.650
33.830
34.010
34.500
34.610
34.030
34.880
32.470
31.900
32.610
33.000
31.180
31.000
30.700
30.800
31.010
28.300
27.800
28.600
27.810
27.830
27.610
27.860
27.800
27.510
27.500
28.300
28.300
28.800
28.800
29.000
29.080
28.980
28.000
27.670
27.510
27.100
27.800
28.000
28.550
27.600
27.920
27.530
28.030
27.900
27.710
27.110
27.500
28.370
28.180
30.100
32.250
32.200
30.700
30.500
29.950
31.170
30.680
31.380
31.720
32.790
31.550
32.710
32.870
33.620
32.810
32.100
31.320
31.210
30.380
31.300
31.000
30.180
29.820
30.790
30.030
29.400
30.220
30.910
31.050
31.040
30.550
30.350
28.330
27.130
26.770
27.520
27.410
26.900
27.050
27.510
26.900
28.000
26.790
29.450
27.510
26.290
26.500
28.410
30.560
33.000
32.580
33.650
32.580
32.510
32.050
30.020
27.720
28.780
28.610
26.260
25.760
24.510
25.020
26.510
26.400
29.330
32.000
30.050
31.520
35.000
34.110
32.660
34.100
30.010
31.810
33.800
37.550
37.070
40.770
41.500
35.310
37.000
37.800
35.660
35.000
35.810
36.500
35.500
37.700
36.850
36.550
36.510
36.320
35.800
36.130
34.010
34.650
34.920
35.110
35.600
35.200
36.880
36.300
34.020
35.300
35.200
39.100
41.440
42.170
41.010
44.000
44.620
41.500
41.190
39.850
39.550
38.980
39.280
38.380
38.610
39.000
35.830
35.880
34.650
33.280
33.820
36.480
33.510
34.000
30.170
29.430
28.500
27.270
28.070
29.200
29.180
29.580
27.910
28.000
28.060
28.210
25.300
24.560
22.400
21.990
21.900
23.200
23.120
23.000
22.810
19.650
18.500
19.660
19.100
19.660
21.840
22.110
19.450
18.890
16.880
18.330
19.640
21.820
24.020
22.900
19.880
21.920
24.350
27.060
29.200
31.500
30.980
34.300
36.230
36.110
32.800
35.520
35.400
32.130
30.400
29.680
30.600
27.700
28.630
30.800
31.000
27.770
27.530
30.590
32.450
31.200
30.300
29.960
29.460
26.500
24.680
27.420
29.160
28.000
25.180
21.220
23.580
26.200
29.110
32.340
35.930
38.810
35.610
39.570
43.970
45.880
47.040
40.070
40.600
44.010
42.800
42.680
47.060
46.520
45.150
44.010
44.000
44.990
46.800
41.200
43.900
46.500
45.010
42.500
44.980
49.510
47.000
41.800
39.810
39.560
39.420
37.870
35.630
34.000
32.940
33.160
32.410
31.830
30.910
30.200
32.030
33.800
32.380
32.680
31.900
32.280
34.000
32.600
33.120
33.280
34.190
31.520
31.220
28.660
30.050
28.850
28.830
28.310
28.300
29.550
30.400
29.600
29.480
29.800
29.830
29.730
29.810
29.410
29.510
29.110
29.010
29.090
29.280
28.500
28.020
27.660
27.350
27.020
26.930
27.190
26.700
27.200
27.830
28.650
28.730
28.700
28.810
28.000
27.910
27.830
27.510
27.250
26.890
26.700
26.420
26.450
26.920
27.180
28.000
28.130
27.250
27.900
28.140
28.370
28.790
29.000
29.000
28.340
27.840
26.600
25.400
26.500
26.320
26.190
26.200
26.080
27.600
27.860
27.980
26.400
26.530
26.870
26.070
27.270
29.700
29.470
29.400
29.280
29.950
31.350
29.700
29.030
28.710
24.160
24.440
22.600
22.200
23.320
24.810
21.380
21.990
20.750
21.050
21.250
20.960
21.040
20.730
20.830
20.770
20.540
20.520
20.500
20.520
20.100
19.870
20.100
20.700
20.800
21.950
22.280
22.890
22.550
22.550
22.550
22.220
22.660
23.320
22.580
21.220
21.270
21.360
21.690
21.950
22.370
21.350
22.230
22.600
23.390
23.130
22.620
22.400
22.550
22.510
22.910
22.560
22.200
21.420
20.540
20.510
20.510
20.310
20.260
20.780
21.630
21.380
21.210
21.400
21.490
21.410
21.090
21.160
19.750
19.110
18.050
18.010
18.190
17.850
17.900
18.300
18.610
18.510
18.200
18.180
18.280
18.330
18.690
18.680
18.570
18.100
18.050
17.810
17.980
18.460
18.500
18.900
18.610
18.710
18.200
18.090
16.800
17.900
17.680
17.280
17.480
17.200
17.640
18.420
18.300
17.200
17.380
17.230
17.300
