8.480
8.610
8.640
8.590
8.790
8.780
8.540
8.640
8.380
8.270
16.090
16.410
16.820
16.860
16.360
15.990
15.690
15.530
15.200
15.600
15.410
15.470
15.250
15.170
14.830
14.180
14.690
14.700
14.770
14.410
14.320
15.080
15.430
15.560
15.690
15.610
15.210
15.090
15.220
15.110
15.390
15.110
15.980
16.460
16.920
16.810
16.860
16.510
16.600
16.960
16.720
17.280
18.140
17.910
18.160
18.180
18.720
19.110
19.090
19.470
18.380
18.340
17.900
17.920
17.710
17.290
17.890
17.920
18.190
18.040
17.930
17.710
18.060
18.140
18.070
18.640
18.310
18.410
18.600
18.050
18.020
18.370
18.350
18.450
18.290
17.110
16.960
16.780
16.590
16.910
16.760
17.080
17.170
17.060
16.910
16.870
16.680
16.900
17.110
17.000
17.300
17.370
17.280
17.590
17.200
17.050
17.090
16.800
16.650
16.580
16.390
16.630
17.000
16.800
16.620
16.620
16.810
16.980
17.200
16.260
16.400
16.170
16.090
15.240
15.250
15.160
15.160
15.270
15.370
15.420
15.600
15.370
15.350
15.300
15.390
15.160
14.750
14.710
15.690
15.810
16.030
15.800
15.850
15.760
16.160
16.120
16.230
16.100
16.110
16.020
16.220
16.040
16.050
16.030
16.230
16.070
16.060
15.970
15.950
15.910
15.670
15.970
15.890
15.920
16.190
16.170
16.110
16.120
15.980
16.090
16.070
16.230
16.300
16.080
16.140
16.230
16.240
16.080
16.400
16.540
16.460
16.390
16.380
15.920
15.720
15.610
15.760
15.590
16.010
16.050
16.100
16.090
16.280
16.160
16.640
16.880
16.990
16.810
16.920
17.020
16.780
16.650
16.700
17.170
17.310
17.070
17.350
17.310
16.940
16.710
16.760
17.040
17.050
17.250
17.180
17.280
16.870
16.440
16.840
16.940
17.150
15.970
16.140
15.950
15.880
15.730
16.550
16.780
16.600
17.130
16.930
17.150
17.450
17.110
16.890
16.670
17.130
17.420
17.230
17.530
17.200
16.940
16.340
16.790
16.720
16.980
15.770
15.580
15.440
15.200
15.120
14.340
14.770
14.590
14.180
14.490
14.160
14.030
14.050
13.440
13.610
14.270
14.290
14.250
14.200
14.130
13.840
13.720
13.250
13.050
12.880
12.900
12.950
13.230
13.190
13.040
13.380
13.110
12.970
12.850
12.910
12.660
12.860
12.860
13.490
14.520
14.530
14.700
14.260
14.490
15.300
15.300
15.070
15.000
14.730
14.850
15.280
15.120
14.760
14.920
14.960
14.470
14.860
14.900
14.710
15.100
15.110
14.870
14.430
13.930
13.450
13.860
14.140
13.630
13.460
13.730
13.920
14.230
13.650
13.870
13.720
12.980
12.400
13.480
13.670
15.200
14.690
14.840
14.640
14.280
14.610
14.490
14.210
13.450
12.950
12.600
12.260
11.620
11.970
11.560
12.550
12.360
13.790
13.660
13.230
14.240
14.390
13.730
13.410
13.730
12.910
14.330
15.040
16.680
17.050
18.950
18.040
17.020
17.860
18.240
17.930
17.740
17.790
17.620
18.040
18.520
18.340
18.180
17.840
17.420
17.460
17.470
17.190
16.870
17.420
17.060
17.600
17.730
18.080
17.880
17.990
17.860
18.540
20.360
20.750
20.310
20.700
20.080
19.660
19.180
19.900
19.540
19.200
20.210
20.080
20.400
20.170
20.190
19.210
19.420
18.260
18.880
19.970
19.600
18.800
20.020
18.210
17.660
17.450
16.770
18.630
16.940
17.310
17.010
16.540
17.020
17.040
16.720
16.470
15.920
15.180
15.120
15.230
16.680
16.730
16.680
17.500
17.870
19.850
22.050
24.500
24.680
24.550
23.000
22.490
21.860
24.250
24.080
23.770
21.610
21.670
20.870
22.040
21.480
21.280
21.730
21.610
20.300
19.920
19.300
19.130
19.900
20.090
19.750
19.460
19.990
20.800
20.940
20.170
20.070
20.030
20.190
19.880
19.990
20.250
20.320
19.400
19.290
19.140
19.200
18.960
18.840
18.380
18.110
18.380
18.900
19.010
18.740
19.060
18.950
18.700
18.900
18.140
16.490
16.410
16.160
16.220
15.920
15.890
16.050
15.870
15.300
15.530
16.000
16.550
16.830
15.730
15.770
15.720
15.790
16.230
16.100
15.910
16.510
16.080
15.220
14.290
15.070
15.130
14.660
14.620
14.430
15.310
15.570
15.790
16.180
15.600
15.600
15.400
15.830
16.100
16.290
16.470
15.320
15.150
15.850
16.320
15.740
16.140
15.920
15.780
15.570
15.480
15.260
16.960
16.170
14.930
14.440
14.130
14.090
14.400
14.620
14.570
14.450
14.250
14.030
13.930
14.110
14.100
14.200
14.030
14.100
15.140
15.060
15.720
15.410
15.700
16.100
15.470
15.470
15.000
15.260
15.580
15.590
15.050
15.090
15.260
15.050
14.750
15.120
14.830
14.860
15.330
15.770
15.820
15.930
15.830
15.990
15.660
15.870
15.730
16.010
16.020
15.540
15.010
15.270
14.950
15.080
14.920
15.970
16.060
15.490
15.440
15.550
15.400
15.390
15.210
15.310
14.040
13.610
13.280
13.410
13.190
13.780
14.080
14.350
13.790
14.040
14.000
13.960
13.750
14.150
14.470
14.190
13.920
13.730
14.120
13.060
12.660
12.500
12.930
12.930
12.850
12.490
11.950
11.940
12.320
12.280
12.350
12.110
12.300
12.280
13.230
12.990
13.160
13.000
12.880
12.540
