21142.64
22164.14
20534.01
18368.49
15473.02
15273.03
21018.02
25872.12
27933.02
46495.04
61069.52
62040.52
30812.55
38646.88
60370.86
33181.92
31240.08
42932.47
42104.70
69513.52
27911.95
29365.80
19162.96
22591.02
27002.59
27465.34
46544.66
22401.02
35890.76
46347.50
51546.11
31179.00
33113.10
25007.49
30271.09
28136.51
17891.96
27301.22
43682.36
31366.38
31210.68
29194.69
41318.53
36074.05
75748.64
27000.22
36695.35
34310.09
25264.65
21864.75
40782.01
17539.35
30556.98
47659.41
20852.13
33965.88
31901.01
38977.58
47710.46
98876.01
54544.53
66891.49
33169.07
33011.26
33653.62
63305.14
46475.64
60609.93
57263.61
54490.51
107856.59
178109.20
55954.73
33279.43
37407.40
39560.33
37702.00
47237.02
54536.99
39509.13
39407.01
61919.23
77454.16
44045.68
44012.36
57731.94
74310.11
57220.06
70433.61
72065.91
106238.43
184144.38
248872.02
162072.52
123995.81
177906.06
260296.95
120547.50
121650.56
65586.48
60414.64
72401.80
115862.77
54206.50
86794.51
34389.10
39054.28
54566.56
57915.16
60889.13
61555.79
90628.59
94478.66
142068.88
125613.11
96024.26
121755.82
158982.30
228714.73
323192.69
271099.12
215929.27
218477.83
142478.81
90936.97
128162.68
193844.81
117207.56
207035.12
279244.88
187587.69
227263.16
316468.06
533346.12
419025.62
269792.34
143946.41
161991.64
183243.48
163777.56
45401.45
49681.48
52040.97
73627.70
75401.13
106964.30
89856.27
111210.27
169107.77
229455.77
187634.44
238570.81
333920.91
363933.88
358744.78
205520.20
108631.05
151577.92
223336.53
193573.88
134398.95
108562.64
75231.07
117003.41
56162.58
92666.49
41060.51
37137.10
27687.54
34022.43
41782.30
47223.53
40034.17
36978.66
39824.20
43568.18
41255.87
55419.24
78788.26
53213.07
74836.59
128159.30
87035.57
70970.49
67476.36
73480.34
82994.82
116494.36
132025.98
95001.67
119063.77
24462.04
24692.71
41615.17
42151.85
60660.07
40388.61
31358.34
44658.09
53115.32
48404.38
66907.86
60548.46
73744.88
41973.71
49650.63
91795.71
115986.79
76130.14
114974.68
78201.75
163997.81
222785.89
254244.27
449396.56
181940.11
100782.70
143548.77
90195.08
82770.35
84669.21
68884.80
35368.60
37374.76
42088.47
37999.82
51508.29
70873.69
61909.12
37353.95
63125.46
86533.09
79684.79
67644.24
89802.46
98681.47
150085.41
191219.95
76746.08
85497.50
95925.42
161835.67
100902.82
99254.57
62657.53
86728.17
151742.17
105134.41
95397.91
113789.63
161723.20
196613.27
119796.81
127502.54
109092.29
97148.62
139566.89
219820.23
155567.78
97664.17
131759.80
208721.23
192866.03
244586.12
391845.00
177043.84
57843.00
292895.34
296194.47
143753.47
224008.66
263072.81
432406.75
343545.88
561680.50
617176.50
201849.45
262803.84
124576.38
127208.78
156841.02
201832.33
120827.76
116489.93
54147.68
85750.09
97166.36
154633.02
166871.50
264720.97
226983.48
187816.95
201286.88
267739.62
179336.95
172087.67
291373.00
207096.67
131772.59
223364.05
121930.99
92110.75
124879.86
124068.74
178236.52
184503.34
138027.50
179348.62
94567.90
78388.01
174439.19
236413.20
284435.78
319459.69
409390.19
528449.56
455438.47
426559.75
214730.11
166447.23
85775.07
148044.70
135180.47
137378.97
145990.86
183339.06
194381.38
218380.69
237043.03
323159.00
363687.28
361137.12
319529.69
219050.92
141816.14
148349.77
136941.30
266636.28
164495.88
109361.84
204411.56
9210.00
58280.02
168070.61
162048.09
109977.75
109881.64
140753.00
120581.91
137292.41
119836.21
107532.50
93813.20
112889.41
117283.55
166452.66
198845.50
191964.17
193640.14
220649.88
188198.03
197862.12
226950.23
204359.89
191406.95
270430.44
340083.69
283162.91
213745.80
298539.78
193145.66
275518.88
253246.92
323367.16
209178.38
167258.86
120713.95
108408.94
193063.23
236608.83
207792.19
241068.89
129578.10
101441.18
88840.34
86630.73
118362.15
129636.23
104682.62
119284.74
199845.97
295258.34
392975.84
177626.75
161015.62
104283.90
165472.20
173550.58
111602.75
168272.98
180952.75
185938.14
148953.30
145073.16
170165.89
201111.66
315349.19
305262.31
132974.48
147958.33
290020.62
96320.40
92789.61
125713.66
155424.73
103582.53
142877.45
208530.80
156313.38
192739.17
147353.00
134612.45
121570.06
114274.00
162624.95
99077.01
195979.78
267346.66
175462.59
288827.41
176725.52
89121.67
78032.75
123462.89
111462.11
153079.73
187058.28
65403.79
103312.56
125577.72
46409.63
61791.60
101671.39
145917.80
149378.09
61602.76
84694.41
92642.49
150635.34
220794.81
247211.25
369544.97
202241.59
240312.05
83795.39
79378.16
84133.82
106415.21
61779.85
87572.44
117925.30
229324.05
340570.47
63401.55
92823.11
71114.11
68161.61
51033.95
78385.93
84088.69
87310.59
107650.53
110443.70
180726.56
136620.70
103632.63
134501.95
166861.75
279609.38
444770.03
64333.31
70988.53
131930.30
177763.81
106649.01
107854.10
115335.37
72152.60
73778.17
123838.33
164578.14
88485.86
124458.18
83402.83
47972.55
49728.91
51368.61
54892.73
95642.28
167903.06
128890.19
185325.38
84819.26
70683.79
76262.67
57831.97
57097.06
91391.86
88851.08
100774.97
191103.80
201894.50
154904.34
254664.98
321804.75
349142.12
274247.75
235849.59
272755.06
265934.62
226559.38
230710.80
320873.78
174348.95
227120.06
248242.02
183651.55
207662.02
272849.81
177941.06
204721.02
100869.91
80857.68
124744.45
155468.17
165415.84
142263.30
228841.84
115924.87
66855.46
114300.84
126568.75
166811.42
209989.42
101836.34
123020.95
198267.16
131690.05
239090.75
342664.75
34432.58
59079.84
47462.24
56711.34
70202.15
84069.27
96935.48
72603.65
67685.34
104415.97
153746.19
106549.24
145892.78
133873.09
211777.88
45558.56
61997.06
64183.34
89772.03
50886.24
64081.69
158399.66
94648.27
36577.92
35098.42
53469.72
39152.35
30615.21
22771.85
40424.24
53378.93
34836.93
35775.25
30259.00
35869.29
48701.89
44083.95
