0.120
0.020
0.030
0.000
0.060
-0.030
-0.090
0.010
-0.060
0.070
0.060
0.080
-0.040
0.050
-0.050
-0.080
-0.170
-0.010
0.090
0.090
0.030
-0.050
0.040
0.000
-0.010
0.110
0.100
0.020
-0.050
0.030
0.110
0.050
0.000
-0.020
-0.060
0.070
-0.010
-0.020
0.090
-0.040
0.030
0.090
0.030
0.000
0.010
-0.120
0.010
-0.070
0.000
-0.030
0.080
0.110
0.040
0.010
-0.160
-0.230
-0.130
0.110
0.060
-0.080
-0.030
0.250
0.020
0.000
0.070
0.020
-0.050
0.030
-0.150
0.090
-0.170
-0.060
-0.030
0.320
0.120
-0.100
0.340
0.070
0.040
-0.050
0.000
0.010
0.020
0.010
0.000
-0.050
0.020
0.010
-0.100
0.000
-0.010
0.000
0.010
0.050
-0.050
0.070
0.070
0.010
0.040
0.030
-0.060
0.070
0.030
0.060
-0.080
-0.020
0.010
0.010
0.000
0.040
-0.020
0.020
-0.020
0.060
0.020
0.060
-0.030
-0.030
0.020
0.010
0.020
0.030
0.030
0.060
-0.030
-0.030
0.020
-0.040
-0.100
0.030
0.110
0.010
-0.020
0.000
-0.110
0.020
0.010
-0.140
0.040
-0.050
0.040
0.000
-0.180
-0.050
0.120
-0.040
0.150
0.010
0.040
0.010
-0.010
-0.030
0.170
-0.040
0.030
0.000
-0.030
0.030
0.100
0.070
-0.080
0.030
0.010
-0.060
0.090
-0.070
0.020
-0.080
-0.050
0.000
-0.070
0.020
0.040
0.040
0.010
0.030
0.090
-0.090
-0.060
0.060
-0.010
0.040
0.090
-0.040
-0.020
0.050
0.000
-0.110
-0.040
0.020
-0.010
0.010
0.070
-0.100
-0.040
-0.010
-0.080
0.010
-0.040
0.090
0.040
-0.030
-0.140
-0.130
0.040
-0.020
0.010
-0.100
0.020
-0.050
-0.150
0.030
-0.150
0.020
-0.060
0.270
0.240
-0.030
-0.070
0.020
0.130
-0.060
0.030
-0.100
-0.030
0.100
-0.010
0.240
0.120
0.120
-0.020
-0.090
0.050
-0.020
-0.010
0.070
0.020
-0.060
0.010
0.220
-0.020
-0.020
-0.040
0.080
-0.010
0.120
0.010
0.000
0.080
-0.010
0.030
-0.100
-0.070
0.100
0.000
0.020
0.040
-0.060
0.050
-0.030
-0.120
0.020
-0.020
-0.020
0.120
-0.040
-0.020
0.190
0.010
-0.010
0.000
0.000
-0.050
0.020
0.050
0.000
-0.050
-0.090
-0.040
-0.130
0.190
0.210
0.060
-0.130
-0.100
-0.010
-0.030
0.070
0.090
0.050
0.000
0.000
0.000
0.030
-0.100
-0.180
-0.020
-0.180
-0.030
0.010
0.120
-0.010
0.060
-0.130
-0.100
-0.070
0.090
-0.030
0.010
0.220
0.030
-0.080
0.080
-0.160
-0.070
0.030
0.160
0.080
0.070
0.090
0.030
0.120
-0.010
-0.130
-0.130
-0.050
0.030
0.060
-0.010
0.300
0.100
-0.230
0.080
-0.540
0.360
0.010
0.150
-0.080
0.080
0.060
0.220
-0.090
-0.090
0.070
-0.070
0.080
-0.040
0.220
-0.240
-0.150
-0.550
0.000
0.020
-0.230
-0.010
0.180
-0.060
-0.090
0.100
-0.120
0.060
-0.480
0.120
-0.570
0.170
-0.020
-0.570
-0.030
-0.090
-0.060
-0.180
-0.030
-0.070
0.020
-0.070
0.200
0.000
0.160
-0.050
-0.130
0.220
-0.090
-0.100
0.020
-0.210
-0.100
-0.210
-0.010
0.360
0.110
0.120
-0.340
-0.050
0.010
-0.020
-0.080
0.010
0.040
-0.080
0.010
-0.060
0.030
-0.120
-0.040
-0.140
0.170
0.090
0.210
0.350
-0.090
-0.170
-0.140
0.030
-0.170
-0.160
0.190
-0.040
0.150
-0.540
-0.120
0.300
0.060
0.310
-0.210
-0.080
0.270
-0.090
0.310
-0.050
-0.060
-0.100
-0.390
-0.300
-1.080
-1.200
-1.340
-1.490
1.380
0.260
-0.270
1.250
-0.840
0.070
0.640
-0.190
-0.220
-0.140
0.390
0.900
0.070
-0.180
0.240
0.630
-0.370
-0.900
-0.190
0.100
0.350
0.270
0.240
-0.020
0.390
0.020
-0.440
-0.040
-0.570
0.410
0.330
0.270
-0.930
-0.530
-1.090
1.260
0.300
-0.260
-0.340
0.420
-0.510
-0.220
0.660
0.240
0.160
0.370
0.280
-0.600
0.580
0.070
-0.010
0.510
-0.180
0.260
0.100
-0.170
0.140
-0.240
0.350
-0.110
0.210
-0.300
-0.280
0.210
0.070
0.160
0.140
0.230
0.160
0.110
0.170
-0.100
0.040
0.130
0.000
-0.360
-0.040
-0.380
0.180
-0.090
0.210
0.580
0.010
-0.020
0.210
-0.030
0.010
0.310
-0.010
-0.170
-0.280
-0.070
0.220
-0.660
-0.310
0.170
-0.230
-0.330
0.130
0.040
-0.140
0.580
0.150
-1.130
0.120
0.390
-0.160
0.130
-0.610
-0.300
-0.510
-0.070
-0.260
1.130
0.990
-0.270
0.510
0.070
0.390
-0.300
-0.620
0.970
0.660
0.080
-0.030
0.000
0.150
-0.140
0.220
0.550
-0.190
0.600
0.030
0.230
0.160
0.090
-0.010
-0.160
-0.090
0.190
0.030
0.250
-0.030
-0.060
-0.010
0.020
0.050
-0.110
-0.020
0.050
-0.170
0.270
-0.020
-0.080
0.000
-0.080
-0.020
-0.060
0.540
0.210
0.180
-0.200
0.030
-0.010
-0.100
0.130
0.060
0.050
-0.130
0.070
-0.110
-0.040
-0.160
-0.100
0.000
0.070
0.340
0.010
-0.060
0.000
-0.040
-0.030
0.120
0.170
0.060
-0.240
-0.070
0.100
-0.190
0.240
0.030
0.140
0.120
-0.010
0.190
0.110
0.050
-0.100
0.120
-0.070
0.170
0.150
-0.010
-0.020
-0.010
0.010
-0.030
-0.080
0.010
0.170
0.020
0.000
-0.020
0.050
-0.020
-0.030
0.050
0.000
-0.050
-0.070
-0.010
-0.030
0.090
-0.050
0.070
0.050
-0.020
-0.210
0.350
0.080
-0.040
0.000
0.100
