15.230
15.170
15.200
15.390
15.260
15.340
15.340
15.540
15.490
15.210
15.250
15.290
15.230
15.270
15.290
15.520
14.930
14.910
14.790
14.480
14.620
14.540
14.430
14.590
14.480
14.270
14.260
14.860
14.740
14.260
14.030
14.360
14.210
13.690
14.160
14.580
13.900
13.630
13.760
13.550
13.390
13.100
13.520
13.160
12.830
12.250
12.260
12.000
12.140
12.010
11.870
12.880
12.890
13.050
13.660
14.140
14.100
14.530
14.460
14.280
14.110
14.370
14.360
14.330
14.000
14.000
14.500
14.770
14.700
14.580
14.720
14.790
15.190
15.010
15.070
15.360
15.080
15.170
15.300
15.430
15.860
16.020
15.860
16.010
16.090
15.830
16.400
14.910
14.830
15.130
15.170
14.670
14.760
14.730
14.680
15.170
15.210
14.940
14.980
14.560
14.650
14.550
14.600
14.300
13.980
14.240
14.110
14.140
14.350
14.140
13.930
14.220
14.170
14.090
14.680
15.220
15.260
15.840
16.830
16.630
16.890
16.420
15.990
15.790
16.090
16.070
16.660
16.050
15.720
16.950
16.790
16.830
16.730
15.210
15.570
15.600
15.760
14.760
15.050
14.650
14.200
13.890
13.780
13.680
13.810
13.820
14.220
14.780
14.840
14.670
14.550
14.920
14.750
14.860
14.840
14.960
14.560
14.650
14.440
14.680
14.220
14.280
13.990
14.150
14.050
14.040
14.200
14.310
14.140
14.180
14.210
14.190
14.050
13.840
13.980
14.050
13.960
13.700
13.740
13.830
13.930
13.960
13.790
13.590
13.510
13.430
13.470
13.420
13.670
13.780
13.890
13.940
13.880
13.740
13.900
13.770
14.550
14.710
14.540
14.640
14.460
14.350
14.310
14.660
14.770
14.880
14.660
14.870
14.420
14.430
14.450
14.790
14.210
14.020
13.960
13.820
13.600
13.610
13.830
14.090
13.960
13.650
13.760
13.790
13.660
13.200
14.360
15.340
15.200
14.470
14.300
14.150
14.380
14.190
13.990
13.920
14.320
14.310
14.480
14.440
14.180
14.410
14.300
14.630
14.530
14.470
14.040
13.980
14.000
14.140
13.900
13.720
14.000
13.950
12.680
12.800
12.880
12.830
13.090
12.780
12.800
13.860
14.080
13.800
13.930
14.080
13.860
13.900
13.500
12.830
12.610
12.700
12.900
13.190
13.200
12.910
12.700
12.950
12.810
12.310
12.250
12.290
12.540
12.530
13.390
14.380
14.550
14.690
14.380
14.000
13.730
13.960
13.260
13.550
14.180
13.440
13.930
13.110
13.090
12.760
12.560
12.400
12.550
12.350
12.480
12.940
13.150
12.980
12.680
12.860
12.410
12.370
12.590
12.070
12.430
12.390
12.500
12.110
11.580
11.310
11.740
11.480
11.060
11.270
11.350
11.680
11.600
11.210
12.030
12.240
11.340
10.920
11.830
12.380
13.760
13.650
14.100
14.010
12.740
11.580
10.550
10.050
10.300
10.500
10.200
10.190
9.860
10.120
9.700
9.790
9.940
11.000
10.930
10.450
11.600
11.800
10.730
10.510
11.650
11.300
12.470
13.860
15.460
16.450
18.270
17.820
16.000
15.130
15.250
14.220
13.970
14.390
14.320
14.070
14.050
13.760
13.420
13.780
13.520
13.390
13.320
13.000
13.130
13.200
13.580
14.160
13.700
13.950
13.600
13.180
12.860
12.990
14.030
14.730
13.890
13.670
13.360
13.250
13.050
13.430
13.660
13.480
13.550
13.890
13.930
14.380
13.100
12.490
12.530
11.970
12.070
12.110
12.370
12.200
12.980
13.000
12.550
12.420
11.890
12.490
12.460
12.660
12.270
11.620
11.410
11.260
10.780
10.650
10.090
10.080
10.320
10.220
10.660
10.480
10.730
10.620
10.250
10.150
10.570
9.710
10.790
11.990
11.450
11.630
11.570
10.710
9.530
9.870
10.890
11.350
10.420
9.900
10.490
11.650
12.970
13.690
14.150
13.480
14.990
14.390
14.840
14.040
13.990
13.370
12.500
12.000
12.140
11.950
11.000
12.120
12.610
12.610
11.900
12.650
14.000
14.090
13.350
13.230
12.540
12.200
11.320
11.180
12.430
12.090
10.990
9.990
9.080
10.090
11.210
12.510
13.900
15.450
17.170
16.480
18.310
20.380
20.810
18.940
19.760
21.920
22.780
22.100
23.290
24.460
23.740
21.580
20.710
21.310
20.870
20.250
21.140
22.360
22.110
21.000
20.340
21.070
20.430
20.340
18.920
17.200
16.830
16.620
15.990
15.790
16.480
16.600
16.120
16.030
15.150
14.580
15.130
15.210
15.420
15.040
14.830
14.410
15.260
15.390
14.480
14.700
14.600
14.040
13.690
13.570
13.480
14.260
14.480
14.410
13.620
13.820
14.160
13.910
13.800
13.430
13.290
13.530
13.350
13.210
13.260
13.350
13.640
13.370
13.480
13.510
13.660
13.750
13.170
13.190
12.770
12.810
12.710
12.570
12.540
12.600
12.770
12.200
12.080
12.050
11.870
11.710
11.740
11.650
11.550
11.400
11.250
11.300
11.140
11.290
11.470
11.510
11.500
11.150
11.360
11.310
11.250
11.230
10.970
10.820
10.750
10.510
10.340
10.860
10.950
10.760
10.810
10.590
10.890
11.060
11.160
11.260
11.120
10.980
10.740
10.800
10.990
11.150
10.740
10.560
10.590
10.980
11.230
11.110
11.310
11.400
11.290
11.210
11.180
10.740
11.320
11.510
12.210
12.190
12.170
11.980
12.230
12.180
11.780
11.520
11.290
11.290
11.260
11.090
11.050
11.100
11.160
11.170
11.290
11.070
11.320
11.270
11.610
11.490
11.780
11.170
11.150
11.050
11.170
11.110
10.790
10.660
10.800
10.760
10.820
11.060
10.900
11.120
11.620
11.700
11.810
11.620
11.830
11.980
11.950
11.920
11.090
11.070
11.280
11.210
11.120
11.370
11.380
11.530
11.080
11.150
10.930
10.760
10.900
10.920
10.900
10.810
10.510
10.350
10.270
10.110
10.020
10.130
10.090
10.360
10.470
10.410
10.580
10.760
10.700
10.490
10.360
10.420
10.420
10.540
10.630
10.420
10.310
10.340
10.340
10.140
10.310
10.220
10.350
10.420
10.250
10.320
10.400
10.200
10.130
10.330
10.130
10.170
10.170
9.950
9.850
9.580
9.560
9.780
