21.190
21.140
21.990
22.140
21.740
21.940
22.370
23.240
23.870
24.470
25.930
23.840
24.450
22.850
21.780
20.350
19.910
19.350
18.800
19.200
19.500
19.440
18.800
18.940
18.190
18.240
18.250
17.950
17.150
17.410
17.990
18.060
18.070
18.090
18.290
17.710
17.760
17.970
18.350
18.800
18.830
18.850
19.240
19.350
19.650
19.760
19.500
18.920
19.000
19.050
19.580
19.740
20.160
21.530
21.780
21.540
21.420
21.800
22.660
20.860
21.400
22.360
21.260
21.580
19.960
20.170
19.940
19.840
20.270
20.170
20.160
20.240
20.550
20.620
20.780
20.780
20.870
21.200
20.990
21.290
21.190
21.380
21.940
22.200
22.440
22.080
22.480
21.870
21.930
22.180
22.820
21.390
21.700
21.800
22.260
22.380
22.290
21.490
20.980
20.810
20.820
21.100
21.200
21.090
19.280
19.370
19.240
19.440
19.360
19.200
18.880
18.990
18.880
19.950
20.490
20.830
20.340
20.450
20.560
20.500
20.400
19.960
19.680
19.990
20.430
19.730
19.870
19.900
20.480
20.420
18.620
18.480
18.680
18.850
18.860
18.500
19.150
19.920
20.990
21.390
21.320
21.380
21.380
21.590
21.700
22.370
25.100
25.520
24.980
25.230
25.300
25.400
24.790
24.500
23.390
23.650
23.510
23.990
24.600
24.750
24.200
24.280
24.560
23.580
21.980
21.340
21.400
21.560
21.350
22.090
22.200
22.750
23.250
22.470
21.900
21.750
21.850
20.980
19.900
21.100
21.530
21.500
20.960
21.310
22.100
22.060
22.300
22.770
24.060
24.800
24.940
24.070
23.480
23.800
22.860
20.940
21.300
21.870
21.950
22.030
22.380
22.410
22.400
22.600
23.040
22.780
23.000
22.380
21.600
21.250
21.500
21.700
21.550
22.700
22.000
22.450
21.120
21.220
21.740
22.140
23.350
22.780
21.980
20.800
19.530
18.730
18.300
18.520
18.790
17.730
17.890
17.950
18.500
19.500
18.660
16.960
15.510
15.550
14.970
15.410
15.600
15.770
15.750
16.150
16.710
15.200
14.600
14.930
15.390
16.610
16.750
16.580
16.590
16.180
16.360
16.700
15.710
15.190
15.900
15.250
14.530
14.710
14.280
14.210
14.210
14.690
15.880
16.150
15.810
16.200
16.380
16.250
15.720
16.100
16.000
15.880
16.100
17.240
18.570
19.700
20.280
21.150
22.840
23.380
21.960
22.270
23.400
23.300
24.050
24.440
24.100
24.800
24.660
23.350
22.650
22.660
22.310
22.390
23.360
21.870
21.930
22.150
21.880
21.320
21.370
22.000
21.980
23.430
24.080
24.150
23.750
24.610
24.490
24.260
26.280
27.690
26.280
26.350
24.640
25.100
24.790
23.110
22.650
23.150
21.990
21.330
21.300
21.000
21.360
22.120
22.180
23.460
22.430
20.390
20.500
20.390
20.700
21.000
20.200
19.900
18.500
17.180
16.330
16.500
15.850
16.000
15.280
15.950
15.700
15.450
15.190
14.570
14.400
15.350
14.650
14.250
16.640
16.070
15.280
14.880
13.980
13.380
14.110
14.780
16.200
16.460
16.500
18.350
17.290
20.400
21.900
22.670
21.000
22.400
22.490
22.830
21.540
20.640
20.120
19.650
17.990
17.980
18.360
17.350
17.390
18.400
19.740
19.500
20.200
23.650
24.550
24.260
22.500
21.490
21.490
21.970
22.300
23.040
26.990
27.900
25.610
25.800
25.130
26.980
27.500
28.500
28.500
28.800
30.980
32.890
32.200
33.480
34.990
35.980
34.980
36.350
33.340
30.900
28.350
27.550
28.500
28.590
27.790
26.580
27.950
29.660
30.300
30.300
30.990
28.220
25.650
23.690
24.450
22.510
22.590
21.210
21.470
20.840
20.180
19.600
21.000
22.480
22.550
22.800
22.540
23.100
23.650
21.820
22.400
22.300
21.970
22.780
23.970
25.210
25.560
23.240
21.300
19.890
19.890
18.530
17.980
16.770
16.500
16.480
16.880
16.630
15.860
15.350
15.970
16.160
15.560
15.480
15.640
15.660
15.440
15.050
14.500
14.800
15.080
14.800
14.850
14.480
13.450
12.920
13.060
12.670
12.220
12.180
12.360
12.250
12.230
12.280
11.840
11.820
11.630
11.770
12.000
12.150
12.150
12.200
12.150
12.490
12.850
12.400
12.670
12.950
13.080
12.290
12.210
11.130
11.280
11.490
11.010
11.130
11.030
11.180
11.710
11.920
11.990
11.660
11.390
11.260
11.130
11.580
11.790
11.640
11.190
11.400
12.250
12.720
13.280
13.600
12.880
12.900
12.750
11.590
10.540
9.580
8.710
