24642.77
30414.27
20479.61
19887.26
23220.57
19607.10
29616.72
27972.00
47657.55
34851.26
55575.75
29715.78
28924.40
38833.03
52760.44
38988.48
52914.41
35065.53
71763.18
39986.75
34519.02
42925.04
39935.44
48897.75
61889.54
44810.02
49255.62
33999.00
96115.25
27822.00
40592.49
20838.00
19854.00
17194.11
35991.35
19440.49
23101.56
35343.27
71302.01
42430.77
85620.97
51992.08
76626.64
52679.00
46714.44
41404.25
49598.05
87215.51
114148.01
257143.12
149408.09
65205.41
23053.41
38953.53
25426.00
37389.81
28294.33
17122.56
30636.29
53561.50
47364.11
44300.28
30639.88
47764.89
40501.75
47240.83
80404.50
44240.62
83440.32
151523.27
79207.62
32809.18
54146.39
60089.01
81942.98
86164.45
86784.02
237420.38
261392.33
97403.10
109902.61
105362.50
136828.41
100707.80
70948.29
118408.65
153975.45
78244.43
81447.61
29910.25
80099.01
44224.24
44716.14
35612.49
61305.41
86971.64
37940.35
67797.49
50076.84
43475.06
68157.96
31178.41
33265.54
27563.74
18088.52
26841.05
33758.25
24059.22
44354.98
103374.90
50736.04
63702.65
114376.98
284961.22
41001.00
68987.49
54612.01
49490.29
46118.09
43066.52
26139.37
27857.69
21350.99
30034.88
25083.20
23147.02
29345.19
24552.36
28010.85
22592.00
20993.00
29424.00
33368.00
69308.10
50830.23
75103.61
141435.73
345369.62
24441.00
27002.00
25863.39
41984.52
52695.51
38410.22
53780.86
52963.28
90990.20
234035.02
73404.06
118675.08
59717.14
98437.65
96672.06
169512.41
177414.48
260136.73
60285.85
59255.38
59815.53
80036.01
59583.97
61886.01
178485.55
91228.00
118111.68
75713.50
107816.00
56721.40
44941.75
80885.28
204696.59
92100.02
179781.75
247987.50
378381.94
97758.14
143365.47
103447.88
162964.88
125278.52
160684.05
193446.42
50060.21
66778.20
45604.56
45272.62
83653.75
131646.02
81462.84
44944.68
43116.58
49919.55
43075.17
26921.93
46023.32
60558.27
138058.14
54634.19
63030.06
48127.05
56715.94
63737.38
59244.84
88679.35
34684.91
55471.07
80742.97
95858.91
74625.01
69871.12
44865.52
56243.29
69834.61
108330.28
66038.31
57199.89
61596.01
93322.87
50891.92
70657.26
50980.00
51205.43
55894.47
46680.86
75520.77
69586.19
128131.25
197337.28
172977.05
232591.94
337003.94
144129.39
56118.65
64551.44
124645.83
88997.73
82141.56
111381.92
104657.14
99993.56
95528.75
212153.41
294419.12
141559.55
146952.83
151009.55
230912.06
398611.75
295117.06
263000.47
246722.23
234271.30
226046.91
299591.12
367568.00
280355.62
237693.97
459023.16
279897.12
338831.25
377274.19
613914.75
641919.62
491145.66
876820.94
32229.55
332865.44
8570.01
79513.87
101039.65
93767.98
55384.19
68037.00
56351.26
59002.51
50761.28
59221.00
75159.38
61897.56
85073.25
99150.98
68583.26
57504.16
31012.86
46590.35
49393.50
44331.35
31820.83
44068.38
54581.18
61684.96
47668.12
37219.43
76091.57
101928.69
98486.17
73213.13
61031.60
102363.61
123495.03
98564.04
11056.00
24312.00
91303.74
24591.01
200251.02
9932.00
88024.22
59359.48
67707.77
73734.30
81331.43
101497.84
101594.12
50689.57
42794.21
52117.74
54074.05
47101.27
50536.17
90058.48
146191.34
58208.08
65807.57
61963.98
46872.85
127139.52
111499.79
99340.97
96638.53
62487.86
102790.18
103647.78
49729.27
64619.25
123491.07
151614.69
118591.70
180799.42
87802.30
150253.52
109354.02
103302.56
97351.43
76958.61
63197.01
87472.80
70806.85
121089.65
178443.02
113226.71
148101.27
163038.66
102737.27
167740.09
96819.03
97172.82
97435.73
91437.71
74313.76
108785.50
129449.20
76324.67
117785.77
114053.73
152983.97
186943.00
340202.09
10327.00
1675.00
873.00
4549.00
47579.15
57427.87
109044.13
92298.70
151465.56
166585.98
127730.54
121147.57
101839.45
87338.24
82393.81
113803.85
79221.37
75422.64
65063.87
106561.15
178426.91
116643.48
199281.56
106731.15
152167.84
83137.39
139157.55
76111.72
73592.11
77922.88
85024.40
73128.82
54683.40
38149.04
41760.72
52647.79
39472.09
45997.11
51211.13
49737.49
104515.32
68489.55
56781.08
91052.08
87640.07
80886.27
126484.15
115853.16
148354.20
154203.33
72442.37
118381.55
60864.20
164103.97
52674.20
41744.24
63784.08
80183.84
71929.30
118962.46
88851.71
89266.74
135493.55
123154.45
194033.14
277784.75
76721.26
55337.31
110214.89
98873.06
173667.27
89015.42
42021.06
60704.13
70423.87
81967.67
65445.21
70899.06
87363.18
91353.81
204169.92
189464.84
157383.88
258437.98
101554.47
149175.70
79321.66
93540.67
47794.78
61041.66
117998.26
197301.84
71904.72
54070.51
61349.58
57051.97
51221.32
56897.83
54298.23
87245.29
41515.03
39532.31
39211.55
51074.59
51164.37
43272.77
73447.13
53445.19
104987.35
49186.87
76227.31
51355.67
75877.43
143270.73
67751.13
60161.55
111429.23
126483.60
184152.61
51019.07
67760.37
58671.21
81949.50
67552.92
71198.29
