6.060
6.070
6.080
6.040
6.010
6.030
6.030
6.110
6.100
6.100
6.330
6.340
6.180
6.190
6.230
6.250
6.250
6.300
6.270
6.350
6.470
6.440
6.450
6.580
6.490
6.250
6.560
6.230
5.680
5.580
5.720
5.890
5.940
6.030
6.040
5.850
5.730
5.750
5.700
6.000
5.990
6.180
6.350
6.570
6.380
6.270
6.120
6.030
6.100
6.090
6.230
6.480
6.570
6.570
6.750
6.750
7.600
7.020
6.550
6.780
6.650
6.380
6.460
6.730
6.140
6.140
6.180
6.180
6.200
6.180
6.190
6.210
6.240
6.250
6.340
6.290
6.270
6.330
6.220
6.220
6.260
6.300
6.330
6.290
6.280
6.330
6.340
6.370
6.470
6.370
6.390
6.340
6.320
6.300
6.320
6.310
6.380
6.300
6.380
6.290
6.250
6.210
6.220
6.240
6.230
6.210
6.300
6.140
6.150
6.130
6.140
6.170
6.150
6.180
6.250
6.300
6.370
6.400
6.380
6.340
6.360
6.330
6.340
6.300
6.280
6.290
6.300
6.280
6.300
6.310
6.230
6.190
6.220
6.200
6.190
6.220
6.240
6.480
6.520
6.550
6.510
6.500
6.500
6.670
6.670
6.660
6.700
6.750
6.720
6.710
6.780
6.810
6.960
6.970
6.930
6.910
6.890
6.900
6.920
6.800
6.820
6.750
6.780
6.890
6.950
6.780
6.660
6.720
6.710
6.800
6.740
6.750
6.670
6.660
6.690
6.660
6.640
6.660
6.700
6.730
6.630
6.620
6.400
6.380
6.380
6.360
6.420
6.450
6.440
6.410
6.400
6.360
6.330
6.340
6.420
6.600
6.660
6.840
6.460
6.490
6.490
6.530
6.550
6.580
6.590
6.670
6.540
6.620
6.600
6.640
6.720
6.850
6.550
6.570
6.560
6.430
6.470
6.470
6.480
6.450
6.410
6.420
6.420
6.380
6.400
6.490
6.510
6.760
6.770
6.840
6.760
6.830
6.790
6.580
6.640
6.700
6.870
6.700
6.580
6.560
6.490
6.600
6.460
6.380
6.340
6.240
6.260
6.280
6.250
6.140
6.190
6.160
6.170
6.190
6.220
6.260
6.210
6.250
6.140
6.240
6.320
6.380
6.430
6.430
6.400
6.500
6.430
6.300
6.310
6.270
6.260
6.300
6.320
6.230
6.290
6.340
6.430
6.380
6.370
6.350
6.490
6.370
6.490
6.840
6.840
6.870
6.900
6.650
6.670
6.720
6.660
6.600
6.620
6.720
6.980
7.010
7.080
7.240
7.180
7.190
7.120
7.150
7.150
7.450
7.460
7.290
7.220
7.320
7.290
7.270
7.340
7.290
7.320
7.500
7.690
7.440
6.820
6.530
6.620
6.640
6.570
6.340
6.460
6.450
6.530
6.560
6.630
6.680
6.640
6.390
6.670
6.830
7.290
7.320
7.390
7.410
7.310
7.380
7.280
7.260
7.010
7.190
7.220
7.120
7.120
6.920
6.990
7.010
7.040
7.190
7.460
7.500
7.830
7.440
7.540
7.180
7.230
7.350
7.360
7.370
7.580
7.680
7.980
8.130
8.030
8.650
8.850
8.950
8.920
9.270
9.520
9.010
9.290
8.940
9.200
8.750
8.850
8.770
8.220
7.480
7.330
7.450
7.400
7.710
7.830
7.790
7.700
7.570
7.580
7.680
8.270
8.450
8.560
8.390
8.600
8.900
8.510
8.740
8.780
7.980
7.440
7.640
7.660
7.540
7.500
7.450
7.370
7.290
7.020
7.230
7.360
7.410
7.540
7.590
7.690
7.850
7.380
7.340
7.180
7.100
6.920
6.830
6.830
6.960
6.810
6.510
6.530
6.190
6.250
6.180
6.180
6.180
6.250
6.380
6.080
5.900
5.960
5.920
5.800
6.510
6.440
6.510
6.620
6.350
6.250
6.280
6.560
7.000
7.070
6.610
7.070
6.980
7.940
9.190
9.960
10.580
11.130
10.250
9.820
9.600
9.840
9.910
9.850
9.390
9.400
10.100
9.470
9.250
9.190
9.550
9.790
9.500
9.600
9.360
9.350
9.230
9.100
9.130
8.950
8.730
9.000
9.920
9.480
8.620
7.840
7.870
8.180
10.700
10.300
11.900
12.900
12.500
11.750
12.300
13.000
12.350
11.990
12.090
12.340
11.750
11.690
12.210
12.500
12.430
12.020
12.170
12.470
12.560
12.010
12.390
12.620
11.540
10.560
11.090
10.850
10.460
10.240
9.550
9.350
9.400
8.960
8.730
8.800
8.940
9.030
9.070
9.020
8.880
8.540
9.160
9.280
9.330
9.660
9.620
9.690
10.130
9.490
9.600
9.080
8.690
8.650
8.910
8.930
9.090
9.330
9.200
8.710
8.790
8.930
8.880
8.260
8.330
8.050
8.110
8.410
8.340
8.100
8.050
7.860
7.470
7.300
7.220
7.080
7.050
6.880
6.620
6.690
6.730
6.760
6.640
6.690
6.710
6.500
6.350
6.310
6.270
6.270
6.290
6.170
6.150
6.160
6.020
5.980
5.920
6.030
6.220
6.190
6.190
6.170
6.170
6.300
6.380
6.460
6.420
6.430
6.440
6.390
6.270
6.170
6.370
6.380
6.380
6.540
6.330
6.390
6.470
6.490
6.460
6.480
6.340
6.210
6.290
6.290
6.350
6.320
6.280
6.270
6.530
6.790
6.910
7.120
7.090
6.940
6.930
6.800
6.790
7.000
7.120
7.370
7.470
6.930
6.680
6.740
6.680
6.720
6.590
6.560
6.520
6.440
6.480
6.650
6.520
6.420
6.390
6.380
6.380
6.750
6.750
6.790
6.760
6.780
6.970
7.020
7.120
7.180
7.170
6.970
6.850
6.920
6.810
6.940
7.100
7.490
7.490
7.830
7.290
6.850
6.730
6.740
6.520
6.490
6.160
6.040
6.020
6.060
6.060
6.030
6.130
6.080
6.170
5.770
5.900
5.930
5.730
5.780
5.800
5.840
5.660
5.530
5.520
5.530
5.320
5.430
5.440
5.230
5.320
5.360
5.410
5.520
5.520
5.490
5.460
5.460
5.500
5.440
5.470
5.480
5.460
5.520
5.450
5.580
5.610
5.670
5.510
5.410
5.580
5.150
5.090
5.160
5.170
5.120
5.150
5.250
5.080
5.150
5.170
5.160
5.090
5.170
5.060
4.910
