9.540
9.680
9.550
9.460
9.430
9.420
9.410
9.530
9.490
9.400
9.400
9.630
9.660
9.590
9.530
9.690
9.540
9.540
9.430
9.530
9.530
9.590
9.480
9.400
9.310
9.200
9.490
9.480
9.490
9.490
9.680
10.250
10.480
10.200
10.320
10.340
10.160
10.180
10.120
10.140
10.280
10.170
10.540
10.610
10.750
10.490
10.570
10.510
10.310
10.230
10.150
10.830
11.100
11.300
11.830
12.070
12.310
12.510
12.360
12.270
12.300
12.270
12.350
12.370
12.130
12.200
12.410
12.570
12.590
12.450
12.400
12.550
12.720
12.810
12.800
12.830
12.650
12.720
12.850
12.850
12.840
12.960
13.090
12.940
12.740
12.860
13.040
13.090
13.110
13.370
13.180
13.100
12.930
12.900
12.780
13.180
13.130
13.170
13.060
13.030
13.090
13.150
12.590
12.580
12.440
12.500
12.360
12.390
12.560
12.450
12.330
12.450
12.590
12.370
13.380
13.860
14.430
14.520
14.150
13.800
13.940
13.560
13.490
13.190
13.220
13.500
13.530
13.770
13.900
14.510
14.410
13.320
13.100
13.350
13.230
13.090
12.960
12.980
13.930
13.940
14.180
14.130
13.850
14.010
14.490
14.310
14.680
14.880
14.980
15.160
15.740
15.720
15.670
16.140
16.710
18.480
20.530
18.660
16.980
17.050
15.860
16.130
16.200
15.890
15.360
15.000
15.130
14.960
14.580
15.400
15.410
15.190
15.280
15.190
15.590
15.700
15.340
15.290
15.700
15.740
15.950
15.150
13.900
13.690
13.690
13.960
14.000
13.890
13.900
14.880
14.790
14.000
14.320
13.650
13.040
12.990
12.990
12.270
12.280
11.960
11.540
11.700
11.400
11.670
11.430
11.550
11.500
11.100
10.580
10.370
10.430
10.160
10.240
10.300
10.190
10.240
10.080
9.990
10.180
10.290
9.960
9.810
9.820
9.830
9.720
9.630
9.850
9.880
9.900
10.250
10.120
10.070
10.220
10.230
10.200
10.210
10.370
10.370
10.420
10.460
10.080
10.120
10.150
10.140
10.110
10.140
9.980
9.960
9.880
9.780
9.630
9.440
9.690
9.980
9.820
9.780
9.760
9.690
9.770
9.530
9.490
10.090
10.050
10.070
10.140
10.290
10.120
9.790
9.390
9.450
9.510
9.460
9.420
9.490
9.450
9.200
9.140
9.470
9.510
9.390
9.420
9.620
9.700
9.660
10.220
10.590
10.390
10.440
10.180
10.080
10.150
10.420
10.400
10.440
10.130
10.140
10.820
10.900
11.290
11.190
11.040
10.950
11.140
10.950
10.700
11.050
11.040
10.750
11.100
11.330
11.440
11.710
11.600
11.570
11.010
11.100
10.090
9.420
9.120
8.900
9.040
9.150
8.890
8.900
8.980
9.210
9.060
8.820
9.140
9.150
8.700
8.580
9.270
9.150
9.900
9.940
9.830
9.620
9.610
9.730
9.620
9.220
9.440
9.430
9.200
9.180
8.900
9.020
8.650
9.250
9.690
10.780
10.570
10.390
10.990
10.920
10.470
10.290
11.100
10.790
11.360
11.190
12.400
12.230
13.600
13.330
13.880
15.180
15.380
15.020
15.220
15.450
14.400
14.070
14.350
14.410
13.970
14.170
13.580
13.690
13.820
13.490
13.870
13.990
14.170
14.580
14.320
13.790
13.570
13.760
13.920
13.100
14.090
14.480
14.450
14.700
14.200
14.220
13.960
14.260
14.300
13.400
13.370
13.220
13.140
13.500
13.140
12.810
12.900
12.270
12.200
12.420
12.670
12.790
12.880
13.200
13.130
12.090
11.140
12.160
12.160
12.510
12.180
11.060
11.310
11.000
11.020
10.720
10.170
10.100
10.440
10.400
10.640
10.590
10.390
10.370
10.030
9.810
10.120
9.330
10.080
11.190
11.300
11.630
11.440
11.040
10.910
10.350
11.490
11.560
10.630
10.100
9.990
11.100
12.350
13.450
13.800
13.470
14.990
14.020
13.910
13.150
13.700
13.660
13.290
13.080
13.690
13.030
12.510
11.360
11.300
11.670
11.040
10.810
12.020
12.500
12.050
12.180
11.940
12.030
11.050
10.960
12.170
12.740
11.580
10.530
9.570
9.570
10.650
10.100
11.190
11.610
12.650
11.680
12.750
14.200
15.020
14.340
14.130
15.690
16.450
16.180
17.390
18.150
18.370
17.630
17.170
17.210
17.490
17.450
18.110
18.730
17.650
16.860
17.420
18.550
17.350
16.670
16.480
14.980
14.770
15.020
13.650
12.750
13.180
12.690
12.970
12.870
12.360
11.970
12.740
13.910
14.090
13.950
13.990
13.640
14.100
13.600
13.850
14.130
14.180
13.960
13.480
13.400
12.900
13.570
13.860
13.630
13.100
13.440
13.500
13.360
12.350
12.150
12.040
12.250
12.140
12.210
12.560
11.420
11.650
11.600
11.710
11.540
11.480
11.520
11.250
10.610
10.620
10.680
10.770
10.600
10.760
10.880
10.900
10.970
10.570
10.620
10.650
10.390
10.380
10.250
10.190
10.000
10.000
10.030
10.220
10.140
10.190
10.260
10.130
10.410
10.360
10.660
10.680
10.600
10.460
10.620
10.580
10.480
10.050
10.190
10.070
10.060
10.110
10.060
10.570
10.960
10.220
10.410
10.280
9.920
9.710
10.070
10.190
10.280
10.280
10.050
9.990
10.880
11.340
11.450
11.790
11.700
11.690
11.870
11.480
11.160
11.860
11.930
12.610
12.730
12.840
12.500
12.500
12.750
13.050
12.280
12.430
12.410
12.100
11.430
11.650
11.870
10.970
12.040
12.950
13.180
11.980
10.890
9.900
9.000
8.750
8.920
8.830
8.830
9.070
8.330
8.140
8.550
8.940
8.840
9.130
9.090
9.510
9.140
8.310
7.550
6.860
6.240
5.670
5.150
4.680
