12.870
12.890
12.950
12.980
12.840
13.070
13.150
12.940
12.870
12.880
13.260
13.160
13.290
13.100
13.010
13.150
12.650
12.800
12.640
13.050
13.130
13.410
12.420
12.740
12.720
12.670
13.540
13.830
14.650
14.290
14.490
14.900
15.580
16.250
18.050
20.050
21.420
23.800
21.670
19.710
17.920
16.290
16.650
18.500
19.150
17.700
16.090
15.890
16.370
16.190
15.600
14.770
14.750
14.710
14.500
13.380
13.070
13.150
13.330
14.010
12.740
12.730
13.270
13.200
13.070
13.210
13.110
13.340
13.580
13.660
14.470
13.770
13.810
13.920
13.930
14.490
14.520
14.660
14.410
13.780
14.470
13.860
13.810
12.550
12.670
12.290
12.450
13.000
12.910
11.740
12.320
12.180
11.470
11.480
10.670
10.180
10.240
9.880
9.940
9.680
9.870
9.730
9.710
9.750
9.700
9.460
9.520
9.760
9.780
10.220
10.450
10.620
10.650
10.800
10.880
11.090
11.120
11.070
10.930
10.960
10.930
11.020
11.160
11.080
11.450
11.580
11.430
11.620
11.800
11.800
11.760
11.850
11.940
12.760
12.930
12.650
12.520
12.460
12.390
12.700
12.580
12.850
13.530
13.520
13.420
13.690
13.840
13.690
13.440
13.940
14.130
14.120
14.470
14.130
13.620
12.780
13.240
12.870
12.800
12.900
12.900
13.150
13.580
13.080
11.890
11.790
12.000
12.010
11.500
11.860
12.280
12.460
12.550
13.240
12.980
13.770
12.550
11.410
10.370
9.430
8.570
7.790
7.080
6.440
