5.730
5.730
5.760
5.720
5.730
5.610
5.610
5.560
5.450
5.480
5.640
5.670
5.640
5.590
5.630
5.480
5.470
5.380
5.480
5.550
5.570
5.460
5.380
5.360
5.270
5.410
5.490
5.440
5.400
5.360
5.620
5.760
5.700
5.660
5.620
5.570
5.560
5.540
5.680
5.930
5.910
6.100
6.290
6.360
6.140
6.160
6.080
6.070
6.010
5.980
6.370
6.320
6.750
6.490
6.420
7.130
7.900
7.800
7.950
7.800
7.980
8.030
8.070
8.010
7.940
8.110
8.520
8.540
8.650
8.530
8.160
8.100
8.260
8.170
8.180
8.000
8.180
8.000
7.950
7.560
7.500
7.480
7.600
8.200
7.340
7.500
7.600
7.600
7.570
7.320
7.370
7.080
6.200
6.200
6.400
6.330
6.290
6.210
6.240
6.190
6.250
6.220
6.180
6.210
6.310
6.160
6.260
6.250
6.240
6.300
6.170
6.160
6.160
6.090
6.030
6.070
6.080
6.060
5.940
5.950
5.930
5.890
5.830
5.910
5.910
5.950
6.170
6.110
6.080
6.190
6.160
6.170
6.130
6.170
6.250
6.180
6.140
6.050
6.120
6.120
6.070
6.010
6.000
5.870
5.890
5.950
5.910
5.900
5.820
5.760
5.780
5.730
5.790
5.840
5.790
5.830
5.710
5.710
5.900
5.960
6.000
6.040
6.010
5.940
5.860
5.680
5.730
5.710
5.730
5.760
5.810
5.750
5.710
5.720
5.780
5.870
5.820
5.910
5.850
5.960
5.910
6.100
6.390
6.400
6.460
6.370
6.350
6.420
6.310
6.270
6.220
6.180
6.270
6.570
6.550
6.630
6.590
6.540
6.540
6.600
6.380
6.540
6.520
6.510
6.440
6.310
6.370
6.140
6.250
6.180
6.080
6.100
6.110
6.090
6.100
5.850
5.740
5.820
5.910
5.740
5.690
5.800
5.700
5.850
5.750
5.920
6.020
5.700
5.520
5.630
5.610
6.100
6.060
6.110
6.050
5.980
6.010
5.950
5.820
5.590
5.900
5.750
5.630
5.490
5.460
5.240
5.370
5.610
6.100
6.170
6.150
6.200
6.290
6.170
6.100
6.590
6.420
6.810
6.970
6.780
6.800
7.030
6.980
6.700
7.670
7.880
7.730
7.590
7.840
7.750
7.880
7.930
7.830
7.710
7.690
7.530
7.500
7.440
7.170
7.370
7.410
7.440
7.660
7.650
7.690
7.610
7.480
7.650
7.450
8.060
8.250
8.190
8.290
8.220
8.080
8.080
8.400
8.410
8.060
8.350
8.200
7.910
7.900
7.920
7.650
7.540
7.250
7.330
7.350
7.410
7.500
7.480
7.740
7.890
7.710
7.160
7.850
7.760
7.850
7.460
6.810
7.080
6.850
6.720
6.410
6.310
6.150
6.200
6.280
6.210
6.190
6.210
6.370
6.050
6.140
6.320
6.000
6.200
7.120
7.450
8.280
8.430
7.800
7.810
7.800
7.180
6.890
6.700
6.970
6.420
6.550
6.600
7.060
6.610
6.460
7.380
7.730
7.500
7.370
7.010
7.030
6.610
5.820
6.830
6.930
6.630
6.000
4.930
4.990
6.000
7.370
7.000
8.370
8.910
8.290
9.400
9.840
10.710
10.360
9.950
10.700
11.740
11.460
12.200
13.000
12.420
12.160
11.960
12.310
12.100
11.700
11.500
11.420
11.200
10.230
10.340
10.990
11.200
11.000
9.660
9.600
9.320
8.790
8.600
8.600
8.940
8.740
8.700
8.600
8.350
8.140
8.710
9.000
9.440
8.950
8.920
8.810
9.300
9.400
9.090
9.300
8.930
8.630
8.590
8.480
8.420
8.880
8.790
8.620
8.410
8.850
9.190
9.220
8.790
8.830
8.730
8.870
8.850
8.660
8.950
9.220
9.730
9.600
8.070
8.100
8.120
8.550
7.960
7.790
7.810
8.140
7.920
7.830
7.690
7.730
7.200
7.170
7.150
7.120
7.040
7.210
7.100
6.900
6.710
6.810
6.920
6.810
6.710
6.500
6.830
6.540
6.430
6.550
6.430
6.300
6.390
6.280
6.270
6.380
6.330
6.230
6.110
6.330
6.510
6.280
6.350
6.340
6.580
6.670
6.800
6.660
6.610
6.310
6.300
6.570
6.860
6.700
6.780
6.090
6.440
6.600
6.480
6.630
6.810
6.890
6.770
6.820
6.590
6.360
6.620
6.580
7.040
6.850
6.940
6.880
6.950
7.140
7.240
7.370
7.300
7.130
7.230
6.800
6.830
6.900
7.000
6.860
6.790
6.540
6.510
6.370
6.430
6.600
6.380
6.550
6.550
6.540
6.500
6.520
6.290
6.100
6.270
6.410
6.520
6.460
6.260
6.500
6.550
6.690
6.760
6.720
6.970
7.150
7.160
7.010
6.820
6.700
6.590
6.410
6.450
6.520
6.380
6.350
6.330
6.550
6.530
6.480
6.300
6.280
6.490
6.450
5.980
5.980
5.770
5.900
5.850
6.000
5.860
6.090
6.150
5.870
5.740
5.740
6.130
5.820
5.860
5.680
5.350
5.070
4.940
4.880
4.900
4.830
4.860
4.790
4.910
4.880
4.830
4.850
4.740
4.680
4.650
4.740
4.710
4.730
4.700
4.840
4.750
4.750
4.690
4.720
4.630
4.690
4.580
