10.270
10.290
10.170
10.130
10.150
10.270
10.330
10.460
10.470
10.340
10.900
10.120
9.990
10.140
9.880
9.990
9.830
9.860
9.790
9.860
9.870
9.870
9.650
9.620
9.580
9.650
9.890
9.700
9.940
9.360
9.880
10.250
10.370
10.500
10.750
10.660
10.620
10.690
10.450
10.700
10.320
10.350
10.840
10.510
10.590
10.550
10.620
10.650
10.900
10.280
10.320
10.540
10.640
10.660
10.800
10.890
11.280
11.380
11.650
11.460
11.450
11.820
11.730
11.690
11.590
11.560
12.430
12.560
12.950
12.550
12.600
12.380
12.430
12.340
13.490
12.830
11.770
11.870
11.740
12.300
12.280
12.440
12.480
12.570
12.440
13.080
12.050
12.090
11.790
11.820
11.930
11.940
12.450
12.480
13.670
12.530
11.920
11.880
11.550
11.530
11.340
11.280
10.510
10.530
10.450
10.570
10.540
10.640
10.760
10.960
10.660
10.420
10.550
10.720
11.080
11.290
11.330
11.550
11.710
12.170
12.500
12.690
12.770
12.680
12.790
12.880
13.020
13.230
14.020
14.440
14.880
14.820
14.600
14.960
15.390
15.010
14.870
13.520
12.290
11.170
10.150
9.230
