-0.050
0.150
-0.110
0.060
-0.060
0.190
-0.120
0.040
0.110
-0.090
-0.060
0.020
-0.030
0.040
0.040
0.100
0.040
0.100
-0.220
-0.030
-0.010
0.130
0.000
-0.020
0.120
-0.260
-0.020
0.020
0.030
0.190
-0.280
-0.150
0.090
-0.020
0.030
0.090
-0.050
-0.100
-0.160
-0.130
0.180
-0.070
-0.210
-0.080
0.030
0.070
-0.020
0.020
0.040
-0.080
-0.300
-0.070
0.070
-0.120
-0.050
-0.060
-0.160
0.010
-0.050
-0.010
0.020
-0.050
0.030
0.150
-0.010
-0.330
-0.100
0.090
-0.020
0.140
-0.060
-0.080
0.010
0.050
-0.090
0.090
0.030
-0.100
0.030
-0.010
-0.190
-0.030
-0.060
0.040
0.040
0.190
-0.110
0.210
-0.060
-0.040
-0.040
-0.060
0.360
0.050
-0.050
0.040
-0.110
0.030
0.080
-0.020
-0.020
0.140
0.000
0.190
-0.080
0.000
-0.020
-0.090
-0.020
0.080
-0.330
-0.030
-0.040
0.130
0.230
-0.160
0.040
-0.060
0.080
-0.090
0.050
0.030
0.120
0.010
0.020
-0.040
0.010
0.070
-0.100
-0.020
0.060
0.060
-0.060
0.020
0.070
0.100
0.000
-0.530
0.010
-0.060
0.070
0.040
-0.010
-0.210
0.010
-0.020
-0.220
-0.010
0.080
-0.070
-0.110
0.040
0.010
0.060
0.000
-0.150
0.030
0.150
0.030
0.250
-0.140
0.050
0.040
-0.090
0.180
-0.080
0.120
0.020
-0.100
0.010
-0.110
0.000
0.150
-0.060
0.040
0.030
0.070
-0.170
-0.050
0.090
-0.080
0.100
0.140
0.010
-0.050
0.100
0.150
-0.050
0.000
0.040
0.030
0.010
0.040
-0.130
0.030
-0.410
0.090
0.000
-0.020
0.070
0.010
-0.010
-0.030
-0.030
0.040
0.080
-0.130
-0.140
-0.080
-0.400
0.070
0.860
-0.080
0.050
0.010
0.250
0.110
-0.100
-0.080
0.040
0.160
-0.030
0.010
0.080
0.040
-0.260
-0.110
0.160
-0.290
0.090
0.030
-0.140
0.000
-0.070
-0.080
0.240
-0.050
0.040
0.070
0.120
0.010
-0.060
-0.090
0.020
-0.010
0.140
-0.020
0.030
-0.160
0.090
0.390
-0.150
-0.100
0.160
-0.180
0.360
0.030
-0.100
0.140
0.030
-0.340
-0.090
-0.090
0.100
0.000
0.090
-0.030
0.330
-0.060
-0.040
0.110
-0.030
-0.150
0.040
0.090
0.000
-0.410
-0.140
-0.110
-0.400
0.330
0.160
0.050
-0.380
-0.540
0.130
0.680
0.200
-0.100
-0.310
-0.020
0.160
0.060
0.130
-0.110
-0.720
-0.020
-0.240
0.080
0.080
0.100
-0.120
0.140
-0.120
-0.290
-0.130
0.340
-0.040
-0.010
0.610
-0.280
-0.140
0.100
-0.480
0.000
-0.140
0.730
0.100
0.500
-0.220
0.010
0.210
0.050
-0.090
-0.400
-0.070
0.520
-0.380
0.100
0.760
0.110
-0.800
-0.090
-0.960
0.040
-0.240
0.500
0.040
-0.180
0.190
0.550
-0.170
-0.180
0.140
-0.100
0.240
-0.190
0.730
-0.900
-0.030
-1.000
0.200
0.110
-0.320
0.300
0.890
0.370
-0.020
0.240
-0.540
-0.230
-1.010
0.000
-1.120
0.060
-0.480
-1.300
-0.110
0.350
0.090
-0.600
0.050
-0.230
-0.480
-0.210
0.150
-0.020
1.260
0.490
-0.070
0.250
-0.170
0.190
-0.330
-0.730
-0.050
0.430
0.090
0.230
0.160
0.240
-1.310
-0.290
0.600
-0.070
-0.610
-0.110
0.100
-0.570
0.250
-0.100
0.610
0.930
-0.040
-0.240
0.380
-0.110
0.970
0.800
0.970
0.090
0.200
0.050
-0.410
-0.250
0.020
0.580
0.530
-0.700
0.330
0.130
-0.030
0.440
0.180
0.170
0.530
0.210
0.320
0.070
-0.300
0.210
-0.460
0.060
0.140
0.020
0.490
0.160
-0.160
0.640
-0.700
-0.780
0.230
-0.310
0.450
0.670
0.220
-0.650
-0.800
-0.880
0.780
0.030
-0.900
-1.000
-1.110
-0.870
-0.510
-0.030
-1.400
0.520
0.050
1.210
-0.560
0.380
1.110
0.360
-0.430
-0.770
0.630
-1.270
1.150
1.050
-1.170
-1.290
-0.140
0.430
0.520
0.130
0.800
1.020
0.080
-1.120
1.020
0.930
-1.030
-1.150
-1.270
-1.410
-1.570
-1.750
-1.940
-2.150
-2.390
-0.260
0.510
2.160
1.960
0.520
0.500
0.360
-1.550
0.010
0.670
-0.140
1.750
1.590
0.830
0.070
-0.400
0.090
0.180
0.220
1.360
0.310
0.020
-0.130
1.200
1.000
-0.220
0.190
0.560
0.480
-0.500
-0.310
-0.460
0.260
-0.080
0.140
-0.670
0.100
-0.330
0.670
0.440
0.370
-0.440
0.140
0.080
-0.980
-0.290
0.000
-0.300
0.650
0.750
0.190
0.270
0.950
0.110
0.150
-0.020
0.090
-0.200
0.150
-0.220
0.260
-0.060
-0.140
0.220
0.150
0.160
0.030
-0.310
0.420
-0.040
-0.220
-0.300
0.690
0.320
0.080
0.450
-0.040
0.080
-0.090
-0.010
-0.150
-0.110
0.450
0.000
-0.020
0.290
-0.030
0.060
0.120
-0.390
0.110
0.680
0.620
0.560
0.510
0.460
0.420
