13121.55
11522.99
12928.28
9440.27
16986.82
17811.75
14347.33
12684.04
14447.98
20202.44
18658.69
10636.44
15591.53
15551.21
15337.89
35173.18
11636.25
14147.32
14761.62
17320.59
19455.63
23914.60
13126.00
18715.61
24434.37
16721.75
19322.70
11676.92
18189.92
21217.50
25663.21
27711.67
16692.99
30987.70
22633.11
27059.49
13261.81
17855.75
27082.18
21087.72
23028.65
32831.61
23561.13
38230.99
32773.43
10685.75
13737.79
19577.55
13888.72
22194.13
24793.29
30235.71
68414.21
41970.67
31710.24
26564.16
32415.01
26518.28
27523.09
30399.08
31868.16
22537.15
34665.77
31302.74
29498.35
41478.11
38877.28
19511.35
17559.88
16392.86
19675.60
32141.03
26343.14
20543.24
33709.90
21040.60
19244.20
27308.25
19768.48
17819.57
18866.44
17379.83
22385.31
36218.88
17374.59
23237.30
27236.33
16055.64
22348.79
22785.61
23720.92
42548.92
31049.71
23700.10
18170.40
17466.49
23678.22
18106.10
19409.12
17269.15
25709.37
16744.45
16317.81
14291.07
9220.01
10034.79
17726.00
18173.41
10551.43
17157.22
12704.22
16886.00
16405.14
40281.94
43372.43
29615.83
58405.98
32005.08
29339.03
35975.10
34481.79
35319.54
29411.92
84232.10
61235.49
69195.54
66275.88
22928.63
21295.35
31368.00
25121.26
15551.58
20967.94
25496.36
27829.34
30935.35
24547.01
33561.45
31687.72
24638.76
32002.82
18013.07
50623.76
39976.62
34339.81
57271.41
37406.93
40929.00
85954.84
56813.05
58565.49
69026.21
83906.00
54985.81
39747.72
31605.83
54956.01
67062.13
59548.67
46774.28
53173.06
75261.91
49778.85
61285.61
73835.60
74355.02
43952.08
62545.47
50423.58
72270.56
71317.24
40873.88
29386.32
36680.48
43763.15
49564.71
48630.18
41258.94
49752.23
89560.48
56731.63
43549.49
44408.98
27543.48
44498.94
34211.57
30704.75
45965.72
61834.00
78220.48
47236.68
61080.49
87386.97
54699.92
37485.82
42806.44
28030.14
26027.19
68767.47
43054.02
24656.37
18366.45
19942.76
31410.46
41787.76
35894.83
45188.34
30000.96
21111.14
21068.09
27313.72
25800.85
41139.21
52832.73
38621.24
40447.46
31955.04
16993.07
21543.35
26041.59
27973.95
24482.64
17148.29
17304.94
19367.83
44414.91
27692.78
47242.48
54629.10
32211.28
20138.15
32425.84
31005.50
38168.70
48265.59
102684.75
60656.55
29825.02
62682.21
49644.63
45853.88
31223.68
65202.92
40263.82
43165.49
38692.31
21283.10
44371.23
61101.90
41867.55
41810.63
44289.75
30096.46
38721.81
54365.16
33676.58
60392.63
34782.25
49350.02
30080.71
77242.49
25491.08
24687.86
40186.72
33039.33
27430.22
45872.77
47512.51
15021.47
16157.29
26409.33
25218.60
24141.56
26415.68
24602.29
30495.66
38574.62
54133.32
87817.66
26330.01
43978.24
47271.31
41576.64
53632.14
93520.17
103318.81
70544.67
103893.37
72623.74
96979.23
162851.17
211056.09
33478.76
68954.60
119610.18
76356.46
49109.75
65349.38
44278.45
26496.25
39722.99
20699.57
57561.66
37443.30
35553.50
46944.90
53277.94
25476.91
30797.11
41705.16
27388.13
31972.15
27760.68
70234.85
29187.86
30670.22
39948.69
34771.56
29504.22
12327.01
17471.38
35530.09
15636.74
19258.57
15182.03
20793.85
31862.60
38506.04
48931.70
34716.38
23410.72
21302.58
36320.78
37849.46
22652.98
33634.93
44051.69
33875.11
41357.69
36596.29
60006.03
22557.44
36581.45
43910.76
29688.83
49502.85
35948.66
51313.60
59441.84
60275.46
78628.28
47990.15
44353.76
57219.72
67992.47
41228.39
28266.09
46099.46
73365.17
43953.38
77348.39
64352.20
79578.23
16636.00
57812.02
85688.33
68670.12
58335.19
72130.24
44198.43
74222.60
56593.00
103492.47
97020.45
109729.45
93805.05
200787.62
134410.38
75232.18
129291.07
26260.24
32036.21
36996.67
38190.60
38056.64
45754.93
53186.36
44317.86
96938.52
81418.08
95470.41
73668.20
72730.12
77487.23
62949.72
90827.17
69013.49
55715.33
99348.29
110535.05
319054.22
216419.72
96622.20
77505.52
102361.45
71362.65
75322.18
66230.37
27903.25
31788.48
33313.93
33706.73
54987.10
81147.01
60248.18
36303.71
29399.00
82309.84
45344.55
50962.20
95815.21
43707.74
34130.23
40492.76
75504.38
38830.30
31087.01
16506.43
14705.71
25322.22
27068.57
22982.97
20060.99
38464.88
32277.62
23610.59
29175.64
28400.77
46219.93
52102.92
80808.59
39019.25
49988.51
32989.63
37572.53
40321.63
41915.73
83913.11
79056.53
51730.22
82387.37
77327.81
35948.00
59745.64
28761.79
52345.07
100323.86
94229.17
92584.44
77010.68
59665.34
105516.13
119791.47
69670.76
20051.31
41206.72
42039.79
82794.10
48049.75
93556.87
62963.29
86368.15
90300.84
110928.62
60284.64
52515.59
53232.56
64500.27
83534.34
71367.01
67566.99
145117.38
73091.01
41100.51
71763.73
126177.13
46850.66
125251.80
56617.83
65095.92
94744.29
124870.44
119486.36
55049.98
71335.03
74612.98
58765.27
59499.70
64300.51
94432.87
93294.69
117006.89
165010.75
142694.05
106005.51
129898.74
170499.73
184863.81
136669.83
94994.54
120612.40
98562.78
101358.46
161966.12
217844.20
136518.19
105921.10
92531.93
100060.14
87346.77
67843.42
51582.23
55632.17
84682.95
48716.57
64208.67
65035.77
57963.32
51348.81
68615.78
67666.46
78092.68
53431.52
50863.38
99010.43
80655.97
68846.68
79070.24
82430.48
49725.99
73104.47
76479.73
73159.93
64989.63
104668.83
89068.95
96005.10
72547.52
102429.39
76081.43
133558.91
65371.08
52276.87
61624.18
64783.50
49358.86
55549.05
56159.15
78426.05
78862.35
56225.07
25091.87
26825.19
28006.97
29961.24
22511.03
27626.05
26958.91
37153.48
53151.00
65891.32
52483.46
24710.93
18960.37
28824.00
21255.03
14423.19
21690.28
11268.00
31299.44
18365.34
10322.13
12430.00
19115.27
14682.25
12622.92
25302.73
23339.07
25158.14
40527.26
31842.44
57309.49
22432.90
27828.96
29219.45
25094.52
20149.66
23322.54
19130.94
30129.96
25294.50
34516.99
24389.53
21170.10
28631.68
19291.12
18825.72
19722.00
19803.34
58897.50
36674.75
39784.50
39063.81
45048.71
34451.17
29754.13
22576.21
32752.89
22509.11
16294.05
32812.72
18086.26
37815.11
27873.62
38443.22
58289.15
70822.01
65136.78
33857.03
38289.13
37441.36
47936.78
26038.11
46593.43
61127.45
75029.58
40904.62
55030.41
20619.30
26384.53
22931.11
22984.98
14749.92
32435.51
31349.00
29177.87
16888.77
17388.84
27756.62
24422.50
30568.41
42341.35
23493.39
23869.15
31114.10
25008.41
18260.86
6291.62
7992.63
12351.76
13670.17
15316.44
12091.74
19308.06
18488.01
18125.42
14555.52
22080.75
23896.73
38594.53
68588.57
18707.50
28404.61
41361.47
49749.00
34425.14
24934.99
23651.94
23984.22
39191.81
27655.15
41236.96
44120.22
58715.60
51895.95
28533.31
45679.12
37304.69
46401.51
52449.52
76161.92
32312.41
16797.53
24211.99
36820.77
10027.13
10890.56
11449.85
20318.03
13122.35
29409.08
67312.26
21831.75
45401.06
56601.40
55570.87
32979.54
26187.32
26428.95
14850.18
16510.71
14639.26
17962.82
28044.44
23993.97
71315.39
40439.83
36167.29
13576.60
7044.33
16682.63
10445.99
15762.89
9513.75
26090.64
13788.70
28928.76
8591.99
12699.53
15662.00
18464.00
