109857.16
99297.35
90010.28
118665.05
61170.99
73612.81
64574.83
76518.66
93080.51
52719.20
102964.37
85493.15
108166.26
120575.30
105176.01
71257.41
58125.36
74589.13
120339.98
90604.71
214775.72
139702.20
63365.43
157300.78
236889.94
274469.44
74920.86
77403.94
127444.25
177714.02
91898.72
85196.75
96569.39
81488.95
95584.59
103084.73
36663.85
98129.59
157819.70
69682.69
80430.28
80871.56
85410.33
144869.55
99754.73
70120.71
213215.39
126471.28
132450.06
143728.48
55075.45
40699.90
76810.98
92449.02
164014.72
316191.03
447716.03
118767.14
135635.08
238804.88
366621.09
264559.50
316459.12
121323.01
141941.66
147105.80
70884.12
121825.95
122020.08
226551.38
127186.90
124764.70
194036.75
123242.50
116376.48
261922.56
90088.90
86322.99
56427.72
93345.98
104169.66
73845.37
61713.47
72258.35
90765.33
107125.59
113703.43
120590.31
113566.43
186727.27
222087.64
281386.91
366932.59
263084.66
100401.44
68429.59
98582.01
111058.02
92500.99
123270.40
154845.14
200018.08
81383.57
85587.44
34383.83
67582.38
85395.17
57267.41
59101.98
36697.63
55308.73
77918.95
68849.47
138472.28
114478.16
123994.59
213482.02
247093.19
108311.73
197349.70
118899.05
151110.91
102359.53
95537.36
62945.63
111929.22
193790.19
71707.11
58282.90
68980.37
106081.43
76912.89
129181.99
59941.32
62433.20
117261.23
62024.97
143257.86
53796.99
35359.81
57773.26
77236.01
118143.77
141209.86
182137.14
234051.72
160211.98
195808.88
149907.70
124424.24
104000.15
77099.28
72993.97
94725.23
106487.68
73068.12
110229.79
147534.80
337212.09
113755.67
164380.38
87786.97
103417.29
181436.38
311098.00
177541.69
233557.94
180257.31
207052.94
133203.16
111781.26
218249.84
174459.70
131490.86
141344.59
193507.77
296416.59
187690.55
151784.81
370591.16
123014.78
101250.75
124498.51
89213.67
132246.31
173682.78
405008.50
186808.73
161501.44
186663.27
169403.23
196764.83
190274.59
227033.94
317553.12
440367.38
279923.47
359178.41
736084.12
886124.56
440539.72
160583.62
219125.75
132023.30
388915.62
424583.41
140582.69
81241.78
115678.20
87386.36
146806.69
163443.69
165705.53
293988.66
203621.91
248906.73
218247.45
302848.09
365018.78
224944.94
98514.54
143005.95
92843.72
196808.70
111714.09
98638.75
109163.61
142131.38
245775.31
130562.18
112085.06
135451.11
130663.15
128188.89
180291.53
373317.62
412413.66
114318.96
109091.85
169032.02
121527.59
115701.13
159741.98
295576.91
342965.12
149364.48
63941.28
89799.74
159345.34
98886.52
110344.16
120142.10
78400.52
112591.53
281657.78
57090.92
70216.76
82624.20
110987.25
88427.19
119722.16
190695.75
90107.21
100897.06
164966.50
133115.19
230805.89
222771.69
74380.38
92033.82
81068.59
75389.69
79254.32
101212.21
158168.23
97674.72
104237.88
77900.94
86023.81
84223.90
74499.23
101165.72
99033.15
186868.06
202184.89
174086.09
254327.03
248836.75
196505.42
454956.47
176758.69
271523.28
235799.00
116311.38
148511.31
310181.25
109524.57
149480.16
204902.38
193328.31
225449.44
125533.97
164421.27
223503.05
225826.61
221854.86
305069.72
320345.22
198235.48
219984.34
215120.58
244806.03
230690.02
359116.62
381909.19
635077.56
610972.62
420085.66
313895.00
283466.25
338871.81
332509.56
231333.56
353726.72
487048.50
846745.94
398762.12
400067.47
745080.81
526426.69
480456.00
478038.22
989018.94
1500739.00
151664.73
388517.97
247420.30
133048.64
175748.19
189306.42
153989.02
83628.50
101129.97
140567.72
110494.03
116413.86
172742.28
167126.33
144739.94
212562.48
267656.69
144859.16
139690.45
203151.22
311988.19
213666.02
228761.31
229972.19
182887.95
175465.81
178043.84
241564.33
277777.41
46192.00
158652.53
281173.09
182062.00
122879.59
161200.34
160233.30
220275.81
238613.98
269944.00
218177.58
261011.88
258318.62
335058.00
286954.56
219341.86
167778.16
241784.08
187889.05
195629.25
248831.52
377666.56
523502.09
508622.03
323710.12
450919.12
824135.38
653268.38
645942.50
614123.06
562718.81
273543.84
263518.81
352965.62
220442.20
374683.22
576237.06
292860.81
398867.00
414987.72
552054.19
440229.66
501364.78
419240.91
469282.78
383237.31
238339.56
357881.66
335769.97
301177.00
482448.31
650706.25
897850.44
578512.62
519532.69
709420.56
514524.59
740193.31
1088513.38
1020423.25
432276.59
461249.94
557372.38
373008.50
357136.09
219301.23
427647.12
369078.44
685665.00
414247.53
592100.69
610955.00
426091.16
342768.25
608383.19
491796.09
521276.94
740095.62
777256.50
788354.75
689203.12
622271.62
490112.78
558797.19
601696.56
675321.88
811901.69
726228.19
777912.50
456962.50
527726.44
767412.19
743932.56
1080732.50
1140797.38
1444895.12
1422534.62
1501983.25
1322279.88
1077688.25
1069892.62
599002.06
352555.91
674784.62
545231.25
534351.69
631122.50
870721.62
871842.62
897421.62
1114085.88
1381130.12
1216429.62
1391037.38
775526.31
800971.06
655607.94
703623.12
1135652.62
11471.88
229433.00
673039.69
524476.25
707544.06
897119.19
946430.75
873832.31
1195446.88
1392973.00
1050945.62
1233015.38
456533.47
6016.84
5738.88
276440.34
363801.12
426207.12
410597.72
236385.53
280037.56
259711.30
203974.16
240081.30
320400.62
441101.81
427652.00
243514.59
334230.31
593303.62
685821.12
644385.69
179203.05
162436.09
137954.08
151594.45
214015.59
152424.27
153027.08
180819.19
202870.30
163298.70
300000.03
206835.44
141676.67
102100.18
106798.06
201828.33
186148.14
141838.45
204894.20
245982.64
183037.91
246909.34
131906.06
133175.19
111424.70
139117.48
175701.38
263396.72
330706.16
323928.34
401092.78
252423.03
329470.16
421176.81
222040.20
181573.77
232653.59
183076.89
189243.55
241498.19
361480.12
473993.78
670922.00
657216.19
258548.66
139423.19
164072.69
269082.00
383068.16
300901.56
255278.66
194134.12
356064.62
209171.16
275281.41
232306.70
252216.56
288047.66
259289.84
374772.31
224162.58
403565.62
263277.94
374700.84
251991.77
297227.06
179566.44
346391.00
422024.62
343697.44
237617.48
340860.56
317280.81
186972.86
153420.27
158024.77
123744.41
116150.13
122858.76
384549.38
142831.09
276140.62
190264.31
295610.12
524545.81
524954.62
835051.00
227380.08
381096.28
266962.59
142818.08
111495.83
74507.03
118543.83
127044.48
89230.14
94672.99
129561.06
159437.62
189650.92
163616.09
125444.72
152033.70
143953.03
202113.81
156922.14
195960.31
190409.33
233735.28
210583.12
238207.34
300677.75
220101.53
167914.92
196372.56
261445.27
326993.66
189884.06
217262.50
240012.94
174781.20
299612.12
294097.78
235660.97
173313.17
346635.97
107607.96
99003.62
191077.09
210880.53
267566.38
153762.45
192827.12
194494.06
362932.03
224796.44
324732.09
325919.47
354435.12
251970.05
446851.47
491908.59
677218.44
234748.75
432460.28
829820.19
161106.50
268020.75
297757.75
341927.31
698280.19
343415.53
152413.53
226456.61
115283.09
118080.20
114933.26
204841.66
152835.41
351068.09
372278.03
93866.48
50817.12
90930.98
203764.31
35831.74
