70285.66
103870.46
56368.49
53541.64
58281.60
77665.82
107128.34
90615.19
150456.23
120831.09
197181.69
55752.70
78954.21
59409.12
66942.50
102608.66
87494.78
70322.24
99149.74
87882.10
87485.17
99816.67
55995.07
92122.83
114990.12
68127.65
85502.43
99447.09
110160.78
218532.67
97511.93
67950.21
61652.51
59870.07
129497.92
70882.35
92666.11
103870.69
78098.72
121903.90
48845.05
58689.62
50416.37
58174.30
48714.99
46165.94
93824.51
97043.06
66360.17
63730.17
74226.15
44804.92
73121.22
117479.02
268246.44
208556.09
129351.70
107140.92
67084.42
125715.87
146205.45
135162.17
162586.33
101307.70
90001.84
127294.24
130643.19
144728.47
353789.31
149428.33
159561.94
93488.96
116418.55
78283.07
89183.00
117811.77
65441.89
99329.07
123304.64
70764.08
126647.79
114285.61
169306.27
155093.86
118532.88
199907.27
436012.41
141482.88
305611.19
134264.70
83868.11
117021.00
85619.27
108599.79
276536.84
137417.59
153348.70
82048.96
168512.41
100170.41
77562.05
146188.77
74553.74
74838.33
96236.71
81515.76
81094.87
88995.57
148139.95
189215.70
159168.59
57024.25
118516.58
164047.34
135347.38
113830.00
115706.34
62678.43
87460.27
99383.78
83620.88
141147.80
74059.87
55519.00
75223.82
72871.72
62458.52
94957.88
123255.43
101361.76
109838.60
70102.84
96062.95
82409.37
104731.28
128719.58
106781.76
234245.20
98397.69
85496.21
67815.27
105892.31
105780.66
137569.03
87307.31
92844.70
102500.92
89006.21
144420.41
174005.03
182288.72
145714.12
145958.16
132111.55
117588.24
181684.98
160132.67
307272.84
422079.28
476436.41
439638.53
644155.62
338446.66
452133.34
195942.55
179383.83
139828.88
174165.44
207220.53
183593.59
248148.55
416471.66
651372.81
287514.09
113530.00
130827.63
150987.02
145135.02
155666.94
149729.34
176001.19
218950.16
205774.80
125931.10
146756.34
128954.68
184642.39
340726.53
258079.73
193323.70
211055.91
323741.00
191476.92
253111.20
211928.02
382601.88
461717.62
385039.22
331117.19
471163.59
684788.94
514838.12
636910.81
784867.62
685139.44
1258772.25
1341467.38
2385309.50
5703.34
14463.09
24138.20
11321.64
3626.04
2790.11
1747.51
1838.95
1871.96
675.05
704.64
1803.24
