13.650
13.540
13.780
13.570
13.500
13.510
13.650
13.470
13.230
13.480
13.780
13.830
14.020
13.720
13.540
13.300
13.170
13.190
13.430
13.500
12.980
12.720
12.600
12.660
12.680
13.270
13.610
13.280
13.220
13.440
13.650
13.880
13.580
13.680
13.890
13.590
13.540
13.420
13.300
13.880
14.060
14.400
14.440
14.480
14.360
13.920
13.750
13.670
13.740
13.680
15.020
15.120
15.440
15.600
16.710
17.280
17.510
17.850
18.400
18.140
17.820
17.850
18.150
17.700
17.500
18.580
18.640
18.000
18.000
17.810
18.240
18.490
18.500
18.900
18.940
18.710
18.790
18.540
18.500
18.260
18.570
18.250
18.390
18.180
18.250
18.570
18.180
18.000
18.430
18.180
18.110
17.390
17.240
17.580
18.330
17.750
17.820
18.070
17.730
18.050
17.730
17.610
17.390
17.090
16.940
17.170
17.190
17.400
17.230
16.930
16.930
17.180
16.800
18.120
19.240
18.970
20.210
20.250
20.460
20.220
20.500
20.800
20.280
21.110
18.450
18.500
16.430
16.710
17.030
17.180
16.880
16.840
16.750
16.800
16.220
16.300
15.390
16.250
16.300
16.300
16.160
16.010
15.800
16.290
16.400
16.360
17.030
17.150
16.910
17.000
17.200
17.210
17.580
17.410
17.590
17.650
17.280
17.190
17.190
17.000
16.690
16.600
16.650
16.800
16.280
16.480
16.280
16.360
17.050
16.530
16.890
16.500
16.390
16.850
16.800
16.950
16.380
16.300
16.230
16.500
16.270
16.350
16.010
15.350
15.220
15.490
15.230
15.960
16.120
16.190
16.160
16.330
16.110
16.400
16.000
15.690
16.150
15.350
15.610
15.350
15.310
15.290
15.340
15.320
15.470
15.560
15.020
15.300
15.640
15.500
15.790
15.940
16.020
16.080
16.190
15.800
15.390
15.760
16.070
16.170
15.480
15.890
15.960
15.400
15.380
16.390
17.570
16.900
17.990
17.400
16.890
17.000
17.300
16.850
17.250
16.550
17.580
16.730
16.730
16.540
16.830
16.980
17.650
15.180
14.250
13.470
13.650
13.520
13.600
12.960
12.630
13.080
13.160
12.950
12.850
12.860
13.100
13.190
12.560
12.670
13.380
13.560
13.680
13.930
13.800
13.650
13.540
13.070
12.760
13.260
13.110
13.610
12.930
12.800
12.040
12.100
12.970
13.300
12.870
12.970
12.750
13.080
13.100
14.100
15.800
16.020
15.850
15.400
15.580
16.000
16.310
16.680
16.540
15.770
16.270
16.790
16.010
16.090
16.250
15.860
16.100
16.150
16.050
15.150
16.120
15.900
15.020
14.750
14.200
15.000
15.280
14.270
14.300
13.900
13.840
13.790
13.550
13.230
13.230
12.800
12.560
12.110
12.640
12.870
13.120
13.020
13.030
13.010
12.360
12.350
13.380
13.610
14.950
14.600
14.780
14.620
14.380
14.290
13.630
13.380
13.120
13.380
12.920
12.710
12.540
12.530
12.240
12.880
13.030
14.250
13.960
13.740
13.500
13.470
12.860
12.010
13.480
13.060
14.360
14.620
15.620
15.340
16.090
16.150
16.110
17.730
18.100
17.700
17.760
18.180
18.050
18.510
19.010
18.550
18.520
18.770
19.200
18.680
19.110
19.200
18.910
18.990
18.180
18.060
17.430
17.810
17.480
17.630
17.680
17.620
18.960
18.600
17.650
17.950
18.600
17.630
17.780
18.370
18.350
17.600
18.210
17.500
17.040
17.010
16.880
16.200
17.360
16.990
16.800
16.080
16.000
16.180
15.280
14.300
13.980
13.820
13.350
14.640
14.400
13.890
13.900
12.930
13.020
12.780
12.260
12.160
11.990
11.550
11.490
11.800
11.520
11.380
11.130
11.480
10.730
11.060
11.410
11.020
11.250
12.490
12.470
12.310
12.240
11.450
11.640
11.770
12.700
13.730
13.250
13.200
13.710
14.430
15.190
16.510
17.600
17.700
19.510
18.320
17.980
16.820
16.500
17.000
16.000
15.060
14.600
15.800
14.900
15.300
16.510
16.200
16.430
16.160
17.200
18.420
17.540
16.700
15.290
14.550
13.890
13.880
14.900
15.650
15.400
14.200
13.990
14.730
15.500
16.660
17.180
18.100
19.300
20.030
22.450
22.210
24.500
24.470
23.320
24.590
27.000
25.150
27.700
30.270
28.830
26.000
25.000
23.950
23.000
22.320
22.960
22.990
22.460
20.650
20.180
22.180
20.990
19.550
18.530
18.280
17.480
16.920
16.660
16.740
17.200
16.220
16.670
16.600
15.700
15.380
15.610
16.550
16.860
17.750
18.680
18.630
18.800
19.010
20.230
18.780
17.690
17.920
16.490
15.690
16.500
16.850
16.900
16.970
17.200
17.200
15.000
15.290
15.670
15.680
16.000
15.530
15.600
15.460
15.780
16.220
15.690
16.080
16.160
16.100
15.300
14.660
15.060
15.470
15.280
14.210
13.520
13.530
13.310
13.200
13.600
13.400
12.100
12.180
13.300
13.300
13.100
12.750
12.850
14.130
14.600
16.240
15.480
15.790
14.890
15.180
14.300
13.690
14.450
15.290
15.380
14.760
15.370
15.470
15.700
16.040
15.870
16.230
16.090
16.530
16.500
17.290
16.770
16.990
16.300
15.880
16.330
16.060
17.050
17.360
17.700
17.770
16.710
16.280
15.530
16.200
16.080
14.560
13.900
13.450
13.550
13.720
14.280
14.230
14.200
14.230
15.240
15.530
16.110
16.280
16.310
16.100
15.830
15.820
14.380
13.070
11.880
10.800
9.820
8.930
8.120
