18.420
17.720
17.170
17.320
17.330
17.260
17.080
17.220
17.470
17.240
16.680
17.140
17.390
17.100
17.080
17.140
17.200
16.740
15.860
16.410
16.340
16.410
15.870
15.870
15.750
15.500
16.560
16.740
16.720
16.500
16.410
17.090
17.800
17.700
17.970
18.300
16.870
17.040
17.310
17.430
18.030
17.450
17.730
18.260
18.430
18.560
18.770
18.590
18.360
18.110
17.970
19.030
19.090
19.210
19.540
19.780
20.410
20.880
20.980
21.950
21.970
21.540
21.590
21.530
20.960
20.910
21.800
22.050
22.030
22.290
22.130
22.260
22.780
23.070
22.230
22.590
22.410
22.610
22.730
22.580
22.630
22.900
23.160
22.790
22.600
22.810
22.730
22.720
23.010
22.280
22.200
21.860
21.960
21.540
21.350
21.940
21.440
21.860
22.010
22.080
22.500
21.950
22.270
21.960
21.760
21.990
22.190
22.140
22.080
21.860
21.150
21.560
21.330
20.940
23.170
23.840
24.540
25.070
24.680
24.220
25.090
25.110
24.470
24.600
25.200
24.880
25.350
24.570
24.680
24.710
25.060
24.240
24.200
23.840
24.050
23.390
24.160
24.570
26.200
26.150
26.250
26.060
26.000
25.690
26.380
26.080
26.360
26.560
26.570
26.700
26.950
26.960
26.950
26.800
27.680
27.280
26.950
26.680
27.030
26.870
26.690
26.680
26.840
26.850
26.500
26.320
27.200
27.160
27.660
28.740
27.110
27.470
27.250
27.020
27.320
27.530
27.490
27.220
27.150
27.450
27.550
27.850
28.300
26.420
26.410
26.010
26.080
25.680
26.320
26.660
26.490
26.260
26.700
26.110
26.130
26.200
28.060
28.210
28.550
28.540
28.170
27.990
27.660
28.060
27.390
27.700
27.610
27.460
27.940
27.870
27.860
29.040
28.490
28.800
29.040
28.810
27.860
27.500
28.590
28.760
27.430
27.200
27.970
27.730
28.090
27.450
27.110
27.870
27.890
30.730
30.640
32.640
31.970
32.250
32.420
31.690
31.880
32.810
32.980
33.540
33.740
33.140
34.560
31.400
31.150
29.700
28.910
28.920
30.530
29.740
30.200
28.620
28.270
29.880
28.770
30.390
30.260
31.200
30.280
28.130
27.220
28.230
29.400
29.340
28.940
29.560
29.570
30.100
27.770
28.090
25.540
23.250
24.290
23.690
23.400
23.780
22.980
21.650
21.020
20.010
20.240
19.750
19.810
19.990
22.150
23.110
23.100
22.520
21.700
21.610
22.310
22.700
23.010
22.620
24.600
24.100
22.600
21.730
22.400
22.190
21.750
21.140
21.410
21.050
21.400
22.180
21.570
21.480
19.890
19.620
18.900
19.750
19.690
19.330
20.330
20.000
20.150
19.400
18.850
18.430
17.940
18.210
17.680
17.620
17.900
18.770
19.160
18.070
19.010
19.570
18.500
19.990
22.250
23.500
21.360
19.420
19.900
19.750
19.700
19.630
19.670
18.850
18.780
19.070
18.190
18.430
18.200
17.790
16.200
16.700
16.590
18.130
17.650
17.300
17.990
18.260
17.490
17.110
17.710
16.800
17.840
17.100
18.660
18.680
20.800
20.280
21.500
23.880
23.930
23.490
23.110
24.080
23.780
24.350
24.240
23.840
22.780
23.350
22.830
22.720
22.310
21.880
21.390
22.360
22.260
23.060
21.980
21.310
20.930
20.800
21.400
21.900
23.580
23.990
22.870
22.500
22.930
22.980
22.220
22.920
23.400
23.610
25.040
23.530
23.720
24.010
24.210
24.400
22.850
21.510
21.430
21.410
22.200
22.800
22.200
21.350
22.340
21.550
20.000
19.420
19.040
18.950
18.980
18.240
17.940
18.190
17.110
16.570
15.830
15.510
15.900
15.670
16.690
15.980
16.080
15.810
15.130
14.940
15.630
14.240
15.820
17.580
17.440
17.650
16.670
15.130
15.050
16.790
17.350
18.770
17.070
15.500
16.930
18.810
20.920
22.070
24.410
24.740
27.520
26.300
27.220
25.210
26.100
26.600
25.640
24.210
23.710
23.170
21.020
23.310
22.950
23.210
21.120
23.210
25.790
24.090
23.900
23.250
22.970
20.880
18.990
19.050
20.850
19.770
17.970
16.340
14.850
16.500
18.330
21.000
19.220
21.350
23.750
23.290
25.880
28.760
28.690
27.800
26.770
29.790
31.650
31.100
34.310
34.290
32.930
32.000
31.930
32.950
31.100
29.800
30.600
31.490
30.720
28.950
29.000
29.710
29.250
26.590
25.470
25.170
24.530
24.400
23.550
23.770
24.090
23.210
22.260
22.000
21.490
21.050
21.980
22.750
23.200
23.060
23.480
23.040
24.250
23.290
23.600
22.350
22.000
21.430
22.320
22.390
22.580
22.990
22.610
21.730
21.470
21.780
21.750
21.010
20.630
20.710
20.330
20.120
19.880
19.760
19.780
20.080
20.590
20.010
20.020
19.830
19.030
18.770
18.440
18.280
18.520
18.690
18.630
18.490
18.700
18.490
17.920
17.910
18.010
18.040
18.000
18.320
18.250
17.950
17.700
17.510
17.490
16.830
16.860
16.450
16.470
16.700
16.460
15.880
16.150
16.250
16.070
16.050
15.700
15.980
15.570
15.220
14.630
15.190
14.780
14.690
14.800
14.580
14.970
15.030
15.250
15.350
15.110
14.600
14.600
15.170
15.200
15.020
15.110
14.770
14.770
16.050
16.480
16.050
16.560
16.830
16.650
16.270
16.190
15.630
17.050
17.190
18.030
18.080
17.370
16.950
17.610
17.830
17.790
17.930
17.450
17.310
17.250
17.230
17.170
16.880
16.660
16.810
17.340
16.860
17.860
17.810
18.360
17.930
18.350
18.790
18.740
18.560
18.610
18.550
18.160
17.580
17.450
17.750
17.780
17.900
17.460
18.310
18.760
19.030
18.690
18.710
18.610
18.780
18.760
18.150
17.970
18.370
18.200
18.090
17.750
18.020
18.120
19.130
19.110
18.730
17.030
17.030
16.770
16.670
16.550
16.550
16.780
16.650
16.580
16.750
15.600
15.630
15.340
15.600
15.520
15.680
16.050
15.940
16.050
16.050
15.710
16.260
16.530
16.700
16.470
16.460
17.080
16.380
16.220
15.690
16.320
15.710
15.980
15.880
15.580
15.160
15.460
16.110
15.650
15.390
15.620
16.550
16.310
14.830
14.270
14.470
13.810
13.950
