13.950
13.700
13.900
13.850
13.690
13.730
13.980
13.700
13.440
13.590
13.890
13.900
14.090
14.470
13.770
13.770
13.630
13.480
13.830
14.080
13.880
13.070
12.730
12.700
12.680
13.270
13.740
13.680
13.470
13.440
13.720
13.880
13.870
13.990
14.220
13.850
13.810
13.620
13.800
14.050
14.290
14.490
14.560
14.610
14.970
14.650
14.280
14.120
13.850
14.050
15.270
15.400
15.640
16.000
16.850
17.280
17.660
17.870
18.490
18.760
18.300
18.080
18.310
18.650
17.750
18.630
18.880
19.880
18.300
18.060
18.240
18.490
18.550
18.900
19.120
19.000
19.050
18.950
18.570
18.620
18.780
18.600
18.480
18.400
18.250
18.650
18.620
18.300
18.520
18.570
18.250
19.200
17.560
17.610
18.330
18.450
18.180
18.110
18.170
18.370
18.200
17.850
18.090
17.500
17.100
17.210
17.360
17.520
17.680
17.510
17.360
17.400
17.300
18.400
19.340
19.430
20.210
20.640
20.550
20.820
20.850
20.980
21.790
22.230
20.520
19.800
18.060
16.730
17.200
17.230
17.390
16.940
17.320
17.100
16.960
16.870
16.400
16.520
16.340
16.460
16.370
16.260
16.090
16.540
16.500
16.660
17.130
17.430
17.200
17.200
17.570
17.360
17.680
17.790
17.660
17.850
18.450
17.900
17.300
17.450
17.080
16.760
16.650
16.950
16.900
16.560
16.530
16.410
17.070
17.190
16.900
16.900
16.700
16.850
17.050
17.060
17.100
16.800
16.450
16.500
16.650
16.460
16.400
16.140
15.390
15.490
15.510
16.060
16.160
16.260
16.210
16.330
16.360
16.980
16.940
16.650
16.380
16.650
15.820
15.650
15.390
15.380
15.370
15.460
15.640
15.720
16.100
15.300
15.650
15.740
15.840
16.100
16.050
16.100
16.230
16.390
15.760
15.900
16.210
16.170
16.040
16.250
16.080
16.280
15.700
16.550
17.800
18.080
18.600
17.960
17.750
17.180
17.700
17.840
17.250
17.900
18.310
16.970
17.230
17.000
17.400
17.070
17.650
16.700
15.180
13.900
13.690
13.850
13.920
13.520
13.150
13.180
13.200
13.200
12.990
12.960
13.270
13.190
13.230
12.950
13.480
13.790
13.690
14.000
14.110
13.780
13.980
13.680
13.390
13.470
13.420
13.960
13.880
13.440
12.590
12.490
12.970
13.390
13.370
13.090
13.250
13.680
13.200
14.280
16.200
16.190
16.380
15.920
15.700
16.090
16.690
16.800
16.900
16.870
16.500
17.080
17.190
16.450
16.250
16.280
16.530
16.300
16.650
15.970
16.450
16.480
15.940
15.410
14.790
15.000
15.470
15.170
14.710
14.420
14.200
14.190
13.840
13.520
13.530
13.100
13.010
12.450
12.840
12.900
13.150
13.300
13.400
13.270
13.030
12.600
13.500
13.880
14.960
15.200
14.850
14.980
14.480
14.750
14.100
13.830
13.320
14.050
13.380
12.940
13.030
12.840
12.750
13.280
13.300
14.250
14.490
14.100
14.340
13.990
13.440
13.000
13.500
13.720
14.780
15.180
16.200
16.050
16.090
16.340
16.860
17.990
18.450
18.180
17.940
18.650
18.800
18.680
19.190
19.160
18.670
18.980
19.200
19.000
19.480
19.540
19.470
19.590
19.000
18.680
18.190
17.940
17.950
17.880
18.000
18.230
19.500
19.440
18.620
18.100
18.880
18.600
17.980
18.580
18.900
18.540
18.960
18.210
17.500
17.640
17.640
17.260
17.370
17.330
17.540
17.440
16.610
16.590
15.870
15.110
14.540
14.120
13.740
14.640
14.680
14.730
14.100
13.500
13.270
13.370
12.890
12.350
12.260
11.720
11.660
11.950
12.220
11.670
11.470
11.800
11.530
11.150
11.660
11.790
11.400
13.060
12.660
12.730
12.600
12.150
12.100
12.110
12.800
13.730
13.730
13.710
13.980
14.430
15.190
17.050
17.610
18.500
20.200
19.610
18.680
17.800
17.520
17.200
16.390
15.610
15.270
16.130
15.950
15.700
16.850
17.370
16.810
16.730
18.640
18.420
17.540
16.700
15.900
15.140
14.520
14.300
15.180
16.570
16.200
15.470
15.430
14.730
15.500
17.950
17.180
18.450
20.590
21.080
23.100
22.500
25.170
24.490
23.900
25.040
27.990
27.320
28.000
30.270
28.830
27.460
26.150
24.900
23.710
23.090
23.100
23.490
22.520
21.450
21.180
22.540
21.470
20.450
19.570
18.850
18.270
17.800
17.530
17.080
17.200
17.100
16.960
17.210
16.390
15.820
15.950
16.750
17.700
17.750
18.680
20.400
19.600
19.590
21.250
21.330
20.200
19.580
17.800
16.190
16.690
17.210
17.850
18.200
17.380
17.340
16.510
15.550
15.750
16.030
16.430
16.600
15.800
15.680
16.000
16.460
16.250
16.380
16.820
16.820
16.350
15.600
15.280
15.800
15.790
15.350
14.450
14.280
14.450
13.650
13.850
14.480
13.320
12.240
13.300
13.740
13.360
13.360
13.240
14.130
14.840
16.300
16.200
15.790
16.000
15.290
15.130
14.650
14.600
15.290
15.490
15.380
15.370
15.750
15.810
16.100
16.350
16.240
16.510
16.950
16.770
17.500
17.200
17.580
17.300
16.250
16.400
16.450
17.420
17.420
17.700
17.880
17.980
17.540
16.490
16.200
16.120
15.850
14.440
14.080
13.850
13.930
14.290
14.450
14.500
14.470
15.270
15.650
16.400
16.900
16.460
16.650
16.500
15.820
14.380
13.070
11.880
10.800
9.820
8.930
8.120
