18.460
17.730
17.380
17.400
17.500
17.280
17.320
17.470
17.540
17.260
17.160
17.390
17.700
17.150
17.340
17.180
17.390
17.170
16.320
16.440
16.580
16.430
15.890
15.950
15.850
16.560
17.080
16.830
16.760
16.650
17.230
17.760
17.930
17.880
18.040
18.340
17.220
17.300
17.390
18.120
18.200
17.950
18.500
18.560
18.790
18.850
18.890
18.680
18.390
18.260
19.000
19.240
19.340
19.640
20.090
20.290
21.040
21.190
22.000
22.090
22.080
21.740
21.740
21.600
21.180
21.970
22.100
22.210
22.250
22.450
22.500
22.700
23.080
23.180
22.670
22.680
22.700
22.840
22.880
22.700
22.860
23.240
23.200
22.890
22.790
23.080
23.120
23.000
24.230
22.300
22.290
22.000
22.120
21.550
21.930
22.100
22.000
22.170
22.350
22.550
22.580
22.180
22.400
22.080
21.920
22.420
22.300
22.310
22.460
22.000
21.550
21.800
21.600
23.170
23.850
24.490
25.140
25.300
24.900
25.070
25.150
25.180
24.890
25.350
25.460
25.600
25.600
24.670
24.930
25.300
25.190
24.800
24.480
24.180
24.110
24.670
24.700
26.280
26.410
26.520
26.320
26.280
26.050
26.650
26.800
26.400
26.580
26.830
26.680
27.320
27.210
27.100
26.960
27.710
27.770
27.330
27.060
26.990
27.200
27.480
26.980
27.000
26.900
27.200
26.660
27.210
27.450
27.500
28.230
29.540
27.600
27.470
27.580
27.580
27.660
27.950
27.600
27.770
27.480
27.690
27.900
28.020
28.490
26.620
26.960
26.300
26.110
26.480
26.660
27.050
26.580
26.840
26.900
26.390
26.660
27.290
28.680
28.660
29.190
28.550
28.440
28.070
28.270
28.260
27.900
27.970
28.090
27.880
28.150
28.070
28.850
29.230
28.990
29.100
29.260
28.910
27.930
28.890
29.180
30.080
27.550
28.080
28.300
28.100
28.350
27.680
27.970
28.310
30.960
30.970
32.300
33.570
32.470
32.750
32.440
32.430
33.180
33.360
33.530
33.710
35.260
36.310
34.560
32.600
32.310
30.290
29.380
30.280
30.980
30.790
30.250
29.250
29.710
29.890
30.550
30.820
31.220
32.760
30.860
28.400
29.200
28.850
31.380
29.470
30.500
29.800
31.470
30.580
28.450
28.090
25.540
24.200
24.800
23.900
24.870
24.460
22.980
22.490
21.200
20.500
20.280
20.160
20.330
21.790
24.500
23.280
23.450
22.640
22.330
22.380
22.940
22.990
23.500
23.850
26.460
24.220
23.240
22.290
22.800
22.350
22.370
21.530
21.950
21.420
22.000
22.600
21.980
21.750
20.280
19.660
19.680
20.440
19.720
19.980
20.600
20.180
20.580
19.520
18.900
18.960
18.250
18.610
17.900
18.300
18.500
19.080
19.180
19.650
19.600
19.630
19.350
20.950
25.850
23.500
21.360
19.860
20.200
19.810
19.850
19.780
20.000
19.180
19.270
19.100
18.490
18.600
18.360
17.880
17.470
17.400
18.100
18.180
18.000
18.350
18.350
18.330
17.720
17.960
17.770
18.280
18.000
18.570
19.450
20.380
20.900
21.300
23.840
24.270
24.050
23.500
24.500
24.250
24.420
24.970
24.360
24.410
23.400
23.610
23.270
23.150
22.500
22.590
22.480
22.550
23.020
23.400
22.130
21.450
21.100
21.600
22.470
24.150
24.290
24.290
22.880
23.350
23.410
23.030
23.300
23.990
23.640
25.080
25.200
24.250
24.330
24.350
24.980
24.570
22.980
21.940
21.990
22.330
22.980
23.500
22.500
22.920
23.300
21.660
20.140
19.480
19.810
19.210
19.190
19.500
18.120
18.390
17.280
16.820
15.980
15.750
16.000
16.680
16.730
16.500
16.350
15.880
15.290
16.190
15.660
15.730
18.090
17.800
18.160
18.340
16.670
16.110
17.570
18.470
18.430
18.780
17.070
17.770
17.470
20.590
22.690
24.360
25.260
27.490
27.550
27.600
27.220
26.080
26.880
27.000
25.950
24.700
24.790
23.170
23.360
24.300
24.700
23.220
23.670
26.900
26.480
24.790
24.980
24.800
22.970
20.880
19.980
20.510
21.660
19.770
17.970
16.340
14.850
16.880
21.980
21.140
21.000
23.790
24.200
27.200
29.050
29.000
28.800
27.970
29.070
32.230
31.690
33.700
35.300
35.100
33.090
32.860
32.950
33.930
31.820
30.670
31.660
31.500
31.000
29.950
32.000
31.000
29.250
27.000
25.700
25.300
25.200
24.580
23.880
25.390
24.100
23.800
22.270
22.070
21.600
21.880
23.170
23.390
23.360
23.910
23.740
24.480
24.330
23.970
23.850
22.660
22.280
22.460
22.700
22.790
23.440
23.360
23.000
21.920
21.970
22.350
22.000
21.060
20.710
20.760
20.820
20.260
20.010
20.180
20.100
20.890
20.890
20.090
20.440
19.950
19.170
18.960
18.500
18.650
18.750
18.920
18.720
18.860
18.910
18.600
18.110
18.240
18.110
18.200
18.360
18.580
18.390
18.200
17.760
17.860
17.570
17.200
16.940
16.690
16.950
16.760
16.590
16.300
16.260
16.400
16.190
16.190
16.080
16.060
15.750
15.250
15.360
15.200
14.900
14.940
14.830
14.910
15.360
15.250
15.380
15.490
15.160
14.900
15.280
15.490
15.300
15.280
15.360
15.180
16.040
16.490
16.890
16.550
16.790
16.920
16.990
16.400
16.440
17.000
17.280
18.030
18.160
18.250
17.600
17.570
17.970
17.980
18.080
17.950
17.550
17.530
17.500
17.880
17.190
16.970
17.150
17.390
17.380
17.990
17.990
18.370
18.360
18.320
19.000
19.150
18.880
18.770
18.780
18.670
18.270
17.750
18.010
18.070
18.060
18.150
18.360
18.980
19.030
19.080
18.800
18.820
18.830
18.880
18.920
18.320
18.370
18.770
18.380
18.120
18.100
18.130
19.470
20.200
20.500
18.730
17.730
17.200
16.880
16.690
16.720
16.750
16.960
16.970
17.200
17.160
15.760
15.700
15.700
15.700
15.700
16.150
16.180
16.070
16.090
16.060
16.260
16.550
16.650
17.120
16.700
17.040
17.350
16.680
16.240
16.280
16.330
15.970
16.140
16.220
15.880
15.670
15.990
16.440
15.760
15.700
16.130
17.390
16.310
15.000
14.570
14.580
14.290
13.980
