-0.050
0.070
-0.040
-0.010
-0.020
0.030
-0.060
-0.040
0.220
-0.080
0.000
-0.020
-0.010
0.190
-0.030
0.110
-0.030
0.130
-0.350
0.010
-0.080
0.180
0.000
-0.130
0.030
-0.020
0.070
-0.080
0.400
-0.060
-0.250
-0.350
0.030
-0.180
-0.070
0.030
-0.030
-0.030
-0.080
-0.020
-0.020
0.100
0.030
-0.010
0.010
-0.160
0.000
-0.100
0.030
-0.130
0.160
0.150
-0.090
-0.070
-0.250
0.020
-0.010
-0.130
0.030
0.000
0.070
0.050
-0.080
0.220
-0.040
-0.070
-0.120
-0.100
-0.050
0.130
-0.020
-0.130
-0.070
-0.150
-0.210
0.300
-0.010
-0.040
0.020
-0.140
-0.010
-0.010
0.050
0.060
-0.020
0.030
0.000
0.010
-0.090
0.000
-0.100
-0.110
-0.030
0.100
0.030
0.190
-0.130
0.260
-0.060
0.080
-0.040
-0.090
0.020
0.060
0.000
-0.070
-0.210
0.250
0.150
-0.080
-0.100
-0.020
-0.010
-0.180
-0.160
0.000
0.080
0.140
0.010
-0.080
-0.080
0.090
-0.130
-0.050
0.060
0.060
-0.080
0.050
-0.010
-0.310
0.000
-0.230
0.010
-0.100
0.080
-0.170
-0.480
-0.300
0.040
0.320
0.090
-0.120
0.120
0.090
-0.150
0.150
0.060
-0.170
-0.100
0.190
-0.080
0.130
0.450
0.170
-0.190
0.030
-0.020
-0.050
0.230
-0.110
0.100
-0.040
0.020
0.010
-0.090
-0.100
0.220
0.020
-0.040
-0.180
0.220
-0.080
0.090
0.030
-0.070
0.030
0.130
0.060
0.050
-0.110
0.070
-0.370
-0.130
-0.030
0.060
-0.020
0.010
-0.120
-0.110
-0.100
-0.040
0.020
-0.060
0.080
-0.060
0.100
-0.170
0.070
0.020
-0.010
-0.020
0.030
-0.100
0.010
-0.250
0.040
-0.100
-0.080
-0.230
0.730
0.210
-0.010
-0.120
0.110
0.080
0.010
0.060
-0.030
0.080
-0.240
-0.020
-0.330
-0.410
0.130
-0.010
-0.170
0.100
-0.120
0.150
-0.210
-0.150
-0.090
0.010
0.350
-0.200
-0.240
0.630
0.060
0.020
0.330
-0.100
0.050
-0.060
0.130
0.270
-0.270
-0.170
0.160
0.070
-0.220
0.010
-0.050
0.400
0.250
-0.990
0.290
0.160
-0.110
-0.070
-0.010
-0.350
1.130
0.010
-0.140
0.080
0.040
-0.460
0.120
0.300
-0.040
-0.170
0.040
0.080
-0.130
0.030
-0.130
0.000
-0.590
-0.570
-0.010
-0.280
0.410
0.090
-0.170
-0.170
0.120
-0.340
0.090
-0.490
-0.140
0.070
-0.380
-0.040
-0.020
0.590
-0.340
0.560
-0.570
-0.720
-0.240
0.370
-0.420
-0.140
0.490
-0.300
-0.600
0.150
-1.100
0.030
-1.030
2.070
0.850
0.710
-0.070
-0.280
0.590
0.380
-0.820
-0.440
-0.280
0.090
0.580
-0.270
1.070
1.370
-0.980
0.510
-1.720
0.030
-0.140
1.790
-0.080
-0.130
-0.060
0.940
-0.610
-0.720
0.040
-0.550
0.370
0.530
1.650
0.470
-0.360
-1.830
0.100
0.270
-0.810
-0.220
0.740
-0.070
-0.780
0.560
-0.160
0.430
-1.340
0.670
-2.080
0.330
-0.390
-2.310
-0.240
-0.240
0.180
-0.820
0.280
-1.490
0.220
0.140
0.330
-0.470
0.940
-0.040
-0.390
2.280
0.230
0.240
0.270
-0.470
-0.360
-0.700
0.070
1.300
-0.290
0.010
-2.520
-0.290
-0.010
0.530
-0.190
-0.500
0.520
-1.930
0.890
-0.430
0.510
-0.780
0.500
0.560
-0.010
2.360
2.150
1.950
-0.100
-0.990
0.470
-0.370
-0.520
0.130
0.490
-0.010
0.070
-0.880
0.980
0.670
0.440
0.610
-0.370
-0.220
1.070
1.300
0.480
0.100
-0.170
0.310
-0.480
0.230
-0.710
0.620
0.330
0.010
-0.790
1.280
-0.970
-0.410
-0.030
-0.600
0.840
0.740
0.410
-0.840
-0.390
-1.140
1.020
1.160
-0.520
-1.790
-1.990
-1.400
-0.990
0.210
-2.110
-0.560
0.350
0.140
-0.130
-0.440
1.440
0.380
-0.800
-0.800
0.440
0.200
0.260
-1.400
-0.290
2.040
-2.580
-0.800
1.130
-0.490
0.040
-0.700
1.320
0.480
-1.960
-1.490
0.270
2.550
2.320
-2.510
-0.550
1.950
-1.570
-0.330
-2.420
2.430
-2.560
-3.200
-1.300
-0.220
0.800
-1.590
-3.020
-0.150
-1.620
-0.090
1.390
-0.470
-0.790
-1.880
1.990
0.560
0.890
-1.060
-0.360
2.780
-0.020
-3.740
-1.030
0.600
1.000
3.580
1.680
0.790
3.030
0.550
-0.950
-0.250
-0.860
0.330
1.300
-0.100
0.050
-0.510
-1.300
-0.450
-0.110
-0.380
0.720
0.720
-1.320
-1.020
1.150
2.880
-1.720
1.290
0.250
-1.310
-0.450
-0.780
-0.290
-0.390
3.020
2.750
2.500
1.610
0.700
0.480
1.030
1.920
1.750
1.590
1.440
4.410
