249429.67
317263.09
141983.59
139727.84
164505.98
170548.95
247438.89
252297.58
421286.53
542413.81
805829.88
240085.94
193878.27
403164.94
159172.00
313964.44
122423.75
158789.94
173032.00
343818.59
226886.28
349055.25
163269.27
205776.00
279961.50
276412.12
356263.62
265279.31
546604.69
263851.41
449697.91
339796.31
160678.52
307920.88
387147.00
479535.53
311213.91
554182.75
471715.41
551273.62
277414.81
358535.38
562783.56
238898.47
211515.67
194955.83
225011.45
421684.03
500152.41
179005.98
255453.45
210680.70
294590.56
295432.34
249107.55
380657.41
349403.75
298339.09
552341.06
528410.38
566266.69
447121.47
498513.44
554017.88
460535.28
676522.25
1173312.38
689965.06
1303679.00
912244.31
980987.25
713890.31
886527.12
1071129.88
2873029.00
2468943.50
366690.84
428370.19
530394.19
706505.00
715444.88
617772.06
828161.25
999914.00
1264709.12
2310193.75
730831.88
919022.62
488124.00
529712.62
697519.69
885417.88
1257657.00
1687399.75
3288802.00
2230153.25
1188928.12
1078953.38
979717.00
1265864.75
1255334.62
1148812.38
330215.88
272565.38
151787.73
272714.81
190440.56
265721.38
466385.06
795419.69
653563.44
326223.31
552863.88
678675.38
539636.00
756657.31
732064.44
684616.50
471988.69
819791.12
840569.25
716751.81
453249.31
482712.94
609269.69
586216.31
751890.00
964626.56
1655430.75
1002881.88
1370026.62
1431871.12
1205763.38
1816510.38
3069391.75
3009753.75
3406005.75
42082.26
10408.38
4064.42
1942.18
3361.57
