45181.43
12940.98
11438.72
17275.35
16848.00
15639.61
17339.60
20431.40
45265.28
34617.99
17628.00
12314.01
21508.12
42112.28
13710.00
35955.51
11627.02
16634.41
16068.40
14658.85
24867.10
29521.62
28819.02
18661.84
15899.86
23351.00
15142.50
13770.21
20974.61
34904.76
34877.90
37635.24
20465.20
34532.24
33632.42
34511.43
16862.45
15608.82
36748.35
38032.63
34968.33
85722.39
37589.43
35970.93
30813.43
49474.85
40723.79
53492.92
37926.12
47111.97
59746.30
47453.09
68807.23
101242.95
65582.13
131248.84
115564.11
140202.20
212321.09
398372.19
179025.03
75595.52
92836.92
170987.92
27053.92
45730.33
67507.62
48982.38
54378.54
55410.09
96917.57
45059.70
55810.99
45570.51
26596.34
37956.02
19981.88
22712.14
26363.71
20515.43
16517.90
26558.88
25934.02
37471.18
16029.22
16801.17
16429.00
14833.80
21556.01
19421.98
23640.17
46402.15
35876.62
70551.95
21362.02
22789.44
16339.13
18850.42
19093.07
24497.34
11693.10
11185.21
16506.20
19750.24
11638.02
35333.94
21714.03
20596.87
16671.90
13387.11
24540.06
17062.20
31623.57
37006.47
43645.08
39070.31
13810.56
14890.34
16883.64
28028.08
49755.46
42591.73
40554.21
27120.43
43763.34
137029.70
69984.00
144453.98
38430.78
54171.03
26353.38
37008.49
68971.07
35578.80
50216.00
57819.44
53969.52
81610.79
91676.53
74314.55
67700.63
14068.13
17825.30
22032.90
35516.16
31933.13
57413.05
57785.37
35426.07
40748.76
27307.40
45152.41
35470.51
24047.80
19962.72
40707.50
78504.61
55447.41
95614.36
27744.71
28681.35
23119.13
49552.98
83043.04
54442.09
31442.05
35549.27
35675.07
46034.13
63809.32
75017.40
92412.64
50972.64
81863.66
138642.70
71658.69
68926.34
84776.72
102509.14
61235.79
97601.43
68007.98
102312.70
137598.94
56158.97
92781.85
104216.57
72541.51
72243.32
109686.24
107531.03
188476.08
66906.76
66948.31
135683.62
235579.22
205350.28
73325.96
38366.13
58040.08
44875.99
60785.82
59687.86
79329.46
78799.12
55313.99
72164.81
64290.84
46274.55
46439.20
57418.70
37884.99
64608.92
40899.81
49615.06
61608.23
58387.24
52737.24
66459.12
39751.18
57268.52
46616.18
55680.40
72232.14
42320.67
53519.42
30310.46
82505.21
69742.24
60111.26
41619.94
36067.59
30410.66
33362.51
21341.89
34046.12
20976.17
47997.77
36546.20
50154.48
44404.14
86522.74
60606.46
33831.95
31480.94
35126.36
19936.60
26286.00
38868.33
32893.91
33551.41
33344.92
39483.18
74661.78
23193.33
19066.57
30956.88
40693.14
34460.80
43371.39
64137.82
51905.32
48142.96
81210.79
38093.77
27580.06
47489.02
37803.11
20169.59
25823.77
27382.78
22379.28
19957.54
33599.83
28939.34
24083.05
49166.79
107962.94
64606.54
50820.11
63019.84
69547.77
38022.43
41159.25
67159.23
51182.63
92665.11
47976.44
35557.09
46502.55
30565.42
30654.48
33181.73
36344.03
47489.03
98509.57
91571.83
71830.42
65819.81
52301.83
76974.28
42972.81
46807.00
72952.33
100104.08
116893.25
133770.02
95984.67
101029.60
99442.35
88980.34
152545.67
193098.52
99437.79
100911.68
97252.13
121003.34
161042.14
94500.87
50753.94
93044.36
50937.01
24556.30
37450.48
33848.40
51983.16
61684.29
81820.56
47401.50
56944.02
42855.12
61505.36
53613.77
120364.77
55531.63
89855.58
49241.09
34968.99
54933.14
46508.74
49834.38
32398.36
54529.46
32090.17
32663.45
53419.57
33502.49
48983.86
39628.67
56021.95
79228.22
65177.22
42718.22
65085.62
84009.84
73317.84
83231.61
76204.17
45579.56
40622.95
70011.36
61779.71
61013.88
12521.03
49078.57
85498.10
43895.75
63010.47
64701.88
56584.87
88380.82
79080.70
138335.09
100320.23
84079.11
93784.99
86463.58
66475.64
44518.01
51808.05
39738.59
43429.71
63883.21
49214.21
45597.33
49111.00
78417.59
83168.00
73457.95
79506.23
146221.06
119768.54
102383.53
144595.23
144009.41
157846.30
168574.73
90963.88
92117.33
78241.07
87300.70
134895.50
111519.14
155315.02
121185.57
83841.67
80592.39
100235.81
125349.75
68332.27
37719.69
76326.93
46347.76
60272.25
63388.85
71374.98
123271.44
80843.35
67878.75
43378.57
81922.72
96539.04
94118.11
56848.54
109654.78
69094.03
62084.78
86871.73
62630.25
55732.07
36891.20
69684.17
111904.69
51499.89
53722.35
43006.45
46657.74
81774.88
61666.49
63413.79
77533.04
64021.98
87533.29
183273.62
241169.78
110199.34
79244.76
102370.18
92501.33
98437.73
124074.22
143707.05
163437.67
207020.09
91794.28
111492.30
189715.53
177119.22
170090.81
156443.02
81443.58
118327.24
148291.95
158068.64
136930.31
82652.93
139251.48
137912.31
163284.38
88668.78
156507.38
169588.81
218889.20
259994.80
210308.81
207874.81
270808.47
333959.12
306823.56
168438.80
148601.17
395215.19
2636.43
4492.57
42517.93
150105.44
137554.30
169411.41
192479.09
205052.94
185813.50
167475.80
259257.92
189598.80
232216.80
187986.16
214594.77
202227.02
181601.86
317661.97
257966.62
196800.02
141179.61
147599.31
198994.23
279719.50
311973.28
477690.38
294752.09
196263.59
159491.94
255334.17
219042.52
224748.34
267453.66
251265.78
340585.91
278389.62
195197.94
246361.62
103185.30
94038.65
145682.06
125545.86
127662.85
83725.82
78389.33
109658.06
143967.69
99245.03
134347.16
143813.27
324066.12
411280.25
143238.44
146577.39
186625.91
137959.30
138531.95
119970.92
97857.57
152413.17
139906.77
140325.77
130295.30
174260.83
317255.94
271593.91
342238.34
517470.88
167645.95
199291.06
203440.88
134206.73
150961.06
137934.25
208082.00
170202.56
166268.55
151500.48
241362.44
165824.34
164265.98
169664.02
160099.20
154017.36
196013.20
208878.09
231863.27
210573.55
111245.77
161572.22
153200.36
64119.36
54573.95
47543.71
49111.84
85293.39
54241.43
48626.99
45249.55
93630.88
42015.53
52214.72
86689.18
67637.73
91808.79
157366.59
382951.56
31215.83
105941.84
98995.42
135573.73
65910.55
38914.35
55592.91
91176.00
57083.87
43839.73
43985.93
31254.12
49901.91
44468.56
38507.61
46912.81
51595.49
45021.63
43153.36
46622.04
71684.82
131978.34
84612.95
103079.82
97027.17
88091.87
128911.81
206655.66
65101.99
122410.32
133486.19
115978.01
157561.19
134515.72
137431.73
82844.25
95080.62
137144.48
255880.25
105360.94
143803.66
93833.83
67061.96
89046.48
85548.44
169107.62
85217.94
59002.94
134324.67
91016.91
147853.05
75597.32
85878.35
66768.42
74937.56
80480.37
89187.76
114024.56
105637.83
198687.62
166859.08
103020.89
87860.22
147791.66
264305.31
143985.19
130738.08
174942.84
172715.92
199464.67
252051.77
196141.41
237866.45
394767.00
479916.59
296686.69
477005.62
629398.12
748529.25
1009107.06
160594.34
114230.71
13605.74
21097.03
7241.40
2238.85
2722.55
