50748.65
46711.16
27981.00
36631.89
14833.04
32015.53
42122.58
73826.42
20875.34
16551.27
22279.00
16533.49
14274.70
20673.28
32265.73
22306.55
16648.39
27881.39
13568.63
16498.28
18325.47
23883.84
13804.13
16812.56
20449.88
22059.24
16934.01
23463.69
35621.67
36405.45
27714.37
56552.96
41414.19
31555.34
40789.82
34319.60
24482.51
25059.57
42664.57
22322.43
23213.33
26896.07
38411.62
26723.04
39526.09
29671.90
22319.46
36983.32
19174.77
17886.20
30442.34
16137.79
39915.08
47909.02
62043.54
40049.58
37832.93
24068.29
34492.35
58374.63
60303.35
33412.06
38534.37
37640.71
37871.87
66077.09
36518.06
41129.11
50262.30
48608.14
79633.12
77534.01
89596.77
89997.33
133406.03
126626.70
139142.84
79135.31
118659.73
106482.42
95867.29
124876.87
30125.99
50985.87
36851.02
69816.29
59886.24
41077.85
56770.38
56495.01
92268.98
61243.15
55677.95
36425.48
52018.56
61257.10
70112.19
71012.58
133529.28
119467.27
65517.72
77659.00
112122.32
63526.44
61042.18
95089.11
77933.70
74485.33
134705.02
128237.71
125744.46
16391.66
18573.37
47776.82
31124.34
35244.42
57233.43
41569.98
21256.66
36079.23
39851.57
28670.24
30343.20
39072.32
27635.79
24300.24
23802.04
29503.75
28931.56
41799.16
47825.97
57104.89
28215.09
35689.63
37749.88
41732.93
30953.75
53134.50
25305.14
29846.69
38716.41
39834.64
47658.84
65489.50
43047.19
82445.01
100165.53
116915.21
47507.18
88236.12
55313.74
61335.36
62010.21
42382.87
42346.31
66510.40
114470.71
100270.02
136898.75
94511.37
87073.97
56325.86
129333.79
86143.19
147464.69
121428.12
103586.81
145010.73
66117.43
42486.38
54890.33
85166.63
73772.99
49977.58
42341.34
76241.13
175919.86
133832.48
62163.08
90401.10
38280.34
58166.74
46247.21
28511.00
20405.45
35978.72
23288.08
34782.02
18795.17
23902.93
20232.02
21797.45
39303.13
59597.83
60873.38
49073.47
47850.15
31237.72
53519.40
52677.86
73111.56
62022.91
35026.15
40883.28
25869.64
23350.37
29360.07
26966.80
25577.56
22609.34
38573.89
39117.98
40715.87
69427.61
74456.59
64230.04
28624.37
35983.30
58189.01
42232.85
40074.62
37093.00
53584.18
52772.00
49459.57
78286.40
67158.28
86947.25
120130.16
59805.96
61506.12
104613.58
128532.35
119207.98
117887.72
142486.23
132187.86
100998.32
189030.09
136290.70
186993.17
157503.75
334816.97
200629.30
130976.75
193395.91
89005.16
86029.08
102150.21
103994.76
71833.76
68405.68
38086.28
46701.99
60086.30
62947.35
91104.86
72298.93
63242.88
43883.22
62424.66
55750.94
69887.24
109152.20
221750.91
122249.04
144480.34
59295.27
26323.24
27442.97
32426.68
23058.99
45813.90
26871.63
28388.49
38330.79
47487.58
50136.23
38881.57
31091.13
24815.39
26845.24
35859.87
55524.44
75691.55
42120.37
75541.95
59995.13
42694.99
57328.86
50450.42
48738.37
73245.52
70022.24
89584.48
97268.17
48912.78
49185.13
72791.04
114761.23
232379.56
67192.60
103539.37
139701.84
166322.22
298907.81
82298.67
54662.44
63099.62
89187.12
75771.54
63673.54
34836.31
74651.03
49547.97
100615.23
84190.42
71340.80
42942.71
29997.60
43186.85
44206.74
37472.50
42424.92
69019.46
85774.77
97503.59
126274.16
98923.48
93332.41
42352.83
52409.27
74962.84
90764.08
46913.89
63738.58
79452.76
39355.28
54453.31
58657.89
86312.72
65080.77
77494.84
83240.04
31508.28
35003.60
41981.38
61793.85
40258.95
62878.60
86489.78
45546.00
50956.79
122143.44
60723.63
49647.64
42515.52
54969.09
52595.42
54960.22
55154.69
80212.34
84490.06
20267.00
69912.63
134871.45
89983.39
105397.16
198384.52
102049.95
128937.72
64077.46
73978.06
99977.64
104558.59
97522.01
119640.21
146951.89
79683.62
91259.15
136636.77
119988.02
303403.19
457647.62
250656.31
128037.06
92510.84
141374.17
102755.65
81800.44
202592.59
254149.70
346411.53
169827.91
144138.39
150950.16
131368.94
113476.69
175577.20
202342.61
201686.98
259013.34
232549.59
174077.91
284363.84
246098.36
88208.61
135194.45
93190.44
63105.67
66754.97
90487.24
73615.42
97395.06
129749.70
138284.88
196898.12
248354.23
197859.61
203553.48
155093.73
208878.19
213006.14
235894.27
180294.59
322941.69
320876.84
81191.94
51136.47
90612.79
106934.27
190740.95
106341.62
117013.47
164781.23
113897.84
104583.13
175513.08
190010.19
155887.95
211330.05
199815.77
175911.70
162853.22
93235.78
133773.27
162974.31
170287.58
204652.11
242939.73
219633.72
285064.25
194635.59
132638.59
286080.75
350536.69
535814.38
407049.03
600136.81
318426.25
345305.34
303011.59
481071.38
188800.75
402288.12
90045.38
139254.05
120290.61
141189.41
154718.20
212024.95
156993.41
228851.19
208187.33
304877.62
233036.91
208615.20
297821.56
319967.03
277400.16
262965.62
424559.94
6200.03
8963.01
6963.00
25686.00
143378.12
131666.64
160751.97
132964.59
195681.05
189511.84
150233.12
155971.03
179007.52
122438.93
139368.69
153692.41
155219.16
204973.83
273301.56
247024.84
256414.28
253252.95
402840.28
622938.94
362368.59
246535.92
292691.72
214031.02
168493.67
191615.83
305040.06
275140.75
284856.38
285680.91
328348.44
153275.19
189661.34
138584.72
152616.08
139426.30
199343.02
230850.27
271722.19
263927.38
287009.66
217791.48
84096.45
125364.93
128196.73
119246.55
142908.84
151080.91
155786.62
217541.97
287931.47
255130.55
270902.06
319124.69
223026.05
114229.13
92588.27
159392.12
107049.02
80189.98
128996.64
158699.62
132577.95
117087.46
127290.73
107128.87
125475.36
145845.38
171826.23
116648.94
178753.22
316817.91
237589.20
127490.63
196975.91
156138.14
107420.23
95026.83
83614.40
90325.82
83993.44
120121.84
109970.65
125563.83
166399.50
140295.59
269756.69
235962.06
113906.64
77995.33
56971.72
82827.37
104655.49
102846.16
231452.09
89149.51
138753.20
92420.35
105388.36
88208.56
97282.42
134762.80
82737.63
31148.24
35058.84
54984.68
87557.75
95057.20
72372.34
94679.68
33768.38
45299.44
38144.14
36357.49
42404.96
35669.01
35591.95
43538.32
42834.34
60549.69
75327.03
118209.74
105692.81
28287.70
40388.86
66228.00
40222.37
38949.99
45628.24
76468.81
87996.73
53898.34
61398.32
75138.55
79959.51
86249.36
123947.00
179969.69
137257.91
96638.39
68132.03
94020.41
107521.96
145702.08
81681.76
65073.88
79233.22
47374.45
71155.94
69146.77
45695.05
30243.19
29580.01
25011.04
35266.16
28779.02
43915.34
73466.84
24441.12
48576.00
43732.13
33183.87
39448.09
34202.75
33412.38
55094.71
101938.33
120289.47
29206.32
36977.49
50051.85
50091.19
41913.08
37677.31
43177.00
49800.85
94049.67
124237.29
44358.20
50028.62
34650.53
47249.35
40119.36
43377.41
68319.83
56704.36
37390.41
32340.52
20245.98
31320.88
18104.15
23321.67
29132.98
56302.90
40584.29
48781.49
37641.07
44107.07
55940.61
67005.85
53121.73
91998.46
41312.68
31260.66
27836.77
43929.39
21496.56
43652.69
42767.59
63207.17
115487.96
120042.37
57584.39
59580.47
72486.95
63572.27
63645.22
55245.41
54725.30
55142.30
91996.09
107444.36
104729.00
124971.88
175032.64
154507.86
300806.78
411584.97
261681.81
247899.27
133713.80
105490.26
107731.37
56699.89
58204.83
106436.53
122038.21
46098.43
64406.71
51514.39
74212.55
91109.76
64439.24
