18.320
18.270
18.550
18.560
18.780
18.490
18.600
18.160
17.650
17.900
17.630
17.880
18.140
17.920
17.990
18.150
18.300
18.000
17.850
17.710
17.560
17.280
17.510
17.400
17.260
17.300
17.300
17.140
17.070
17.000
16.980
17.050
16.850
17.040
17.120
17.020
17.210
17.140
17.020
17.230
17.200
16.910
16.800
16.930
16.730
16.750
16.850
17.030
17.580
17.670
17.440
17.330
17.360
17.780
17.680
17.600
17.910
17.730
17.810
18.150
18.320
18.360
17.990
17.950
17.640
17.780
17.730
17.820
18.180
17.800
17.600
17.530
17.590
17.490
17.540
17.570
17.340
17.200
17.050
17.130
17.230
17.300
17.260
17.380
17.190
17.450
17.350
17.330
17.400
17.160
17.220
17.180
17.080
16.880
16.950
16.760
16.920
17.050
17.000
17.170
17.000
17.020
16.850
16.750
16.650
16.660
16.630
16.590
16.680
16.600
16.370
16.300
16.270
16.090
16.140
16.300
16.250
16.380
16.260
16.590
16.770
16.770
16.690
16.620
16.730
16.760
16.750
16.450
16.450
16.520
16.460
16.580
16.740
16.700
16.910
17.000
16.940
17.730
17.810
17.980
17.980
18.150
18.230
18.620
18.600
18.770
18.490
18.410
18.310
18.280
18.350
18.230
18.290
18.340
18.480
18.420
18.380
18.120
18.300
18.150
18.340
18.330
18.210
18.190
18.100
18.230
18.250
18.150
18.240
18.270
18.430
18.260
18.150
18.230
18.250
18.330
18.220
18.370
18.280
18.260
18.130
18.130
17.900
17.840
17.870
18.100
17.750
18.180
18.350
18.150
18.060
17.960
17.900
18.030
18.180
18.150
18.660
18.940
18.850
18.700
18.780
19.050
18.760
18.650
18.820
19.180
18.830
18.750
18.930
18.950
19.380
19.400
19.390
19.410
19.030
18.470
18.280
18.500
18.600
18.300
18.000
18.240
18.240
18.250
18.340
18.760
18.980
18.320
18.550
18.320
18.330
18.500
18.360
18.470
18.470
18.790
18.430
18.620
18.290
17.800
18.190
18.280
18.200
18.080
18.130
17.680
18.150
17.990
17.910
17.770
17.590
17.760
17.880
17.520
17.920
18.030
17.950
18.000
17.440
17.280
17.700
18.000
18.000
18.170
17.580
17.600
17.690
16.920
16.920
17.040
16.940
17.120
17.100
17.040
16.840
16.920
17.190
17.730
17.490
17.850
17.420
17.080
16.960
17.350
18.050
17.900
17.990
17.490
17.450
17.800
17.780
17.580
17.700
17.400
17.680
18.800
18.800
19.100
19.260
19.430
19.190
19.110
18.650
18.690
19.290
19.030
18.690
18.900
19.020
18.480
18.680
18.950
18.870
19.000
19.300
18.530
18.780
18.010
17.530
17.880
17.510
17.270
17.150
17.280
17.080
17.300
16.940
17.030
16.970
16.450
15.860
16.780
17.270
18.330
18.630
19.080
18.900
19.070
19.220
19.180
18.680
18.130
19.190
18.850
18.550
18.380
17.880
17.490
17.740
17.820
18.900
19.030
19.200
19.200
19.590
18.960
18.600
20.230
19.500
20.280
20.200
20.870
20.900
21.600
21.870
20.900
23.650
23.640
23.690
23.500
24.390
24.420
24.500
25.580
25.900
24.830
25.080
25.090
25.390
25.550
24.610
25.600
26.200
25.590
25.650
25.050
24.990
23.680
24.280
23.220
22.850
23.570
24.400
23.570
23.440
23.020
23.480
22.490
22.400
22.330
21.500
22.480
22.800
22.600
22.270
22.150
22.000
21.660
21.000
21.050
21.150
21.560
21.450
21.810
21.310
21.560
20.920
20.710
22.380
22.530
21.280
21.180
20.280
21.270
21.100
21.100
21.000
22.300
21.900
21.010
20.760
21.120
20.200
20.690
20.950
20.210
20.040
20.020
19.090
19.700
19.910
19.900
20.100
19.730
18.750
18.860
17.500
17.990
18.440
18.200
17.000
16.410
16.350
18.660
21.300
21.750
21.600
24.170
23.690
23.950
23.800
23.600
24.050
23.130
22.400
22.300
23.540
22.560
21.890
21.200
21.980
21.300
20.770
23.110
24.280
23.240
24.000
23.410
24.300
23.060
22.010
23.610
23.800
22.800
21.380
18.550
18.550
22.000
23.570
21.500
22.340
22.650
20.850
23.680
24.500
27.120
26.800
26.220
27.780
29.000
28.900
30.100
32.850
30.770
30.260
29.150
29.000
29.700
30.090
30.800
31.120
29.150
27.500
28.000
29.100
29.600
29.900
28.800
28.550
27.090
26.900
25.800
25.280
25.840
26.710
24.760
24.600
23.780
23.150
23.200
23.660
24.510
24.560
24.500
22.700
23.920
23.300
23.200
23.560
22.760
22.240
22.230
22.180
21.900
23.130
23.670
23.480
22.690
22.410
23.450
23.830
23.000
22.990
22.510
22.800
22.430
22.450
23.200
23.150
23.460
21.900
20.450
20.510
20.340
20.800
20.220
19.710
20.100
20.290
20.000
19.130
19.430
20.000
18.280
18.680
18.660
18.360
17.990
18.490
18.830
18.200
18.080
17.850
16.900
16.630
17.150
17.100
16.920
17.100
16.980
16.850
17.440
17.790
17.530
17.910
17.760
18.540
18.500
18.000
17.480
17.530
17.240
17.080
17.160
16.480
16.910
16.900
16.990
17.870
16.580
16.600
16.390
17.330
17.630
16.990
17.070
16.630
16.710
16.900
17.700
17.440
17.650
17.900
17.750
17.890
19.010
16.900
16.060
15.880
15.800
15.650
15.390
14.760
14.410
14.560
14.670
14.880
14.750
14.750
14.220
14.200
14.400
14.260
13.950
13.800
14.310
14.190
14.520
14.300
14.520
14.300
14.380
14.860
14.940
14.900
14.990
14.990
14.920
14.550
14.420
14.760
14.650
14.910
14.910
14.740
14.960
14.810
14.930
15.210
15.520
15.640
15.510
15.350
15.260
15.210
15.510
15.120
14.940
15.220
15.150
14.870
14.980
15.910
15.750
15.730
15.790
15.500
15.470
15.480
15.400
15.070
14.990
14.740
14.450
14.500
14.760
15.040
14.960
15.330
14.600
14.510
14.980
13.810
13.890
14.050
14.240
14.000
13.980
13.870
14.100
14.400
14.190
14.150
14.400
13.900
13.980
13.780
13.380
13.180
13.350
13.800
13.600
13.570
13.700
13.790
14.000
15.380
15.100
14.690
14.880
14.750
14.980
