-0.200
-0.010
-0.260
-0.070
-0.120
0.260
-0.030
0.350
0.420
-0.130
0.270
-0.250
0.220
0.190
-0.030
-0.110
-0.140
0.190
0.140
0.120
0.170
0.300
-0.140
0.060
0.080
-0.100
0.210
0.050
0.090
0.080
-0.010
-0.050
0.110
-0.140
-0.060
0.100
-0.130
0.030
0.050
-0.100
-0.020
0.310
0.130
-0.270
0.250
-0.010
-0.030
-0.300
-0.370
-0.150
0.060
0.160
0.030
-0.440
0.190
0.010
-0.290
0.210
-0.120
-0.310
-0.160
-0.030
0.440
-0.070
0.240
-0.070
0.140
-0.150
-0.200
0.180
0.260
-0.080
0.050
0.100
0.030
-0.020
0.090
0.200
0.150
-0.090
-0.100
-0.050
0.020
-0.070
0.110
-0.170
0.010
0.030
-0.090
0.280
-0.030
0.050
0.070
0.300
-0.150
0.140
-0.170
-0.150
0.070
-0.140
0.150
-0.010
0.110
0.230
0.020
-0.010
0.050
0.030
-0.090
0.090
0.230
0.080
-0.070
0.190
0.040
-0.160
0.040
-0.130
0.080
-0.320
-0.150
0.020
0.100
0.010
-0.170
0.060
-0.050
0.390
-0.030
-0.050
0.030
-0.100
-0.170
-0.010
-0.230
-0.040
0.000
-0.700
-0.120
-0.140
0.000
-0.200
-0.190
-0.280
-0.030
-0.110
0.220
0.180
0.000
0.090
-0.010
0.050
-0.010
-0.080
-0.190
0.050
0.070
0.110
-0.060
0.260
-0.320
0.080
0.080
0.030
0.050
-0.120
0.020
0.060
-0.020
-0.050
-0.170
0.250
0.080
-0.050
-0.070
-0.070
0.160
-0.190
0.070
0.100
0.050
0.040
0.270
-0.030
0.050
-0.140
0.140
-0.350
-0.250
0.320
0.000
0.090
0.190
-0.270
-0.020
-0.540
-0.210
-0.120
0.010
0.210
0.120
-0.320
0.150
0.130
-0.170
-0.290
0.140
0.100
0.030
-0.130
-0.350
0.000
-0.030
0.060
0.430
0.400
0.230
-0.370
-0.190
0.350
0.130
0.000
-0.070
0.020
-0.160
-0.440
-0.290
0.890
-0.240
0.260
0.060
-0.230
0.200
-0.080
-0.170
-0.010
0.210
-0.130
0.380
0.120
-0.110
-0.160
0.180
0.000
0.070
0.270
-0.240
0.220
0.010
0.130
0.140
-0.180
-0.140
0.240
-0.230
-0.080
0.080
0.220
0.210
0.210
-0.350
-0.120
0.000
-0.070
0.510
-0.010
-0.070
0.780
-0.070
-0.190
0.200
0.050
-0.140
0.090
0.170
-0.040
-0.440
-0.410
0.130
-0.410
0.560
0.520
0.090
-0.660
-0.610
0.160
-0.160
0.690
-0.100
-0.200
0.000
0.260
-0.400
0.370
-0.180
-0.960
0.130
-0.630
-0.070
0.000
0.090
0.030
0.780
-0.420
-0.530
0.150
0.460
-0.250
0.040
0.550
-0.240
-0.450
-0.040
-0.080
0.280
0.100
0.280
0.450
0.430
-0.520
0.620
0.410
-0.190
-0.010
-0.330
0.290
0.700
-0.460
0.080
0.790
0.250
-1.170
-0.050
-1.320
-0.280
-0.310
0.290
-0.320
-0.060
-0.080
0.780
-0.170
-0.480
0.230
0.200
0.410
0.330
0.440
-0.590
0.240
-1.540
0.360
0.060
-0.570
-0.070
0.540
-0.060
-1.270
0.440
-0.230
0.240
-1.200
0.530
-1.290
0.390
-0.120
-2.300
0.240
-0.020
0.220
-0.860
-0.090
-0.090
-1.100
-0.310
1.160
-0.340
0.320
-0.520
-0.210
0.320
-0.690
-0.630
1.250
-0.510
0.720
-0.320
1.770
-0.780
0.940
0.390
-0.860
-0.630
0.770
0.050
0.310
-0.290
1.150
0.430
-0.140
0.180
-0.710
-0.100
0.250
0.330
0.040
0.460
0.160
0.890
-0.100
-0.700
0.510
-0.060
-0.960
0.660
0.140
0.420
0.270
-1.740
0.370
0.890
0.110
0.800
-1.230
0.230
0.000
0.020
-0.560
-0.380
0.320
0.840
-0.380
1.120
-0.760
-0.110
0.500
0.350
-0.560
1.550
-1.020
0.590
-0.120
-0.560
1.030
0.830
-0.520
1.120
-0.360
0.010
0.460
1.290
0.350
-1.360
-1.960
-1.810
-0.620
0.340
-2.410
0.380
-0.080
0.330
-0.470
-0.120
0.950
0.950
-0.600
-0.750
0.850
0.720
0.620
-0.930
0.950
0.100
-2.360
-0.620
0.890
-0.690
0.130
-0.130
1.310
0.590
-2.450
-0.260
2.250
2.040
1.860
-2.060
-2.290
1.450
-0.100
-1.000
-0.570
2.090
-2.180
-2.560
-1.600
0.390
0.600
-1.710
-1.450
0.610
-2.100
-1.520
1.880
0.240
1.110
0.230
-0.530
-0.330
-0.270
-0.860
2.060
1.610
0.040
-1.650
-0.800
-0.100
1.750
-0.070
1.310
0.050
1.340
0.220
-0.620
-1.050
2.260
0.150
1.070
0.730
-0.090
-0.380
-1.240
-0.110
-0.340
2.000
-0.790
0.670
-0.260
0.000
0.670
0.870
-0.440
0.240
0.060
-1.240
-0.440
0.170
1.030
0.030
-1.030
-0.180
0.440
0.370
0.400
-0.350
0.530
-0.080
-0.810
0.070
0.380
2.060
0.370
-0.250
0.140
-0.240
0.750
0.060
-0.230
-0.280
0.280
0.660
-0.210
-0.450
1.820
-0.650
0.210
0.280
0.350
-0.420
-0.400
0.650
0.130
0.580
0.570
0.210
-0.290
-0.080
0.300
-0.370
0.430
-0.380
-0.380
-0.590
0.400
-0.260
0.130
-0.710
-0.070
0.540
0.530
-0.590
0.860
0.120
-0.080
0.620
-0.200
-0.260
-0.090
-0.060
0.480
0.070
0.190
-0.970
-0.200
0.560
-0.050
0.380
-0.260
-0.050
-0.760
0.420
-0.440
0.030
-0.150
-0.100
-0.250
1.660
0.250
0.450
0.300
0.000
0.340
0.530
0.280
-0.220
0.040
-0.280
0.200
0.160
0.320
0.020
-0.150
0.100
0.250
0.170
-0.460
0.070
-0.300
0.230
-0.200
0.230
-0.190
-0.450
-0.050
0.050
-0.070
0.020
0.140
0.220
0.260
-0.430
0.060
-0.220
0.080
0.040
-0.320
0.250
-0.180
-0.150
-0.420
0.030
0.110
0.270
-0.090
0.000
-0.160
0.260
0.240
-0.280
0.090
0.190
-0.040
-0.910
0.100
0.040
-0.060
0.230
0.150
0.010
-0.060
0.450
0.050
0.310
0.310
-0.120
-0.200
-0.340
0.020
-0.270
0.690
-0.090
0.200
0.740
-0.140
-0.100
-0.200
0.120
0.140
0.170
-0.360
-0.200
0.130
0.180
-0.470
0.540
-0.040
0.310
0.460
0.070
-0.200
-0.560
0.340
0.010
-0.190
0.050
-0.160
-1.520
0.280
0.370
-0.060
0.020
-0.150
