5.590
5.580
5.640
5.650
5.580
5.640
5.670
5.630
5.530
5.490
5.500
5.540
5.500
5.460
5.570
5.650
5.690
5.650
5.670
5.740
5.680
5.630
5.630
5.690
5.690
5.660
5.600
5.550
5.490
5.460
5.460
5.480
5.480
5.420
5.420
5.470
5.580
5.490
5.350
5.530
5.580
5.600
5.570
5.650
5.690
5.650
5.600
5.510
5.620
5.640
5.660
5.650
5.650
5.610
5.750
5.680
5.850
5.820
5.870
5.680
5.660
5.690
5.550
5.480
5.710
5.840
5.560
5.590
5.450
5.300
5.380
5.290
5.280
5.280
5.350
5.300
5.290
5.290
5.270
5.320
5.340
5.390
5.360
5.340
5.310
5.340
5.340
5.360
5.360
5.340
5.400
5.450
5.440
5.370
5.430
5.340
5.340
5.300
5.310
5.230
5.180
5.180
5.190
5.180
5.170
5.160
5.160
5.200
5.170
5.130
5.170
5.180
5.130
5.100
5.100
5.090
5.150
5.140
5.130
5.180
5.180
5.070
5.070
5.040
5.010
5.070
5.080
5.040
5.100
5.150
5.080
5.070
5.050
5.010
4.990
5.060
5.050
5.180
5.170
5.190
5.180
5.210
5.200
5.300
5.270
5.360
5.340
5.300
5.280
5.260
5.320
5.320
5.300
5.420
5.520
5.400
5.470
5.190
5.120
5.120
5.080
5.070
5.060
5.070
5.030
5.100
5.060
5.320
5.160
5.180
5.190
5.210
5.130
5.090
5.100
5.140
5.050
5.060
5.060
5.080
5.050
5.040
4.980
4.970
4.960
5.000
4.960
5.080
5.150
5.150
5.130
5.170
5.170
5.180
5.210
5.160
5.270
5.290
5.260
5.260
5.330
5.270
5.620
5.120
5.150
5.140
5.180
5.170
5.210
5.220
5.360
5.230
5.090
5.060
5.090
4.960
4.920
4.960
4.970
4.960
4.950
4.900
4.910
4.920
4.900
5.020
5.100
5.100
5.140
5.110
5.110
5.130
5.110
5.170
5.140
5.230
5.270
5.280
5.350
5.200
5.190
5.120
5.080
5.090
5.070
4.960
4.990
4.990
4.990
4.720
4.680
4.890
4.920
4.910
5.000
4.960
4.960
5.000
4.870
5.030
5.260
5.390
5.490
5.500
5.490
5.460
5.470
5.300
5.380
5.450
5.530
5.590
5.650
5.650
5.690
5.620
5.570
5.820
6.030
6.030
6.030
5.960
5.980
6.070
6.120
6.080
6.020
5.920
6.040
6.380
6.430
6.450
6.550
6.630
6.560
6.480
6.410
6.420
6.620
6.740
6.680
6.840
6.310
6.180
6.220
6.330
6.300
6.300
6.400
6.370
6.400
6.260
6.230
6.250
6.250
5.990
5.950
6.140
6.100
6.230
6.280
6.010
6.120
5.780
5.790
6.240
6.530
7.200
6.930
7.150
7.340
8.000
7.900
7.940
7.520
7.400
8.480
8.360
7.930
8.150
7.940
7.800
7.400
7.280
7.800
8.020
7.650
6.880
5.970
5.970
6.480
7.210
7.030
8.090
8.850
8.000
9.550
9.670
10.290
10.180
10.390
10.900
12.050
12.000
12.400
12.510
12.620
12.430
12.390
13.050
13.220
12.810
12.560
12.900
12.750
11.440
11.360
12.750
12.480
11.990
10.430
11.120
9.600
8.480
8.120
8.240
8.450
8.830
8.320
8.280
8.000
7.380
7.940
8.450
9.170
9.340
9.170
8.720
9.000
8.700
7.490
7.620
7.530
7.610
7.390
6.880
6.580
6.800
6.280
6.000
5.730
5.930
6.000
5.930
5.870
5.960
5.850
6.020
5.780
5.610
5.770
5.600
5.450
5.290
5.300
5.170
4.950
4.850
4.730
4.640
4.600
4.660
4.660
4.600
4.650
4.780
4.710
4.690
4.770
4.500
4.380
4.330
4.300
4.290
4.290
4.260
4.300
4.190
4.140
4.210
4.370
4.420
4.440
4.460
4.590
4.660
4.610
4.570
4.530
4.550
4.580
4.380
4.160
4.310
4.490
4.350
4.500
4.470
4.610
4.680
4.780
4.850
4.800
4.630
4.540
4.690
4.760
4.640
4.530
4.520
4.650
5.000
4.720
4.750
4.710
4.710
4.860
5.060
4.850
4.300
4.180
3.930
4.070
4.020
4.000
3.960
3.990
4.000
4.070
4.100
3.910
3.950
3.840
3.860
3.930
3.860
3.820
3.740
3.840
3.820
4.030
3.920
4.040
3.950
4.090
4.070
3.540
3.590
3.410
3.280
3.200
3.150
3.150
3.200
3.280
3.300
3.190
3.320
3.370
3.410
3.400
3.440
3.510
3.510
3.400
3.380
3.370
3.520
3.160
3.120
3.130
3.120
3.100
3.090
3.090
3.210
3.240
3.190
3.260
3.220
2.900
2.550
2.520
2.520
2.450
2.420
2.410
2.430
2.450
2.480
2.480
2.440
2.460
2.450
2.430
2.410
2.400
2.400
2.420
2.430
2.420
2.400
2.410
2.410
2.400
2.370
2.400
2.400
2.400
2.390
2.360
2.350
2.320
2.310
2.290
2.320
2.310
2.320
2.300
2.290
2.300
2.300
2.280
2.300
2.310
