4.230
4.250
4.220
4.260
4.210
4.220
4.150
4.190
4.180
4.140
4.150
4.230
4.210
4.210
4.180
4.200
4.150
4.120
4.100
4.190
4.180
4.210
4.150
4.110
4.110
4.060
4.170
4.150
4.150
4.090
4.090
4.200
4.340
4.350
4.360
4.350
4.290
4.290
4.330
4.480
4.550
4.500
4.560
4.600
4.610
4.570
4.650
4.560
4.600
4.590
4.580
4.720
4.710
4.750
4.850
4.880
4.900
4.960
4.950
4.970
4.910
4.950
4.940
4.940
4.880
4.850
4.940
4.990
5.010
5.020
4.970
4.990
5.020
5.030
5.050
5.090
5.050
5.070
5.090
5.090
5.090
5.130
5.170
5.150
5.120
5.110
5.170
5.180
5.160
5.250
5.220
5.250
5.270
5.160
5.110
5.170
5.140
5.160
5.200
5.180
5.130
5.120
5.110
5.100
5.080
5.090
5.070
5.090
5.150
5.060
5.010
5.010
5.050
5.010
5.210
5.270
5.330
5.400
5.360
5.350
5.360
5.370
5.340
5.260
5.230
5.280
5.280
5.290
5.270
5.360
5.370
5.350
5.350
5.310
5.300
5.200
5.280
5.270
5.550
5.520
5.590
5.480
5.450
5.700
5.610
5.570
5.600
5.730
5.730
5.650
5.700
5.750
5.650
5.660
5.720
5.700
5.800
5.800
5.950
5.950
6.000
5.880
5.600
5.690
5.550
5.340
5.290
5.260
5.300
5.400
5.250
5.270
5.280
5.230
5.270
5.210
5.220
5.150
5.210
5.180
5.180
5.160
5.150
5.090
5.080
5.060
5.090
5.080
5.140
5.150
5.150
5.140
5.160
5.130
5.130
5.120
5.230
5.300
5.250
5.260
5.190
5.170
5.190
5.220
5.210
5.200
5.170
5.180
5.270
5.290
5.260
5.300
5.340
5.270
5.240
5.250
5.170
5.100
5.170
5.190
5.160
5.130
5.140
5.150
5.110
5.090
5.150
5.150
5.150
5.350
5.310
5.290
5.350
5.300
5.340
5.320
5.380
5.400
5.430
5.330
5.280
5.350
5.290
5.280
5.300
5.230
5.170
5.200
5.290
5.240
5.170
5.100
5.180
5.160
5.130
5.160
5.170
5.140
5.200
5.090
5.080
5.280
5.320
5.340
5.370
5.320
5.290
5.290
5.100
5.130
5.140
5.130
5.140
5.190
5.140
5.120
5.110
5.240
5.250
5.200
5.220
5.270
5.270
5.240
5.470
5.710
5.700
5.730
5.590
5.620
5.680
5.620
5.570
5.610
5.560
5.630
6.030
6.010
6.090
6.140
6.200
6.180
6.120
5.890
5.990
6.040
6.050
5.920
5.890
5.940
5.740
5.800
5.910
5.850
6.060
6.160
5.920
5.790
5.610
5.430
5.490
5.600
5.420
5.400
5.510
5.770
5.860
5.330
5.520
5.530
5.270
5.120
5.360
5.340
5.930
5.920
6.040
5.970
5.910
6.040
5.480
5.230
5.290
5.310
5.240
5.260
5.100
5.180
5.030
5.330
5.470
6.070
6.100
5.930
6.100
6.150
5.960
5.900
6.160
6.020
6.210
6.120
6.460
6.110
6.770
6.630
6.560
7.280
7.390
7.360
7.310
7.540
7.550
7.720
7.480
7.420
7.450
7.610
7.420
7.480
7.370
7.190
7.290
7.330
7.500
7.770
7.660
7.760
7.640
7.540
7.580
7.670
8.430
8.640
8.360
8.200
8.300
8.350
8.160
8.350
8.590
8.220
8.560
8.880
8.660
7.880
7.810
7.740
7.400
7.070
7.300
8.020
8.080
7.520
7.440
7.450
7.030
6.860
6.630
6.470
6.620
6.490
6.880
6.600
6.820
6.790
6.610
6.440
6.690
6.140
6.740
7.490
7.470
7.820
7.720
7.350
7.380
7.000
7.800
7.780
7.080
6.690
6.690
7.430
8.250
8.860
9.350
8.670
9.640
9.610
9.680
9.600
10.300
9.540
9.000
8.840
8.850
9.230
8.570
7.780
7.770
8.190
7.730
8.180
9.100
9.470
9.090
8.900
8.830
8.900
8.330
8.160
9.080
9.000
8.180
7.440
6.760
6.540
7.280
7.280
8.100
8.980
9.770
9.360
10.400
11.560
12.300
11.970
12.210
13.570
14.370
13.990
14.930
15.540
15.700
15.690
15.740
16.260
15.460
14.770
15.110
15.560
14.610
13.940
14.500
16.110
16.530
16.250
16.250
16.360
14.870
14.610
14.310
15.290
14.950
13.590
13.700
13.640
13.030
12.520
13.200
14.010
14.450
14.010
14.340
14.610
15.100
15.160
15.920
15.650
15.500
15.100
16.360
17.230
16.540
18.380
19.790
21.480
49.180
47.340
43.040
39.130
35.570
32.340
29.400
28.160
28.830
28.350
28.990
26.350
24.790
22.540
21.090
21.860
19.870
18.060
17.310
17.070
17.140
17.540
17.380
17.670
17.660
16.580
15.070
13.700
12.450
11.710
11.680
11.130
11.130
10.970
10.900
10.970
10.300
10.200
10.390
10.620
10.740
10.980
10.890
10.880
10.830
11.150
11.370
11.310
10.470
10.730
10.330
9.930
9.770
10.230
10.070
10.020
10.300
10.210
10.000
9.990
10.130
10.350
10.120
10.050
9.880
10.250
10.500
10.810
9.830
9.610
8.740
8.760
8.740
8.970
8.990
8.870
8.760
8.490
8.340
8.530
8.470
8.860
8.800
8.720
8.700
8.540
8.550
8.560
8.540
8.450
8.320
8.300
8.310
8.300
8.310
8.150
8.130
8.250
8.170
8.500
8.380
8.560
8.710
8.800
8.800
8.540
8.530
8.510
8.430
8.280
8.170
8.150
8.370
8.560
8.590
8.480
8.670
8.800
8.820
9.000
9.180
9.290
9.120
9.000
8.840
8.880
8.810
8.870
8.810
8.720
8.670
8.660
8.710
8.670
8.920
8.780
8.690
8.930
8.650
8.600
8.670
8.860
8.220
7.470
7.360
7.290
7.450
7.210
7.370
7.410
7.360
7.410
7.410
7.360
7.320
7.250
7.360
7.370
7.310
7.220
7.190
7.260
7.330
7.280
7.130
7.230
7.190
7.200
7.200
7.120
7.060
6.940
7.000
6.890
6.980
7.040
7.090
6.980
7.000
6.930
6.860
6.870
7.040
