53542.53
56961.70
124131.06
66655.28
67628.79
66132.56
108977.50
73002.55
53353.01
49604.97
81804.87
50329.86
80924.89
99648.54
81004.45
118562.33
178458.70
331610.56
99951.86
111879.52
70672.39
46535.01
76545.58
80218.80
111775.85
47879.86
73846.32
123092.48
84197.35
75659.19
65992.66
108799.06
122981.27
92254.69
75060.53
152579.88
81131.68
54769.13
73072.91
80408.77
71882.02
73687.83
126182.17
91077.50
77935.51
138614.41
113320.36
124330.47
166414.44
125535.37
114251.29
142566.56
231244.28
102862.64
119887.04
87509.68
60400.86
95516.42
89536.87
128446.02
160650.80
98774.33
166995.92
117044.51
128829.77
87206.83
95027.94
139141.53
63189.74
151449.41
93291.38
123478.59
199130.55
148782.81
102766.45
152430.92
108257.43
103786.65
183997.81
179087.38
166991.94
422434.16
187024.64
159892.23
254997.66
209808.52
159474.05
298476.88
235849.05
114299.26
161854.77
67358.26
62348.18
71145.38
79679.45
61028.23
86803.61
71336.35
75692.89
46447.90
66226.24
99561.96
172586.11
80858.36
97239.70
185495.94
168961.66
97874.05
72148.44
105772.35
114426.82
105464.92
69407.12
82537.32
59196.01
71918.72
131572.06
83125.13
60218.27
83264.30
66599.25
84607.45
63446.83
94465.39
105196.32
155151.53
224453.55
114417.63
116426.71
219591.39
95055.71
145014.38
119608.61
134576.20
215217.94
315804.84
258878.91
272027.75
333253.72
341507.62
610546.31
485325.53
279530.34
214361.66
252702.45
408445.62
804845.31
542242.88
279660.03
332627.00
367012.28
502559.91
375128.19
319978.12
351231.66
302240.44
299211.31
470639.88
433446.97
481861.50
820808.38
757864.31
189634.20
249690.94
392464.66
240675.70
372704.81
208667.14
291852.12
259478.55
466149.69
411615.06
369865.06
421763.12
280505.66
274556.12
395109.25
173587.03
229965.98
181726.20
234366.44
112422.63
121445.91
131953.08
268908.31
268258.25
274678.69
273032.25
309602.72
407407.75
188971.11
315610.72
235309.09
284158.03
222243.55
245970.19
378018.38
319453.66
298937.19
359309.00
329366.38
525599.81
362086.75
859706.44
640954.38
403176.41
540683.25
1055271.75
699466.00
545151.25
95132.92
100226.89
169409.20
111635.07
145728.77
165956.12
212038.88
318099.25
237142.73
126305.51
166927.69
168045.81
222558.52
176617.30
207321.94
287639.09
275998.03
436522.91
720297.50
429064.88
184942.09
333848.19
278465.00
294783.94
361279.97
163062.23
165996.02
270102.41
231964.12
355363.28
279220.28
321958.00
464049.44
348464.56
225883.55
452300.47
156304.88
194273.22
202690.81
427845.31
808723.81
334601.47
257650.38
375545.66
540930.50
195478.38
364741.91
270718.75
305466.19
207132.88
132487.44
215200.98
241456.12
267057.41
457179.53
253864.48
288095.38
384438.38
324214.03
463400.50
373337.62
513282.88
561021.44
714032.00
516535.47
825504.00
1127618.75
676847.94
479839.22
1013078.94
615012.19
511945.62
278299.53
154161.33
103028.62
100471.03
81360.39
107859.33
106935.70
104267.41
91580.12
131433.50
133788.09
185539.31
119236.67
140415.56
89599.28
75649.83
138134.59
83243.61
92551.26
88007.12
104591.85
71934.65
106106.53
144790.81
132978.62
114238.09
158426.31
234483.45
276851.44
139028.95
153025.16
183627.58
178877.59
141093.94
154718.06
247347.64
150391.02
211641.44
270111.00
398155.62
339223.03
332003.84
298651.66
432555.72
177493.33
80493.81
115271.00
143131.88
152405.78
220991.23
212019.81
211073.27
264919.38
232174.98
308650.38
251930.88
255796.92
308308.44
204417.84
244481.48
198992.55
344843.84
229320.69
143151.03
82782.91
112149.44
152654.56
298608.47
305778.25
449419.62
367392.91
116319.09
91011.30
155467.94
145379.41
132511.31
174604.06
114012.41
199916.56
237366.06
117686.54
144705.55
159993.56
193735.05
165658.61
236986.94
173765.48
248247.45
188889.20
198436.48
294606.16
270855.94
380419.22
439665.31
610865.31
1068071.88
323895.31
305563.38
362441.00
350917.34
292457.38
205332.09
245104.48
355711.38
301879.38
250154.53
382101.31
363642.31
658848.25
724752.75
1226864.50
407725.97
279867.50
333214.94
392293.84
261274.31
270461.78
285880.38
525686.94
612684.94
384100.41
295539.06
1000182.94
425071.25
596873.31
421989.09
394879.34
362645.69
412638.88
490696.75
407277.47
429479.66
488572.25
410023.16
392847.31
415012.00
427258.94
483374.91
500513.06
560362.31
622834.00
580669.38
992098.62
736917.19
1321620.62
1180535.38
1166539.50
2144034.75
1018256.25
1475877.00
1619239.75
1234396.88
837009.75
670053.81
613324.94
461064.28
404557.19
267884.47
303720.06
315570.22
284834.91
358098.38
394559.44
383219.44
257221.30
276272.88
342089.91
428635.91
380578.97
516262.84
480610.88
641150.38
667624.88
846303.81
1342277.25
886148.31
493326.41
753429.81
529756.94
361298.75
457964.53
669657.19
572876.12
683971.62
898209.06
449132.16
627317.31
448067.38
372431.91
312558.19
455265.53
536275.00
514835.88
417259.53
253044.69
375398.12
440512.31
318793.34
407969.69
353864.59
335516.50
316424.22
498060.78
203252.52
118251.66
112034.58
121593.89
125462.63
138670.17
144168.77
149499.75
196755.41
110860.02
128878.65
73535.90
82593.11
83956.84
134307.08
76804.71
70892.60
78534.71
114927.22
152320.34
130434.14
126863.79
97990.97
90405.90
96295.19
120005.97
126100.71
216380.94
183358.62
172339.50
246919.09
237612.11
193552.45
316377.97
180186.78
170412.23
164809.55
120554.76
235937.47
255837.19
353314.66
462831.06
1063817.12
748374.19
184598.03
227338.17
292482.16
274067.53
193799.12
264732.03
375209.12
815601.12
495254.53
335445.53
423111.06
617006.81
243602.05
318720.50
324600.44
416975.50
799491.50
664646.31
921608.50
999788.31
788241.31
580564.62
768991.44
645222.25
633876.06
489972.81
502750.78
390380.44
172210.62
122913.97
136258.66
259156.12
259399.95
249596.94
333964.69
339064.44
468630.12
191280.78
220734.22
206953.62
277185.91
393982.12
315630.75
470773.38
405888.22
408561.59
304825.81
189959.09
173711.30
250929.81
290014.75
364790.91
333747.72
415140.59
550675.25
506418.19
867502.06
815638.75
560230.38
337679.06
284549.59
537879.69
323360.47
239640.14
341021.38
411559.16
197917.81
325683.78
501269.72
283498.50
140053.81
366980.34
472565.84
155821.59
211774.34
200557.44
284289.25
293572.84
166618.12
343330.91
197653.88
94062.18
120953.50
144814.16
108088.86
129303.27
163398.66
180806.98
156492.69
165045.25
335367.56
165748.08
172953.38
305098.25
463589.25
156039.58
207240.94
186796.09
244209.98
340488.62
610020.94
553841.94
654868.31
285899.91
418592.38
389287.91
667869.69
504858.06
593418.62
386964.22
259054.62
150943.91
151263.67
129951.28
134342.02
228376.92
168201.41
147502.62
157944.58
199246.62
184169.59
