4.260
4.260
4.260
4.260
4.220
4.220
4.190
4.200
4.190
4.160
4.230
4.270
4.240
4.220
4.220
4.210
4.170
4.150
4.170
4.200
4.230
4.220
4.160
4.130
4.110
4.170
4.230
4.180
4.160
4.100
4.200
4.330
4.360
4.380
4.410
4.360
4.320
4.320
4.470
4.560
4.560
4.550
4.600
4.630
4.630
4.640
4.650
4.610
4.630
4.610
4.720
4.740
4.760
4.870
4.900
4.910
4.960
4.980
4.980
4.980
4.970
4.970
4.960
4.960
4.890
4.950
5.000
5.020
5.030
5.020
5.010
5.010
5.030
5.070
5.100
5.090
5.070
5.090
5.100
5.120
5.140
5.170
5.170
5.150
5.130
5.190
5.200
5.190
5.260
5.250
5.270
5.270
5.340
5.170
5.190
5.180
5.170
5.200
5.240
5.180
5.150
5.130
5.120
5.100
5.110
5.100
5.100
5.140
5.230
5.100
5.030
5.050
5.060
5.200
5.290
5.330
5.390
5.480
5.360
5.370
5.390
5.380
5.350
5.280
5.300
5.320
5.310
5.290
5.370
5.390
5.370
5.410
5.350
5.360
5.370
5.280
5.310
5.530
5.610
5.640
5.680
5.570
5.620
5.770
5.610
5.620
5.730
5.790
5.730
5.710
5.780
5.800
5.680
5.730
5.740
5.810
5.820
5.880
6.160
6.040
6.190
5.890
5.800
5.990
5.780
5.360
5.300
5.290
5.390
5.660
5.280
5.310
5.300
5.290
5.270
5.260
5.240
5.240
5.250
5.200
5.210
5.160
5.150
5.090
5.110
5.100
5.100
5.140
5.170
5.180
5.170
5.160
5.160
5.140
5.160
5.180
5.320
5.350
5.280
5.270
5.220
5.210
5.230
5.240
5.240
5.220
5.230
5.250
5.300
5.310
5.320
5.330
5.350
5.300
5.270
5.260
5.180
5.180
5.210
5.200
5.170
5.150
5.160
5.160
5.130
5.140
5.170
5.180
5.380
5.350
5.330
5.340
5.460
5.350
5.350
5.380
5.430
5.420
5.430
5.350
5.370
5.490
5.290
5.310
5.310
5.250
5.210
5.240
5.390
5.240
5.180
5.190
5.200
5.170
5.210
5.180
5.230
5.200
5.220
5.120
5.250
5.320
5.340
5.390
5.420
5.330
5.340
5.300
5.130
5.170
5.150
5.210
5.190
5.210
5.150
5.190
5.200
5.300
5.260
5.260
5.220
5.320
5.310
5.470
5.710
5.730
5.800
5.730
5.630
5.670
5.870
5.620
5.590
5.610
5.670
6.040
6.070
6.060
6.140
6.210
6.240
6.440
6.150
5.930
6.190
6.150
6.080
5.940
5.990
5.940
5.840
6.010
5.940
6.040
6.170
6.450
5.950
5.800
5.680
5.550
5.630
5.700
5.450
5.560
5.640
5.970
5.860
5.530
5.620
5.560
5.300
5.350
5.430
5.930
5.960
6.040
6.070
6.100
6.280
6.040
5.500
5.270
5.380
5.360
5.250
5.300
5.230
5.250
5.310
5.530
5.980
6.150
6.100
6.130
6.170
6.170
6.050
6.150
6.170
6.290
6.300
6.480
6.740
6.660
6.780
6.780
7.250
7.390
7.460
7.370
7.590
7.640
7.700
7.890
7.520
7.460
7.610
7.620
7.530
7.640
7.380
7.300
7.420
7.500
7.710
7.850
7.780
7.770
7.640
7.620
7.800
8.380
8.690
8.780
8.360
8.380
8.370
8.370
8.370
8.690
8.690
8.470
8.900
9.500
8.660
8.000
7.950
7.950
7.410
7.280
7.760
8.110
8.140
7.780
7.530
7.680
7.160
6.960
6.840
6.520
6.650
6.860
6.960
6.740
6.880
6.820
6.690
6.880
6.750
6.750
7.590
7.610
7.750
8.010
7.790
7.900
7.450
7.570
8.160
7.780
7.090
6.960
6.930
7.950
8.910
9.200
9.460
9.760
9.650
9.850
9.750
10.070
10.490
9.840
9.130
9.080
9.190
9.390
8.570
7.860
8.270
8.200
8.090
8.970
9.680
9.600
9.150
9.000
9.160
9.000
8.600
8.950
9.750
9.000
8.180
7.440
6.980
7.210
7.990
8.170
9.140
10.100
9.780
10.770
11.300
12.410
12.310
12.380
13.480
14.410
14.460
14.620
15.520
15.860
15.760
16.000
16.480
16.290
15.500
15.090
15.730
15.580
14.670
14.700
16.180
16.800
16.560
16.660
16.960
16.360
15.310
14.990
14.880
16.350
14.950
13.970
14.310
13.680
13.210
13.090
14.170
14.500
14.470
14.560
14.870
15.140
15.490
15.590
16.200
16.090
15.790
15.900
17.100
17.250
17.620
19.390
21.700
21.480
52.000
47.340
43.040
39.130
35.570
32.340
30.270
28.950
29.590
31.260
28.990
27.210
24.790
22.800
22.900
21.860
19.870
18.220
17.480
17.580
17.430
18.090
17.740
18.640
18.190
16.580
15.070
13.700
12.650
11.880
11.960
11.300
11.300
11.080
11.140
10.980
10.360
10.470
10.690
10.960
11.060
11.140
11.150
11.060
11.110
11.450
11.570
11.520
10.790
10.770
10.350
10.060
10.200
10.300
10.120
10.300
10.520
10.340
10.080
10.110
10.520
10.360
10.290
10.150
10.220
10.470
10.790
10.810
10.570
9.610
8.830
8.840
9.040
9.150
9.070
9.120
8.840
8.500
8.660
8.580
8.880
8.880
8.830
8.790
8.710
8.560
8.720
8.610
8.550
8.550
8.330
8.380
8.380
8.320
8.310
8.170
8.260
8.270
8.560
8.550
8.640
8.750
8.940
8.870
8.810
8.610
8.580
8.560
8.450
8.290
8.260
8.380
8.700
8.720
8.610
8.740
8.850
8.900
9.010
9.120
9.370
9.480
9.160
9.060
8.960
8.900
8.950
9.110
8.850
8.880
8.710
8.730
8.750
9.170
9.200
8.860
8.930
8.950
8.780
8.830
8.730
8.980
8.220
7.490
7.390
7.460
7.620
7.390
7.420
7.430
7.440
7.460
7.430
7.380
7.330
7.360
7.380
7.430
7.320
7.260
7.370
7.330
7.340
7.290
7.260
7.290
7.200
7.220
7.260
7.180
7.100
7.050
7.020
7.030
7.110
7.130
7.110
7.020
7.000
6.940
6.900
7.060
7.090
