0.710
-0.060
0.020
0.510
0.260
-0.270
-0.050
0.210
0.570
0.180
0.270
0.000
0.300
-0.010
-0.030
0.290
-0.070
0.180
-0.380
0.080
0.110
0.170
-0.060
0.510
-0.050
0.100
-0.040
0.390
-0.080
-0.230
-0.120
-0.560
-0.120
0.090
0.010
-0.580
-0.090
0.000
0.250
-0.490
0.330
-0.570
-0.530
0.040
0.240
0.000
0.020
-0.100
0.170
0.700
-0.280
0.040
0.010
0.060
0.260
0.230
-0.360
0.040
-0.390
0.070
-0.270
-0.020
0.740
0.210
-0.110
0.230
-0.270
-0.070
-0.100
0.390
-0.240
0.000
0.240
0.040
-0.060
0.450
-0.060
0.530
0.090
0.160
-0.110
-0.210
0.070
-0.120
0.390
-0.170
0.030
0.120
0.220
0.040
0.100
-0.230
0.030
0.370
-0.270
0.040
-0.130
-0.100
0.150
0.020
0.030
-0.050
-0.070
-0.030
-0.120
0.260
-0.020
0.080
0.110
-0.040
0.010
0.120
0.010
0.130
0.250
-0.210
-0.100
0.050
0.430
-0.120
0.110
0.020
0.120
-0.140
-0.020
0.100
-0.010
0.040
0.100
-0.050
0.020
0.190
0.130
0.040
0.130
-0.080
0.000
-0.520
-0.150
-0.010
0.070
-0.030
0.050
-0.230
0.000
-0.060
-0.040
0.070
-0.010
-0.150
0.010
0.020
-0.020
-0.200
-0.140
0.410
0.070
-0.040
-0.150
0.100
-0.060
0.050
0.000
-0.230
-0.010
-0.040
0.300
-0.060
0.040
0.030
-0.290
-0.160
0.220
-0.030
-0.070
-0.190
0.150
-0.110
0.380
-0.040
0.280
-0.050
0.320
-0.080
-0.160
0.130
-0.340
-0.150
0.050
-0.040
-0.220
0.060
0.080
0.000
-0.390
-0.220
-0.070
-0.180
0.070
-0.150
-0.220
0.210
0.020
0.010
0.080
0.350
-0.450
-0.140
-0.130
0.110
-0.160
-0.110
-0.100
0.330
0.350
0.090
-0.410
-0.250
0.260
0.080
0.060
0.080
0.260
-0.070
0.230
-0.790
0.040
-0.440
-0.040
-0.070
0.490
1.200
0.010
0.850
-0.250
0.030
-0.180
0.120
0.210
0.020
-0.230
0.040
0.020
-0.050
0.730
0.010
0.060
0.000
0.070
0.360
-0.280
-0.370
0.610
-0.310
-0.170
0.040
-0.070
0.420
0.520
-0.370
-0.050
-0.090
0.240
0.440
0.030
-0.040
0.620
0.020
-0.130
-0.150
-0.010
-0.240
0.180
-0.050
0.110
-0.470
-0.290
0.130
0.010
0.210
0.220
-0.190
-0.150
-0.520
-0.170
0.360
0.250
0.060
0.080
0.010
0.110
0.010
0.140
-0.280
-0.490
0.000
-0.430
-0.050
0.060
0.120
0.220
0.460
-0.270
-0.240
0.340
0.060
0.010
-0.120
0.400
-0.040
0.310
0.070
-0.210
-0.010
-0.070
0.250
0.000
0.490
-0.110
0.190
0.340
0.050
-0.230
-0.030
-0.060
0.200
0.080
-0.090
0.430
0.210
-0.270
0.270
-1.160
0.450
-0.120
0.140
0.210
-0.100
0.010
0.390
-0.120
-0.180
0.390
0.240
0.320
-0.250
0.460
-0.320
-0.950
-0.940
0.460
-0.240
-0.570
-0.430
0.390
0.330
0.060
0.610
0.020
0.100
-0.810
1.030
-0.930
0.240
-0.470
-1.320
-0.590
0.000
0.220
0.050
0.050
0.390
-0.030
0.020
0.290
-0.390
0.010
-0.080
-0.480
-0.110
-0.240
0.800
-0.260
0.310
0.980
-1.180
0.030
-0.070
0.230
-0.230
-0.140
0.840
-0.480
-0.280
0.350
0.330
-0.270
1.100
-0.200
0.140
0.390
-0.210
0.580
0.210
-0.500
-0.190
0.180
-0.180
-0.380
0.980
0.110
0.300
-1.280
0.250
0.170
-0.070
0.340
0.410
1.060
0.970
0.090
0.430
0.040
-0.360
-0.080
0.120
0.260
-0.240
0.040
0.600
0.180
-0.240
0.810
-0.850
-0.990
0.050
-0.490
0.560
0.480
0.140
0.390
-0.750
-0.810
0.640
0.680
-0.340
-1.040
-1.100
-0.760
-0.670
0.220
-1.070
0.070
-0.150
0.260
-0.580
0.190
0.630
0.240
0.850
-0.380
0.810
-0.620
-0.410
-0.550
0.800
-0.440
-1.470
0.370
0.650
0.020
-0.140
0.050
0.610
0.960
-1.350
0.620
1.170
1.070
0.970
-0.900
-1.170
-0.190
-1.320
-1.060
-1.480
1.240
-1.000
-1.150
-1.150
0.650
-0.320
-0.660
-0.170
0.240
-1.600
-1.100
0.190
-0.590
-0.010
0.160
-0.500
0.360
-0.650
0.470
1.080
0.670
-0.860
-2.270
1.360
0.770
0.340
1.840
0.050
0.390
0.200
-0.760
-1.160
1.470
-0.070
1.040
1.040
1.050
-1.650
-0.930
-0.180
0.910
-2.420
1.020
-5.920
0.690
5.430
-1.720
1.730
4.530
-5.490
-4.200
1.150
-6.470
-3.480
4.540
5.790
-2.220
-2.780
2.360
-0.080
3.750
5.170
4.700
-0.490
-1.650
-5.460
4.680
2.460
4.310
3.920
1.390
1.380
2.470
1.090
0.390
-1.780
2.230
-0.200
1.910
1.980
-0.520
0.590
0.090
1.650
0.520
-0.110
0.210
-0.970
1.240
0.370
0.540
-0.080
0.450
-1.210
-1.230
-0.180
1.620
-0.110
0.740
0.200
0.220
-0.040
-0.510
0.160
-1.080
0.250
0.090
1.600
-1.470
0.340
-1.380
1.590
1.700
0.740
0.440
-0.350
0.680
0.370
0.360
-1.300
2.010
1.830
0.280
0.580
1.270
-0.530
-0.920
-0.280
0.610
-0.260
0.010
0.290
-0.270
0.070
1.070
0.040
-0.220
-0.780
0.260
-0.200
0.080
-0.670
-0.250
-0.630
-0.250
0.550
0.250
0.360
-0.220
0.270
-0.090
-0.210
-0.120
-0.800
-0.190
-0.190
0.220
-0.370
0.400
-0.150
-0.250
-0.090
0.200
0.030
-0.100
0.230
0.700
-0.140
-0.280
-0.010
0.460
-0.210
-0.620
-0.320
0.470
0.010
-1.140
-0.410
0.010
0.400
-0.510
-0.150
0.600
0.450
-0.010
0.060
-0.510
0.350
-0.400
-1.390
0.030
0.200
0.400
0.620
0.020
-0.020
0.350
0.410
0.050
0.330
0.280
0.210
0.270
-0.870
0.140
0.890
0.020
0.110
-0.080
0.590
0.060
-0.150
-0.120
-0.080
0.880
-0.320
0.350
1.040
0.120
0.240
-0.800
0.170
-0.360
-0.010
0.910
-0.180
-0.230
0.450
0.230
0.420
0.180
-0.020
-0.160
-0.020
0.180
0.040
-0.470
-0.540
0.320
