26.980
25.680
25.880
25.700
23.750
23.670
21.660
21.600
21.480
21.770
22.100
22.460
22.450
21.480
22.160
21.310
21.110
21.190
21.400
21.770
21.410
21.320
21.410
20.880
20.850
21.280
21.400
21.250
21.410
22.040
22.050
22.280
22.660
22.420
22.200
21.980
21.730
21.660
21.910
21.960
21.830
21.960
22.000
21.970
22.340
22.340
22.460
22.100
22.350
21.260
21.060
21.300
21.360
20.930
20.980
21.480
21.290
21.670
22.280
22.340
22.220
22.350
22.490
22.970
22.980
22.540
22.450
23.050
22.700
22.460
22.150
22.150
22.150
22.180
22.230
22.320
22.370
22.170
22.540
22.990
22.350
23.570
23.740
24.030
23.600
24.000
24.660
24.920
24.690
24.700
24.770
24.800
24.150
24.530
24.950
24.830
24.760
25.060
25.480
25.580
25.890
25.530
26.350
26.920
27.980
25.470
25.660
26.280
26.860
27.070
25.240
25.080
24.850
24.700
25.370
25.120
24.600
24.700
25.110
25.140
25.000
25.270
23.200
23.470
23.250
23.460
23.190
23.700
23.530
23.570
23.830
24.360
25.250
25.680
25.220
25.100
25.050
24.850
24.850
25.000
26.180
26.400
27.090
26.610
26.900
26.930
27.060
26.850
26.590
26.450
26.690
26.630
27.260
27.200
27.000
27.800
28.480
27.870
28.280
27.320
26.840
27.160
27.820
26.680
27.160
28.160
27.790
28.800
28.250
29.150
29.460
30.000
29.550
28.950
27.920
29.290
28.560
30.780
30.650
31.280
29.800
28.480
28.320
28.500
29.880
27.940
29.400
26.730
24.450
25.190
24.450
23.840
24.560
24.880
24.500
23.600
21.670
21.680
22.170
22.470
22.910
23.780
22.560
22.030
22.600
21.100
21.080
21.950
20.680
20.990
20.260
20.140
19.680
20.100
20.150
20.040
20.130
20.300
20.100
20.380
21.520
21.950
21.840
21.200
20.960
21.350
20.800
22.540
23.680
23.870
23.870
24.150
23.500
22.900
23.180
22.720
22.670
23.400
24.200
24.650
23.880
24.460
24.450
24.840
25.690
26.010
24.910
24.500
23.230
23.740
23.280
23.880
23.620
23.280
23.130
23.180
23.360
23.850
25.300
25.100
23.950
23.800
23.640
23.190
23.500
24.330
24.170
23.880
23.780
25.370
24.430
23.860
22.220
20.870
20.500
20.500
21.160
22.800
23.950
22.370
21.450
22.370
22.600
22.840
22.980
21.220
19.800
18.940
17.970
17.680
17.710
17.360
18.530
19.800
20.810
20.330
20.140
21.450
21.310
19.490
19.580
19.690
20.200
21.980
23.200
25.620
24.170
24.070
24.460
22.250
22.500
21.860
21.990
21.880
22.300
22.980
22.810
22.970
23.460
23.280
23.200
23.680
24.280
23.480
21.570
19.860
19.450
19.850
19.310
19.950
19.290
18.800
18.650
19.050
18.710
20.300
21.160
21.250
19.850
20.090
20.660
20.190
20.290
21.380
21.320
20.300
20.980
20.460
21.050
19.910
19.950
19.530
18.630
18.150
17.990
18.110
18.750
19.840
18.500
19.200
19.200
18.290
19.200
18.670
19.300
19.320
19.200
19.500
18.100
18.290
17.100
15.940
15.500
15.280
15.750
17.130
15.840
15.420
16.480
16.470
16.590
16.550
15.800
15.400
16.270
15.450
15.800
16.220
15.100
16.340
17.400
18.030
17.700
17.920
17.800
20.300
23.280
23.070
22.390
20.350
18.660
20.520
21.600
22.360
21.600
19.640
17.850
16.350
15.690
15.520
14.800
14.580
14.190
14.740
15.560
14.800
14.450
16.500
17.270
16.300
15.620
16.000
15.970
15.440
14.990
15.500
16.320
15.020
13.650
12.410
11.760
14.000
14.780
15.360
16.830
18.690
18.500
20.290
20.880
23.310
23.280
23.210
26.360
26.880
26.210
26.500
28.190
28.490
29.490
28.680
28.350
27.610
28.160
27.090
28.060
29.090
28.580
29.000
32.580
30.490
27.720
25.780
24.330
23.000
23.650
23.960
23.500
22.830
22.500
22.850
21.210
21.190
19.950
20.230
21.150
22.350
22.770
25.430
24.670
22.460
21.810
21.840
22.680
23.120
23.300
23.060
20.960
19.500
18.520
16.900
17.400
16.980
16.390
17.080
17.340
15.980
16.290
15.960
15.800
15.900
16.730
16.240
16.290
16.810
16.220
16.780
16.320
14.880
14.750
14.790
14.240
14.150
14.180
14.410
14.500
15.100
14.810
14.960
15.200
15.430
15.600
15.100
15.200
16.080
16.830
16.960
18.090
16.520
16.230
16.120
14.650
13.320
12.110
11.010
10.010
9.100
8.270
7.520
6.840
6.220
5.650
5.140
