62652.51
17498.40
12922.68
27302.95
7044.29
10552.76
11756.53
14238.08
23304.05
17191.43
30682.19
14417.01
17776.51
25871.24
14421.85
23861.59
20334.95
20878.98
17370.21
16332.78
12573.10
16591.85
10641.85
10352.51
12737.24
14046.48
12550.31
17334.28
13464.91
15550.05
15121.32
15345.41
15506.13
19956.88
19007.31
29509.45
14327.85
13129.78
17195.19
13078.27
14766.32
21603.07
21038.21
27220.30
26049.73
25107.19
12998.99
15651.35
20527.69
31198.35
20026.24
13812.24
23468.52
44889.53
28970.56
20087.21
25079.69
19927.07
13879.28
24638.20
17546.66
24177.03
21642.46
28474.56
13687.43
23971.37
17754.84
16702.98
21179.01
21515.64
21199.54
11387.35
7661.27
12051.79
10431.51
14739.27
7533.00
12822.65
10996.27
7810.91
15418.40
19191.00
11462.06
17828.00
14306.02
12756.00
16977.82
16269.89
41193.74
23363.01
18943.36
32849.51
29150.92
19619.55
25453.52
9115.54
15450.77
20008.81
32625.70
35234.88
22026.28
21132.23
17493.16
13955.89
8567.43
13327.72
29437.40
20517.66
10427.60
16344.72
20604.65
9814.63
29295.71
27508.15
11457.93
14298.00
14765.01
10803.24
25343.77
12199.25
23437.02
31959.27
27708.17
30992.58
22567.21
13366.55
24964.39
14199.57
13446.78
14140.60
11075.00
13014.42
14138.21
8712.65
13937.60
16190.41
81488.89
27254.13
11049.40
8133.62
15713.25
30310.91
31849.39
27027.06
32186.39
27016.59
49394.26
38451.30
21874.04
35832.98
43009.86
30459.65
44331.62
44750.52
21890.43
57317.74
64823.96
127474.52
93265.69
110297.39
62169.60
52672.00
35866.58
39192.16
36993.70
76105.16
36208.82
32875.44
33887.78
45616.97
77459.82
60123.98
95832.71
72914.52
13757.09
10536.53
23783.43
27577.02
18040.20
21260.54
25867.27
25974.10
35668.95
22991.22
29314.79
15400.96
29103.78
34335.78
27767.63
38588.95
76398.96
62005.46
55713.19
41169.02
39617.23
44566.70
57252.88
37549.40
55924.76
26865.41
16232.74
27310.00
24976.39
13922.63
24292.78
37967.66
40958.50
19795.61
19314.78
25105.17
36078.76
16778.76
23710.74
18081.29
27775.41
27077.79
14343.19
18713.90
13551.54
18313.75
18929.83
18144.30
21934.19
33049.10
25847.06
21523.41
26505.87
38548.82
45450.36
22639.22
21589.01
21406.25
29256.00
33839.52
27911.75
29675.89
23057.37
41406.95
91727.48
44285.53
41525.00
24803.76
47427.59
44211.12
52182.27
62375.38
91311.68
24591.35
34302.33
24779.13
22625.01
30181.94
30676.05
37266.19
21560.43
13868.31
22363.35
28992.67
25987.48
21170.41
32182.32
27478.57
32540.35
26656.01
36586.99
50416.35
42962.65
45902.26
21704.32
29004.24
44119.92
26082.41
28122.06
36284.49
34576.52
35981.74
56487.32
67604.19
33387.29
45282.32
56897.42
62447.74
72493.54
61829.22
90259.96
70438.04
94942.49
144120.86
133440.48
152989.91
216958.55
272254.34
132428.81
258705.12
308933.72
305132.16
68104.18
95208.66
74842.29
36939.73
49914.43
30782.17
37397.33
37624.77
38391.00
60673.63
45360.98
27117.24
31973.30
22558.22
26789.56
50586.15
20158.94
31759.40
36123.68
39202.46
56847.82
54042.68
41675.68
26141.66
35406.43
56113.70
31073.30
54894.52
90031.42
95330.93
22449.54
32227.88
30674.77
38193.67
34877.86
44505.75
37225.83
48542.84
34174.77
29517.72
32593.97
31030.52
49808.33
36623.26
41607.00
21794.58
32217.69
51095.78
24875.81
33144.85
31188.33
42138.82
31087.82
45016.08
60428.44
37958.17
48589.96
55683.47
50492.68
54735.65
45019.74
55288.20
61802.31
24108.42
27795.05
29694.30
26711.55
5294.00
22537.86
49665.25
29444.00
23862.00
24807.81
29919.82
60482.00
59023.78
33962.33
38545.46
48317.83
51946.37
43010.72
55328.86
28286.31
26547.10
25959.10
28183.16
41313.42
42037.83
45102.27
32582.12
45380.91
47940.17
29745.78
29418.13
50976.59
61996.63
53781.32
59585.68
44990.04
58686.41
65565.75
60355.23
66057.32
77069.89
75746.55
85760.74
78994.76
75013.66
135681.97
127875.01
73869.92
76462.80
125119.66
62373.91
89957.52
51730.03
62380.27
98921.23
121036.54
74561.77
111564.77
188160.55
119903.50
49814.85
37984.34
74215.50
108040.86
65152.48
98248.39
68323.15
102519.53
78896.01
131458.25
86427.24
59861.01
85992.19
71227.37
78816.90
60723.56
102552.15
105137.91
151268.06
215725.77
128293.67
97875.32
69580.52
79839.55
102199.43
91535.53
109888.49
112815.06
166427.22
17954.08
128998.64
93691.51
107659.58
143226.95
155050.53
127555.82
104921.40
80409.46
100200.73
109616.45
82049.54
113979.14
88802.67
107521.34
126388.95
123667.86
80158.74
92229.28
83957.27
106054.43
103559.86
117065.84
190942.44
75940.60
86739.57
113554.05
124068.91
95674.06
107123.49
117046.59
135287.47
71524.48
99367.21
94427.80
102371.74
78042.49
94618.87
135557.48
108637.15
98394.53
51403.93
39555.29
50225.71
62743.03
54919.51
58899.24
60392.77
70484.32
127557.99
106264.17
68351.01
69418.93
49209.45
71934.38
71015.91
73061.39
59062.75
81248.06
62155.82
67653.72
67239.08
58843.30
57975.69
61561.17
74722.93
71541.54
58047.31
73550.36
45868.91
81128.67
56091.43
59931.50
72565.45
50341.73
46937.55
53059.43
44123.86
46167.62
35689.92
63046.76
35248.89
51549.71
52629.48
78936.28
55365.11
38229.18
60523.97
49195.94
35902.36
32282.85
18773.01
16461.09
32832.08
17333.84
25201.56
12555.01
11055.81
11326.17
30290.39
32081.45
13789.96
14953.78
22687.68
23213.82
24734.91
49474.19
38960.53
32838.21
37423.00
39390.68
46960.92
42878.34
68544.82
48953.84
30231.74
32005.84
48963.12
108297.94
159643.09
72990.61
56544.28
71650.39
110904.71
77997.66
88345.75
176778.88
242461.73
84525.13
18889.92
23419.89
46547.15
91539.47
71997.88
93933.97
102045.20
76331.74
33054.48
36426.00
49797.78
73260.03
64576.72
60436.01
38077.43
44194.91
32961.72
65892.86
36161.78
32168.63
26695.95
27251.99
36928.75
18893.50
23829.26
12911.06
16973.67
17957.22
21349.45
20600.32
25551.66
27959.34
26385.70
54266.92
46860.96
88320.91
69194.53
32978.65
73040.95
51022.55
26339.26
33606.89
18361.01
13390.76
24096.25
14372.51
14686.59
15393.73
23914.95
23119.42
21016.22
22628.15
41172.96
24441.41
28989.12
39246.75
26414.70
40840.41
15000.31
24720.06
28465.09
18393.39
17360.18
20975.51
26730.03
19165.27
29670.20
29252.05
24938.99
43524.69
35408.44
28793.66
51402.41
33423.26
32669.65
32920.62
27682.87
13656.32
34102.25
42812.37
116894.30
21257.66
21618.78
25307.73
29213.14
22730.85
44881.96
40882.34
66398.16
54324.06
46496.47
40850.27
22347.15
33699.23
72840.68
63606.94
45985.33
61163.26
26580.13
26882.45
27940.00
32703.16
18587.55
54959.96
16476.28
15340.62
20135.80
11545.72
10264.20
18400.84
12295.01
14657.36
11522.79
23007.84
20673.37
50919.01
