5.770
5.770
5.820
5.900
5.710
5.800
5.650
5.630
5.610
5.540
5.640
5.660
5.680
5.700
5.660
5.610
5.680
5.530
5.590
5.540
5.620
5.360
5.270
5.270
5.230
5.300
5.420
5.400
5.420
5.320
5.540
5.620
5.610
5.560
5.630
5.610
5.540
5.520
5.490
5.530
5.520
5.490
5.530
5.690
5.770
5.810
5.750
5.750
5.800
5.840
6.020
6.180
6.250
6.490
6.650
6.680
6.760
6.800
6.820
6.760
6.860
6.950
7.040
7.050
6.930
7.030
7.070
7.090
7.160
7.220
7.280
7.240
7.320
7.410
7.320
7.300
7.140
7.210
7.220
7.250
7.330
7.500
7.540
7.360
7.300
7.390
7.390
7.330
7.450
7.480
7.790
7.770
7.770
7.760
7.790
8.100
8.070
8.380
7.990
7.860
7.510
7.560
7.510
7.580
7.670
7.710
7.590
7.630
7.520
7.470
7.570
7.670
7.380
7.450
7.450
7.560
7.380
7.450
7.340
7.320
7.280
7.250
7.240
7.040
7.000
7.080
7.070
6.990
7.250
7.430
7.440
7.480
7.650
7.530
7.450
7.490
7.310
7.480
7.190
7.210
7.250
7.260
7.350
7.360
7.410
7.430
7.760
7.920
7.440
7.640
7.680
7.970
7.680
7.300
7.590
7.720
7.420
7.400
7.600
7.000
6.790
6.900
6.390
6.260
6.290
6.330
6.380
6.380
6.560
6.640
6.650
6.540
6.690
6.200
6.290
6.210
6.210
6.270
6.320
6.170
6.210
6.250
6.100
5.960
6.000
5.900
5.880
5.970
6.060
6.130
6.060
6.120
5.900
5.760
5.790
5.900
6.090
6.080
6.120
6.060
6.070
6.080
6.090
6.180
5.980
5.970
5.970
5.960
6.040
6.040
6.130
6.170
6.180
6.190
6.210
6.170
6.040
5.980
6.050
6.050
6.020
5.960
6.000
5.960
5.860
5.830
5.860
5.920
6.230
6.160
6.150
6.240
6.330
6.330
6.150
6.180
6.390
6.300
6.460
6.230
6.250
6.060
6.270
6.150
6.350
6.130
5.610
5.620
5.560
5.440
5.440
5.370
5.430
5.420
5.500
5.520
5.550
5.340
5.330
5.200
5.370
5.510
5.580
5.520
5.510
5.530
5.600
5.540
5.240
5.250
5.270
5.210
5.330
5.400
5.400
5.450
5.400
5.660
5.650
5.940
6.140
6.210
6.340
6.280
6.120
6.130
6.340
6.150
6.260
6.660
6.960
6.460
6.400
6.290
6.310
6.350
6.660
6.150
6.230
5.900
6.190
6.300
6.120
6.050
6.020
5.990
6.030
6.220
6.320
6.290
6.450
6.460
6.480
6.100
5.850
5.820
5.880
6.070
5.830
5.990
6.080
6.510
6.640
6.250
5.960
5.450
5.020
5.100
5.210
5.690
5.750
5.880
5.590
5.480
5.620
5.540
5.630
5.390
5.320
5.260
5.070
5.090
5.130
5.130
5.300
5.350
5.840
5.880
5.850
6.010
6.080
6.040
5.950
6.160
6.200
6.360
6.320
6.680
6.600
6.740
6.880
6.810
7.580
7.750
7.800
7.760
8.070
8.100
8.210
8.130
8.300
8.000
7.830
7.730
7.750
7.800
7.640
7.600
7.780
7.760
8.080
8.300
8.280
7.860
7.950
7.730
7.540
8.150
8.400
8.070
8.020
8.040
7.830
7.780
7.890
7.980
7.690
7.780
7.940
8.060
8.040
8.130
7.880
7.860
7.570
7.480
7.330
7.510
7.600
7.770
7.740
7.970
7.680
7.530
8.110
8.270
8.200
8.110
8.140
8.480
8.360
8.800
8.100
8.130
7.500
7.290
6.900
6.970
6.900
6.940
7.110
6.780
6.670
6.920
6.780
6.680
7.630
7.290
7.350
7.380
7.100
6.990
7.340
7.350
7.490
7.500
6.980
7.650
7.570
8.440
9.960
10.990
10.520
10.760
10.420
10.000
9.900
9.900
9.370
9.000
8.630
8.450
8.360
8.400
8.150
8.290
8.820
8.710
8.470
8.980
8.950
9.030
8.450
8.270
8.100
7.800
7.340
7.970
7.260
6.600
6.490
8.070
8.350
9.100
10.070
9.950
10.410
11.040
12.000
11.850
11.530
12.400
13.250
13.140
12.880
13.680
14.030
13.700
13.470
13.470
13.670
13.450
12.890
13.480
13.180
12.620
12.550
14.210
13.760
12.770
12.410
12.010
11.790
11.660
11.390
11.610
11.650
11.710
12.090
11.350
11.130
10.960
11.200
12.050
12.390
12.680
12.180
11.480
12.120
12.260
11.780
11.600
11.870
11.460
11.420
11.550
11.170
11.250
11.190
11.350
10.960
10.230
10.550
10.480
10.430
10.100
10.070
10.170
9.920
9.980
10.060
9.880
9.780
9.990
9.420
9.540
9.390
9.150
8.990
8.780
8.710
8.720
8.680
8.640
8.780
8.970
9.040
9.150
9.150
8.770
8.650
8.450
8.430
8.340
8.340
8.270
8.220
8.080
8.080
8.430
8.780
8.850
8.880
9.400
9.180
9.180
9.300
9.350
9.270
9.230
9.320
9.000
8.930
9.200
9.170
9.010
9.010
9.040
9.160
8.830
9.130
9.140
9.170
8.990
8.850
8.930
9.090
9.230
9.270
9.600
10.150
10.500
9.640
9.650
9.750
9.990
9.750
10.040
10.090
9.810
10.200
9.630
9.730
9.650
9.980
9.370
9.450
9.470
9.350
9.240
9.270
9.220
9.280
9.550
9.340
9.420
8.870
9.050
9.430
9.190
9.230
8.650
8.650
8.690
9.000
8.190
8.110
8.190
8.340
8.350
8.300
8.240
8.060
8.060
8.030
8.180
8.340
8.240
8.380
8.160
8.240
8.200
8.400
8.450
8.440
9.100
9.310
9.260
8.810
8.670
8.950
8.640
8.770
8.450
8.260
8.510
8.250
8.280
8.380
7.620
6.980
7.030
6.940
7.030
6.850
6.760
6.700
6.700
6.670
6.930
7.180
7.060
7.230
7.300
7.350
6.830
6.700
6.710
6.840
6.760
6.650
6.480
6.630
6.600
6.600
6.460
6.540
6.600
6.550
6.670
6.340
6.220
6.250
6.100
6.110
6.250
6.240
6.170
6.110
6.060
6.070
6.040
6.090
6.170
6.120
