4.790
4.740
4.760
4.770
4.720
4.720
4.670
4.690
4.690
4.650
4.840
4.830
4.800
4.790
4.780
4.780
4.760
4.760
4.780
4.700
4.710
4.700
4.650
4.640
4.600
4.620
4.660
4.650
4.620
4.540
4.650
4.730
4.870
4.740
4.740
4.690
4.650
4.620
4.640
4.790
4.780
4.810
4.920
5.010
5.020
5.030
5.000
5.030
5.030
5.000
5.110
5.160
5.190
5.280
5.390
5.430
5.550
5.640
5.620
5.430
5.490
5.510
5.650
5.450
5.400
5.320
5.400
5.130
5.140
5.120
5.090
5.110
5.170
5.160
5.130
5.120
5.080
5.120
5.110
5.080
5.150
5.260
5.400
5.270
5.270
5.250
5.190
5.220
5.190
5.110
5.050
5.050
5.040
5.020
5.030
5.010
5.000
5.020
5.020
4.980
4.980
4.950
5.020
5.090
5.150
5.270
5.300
5.200
5.240
5.180
5.150
5.090
5.120
5.160
5.180
5.220
5.230
5.240
5.430
4.940
4.950
5.000
5.020
5.060
5.050
5.000
5.240
5.250
5.440
5.460
5.210
5.240
5.330
5.120
5.090
5.100
5.100
5.030
5.060
5.120
5.140
5.130
5.050
5.060
5.070
5.090
5.110
5.050
5.160
4.870
4.870
4.880
4.900
4.890
4.850
4.860
4.840
4.860
4.850
4.860
4.870
4.880
4.820
4.800
4.830
4.820
4.820
4.800
4.800
4.780
4.790
4.800
4.730
4.710
4.700
4.690
4.780
4.820
4.780
4.740
4.880
4.680
4.680
4.710
4.720
4.850
4.850
4.870
4.830
4.840
4.840
4.920
4.790
4.780
4.770
4.750
4.770
4.800
4.810
4.850
4.850
4.870
4.860
4.910
4.880
4.760
4.770
4.770
4.760
4.690
4.690
4.680
4.670
4.610
4.690
4.770
4.690
4.780
4.780
4.720
4.760
4.790
4.770
4.790
4.820
4.880
4.890
4.950
4.800
4.800
4.790
4.800
4.850
4.890
4.890
4.870
5.150
5.470
5.090
4.770
4.920
5.310
5.170
4.790
4.710
4.760
4.830
4.890
4.750
4.890
5.020
4.900
5.050
5.160
5.050
5.110
4.850
4.440
4.360
4.350
4.300
4.280
4.240
4.130
4.120
4.160
4.190
4.170
4.200
4.180
4.240
4.230
4.310
4.480
4.500
4.430
4.400
4.330
4.330
4.350
4.310
4.280
4.270
4.330
4.580
4.590
4.600
4.640
4.640
4.640
4.570
4.600
4.530
4.680
4.680
4.720
4.730
5.090
5.200
4.890
4.560
4.340
4.340
4.290
4.350
4.330
4.270
4.200
4.180
4.200
4.230
4.250
4.160
4.160
4.200
4.250
4.120
4.140
4.100
3.950
3.970
4.050
4.250
4.300
4.320
4.280
4.190
4.230
4.280
4.190
4.060
4.180
4.240
4.170
4.080
4.030
4.010
4.050
4.080
4.370
4.440
4.420
4.570
4.600
4.610
4.430
4.500
4.520
4.620
4.620
4.850
5.100
5.270
5.440
5.390
5.950
6.060
6.090
5.920
6.050
5.880
5.780
5.910
5.850
6.000
5.680
5.200
5.190
5.170
5.020
4.900
4.930
4.990
5.140
5.180
5.230
5.070
5.030
5.040
5.000
5.330
5.180
5.120
5.120
5.230
5.190
5.230
5.120
5.260
5.180
5.100
5.180
5.170
5.190
5.240
5.190
5.250
5.170
4.740
4.800
4.770
4.770
4.830
4.860
4.890
4.810
4.720
4.930
4.860
4.930
4.900
4.800
4.800
4.820
4.810
4.630
4.570
4.480
4.400
4.450
4.520
4.560
4.550
4.650
4.600
4.470
4.670
4.650
4.390
4.850
4.830
4.970
5.010
4.580
4.540
4.490
4.560
4.700
4.760
4.420
4.550
4.540
5.150
5.670
5.980
5.880
6.270
6.310
6.190
6.020
6.170
6.130
6.150
5.870
5.880
5.880
5.560
5.420
5.590
5.870
5.750
5.770
6.340
6.780
6.250
6.560
6.260
5.850
5.750
5.470
5.650
6.150
5.680
5.160
4.690
4.440
5.180
5.710
5.940
6.550
7.050
6.900
7.230
7.480
8.270
8.340
8.290
9.110
9.850
9.530
9.690
9.760
9.100
8.740
8.850
9.080
9.100
8.920
9.030
9.020
9.180
8.890
8.580
9.000
8.420
8.830
8.360
7.770
7.440
7.340
7.290
7.060
7.240
7.390
7.700
7.160
6.870
6.640
6.760
7.280
7.780
7.750
7.700
8.040
7.910
7.220
7.140
7.350
7.440
7.120
7.290
7.450
7.400
7.660
7.780
7.600
7.080
7.020
7.300
6.910
6.400
6.480
6.280
6.300
6.070
5.570
5.650
5.860
5.670
5.770
5.650
5.670
5.630
5.410
5.230
5.170
5.190
5.250
5.070
5.040
5.070
4.980
5.000
5.070
5.150
5.100
5.130
4.950
4.880
4.880
4.900
4.790
4.780
4.750
4.680
4.780
4.940
4.940
4.860
4.930
5.130
5.160
5.490
5.060
4.910
4.860
4.850
4.830
4.690
4.850
5.090
5.070
4.970
4.980
5.250
5.370
5.460
5.590
5.750
5.570
5.590
5.640
5.870
5.340
4.850
4.700
5.000
5.180
4.920
4.930
4.780
4.950
5.020
4.570
4.250
4.060
4.150
3.970
4.050
4.080
4.000
3.970
4.000
3.920
3.870
3.940
3.680
3.660
3.600
3.600
3.560
3.650
3.680
3.670
3.740
3.710
3.870
3.780
3.730
3.710
3.840
3.780
3.780
3.630
3.670
3.590
3.450
3.390
3.420
3.460
3.630
3.700
3.530
3.550
3.720
3.770
3.580
3.660
3.410
3.440
3.410
3.410
3.480
3.480
3.280
3.260
3.200
3.270
3.300
3.310
3.210
3.340
3.230
3.170
3.210
3.050
3.060
3.040
3.030
2.990
2.980
2.940
2.890
2.900
2.900
2.940
2.970
2.980
3.050
2.980
2.930
2.940
2.920
2.950
2.940
2.910
2.920
2.890
2.920
2.940
2.880
2.870
2.870
2.870
2.850
2.870
2.880
2.840
2.810
2.800
2.770
2.750
2.750
2.770
2.780
2.740
2.730
2.720
2.700
2.710
2.710
