11.910
11.800
12.050
12.060
12.060
12.110
12.100
12.020
11.880
11.900
11.820
11.790
11.810
11.730
11.770
11.660
12.000
12.090
12.170
12.070
12.150
12.090
12.060
12.200
12.200
12.010
11.960
11.900
11.680
11.600
11.450
11.590
11.800
11.900
12.030
12.380
12.790
12.640
12.400
12.800
12.800
12.960
12.920
12.800
13.060
13.050
12.900
12.780
13.100
13.180
14.090
14.110
13.750
13.830
14.090
13.900
13.930
13.880
14.100
14.010
13.920
14.150
14.080
13.340
13.190
13.300
13.280
13.400
13.530
13.330
13.150
13.050
12.690
12.610
12.760
12.680
12.550
12.510
12.410
12.710
12.760
12.710
12.760
12.860
12.900
13.270
13.250
12.960
13.040
12.940
13.120
13.050
13.110
12.880
13.120
13.080
13.380
13.050
13.110
12.700
12.180
12.210
12.340
12.250
12.280
12.340
12.180
12.140
12.200
11.970
11.940
11.830
11.780
11.610
11.660
11.740
11.860
12.080
12.080
12.140
12.130
12.050
11.940
12.150
11.870
12.010
11.980
11.500
11.740
11.580
11.420
11.310
11.380
11.380
11.450
11.960
12.000
12.230
11.820
12.260
12.280
12.310
13.400
12.800
12.650
13.100
13.000
12.550
11.740
11.700
11.890
11.800
11.500
11.900
11.560
11.750
12.060
11.520
11.110
11.110
10.840
10.650
10.510
10.550
10.150
10.350
10.330
10.230
10.430
10.460
10.590
11.000
10.910
10.500
10.320
10.250
9.710
9.630
9.390
9.170
9.200
9.190
9.070
8.980
8.950
8.980
8.920
9.140
9.210
9.180
9.130
9.150
9.150
9.120
9.210
9.200
9.370
9.400
9.320
9.300
9.400
9.300
9.400
9.410
9.390
9.290
9.280
9.380
9.500
9.500
9.760
9.350
9.510
9.400
9.410
9.120
8.960
8.960
9.120
8.870
8.770
8.750
8.790
8.810
8.770
8.900
8.870
8.830
9.000
8.920
8.980
9.070
9.120
9.090
9.130
10.140
10.340
10.320
10.200
10.020
10.070
10.020
10.090
10.200
10.000
9.810
9.950
10.180
9.460
9.390
9.320
9.490
9.550
9.530
9.510
9.570
9.500
9.510
9.320
9.500
9.620
9.920
9.980
10.070
10.050
10.030
10.110
9.870
9.680
9.670
9.680
9.790
9.850
9.800
9.750
9.770
9.900
9.920
9.870
9.880
9.920
9.960
9.880
10.180
10.580
10.530
10.600
10.460
10.470
10.660
10.650
10.650
10.640
10.650
10.910
11.230
11.270
11.380
11.510
11.500
11.360
11.210
11.140
11.100
11.460
11.480
11.360
11.230
11.290
11.030
11.200
11.330
11.270
11.470
11.560
11.610
11.370
11.270
11.200
10.870
11.000
10.910
10.540
10.980
10.810
10.830
11.510
10.560
10.600
10.170
9.740
9.860
9.830
10.650
10.530
10.690
10.500
10.330
10.500
10.080
9.760
9.600
9.940
9.980
9.820
9.750
10.000
9.410
10.050
10.180
11.010
11.230
11.040
11.280
11.770
10.590
10.400
11.130
10.550
11.600
11.550
11.260
11.530
12.310
12.130
11.980
13.500
13.560
13.580
13.460
13.960
13.780
13.910
13.970
14.150
13.950
13.980
13.620
13.730
13.820
13.180
13.420
13.680
13.650
14.190
14.220
14.480
14.420
14.090
13.760
14.010
15.230
15.510
15.400
15.620
15.580
15.600
15.340
15.440
15.700
15.110
15.680
15.920
16.130
16.200
16.280
16.140
15.610
15.040
15.130
15.150
15.350
15.360
15.300
15.710
16.000
15.890
15.770
16.400
15.170
15.600
15.150
14.890
14.650
14.490
14.110
14.080
14.110
13.600
13.540
13.940
14.220
14.360
14.800
15.210
15.360
15.240
14.520
13.900
13.980
14.780
13.510
13.430
13.570
13.100
14.200
13.070
13.000
13.220
12.490
11.300
12.100
12.150
14.300
15.610
16.100
15.990
18.020
18.070
18.330
18.000
17.700
18.290
17.700
17.000
16.880
17.100
16.550
16.550
16.090
16.370
16.020
16.160
17.910
19.000
19.000
19.770
18.470
18.140
17.540
17.220
17.080
18.600
19.200
17.480
15.210
15.300
14.600
15.060
14.200
14.700
15.400
14.210
15.370
15.900
17.300
17.110
16.660
17.710
19.600
19.000
20.900
21.990
22.330
22.750
22.050
23.700
26.070
23.380
23.740
22.680
21.850
20.770
21.190
23.550
24.660
25.100
22.970
22.470
22.360
22.590
21.750
22.240
22.630
22.900
23.700
23.410
22.320
20.480
22.200
23.980
25.200
25.290
25.960
26.800
25.980
24.580
22.550
23.360
23.200
25.000
24.300
21.650
21.470
21.800
19.910
18.290
18.020
18.910
18.310
18.600
18.280
18.780
18.600
19.500
18.000
17.230
17.860
18.000
17.600
16.030
16.270
14.830
14.200
14.350
13.690
12.930
12.690
12.840
13.120
12.880
12.980
12.980
13.330
13.440
13.800
13.500
12.600
12.780
12.590
12.560
12.670
12.410
12.650
12.100
11.800
11.990
12.700
12.060
11.880
12.540
14.000
14.000
14.310
13.990
13.900
13.960
14.010
13.960
13.120
13.580
14.690
13.940
14.310
14.000
14.300
14.430
15.490
15.980
15.000
15.440
15.790
15.100
14.690
14.300
12.600
13.500
13.890
14.340
13.040
11.850
10.770
8.700
9.150
8.870
8.840
8.500
8.600
7.930
8.120
8.110
7.700
7.210
7.040
6.750
6.840
6.820
6.850
6.820
6.850
6.700
6.900
6.680
7.160
6.950
7.200
6.830
6.490
6.520
6.120
6.090
5.550
5.370
5.480
5.360
5.370
5.420
5.400
5.470
5.220
5.210
5.250
5.300
5.240
5.250
5.250
5.210
5.210
5.260
5.150
5.140
5.210
5.200
5.250
5.240
5.200
5.170
5.160
5.200
5.170
5.190
5.170
5.130
5.130
5.080
5.090
4.980
5.030
5.060
5.120
5.150
5.110
5.170
5.180
5.250
5.250
5.190
5.260
5.180
5.200
5.080
5.050
5.160
5.170
5.160
5.010
5.060
5.030
5.060
5.090
4.950
5.000
4.930
4.870
4.870
4.870
4.790
4.850
4.830
4.830
4.800
4.710
4.630
4.700
4.660
