9.080
8.890
8.700
8.930
8.200
8.180
8.020
8.100
7.980
7.920
7.870
8.160
8.140
8.220
8.100
8.270
8.320
8.270
7.880
8.100
8.310
8.240
8.040
8.370
7.870
8.080
8.020
8.180
7.440
6.760
6.880
6.990
6.940
7.050
6.870
6.870
6.720
6.640
6.530
6.530
6.750
6.690
6.890
7.150
7.210
7.200
7.180
7.060
6.970
6.690
6.510
6.670
6.680
6.820
7.030
7.070
7.360
7.450
7.190
7.380
7.250
7.210
7.200
7.220
6.980
6.870
7.040
6.990
6.960
7.040
6.980
7.010
7.170
7.290
7.160
7.280
7.180
7.150
7.170
6.980
6.930
7.110
7.130
7.170
6.960
7.030
7.140
7.180
7.040
7.060
7.080
7.150
7.170
7.190
6.960
7.150
6.900
7.050
7.050
6.940
6.830
6.830
6.710
6.690
6.670
6.690
6.650
6.680
6.610
6.520
6.460
6.460
6.480
6.430
6.600
6.690
6.830
6.940
6.900
6.890
6.910
6.950
6.830
6.680
6.770
6.790
6.700
6.690
6.710
6.850
6.840
6.820
7.010
6.960
7.220
7.220
7.180
6.540
6.650
6.610
6.630
6.680
6.410
6.330
6.340
6.340
6.340
6.160
6.320
6.300
6.120
6.140
6.230
6.080
6.150
6.030
6.060
6.350
6.350
6.400
6.440
6.450
6.410
6.420
6.210
6.280
6.310
6.230
6.180
6.250
6.200
6.160
6.160
6.380
6.370
6.320
6.340
6.340
6.330
6.350
6.800
7.280
7.080
7.150
7.060
7.150
7.190
7.440
7.380
7.120
7.290
7.090
7.230
7.120
7.270
7.350
7.320
7.130
7.010
6.820
6.900
6.990
7.030
6.940
6.930
6.900
6.710
6.810
6.900
6.830
7.170
7.150
7.210
7.120
7.010
6.820
6.890
7.080
6.960
6.890
6.880
7.260
7.450
7.220
7.080
7.120
6.700
6.530
6.650
6.350
7.000
6.960
6.980
6.740
6.650
6.630
6.700
6.490
6.080
6.180
6.070
6.160
5.930
6.280
6.150
6.580
6.430
7.140
7.110
6.450
6.320
6.400
6.190
6.150
6.580
6.400
6.600
6.760
7.450
6.760
7.500
6.820
7.070
7.880
7.880
7.870
7.680
8.010
7.920
8.040
8.390
8.350
8.270
8.400
7.960
8.000
8.060
7.790
8.050
8.290
8.090
8.330
8.180
8.500
8.220
8.500
9.190
8.490
8.430
7.660
7.480
7.540
7.530
7.450
7.280
7.450
7.430
7.340
7.520
7.620
7.660
7.620
7.630
7.530
7.190
6.770
6.750
6.900
7.050
6.980
7.100
7.230
7.200
7.090
6.670
7.240
7.180
7.160
7.120
6.950
7.080
7.140
6.880
6.560
6.340
6.240
6.560
6.530
6.820
6.700
7.170
6.900
6.260
6.210
6.360
5.770
6.070
6.700
6.660
6.910
6.720
6.500
6.510
6.300
6.500
6.810
6.210
5.870
6.440
7.160
7.960
8.420
8.600
8.400
9.330
9.130
9.180
9.050
9.090
9.170
8.880
8.640
8.530
8.800
8.580
7.990
7.970
8.270
7.840
7.970
8.850
8.950
8.780
8.510
8.500
8.390
7.900
7.680
8.550
9.040
8.220
7.470
6.790
7.190
7.990
8.490
9.430
10.490
11.390
10.690
10.650
11.830
12.620
11.980
11.660
12.940
13.530
13.390
14.270
14.010
13.790
13.670
14.040
13.890
14.020
14.150
13.240
12.800
11.830
10.750
10.630
11.630
11.150
10.830
10.530
10.150
9.930
10.010
9.650
9.870
10.000
10.030
9.990
10.010
9.700
9.450
9.780
10.290
10.800
10.780
11.190
10.800
10.810
10.380
10.610
10.450
10.180
9.760
9.820
9.490
9.260
9.840
9.720
9.510
9.300
9.470
9.750
9.440
9.340
9.210
9.100
9.310
9.220
9.340
9.190
9.080
9.020
8.830
8.980
8.930
8.710
8.620
8.450
8.340
8.170
8.300
8.260
8.240
8.050
8.130
8.060
8.230
8.060
8.070
7.900
7.860
7.870
7.820
7.790
7.920
7.570
7.450
7.430
7.700
7.900
7.880
7.740
8.030
8.190
8.210
8.310
8.440
8.370
8.380
8.120
7.880
7.710
8.550
8.480
8.200
8.390
8.410
8.760
8.890
9.090
9.090
9.460
8.600
8.480
8.910
8.700
8.510
8.410
9.070
8.760
8.570
8.610
8.760
8.170
8.080
8.150
8.090
7.750
8.180
8.050
8.470
7.860
7.680
7.590
7.460
7.530
7.440
7.410
7.320
6.860
6.840
6.910
6.880
7.000
7.040
7.090
7.140
6.890
6.990
6.860
7.100
6.800
6.980
6.870
6.790
6.670
6.650
6.550
6.400
6.360
6.400
6.470
6.580
6.710
6.650
6.810
6.970
7.040
7.130
6.910
6.980
6.950
6.960
6.910
6.780
6.900
7.070
6.800
6.680
6.680
6.540
6.400
6.380
6.620
6.430
6.350
6.350
6.410
6.390
6.370
6.330
6.270
6.150
6.090
6.050
6.070
6.060
6.190
6.310
6.280
6.370
6.430
6.350
6.320
6.200
6.370
6.190
6.240
6.160
6.180
6.390
6.430
6.450
6.300
6.340
6.210
6.230
6.300
6.140
5.890
5.700
5.690
5.560
5.620
5.580
5.610
5.650
5.600
5.510
5.430
5.460
5.550
