27.760
28.150
28.370
27.180
26.820
26.600
26.890
26.490
26.740
26.400
25.960
27.020
27.580
27.150
27.450
29.150
27.840
25.310
24.870
24.300
23.790
23.240
22.690
23.210
22.840
23.610
24.220
22.020
22.030
22.660
23.760
25.260
24.660
24.440
25.090
24.840
24.230
24.750
25.490
26.500
26.150
23.770
26.280
25.800
26.490
26.860
26.090
25.820
25.350
24.990
24.670
24.400
25.280
25.490
24.780
25.100
27.370
28.500
27.840
28.280
27.710
30.220
29.800
30.350
29.500
29.600
30.570
31.070
31.360
30.610
30.940
31.150
34.020
34.010
33.830
34.030
33.850
34.320
34.790
34.230
34.860
35.250
35.070
34.420
34.120
35.220
36.180
35.360
35.260
35.120
35.650
36.210
37.940
37.100
39.370
41.080
40.720
37.930
36.700
35.610
37.770
37.950
38.780
35.250
34.360
33.850
36.700
36.180
36.810
36.540
36.100
35.580
35.960
34.900
35.720
36.650
38.830
38.310
38.420
38.200
42.440
43.740
42.890
42.550
44.930
43.560
44.990
44.660
45.190
50.210
48.030
52.170
47.430
43.120
44.460
40.690
36.990
33.630
30.570
27.790
25.230
24.770
22.520
20.470
18.610
16.920
15.380
13.980
12.730
12.700
12.520
12.570
12.270
12.190
12.320
12.210
12.300
12.350
12.390
12.290
12.310
12.190
12.010
12.170
12.120
12.020
11.930
11.920
11.770
11.690
11.670
11.530
11.390
11.690
11.760
11.790
11.510
11.530
11.280
11.450
11.480
12.020
12.100
12.150
12.010
12.050
12.030
12.290
12.360
12.260
12.250
12.160
12.220
12.040
12.000
11.950
12.090
12.130
12.020
11.860
11.880
11.700
11.530
11.780
11.840
11.750
11.290
11.410
11.440
11.530
11.300
11.480
11.250
11.200
11.940
11.670
11.970
12.100
11.900
11.990
11.870
12.090
12.070
12.210
12.190
12.180
12.180
12.200
11.750
11.400
11.490
11.270
11.650
11.690
11.630
11.460
11.300
11.540
11.220
11.110
11.400
11.280
11.280
11.390
10.870
10.410
10.650
10.750
10.530
10.490
10.500
10.280
10.180
9.780
9.760
9.780
9.850
9.810
10.040
9.850
9.670
9.860
10.140
9.810
9.700
9.730
9.790
9.990
9.930
10.530
10.970
10.810
10.720
10.430
10.320
10.380
10.420
10.190
10.260
10.340
10.460
10.800
10.570
10.840
10.830
10.730
10.580
10.620
10.470
10.800
11.480
10.500
10.180
10.080
10.130
9.750
10.090
10.080
9.960
10.220
10.270
10.160
9.960
9.850
9.510
9.630
9.630
9.250
9.350
9.620
9.940
10.060
9.640
9.920
9.810
9.670
8.780
9.400
9.240
9.990
9.920
9.880
9.770
9.530
9.600
9.580
9.240
9.200
9.440
9.300
9.280
8.920
9.180
8.860
8.880
8.630
9.400
9.450
8.900
9.280
9.400
9.060
8.860
9.220
8.830
9.190
9.140
10.170
10.340
11.480
11.220
11.590
12.830
13.190
13.230
13.100
13.330
12.900
12.580
12.680
12.540
11.960
12.260
12.100
11.780
11.690
11.510
11.930
11.700
11.670
11.940
11.920
11.850
11.540
11.840
11.560
10.520
11.380
11.410
11.300
11.220
11.500
11.250
10.670
11.010
10.980
10.770
11.240
10.980
10.980
10.840
10.900
10.700
10.640
10.230
10.200
10.370
10.320
10.290
10.840
10.340
10.310
9.870
9.350
10.400
10.000
10.190
10.150
9.220
9.420
9.640
9.260
8.450
8.100
8.060
8.240
8.110
8.330
8.190
8.390
8.300
8.030
7.940
8.160
7.490
7.790
8.640
8.600
8.810
8.480
8.080
7.800
7.960
8.700
9.130
8.640
8.020
8.190
9.100
10.130
11.130
11.730
11.100
12.060
11.750
11.760
11.370
11.990
11.470
11.000
10.670
10.370
10.800
10.180
10.060
10.510
11.500
10.810
9.810
10.150
10.540
10.110
10.120
9.950
9.850
9.090
8.970
9.990
10.200
9.270
8.430
7.660
8.510
9.460
10.380
11.530
12.800
13.910
13.580
13.690
14.960
15.500
14.860
14.940
16.590
17.070
16.040
16.680
17.430
17.020
16.510
15.790
16.170
16.300
15.750
16.110
15.890
14.980
13.970
14.300
15.810
16.020
15.220
15.320
14.580
14.440
14.530
13.840
13.790
14.180
14.200
14.380
14.630
13.960
13.150
12.930
13.380
14.410
13.460
12.780
12.360
12.880
12.450
12.640
12.410
12.100
11.690
12.010
11.820
11.910
12.600
12.500
12.280
12.110
12.600
12.710
12.380
11.930
11.790
11.590
11.870
11.690
11.620
11.350
11.170
11.270
11.250
11.230
11.200
11.230
10.710
9.740
9.470
9.460
9.470
9.500
9.280
9.130
9.180
8.940
9.050
8.950
8.950
8.860
8.870
8.890
8.750
8.650
8.570
8.540
8.450
8.510
8.780
8.800
8.950
8.840
8.930
8.860
8.900
8.870
8.880
8.690
8.770
8.660
8.490
8.290
8.550
8.490
8.390
8.590
8.560
8.770
8.920
8.880
8.920
8.870
8.680
8.720
8.860
9.000
8.960
8.900
8.660
8.710
9.100
9.110
9.260
9.410
9.410
9.300
9.290
9.280
8.900
9.140
9.150
9.470
9.340
9.330
9.310
9.730
9.110
8.870
8.900
8.820
8.790
8.710
8.700
8.620
8.590
8.490
8.600
8.680
8.570
8.830
8.690
8.810
8.730
8.820
8.820
8.710
8.610
8.650
8.590
8.420
8.360
8.350
8.470
8.580
8.630
8.550
8.690
8.860
8.800
8.940
8.730
8.880
8.880
8.860
8.790
8.730
8.570
8.590
8.450
8.350
8.540
8.390
8.360
8.300
8.600
8.440
8.370
8.560
8.410
8.280
8.290
8.210
8.180
7.980
7.900
7.800
7.910
7.850
8.050
8.130
8.030
8.080
8.100
8.220
8.080
7.900
7.910
7.870
7.850
7.830
7.750
7.850
7.860
7.810
7.680
7.770
7.690
7.610
7.620
7.470
7.380
7.480
7.660
7.600
7.690
7.740
7.780
7.800
7.800
7.920
7.900
7.960
8.080
