-0.050
0.030
-0.110
-0.010
0.120
0.000
-0.090
-0.060
0.360
-0.100
-0.210
0.020
-0.040
0.050
-0.210
0.050
-0.190
0.050
-0.110
-0.190
0.150
0.190
-0.030
0.060
0.400
-0.420
-0.310
0.540
0.200
0.220
-0.620
-0.150
-0.130
0.600
0.080
0.180
0.120
0.060
-0.190
-0.410
-0.110
-0.490
-0.040
0.120
-0.190
0.060
0.210
-0.100
0.150
0.060
-0.500
-0.280
-0.390
-0.180
-0.250
-0.530
0.080
0.480
-0.800
0.300
0.580
0.370
-0.370
1.040
0.140
-0.060
-0.040
0.040
0.140
-0.020
0.020
-0.120
-0.070
0.020
-0.120
0.090
-0.060
-0.050
0.120
0.050
-0.190
-0.020
0.040
0.020
-0.010
-0.610
-0.050
-0.030
-0.240
-0.070
0.240
-0.020
0.070
0.090
-0.090
0.140
-0.200
-0.130
0.030
0.190
-0.070
0.100
-0.010
0.420
0.020
-0.050
-0.120
-0.260
0.260
0.160
-0.210
0.990
-0.200
0.350
-0.030
-0.140
0.010
0.070
0.000
-0.060
0.030
0.090
0.090
-0.060
0.000
0.030
0.000
0.110
-0.160
0.080
0.060
-0.040
0.020
0.080
0.030
-0.040
-0.030
-0.380
0.050
-0.010
0.040
0.040
0.020
-0.250
0.000
-0.080
-0.090
0.010
0.070
-0.110
-0.190
0.230
0.070
0.030
0.010
0.030
-0.060
0.080
0.080
0.140
-0.110
-0.050
-0.060
0.020
0.000
0.010
0.110
-0.080
0.020
0.000
-0.140
0.060
0.110
-0.010
0.020
-0.030
0.190
-0.080
-0.090
0.000
0.190
0.000
0.160
0.010
0.130
-0.130
0.030
-0.310
-0.050
-0.060
0.100
-0.110
0.180
-0.250
-0.020
-0.080
-0.140
0.060
-0.110
0.010
0.350
0.170
-0.040
0.020
0.050
0.050
0.190
-0.160
0.040
-0.070
-0.070
0.000
0.050
0.030
0.020
0.260
0.050
-0.180
-0.020
0.110
-0.020
0.000
0.090
-0.040
0.000
0.110
-0.310
0.010
-0.340
0.030
0.160
-0.190
0.050
-0.080
-0.180
-0.110
-0.010
0.000
-0.070
0.020
-0.150
0.130
-0.210
0.080
-0.010
0.170
-0.110
0.350
-0.080
0.050
0.110
-0.390
-0.110
0.020
0.190
0.630
-0.100
0.130
0.380
0.020
-0.350
0.070
-0.080
-0.060
0.100
0.040
0.120
0.410
-0.080
-0.050
0.000
0.020
-0.280
0.100
0.060
0.010
-0.300
-0.060
0.280
-0.060
-0.090
0.160
-0.010
-0.650
-0.750
-0.100
0.390
0.300
-0.110
-0.110
-0.430
0.260
-0.260
-0.110
-0.100
-0.190
0.350
-0.260
-0.300
1.050
0.300
0.110
0.340
-0.140
-0.130
0.010
0.340
-0.100
0.090
0.290
-0.250
-0.130
0.310
-0.200
0.000
0.130
0.260
0.380
0.230
-0.310
-0.120
0.220
0.320
-0.140
-0.050
-0.030
0.160
-0.390
-0.020
0.360
0.180
-0.450
-0.230
-1.030
-0.210
0.490
0.150
0.000
-0.170
-0.070
0.300
0.090
-0.030
0.270
0.060
0.710
-0.310
0.360
-0.330
-0.060
-0.910
0.100
0.110
-0.360
-0.300
0.360
0.030
-0.610
0.150
-0.280
-0.370
-0.620
0.670
-1.220
0.720
-0.440
-1.330
-0.150
0.150
-0.090
0.080
-0.170
-0.310
0.040
-0.010
0.050
-0.160
0.250
-0.130
0.380
0.240
-0.390
-0.180
-0.270
-0.520
-0.040
-0.180
0.190
0.110
0.030
-0.110
-1.180
-0.490
-0.140
0.430
-0.090
1.120
0.170
-0.820
-0.170
0.040
-0.570
0.730
0.160
-0.510
0.880
0.270
0.080
0.730
-0.620
-0.790
-0.080
0.000
-0.220
-0.390
0.880
0.500
0.750
-0.840
-0.030
-0.070
0.130
0.290
-0.450
-0.200
0.920
0.390
1.650
0.020
0.080
-0.310
0.270
0.460
-0.220
-0.020
0.850
0.860
-0.740
1.550
-2.600
-1.510
-0.060
-0.480
2.220
0.510
0.200
0.020
-2.780
-0.910
2.610
2.280
-0.490
-2.600
-3.000
-1.510
-0.900
0.310
-2.410
-1.570
0.060
0.910
-2.900
-0.800
0.600
3.480
1.180
-0.700
1.540
-0.040
1.170
-0.290
1.700
0.440
-3.330
-1.340
0.540
1.380
1.950
-0.210
1.760
1.120
-3.130
2.840
2.590
-2.870
0.570
0.140
-1.620
-1.200
2.630
-3.100
-3.440
-1.020
0.430
0.330
-3.850
-3.970
2.620
-0.070
1.110
3.540
-0.720
0.590
-0.120
-1.610
-0.360
-1.140
0.020
1.290
2.960
-1.170
-1.740
0.610
0.970
2.250
-0.960
1.190
-0.190
2.070
0.280
1.570
0.020
-0.230
0.840
2.660
0.190
-0.400
-1.000
-1.170
-0.510
0.850
0.010
-2.230
-0.940
0.510
1.160
0.750
1.440
-1.560
1.130
1.930
-1.550
-0.940
0.910
1.470
-1.280
-1.090
-0.240
-1.100
0.830
1.590
-1.050
2.190
2.430
-0.830
0.080
1.250
1.060
-0.050
1.240
0.110
-0.080
0.720
0.160
0.110
0.310
0.860
0.170
0.060
0.020
0.300
-0.410
0.330
0.190
0.320
-0.230
-0.120
0.410
0.350
0.040
-0.110
0.370
0.000
-0.450
-0.320
-0.410
0.300
0.000
-0.420
-0.200
-0.140
-0.210
0.680
0.010
-0.010
0.540
0.540
-0.640
0.510
0.120
0.520
0.220
-0.820
-0.310
0.230
-0.220
0.730
0.080
0.410
-0.560
-0.640
0.340
-0.100
0.360
-0.170
-1.630
-0.560
0.040
-0.710
-0.380
0.310
0.680
0.170
0.990
-1.300
1.060
-0.630
0.980
0.390
0.090
-0.300
-0.080
0.500
-0.150
0.070
-0.020
0.220
0.010
0.300
-0.120
0.460
-0.170
-0.490
0.180
-0.480
0.190
-0.060
-0.150
0.120
0.190
0.040
-0.030
0.120
0.110
0.430
0.120
0.110
-0.740
0.000
0.190
-0.130
0.550
-0.030
-0.060
-0.160
0.270
-0.100
-0.220
0.290
0.110
0.190
0.380
0.020
0.190
0.220
-0.230
0.030
-0.010
0.070
-0.590
0.170
0.200
0.150
0.050
-0.170
0.230
0.080
0.110
0.260
0.260
0.260
-0.350
0.210
-0.560
-0.370
0.160
-0.090
0.110
-0.020
0.380
0.090
-0.110
-0.340
0.220
0.140
0.050
-0.190
0.020
-0.250
-0.070
0.620
0.310
-0.050
0.370
0.270
0.140
-0.210
-0.220
0.330
-0.040
-0.200
0.070
-0.150
-0.370
0.350
0.160
0.100
-0.260
-0.070
