9.190
9.150
8.840
8.960
8.240
8.400
8.110
8.240
8.030
7.960
8.330
8.170
8.220
8.340
8.300
8.350
8.390
8.640
8.050
8.260
8.470
8.280
8.340
8.660
8.050
8.180
8.300
8.180
7.440
6.790
7.200
7.090
7.070
7.070
6.980
6.890
6.770
6.730
6.580
6.780
6.770
6.930
7.160
7.230
7.260
7.290
7.240
7.150
6.980
6.760
6.670
6.750
6.860
7.030
7.120
7.300
7.650
7.750
7.360
7.380
7.420
7.330
7.220
7.240
6.990
7.100
7.100
7.020
7.060
7.070
7.070
7.140
7.340
7.380
7.310
7.360
7.290
7.200
7.190
6.990
7.110
7.150
7.170
7.180
7.030
7.190
7.250
7.200
7.130
7.090
7.190
7.180
7.280
7.210
7.160
7.170
7.040
7.060
7.160
7.010
6.870
6.840
6.750
6.700
6.780
6.720
6.680
6.710
6.670
6.530
6.510
6.550
6.520
6.680
6.750
6.840
7.000
7.020
6.930
6.950
7.050
7.010
6.830
6.790
6.850
6.820
6.750
6.720
6.840
6.860
6.860
7.020
7.030
7.190
7.240
7.550
7.180
6.640
6.710
6.650
6.730
6.840
6.410
6.410
6.370
6.350
6.420
6.330
6.350
6.330
6.250
6.200
6.360
6.140
6.190
6.090
6.330
6.410
6.440
6.510
6.480
6.460
6.460
6.430
6.290
6.330
6.370
6.310
6.250
6.320
6.230
6.280
6.370
6.490
6.380
6.480
6.380
6.440
6.410
6.700
7.460
7.290
7.120
7.170
7.190
7.190
7.430
7.450
7.390
7.210
7.490
7.360
7.290
7.250
7.480
7.370
7.670
7.130
7.070
6.940
7.040
7.050
7.040
7.030
6.990
6.900
6.820
6.960
6.920
7.120
7.230
7.170
7.220
7.250
7.080
7.010
7.050
7.180
6.980
6.970
7.040
7.670
7.490
7.330
7.480
7.140
6.880
6.740
6.760
7.110
7.040
7.200
7.250
6.820
6.880
6.700
6.910
6.490
6.240
6.250
6.120
6.180
6.350
6.370
6.710
6.790
6.980
7.290
7.110
6.950
6.480
6.460
6.280
6.570
6.830
6.870
6.790
7.450
7.450
7.400
7.500
6.990
7.860
8.010
7.940
7.900
8.080
8.030
8.050
8.400
8.470
8.380
8.460
8.470
8.180
8.160
8.090
8.130
8.330
8.310
8.240
8.400
8.510
8.560
8.470
9.100
9.300
9.140
8.430
7.670
7.560
7.650
7.580
7.470
7.470
7.630
7.430
7.480
7.730
7.870
7.780
7.860
7.650
7.600
7.200
6.860
6.920
7.060
7.100
7.110
7.170
7.390
7.240
7.130
7.250
7.260
7.230
7.200
7.120
7.190
7.100
7.190
6.930
6.720
6.460
6.450
6.590
6.810
6.890
7.000
7.390
6.900
6.310
6.480
6.370
6.160
6.770
6.790
6.900
6.990
6.780
6.820
6.650
6.540
6.700
6.810
6.260
6.610
6.660
7.690
8.480
8.770
8.670
9.380
9.350
9.550
9.200
9.270
9.260
9.290
8.950
8.900
8.820
8.840
8.680
8.050
8.470
8.290
7.990
8.780
9.460
9.000
8.790
8.670
8.630
8.480
8.170
8.490
9.230
9.040
8.220
7.470
7.200
7.830
9.300
9.450
10.800
11.590
11.400
11.240
11.680
12.760
12.700
12.160
12.800
13.730
13.690
14.520
14.800
14.500
14.000
14.160
14.580
14.190
14.700
14.200
13.770
13.000
11.830
10.980
11.930
11.900
11.160
10.870
10.560
10.160
10.180
10.020
9.800
10.150
10.020
10.150
10.060
10.030
9.720
9.810
10.440
11.130
10.980
11.270
11.200
11.580
10.890
10.690
10.950
10.620
10.260
10.380
9.990
9.610
9.850
9.940
9.780
9.540
9.510
9.780
9.880
9.470
9.380
9.230
9.430
9.350
9.550
9.580
9.260
9.150
9.030
8.990
9.120
8.990
8.770
8.660
8.660
8.350
8.400
8.370
8.270
8.370
8.130
8.160
8.220
8.300
8.130
8.080
7.930
7.950
7.940
7.900
7.820
8.330
7.570
7.530
7.740
8.050
8.080
7.890
7.980
8.270
8.350
8.320
8.470
8.450
8.460
8.690
8.180
7.960
8.240
8.700
8.590
8.440
8.530
8.680
9.020
9.240
9.210
9.730
9.460
8.650
8.940
9.020
8.700
8.540
8.960
9.490
8.850
8.900
8.760
8.990
8.180
8.230
8.240
8.180
8.400
8.320
8.550
8.630
8.110
7.720
7.840
7.590
7.750
7.490
7.420
7.440
6.870
6.950
6.930
7.030
7.210
7.160
7.230
7.160
7.230
7.010
7.080
7.120
6.980
7.050
6.910
6.930
6.770
6.670
6.560
6.430
6.450
6.520
6.650
6.750
6.730
6.880
7.010
7.030
7.100
7.150
7.130
7.030
6.980
7.170
6.940
6.870
7.150
7.110
6.900
6.860
6.690
6.550
6.430
6.650
6.680
6.440
6.460
6.370
6.460
6.420
6.380
6.410
6.270
6.150
6.100
6.180
6.100
6.240
6.330
6.330
6.380
6.440
6.530
6.420
6.350
6.360
6.440
6.280
6.270
6.220
6.430
6.450
6.700
6.490
6.540
6.360
6.360
6.310
6.510
6.170
5.930
5.800
5.760
5.620
5.660
5.680
5.680
5.670
5.600
5.570
5.530
5.570
5.600
