3.520
3.520
3.520
3.510
3.490
3.480
3.480
3.500
3.510
3.490
3.470
3.470
3.440
3.450
3.440
3.470
3.490
3.480
3.500
3.510
3.500
3.470
3.450
3.560
3.580
3.550
3.500
3.490
3.490
3.490
3.450
3.430
3.420
3.390
3.400
3.440
3.460
3.400
3.370
3.350
3.360
3.320
3.310
3.310
3.330
3.370
3.370
3.340
3.320
3.310
3.280
3.260
3.250
3.260
3.290
3.290
3.320
3.320
3.330
3.330
3.360
3.340
3.350
3.330
3.280
3.290
3.280
3.280
3.240
3.240
3.230
3.240
3.260
3.260
3.270
3.260
3.260
3.250
3.230
3.230
3.240
3.230
3.240
3.240
3.240
3.260
3.250
3.240
3.260
3.270
3.270
3.260
3.270
3.250
3.290
3.290
3.220
3.220
3.200
3.190
3.170
3.170
3.180
3.190
3.210
3.190
3.180
3.160
3.160
3.150
3.150
3.150
3.150
3.120
3.110
3.120
3.120
3.120
3.130
3.130
3.130
3.120
3.100
3.100
3.090
3.110
3.120
3.110
3.120
3.130
3.120
3.140
3.150
3.150
3.200
3.210
3.240
3.260
3.230
3.240
3.240
3.240
3.210
3.220
3.210
3.230
3.210
3.220
3.190
3.200
3.190
3.180
3.160
3.160
3.160
3.160
3.170
3.160
3.160
3.160
3.180
3.160
3.150
3.150
3.150
3.160
3.160
3.160
3.150
3.160
3.180
3.170
3.140
3.140
3.150
3.140
3.130
3.140
3.140
3.140
3.140
3.150
3.140
3.140
3.130
3.140
3.120
3.140
3.140
3.140
3.120
3.120
3.110
3.140
3.150
3.180
3.190
3.200
3.200
3.200
3.190
3.180
3.200
3.210
3.180
3.200
3.210
3.200
3.210
3.200
3.180
3.180
3.180
3.200
3.260
3.220
3.160
3.140
3.130
3.120
3.110
3.110
3.120
3.110
3.110
3.100
3.110
3.110
3.120
3.090
3.080
3.100
3.090
3.100
3.120
3.110
3.120
3.140
3.120
3.080
3.080
3.090
3.120
3.270
3.270
3.220
3.210
3.190
3.170
3.160
3.160
3.180
3.180
3.170
3.170
3.180
3.160
3.160
3.150
3.140
3.160
3.180
3.190
3.190
3.170
3.160
3.190
3.120
3.110
3.100
3.100
3.100
3.100
3.080
3.070
3.060
3.050
3.060
3.050
3.050
3.060
3.070
3.060
3.100
3.130
3.130
3.130
3.120
3.120
3.130
3.140
3.130
3.130
3.110
3.130
3.160
3.160
3.170
3.190
3.200
3.160
3.170
3.150
3.150
3.190
3.190
3.180
3.190
3.200
3.160
3.160
3.160
3.160
3.180
3.180
3.210
3.210
3.220
3.240
3.170
3.190
3.180
3.140
3.180
3.150
3.170
3.180
3.070
3.040
3.000
2.980
2.950
2.930
2.980
2.960
3.000
2.980
2.960
2.980
2.940
2.900
2.870
2.930
2.930
2.940
2.940
2.990
2.910
2.950
2.950
3.080
3.090
3.100
3.080
3.100
3.080
3.050
3.110
3.090
3.130
3.110
3.140
3.140
3.160
3.150
3.100
3.240
3.230
3.230
3.210
3.270
3.280
3.300
3.300
3.310
3.260
3.250
3.240
3.250
3.270
3.200
3.210
3.220
3.190
3.250
3.300
3.320
3.220
3.120
3.140
3.130
3.210
3.220
3.190
3.200
3.220
3.240
3.240
3.230
3.230
3.190
3.220
3.260
3.290
3.300
3.230
3.180
3.140
3.070
3.110
3.130
3.130
3.140
3.150
3.160
3.180
3.150
3.150
3.140
3.120
3.150
3.140
3.100
3.120
3.140
3.100
3.080
3.080
3.030
3.070
3.090
3.080
3.100
3.120
3.120
3.130
3.150
3.150
3.140
3.110
3.140
3.150
3.140
3.140
3.100
3.260
3.060
2.980
2.980
2.990
2.840
2.800
2.900
3.280
3.300
3.360
3.330
3.400
3.420
3.430
3.440
3.460
3.490
3.430
3.440
3.430
3.500
3.500
3.420
3.390
3.450
3.440
3.380
3.620
3.690
3.670
3.680
3.710
3.750
3.770
3.800
3.680
3.720
3.840
3.870
3.930
3.950
3.800
3.800
3.580
3.610
3.660
3.540
3.600
3.640
3.820
3.710
3.590
3.700
3.840
3.870
3.840
3.960
3.950
3.980
4.000
4.120
3.860
3.900
3.750
3.780
3.750
3.640
3.660
3.860
3.890
3.930
3.800
3.710
3.690
3.700
3.600
3.630
3.700
3.730
3.760
3.750
3.700
3.680
3.720
3.770
3.940
3.960
4.020
4.030
4.020
3.930
3.950
4.040
4.010
3.930
4.090
4.030
3.880
3.870
3.900
3.880
3.760
3.810
3.770
3.700
3.620
3.700
3.650
3.780
3.660
3.650
3.600
3.710
3.620
3.600
3.480
3.530
3.410
3.380
3.340
3.330
3.260
3.200
3.250
3.150
3.130
3.200
3.240
3.340
3.360
3.350
3.280
3.310
3.300
3.300
3.260
3.260
3.270
3.220
3.200
3.290
3.560
3.410
3.350
3.380
3.520
3.510
3.590
3.710
3.730
3.740
3.760
3.590
3.530
3.670
3.890
3.720
3.670
3.650
3.700
3.700
3.900
3.900
3.810
3.760
3.550
3.440
3.560
3.340
3.270
3.360
3.420
3.290
3.160
3.250
3.110
3.000
3.020
3.050
3.050
3.050
3.280
3.250
3.080
2.940
2.970
2.800
2.860
2.680
2.690
2.610
2.560
2.530
2.540
2.530
2.540
2.620
2.700
2.650
2.660
2.650
2.560
2.510
2.500
2.500
2.530
2.540
2.550
2.500
2.470
2.450
2.430
2.440
2.450
2.470
2.460
2.470
2.470
2.480
2.470
2.460
2.450
2.470
2.480
2.490
2.490
2.490
2.490
2.480
2.500
2.460
2.450
2.490
2.500
2.480
2.490
2.490
2.490
2.480
2.490
2.510
2.530
2.520
2.500
2.480
2.440
2.440
2.420
2.440
2.450
2.460
2.480
2.480
2.500
2.510
2.500
2.520
2.510
2.500
2.510
2.520
2.510
2.500
2.530
2.530
2.540
2.530
2.510
2.490
2.510
2.530
2.460
2.410
2.360
2.360
2.360
2.360
2.360
2.370
2.370
2.360
2.360
2.360
2.350
2.370
2.370
