14.400
14.160
13.800
13.720
13.640
13.730
13.370
13.380
13.150
12.720
12.620
12.230
12.230
12.320
12.360
12.200
12.180
11.990
11.880
11.890
12.040
11.770
11.670
11.700
11.400
11.580
12.440
12.410
12.360
12.430
12.570
12.770
12.660
12.670
12.860
12.430
12.350
12.430
12.330
12.410
12.790
12.950
12.960
13.360
13.520
13.650
13.510
13.320
13.970
13.920
13.820
13.910
13.810
13.950
13.990
14.150
14.430
14.820
14.820
14.900
15.250
15.400
15.320
15.220
15.070
14.870
14.900
14.800
14.680
14.440
14.850
14.750
14.980
15.030
15.280
15.020
14.770
14.840
14.530
14.670
14.780
15.280
15.620
15.750
15.710
15.900
15.900
15.730
15.900
16.570
16.870
16.700
16.560
16.360
16.310
16.200
16.360
16.490
15.800
15.560
15.610
15.590
15.630
15.650
15.720
15.700
15.470
15.450
14.830
14.410
14.430
14.620
14.100
13.700
14.940
14.900
14.750
15.340
15.220
15.210
15.300
14.460
14.350
14.350
14.680
14.880
14.580
14.470
14.580
14.940
14.650
14.630
14.740
14.650
14.730
14.700
13.630
13.810
13.870
13.850
14.150
13.500
13.500
13.780
13.430
13.360
13.370
13.550
13.810
13.870
13.450
13.210
13.220
13.160
13.380
13.230
13.040
12.870
12.570
12.230
12.210
12.190
12.320
12.400
12.500
12.470
12.400
12.370
12.380
12.580
12.490
12.270
12.090
12.060
12.000
11.840
11.830
11.920
11.950
12.080
12.150
12.030
11.720
11.720
11.510
11.330
11.570
11.610
11.730
11.560
11.520
11.580
11.480
11.520
11.550
11.800
11.730
11.730
11.450
11.600
11.590
11.650
11.950
11.980
11.950
12.160
12.030
12.180
12.060
12.170
12.160
12.200
12.540
12.520
12.460
12.210
12.140
12.250
12.040
12.140
12.170
12.140
12.090
11.200
11.260
11.180
11.130
11.150
11.610
11.550
11.550
11.390
11.390
11.360
11.360
11.480
11.540
11.540
11.160
11.210
11.270
11.320
11.260
11.400
10.800
10.780
10.760
10.900
10.690
10.550
10.390
10.780
10.690
10.720
10.770
10.700
10.750
10.810
10.770
10.880
11.220
11.200
11.350
11.550
11.430
11.530
11.280
11.100
11.230
11.310
11.450
11.300
11.340
11.010
11.010
10.970
11.430
10.960
11.000
10.680
11.010
11.210
11.130
11.990
12.390
12.770
12.450
12.610
12.640
12.950
13.100
12.820
12.460
12.500
11.760
12.490
12.540
12.900
12.920
12.700
11.850
12.020
11.500
12.130
12.050
11.760
11.500
11.420
11.180
11.000
11.360
11.300
11.300
11.810
12.030
12.210
11.770
11.300
10.980
11.230
11.520
11.120
11.230
12.050
12.850
12.550
12.300
13.020
12.680
12.400
11.500
11.960
11.830
12.400
12.460
11.990
11.530
11.760
11.300
11.000
10.450
10.860
10.710
10.090
10.200
10.060
10.010
9.940
9.450
9.680
9.970
9.460
9.460
9.890
9.570
9.200
9.320
9.510
9.930
10.250
10.330
10.710
11.130
12.000
11.410
11.860
13.040
13.310
13.150
13.500
14.100
13.720
13.500
13.260
13.000
13.200
13.480
13.440
13.360
12.880
13.070
13.690
13.900
14.130
14.580
14.400
14.440
13.280
13.900
13.000
13.300
14.410
13.560
12.900
12.680
12.480
12.420
12.510
12.400
12.730
12.710
12.520
12.500
12.330
12.170
12.050
11.500
11.370
11.410
11.720
11.890
12.130
12.080
12.190
11.550
11.100
11.080
11.740
11.750
12.100
11.870
11.870
11.950
11.370
10.460
10.300
9.820
9.810
9.850
10.000
10.350
10.150
10.410
9.770
9.760
10.010
9.510
9.590
10.650
11.650
11.860
12.150
11.210
11.450
10.500
11.350
12.020
11.700
10.680
10.500
11.240
12.490
13.700
14.260
13.700
15.050
16.070
16.610
15.850
16.030
16.270
15.030
14.220
13.600
14.010
13.600
13.610
14.900
15.680
15.250
14.630
15.700
16.630
17.040
16.800
16.500
16.010
15.680
13.120
14.570
14.950
14.930
12.830
10.990
10.980
12.200
13.280
14.530
16.170
17.960
16.710
18.390
20.430
22.000
22.710
21.940
23.450
25.050
23.500
24.780
25.380
23.190
23.700
23.950
22.600
22.300
21.750
20.380
22.240
21.760
21.050
19.780
21.250
22.470
21.750
20.680
20.210
19.660
19.900
19.370
19.010
19.680
20.560
19.440
19.000
17.640
16.060
16.270
15.980
16.600
15.850
15.140
15.160
15.870
15.600
16.100
16.500
16.500
16.280
15.000
15.150
15.000
13.710
13.010
12.470
12.100
12.030
11.900
11.500
11.990
12.030
12.500
12.610
12.700
12.390
12.180
11.930
11.860
11.810
11.980
12.300
12.300
12.650
12.700
12.950
12.760
12.200
12.000
12.020
11.500
11.690
11.590
11.640
11.050
10.970
10.890
11.000
11.170
11.750
11.720
11.060
10.250
10.360
10.710
10.550
10.030
9.870
10.000
9.950
10.160
9.400
9.680
10.480
10.270
10.280
10.150
10.010
9.990
10.000
10.280
10.520
10.360
10.460
10.830
10.480
10.020
9.980
9.500
9.330
8.910
8.280
8.340
8.280
8.550
8.450
8.330
7.850
7.630
7.730
7.820
7.810
8.110
7.860
7.670
7.800
7.870
7.820
7.710
7.740
7.610
7.580
7.560
7.750
7.750
7.820
7.870
8.340
8.500
8.310
7.940
7.500
7.470
7.390
7.010
6.950
6.920
6.900
6.700
6.650
6.620
6.680
6.660
6.820
6.900
6.920
6.870
7.000
7.020
7.080
7.080
7.260
7.250
7.250
7.280
7.290
7.250
7.260
7.040
6.960
6.970
7.050
7.030
6.740
6.730
7.010
6.840
6.870
6.900
6.860
6.830
6.850
6.780
6.700
6.600
6.510
6.550
6.520
6.500
6.650
6.800
6.800
6.980
7.020
6.940
6.860
6.850
6.930
6.910
6.680
6.630
6.690
6.580
6.370
6.310
6.300
6.400
6.430
6.490
6.350
6.310
6.330
6.300
6.080
6.140
6.160
6.050
6.090
6.100
5.960
6.030
6.000
6.010
5.950
