0.460
0.250
-0.100
0.400
-0.060
0.090
0.010
0.270
0.250
0.000
-0.100
0.030
-0.040
0.320
-0.140
-0.050
-0.070
0.090
0.170
0.180
-0.030
0.140
-0.030
-0.060
0.090
0.040
0.040
-0.090
0.350
-0.010
0.020
0.010
0.010
-0.020
0.030
0.050
0.050
0.010
0.020
-0.090
0.150
-0.080
-0.260
-0.160
0.020
-0.030
-0.060
0.080
0.030
0.020
-0.020
0.050
0.030
-0.260
0.000
-0.040
-0.100
-0.040
0.150
-0.070
-0.050
-0.050
0.090
0.010
0.110
-0.070
0.090
-0.030
0.100
0.040
0.030
-0.010
-0.060
0.060
-0.180
0.140
-0.010
0.130
0.200
0.020
-0.110
0.000
-0.070
0.120
-0.010
-0.060
0.220
0.110
-0.050
-0.100
-0.150
-0.070
0.030
0.110
-0.050
0.260
-0.110
0.010
0.050
0.090
0.080
0.080
0.050
0.010
-0.120
0.030
-0.120
0.090
0.060
-0.060
0.020
0.160
-0.050
0.130
0.070
-0.010
0.000
0.090
-0.010
-0.040
0.030
0.030
0.030
-0.030
0.040
0.000
-0.020
-0.010
-0.130
-0.040
0.040
-0.080
0.000
-0.040
0.070
0.050
-0.020
-0.310
-0.120
-0.090
0.120
-0.040
0.030
-0.090
0.070
-0.140
-0.480
0.020
-0.010
-0.050
-0.180
0.080
-0.040
-0.090
0.030
-0.180
-0.080
0.180
0.110
0.010
-0.040
-0.270
0.160
0.040
0.000
0.010
-0.080
0.040
-0.050
-0.110
-0.320
0.610
0.580
-0.040
0.040
-0.010
0.060
-0.020
-0.010
-0.070
-0.020
0.090
0.090
-0.020
0.210
-0.020
-0.010
-0.010
-0.050
0.070
-0.020
0.110
0.070
-0.060
-0.020
-0.420
-0.220
0.230
-0.190
0.080
0.280
-0.030
-0.130
0.160
0.070
0.030
0.010
-0.030
-0.040
0.010
-0.120
-0.180
-0.020
-0.040
0.150
0.040
0.080
-0.290
-0.140
0.120
0.460
-0.030
-0.020
-0.080
-0.040
0.090
-0.190
0.030
-0.250
0.120
0.050
-0.170
0.150
-0.130
0.050
-0.140
-0.320
-0.180
0.000
0.380
0.520
0.000
-0.050
0.070
0.040
0.440
0.050
-0.150
0.010
-0.090
0.400
-0.030
-0.050
0.360
0.130
0.020
0.200
-0.100
0.060
-0.070
-0.060
0.100
-0.030
-0.060
0.020
0.000
0.080
0.140
-0.020
-0.040
0.000
-0.020
-0.100
0.060
0.040
0.020
-0.240
0.130
0.120
-0.040
0.050
-0.010
-0.110
-0.160
-0.320
-0.030
0.070
0.040
-0.030
0.360
-0.180
-0.060
0.210
-0.040
0.070
-0.140
-0.160
0.090
-0.110
0.210
0.140
0.110
0.140
-0.060
0.000
0.010
0.080
-0.070
0.020
0.110
-0.110
-0.050
0.010
-0.120
0.050
-0.100
0.160
0.110
0.110
-0.060
-0.230
0.100
-0.100
-0.120
-0.300
-0.170
0.080
0.160
-0.030
0.260
0.270
0.060
0.280
-0.360
-0.120
0.270
0.130
0.000
0.000
0.020
0.110
0.000
-0.030
0.010
0.010
0.270
-0.220
0.110
-0.300
0.030
-0.440
0.220
0.170
-0.050
-0.070
0.100
-0.040
-0.430
0.160
-0.140
-0.170
-0.350
0.470
-0.300
0.450
0.080
-0.420
-0.130
-0.030
0.030
-0.240
0.180
-0.150
0.110
-0.010
0.110
0.020
0.110
0.000
-0.060
0.230
-0.030
-0.040
-0.030
-0.170
0.010
-0.110
0.040
0.110
0.090
0.010
-0.510
0.050
0.030
0.060
-0.170
0.030
0.020
-0.190
0.360
0.020
-0.090
-0.030
-0.070
0.110
0.000
0.110
0.140
0.280
0.030
-0.090
-0.040
0.000
-0.040
-0.080
0.040
0.100
0.140
-0.430
0.040
-0.040
0.060
0.120
-0.030
-0.040
0.280
0.150
0.170
0.010
-0.130
0.030
-0.150
0.120
-0.230
0.090
0.120
0.090
-0.140
0.330
-0.420
-0.160
-0.170
-0.160
0.200
0.150
0.010
-0.440
0.240
0.110
0.340
0.240
-0.480
-0.530
-0.590
-0.580
-0.300
0.200
-0.730
0.200
-0.080
0.040
-0.110
0.170
0.250
0.170
0.060
-0.260
0.150
0.610
0.190
-0.350
0.320
-0.290
-0.690
-0.150
0.390
-0.040
0.140
-0.070
0.350
0.060
-0.690
-0.530
0.680
0.620
0.560
-0.620
0.360
-0.220
-0.680
-0.590
-0.730
0.400
-0.530
-0.920
-0.910
0.340
-0.140
-1.110
-0.490
0.100
-0.350
0.110
0.240
-0.050
-0.270
0.500
-0.080
0.000
0.360
-0.320
-0.010
0.790
-0.450
-1.220
0.820
0.060
0.530
0.980
0.140
0.080
0.160
0.120
-0.580
-0.010
-0.280
0.010
0.290
0.480
-0.230
-0.280
-0.230
0.030
-0.360
0.670
-0.700
0.050
0.000
0.950
0.260
0.290
0.090
0.180
0.310
-0.400
-0.270
0.030
0.030
0.300
-0.200
0.010
-0.190
0.130
0.770
-0.190
0.640
0.120
0.500
0.020
-0.080
0.040
0.120
0.280
0.240
0.080
0.070
0.240
0.060
-0.080
0.100
0.040
0.080
-0.060
0.020
-0.190
0.040
-0.040
0.170
0.040
-0.060
0.040
0.190
0.030
0.000
0.050
0.100
-0.210
-0.150
0.000
0.020
-0.130
-0.120
0.070
-0.410
-0.120
0.000
-0.120
0.150
0.160
0.180
-0.690
0.030
0.190
-0.180
0.080
-0.250
-0.360
-0.290
0.300
0.080
0.670
0.120
-0.230
-0.170
0.060
0.160
-0.300
-0.510
0.240
0.140
-0.060
-0.310
0.370
0.020
-0.030
0.280
0.190
-0.740
0.030
-0.520
0.560
0.300
0.280
0.180
-0.150
0.000
0.150
0.380
0.230
0.100
-0.080
0.060
-0.140
-0.350
0.130
-0.120
0.190
0.300
0.140
-0.090
0.040
-0.220
0.060
0.020
0.130
-0.020
0.210
0.230
-0.100
-0.240
0.110
0.050
-0.200
0.040
-0.190
-0.100
-0.020
-0.180
0.030
0.050
0.420
0.000
0.210
0.500
-0.030
-0.100
0.470
0.040
-0.120
-0.030
0.080
0.010
-0.110
0.190
0.040
-0.020
-0.060
-0.010
0.060
0.010
0.050
0.070
0.030
0.040
-0.010
0.020
-0.090
-0.120
0.010
-0.080
-0.040
0.080
0.030
0.040
-0.150
0.100
-0.070
0.070
-0.040
-0.170
-0.030
-0.010
0.270
-0.010
0.070
-0.070
-0.080
0.330
0.060
0.140
0.010
0.070
-0.050
0.010
-0.060
-0.010
0.070
0.040
0.000
0.030
-0.020
-0.020
