52.000
50.700
48.840
49.800
50.200
50.050
49.740
49.950
50.770
49.900
50.470
49.560
48.930
48.630
47.180
47.470
48.840
49.200
49.640
48.770
47.650
46.880
46.100
45.150
46.370
46.000
47.130
45.850
45.560
43.540
44.180
43.020
41.330
41.080
41.090
41.300
41.960
41.300
40.090
40.050
38.080
38.120
37.860
38.100
38.280
38.380
38.070
38.260
37.920
36.560
36.260
36.260
35.910
35.850
36.090
36.070
36.040
36.090
36.320
36.600
36.710
37.010
37.130
37.300
37.140
36.790
37.040
36.970
37.280
37.110
36.930
36.230
36.290
35.960
36.220
36.240
36.000
36.130
36.040
35.770
35.800
35.920
35.970
35.940
35.940
36.340
36.320
36.440
36.640
36.570
36.890
36.920
37.180
36.890
36.660
36.430
36.480
36.400
36.410
36.340
36.370
36.080
36.240
36.030
36.500
36.800
36.450
36.330
36.420
36.280
36.370
36.440
36.340
36.280
35.900
35.420
35.430
35.490
35.550
35.890
35.940
35.790
36.010
35.450
35.290
35.320
35.340
35.160
34.770
34.930
35.050
35.450
35.600
35.770
36.890
37.500
36.940
37.760
37.150
36.730
36.640
36.470
36.290
36.430
36.730
37.090
37.300
37.370
36.800
36.630
36.350
36.440
36.350
35.060
35.020
35.100
35.010
35.130
35.240
35.200
35.010
35.180
35.050
35.160
35.090
34.980
35.100
34.650
34.730
34.430
34.640
34.620
34.790
34.280
34.240
34.270
34.290
34.180
34.180
34.320
34.440
34.750
34.800
34.270
34.440
34.380
34.400
34.780
35.200
35.370
34.980
34.970
35.120
34.600
34.980
35.150
35.840
35.580
35.670
35.430
34.950
34.890
34.540
34.380
34.460
34.310
34.410
34.160
34.920
35.180
34.680
34.660
34.900
34.130
34.920
35.230
33.500
33.400
32.780
32.660
32.300
32.250
32.200
32.280
32.380
32.400
32.600
32.680
32.800
32.640
32.400
32.540
32.650
32.450
32.690
33.000
32.700
32.500
32.800
32.460
31.970
31.960
31.990
32.080
32.250
32.660
32.280
32.300
32.180
31.860
31.740
32.130
32.140
32.150
32.480
32.200
32.190
32.120
32.080
32.020
32.030
32.230
32.240
32.450
32.450
32.500
32.820
33.500
31.940
31.710
31.790
31.880
31.830
31.960
31.970
31.900
31.890
31.650
31.700
31.850
31.850
31.370
31.260
31.400
32.010
32.050
32.030
32.430
32.400
32.380
32.620
32.530
32.500
32.550
32.500
32.250
32.040
32.090
32.100
32.380
32.260
31.750
31.840
31.270
31.960
31.960
32.200
31.960
32.180
32.060
31.760
32.350
32.800
32.090
32.760
33.040
33.800
32.420
32.370
32.260
31.490
31.570
31.100
31.290
31.450
31.350
31.580
31.600
30.490
30.300
29.690
29.150
29.400
30.370
30.600
30.970
31.650
30.150
30.490
30.330
30.320
29.790
30.000
30.060
29.800
30.100
30.160
30.380
29.610
29.480
30.100
30.360
30.490
30.810
31.450
31.680
31.270
31.870
32.060
32.780
32.560
33.330
34.450
34.520
34.660
34.810
35.840
36.190
36.280
36.190
37.100
37.170
37.590
37.880
37.110
37.230
36.280
35.880
35.530
35.610
35.950
34.660
35.250
34.860
34.850
35.150
35.680
36.600
36.200
34.900
34.000
35.080
35.420
35.090
35.190
35.280
35.380
35.360
35.370
36.380
35.150
35.480
36.080
36.240
36.940
37.430
36.500
37.480
35.370
33.270
33.460
33.950
33.850
34.350
35.140
35.510
34.000
33.050
33.660
33.050
33.380
33.150
32.490
32.290
32.670
32.930
31.830
32.150
30.180
30.480
31.130
31.400
31.330
31.580
32.060
31.150
31.100
31.180
31.170
29.790
30.200
30.470
30.360
30.660
29.870
30.280
30.240
30.180
30.350
30.390
29.000
27.300
27.550
28.500
31.150
31.400
31.640
33.630
33.490
34.260
34.280
34.760
35.690
35.440
34.240
33.640
34.090
34.300
33.390
34.420
36.080
35.980
36.730
40.080
82.690
82.780
80.550
81.230
82.390
81.300
79.480
80.000
81.000
82.750
86.000
83.800
81.300
86.030
80.700
78.990
79.890
81.500
82.000
79.880
83.820
85.480
85.300
84.590
84.600
86.800
87.690
88.360
91.000
91.650
92.370
89.680
92.180
92.560
89.780
88.280
86.990
87.780
88.300
86.450
91.060
93.380
94.300
92.480
89.630
87.280
86.940
86.120
84.050
86.300
88.000
89.440
89.760
89.850
88.400
88.490
93.760
90.790
90.530
90.280
88.450
88.110
86.970
86.790
90.300
90.680
88.300
89.920
93.400
90.910
87.250
86.210
88.780
86.280
85.430
83.950
81.280
78.980
79.920
80.130
82.800
80.200
78.240
79.880
76.700
77.940
79.500
80.000
76.750
77.490
75.630
73.520
70.700
69.470
67.610
66.120
66.770
65.690
66.150
67.700
69.300
71.150
71.210
70.160
70.400
71.440
71.440
71.330
70.500
70.650
68.970
69.100
68.070
70.000
70.310
70.500
67.750
71.850
71.660
73.600
77.450
76.440
79.600
77.700
77.560
72.110
73.450
81.400
79.440
75.880
76.980
76.240
78.180
74.920
75.500
76.770
78.800
74.880
73.980
74.220
68.110
63.880
65.890
70.200
68.300
66.880
67.980
64.800
63.190
58.200
59.150
59.420
61.000
67.120
64.980
63.000
60.240
57.210
55.380
53.850
49.930
49.700
48.150
46.150
46.600
44.210
43.430
42.910
43.550
45.890
44.600
44.880
43.880
44.330
43.500
42.680
42.710
42.950
43.580
43.460
42.160
42.200
40.740
40.640
41.330
41.840
41.900
41.530
41.750
41.450
41.660
41.370
41.150
41.190
41.730
42.290
41.880
41.700
41.990
41.950
42.690
42.400
41.360
42.200
42.460
42.200
42.100
42.430
42.610
42.910
43.750
43.350
44.450
44.570
44.050
43.600
43.020
42.800
42.560
42.630
42.630
42.570
42.850
42.900
43.140
43.270
43.900
44.120
44.050
44.180
43.800
43.440
43.760
43.260
43.800
44.180
45.100
45.140
44.880
44.700
44.310
44.160
44.090
42.750
42.470
41.420
40.440
40.150
40.200
39.950
40.300
40.250
39.990
39.680
39.990
40.460
40.100
