1137814.75
1272537.25
683920.62
563199.19
598631.00
753228.75
691322.50
780835.88
953192.56
873719.62
1146464.00
849757.19
616355.31
808481.94
807231.44
1041983.31
834014.00
670461.25
859596.81
925676.75
832171.38
788200.62
967169.69
780002.75
826333.56
772361.19
1009977.88
783613.00
1389900.00
813519.56
1060990.38
1025570.94
420467.62
581678.81
779106.38
629862.81
716224.19
1200171.25
827794.44
1589203.75
595182.94
952932.44
623979.62
548573.56
505383.88
619325.38
678663.88
1250054.62
1609359.12
612813.19
549922.94
525203.06
416048.09
487050.09
355230.28
376603.00
370915.28
387590.47
665077.62
633225.75
484417.97
647609.19
523313.53
613499.88
637996.19
492881.31
525226.62
523346.91
1228602.00
944016.38
1209059.38
527906.81
970084.06
424589.38
542621.56
391641.00
268720.50
276964.19
359990.03
207446.77
377966.53
222856.84
237211.19
286717.12
251354.45
465656.81
355081.78
268469.09
401406.81
256833.48
459520.81
380419.91
548331.69
741442.25
525503.88
347817.12
672852.25
490922.75
693540.88
399219.00
527568.88
396288.62
486180.00
648914.19
489267.53
277205.41
358922.31
268665.59
398001.28
260332.77
199628.34
266869.12
349493.12
1129172.25
330738.97
187187.03
209963.48
205350.91
270616.97
362862.28
286910.34
252574.05
296978.00
270763.31
290420.38
386318.69
217802.73
351312.53
301921.22
295009.31
376259.81
626950.62
295596.16
340994.44
786083.38
586449.88
395597.41
1069344.00
487033.47
295168.34
310670.28
376125.44
622095.25
633715.06
474386.09
508039.84
665386.25
688978.50
458330.78
520764.53
440133.12
737021.81
1089035.62
320696.91
238715.62
243869.97
286904.03
683571.69
523906.94
352803.34
688345.50
286831.69
215166.92
264479.75
405144.34
256760.31
367191.25
234352.95
325149.38
217643.27
197377.03
239719.61
420909.50
280031.62
127682.81
205152.00
283360.28
309214.44
231560.48
345467.44
308540.75
493752.19
341194.12
194031.98
230869.75
317332.38
458251.69
328526.44
314391.19
541329.88
352479.28
146663.56
372666.00
352136.91
317444.59
866024.44
440407.31
335396.19
470620.28
564325.81
403327.00
510301.69
243426.95
192655.67
300223.25
237355.98
210519.91
388352.72
373693.78
558948.75
319569.47
354817.75
850355.31
429675.25
916044.25
1221572.25
694382.00
779335.88
347814.59
410658.41
303569.34
272131.38
207729.30
186525.12
176859.31
222138.97
229299.62
284912.25
802882.81
406076.91
174901.84
211624.92
248344.05
185573.31
263620.16
380335.81
352063.50
206517.38
422034.59
425985.78
231284.23
192950.30
223630.59
249499.67
220938.34
403218.88
182350.58
177795.47
263511.47
237665.94
238639.50
429362.22
253617.41
163593.12
228641.66
257135.27
295105.59
329401.56
383143.16
355738.78
470239.62
264610.00
239606.61
236869.84
351638.22
289891.97
423433.53
758825.88
220975.00
140987.52
203561.39
137125.00
185520.98
277385.44
175392.36
285170.53
602017.81
206916.73
241182.91
392650.81
568696.44
277639.41
276452.78
490465.47
491818.75
211400.59
264264.16
509179.62
259511.48
227436.53
329261.41
308048.62
307298.00
430780.19
651195.94
1193796.75
475551.91
562663.06
535669.44
422703.44
755681.75
219688.38
351658.94
361758.94
362111.47
272327.97
429789.97
385529.38
297979.53
432058.22
341281.88
377973.06
357175.69
351096.88
360472.97
603627.25
1138790.12
874083.25
570786.00
1596476.62
619818.44
555797.12
357929.81
331108.88
800905.94
673912.12
544403.44
1789765.75
534948.88
623354.06
406827.53
667631.75
332111.34
590597.75
304910.50
434584.44
789086.00
260921.98
484585.72
461634.66
397578.69
439937.25
333302.00
366570.41
390352.12
375134.31
340484.56
644391.44
484417.59
703853.25
766809.81
374744.72
493104.06
681901.00
1007042.69
673925.38
483693.66
591402.62
797227.12
625330.19
743809.12
993557.00
982396.62
236476.05
480121.09
874985.06
709972.00
519276.75
493975.53
308019.22
639391.38
352443.12
812363.12
1188400.25
723908.44
1386134.62
839409.25
585930.56
380516.97
632752.19
949822.94
527997.75
553457.94
416096.38
573549.69
487516.72
873682.19
1423059.38
1828132.62
835196.50
840305.00
1164544.50
549162.44
483362.66
652544.31
608983.88
500970.69
505832.28
693001.38
968389.62
747459.56
764583.00
913577.94
1114381.12
1428195.88
2331237.25
2148276.25
4421030.00
1922533.00
381032.34
561047.69
474070.88
520173.25
670725.88
1267336.88
2126481.00
993864.25
713714.81
1337049.62
546585.44
880962.12
683630.56
645210.81
471568.44
487845.41
1026922.56
820816.75
1747292.50
365549.16
640590.50
271792.28
711485.75
638527.88
1012415.19
1200725.75
810319.19
856438.81
1016069.69
1148146.88
1183297.38
2206747.00
708262.00
878888.81
1430501.62
1255286.25
1363133.12
3735058.75
3690911.75
2894666.00
3319339.50
3939984.50
3826691.50
4316161.50
4032962.25
2058581.88
1098640.25
1614533.38
2103894.50
1521704.12
1155956.75
1100029.62
1333463.12
1664871.00
2198393.25
1524162.50
961707.88
1293194.88
1549591.50
2321994.00
2036413.62
2341073.50
2964852.50
3397710.50
1712596.00
1181782.00
1545230.50
884559.50
870158.50
1239909.00
1139518.12
795806.94
1384940.00
1546766.62
2050991.88
3361626.75
3463420.25
3693523.50
8433281.00
3835524.50
2020887.50
1888889.00
1470445.62
2332863.50
2519622.00
2345951.25
1084223.25
1236969.50
1684216.50
1432019.88
1255553.38
1026482.00
1249975.12
1539418.12
1375249.88
2136078.25
1099046.38
1684524.25
2837732.50
1625304.38
1833390.88
1186728.12
1379179.62
1797929.00
1477762.25
1962625.88
1360550.88
1719111.62
1847242.50
1853367.00
1127470.12
1432831.25
1543722.62
1235654.50
1560709.00
1320725.25
1470445.00
1469601.00
1827296.00
1582057.25
1682606.38
3489267.50
1994758.00
1839859.50
2340977.75
1830266.12
2040859.50
1745394.00
2340056.25
1755070.50
1766858.50
1844764.00
2392005.50
2289103.50
2642516.00
1642147.62
1578449.12
2296681.75
2562510.75
2537396.75
2772078.00
2147982.75
1290008.50
1690210.00
1825110.62
2431158.25
2350290.00
1219514.62
2583372.25
1664769.50
2112453.00
1927481.25
2976130.75
1578694.00
1911444.00
2251187.75
2207334.75
1281619.12
1577588.75
1070785.62
830357.62
1443501.38
794054.44
1483766.12
1046017.75
1409956.50
1338695.75
954326.12
1178635.62
1040462.00
949846.50
961664.56
1092273.88
837021.69
1062045.75
980622.31
1411660.00
1486836.00
1829538.00
1278806.12
1907172.00
1522202.50
1393882.75
1563067.12
1280355.00
2185606.00
1388606.38
2343732.00
2147044.25
2925800.75
2651164.00
2900349.50
2317508.75
2579037.75
1459105.75
1509243.50
2656271.50
3118734.00
1788809.12
1703868.88
2342279.75
2435717.75
1995449.12
2180543.00
3642268.00
2647826.00
2190519.50
2344415.25
2295022.25
2178755.00
1747482.75
2551413.25
2562270.25
2611851.50
1286577.12
1528246.25
1714298.75
2706219.75
4166545.00
2985426.25
3112114.25
2434036.50
2454288.50
2129764.00
2386645.75
1696487.00
1916178.12
1622061.62
883082.06
2277502.75
910045.38
533725.69
367985.06
614791.25
970676.12
787559.00
1333350.50
792387.75
2164788.00
1078564.12
502456.53
300468.81
405306.84
549469.44
966903.31
462416.22
851593.38
422805.00
413262.09
299923.84
495418.34
514640.69
312161.00
348128.62
319406.97
369045.12
354229.31
283296.78
401803.81
351489.44
355221.81
384609.44
444181.31
369579.81
234141.59
327387.62
518785.59
282439.47
482151.16
321764.22
263508.91
262787.34
419261.38
460111.69
231427.77
385063.25
287171.31
321234.88
434239.31
467227.56
456589.59
392336.56
259522.92
202216.19
188534.36
171671.41
206108.47
252795.33
325195.66
370080.19
426360.81
351498.97
315685.38
402578.56
441974.12
464581.44
353048.50
453793.56
372427.06
400583.91
424846.47
368175.28
497735.62
426907.72
451922.88
566640.81
369316.44
836041.69
354662.41
680858.12
557367.38
438949.66
192224.59
237550.75
187795.56
206397.00
233210.34
153032.95
126460.57
277538.44
241423.08
121987.25
