53.700
49.780
49.870
51.340
50.510
50.430
51.000
51.000
51.870
50.050
49.310
48.600
49.950
49.200
49.300
49.900
51.340
52.530
52.410
51.700
50.510
50.720
49.580
50.660
52.780
52.500
51.830
51.610
49.890
50.520
49.780
48.080
47.770
48.020
48.700
49.000
50.200
48.010
48.200
46.750
46.190
45.850
45.680
45.500
44.970
44.510
44.670
44.500
43.720
42.780
41.590
41.410
40.770
40.900
41.550
42.020
42.110
42.390
42.030
41.990
42.160
41.700
42.210
42.230
41.990
41.720
41.800
41.800
41.370
41.470
41.150
42.180
42.710
43.330
44.000
43.700
43.600
43.790
43.270
43.900
43.870
44.000
43.600
44.040
44.100
44.350
44.320
44.120
45.210
45.360
46.090
46.450
46.450
45.910
46.130
46.160
46.550
46.990
46.710
46.840
46.050
45.650
45.460
45.060
46.080
45.660
45.680
45.950
45.900
45.530
45.480
45.440
45.470
45.000
44.030
44.520
44.350
44.670
44.500
44.810
45.340
44.990
43.780
43.360
43.710
43.520
44.300
43.890
44.470
44.560
44.010
44.400
43.870
44.010
45.630
45.400
45.800
46.820
45.520
45.500
44.970
45.250
45.000
46.410
45.950
47.400
47.710
47.640
47.000
46.610
47.900
46.450
44.250
44.170
44.220
44.510
44.960
44.920
43.600
43.800
43.200
43.400
42.990
42.550
41.980
42.500
42.250
42.010
41.950
42.230
42.510
42.690
41.700
41.850
41.890
42.180
41.520
42.160
41.910
42.040
42.090
41.700
41.410
41.390
41.770
41.300
40.960
41.800
42.140
41.740
41.290
41.390
41.190
41.120
41.730
41.640
43.350
43.290
43.180
42.640
42.670
42.340
43.430
43.010
43.030
42.800
43.060
42.810
44.300
44.050
44.200
44.600
45.320
45.650
46.500
43.000
40.930
40.850
39.990
40.100
39.900
39.640
39.540
39.400
39.650
39.590
40.000
40.350
40.900
40.480
40.320
41.200
40.920
41.300
41.830
41.660
42.280
42.280
42.500
40.710
40.660
40.850
41.050
40.900
41.280
40.390
40.500
40.620
40.000
39.600
39.400
40.250
40.320
39.690
40.200
40.350
39.910
40.060
39.320
39.400
40.700
41.510
41.480
42.020
42.000
41.810
41.890
39.800
39.400
39.900
39.240
39.600
39.890
40.400
40.180
39.980
39.390
39.670
39.160
39.100
38.280
38.530
38.290
38.500
39.850
39.700
39.990
39.790
39.880
40.020
40.000
39.790
39.530
38.800
38.500
39.650
39.900
40.000
40.350
40.620
39.900
39.300
39.480
39.000
40.350
40.200
39.740
40.400
40.940
39.650
39.510
40.100
38.850
39.410
39.520
40.130
38.980
37.720
37.210
36.390
36.040
36.380
35.010
36.150
36.410
37.370
37.500
36.610
36.770
34.860
33.720
35.200
36.110
39.000
39.000
39.660
38.500
37.820
38.350
37.590
36.790
35.050
37.000
36.430
36.350
36.060
36.450
35.330
35.210
36.610
38.830
39.450
38.980
38.900
40.310
39.090
38.150
41.380
39.800
42.960
42.780
44.060
45.000
47.000
47.700
45.510
51.750
52.380
52.500
52.330
54.510
54.680
55.000
54.300
54.000
51.400
51.300
51.550
51.500
52.000
46.780
47.330
48.840
47.700
48.660
49.820
50.500
49.500
44.300
43.500
45.150
47.700
49.190
47.600
47.590
47.680
48.450
47.450
47.560
48.400
46.600
47.330
49.300
49.180
48.970
50.180
47.010
45.200
41.290
41.150
41.700
41.600
42.410
43.700
44.150
45.580
43.550
42.050
42.090
41.560
41.130
40.360
38.710
39.680
39.940
39.000
37.300
38.200
36.380
37.320
38.010
38.300
38.400
38.650
37.380
36.770
36.330
36.890
34.780
35.630
37.050
37.110
37.200
37.200
35.490
36.900
36.100
37.500
36.000
35.900
32.550
31.000
30.990
35.000
39.000
41.200
40.200
43.400
44.340
45.500
44.280
44.880
46.000
43.980
42.910
42.590
44.200
43.790
42.200
42.900
44.200
44.400
42.800
48.440
51.400
49.010
48.930
49.490
51.000
49.610
49.580
50.600
52.930
54.000
51.500
50.300
50.390
52.890
55.000
52.200
56.520
59.620
57.700
57.000
57.000
60.160
59.500
56.500
58.000
61.800
62.300
61.500
65.150
66.520
65.900
66.400
70.550
63.430
66.440
62.220
61.500
61.600
58.300
60.160
65.100
66.940
68.100
66.350
62.000
60.980
62.300
58.670
59.000
62.150
62.200
63.890
64.530
60.850
62.980
62.000
60.600
60.100
53.820
54.400
53.890
53.300
52.970
54.200
56.240
54.310
52.590
55.900
56.350
53.010
55.200
56.200
58.800
56.500
58.000
55.450
55.190
53.060
54.490
54.130
55.500
52.580
52.400
52.000
56.300
55.200
54.530
55.300
56.000
55.780
56.300
51.700
53.000
49.200
47.000
47.340
46.000
49.760
48.970
50.150
50.320
50.650
51.400
45.970
45.890
46.650
45.300
45.330
48.280
46.980
48.580
50.350
49.200
49.400
48.100
43.200
40.230
43.470
41.550
42.110
43.770
43.270
42.600
38.400
37.730
37.360
37.600
38.500
41.000
41.690
43.410
40.300
42.340
40.100
42.190
42.500
39.400
34.860
34.290
32.800
29.570
28.310
28.340
28.560
30.200
29.600
29.000
28.370
29.300
29.800
28.360
29.240
28.590
28.730
29.100
27.690
27.390
26.800
25.800
26.040
26.190
25.790
24.680
24.870
24.920
24.620
24.100
23.800
23.800
24.200
24.380
24.500
24.570
24.310
24.260
23.930
24.350
23.400
23.340
24.100
23.920
23.800
23.950
24.450
24.500
24.490
24.760
25.210
25.490
25.190
25.010
24.800
24.580
24.340
24.280
24.030
23.950
23.850
24.470
24.120
24.290
24.330
24.740
24.930
24.430
25.610
24.450
24.450
24.070
23.960
24.700
24.990
25.390
24.680
24.480
24.490
24.220
24.680
24.650
24.210
23.000
22.200
22.120
21.510
21.290
21.660
21.600
21.710
21.670
21.360
21.900
22.050
21.940
