37870.75
54807.50
27504.95
31126.31
39833.27
25369.00
24892.00
20935.38
34351.12
57059.12
54291.48
28499.40
36386.45
48304.03
30893.89
32880.25
61454.10
33546.12
45699.61
67243.69
57549.39
63056.41
31921.56
60058.63
40104.54
41650.69
46772.11
49353.91
88827.27
90522.52
59035.61
42202.28
53764.13
80617.82
57952.93
42994.31
52181.38
45030.62
36379.99
41987.56
28232.13
45836.14
39511.40
34077.93
42968.40
39523.41
31950.00
50526.21
68834.51
82255.72
44969.85
95495.55
14822.31
18413.85
9729.57
12719.22
11428.07
9575.49
16627.00
21988.37
13154.13
16707.16
21948.73
21280.25
22228.25
19590.11
20783.63
15864.39
25547.28
21883.66
19942.09
22144.80
14242.24
21826.21
22413.67
30548.01
27448.55
11103.54
13269.44
10396.83
15593.28
18918.36
16284.77
17065.20
17199.58
24530.98
20389.27
25206.27
17872.72
19976.48
12112.40
18222.75
18400.89
25587.49
12211.06
18445.04
10666.19
9416.08
12570.54
9563.19
12202.87
10551.45
17072.26
12039.98
14446.69
12028.95
11951.93
15671.76
17362.57
14261.64
12266.22
17678.43
16726.68
36626.30
22874.00
13745.68
30791.70
19305.00
26573.46
34805.04
32413.48
41886.09
65244.79
23640.85
28403.56
54763.59
31257.04
46290.88
69697.33
72679.49
96783.81
83336.45
65395.28
32173.25
31588.77
22843.52
20225.36
25901.00
27952.29
19133.74
27724.14
33889.68
36541.98
34412.50
39473.48
21760.51
29178.56
36571.08
20135.01
28123.12
12612.83
21266.76
16859.25
17023.76
17556.29
16211.72
12787.96
27552.81
18806.36
33077.61
16876.37
22734.28
20469.25
12521.46
16922.28
16759.10
26100.69
30681.91
30258.00
26110.02
26802.31
26348.87
49705.89
13135.59
17732.78
21888.18
22935.50
27244.32
18185.57
18114.23
23497.75
33524.49
16391.83
7708.43
10338.67
10803.77
10973.05
23911.72
17631.32
21925.55
14368.75
10316.72
9538.69
13977.00
13394.91
29080.75
17539.22
13286.76
18463.99
20301.77
12299.75
12001.52
15851.51
14977.81
15899.84
23668.33
36874.50
24643.43
20679.56
22464.34
41307.27
21036.36
17047.20
25351.57
43799.67
55044.32
56701.30
66500.84
18415.25
28202.58
22220.64
16512.30
12813.03
13636.73
9224.78
15417.46
22061.69
24860.31
39023.36
24038.63
10400.33
19166.68
30388.59
18449.35
25122.94
17751.42
32360.71
18275.11
36933.63
61126.57
36749.77
23571.51
25363.26
20958.02
32890.32
35798.27
20159.88
14604.32
28116.60
24207.52
20106.12
18116.23
17646.20
29438.14
29482.72
26240.20
16631.49
24077.48
18466.34
14438.31
23869.55
19478.59
16399.34
18404.18
20107.73
17192.66
29834.12
41588.10
15964.40
14674.60
16633.69
12795.27
14810.39
13791.81
11780.03
12651.38
22387.18
19119.50
22166.85
16992.22
9073.30
15817.71
15884.35
39371.09
43712.04
31266.01
35982.64
49691.66
26184.39
47644.35
39569.81
54736.75
42150.85
15759.17
16816.70
37237.21
17129.36
25139.02
19626.65
20735.27
31150.01
14294.38
24078.28
23815.09
39063.36
67247.73
38386.54
21532.28
23877.73
31842.46
35205.97
29752.92
22944.96
20400.77
21823.27
25758.42
47669.24
37269.57
48675.12
33793.41
29318.92
47306.91
51525.67
46690.31
25223.26
24660.87
23662.19
27928.87
28918.24
50135.60
16236.59
22761.32
32678.10
35760.00
32228.37
20522.38
26785.18
15506.21
22846.66
16562.41
17126.28
17398.89
15668.00
23853.61
21189.98
21383.62
29094.99
32641.07
27241.79
53555.71
30736.02
36448.59
44514.65
33615.33
46016.67
45823.06
43032.48
53929.42
49538.40
77383.86
72455.23
113098.09
116928.87
25540.10
94841.46
76718.55
48089.81
91795.19
86036.97
33335.58
85269.39
40434.34
54946.32
86073.93
33701.66
53849.84
42872.78
46445.59
30682.23
78275.30
46249.03
29279.26
37612.42
29027.16
28850.72
35071.71
41658.98
49661.63
41338.76
47447.23
53582.17
58197.74
50877.96
83241.46
33694.39
71729.05
53873.14
77761.67
65810.60
188833.41
69546.61
55170.74
64556.30
64638.19
53784.19
89832.07
98137.73
105585.10
119154.22
93721.91
83015.71
62309.17
41359.15
50850.84
52863.10
77777.13
66721.75
73374.69
100684.05
91949.04
59448.28
92186.18
79217.62
56186.72
56753.79
102278.13
47526.99
54709.90
29264.50
25182.13
33207.49
47254.59
59157.04
72726.31
73747.78
51904.63
28965.09
42572.61
43793.02
40030.76
45558.28
30638.49
35622.84
69305.76
51484.45
43690.65
52325.66
62245.92
79284.81
138153.70
66028.90
106853.14
162932.11
78529.02
76105.77
88549.93
139998.27
129228.50
153127.94
111346.66
116517.21
119409.95
203551.03
200094.53
148046.22
90614.88
116944.62
149420.12
93782.77
79929.63
145311.27
159205.58
228518.05
146747.52
183365.33
212945.95
245457.14
170464.44
223986.77
238316.73
257608.45
397543.53
5542.11
3545.90
124809.48
186941.97
122695.63
147852.81
191200.59
223663.98
208039.25
119603.13
137794.31
119649.65
175833.08
101097.55
115006.24
150748.69
156643.41
220573.16
206893.62
118458.68
84817.03
112408.01
175787.45
152343.84
130744.92
146999.56
197601.22
152854.03
96372.62
93508.40
86860.41
79096.39
69362.32
65233.95
104782.46
149499.48
177135.64
57831.39
134760.05
63159.78
55344.53
79726.18
95909.33
157314.84
96540.32
112765.65
96414.04
118211.59
73274.73
110191.38
78655.50
71263.74
94181.90
136724.12
122465.71
73417.58
67690.90
82143.78
96417.41
87667.65
72596.00
74741.51
48013.67
67310.58
65907.27
72006.87
63437.33
64225.46
52935.44
62318.27
65097.28
67943.22
38562.62
38340.02
42069.99
45915.54
45519.23
36317.12
43503.00
61459.45
36172.34
39899.44
25515.40
21201.21
31389.11
25300.96
29724.84
43488.72
29084.28
32483.74
21006.78
28113.50
32991.34
47414.26
63195.35
36601.05
36694.87
38004.27
45373.06
46732.68
88778.52
129609.27
62986.98
89474.09
66374.35
49360.22
53283.25
29164.17
24802.83
19635.49
26828.97
38017.50
48486.99
49652.41
46777.51
83863.52
62170.00
21261.86
34683.47
41682.05
36873.95
30795.89
35154.18
30555.23
60331.90
53480.66
41708.75
54509.19
62587.86
79956.24
66568.81
66711.34
53840.33
93381.23
71029.38
101723.78
100171.97
93777.77
78287.21
52582.23
79352.54
96685.01
56258.57
63753.31
81366.57
40827.37
24805.99
36312.99
79039.54
45824.09
31025.70
42138.91
31164.54
54245.88
33953.69
47064.65
26448.56
54025.34
34148.55
48749.80
48370.79
40830.17
40048.23
25629.48
15724.18
23735.52
33026.58
20869.06
22096.59
22557.58
46177.20
27761.42
22582.49
30308.16
33200.59
35091.92
37667.42
40068.12
81174.19
85855.23
65857.80
82259.71
81994.50
47929.66
50001.27
84702.57
19389.98
26330.93
45248.58
32678.99
30086.35
57157.38
46553.57
111760.13
50591.82
80463.33
167204.97
241313.95
97481.68
18309.62
23887.17
25728.28
28519.27
28187.67
24199.69
34956.24
27403.16
40256.07
31634.59
19012.01
27799.47
30697.95
26808.72
18695.85
14075.90
30362.62
25982.26
27179.39
23521.85
35233.53
36389.83
43818.84
30464.95
51209.78
29769.57
27512.75
20784.20
14660.95
8570.16
10387.41
14625.35
19516.45
19982.02
21745.03
14048.92
15576.31
16716.01
13980.89
