30730.67
39992.65
12048.14
13696.71
9386.24
9976.00
24263.20
19048.22
15159.23
14959.56
19384.00
11490.25
11632.16
10754.66
14415.91
27559.01
8400.05
11468.00
19717.13
20338.41
25929.40
20668.91
11957.56
14713.09
20639.60
20017.98
21177.81
17812.08
25492.43
39698.93
57945.20
23539.36
18007.83
18090.49
49377.47
25584.73
13017.44
18360.24
22366.33
27702.29
17051.76
13247.87
12078.24
13234.46
16786.83
20219.97
33402.61
39588.17
32660.53
31828.48
21573.35
12772.33
22711.66
39079.34
40409.90
32252.19
16581.51
17571.00
24160.16
42795.07
54610.32
23325.29
33574.18
22933.17
23400.06
50357.53
43803.67
40073.86
62408.22
41480.81
64505.20
43211.59
29900.87
33941.69
59316.15
68355.58
40053.00
44440.91
66423.21
46360.57
45329.85
48757.73
46872.18
50767.02
48142.43
90992.92
135276.83
66060.05
87941.00
61210.43
27550.76
37743.66
36026.65
69379.65
87670.99
51238.03
84451.44
37259.29
63143.95
35573.31
35822.79
60025.00
26952.72
22857.04
29829.75
27540.54
24996.48
32500.66
52018.23
62212.40
72600.73
26653.85
57621.57
45695.55
65936.05
45848.14
72237.64
26975.90
40881.84
57011.38
33067.52
56179.48
33535.58
30903.80
27614.04
28868.15
36322.40
55128.42
43076.04
51214.81
84492.97
31522.89
35058.00
50404.29
46540.98
47423.50
47185.85
75939.23
52035.41
33861.88
35260.21
45510.22
53585.67
56871.50
55006.55
79873.32
56040.16
53891.14
73742.24
103582.82
122849.44
83016.23
76258.62
80651.09
65362.48
102676.11
108140.85
139061.66
177248.31
259208.05
241945.30
307337.03
267338.31
154375.56
103473.52
94879.62
91669.53
93542.57
133175.72
138466.39
100824.04
123304.53
220603.34
163987.59
43473.25
69164.91
38354.51
56698.19
54870.98
60334.32
77627.72
103053.10
80162.49
45143.72
43665.70
57881.42
80971.88
159911.73
137147.28
107259.61
114647.04
222639.95
122683.67
129823.96
98693.49
123414.54
145371.55
168405.70
287490.00
343114.78
538676.94
341985.19
40123.64
6411.85
1031.01
950.04
503.62
677.01
115.57
110.00
83.00
54.00
41.63
233.62
