369664.97
674100.88
439923.06
572861.25
285685.56
365631.44
295177.34
275418.59
484161.62
223574.56
317560.66
175839.06
219045.70
164492.02
174426.53
318110.69
404604.22
238055.84
274072.09
178729.00
238064.17
313603.44
181784.70
149851.91
151991.03
178810.34
155958.42
120704.44
174078.11
145552.23
174170.20
157350.92
123449.33
243310.20
262089.23
265769.09
174393.23
211263.55
311895.28
196235.77
208048.62
256159.00
240760.05
237102.09
236626.55
420252.03
177146.45
294856.12
196960.14
236082.64
297398.81
178615.00
305275.25
421212.50
282375.12
376553.53
313860.19
443381.06
420951.84
409470.91
424676.19
371647.09
553272.88
778190.06
207203.53
379661.34
249311.05
216996.39
444910.16
240955.55
161742.59
284237.78
186228.97
281628.12
294777.03
292731.22
368574.56
162185.00
211164.53
201517.41
296849.00
237364.58
237366.66
276881.91
356355.25
320649.53
283619.88
509362.44
376390.00
474086.47
705809.69
511896.75
684356.06
356379.31
449565.12
399677.25
627731.88
743858.38
915052.00
1061675.25
561556.94
392402.34
391201.75
600351.94
306052.94
233870.73
277777.94
384455.09
501311.12
508121.28
473885.69
976505.88
846810.31
405419.50
209931.95
243227.05
328451.19
316004.44
385685.47
203860.98
227426.34
346528.69
207759.94
121890.88
199115.45
124684.57
153663.50
229496.27
202013.42
159740.58
234018.42
436422.81
197543.09
300343.00
270677.69
218552.50
257428.48
347173.66
197515.48
251064.91
368721.22
199513.42
456506.00
433736.53
484802.72
409278.72
387546.31
404983.44
469332.81
439077.88
569379.44
845739.50
875024.12
1340710.25
1579502.00
1616341.00
790215.69
460777.81
592279.00
354613.59
509677.88
377051.41
691143.31
191803.67
281751.31
241242.80
384420.69
436331.50
410550.84
246400.05
363501.34
564439.38
805147.62
321198.12
245023.02
326480.50
251784.36
250305.41
207575.33
247055.98
345425.53
389962.00
823679.19
183558.12
216220.77
137223.55
260545.98
372667.34
179304.86
207931.88
179850.02
404715.59
311473.47
334592.28
585213.38
617902.56
490276.28
299974.78
517121.44
473408.81
637957.62
626995.50
558157.25
450866.12
843765.81
1235080.38
547571.06
616011.12
806306.38
1297724.12
1455075.00
1243441.00
1369080.38
1882693.12
1847005.88
1943152.88
2696398.00
2327625.75
1459309.25
960312.44
414380.81
302571.31
303413.19
605133.50
202356.83
228386.33
273979.47
289977.91
552122.12
270927.94
220198.16
240038.27
231907.84
224380.30
237852.92
290997.91
247844.06
376164.66
583058.50
535877.75
557765.94
1354600.38
383891.34
374705.81
480664.50
632700.31
411383.75
383908.12
750429.25
415340.69
409207.69
519307.28
281537.56
301352.16
363319.34
356025.00
336080.28
320306.84
491420.78
277854.34
515222.75
417761.72
394451.75
621008.56
1512820.12
1037871.12
652730.25
378316.19
250906.16
418035.84
221591.34
166282.02
178273.00
149045.52
174359.16
191632.31
270127.25
162721.02
157160.30
177152.59
268340.91
191914.48
176888.61
399737.62
529686.69
367013.22
528278.69
277964.72
166104.45
222749.50
232216.81
291717.97
561179.19
292853.41
392201.19
769667.50
274069.19
332099.00
462832.16
586512.50
787172.94
475470.12
410226.91
513912.72
675612.38
638822.75
1016323.38
1769311.75
193552.98
194380.19
175575.52
214423.02
131683.75
251999.19
193856.28
331952.59
391365.25
420103.12
210745.12
102604.26
136630.48
227873.27
121717.01
166724.12
297770.22
512722.38
347109.88
395989.72
781933.06
271709.91
195735.95
243970.05
201025.75
310127.31
196543.53
210654.03
280511.00
287180.59
241532.06
249585.84
303366.53
212799.61
252842.16
483773.25
243885.80
146662.02
159094.39
206284.80
195257.77
263341.25
323094.12
168932.70
196808.19
249206.33
273519.59
287541.62
226152.16
246534.23
301698.31
254861.92
305220.56
486843.66
416469.34
102629.00
430228.94
581462.81
474664.53
238965.89
213887.11
243483.70
327922.78
273025.16
305553.06
387516.56
307090.03
410620.47
549498.38
597878.00
257248.97
326663.28
445898.06
272870.09
372533.50
395104.06
517153.91
602234.69
1034599.62
547675.94
497975.34
629167.44
1023944.44
1145027.88
766754.81
884515.94
1293299.25
2937115.25
1513485.75
1702447.25
1089016.75
559877.94
524430.12
889414.38
1605462.25
460430.69
629376.81
976916.44
579057.19
624020.06
506693.00
302165.00
545284.81
507349.31
421715.75
747596.69
862845.94
1008521.25
929707.19
877799.75
1572031.25
1426126.38
1374750.75
1786104.88
1148862.00
1205257.75
2116739.50
869658.00
965449.19
817818.75
515442.47
883751.31
1105144.38
1510485.50
2652996.50
757871.75
726853.50
966902.69
938516.44
849045.50
596085.69
554255.50
633216.25
965345.44
1099215.62
425859.69
572078.31
664921.50
864396.00
928982.56
1441137.12
830077.38
1227865.88
592962.75
1147975.12
1068199.12
248848.52
179206.94
217616.61
213370.88
187326.77
184219.19
189576.45
188349.05
253370.69
274695.12
240246.31
225191.91
269603.62
188771.23
130118.00
123277.17
200899.12
231880.53
382148.25
281175.59
245544.20
211041.05
291892.97
303011.00
399188.81
402659.66
286586.22
517187.50
5038.21
14765.00
196759.38
174569.77
329922.81
255313.62
286636.94
433093.75
357275.22
298448.16
198342.09
215919.58
215518.64
185657.77
207494.11
263929.69
395631.84
371208.56
451449.34
322783.53
439924.62
309758.09
308273.59
489249.66
346247.12
295105.88
396349.62
478535.81
485256.44
308819.72
370339.12
333485.78
488963.34
323914.25
292336.62
211621.66
275179.28
310501.16
205720.34
99509.87
192770.06
118446.51
136689.31
130429.63
108604.88
74774.14
99594.02
158051.31
187701.30
130665.71
277140.22
162870.73
204332.88
133174.70
102020.61
93542.65
83821.57
160528.50
162474.88
76524.10
101500.95
85486.13
103014.13
78635.32
140620.23
145743.34
197678.70
146422.62
117879.37
84651.70
103040.12
137225.69
80513.36
108104.24
102707.33
119982.97
93901.07
85437.53
178786.06
135885.19
117015.53
125189.82
48908.88
66992.85
42661.63
55019.13
49838.15
64225.64
99170.04
95497.66
102906.70
118928.98
59917.26
70798.72
56826.01
71533.64
79536.46
72049.35
52197.81
79503.91
84057.60
112463.00
183391.88
141507.23
37663.81
47290.54
37896.89
33016.00
42446.93
34960.14
102259.21
63129.32
45698.36
43130.98
51902.19
41158.63
53934.51
37088.27
26597.03
39673.81
24816.28
61248.88
49678.27
57281.74
53109.16
75463.75
89905.89
36263.03
63532.16
59783.85
61244.82
71519.68
65598.27
74530.00
134251.06
149236.28
190287.02
63766.55
65696.48
111672.13
122871.94
103255.37
83896.34
129343.73
134418.78
125315.58
169413.80
134814.34
172419.48
80743.30
84764.73
117154.47
65286.98
79836.61
91758.88
54827.21
30808.17
40329.48
28818.34
36178.07
37832.40
43098.24
35337.77
66300.15
43491.60
71538.63
57782.60
46278.54
95448.15
93165.62
97770.74
110033.86
70388.67
52745.35
34348.21
34825.49
78015.31
74260.28
88336.66
36111.88
80632.52
106289.52
40370.20
53928.45
45463.46
57504.27
62172.45
57792.20
64031.74
55958.90
48676.07
69399.62
72449.47
73924.07
46329.53
42110.23
42294.33
40225.18
82527.61
78545.10
68148.81
84477.54
44280.83
51431.17
46692.24
50016.43
52029.03
66597.49
40830.06
30016.41
31125.30
36842.38
53505.93
55256.41
61249.79
111643.84
225430.48
34014.55
30622.00
44706.82
32906.15
73916.55
38737.89
39840.26
30756.41
48238.28
47751.37
38577.61
51256.79
31071.91
39123.46
36349.45
21211.03
25247.94
27679.15
20720.26
11718.02
16382.26
24816.87
41629.48
39835.72
27145.18
24710.97
18645.61
30008.41
49249.20
