11.150
11.120
11.060
11.110
11.040
11.050
10.800
10.980
10.940
10.840
10.900
11.190
11.200
11.250
11.190
11.180
11.070
11.050
10.850
11.040
11.160
11.180
10.970
10.950
10.790
10.650
11.200
11.410
11.370
11.410
11.030
12.030
12.280
11.890
11.410
11.310
10.990
10.990
10.920
11.180
11.610
11.630
11.950
12.060
12.150
12.110
12.110
11.960
11.860
11.880
11.790
12.530
12.410
12.670
12.910
13.230
13.250
13.690
13.680
13.790
13.640
13.850
13.850
13.830
13.510
13.700
14.510
14.660
14.720
14.430
14.190
14.160
14.120
14.150
13.920
14.180
14.100
13.940
14.100
14.030
14.120
14.400
14.340
14.370
14.210
14.330
14.590
14.770
14.550
14.850
14.360
14.640
14.770
14.680
14.370
14.610
14.040
14.080
14.260
14.260
14.490
14.120
14.120
14.370
14.110
13.890
14.120
12.840
13.090
12.980
12.790
12.760
12.610
12.370
13.120
13.590
13.580
13.830
14.090
14.110
14.000
13.740
13.720
13.540
13.290
13.430
13.530
13.670
13.050
13.300
13.180
12.890
12.620
12.770
12.450
12.360
12.350
12.310
13.000
13.170
12.960
12.840
13.060
13.010
13.390
13.520
13.760
14.100
12.800
12.780
12.710
12.680
12.840
12.850
12.840
12.690
12.640
12.360
12.270
12.500
12.560
12.500
12.300
12.350
12.360
12.340
12.300
12.130
12.260
12.190
12.850
12.770
12.600
12.710
12.790
12.840
12.790
12.640
12.820
12.940
12.880
12.950
12.950
12.700
12.600
12.500
12.520
12.200
12.230
12.280
12.270
12.150
11.890
12.130
12.020
11.830
11.890
11.890
11.650
11.780
11.490
11.580
11.960
11.910
11.980
11.930
11.900
11.820
11.780
11.390
11.300
11.300
11.300
11.360
11.460
11.350
11.100
11.110
11.390
11.390
11.260
11.190
11.450
11.500
11.450
12.120
12.700
12.750
12.710
12.320
12.340
12.300
12.470
12.410
12.720
12.610
12.850
13.290
13.090
13.420
13.510
13.160
12.960
13.030
12.810
13.100
13.550
13.610
13.300
13.200
13.290
12.770
13.260
13.140
13.080
13.730
13.570
13.760
13.350
13.130
12.780
13.190
13.800
14.030
13.030
13.780
15.250
15.900
14.900
14.820
14.400
13.480
12.290
12.270
11.450
12.000
11.460
11.580
11.270
11.210
11.200
10.980
10.570
10.760
10.910
10.760
10.830
10.540
10.640
10.290
10.570
10.650
11.600
11.460
11.180
11.380
11.530
11.130
11.020
11.620
11.210
11.670
11.320
12.290
11.830
13.120
12.850
12.850
14.170
14.530
14.180
13.980
14.470
14.420
13.830
14.080
13.950
13.770
14.000
13.720
13.690
13.720
13.390
12.970
12.910
12.830
13.330
13.200
13.260
12.960
12.950
12.690
12.800
13.770
14.090
13.710
13.340
13.640
13.720
13.260
13.820
13.390
12.980
13.450
13.370
13.090
13.150
13.100
12.810
12.800
12.190
11.980
12.200
12.500
12.340
12.230
12.190
11.990
11.620
11.280
12.520
12.290
12.450
12.320
11.840
12.090
11.970
11.460
11.160
10.750
10.760
11.070
10.700
11.110
10.790
11.150
11.060
10.800
10.590
10.770
9.820
10.320
11.420
11.160
11.470
11.010
10.450
10.170
10.360
11.180
11.640
10.940
10.250
10.010
11.120
12.370
12.950
13.660
13.450
14.940
14.320
14.120
13.680
13.740
13.510
12.760
12.310
12.480
12.660
11.740
12.420
12.750
13.100
12.160
12.620
14.050
14.540
13.970
13.560
13.350
13.140
12.230
11.960
13.350
13.520
12.290
11.170
10.150
11.280
12.510
13.080
14.160
15.070
16.480
15.360
16.120
17.900
18.750
18.220
17.890
19.890
20.830
20.300
21.740
22.200
21.860
21.660
22.080
20.790
20.930
19.520
19.840
20.020
19.250
18.050
18.360
20.400
18.990
18.800
18.450
17.490
17.000
17.240
16.600
16.510
17.020
16.810
16.760
16.650
16.180
15.720
15.730
16.270
16.970
17.020
17.420
17.570
18.010
17.220
16.390
16.420
16.180
15.380
16.000
15.860
15.130
15.990
15.630
15.240
14.940
15.490
15.720
15.450
15.190
14.900
14.780
15.140
14.810
14.730
14.730
13.950
14.200
14.140
13.960
13.970
13.750
13.740
13.590
13.600
13.220
13.320
13.300
13.270
13.170
13.140
12.960
13.060
12.820
12.790
12.700
12.680
12.650
12.550
12.390
12.250
12.210
12.140
12.140
12.470
12.630
12.720
12.630
12.610
12.760
12.680
12.860
12.660
12.420
12.580
12.380
12.130
11.820
12.360
12.270
12.100
12.130
12.020
12.360
12.480
12.420
12.570
12.470
12.170
12.030
12.390
12.630
12.590
12.540
12.310
12.390
13.420
13.810
13.710
13.990
14.140
13.740
13.830
13.590
13.080
13.000
13.130
13.700
13.690
13.240
13.060
13.320
13.420
13.420
13.320
13.160
13.170
13.050
13.000
12.790
12.880
12.670
12.690
13.040
12.850
13.410
13.120
13.390
13.110
13.300
13.240
13.220
12.980
13.070
12.970
12.710
12.540
12.620
12.920
13.170
13.270
13.000
13.260
13.480
13.390
13.360
13.520
13.810
14.040
13.830
13.830
13.810
14.100
13.940
13.800
13.500
13.410
13.450
13.340
13.190
13.850
13.880
13.520
13.090
13.150
13.010
13.140
12.960
13.000
12.810
12.660
12.470
12.710
12.440
12.780
12.860
12.640
12.790
12.820
12.740
12.570
12.280
12.460
12.510
12.450
12.320
12.170
12.290
12.400
12.190
11.990
12.260
12.240
12.080
12.060
11.800
11.710
11.580
11.750
11.560
11.850
11.840
11.910
11.970
12.050
11.900
11.770
11.960
12.430
