3.980
3.960
4.040
4.050
4.050
4.070
4.070
4.030
4.060
4.010
4.050
3.970
3.970
3.960
3.950
3.950
3.960
3.970
4.000
4.020
3.980
4.000
3.980
4.020
4.060
4.020
4.030
4.000
4.050
3.910
3.930
3.880
3.870
3.900
3.930
3.960
4.000
3.980
3.910
3.940
3.870
3.860
3.860
3.880
3.880
3.860
3.860
3.880
3.910
3.920
3.920
3.910
3.890
3.930
3.980
4.000
4.020
4.030
4.040
4.060
4.070
4.080
4.100
4.110
4.110
4.100
4.100
4.110
4.100
4.080
4.080
4.080
4.120
4.130
4.220
4.300
4.270
4.260
4.220
4.170
4.150
4.180
4.170
4.180
4.190
4.260
4.250
4.180
4.160
4.190
4.210
4.210
4.250
4.220
4.170
4.180
4.180
4.150
4.150
4.100
4.060
4.050
4.050
4.060
4.090
4.110
4.070
4.060
4.020
4.010
4.020
4.020
3.970
4.000
3.940
3.920
3.930
3.930
3.930
3.950
3.970
3.970
3.960
3.910
3.910
3.890
3.910
3.910
3.900
3.930
3.960
3.940
3.970
4.000
4.130
4.230
4.170
4.290
4.230
4.080
4.050
4.070
4.080
4.130
4.140
4.190
4.170
4.240
4.150
4.100
4.140
3.990
3.930
3.880
3.890
3.920
3.930
3.960
3.930
3.920
3.890
3.900
3.880
3.890
3.860
3.860
3.870
3.820
3.870
3.830
3.880
3.910
3.930
3.820
3.820
3.830
3.790
3.780
3.780
3.780
3.800
3.830
3.830
3.800
3.790
3.780
3.770
3.790
3.810
3.820
3.790
3.770
3.780
3.770
3.790
3.840
3.890
3.910
3.910
3.930
3.940
3.940
3.950
3.950
3.930
3.960
3.990
4.010
4.040
4.060
4.040
4.060
4.080
4.100
4.230
4.230
4.100
4.000
3.870
3.860
3.850
3.870
3.830
3.840
3.860
3.870
3.850
3.870
3.930
3.930
3.900
3.850
3.830
3.850
3.870
3.900
3.840
3.780
3.910
3.860
3.840
3.860
3.830
3.820
3.850
3.830
3.770
3.740
3.710
3.690
3.680
3.680
3.680
3.660
3.650
3.660
3.650
3.680
3.660
3.700
3.710
3.710
3.720
3.720
3.710
3.740
3.730
3.600
3.560
3.560
3.570
3.550
3.560
3.540
3.530
3.530
3.550
3.550
3.560
3.570
3.590
3.570
3.630
3.690
3.690
3.700
3.710
3.680
3.700
3.660
3.660
3.670
3.680
3.700
3.740
3.750
3.780
3.810
3.810
3.820
3.760
3.780
3.750
3.780
3.800
3.800
3.780
3.780
3.760
3.710
3.720
3.710
3.730
3.770
3.810
3.830
3.780
3.760
3.760
3.700
3.740
3.690
3.710
3.740
3.720
3.750
3.740
3.560
3.520
3.440
3.460
3.450
3.550
3.570
3.610
3.650
3.570
3.610
3.570
3.560
3.480
3.550
3.540
3.500
3.550
3.590
3.600
3.530
3.570
3.690
3.730
3.730
3.830
3.750
3.770
3.720
3.840
3.850
3.920
3.940
4.010
4.090
4.100
4.140
4.120
4.240
4.290
4.270
4.270
4.350
4.360
4.380
4.450
4.400
4.440
4.430
4.300
4.270
4.360
4.380
4.270
4.360
4.320
4.340
4.430
4.490
4.620
4.540
4.330
4.350
4.430
4.490
4.480
4.430
4.470
4.520
4.530
4.640
4.570
4.490
4.490
4.570
4.600
4.730
4.760
4.340
4.380
4.150
4.050
4.110
4.140
4.130
4.170
4.170
4.210
4.190
4.270
4.490
4.100
4.130
4.130
4.070
4.050
4.080
4.120
3.980
4.000
3.940
3.990
4.060
4.190
4.210
4.190
4.260
4.290
4.430
4.430
4.220
3.860
3.800
3.630
3.740
4.020
4.200
4.340
4.280
4.530
4.530
4.580
4.610
4.600
4.680
4.700
4.590
4.580
4.650
4.660
4.650
4.580
4.740
4.730
4.840
5.150
5.250
5.230
5.240
5.340
5.370
5.400
5.550
5.570
5.500
5.700
6.100
5.910
5.880
5.720
5.240
5.190
5.290
5.430
5.430
5.250
5.480
5.750
5.590
5.460
5.710
5.930
6.120
6.120
6.230
6.270
6.080
6.190
6.500
6.450
6.280
6.150
5.600
5.760
5.480
5.260
5.530
5.590
5.560
5.550
5.460
5.250
5.320
5.290
5.160
5.360
5.390
5.500
5.490
5.490
5.180
5.250
5.370
5.470
5.560
5.740
5.790
5.940
5.400
5.320
5.510
5.480
5.430
5.690
5.740
5.600
5.590
5.550
5.540
5.370
5.410
5.310
5.100
4.860
4.920
4.950
5.020
4.920
4.750
4.610
4.680
4.820
4.830
4.840
4.770
4.850
4.590
4.260
4.300
4.280
4.100
4.070
4.150
3.930
3.960
4.010
4.110
4.140
4.160
4.150
4.100
4.140
4.100
4.180
4.130
4.130
4.160
4.030
4.060
4.270
4.180
4.140
4.090
4.240
4.220
4.350
4.420
4.440
4.540
4.480
4.530
4.390
4.560
4.920
4.810
4.730
4.630
4.650
4.850
4.790
4.850
5.050
5.100
4.960
4.890
4.760
4.550
4.270
4.310
4.520
4.690
4.440
4.450
4.480
4.110
3.860
4.030
4.110
4.150
4.650
4.340
4.520
4.250
4.280
4.290
4.180
3.800
3.500
3.290
2.990
2.990
2.950
2.900
2.900
2.990
3.130
3.070
3.160
3.090
3.200
3.000
2.980
2.900
2.920
2.940
3.000
3.010
2.810
2.700
2.660
2.660
2.670
2.710
2.710
2.720
2.730
2.720
2.780
2.740
2.740
2.760
2.770
2.790
2.780
2.780
2.780
2.770
2.790
2.780
2.730
2.770
2.790
2.830
2.750
2.840
2.740
2.740
2.750
2.730
2.750
2.760
2.740
2.730
2.700
2.670
2.670
2.670
2.690
2.690
2.700
2.700
2.710
2.710
2.730
2.740
2.740
2.740
2.760
2.760
2.770
2.740
2.750
2.750
2.780
2.840
2.770
2.620
2.660
2.650
2.630
2.500
2.480
2.430
2.420
2.410
2.410
2.410
2.560
2.560
2.550
2.560
2.550
2.570
2.570
