100823.26
80472.02
96904.75
121997.70
83402.66
178812.02
242043.81
135037.31
186511.62
114182.41
191968.52
117902.39
180431.16
77521.64
59412.44
71232.43
62876.11
67389.26
86848.33
87196.74
101171.95
144478.16
62182.08
110453.10
91351.81
88958.85
110524.27
69110.91
104595.04
111309.40
96282.40
78134.31
145098.41
176499.52
122675.54
69937.16
155190.20
386484.66
192919.11
76312.52
121122.85
130968.38
226433.41
216251.12
338511.12
327860.12
379884.84
112483.10
79806.87
71100.70
78251.97
55590.85
95731.80
142830.08
164350.31
63818.51
74203.89
156368.38
63608.85
120891.58
142017.58
73744.37
183455.84
256280.17
294062.00
139653.59
99832.17
182425.05
247978.64
579665.94
75318.45
70896.01
65314.56
118449.13
86185.51
275652.97
62646.85
108824.07
143376.75
152635.36
321220.59
47204.59
150313.25
222506.48
451392.12
226224.23
175353.09
104072.52
187618.48
195934.84
64786.66
210944.52
72763.98
265691.41
113616.93
228182.98
143792.20
49353.54
95064.96
263141.91
284054.53
337911.88
408000.12
368129.06
193194.31
77502.08
77188.71
102506.55
204781.88
106347.29
142565.59
109785.71
181507.83
106783.59
226506.58
89121.25
92686.15
98858.30
81613.70
207338.86
180712.97
188986.97
164426.97
300009.06
393108.12
179824.89
115826.79
150534.91
188330.02
240298.45
286278.22
513653.34
446341.44
221437.06
511553.59
299491.00
256577.34
421799.09
472117.47
642582.75
151049.08
236560.30
554332.75
93832.78
197510.67
146787.53
353022.72
286975.94
234237.58
311094.88
249555.52
271023.72
259097.98
473341.69
646079.38
792565.88
360221.97
473497.97
160518.19
474608.75
555263.12
396130.28
71330.97
97907.14
91143.38
74799.27
101770.42
150740.28
193619.45
130836.80
73882.01
72598.68
70877.52
83999.99
69082.47
47032.30
81062.22
101088.93
105920.65
35078.76
38773.32
45388.98
65517.16
76953.71
68941.09
171229.72
103802.66
41793.35
50921.57
85723.92
104751.87
42414.42
47895.66
43958.40
104926.95
39757.93
38168.99
43511.16
33873.50
54017.19
64719.18
73800.58
117874.11
57126.11
78371.45
137495.09
43425.97
40996.68
66041.67
83066.53
85885.27
125513.28
146487.25
59599.25
114314.02
148905.06
64417.92
48582.66
55436.75
47407.01
59665.53
58059.09
48401.69
51781.37
114880.50
164635.94
75598.17
63228.44
74209.12
56847.08
65533.38
70996.10
49756.10
26256.69
53939.22
48793.03
52564.96
25618.29
34370.77
20407.63
30212.00
36985.96
29134.18
37503.30
36160.54
43241.31
82223.76
41626.69
21892.09
25237.89
27280.09
36151.06
27453.00
34178.57
43139.03
24277.76
12301.41
23719.64
18410.85
22696.44
23936.13
14203.49
16250.45
17857.94
25229.37
21266.47
33825.04
28868.83
31170.49
19991.54
31528.88
50972.48
33389.82
44726.64
78880.21
20349.22
29540.14
22084.05
28884.57
26416.02
31899.36
37014.67
69121.53
37030.13
44284.85
40099.80
44895.05
76538.99
57312.44
60702.67
60441.44
48704.57
62783.50
48217.54
51396.22
82717.35
56947.10
39807.36
71195.43
79500.80
126644.46
37030.49
67659.74
51052.59
68229.56
49402.01
24306.73
23866.85
41242.42
18884.32
17904.41
34343.59
34370.30
34138.13
65997.29
45777.10
54026.25
59777.90
45980.59
32612.35
44656.27
26271.13
34108.84
28579.96
22737.58
28203.47
41237.69
77616.25
25229.98
28728.15
33589.30
17424.04
23504.10
34878.68
40569.50
33234.84
71006.43
67242.67
71359.55
53312.26
38331.61
39755.74
34302.53
46287.75
33334.09
39961.86
39882.86
40215.17
39327.20
73420.37
15782.43
39064.74
79889.53
33050.44
29888.23
24279.15
22136.27
43321.52
22281.07
32318.90
47841.21
49051.85
50637.03
48638.12
73679.52
62195.64
58289.72
59828.01
76427.85
39347.21
76784.41
189669.36
154191.16
134652.95
116783.30
55128.28
54245.84
35118.80
68639.24
54292.04
89079.45
95516.10
137798.50
131316.73
90179.89
75569.94
58518.75
59036.29
53519.28
78909.01
95658.77
59901.72
104834.91
125799.54
80947.64
92828.48
95555.27
85383.58
61950.01
176113.20
114244.40
106620.01
138244.89
124831.60
237273.41
32177.66
39636.64
28779.82
51357.67
29424.28
39679.45
48489.22
40479.25
49227.19
59387.41
29966.70
71555.55
54170.24
49158.91
53154.66
35787.40
41266.11
93677.44
60588.54
109719.48
126012.67
82665.05
120229.04
108167.82
117358.17
127495.72
136066.44
58172.69
74494.28
66942.77
111282.81
102031.08
73757.30
87121.80
80112.03
77824.74
108498.61
121109.00
107119.35
111380.63
49906.13
79227.44
89535.34
65841.32
88587.25
90079.48
103847.19
134965.66
101807.24
139774.89
74872.56
121087.27
137248.41
105042.42
89529.76
104696.54
186528.62
129246.37
62062.52
97840.87
369106.31
105411.36
178260.06
136846.95
93075.82
132003.89
177778.30
99731.41
85166.03
112836.28
116396.96
100827.94
89353.34
113104.35
103788.28
108711.62
163022.34
159257.70
156693.05
147674.59
115223.08
225891.95
166834.03
161351.91
122801.40
114882.38
111998.61
106892.33
199921.78
174924.59
132864.73
120841.39
102171.25
117114.93
132093.45
124117.66
54188.34
60131.01
84319.56
114090.45
81710.48
86316.06
47827.24
97465.62
56854.94
62688.66
44173.12
56125.86
46727.86
92699.78
61966.54
55516.94
70628.37
91136.89
68958.56
73158.28
57786.04
45058.88
47553.51
83497.90
94573.14
118300.53
72822.64
115509.19
38114.55
45218.69
72886.36
52424.74
48852.49
50617.84
73964.58
57757.25
89988.46
90515.34
68244.02
95583.50
92600.80
76514.16
79788.45
59006.83
44773.00
49821.07
42250.98
55027.79
48967.91
84814.46
91154.52
111426.96
78752.08
89264.73
67935.36
59893.81
55345.59
64658.07
120728.43
54690.75
45296.98
56811.67
46429.60
55362.60
98727.51
86976.72
38442.78
56603.60
39350.34
78318.11
68349.11
116371.25
129216.83
129666.59
101158.79
79373.00
108580.54
109994.92
120804.28
97384.13
41311.83
35710.54
51907.45
33199.21
54611.91
43157.49
60398.19
78476.44
66320.50
102847.71
113780.81
100710.26
59047.89
63448.45
65910.29
59983.36
86845.56
91800.82
76953.05
94853.36
124210.19
85423.67
125979.11
253368.36
316493.12
247128.20
106312.31
97946.76
115952.39
113259.50
56065.83
61854.18
76950.18
65749.02
78921.15
74927.84
112278.30
136753.09
127131.61
55248.85
40214.42
51965.28
36574.91
61454.07
42136.40
75709.24
47506.19
104282.36
70720.49
99984.84
158540.12
57752.24
75604.04
138009.59
86679.21
133459.30
114285.63
191413.91
68408.30
64414.52
117190.65
51723.73
53083.99
45610.29
58579.94
34441.26
45195.38
42048.39
62419.31
49218.78
48179.10
53854.49
80187.83
45242.46
33861.02
47772.05
45292.96
28829.20
43693.39
41877.94
105317.51
64219.24
56288.16
84186.89
63829.97
68222.95
66129.51
102649.46
217333.05
204887.48
350897.84
81737.55
84238.30
70452.64
116466.20
195577.23
138227.30
172649.38
78720.10
209787.67
118024.34
57321.74
85413.46
79495.35
129727.95
151720.56
213288.34
145573.81
47947.24
61946.78
43134.73
69289.82
91177.33
69209.56
57170.39
55643.53
61745.77
54908.77
27528.82
34247.10
39508.68
42671.05
16233.10
30333.51
48852.30
43745.31
34523.57
25247.96
38059.13
26789.56
