16.030
15.960
15.940
15.990
16.050
16.250
16.330
15.890
15.500
15.560
15.860
15.630
15.660
15.660
15.760
15.770
15.940
15.950
16.250
16.300
15.940
15.890
15.670
15.670
15.850
15.880
15.670
15.650
15.400
15.090
15.080
14.890
15.480
15.800
16.200
16.090
16.910
16.950
16.900
17.260
17.100
17.730
17.740
18.120
17.720
17.860
17.430
17.200
17.180
17.260
18.800
19.300
19.170
18.620
18.780
18.370
18.480
18.450
18.780
19.010
19.450
19.260
19.650
18.970
18.060
18.360
18.460
18.380
18.970
19.680
18.960
19.560
18.850
18.180
17.870
17.780
17.750
17.630
17.400
17.320
17.440
17.440
17.280
17.380
17.780
18.140
18.290
18.000
18.350
17.930
17.940
18.020
18.150
18.350
18.080
18.360
18.580
18.790
18.550
18.670
17.280
16.470
16.450
16.550
16.080
15.990
16.150
16.240
16.290
16.100
16.180
16.120
15.450
15.550
15.640
15.710
15.720
15.850
15.790
15.900
15.650
15.600
15.390
15.780
16.080
16.090
16.460
16.510
15.360
15.250
14.630
14.090
14.260
14.270
14.290
14.700
14.970
15.050
14.920
14.500
14.540
14.530
15.570
16.190
16.180
16.720
17.740
16.950
15.650
15.410
15.810
15.960
16.160
16.250
16.140
16.150
16.350
16.300
16.480
15.550
14.470
14.500
14.430
14.700
14.480
13.690
13.620
13.550
13.970
14.040
14.310
14.580
14.750
14.740
13.550
13.480
13.270
12.560
12.160
11.640
11.260
11.350
11.280
11.070
11.110
11.120
11.140
11.420
11.580
11.520
11.500
11.510
11.350
11.350
11.440
11.530
11.980
11.920
12.140
11.670
12.050
11.990
12.080
12.080
12.150
12.190
12.170
12.240
12.520
12.620
12.620
12.940
12.700
12.470
12.200
12.000
11.280
11.230
11.200
11.220
10.770
10.700
10.660
10.780
10.710
10.850
10.980
11.080
10.980
10.820
10.790
10.860
10.960
10.930
10.960
11.050
11.490
11.000
11.250
11.000
10.850
10.760
10.790
10.830
11.180
10.770
10.610
10.760
11.200
10.520
10.450
10.630
10.620
10.590
10.700
10.570
10.640
10.670
10.680
10.580
10.960
11.060
11.050
11.250
11.070
11.070
11.370
11.070
10.850
10.660
10.700
10.820
10.810
10.980
10.800
10.860
10.950
11.160
11.190
11.400
11.300
12.000
11.150
11.060
11.680
11.710
11.780
11.760
11.540
11.700
11.800
12.050
11.660
11.680
11.840
12.160
12.290
12.290
12.660
12.630
12.630
12.360
12.430
12.250
12.580
12.600
12.840
12.290
12.320
12.140
12.210
12.400
12.340
12.490
12.390
12.600
13.110
12.060
11.840
11.790
11.700
11.840
11.520
11.690
11.700
11.790
12.400
11.900
11.790
11.610
10.850
10.890
10.970
11.790
11.900
11.880
12.100
11.790
11.950
12.070
11.160
10.660
11.000
11.150
10.940
10.980
10.740
11.090
10.810
11.000
11.800
12.080
12.470
12.510
12.990
11.810
10.960
11.300
11.250
11.760
11.710
12.200
11.880
12.280
12.550
12.310
13.510
13.720
13.580
13.490
13.970
14.100
13.960
14.120
14.160
14.260
14.160
14.080
13.770
13.950
13.950
13.500
13.700
13.620
14.000
14.270
14.650
14.890
14.910
14.470
14.210
15.580
16.130
15.990
16.260
16.420
16.340
15.940
16.160
16.850
16.390
16.300
16.440
16.970
16.580
17.700
16.770
16.800
15.500
14.860
15.150
14.980
14.830
15.360
15.490
15.990
15.420
15.980
15.650
14.230
13.350
13.280
12.990
13.120
12.900
13.090
12.420
12.460
12.200
12.120
12.500
12.820
12.800
13.100
13.220
13.100
12.900
13.570
12.650
12.470
13.600
12.770
12.980
13.180
12.800
14.150
13.880
12.720
12.260
12.010
10.950
11.250
12.000
13.750
14.240
14.400
14.530
15.850
15.900
16.350
16.300
16.720
16.640
16.320
15.200
15.000
15.900
15.380
15.090
14.600
15.080
15.060
14.490
16.140
17.240
17.050
17.560
18.290
17.700
17.400
16.830
16.160
17.930
19.200
18.640
17.040
16.000
14.920
14.100
14.090
15.680
17.270
17.900
17.310
16.460
15.770
15.870
15.490
16.490
17.800
17.960
18.500
19.250
19.300
19.530
19.470
20.220
21.150
21.150
19.990
20.440
19.370
18.690
18.780
20.590
21.520
22.000
21.680
20.730
19.520
19.980
19.710
18.620
18.770
18.400
19.450
19.390
19.100
18.390
18.630
20.410
22.180
22.500
22.700
22.150
24.460
23.900
22.650
21.990
22.410
23.160
24.110
22.420
21.660
22.730
21.160
20.560
19.280
19.190
19.810
18.240
18.100
18.520
19.840
19.720
17.930
16.300
15.190
15.380
15.670
15.680
15.090
15.300
14.140
14.020
13.400
13.500
13.100
13.060
13.120
13.090
13.480
14.120
14.140
14.570
14.160
14.110
13.560
12.430
12.150
12.040
12.070
12.240
12.290
12.290
11.850
11.700
11.890
12.270
11.420
11.500
12.900
13.240
13.640
13.680
13.000
13.340
12.670
12.830
12.380
12.700
13.630
13.350
13.730
13.930
13.980
14.610
13.890
14.380
13.700
14.140
14.440
14.400
14.880
14.780
13.820
13.180
13.950
15.720
14.310
13.330
12.490
12.280
11.260
10.700
9.910
9.010
8.590
7.810
7.430
7.450
7.550
7.490
7.470
7.850
7.500
7.710
7.680
7.280
6.680
6.490
6.620
6.820
6.530
6.380
6.810
6.560
6.830
7.030
7.040
6.800
6.550
6.130
5.590
5.210
5.200
4.830
4.680
4.480
4.620
4.620
4.620
4.670
4.650
4.720
4.850
4.680
4.690
4.690
4.800
4.880
4.750
4.840
4.850
4.760
4.840
4.880
4.550
4.590
4.640
4.640
4.720
4.690
4.340
4.190
4.200
4.160
4.180
4.170
4.140
4.130
4.080
4.050
4.020
4.040
4.070
4.080
4.090
4.090
4.130
4.130
4.170
4.200
4.180
4.230
4.130
3.980
3.980
3.950
4.000
4.010
4.020
4.010
4.020
3.960
3.970
3.980
3.980
3.850
3.840
3.800
3.750
3.720
3.730
3.750
3.760
3.680
3.660
3.630
3.600
3.600
3.600
