338321.00
206917.77
532888.06
194886.06
176531.92
245959.94
251559.11
248679.05
263958.12
332669.78
290451.53
226227.56
235159.78
175858.16
203194.73
199725.61
165442.42
167088.56
258403.67
271797.38
319881.09
274468.31
152062.05
360423.72
382754.62
431399.28
331584.75
411629.59
501577.38
305902.12
557615.50
373017.94
256909.62
264586.53
424070.94
254955.58
467072.91
337375.84
689667.88
173864.00
180081.48
346140.69
576964.94
333470.81
351711.06
250287.27
232587.09
276114.38
270341.12
171606.69
291303.94
289087.06
422394.59
373544.19
257069.75
342449.25
272958.81
295792.34
445291.44
434292.44
403367.19
811093.06
409054.56
547429.75
367026.31
557702.94
274799.47
478472.75
472344.62
379374.94
408592.19
360911.09
422492.31
512713.25
389989.12
333023.84
330365.28
300443.31
366114.12
283714.75
596210.06
447171.62
293380.88
272375.03
570761.88
333258.22
279202.16
222709.42
326520.69
667112.12
463454.19
556103.44
357562.94
525099.19
542635.12
830084.94
564357.50
389108.34
760567.56
819566.62
1023348.69
724579.19
326967.91
554511.94
203394.92
504058.31
311919.56
586483.62
317492.19
254751.08
467304.03
214014.05
649487.06
919766.31
349798.12
380714.38
513454.38
471459.88
784876.25
1162010.25
787165.31
395568.53
447930.59
243481.42
385747.56
666148.94
493850.69
685981.44
831085.06
1665867.50
1510244.00
314202.38
404210.34
293232.75
543117.44
764488.69
570669.19
609923.50
381101.03
220517.70
350637.09
340396.41
660914.31
1547598.00
1012272.56
561251.75
870724.56
522095.62
520840.41
393493.00
652430.25
1286715.00
484375.69
161033.27
254161.95
272181.47
342825.94
496169.62
472755.06
360410.38
216469.05
205222.47
180578.30
184316.30
165506.41
211376.16
170665.03
213820.23
189581.33
135415.95
139077.84
250159.59
558895.94
272688.06
283310.44
211336.23
260048.70
162075.62
172254.56
132148.75
131392.25
186896.22
244554.16
140294.80
183506.52
80178.25
146267.84
253114.02
112948.64
169545.95
86711.59
132267.98
207369.14
191951.72
192731.38
358062.94
174065.00
110170.31
166131.92
135991.73
178188.05
156726.92
237876.58
355170.25
456699.84
163821.67
163733.11
237130.80
148676.16
187156.06
249023.55
279880.31
214121.31
202916.14
334813.38
549700.00
296877.75
226074.84
114816.41
164700.23
152230.14
129719.14
124084.10
103749.29
123092.89
133951.95
116170.21
189588.30
284834.25
111685.54
107281.30
159620.80
119942.91
121135.42
149149.25
180941.11
178135.48
192008.59
372635.56
491313.41
254845.77
132076.12
212189.64
219805.53
233000.66
267339.62
174637.88
165720.47
172091.56
174337.19
154910.91
291303.69
117768.25
101384.43
130182.54
100364.64
186709.06
187591.02
154928.88
125601.03
242592.58
130984.01
79628.43
105351.49
246468.42
116683.89
225881.80
395317.88
133729.05
90752.11
143015.84
111169.79
149169.83
105591.26
87155.82
169518.84
288083.31
178868.30
132203.30
210406.31
172218.05
148519.02
137131.53
347541.12
327261.75
177455.27
213058.53
292455.62
374142.78
222568.70
208057.70
180849.95
204614.62
251019.56
361312.09
635918.06
275054.97
343820.38
243137.88
402957.31
858612.88
360599.50
514811.25
385975.03
484216.81
839981.81
493143.69
574413.56
466718.62
798939.75
466069.06
388355.38
336244.88
421637.75
312385.72
479554.41
883627.94
724579.00
373733.62
823523.75
397032.19
399276.91
296089.81
325179.88
731036.62
538072.44
499940.16
1374701.00
537666.12
711469.75
340791.06
654075.56
641395.25
692483.12
360778.41
398521.47
428599.66
301206.94
662326.44
755866.19
447866.97
216040.73
269561.00
368453.06
374657.88
430305.81
478187.38
752912.00
1134526.50
742456.06
481121.12
350288.50
287104.25
335344.28
468592.31
428778.59
383557.00
523498.72
474282.19
434720.25
471675.38
559736.00
748523.69
208883.00
751008.38
634336.00
477205.09
270954.91
286090.53
320485.00
555375.69
320672.81
583273.62
859847.62
509514.31
736202.69
585963.00
750805.69
693013.88
311281.69
463320.50
338832.66
345995.12
407976.53
499535.34
324940.91
733440.75
860516.00
757112.81
406605.16
609637.50
960054.31
598629.00
601614.06
462925.53
599790.00
500869.88
771190.94
888252.19
841357.88
529824.00
652138.94
709458.00
864889.31
1251690.88
1572760.75
1429507.62
1996717.88
827734.50
379823.06
720509.75
699014.12
553658.12
834416.88
649983.50
961191.81
755216.62
848057.00
1851261.88
912362.62
1078087.50
1328517.00
931738.94
868232.56
626004.69
1004244.88
592801.88
645442.38
282069.03
476414.34
490294.38
942446.81
393361.16
520700.81
663490.88
503981.41
493510.72
900312.75
1051038.88
883610.00
792155.62
528546.06
965541.25
1488080.62
859618.25
975201.62
1528994.00
1930133.75
1090782.00
1656679.88
1442693.00
1887084.62
2142388.75
2496135.75
1284013.00
1415810.50
2261354.25
3166327.00
938959.50
1175289.62
1004270.94
1036509.81
1818768.12
1922921.12
1014913.12
912176.50
1257025.25
1589531.00
1830549.62
2269079.75
2740020.25
2937942.25
4008221.25
4224818.00
4739562.50
3584231.25
4427698.50
3774575.75
5593755.00
3805058.00
5814169.00
5499399.00
2706241.25
3319699.25
4924996.00
4370654.50
8735620.00
7317804.50
7696676.50
4623618.50
4522762.50
1841774.75
2513463.75
2765634.50
2459426.00
1644632.00
1931415.50
1649630.25
1979475.12
1635388.25
1738340.88
1922690.38
2238670.50
2136471.75
1823658.00
2169965.25
3279583.75
4281630.00
3270341.25
2595341.50
1688606.38
1862213.12
2061882.75
2345159.25
3471626.00
3254067.00
2648930.00
2469290.00
2525576.75
1325534.75
1764447.50
1509256.00
1397563.50
1594221.88
2075884.38
1857253.75
1937295.25
2058433.88
1722119.88
1907764.88
2476204.50
3385530.75
2206108.00
2551611.50
3704611.50
8501683.00
6299745.00
5132499.50
4151487.50
3177062.75
2402135.75
4306028.50
5606649.50
4555759.50
2936772.00
2327948.00
2736357.75
2481620.50
3230540.25
4747081.50
3589643.00
1746139.25
2215558.25
1756797.25
2764632.00
2399742.00
2411691.75
3886914.75
1639005.62
2102545.00
2380493.50
2362363.50
2225086.00
2562080.25
2594561.00
1495044.00
1125342.38
1690437.38
780455.12
725119.31
1196905.50
688373.44
1092987.50
1131585.38
1929652.75
1467345.50
1961048.25
1652776.00
1997452.38
729689.25
1027523.62
1171981.00
785475.00
593227.44
872538.81
1106604.62
1291648.62
1484385.62
1615379.12
1688846.50
1342743.12
1413740.50
1821135.62
1671605.88
2524166.75
2327075.50
3113847.25
2491393.25
3513149.75
2475009.75
3430422.75
3274461.00
2494049.75
1608475.25
1337554.38
1956023.88
2971974.75
4257348.00
3292583.25
3892349.00
3726889.50
2834728.25
1973641.88
3148368.25
1737129.62
1389301.50
1564875.88
1910091.62
3449586.25
2780490.25
2141844.25
2748734.75
1915450.88
1136300.62
1450556.25
1566189.75
2218680.50
3754766.50
4630696.00
6602293.00
4402543.50
2420678.25
1846658.12
1878874.00
1808674.00
971441.81
883353.62
438790.91
598306.62
252247.23
208986.28
257471.30
392882.12
351869.72
437098.78
606224.44
526005.69
1431834.38
496230.84
369570.59
208945.83
274112.69
400776.12
399947.22
769940.69
381988.84
267587.22
208796.12
163392.84
170172.77
285254.72
151541.94
137231.77
151361.80
276793.56
336154.00
256405.81
219475.27
275005.22
293428.84
349944.81
262398.81
238121.33
239516.14
181663.66
267306.31
280591.53
195458.38
314332.59
231789.58
262640.88
206361.67
422059.22
298335.62
206716.88
265566.97
236480.84
204238.00
337673.50
371314.62
485594.00
301095.75
178798.81
264943.41
340416.53
149442.34
187030.80
239925.09
176498.81
260950.55
264879.72
386024.41
202808.80
193943.77
197867.84
226108.06
184165.88
203213.94
210079.81
306192.62
254006.62
197160.64
292807.94
272152.72
267386.75
1045017.25
274482.59
474986.41
250832.58
491541.03
204277.36
185118.30
133316.95
108745.48
110660.35
157141.48
151558.58
83196.13
85425.54
88844.92
158515.19
98240.88
