10.400
10.370
10.360
10.290
10.470
10.480
10.550
10.900
10.830
10.640
11.280
11.320
11.430
11.340
11.160
11.180
11.260
11.180
11.380
11.560
11.460
11.170
11.400
11.330
10.630
11.040
11.060
10.990
10.810
10.250
10.490
11.010
11.040
10.740
10.700
10.190
10.190
10.230
10.220
10.950
10.860
11.370
11.180
10.930
11.020
10.980
10.600
10.510
10.430
10.480
11.090
11.380
11.910
11.720
11.940
12.290
13.200
11.550
12.220
12.320
12.000
11.480
12.010
12.010
10.950
10.750
10.730
10.810
10.720
10.580
10.770
10.800
10.850
10.660
10.670
10.590
10.580
10.630
10.560
10.560
10.550
10.620
10.610
10.530
10.450
10.510
10.420
10.480
10.650
10.530
10.520
10.560
10.440
10.320
10.310
10.220
10.410
10.520
10.600
10.530
10.440
10.430
10.530
10.440
10.450
10.360
10.380
10.350
10.240
10.140
10.150
10.390
10.430
10.850
10.880
10.820
10.830
10.740
10.700
10.860
10.800
10.790
10.650
10.740
10.910
10.980
10.880
10.810
11.050
11.040
11.020
11.090
11.320
11.480
11.350
11.330
11.600
12.200
11.900
12.200
11.810
11.830
11.750
12.160
12.000
11.900
12.150
12.160
11.750
11.600
11.710
11.700
11.650
11.440
11.460
11.490
11.560
11.680
11.490
11.540
11.540
11.420
11.350
11.500
11.150
11.310
11.200
11.090
11.210
11.210
11.180
11.130
10.910
10.920
10.860
10.950
10.760
10.900
11.070
11.100
10.980
11.010
10.910
10.710
10.750
10.780
10.760
10.900
10.970
10.980
10.980
10.950
10.890
10.880
10.880
11.040
11.220
11.220
11.400
11.170
11.050
10.990
11.080
10.980
11.020
11.020
11.000
11.000
11.030
10.910
11.120
11.080
11.120
11.170
11.130
10.810
10.750
10.610
10.640
10.480
10.360
10.440
10.360
10.360
10.340
10.480
10.500
10.590
11.450
11.260
11.300
11.200
11.180
11.000
10.990
11.160
10.960
11.070
10.940
10.660
10.740
10.820
10.680
10.530
10.560
10.240
10.270
10.300
10.390
10.350
10.300
10.510
10.450
10.420
10.650
10.330
10.290
10.730
10.330
10.580
10.840
11.190
11.120
11.270
11.240
11.050
11.090
10.530
10.400
10.400
10.460
10.600
10.550
10.430
10.110
10.350
10.500
10.610
10.500
10.500
10.500
10.890
10.700
11.300
12.080
12.080
12.100
11.700
11.760
12.060
12.220
11.810
12.060
11.780
12.130
12.850
13.000
12.960
13.310
13.510
13.550
13.200
12.970
12.500
12.000
11.660
11.560
12.000
11.990
11.710
11.660
12.220
11.580
11.570
11.500
11.550
11.780
11.500
10.730
10.150
10.310
10.250
10.100
10.590
10.610
11.000
10.800
11.150
11.190
10.600
10.400
11.150
11.900
12.180
12.700
11.310
10.480
10.320
10.420
10.230
9.790
9.450
10.010
9.800
9.710
9.780
10.120
9.630
9.420
9.800
9.730
9.490
8.900
9.040
9.480
9.200
8.800
9.730
8.820
9.680
9.720
10.550
10.880
11.350
11.150
10.520
12.590
13.130
13.220
13.000
13.180
13.240
13.710
14.450
14.450
14.400
13.800
13.700
14.120
13.780
13.610
13.950
13.720
13.960
14.470
13.950
13.950
13.800
14.300
14.000
13.400
13.470
13.080
12.460
11.820
11.520
11.680
11.480
12.000
12.550
11.870
11.570
11.400
11.360
11.480
11.810
11.430
11.510
10.880
10.880
11.000
11.460
11.500
11.750
11.970
11.970
11.590
10.250
10.490
9.910
9.970
10.200
9.640
9.560
9.510
9.100
8.780
8.660
8.340
8.500
8.300
8.600
8.490
8.690
8.700
8.190
8.270
8.390
7.850
8.260
9.600
9.600
9.480
9.700
9.230
9.300
8.200
9.850
10.030
9.290
8.950
9.760
9.680
11.010
13.150
12.850
12.510
14.820
14.540
14.500
13.870
14.450
13.490
12.860
12.660
13.340
12.200
13.000
13.010
13.690
13.010
12.530
15.160
15.280
13.550
13.530
12.520
12.720
12.000
10.510
11.030
10.030
9.120
8.060
9.350
12.160
12.000
13.800
14.850
13.010
16.100
16.450
17.570
17.400
17.550
18.500
20.380
19.330
21.480
21.000
21.310
20.000
19.890
20.180
21.160
20.930
19.200
19.550
18.410
16.450
16.590
18.440
18.350
18.690
17.770
17.910
16.560
18.010
15.480
13.700
13.980
13.630
13.770
13.680
12.950
12.210
12.900
13.330
14.220
14.000
13.650
12.950
13.370
12.540
12.050
12.400
12.570
12.100
12.880
13.410
13.500
12.700
13.440
13.420
12.300
11.470
11.600
11.500
11.730
11.650
11.350
11.030
11.320
11.150
11.030
10.600
10.210
10.000
10.180
9.580
9.360
9.350
9.480
9.150
8.920
8.960
8.760
8.710
8.820
8.770
8.770
8.520
8.510
8.350
8.250
8.200
8.130
8.110
7.990
7.950
8.230
8.410
8.400
8.270
8.280
8.330
8.430
8.380
8.310
8.140
8.240
8.150
7.990
7.820
7.910
8.410
8.180
8.350
8.170
8.330
8.410
8.650
8.720
8.650
8.310
8.360
8.550
8.680
8.630
8.460
8.300
8.450
8.900
8.930
8.900
8.930
9.150
8.770
8.550
8.420
8.040
8.300
8.170
8.510
8.420
8.360
7.940
8.220
8.140
7.980
7.910
7.870
7.780
7.640
7.720
7.790
7.740
7.750
7.790
7.800
7.550
7.910
7.660
7.850
7.790
8.230
7.800
7.630
7.660
7.550
7.550
7.380
7.230
7.240
7.490
7.530
7.630
7.600
7.570
7.680
7.700
7.820
7.850
7.950
7.930
7.810
7.780
7.860
7.540
7.670
7.590
7.300
7.310
7.190
7.130
7.070
7.330
7.220
7.100
7.190
7.180
7.060
7.070
7.030
6.990
6.890
6.730
6.670
6.820
6.780
6.930
7.030
7.040
7.100
7.020
7.000
6.800
6.740
6.740
6.770
6.820
6.780
6.760
6.850
6.880
6.790
6.670
6.750
6.650
6.770
6.750
6.670
6.490
6.400
6.440
6.350
6.440
6.440
6.440
6.450
6.440
6.320
6.310
6.380
6.420
6.290
