12.690
12.340
12.470
12.400
12.120
12.140
12.300
12.350
12.280
12.280
12.710
12.710
12.840
12.700
12.810
12.450
12.430
12.150
12.510
12.580
12.750
12.470
12.350
12.470
11.970
12.420
12.900
12.330
12.360
12.110
13.120
13.700
13.620
13.940
13.790
13.350
13.580
13.720
13.620
14.220
14.040
14.310
14.810
15.010
14.760
14.970
14.900
14.310
14.220
14.260
14.800
14.900
15.040
14.450
14.550
14.600
15.810
15.810
16.360
15.660
17.210
17.940
17.880
17.740
17.730
17.690
18.900
20.140
20.480
20.300
21.300
20.770
20.720
20.000
20.810
20.210
20.510
20.100
20.010
20.590
21.340
19.900
19.090
18.510
18.520
17.510
18.020
17.160
17.550
17.110
17.000
17.080
16.950
18.030
18.310
18.330
17.500
17.900
16.160
15.980
16.020
15.390
16.390
14.790
15.050
16.000
14.460
14.420
13.110
11.920
10.840
9.850
