22.200
21.900
22.200
22.290
22.790
21.600
21.890
22.500
22.460
22.000
20.520
20.220
20.260
20.280
20.430
20.020
20.190
19.840
20.080
20.080
20.180
20.050
19.980
18.840
18.100
18.800
19.350
18.700
18.680
18.730
19.800
20.750
20.700
20.740
20.820
20.300
20.390
20.430
20.900
21.280
21.100
21.730
22.030
21.980
22.200
22.320
22.210
22.290
22.760
23.190
23.690
23.700
23.950
23.730
23.900
24.020
24.660
24.580
24.850
24.880
25.290
25.300
25.260
25.020
24.910
25.600
26.110
26.450
26.530
26.700
26.000
26.280
26.380
26.400
26.950
26.580
26.680
26.390
26.300
26.300
26.880
27.180
27.070
26.870
26.720
27.000
27.210
27.170
28.010
27.680
26.950
26.770
26.730
26.280
26.310
26.320
26.350
26.470
25.980
26.190
26.050
25.630
25.690
25.350
25.590
25.660
25.480
25.660
25.430
25.030
25.060
25.790
25.500
24.900
25.360
25.800
26.730
26.790
26.820
27.200
27.450
27.160
26.880
26.940
27.180
27.350
27.380
27.550
27.850
27.480
27.300
27.270
27.550
27.080
26.710
27.070
26.910
29.200
29.600
30.010
29.870
29.830
29.620
30.750
30.300
30.030
31.700
32.000
33.380
31.980
32.120
32.460
32.700
31.700
31.150
31.080
30.730
31.000
30.990
30.400
30.930
30.750
30.160
30.730
30.880
30.850
30.400
31.280
30.920
30.810
30.750
29.830
29.170
29.190
29.300
29.730
29.370
31.250
32.070
32.430
32.360
32.430
31.990
32.100
32.650
33.860
35.160
34.870
35.350
34.810
35.200
35.490
36.120
35.980
36.330
36.100
36.650
36.990
36.290
35.920
35.810
36.100
37.000
36.870
36.790
36.450
35.470
36.490
35.700
35.290
35.500
36.810
37.000
35.980
36.010
37.400
37.400
36.980
39.550
38.820
39.500
39.900
39.970
41.000
43.000
40.070
36.430
33.120
30.110
27.370
24.880
22.620
20.560
15.580
