-0.080
0.000
-0.010
0.080
-0.060
0.100
-0.110
-0.050
0.050
-0.200
-0.280
0.100
0.120
-0.010
0.010
0.100
-0.180
0.020
-0.010
-0.040
-0.130
0.180
0.040
0.260
0.200
-0.390
0.000
-0.080
0.010
0.090
-0.250
-0.390
0.040
-0.140
0.120
0.580
-0.060
0.020
0.250
-0.580
0.110
-0.740
-0.150
0.310
-0.640
0.170
0.370
-0.280
0.730
0.260
0.030
-0.460
-0.820
-0.400
-0.430
0.830
0.750
0.680
0.620
0.560
0.510
0.470
-0.170
0.040
0.070
0.010
-0.050
0.090
0.020
-0.030
-0.090
0.020
-0.110
-0.010
0.070
0.040
0.070
0.020
-0.010
0.040
-0.020
0.030
-0.030
-0.120
0.010
0.060
-0.180
-0.100
-0.300
0.260
0.070
0.290
0.080
0.050
-0.140
0.060
-0.090
0.170
0.140
0.040
0.060
-0.050
0.020
-0.020
-0.080
0.080
0.020
0.090
-0.010
0.030
0.050
-0.070
-0.030
-0.060
-0.060
0.000
0.010
-0.020
-0.040
0.000
-0.020
0.110
0.020
0.000
-0.030
0.030
0.010
-0.050
0.000
-0.050
0.020
0.080
0.080
-0.050
0.010
-0.100
0.020
-0.020
0.030
-0.050
-0.220
0.030
0.060
-0.060
-0.110
0.140
0.060
-0.010
-0.100
-0.020
0.050
0.050
-0.010
-0.060
-0.010
-0.020
-0.010
0.110
0.110
0.090
0.030
0.000
0.010
-0.050
-0.010
0.040
-0.040
0.030
-0.050
0.190
0.050
0.010
0.000
-0.030
0.060
-0.050
-0.050
0.000
-0.040
0.040
-0.040
0.010
0.030
-0.080
0.130
-0.050
-0.020
0.070
0.040
-0.030
0.000
0.020
0.010
-0.140
-0.050
0.040
0.040
0.030
0.020
-0.030
-0.050
0.020
0.020
0.040
0.010
-0.050
0.000
-0.030
-0.050
-0.060
0.060
-0.010
-0.120
0.310
0.100
-0.030
-0.050
-0.010
0.070
-0.010
0.010
0.070
0.030
-0.020
-0.040
0.110
-0.120
0.050
-0.010
0.010
0.000
-0.010
-0.010
-0.050
0.010
-0.020
0.080
0.110
-0.010
-0.070
-0.110
0.180
0.010
0.190
-0.010
-0.010
0.030
0.090
0.080
-0.050
0.010
0.030
-0.060
-0.050
0.010
-0.100
0.110
0.030
-0.410
-0.030
0.010
-0.070
-0.050
-0.110
0.310
0.230
0.050
-0.050
0.010
-0.040
-0.010
0.060
0.020
0.060
-0.090
-0.050
-0.080
-0.040
-0.110
0.160
-0.160
-0.410
-0.340
0.120
0.000
0.300
-0.020
-0.080
-0.060
0.070
-0.190
0.060
-0.260
-0.290
-0.130
0.260
0.060
0.020
0.100
0.300
-0.330
0.000
-0.060
0.310
0.000
-0.110
0.150
0.160
0.120
0.120
-0.130
0.130
-0.050
-0.340
-0.220
-0.100
-0.150
0.040
0.070
0.500
0.370
0.190
0.270
-0.530
0.170
-0.240
0.300
-0.010
0.020
0.060
0.230
0.150
-0.040
0.070
0.080
0.120
-0.250
0.080
-0.020
0.020
-0.540
0.190
0.080
-0.340
-0.140
0.200
0.070
-0.280
0.140
-0.100
0.120
-0.320
0.390
-0.890
0.450
-0.060
-0.830
-0.100
0.230
-0.020
-0.510
-0.030
-0.230
-0.320
0.420
0.130
-0.390
0.090
0.020
-0.010
0.230
-0.010
-0.180
0.000
-0.160
-0.300
-0.270
-0.160
0.490
0.870
0.200
-0.870
0.150
0.010
-0.110
0.080
0.470
0.120
0.050
-0.090
0.420
0.060
-0.200
0.010
-0.010
0.190
0.060
0.320
0.350
0.020
-0.250
-0.150
0.200
-0.210
0.030
0.130
0.310
0.270
-0.500
0.090
-0.140
0.160
0.210
-0.210
-0.050
0.390
0.120
0.270
-0.020
-0.310
0.040
-0.330
0.130
-0.360
0.190
0.280
0.210
-0.410
0.590
-0.860
0.320
-0.010
-0.240
0.260
0.190
-0.770
0.360
0.260
0.270
0.400
0.610
-0.080
-0.790
-0.870
-0.660
-0.640
0.260
-1.070
0.110
0.060
0.220
-0.460
-0.090
0.450
0.200
-0.670
0.020
0.300
0.480
0.690
-0.230
0.660
0.310
-0.930
-0.190
0.490
0.060
0.030
0.100
0.580
0.090
-0.950
-0.530
0.910
0.830
0.750
-0.830
-0.820
-0.370
-1.060
-0.670
-0.720
1.050
-0.160
-1.100
-0.250
0.420
0.200
-1.300
-0.510
0.400
-1.000
0.130
0.150
0.510
0.150
-0.400
0.550
0.620
-0.090
0.040
0.430
0.570
-0.230
-1.190
0.170
0.060
0.360
0.440
0.150
0.020
0.400
-0.350
-0.010
-0.290
-0.140
-0.090
0.190
0.240
-0.130
-0.630
-1.380
1.280
0.090
-0.270
-0.280
0.330
-0.240
0.580
0.250
0.500
-0.230
0.380
0.290
-0.750
-0.240
0.160
0.130
-0.270
-0.340
-0.070
1.160
0.260
0.140
-0.230
0.810
0.530
0.240
0.200
0.220
-0.020
0.190
0.090
-0.040
0.080
-0.080
-0.190
0.050
-0.300
-0.010
0.210
0.290
-0.230
0.160
0.010
0.190
-0.040
-0.110
0.090
-0.030
-0.240
-0.170
-0.010
-0.020
-0.270
0.330
-0.240
-0.340
-0.310
0.200
0.320
-0.050
0.210
0.550
-0.260
-0.050
0.510
-0.280
-0.350
-0.420
0.130
-0.210
-0.160
-0.320
0.400
0.430
0.240
0.060
0.090
0.570
-0.270
-0.740
0.140
-0.140
-0.300
-0.130
0.930
0.010
0.220
0.130
0.210
-0.370
0.380
-0.880
0.100
0.070
0.260
0.240
0.580
0.130
-0.050
0.100
0.460
0.200
0.000
0.310
0.030
0.190
-0.170
-0.100
0.200
-0.090
0.110
-0.140
0.020
0.010
-0.180
0.110
0.650
0.040
0.070
0.190
0.010
-0.020
-0.170
-0.130
-0.100
0.120
-0.130
-0.100
-0.020
-0.130
0.120
0.040
0.000
0.110
-0.050
0.000
0.210
-0.050
0.130
0.070
-0.140
0.090
-0.050
0.020
-0.210
-0.040
0.020
0.090
0.010
-0.070
-0.020
0.120
0.010
0.090
0.100
0.090
-0.060
0.000
-0.100
-0.150
0.060
-0.190
0.010
-0.070
0.200
0.020
-0.100
-0.010
0.070
0.110
-0.030
-0.230
-0.120
0.020
0.330
0.070
0.030
-0.200
-0.020
0.280
-0.100
0.110
0.380
0.070
-0.030
0.160
0.010
-0.050
0.130
0.080
0.020
0.020
-0.130
-0.040
