12.630
12.540
12.740
12.640
12.460
12.370
12.280
12.360
12.160
12.090
12.350
12.430
12.450
12.420
12.450
12.460
12.240
12.250
12.300
12.370
12.440
12.410
12.190
12.150
12.040
12.150
12.450
12.310
12.150
12.030
12.450
12.840
12.920
13.040
13.150
12.910
12.750
12.720
12.910
13.320
13.450
14.380
13.480
13.490
13.550
13.830
13.940
14.080
13.900
14.050
14.150
14.560
14.650
14.890
14.490
14.650
14.750
14.810
14.700
14.560
14.520
15.110
15.280
15.350
15.260
15.250
15.120
15.250
15.200
15.760
15.390
15.090
15.340
15.310
15.380
15.580
15.850
15.860
15.750
15.690
15.900
16.000
16.020
15.930
15.350
15.270
15.450
15.490
15.240
15.500
14.750
15.060
15.000
15.150
14.720
14.670
14.610
14.610
14.660
14.540
14.580
14.460
14.450
14.500
14.300
14.140
14.100
14.320
14.350
15.080
15.520
15.790
15.830
15.780
15.960
16.170
16.140
15.930
15.950
16.370
16.680
16.820
16.550
17.120
17.270
17.380
17.540
17.840
17.350
17.080
17.150
17.220
18.300
18.940
19.200
19.050
19.500
18.980
19.220
19.330
19.580
19.960
22.060
22.490
21.220
19.290
17.990
17.670
17.460
17.120
16.450
16.850
16.280
16.370
16.370
16.580
16.050
16.200
16.420
16.730
16.710
16.750
16.710
17.360
17.340
18.000
19.460
18.690
18.870
18.580
18.130
18.480
18.570
18.290
18.260
18.300
18.490
19.860
19.950
20.000
20.950
21.490
20.280
20.290
19.450
18.880
19.650
19.260
19.390
19.100
19.440
19.040
19.170
19.850
20.320
21.200
19.890
20.390
20.500
20.500
19.100
19.280
19.690
20.600
19.300
19.410
20.590
18.850
19.880
20.160
23.390
21.980
21.200
22.800
20.810
18.920
17.200
15.640
14.220
12.930
11.750
10.680
9.710
8.830
