9.760
9.200
9.330
9.370
9.420
9.190
9.060
9.120
8.910
8.920
9.070
9.080
9.070
8.960
8.900
8.850
8.870
8.890
8.930
8.910
8.980
8.900
8.850
8.900
8.620
8.850
8.790
8.700
8.560
8.510
8.960
9.290
9.220
9.270
9.440
9.550
9.260
9.380
9.490
9.590
9.450
9.640
9.760
9.770
9.970
9.980
10.030
9.880
9.900
9.720
9.900
10.000
10.020
10.010
10.120
10.080
10.190
10.210
10.370
10.210
10.390
10.450
10.390
10.250
10.250
10.550
10.690
10.670
10.620
10.840
10.830
10.800
10.940
11.010
11.250
11.070
11.130
11.160
11.050
11.100
11.180
11.210
11.210
10.900
10.950
11.060
10.950
10.910
11.050
11.100
11.420
11.480
11.280
11.110
11.360
11.180
11.410
11.310
10.960
10.740
10.750
10.700
10.630
10.470
10.830
10.870
10.900
10.860
10.880
10.730
10.790
10.760
10.520
10.620
11.150
11.530
11.480
11.660
11.600
11.960
11.940
10.640
10.620
10.700
10.840
10.790
10.850
10.270
10.450
10.120
10.000
9.890
10.000
9.970
9.900
9.800
9.660
10.260
10.120
10.300
10.250
10.090
10.090
10.360
10.210
10.300
10.260
10.420
10.250
10.290
10.440
10.610
10.230
10.440
10.600
10.620
10.480
10.530
10.460
10.550
10.380
10.290
10.430
10.390
10.380
10.680
10.650
10.500
10.600
10.500
10.630
10.890
10.320
10.180
10.170
9.930
9.900
10.050
10.020
10.030
10.000
9.840
9.620
9.580
9.490
9.550
9.420
9.570
9.500
9.560
9.500
9.660
9.740
9.600
9.640
9.940
10.200
10.030
9.960
9.900
9.860
9.810
9.830
9.870
9.940
9.810
9.800
9.700
9.900
9.870
10.280
10.120
10.270
10.190
10.170
9.830
9.870
10.180
10.140
9.860
9.920
9.900
9.800
9.650
9.650
9.620
9.710
9.800
10.520
10.750
9.950
10.180
10.180
10.100
10.010
10.080
10.300
10.180
10.250
10.170
10.490
10.630
10.820
10.410
10.620
9.690
9.630
9.630
9.580
9.260
9.080
9.150
9.150
8.620
9.120
9.090
9.090
9.270
8.980
8.200
8.710
8.850
8.380
8.380
8.310
8.260
8.320
7.910
7.890
7.900
7.850
8.000
8.030
7.880
7.690
7.740
7.900
7.960
7.830
7.830
7.750
7.930
7.980
8.380
8.590
8.480
8.510
8.300
8.280
8.380
8.400
8.330
8.430
8.280
8.450
8.990
9.080
9.100
9.170
9.140
9.150
9.230
9.040
9.060
9.480
9.400
9.220
9.230
9.350
9.030
8.800
9.190
9.260
8.710
8.580
8.870
8.900
7.570
7.350
7.410
7.540
7.330
7.140
7.440
7.500
7.710
7.700
7.870
7.960
7.310
7.100
7.620
7.710
8.460
8.060
8.310
8.310
8.170
8.400
8.400
8.010
7.600
7.410
7.380
7.310
7.450
6.830
6.530
6.930
7.260
7.520
7.600
7.450
7.580
7.800
7.620
7.450
7.710
7.330
7.710
7.610
8.080
8.150
8.700
8.650
8.400
9.390
9.640
9.540
9.250
9.410
9.400
9.260
9.460
9.500
9.280
9.280
9.000
8.910
8.980
8.630
8.900
8.950
8.980
9.050
9.000
9.180
8.890
9.010
8.960
9.110
9.930
10.140
10.020
9.860
9.920
9.900
9.740
10.010
10.190
10.000
9.800
10.140
9.910
9.950
9.750
9.700
9.540
9.140
9.300
9.450
10.000
10.070
9.670
9.820
9.990
10.250
9.010
10.030
10.230
9.530
9.020
8.580
8.900
8.800
8.580
8.420
8.440
8.260
8.250
8.690
8.850
8.900
7.690
7.820
7.480
7.590
7.670
7.120
7.270
8.500
8.210
8.390
8.310
7.950
8.010
7.260
8.470
9.090
8.800
8.400
8.450
8.540
9.800
11.250
12.250
11.300
13.700
12.010
12.050
11.520
11.810
11.600
11.200
10.800
10.500
11.580
11.240
10.600
10.400
11.000
10.330
9.970
11.200
11.850
11.590
11.950
10.900
11.050
10.430
10.190
10.980
11.750
11.200
10.040
8.910
8.260
9.840
10.930
10.830
12.450
12.800
12.020
13.030
13.610
14.500
14.270
13.460
14.620
15.400
15.150
16.090
17.080
16.300
15.850
15.600
16.000
16.440
15.460
15.400
16.100
16.160
15.100
15.030
23.160
23.000
22.400
22.110
21.800
19.220
19.060
18.170
17.700
18.230
18.400
18.160
18.450
17.880
17.330
17.470
18.300
19.370
19.460
19.680
20.000
19.440
18.360
18.330
18.770
18.420
17.700
18.810
18.850
18.400
18.660
19.130
18.850
18.510
18.910
19.950
19.470
19.310
18.690
17.620
17.920
17.790
17.700
17.400
16.320
16.700
16.200
16.530
16.150
15.100
15.050
14.620
14.680
14.850
14.950
14.700
14.500
15.020
14.900
14.800
14.760
13.950
13.740
13.500
13.770
13.850
13.530
13.520
13.220
13.190
13.100
12.930
13.380
13.740
13.760
13.480
13.260
13.270
13.150
13.300
13.400
13.100
13.230
13.150
12.980
12.400
12.500
12.670
12.600
12.540
12.250
12.390
12.390
12.710
12.840
12.400
12.280
12.170
12.450
12.960
13.120
13.050
12.880
13.320
14.490
13.500
13.520
14.020
14.400
14.000
13.900
13.980
13.610
13.020
12.900
13.350
13.190
12.950
12.780
12.910
13.110
13.010
13.020
13.020
12.940
12.700
12.610
12.670
12.740
12.800
12.780
12.850
12.580
13.160
13.100
13.380
13.400
13.770
13.630
13.360
13.150
12.960
12.890
12.750
12.480
12.660
12.800
13.010
13.120
13.000
13.130
13.520
13.500
13.770
13.650
13.850
14.000
13.900
13.800
13.630
13.570
13.730
13.460
13.380
13.670
13.670
13.420
13.380
13.880
13.540
13.450
13.400
13.650
13.530
13.410
13.350
13.230
13.070
12.850
12.610
13.040
12.850
13.300
13.590
13.590
13.640
13.020
13.100
13.010
12.900
12.920
13.130
13.240
13.020
12.880
13.200
12.930
12.860
12.560
12.880
12.520
12.590
12.380
12.230
12.050
12.250
12.370
11.930
12.000
12.100
12.480
12.690
12.400
11.800
11.940
11.930
12.200
12.160
