7.760
7.450
7.380
7.250
7.230
7.230
7.180
7.130
7.110
7.000
7.070
7.080
7.100
7.090
7.350
6.960
6.970
6.940
6.860
6.890
6.950
6.940
6.880
6.910
6.800
6.760
6.860
6.790
6.770
6.630
6.760
6.990
6.870
6.870
6.930
6.920
6.830
6.820
6.840
7.120
7.120
7.230
7.270
7.400
7.510
7.480
7.390
7.370
7.400
7.380
7.550
7.660
7.680
7.840
8.100
8.190
8.270
8.240
8.370
8.220
8.220
8.180
8.090
8.140
7.880
7.850
7.970
7.980
8.010
7.960
8.020
8.100
8.110
8.120
8.200
8.220
8.150
8.220
8.120
8.100
8.280
8.240
8.250
8.290
8.390
8.520
8.390
8.350
8.410
8.460
8.690
8.490
8.460
8.270
8.280
8.520
8.190
8.250
8.410
7.940
7.850
7.810
7.810
7.760
7.850
7.840
7.670
7.640
7.680
7.520
7.550
7.480
7.380
7.660
7.910
7.970
8.170
7.950
7.860
7.820
7.850
7.820
7.740
7.700
7.720
7.710
7.730
7.730
7.870
7.870
7.890
7.890
7.880
7.840
7.890
7.850
7.890
8.270
8.270
8.340
8.280
8.270
8.240
8.380
8.390
8.450
8.640
8.850
8.630
8.780
8.630
8.690
8.650
8.650
8.680
8.670
9.030
9.080
9.200
8.450
8.200
8.210
8.190
8.100
8.080
8.140
8.050
8.070
7.990
8.030
8.120
8.050
7.960
7.930
7.920
8.140
7.810
7.800
7.770
7.800
7.810
7.820
7.810
7.740
7.750
7.810
7.780
7.900
8.010
8.040
8.050
8.060
7.910
7.850
7.810
7.970
8.140
8.140
8.360
8.050
8.060
7.880
7.940
7.930
7.950
7.940
7.940
7.960
8.070
8.050
8.130
8.150
8.220
8.230
8.280
8.260
8.150
8.050
8.180
7.950
7.900
7.850
7.870
7.910
7.950
7.840
7.920
7.960
8.720
8.690
8.660
8.880
8.960
8.820
8.870
8.900
9.020
9.050
9.300
9.130
9.090
8.910
9.350
8.830
8.690
8.730
8.250
8.180
8.250
8.040
8.030
8.050
8.070
8.060
8.150
8.190
8.440
8.270
8.230
7.970
8.320
8.440
8.670
8.650
8.620
8.950
9.030
8.390
8.120
8.450
8.700
8.890
8.470
8.270
8.270
7.600
7.480
7.850
7.720
7.640
7.150
7.220
7.200
7.460
7.900
7.830
7.870
7.930
7.680
7.610
7.870
7.660
7.680
7.540
7.880
7.950
7.900
7.900
8.040
8.060
8.350
7.750
7.760
7.580
7.890
7.900
7.960
7.870
8.050
7.630
7.540
7.700
7.610
7.700
8.050
7.880
7.950
7.950
7.360
7.390
7.380
7.530
7.310
7.450
7.620
8.080
8.100
7.940
7.920
7.610
6.950
7.020
7.100
7.320
7.310
7.480
7.270
7.010
7.490
6.900
6.950
6.860
6.820
6.890
6.450
6.370
6.390
6.500
6.550
6.760
7.040
7.100
7.060
7.260
7.400
7.410
7.300
7.630
7.940
7.950
7.770
7.480
7.740
7.820
8.050
7.630
8.310
8.480
8.530
8.450
8.540
8.620
8.460
8.530
8.660
8.480
8.350
8.440
8.390
8.280
8.220
8.000
7.960
8.020
8.180
8.340
8.270
8.300
8.250
8.150
8.290
8.810
9.160
8.850
8.660
8.930
8.870
8.540
8.590
8.650
8.450
8.730
8.870
8.800
8.970
8.570
8.530
8.480
8.150
7.820
7.880
8.070
8.110
8.130
8.420
8.020
7.840
7.680
8.050
7.990
8.170
7.920
7.840
8.070
7.800
8.050
7.700
7.130
6.930
6.960
7.050
7.240
7.190
7.220
7.460
7.260
7.090
7.270
7.170
7.110
7.690
7.760
7.740
7.810
7.560
7.530
7.800
7.860
7.810
7.640
7.090
7.680
7.640
8.770
9.970
10.140
9.280
10.300
10.210
10.220
10.250
9.930
10.200
9.960
9.540
9.380
9.740
9.770
9.430
9.080
9.450
9.360
9.080
9.820
10.410
10.050
9.780
9.980
9.630
9.570
9.100
9.350
10.490
9.960
9.050
8.230
7.680
8.620
9.630
10.150
10.990
11.900
11.800
12.200
12.980
14.150
14.100
13.570
14.680
15.580
15.390
16.270
17.000
16.490
16.310
16.760
16.940
16.980
17.330
16.180
15.240
15.270
14.830
14.380
15.950
15.990
15.510
15.080
14.530
14.000
14.240
14.100
13.880
15.160
14.970
14.990
14.750
14.800
14.480
14.280
14.720
15.170
15.590
16.370
14.880
14.430
14.830
15.090
13.720
12.680
11.980
12.180
11.820
11.450
11.580
11.830
11.890
11.680
11.830
12.190
12.250
12.180
11.800
11.570
11.760
11.400
11.270
11.190
11.080
11.390
11.400
11.080
11.510
11.150
10.970
10.740
10.680
10.450
10.590
10.720
10.630
11.100
10.920
10.760
11.110
10.590
10.280
10.380
9.640
9.660
9.450
9.550
9.340
9.380
9.350
9.290
9.400
10.000
9.870
9.660
9.650
9.890
9.790
9.950
10.390
9.930
10.110
10.000
9.430
9.060
9.440
9.690
9.480
9.480
9.670
9.700
10.160
10.230
10.560
10.490
10.310
9.430
9.580
9.720
9.540
9.380
9.680
10.330
10.400
9.980
9.990
10.080
9.970
9.840
10.170
9.910
9.780
10.440
10.140
10.550
10.590
10.500
9.840
9.770
9.560
9.610
10.150
9.720
8.880
8.630
8.630
8.630
8.700
8.460
8.410
8.500
8.130
8.260
8.160
8.270
8.250
8.360
8.380
8.240
8.190
8.090
8.050
7.940
7.770
7.790
7.940
8.010
8.140
8.250
8.140
8.200
8.280
8.490
8.530
8.650
8.660
8.660
8.710
8.620
8.780
8.590
8.470
8.300
8.410
8.480
8.390
8.360
8.560
8.480
8.460
8.560
8.560
8.740
8.810
8.640
8.720
8.550
8.460
8.580
8.200
8.190
8.300
8.530
8.570
8.680
8.720
8.720
8.810
8.780
8.900
8.980
8.920
8.920
8.890
9.080
9.240
8.780
8.690
8.780
8.920
8.680
8.900
8.940
8.500
7.790
7.980
7.850
7.820
7.820
7.900
7.420
7.470
7.490
7.390
7.300
7.360
7.240
