-0.030
-0.020
0.050
0.030
-0.030
0.070
-0.170
0.090
0.110
-0.020
-0.030
-0.030
-0.040
0.010
0.040
0.070
-0.020
0.090
-0.060
-0.020
0.060
0.070
0.010
-0.020
0.030
0.030
0.110
0.010
0.040
-0.060
-0.060
-0.220
-0.040
-0.120
-0.020
0.050
0.000
-0.040
0.120
-0.130
-0.050
0.100
0.000
0.000
0.000
0.030
0.000
0.000
-0.040
-0.160
-0.040
0.050
0.000
-0.030
-0.150
0.060
-0.120
0.000
0.010
-0.030
-0.030
0.110
0.000
0.130
-0.030
-0.110
-0.080
0.020
-0.010
-0.030
0.080
-0.180
-0.010
-0.030
-0.050
0.070
0.000
-0.020
0.040
-0.040
-0.150
-0.070
-0.040
0.040
-0.030
0.000
-0.010
0.040
-0.110
0.080
-0.010
0.000
0.050
0.090
-0.100
0.110
-0.070
-0.080
0.050
0.000
-0.020
0.060
0.110
0.080
-0.010
0.000
0.030
-0.040
-0.020
0.080
-0.180
-0.010
-0.040
0.170
-0.010
-0.140
-0.110
0.030
0.100
0.010
-0.030
0.060
0.040
0.080
-0.110
-0.040
-0.050
0.050
-0.040
0.010
0.020
-0.020
-0.120
-0.020
0.040
-0.040
-0.110
-0.220
-0.010
-0.110
0.070
0.020
-0.040
-0.140
-0.010
-0.070
-0.090
-0.030
0.070
-0.050
-0.100
0.140
0.040
-0.080
-0.100
0.050
0.090
0.100
-0.060
0.130
-0.270
0.110
0.070
0.090
0.110
-0.160
0.150
0.020
-0.060
-0.100
0.100
0.020
0.200
-0.060
-0.030
0.050
0.140
-0.110
-0.070
-0.060
-0.020
-0.010
0.180
0.000
-0.010
0.040
0.070
-0.180
-0.070
-0.010
0.100
-0.110
0.030
-0.030
0.020
-0.200
-0.140
0.000
-0.090
0.190
-0.020
0.260
-0.150
0.240
0.020
-0.030
0.030
-0.040
-0.220
-0.040
0.220
-0.040
0.140
0.120
0.010
0.320
0.130
-0.230
-0.070
0.060
0.200
-0.020
0.000
0.000
0.060
-0.050
-0.210
0.080
-0.410
0.090
0.240
-0.050
-0.060
-0.050
0.030
-0.120
-0.020
0.060
0.240
0.120
0.120
-0.060
-0.080
0.070
0.070
0.190
-0.010
0.030
-0.020
0.110
0.230
-0.170
-0.110
0.090
-0.030
0.100
0.050
-0.130
0.300
-0.110
-0.610
-0.100
0.040
-0.080
0.150
0.020
-0.070
0.430
-0.040
0.010
0.000
-0.030
-0.180
0.060
0.070
0.030
-0.230
-0.160
0.190
-0.060
0.270
0.130
-0.040
-0.220
-0.450
0.150
-0.010
0.410
0.020
-0.170
-0.110
0.120
-0.240
0.030
-0.300
-0.520
0.060
-0.280
-0.140
0.350
0.170
-0.130
0.330
-0.130
-0.350
0.110
0.330
-0.050
-0.020
0.450
-0.350
-0.200
0.180
-0.330
-0.030
0.080
0.280
0.300
0.360
-0.050
-0.120
0.410
-0.080
-0.310
-0.120
0.010
0.080
-0.140
0.190
0.550
0.220
-0.580
-0.080
-1.210
0.090
-0.280
0.200
0.160
-0.290
0.090
0.670
0.270
-0.190
0.210
0.110
0.360
0.000
0.470
-0.500
-0.440
-1.240
0.240
0.170
-0.460
-0.230
0.420
0.170
-0.650
0.370
-0.340
0.380
-0.840
0.110
-1.230
0.180
-0.370
-1.450
-0.510
0.130
0.100
-0.430
0.180
0.090
-0.610
0.060
-0.110
-0.380
0.210
-0.030
0.170
0.450
-0.070
-0.010
0.590
-0.700
0.170
-0.030
0.780
-0.040
-0.230
0.500
-1.250
-0.840
0.530
0.140
-0.090
0.720
1.510
-0.320
-0.530
0.380
-0.660
-0.320
1.510
-0.020
-0.010
0.430
0.020
0.690
-0.250
-0.510
0.410
0.320
-0.710
0.260
-0.120
0.380
0.530
-1.310
0.000
0.380
0.080
0.510
-0.250
-0.100
0.480
1.010
0.610
0.180
-0.380
0.300
-0.710
0.350
-0.410
0.020
0.360
0.200
-0.500
1.150
-0.980
-0.850
-0.180
-0.070
0.360
0.450
-0.430
0.290
-0.110
-0.200
0.710
1.050
0.300
-1.180
-1.400
-1.510
0.920
0.100
-1.610
0.890
-0.010
0.340
-0.340
0.030
0.730
0.660
-0.230
-0.470
1.170
-0.910
0.350
-0.370
1.230
-0.600
-1.510
-0.540
0.600
0.320
-0.070
0.220
1.010
1.180
0.200
1.140
1.030
-1.110
-1.270
0.210
-1.390
-1.540
-1.690
0.850
-1.810
-2.010
-1.870
0.580
-0.350
-2.090
-0.430
2.210
-2.110
-0.480
2.240
0.150
1.030
-0.720
1.400
0.400
-0.580
-0.500
0.730
0.930
0.090
-2.170
-0.710
0.340
-0.070
0.610
1.960
1.020
1.160
0.040
-0.520
-0.140
0.580
0.210
0.520
0.530
0.120
-0.260
-0.840
-0.140
-0.110
0.170
-0.860
-0.010
-0.260
0.440
0.750
1.030
-0.320
0.070
1.020
-0.780
0.110
-0.040
1.360
-0.280
-0.480
0.030
0.410
0.080
0.520
0.000
0.090
0.020
-0.630
0.020
-0.240
0.630
0.050
-0.090
0.410
-0.110
0.120
0.670
0.000
0.310
-0.050
0.510
-0.640
0.170
1.200
-0.310
0.130
0.210
0.010
-0.010
-0.180
0.490
0.170
0.270
-0.020
0.120
-0.440
-0.200
0.330
-0.210
0.170
-0.300
-0.140
-0.370
0.500
-0.220
0.320
-0.280
0.110
0.230
0.500
-0.760
0.220
0.050
-0.210
0.390
0.400
-0.140
-0.260
0.190
0.270
0.190
0.060
-0.680
-0.290
-0.010
0.160
0.180
-0.220
-0.140
-0.310
-0.050
-0.410
0.120
-0.050
0.000
0.660
1.070
0.060
0.230
-0.060
0.070
-0.630
0.080
-0.070
0.060
-0.100
-0.060
-0.100
-0.090
0.390
0.050
0.360
-0.120
0.050
-0.100
-0.390
0.100
0.160
0.990
-0.090
0.280
0.240
0.080
-0.070
0.000
0.010
0.090
0.020
0.020
-0.040
0.100
0.120
-0.210
0.240
-0.050
-0.010
0.300
0.050
0.030
-0.140
0.100
0.010
-0.040
-0.080
-0.110
0.010
0.020
0.290
-0.040
-0.280
0.040
