10.710
10.650
10.680
10.500
10.450
10.550
10.460
10.410
10.280
10.200
10.390
10.550
10.610
10.500
10.630
10.470
10.460
10.360
10.400
10.470
10.530
10.390
10.310
10.300
10.140
10.200
10.660
10.570
10.420
10.350
10.410
11.010
11.150
11.010
11.170
10.780
10.670
10.720
10.600
11.060
10.860
10.820
10.410
10.560
10.570
10.610
10.690
10.470
10.450
10.410
10.300
11.300
11.280
11.450
11.950
11.730
11.890
11.880
11.800
11.470
11.470
11.680
11.660
11.520
11.410
11.350
11.640
11.750
11.820
11.770
11.740
11.910
12.170
12.300
12.270
12.490
12.430
12.280
12.080
12.260
12.200
12.310
12.280
12.240
12.240
12.440
12.590
12.580
12.620
12.660
12.710
12.490
12.270
12.000
11.920
11.880
11.930
12.040
11.960
11.580
11.540
11.420
11.410
11.350
11.260
11.520
11.360
11.460
11.320
11.220
11.260
11.500
11.350
11.370
11.950
12.190
12.390
12.230
12.130
12.160
12.220
12.150
12.150
12.110
11.840
11.930
11.890
11.680
11.850
11.910
11.960
11.850
11.910
11.710
11.650
11.650
11.730
11.860
12.320
12.500
12.370
12.250
12.000
12.120
12.230
12.270
12.760
12.950
12.540
13.110
13.250
13.070
12.830
12.860
13.050
13.070
13.320
13.720
12.710
12.460
11.850
11.690
11.500
11.520
11.550
11.620
11.650
11.630
11.650
11.640
11.830
11.650
11.370
11.360
11.360
11.380
11.250
11.280
11.250
11.270
11.230
11.290
11.130
11.090
11.100
11.110
11.060
11.290
11.150
11.200
11.090
11.070
11.060
11.050
11.100
11.110
11.450
11.440
11.410
11.280
11.280
11.270
11.310
11.260
11.330
11.300
11.340
11.290
11.500
11.410
11.430
11.470
11.620
11.650
11.660
11.460
11.210
11.230
11.430
11.500
11.350
11.280
11.230
11.180
11.190
11.000
11.060
11.040
11.100
11.620
11.570
11.610
11.820
11.820
11.790
11.810
12.030
12.000
12.150
11.620
11.790
11.820
11.720
11.510
11.500
11.200
11.150
11.140
11.180
11.100
10.700
10.520
11.010
11.000
10.940
11.000
11.290
10.660
10.570
10.550
10.670
10.930
11.080
11.060
11.040
11.000
10.960
10.590
10.530
10.600
10.510
10.710
10.700
10.700
10.580
10.730
10.680
11.250
10.890
11.030
10.800
10.980
10.900
10.880
11.500
11.990
11.910
12.050
11.920
11.710
11.810
11.850
11.700
11.900
12.780
11.800
12.390
12.230
12.480
12.330
12.820
12.030
11.780
11.520
11.970
12.160
12.010
12.060
12.180
11.880
11.740
12.020
12.150
12.150
12.410
12.620
12.230
12.100
11.560
11.420
11.600
11.600
11.520
12.090
12.910
13.380
12.020
10.880
11.010
10.390
9.980
9.820
10.310
10.470
11.350
11.560
11.600
11.250
11.310
11.320
11.260
11.050
11.600
10.100
10.010
9.910
9.820
9.730
9.750
9.920
10.210
11.210
11.020
10.950
11.320
11.040
10.850
11.040
11.370
11.750
11.740
11.760
11.900
12.120
12.830
12.300
12.710
13.950
14.020
13.790
13.840
14.000
13.860
14.210
14.340
13.920
13.870
13.880
13.760
13.610
12.800
13.730
13.780
14.010
14.610
14.550
14.370
14.050
14.020
13.710
14.380
15.730
15.600
15.260
15.260
15.470
15.260
15.170
15.380
15.030
15.390
15.780
15.810
15.730
15.410
15.100
15.000
14.510
13.960
13.800
14.060
14.030
14.060
13.450
13.860
13.610
13.270
13.340
14.330
14.310
14.280
14.010
14.220
14.000
14.120
13.060
12.900
12.380
12.230
12.310
12.460
12.810
12.710
12.900
12.300
12.500
12.610
11.700
11.890
13.100
14.410
14.640
13.950
13.420
13.400
13.100
13.000
13.400
13.110
12.110
12.000
12.440
13.820
15.300
16.300
15.610
16.440
17.620
18.110
17.180
17.580
18.080
17.630
17.410
16.680
17.350
17.360
15.610
15.160
15.630
14.990
14.230
15.780
17.450
17.390
17.070
16.360
16.660
16.420
14.680
15.950
17.510
17.010
15.910
14.310
13.870
12.620
12.440
13.820
15.180
16.660
15.370
17.060
18.950
20.550
21.010
19.380
21.350
23.700
24.080
26.000
26.730
27.580
27.000
26.500
26.600
26.950
26.600
26.510
27.440
27.000
26.030
26.970
28.900
28.200
25.400
25.400
23.090
19.080
18.170
18.170
17.710
17.460
17.300
16.850
16.750
16.920
16.830
16.930
16.720
16.610
16.390
16.110
15.910
15.720
15.550
15.560
16.020
16.020
16.170
16.190
16.150
16.100
16.040
15.910
15.540
15.560
15.600
15.610
15.410
15.250
15.150
15.100
15.210
15.220
15.600
15.870
15.900
15.830
15.790
15.770
16.000
16.270
16.220
16.410
16.460
16.250
15.540
15.310
15.580
15.200
15.200
15.200
15.200
15.890
15.940
16.320
15.750
15.800
15.730
16.200
15.860
16.200
16.000
16.810
15.400
15.150
16.410
17.830
18.420
18.640
19.560
19.820
18.020
16.380
12.410
