4.850
4.820
4.840
4.790
4.750
4.700
4.740
4.720
4.690
4.730
4.820
4.820
4.820
4.760
4.800
4.720
4.740
4.660
4.730
4.800
4.840
4.750
4.680
4.620
4.540
4.650
4.720
4.620
4.620
4.650
4.880
4.950
4.910
4.960
4.900
4.910
4.930
5.070
5.210
5.400
5.370
5.490
5.550
5.460
5.500
5.520
5.860
5.970
5.950
5.960
6.130
6.140
6.150
6.370
6.510
6.620
6.790
6.470
6.620
6.670
6.650
6.480
6.530
6.390
6.300
6.380
6.450
6.480
6.510
6.490
6.540
6.620
6.650
6.630
6.700
6.660
6.660
6.740
6.650
6.660
6.670
6.710
6.700
6.610
6.650
6.700
6.700
6.710
6.740
6.700
6.760
6.740
6.750
6.770
6.820
6.820
6.890
6.930
6.960
6.800
6.830
6.880
6.940
6.910
6.960
6.930
6.960
6.930
6.750
6.690
6.750
6.800
6.860
7.050
7.020
7.090
7.050
7.080
7.100
7.180
7.140
7.140
7.120
6.940
6.780
6.790
6.840
6.770
6.820
6.810
6.870
6.920
6.890
6.810
6.750
6.810
6.840
7.190
7.320
7.390
7.310
7.300
7.250
7.520
7.450
7.590
7.770
7.730
7.790
8.000
8.220
7.800
7.970
7.460
7.480
7.500
7.610
7.190
7.160
7.120
7.240
7.240
7.250
7.340
7.260
7.350
7.320
7.120
7.240
7.350
7.230
7.190
7.120
7.130
7.120
7.160
7.080
7.140
7.120
7.160
7.100
7.120
7.010
6.970
6.960
6.980
6.940
7.080
7.090
7.090
7.080
7.040
6.960
7.010
7.060
7.100
7.280
7.250
7.310
7.150
7.170
7.220
7.430
7.420
7.450
7.420
7.460
7.400
7.480
7.460
7.660
7.800
7.620
7.750
7.510
7.340
7.210
7.480
7.470
7.470
7.200
7.290
7.200
7.180
7.050
7.180
7.280
7.230
7.770
7.880
7.720
7.430
7.400
7.400
7.420
7.500
7.590
7.650
7.530
7.410
7.480
7.570
7.640
7.620
7.620
7.530
7.670
7.710
8.000
7.910
7.450
7.750
7.420
7.250
6.670
6.500
6.540
6.410
6.190
6.280
6.380
6.540
6.590
6.480
6.460
6.470
6.500
6.280
6.210
6.180
6.230
6.290
6.360
6.270
6.270
6.260
6.450
6.500
6.390
6.510
6.280
6.550
6.490
6.660
7.000
6.940
6.800
6.590
6.570
6.680
6.800
6.630
6.560
6.520
6.600
6.970
6.920
6.910
7.050
6.960
6.870
6.850
6.770
6.780
6.950
6.940
6.940
6.840
6.950
6.410
6.500
6.600
6.590
6.660
6.660
6.710
6.650
6.390
6.230
6.350
6.400
6.340
6.210
6.420
6.210
6.370
6.210
6.330
6.520
6.140
6.090
6.230
6.300
6.930
6.920
7.150
6.880
6.850
6.870
6.880
6.600
6.400
6.850
6.890
6.810
6.680
6.820
6.520
6.600
6.300
6.810
7.020
6.250
6.210
6.210
6.050
5.780
6.080
5.850
6.300
6.300
6.890
7.090
7.300
7.390
7.000
8.210
8.410
8.280
8.230
8.480
8.440
8.600
8.700
8.810
8.500
8.590
8.060
8.050
8.080
7.800
7.960
7.990
8.000
8.320
8.300
8.330
8.260
8.330
8.200
8.210
9.010
9.380
9.180
9.150
9.350
9.220
8.910
9.220
9.430
9.010
9.580
8.810
8.830
8.750
8.750
8.750
8.700
8.600
8.100
7.840
7.910
7.910
8.230
8.450
8.350
7.900
7.670
8.180
7.890
7.910
7.840
7.500
7.840
7.900
7.520
7.200
7.490
6.320
6.220
6.530
13.950
14.400
13.680
13.000
11.890
11.810
11.600
10.620
11.450
13.200
12.900
12.880
12.680
11.790
12.400
11.220
13.330
14.990
14.300
14.290
15.920
17.640
20.550
21.720
22.300
21.090
22.650
22.800
23.000
22.080
22.020
21.290
20.250
19.700
19.510
20.000
19.050
19.990
19.850
20.050
19.180
19.310
22.150
23.330
23.310
22.010
20.030
20.380
19.820
18.490
20.000
19.500
18.690
18.900
20.200
18.650
23.680
24.300
25.800
25.350
25.000
27.000
29.800
28.800
29.980
28.810
26.200
25.200
24.100
23.980
22.460
22.600
22.690
23.290
23.230
22.200
21.750
23.900
24.990
25.040
24.000
24.000
22.620
21.970
21.000
20.550
20.950
20.500
20.400
19.990
18.650
18.190
18.200
18.670
19.940
19.910
19.800
19.600
20.500
21.210
20.790
19.500
18.350
17.350
18.300
18.810
18.280
19.320
19.680
19.500
19.000
17.830
18.220
18.190
18.300
17.400
17.320
17.100
16.680
15.920
15.500
15.640
16.380
16.250
15.680
15.260
15.300
14.540
14.200
13.760
13.840
14.380
14.090
13.900
14.800
14.440
14.460
14.180
13.650
12.900
12.850
12.410
12.500
12.180
11.790
11.490
11.450
11.700
11.560
11.770
12.150
12.140
12.160
12.500
13.150
12.900
12.470
12.700
12.500
12.770
12.140
11.930
11.310
11.720
11.780
11.600
11.470
11.000
10.810
10.800
11.000
11.390
11.240
11.290
11.500
11.820
11.300
11.390
11.150
10.630
10.680
11.220
11.680
11.560
11.900
12.160
11.780
11.870
11.600
11.160
12.160
11.780
12.800
12.890
13.890
12.910
13.400
12.090
12.050
11.590
12.150
12.340
12.430
12.100
11.670
11.440
11.650
11.710
11.230
11.420
11.230
9.990
9.630
9.740
10.000
9.830
9.620
10.040
10.340
10.280
10.350
10.530
10.810
10.750
10.490
10.500
10.570
10.990
10.480
10.140
9.650
9.870
9.520
9.410
9.600
9.790
9.720
9.650
9.700
9.800
9.750
9.300
9.100
8.530
8.500
8.260
8.080
7.940
8.000
8.140
8.320
8.220
8.070
8.090
8.170
8.160
8.060
8.000
7.840
7.810
7.590
7.570
7.650
7.690
7.640
7.550
7.600
7.610
7.490
7.480
7.350
7.220
7.210
7.340
7.220
7.280
7.230
7.390
7.360
7.400
7.350
7.280
7.260
7.210
7.170
