223434.44
83116.74
88958.77
74823.67
66578.39
21777.00
32409.32
33073.92
35386.56
46844.35
47948.97
41505.18
88367.02
40569.91
63388.53
72691.18
118886.86
58310.21
21525.88
18509.60
24720.39
35331.90
14396.49
18952.09
25054.31
31456.14
16297.64
15032.18
26507.69
23143.86
32185.15
29341.59
13780.23
19949.38
35027.34
38484.83
24941.71
43627.55
48142.51
27219.34
22821.02
32651.04
18451.45
18688.36
19959.29
19881.67
22518.68
32159.32
23457.05
18101.93
28321.66
21003.90
24006.43
40461.35
25537.16
37124.73
39849.23
20979.22
19900.76
27711.37
32823.99
37020.37
26460.05
45155.97
26295.43
53138.77
62886.76
30955.33
39500.44
32329.64
52845.15
39830.99
26596.58
35807.85
49509.51
38610.73
36393.56
69616.76
80320.87
59698.31
31032.70
39839.75
51078.21
74088.35
102691.01
44335.23
27120.33
24758.39
35883.22
28720.61
45140.91
55618.35
34632.61
42218.50
25114.07
28108.00
36976.50
31486.12
36668.69
36514.89
73423.58
25102.54
25661.52
19542.91
16677.03
20742.98
27463.04
38139.61
41565.72
41385.10
37813.36
36420.84
49556.99
80372.01
42596.91
21703.89
26669.32
28438.02
28917.91
35860.24
43342.20
81922.50
21047.77
20331.55
19226.00
21222.74
29512.70
36038.09
25140.82
28797.18
26811.30
32838.13
23436.01
30222.02
48400.54
53558.59
60039.36
122520.99
49867.30
51982.00
41965.88
52642.28
52180.69
74264.68
57722.97
64595.78
116066.60
115705.05
163839.98
189318.45
127005.43
153498.30
77812.04
74573.81
51890.40
74522.95
53765.68
76037.23
64499.66
68651.62
97935.47
47243.37
67033.18
59810.63
119682.13
54155.51
70333.05
75341.50
139201.97
59900.14
94991.88
110371.44
98705.99
147316.41
136700.95
165803.56
264562.59
298558.06
35832.80
40086.32
49324.82
51697.07
53021.61
24857.59
33121.54
39067.83
56865.70
57486.59
70838.88
37685.91
38833.20
36223.36
30810.86
44183.47
44382.73
66952.64
57544.95
45431.26
64188.41
80092.36
68151.52
135025.06
47938.01
45660.65
55375.94
98035.16
128615.93
133469.22
117435.40
109150.98
147638.55
66723.89
62790.73
74920.27
127138.92
96296.39
66281.87
81230.27
103830.67
80828.00
56773.65
77878.35
116480.37
83796.96
108980.47
98228.43
110351.09
144553.02
196712.31
106763.77
137950.44
186047.45
178225.81
260475.39
139548.62
232301.64
241552.77
248594.11
142707.30
196214.48
368148.59
236431.72
182244.31
143155.48
146421.64
99615.52
107481.81
206451.27
209715.16
276310.75
203519.34
219507.44
307977.81
307388.31
241203.48
291858.44
330362.94
283776.88
229308.97
153211.84
233354.36
358305.91
216146.34
229897.19
210169.72
177158.12
234141.62
194792.08
63158.98
83675.07
101280.79
82066.75
124579.07
144605.86
131274.47
136368.89
136364.62
214258.73
129101.09
122531.45
106631.64
62053.17
82793.78
118951.61
121226.03
98431.15
164711.61
122679.65
126005.19
98228.04
60364.11
29494.57
37632.05
45131.56
57991.48
89167.94
41692.49
48093.53
46980.77
54482.58
68092.48
81757.41
106319.80
84426.42
131705.02
61459.60
83231.44
45970.03
64534.39
64693.81
53523.03
81590.98
47601.17
96219.70
87639.19
127102.94
118333.13
115747.21
94141.45
70607.71
106400.66
65688.25
56572.18
58153.89
81205.24
127662.34
73767.10
97301.64
157476.52
130061.26
128676.87
150307.09
156084.73
194800.22
42072.62
52920.08
65503.22
40980.54
59936.64
53577.64
45322.36
26639.16
45834.50
61734.74
49334.75
36130.08
44623.39
52128.90
56411.97
57805.93
55959.27
50253.80
66636.99
92863.37
108559.94
103090.65
67979.93
86759.83
91725.29
80256.03
87952.48
80865.70
91298.81
21881.59
85775.37
97171.53
77148.36
104086.96
116581.30
192605.66
194339.56
118477.47
93934.99
113446.44
104952.86
128372.59
228310.88
195727.27
165101.81
164446.98
169996.27
286377.28
179435.70
188679.09
61506.01
95080.59
61543.04
67732.99
75821.69
55296.81
52025.97
59305.65
66551.19
51802.43
29729.15
39723.97
52393.48
42377.31
52052.23
51268.79
90287.86
103694.18
80516.22
88302.00
113696.27
104889.34
142260.59
126853.50
115871.16
74815.73
32610.44
35861.63
52529.73
36404.58
42980.07
40487.25
41080.26
64361.24
51803.08
59388.36
57911.44
56976.69
52027.23
45284.68
61834.70
42072.85
40450.83
24902.50
33238.99
41407.68
67590.77
78594.57
130598.93
71125.76
45004.92
31140.57
61048.72
52293.34
52326.13
68105.77
69447.50
57850.60
92111.15
71598.09
33699.90
53460.80
51875.01
65067.17
105119.31
121216.52
128847.95
74285.91
26235.10
66328.73
76187.40
79617.35
86885.48
86259.56
116917.59
94459.96
135619.39
168864.72
177993.19
231127.66
305040.47
232343.83
221616.94
225763.16
182245.28
134134.02
71563.22
90111.39
138975.83
156353.45
104029.68
68591.31
83352.64
59505.47
63666.71
69547.30
65268.02
130145.39
83905.02
36379.78
69485.31
16822.00
45740.61
116925.09
77200.85
76421.15
106071.80
113985.83
71882.87
73149.24
131867.45
145390.11
128281.94
139555.22
289451.03
2723.10
1288.08
728.00
451.75
461.00
384.00
111.00
166.00
138.00
142.00
121.00
62.00
51.00
182.00
