17.640
17.640
17.850
17.800
17.700
17.850
18.080
18.050
17.650
17.860
18.050
18.180
18.250
18.260
18.350
18.400
18.200
18.280
18.180
18.240
18.360
17.950
17.620
17.640
17.280
17.450
17.990
17.530
17.140
17.290
17.940
18.180
18.280
18.190
18.380
18.180
18.090
18.000
18.000
19.060
19.090
19.490
20.270
19.820
19.990
20.670
20.190
21.270
19.650
19.050
19.180
19.320
19.210
19.980
20.450
21.030
22.030
21.170
21.050
21.350
21.740
21.220
21.520
21.950
20.310
20.740
21.170
21.240
21.110
20.890
21.090
21.690
21.840
21.820
22.500
22.050
21.810
21.830
21.840
21.860
22.210
22.520
22.600
22.040
21.830
22.180
22.240
22.090
22.590
22.350
22.550
22.660
22.730
22.640
23.400
24.500
23.250
21.400
21.350
21.340
20.820
20.570
20.550
20.540
20.590
20.490
20.540
20.600
20.550
19.900
19.800
20.130
20.300
21.480
21.660
21.130
21.110
21.130
21.160
21.990
22.090
21.950
22.000
22.550
22.400
22.710
22.800
22.040
21.890
21.570
21.100
20.850
20.980
20.830
20.600
20.610
20.700
21.930
21.970
22.500
22.510
22.390
21.930
22.520
22.810
23.600
23.670
24.170
23.980
24.490
25.260
26.500
26.400
27.500
25.880
26.640
24.680
22.700
22.750
22.900
23.140
23.330
23.070
22.980
22.470
22.050
21.980
21.950
22.620
22.510
22.510
22.470
22.270
22.850
22.990
22.990
22.770
23.410
23.700
23.870
23.230
23.270
23.740
23.860
23.640
23.860
22.780
22.980
21.790
21.790
21.640
21.270
21.170
20.930
20.980
21.300
21.860
22.230
23.670
22.960
22.130
21.350
21.970
21.330
20.900
20.960
19.430
19.050
19.150
19.210
19.350
19.280
19.230
19.250
19.270
19.260
18.860
19.180
19.270
18.890
18.500
18.200
18.350
18.350
18.300
18.190
18.380
18.550
19.680
19.500
19.320
19.850
19.910
19.500
19.520
19.620
19.600
19.680
19.570
19.380
19.600
19.660
20.400
20.430
19.450
19.330
19.160
19.490
19.500
19.550
19.400
19.500
19.220
19.080
19.470
19.500
19.860
19.580
19.480
18.700
19.450
19.950
20.180
21.350
21.750
40.450
37.880
36.870
36.970
34.120
34.390
34.550
34.640
34.580
33.500
33.600
33.980
34.590
33.480
33.550
34.460
39.300
39.590
38.880
39.460
36.060
36.000
35.860
35.270
35.500
36.810
33.880
34.000
32.670
35.140
35.660
35.500
36.000
35.770
35.250
34.980
35.050
34.170
34.710
34.950
34.350
34.060
34.470
35.200
33.700
34.480
33.260
33.890
34.080
33.690
34.100
32.590
31.500
31.490
31.800
31.290
29.990
30.540
31.000
31.980
32.560
32.490
33.280
33.150
32.280
34.500
35.990
38.000
41.230
37.480
34.500
32.780
33.480
33.290
33.200
32.500
32.880
32.990
31.980
31.980
31.400
30.500
30.960
30.600
33.110
32.790
32.500
33.990
34.490
33.700
33.190
32.990
33.060
34.140
34.000
36.960
38.980
40.400
41.490
41.800
46.370
47.000
47.160
47.480
48.660
49.100
48.250
49.250
49.110
49.420
51.170
50.970
49.500
49.810
49.520
49.100
48.990
50.730
51.880
54.100
51.500
50.370
49.050
51.700
48.980
48.700
50.120
49.290
49.060
48.480
47.100
45.960
46.600
48.480
47.480
50.950
51.980
49.400
49.890
46.900
46.850
43.490
43.150
41.800
42.550
42.900
41.700
44.560
44.890
41.100
39.810
42.860
42.760
41.830
41.280
40.900
41.490
40.050
40.240
39.000
39.500
38.490
38.890
38.000
41.970
46.000
47.390
52.660
63.000
67.500
67.820
67.950
71.000
72.590
71.050
66.000
65.710
69.000
69.920
68.680
70.800
71.100
67.300
68.840
76.970
72.000
66.820
63.990
64.510
64.180
62.000
59.930
55.890
52.300
51.880
48.700
49.350
49.880
48.000
45.500
45.560
46.320
47.560
47.600
48.810
50.200
55.300
52.020
97.980
96.180
87.900
87.970
92.800
92.760
99.200
96.000
101.880
99.300
91.990
85.200
80.200
79.000
79.300
79.930
74.900
75.920
71.080
69.900
67.780
68.760
68.410
67.300
65.270
61.520
60.490
61.180
62.280
61.200
64.200
58.580
56.490
56.470
55.500
53.730
53.580
52.100
52.200
52.310
51.650
51.150
50.500
49.540
50.100
51.130
51.950
52.640
52.860
51.600
52.140
53.200
53.780
53.390
53.260
54.500
55.320
54.870
52.870
52.380
50.910
50.580
49.960
49.460
50.100
51.890
53.390
57.450
52.230
47.480
43.160
