2.390
2.450
5.160
5.120
5.090
5.110
5.110
5.050
5.060
4.980
4.960
5.020
5.010
5.040
5.000
5.020
5.010
4.960
4.890
4.970
4.940
4.970
4.870
4.880
4.870
4.870
4.910
4.910
4.900
4.840
4.820
4.870
5.000
4.970
4.970
4.940
4.850
4.870
4.840
4.820
4.890
4.850
4.960
4.990
5.000
4.970
4.980
4.750
4.710
4.700
4.650
4.770
4.820
4.890
4.950
4.980
5.030
5.010
4.970
5.010
5.000
5.110
5.180
5.210
5.160
5.120
5.130
5.150
5.120
5.120
5.100
5.120
5.150
5.230
5.210
5.260
5.260
5.110
5.200
5.190
5.140
5.130
5.110
5.140
5.010
4.990
4.980
4.980
4.980
5.030
4.990
4.980
5.000
4.950
4.910
4.940
4.930
4.950
5.000
4.930
4.970
4.960
4.940
4.980
5.020
4.970
4.950
4.920
4.970
4.800
4.750
4.720
4.900
5.100
5.130
5.140
5.180
5.180
5.190
5.180
5.140
5.120
5.110
5.130
5.120
5.130
5.190
5.270
5.220
5.210
5.270
5.240
5.060
5.080
5.090
5.070
5.160
5.200
5.210
5.210
5.220
5.090
5.160
5.160
5.200
5.250
5.230
5.230
5.280
5.250
5.190
5.190
5.220
5.250
5.270
5.260
5.270
5.190
5.150
5.210
5.190
5.210
5.250
5.240
5.320
5.290
5.220
5.260
5.330
5.340
5.310
5.300
5.320
5.330
5.300
5.260
5.350
5.320
5.310
5.330
5.370
5.310
5.400
5.410
5.510
5.590
5.770
5.710
5.670
5.670
5.590
5.520
5.520
5.550
5.650
5.690
5.390
5.370
5.100
5.030
4.960
5.030
5.030
5.080
5.090
5.000
5.090
5.120
5.120
5.090
5.200
5.200
5.070
5.020
4.880
4.790
4.840
4.790
4.750
4.730
4.730
4.700
4.710
4.670
4.740
4.790
4.810
5.110
5.140
4.980
4.890
4.890
4.920
4.920
4.950
4.980
5.000
4.960
4.930
4.970
4.940
4.980
4.980
4.920
4.860
4.910
4.820
4.810
4.800
4.740
4.870
4.980
4.990
4.960
4.900
5.000
4.890
4.780
4.570
4.670
4.670
4.660
4.660
4.600
4.570
4.580
4.390
4.430
4.480
4.380
4.420
4.510
4.400
4.420
4.400
4.630
4.810
4.910
4.900
4.980
5.000
4.980
5.110
5.280
5.240
5.260
5.170
5.190
5.190
5.290
5.310
5.110
5.120
5.110
5.430
5.440
5.530
5.590
5.590
5.570
5.480
5.400
5.560
5.290
5.290
5.170
5.190
5.240
5.110
5.200
5.240
5.200
5.280
5.260
5.320
5.240
5.130
5.010
5.070
5.130
4.940
4.950
5.010
5.120
5.170
5.010
5.170
5.080
4.850
4.740
5.000
4.960
5.460
5.510
5.470
5.290
5.330
5.370
5.210
5.030
5.150
5.200
5.150
5.210
5.110
5.000
4.810
5.090
5.180
5.770
5.870
5.760
5.670
5.150
4.970
4.970
5.190
5.090
5.290
5.290
5.660
5.520
6.120
5.950
6.080
6.740
6.840
6.870
6.860
7.020
6.950
7.030
7.150
7.120
7.100
7.240
7.090
7.130
7.150
6.990
7.120
7.160
7.360
7.750
7.810
7.490
7.350
7.200
7.280
7.260
7.880
8.200
8.220
8.310
7.550
6.860
6.580
6.700
6.700
6.580
6.850
6.990
6.810
6.900
6.400
6.380
6.540
6.300
6.220
6.020
6.140
5.950
6.010
6.070
6.090
5.940
5.770
6.410
6.240
6.420
6.380
6.260
6.400
6.250
5.680
5.160
4.680
4.710
4.840
4.810
5.020
4.830
4.990
4.950
4.720
4.650
5.080
4.770
5.300
5.780
5.960
18.850
20.980
23.160
24.860
23.360
25.900
25.590
25.640
24.220
25.100
24.610
23.340
21.680
22.740
22.830
20.750
23.050
25.500
25.400
23.690
24.480
27.200
26.730
25.960
25.820
23.510
22.300
20.270
18.440
20.390
18.540
16.850
18.720
20.820
19.870
22.080
24.800
24.610
23.600
24.230
27.000
27.840
27.250
28.790
28.530
26.830
26.130
26.430
27.220
25.610
25.470
25.770
26.310
26.050
25.520
25.440
25.610
24.090
22.950
22.860
22.400
20.360
19.540
18.990
18.150
18.540
18.900
18.760
19.290
18.910
18.650
17.680
18.070
19.040
18.170
18.330
16.660
17.690
17.850
17.690
17.150
16.480
15.880
16.950
17.700
17.240
17.070
15.520
14.140
13.670
14.190
14.700
14.690
13.900
13.620
13.490
13.710
13.610
13.360
13.520
13.640
14.020
13.790
14.050
13.430
12.590
12.430
11.300
11.150
11.360
11.380
11.060
11.030
11.380
11.420
11.030
11.150
10.700
10.730
10.570
10.700
10.660
10.430
10.330
10.270
10.260
9.980
10.060
10.190
10.310
10.490
10.370
10.370
10.730
10.830
10.850
10.940
10.800
11.020
10.570
9.610
9.260
9.510
9.330
9.300
9.710
9.580
9.900
9.920
10.120
10.310
10.090
9.700
9.530
9.780
10.030
10.050
10.090
9.860
9.960
10.790
10.970
10.960
11.330
11.420
11.120
11.160
10.930
10.690
11.400
11.720
11.850
11.690
11.700
11.530
11.620
11.810
11.940
11.520
11.390
11.380
11.360
11.700
11.570
11.370
10.900
11.450
11.820
11.760
11.600
10.720
10.050
10.110
10.190
10.270
10.060
10.140
10.220
10.000
9.830
10.090
10.110
10.280
10.460
10.480
10.070
10.260
10.590
9.970
9.930
9.750
10.040
10.170
10.190
10.130
10.070
10.120
10.230
10.190
10.030
9.990
9.590
9.570
9.640
10.140
9.430
9.280
9.460
9.350
9.230
9.330
8.890
8.080
7.900
8.070
7.830
7.830
7.850
8.040
7.940
7.890
7.980
8.080
8.200
7.920
7.710
7.840
7.730
7.710
7.340
7.110
7.200
7.040
7.000
6.940
7.020
6.990
7.060
7.140
6.790
6.640
6.620
6.550
6.470
6.560
6.570
6.560
6.690
6.660
6.790
13.540
13.510
13.800
