19.640
19.770
19.540
19.350
19.540
18.460
18.480
19.240
19.000
18.790
19.150
19.730
20.340
20.920
20.610
20.500
20.870
20.540
20.150
21.250
20.710
18.830
17.120
16.830
16.660
16.370
18.190
18.580
19.220
48.050
49.560
48.910
53.990
55.860
54.280
54.720
52.000
51.980
53.150
53.250
50.960
50.170
50.440
47.630
48.660
47.500
47.840
48.630
47.500
46.010
43.030
45.720
45.490
42.870
41.750
42.460
44.110
43.400
42.720
45.180
44.320
49.240
50.430
50.690
50.050
49.500
52.950
56.840
63.150
64.000
60.490
60.330
60.630
61.970
58.540
59.560
60.170
58.690
60.480
54.980
51.910
47.190
42.900
44.380
43.350
43.230
43.320
42.250
43.130
43.110
42.530
43.330
42.580
40.590
39.720
39.020
40.230
40.200
39.450
38.930
39.900
38.220
41.350
44.350
44.260
47.000
48.740
48.780
50.920
52.900
52.980
53.170
51.700
50.390
51.280
50.580
50.130
52.640
51.750
51.180
50.750
51.800
50.540
49.120
49.500
49.200
53.350
56.020
57.200
56.630
55.790
57.200
60.600
58.710
57.880
58.910
61.370
62.470
62.700
66.360
66.200
61.220
60.350
60.190
62.950
64.100
65.470
70.400
65.270
62.430
56.760
57.970
52.720
53.810
53.020
51.490
53.770
53.310
51.680
51.970
49.650
49.270
49.700
51.310
50.360
49.800
51.220
50.480
50.610
50.300
49.240
46.800
49.150
49.200
49.610
49.780
51.030
52.720
52.540
56.100
56.790
57.990
52.720
47.930
43.570
39.610
36.010
32.740
29.760
27.050
24.590
22.350
20.320
18.470
16.790
