25.490
24.600
24.850
24.460
24.300
24.730
24.410
24.510
23.550
22.690
22.800
23.710
23.300
23.090
22.330
22.440
43.980
43.030
41.800
42.400
42.900
41.410
41.160
41.300
39.310
39.700
42.100
42.100
41.030
40.650
41.280
42.500
44.000
44.420
45.270
43.200
44.530
44.600
45.000
46.670
45.000
47.880
46.700
46.630
46.820
46.630
45.650
44.300
44.990
45.100
45.000
46.130
45.730
45.500
45.170
44.240
47.720
47.500
48.750
49.490
50.100
50.560
51.330
50.460
49.030
49.600
50.300
51.110
50.710
49.480
50.230
50.040
49.330
49.600
50.370
48.880
49.000
47.100
46.020
46.000
46.000
46.500
45.900
45.850
44.670
44.800
44.300
44.620
44.300
44.030
44.330
43.630
43.600
45.450
45.650
45.520
45.500
44.550
44.450
44.210
43.890
43.910
43.300
43.400
43.360
43.150
43.330
42.500
41.710
41.050
42.710
41.010
40.500
43.660
47.250
47.500
49.000
48.100
48.850
50.100
49.980
49.810
49.750
49.500
49.700
49.510
47.260
48.400
48.060
48.520
46.640
46.800
46.520
46.040
46.500
45.300
46.170
49.620
50.100
50.740
50.080
48.180
50.350
51.650
52.610
53.000
54.200
53.500
54.600
54.400
55.930
53.780
51.110
49.600
50.880
51.200
50.860
50.400
49.800
48.400
49.700
49.770
49.510
49.600
49.380
48.550
47.700
47.730
47.000
47.000
46.600
46.440
46.300
47.200
46.750
46.250
46.060
47.740
48.020
47.710
48.560
48.700
48.700
48.190
46.850
46.230
47.400
46.250
45.730
45.800
45.150
44.990
44.760
45.200
46.000
48.050
48.000
46.270
45.810
45.530
45.190
46.310
45.500
45.880
43.420
43.810
43.010
43.020
41.600
43.620
44.300
43.900
42.800
39.820
38.760
38.200
38.430
38.960
39.000
38.610
38.500
38.400
38.360
38.000
36.530
40.060
39.900
39.590
43.700
42.500
40.900
40.610
40.540
39.880
39.980
40.880
42.590
42.080
41.200
42.080
42.510
42.550
42.000
41.600
40.080
41.080
41.460
42.010
41.880
40.110
38.880
40.730
39.550
39.800
37.600
37.290
37.000
35.310
35.300
35.600
38.680
38.000
37.980
38.180
37.530
37.450
35.590
35.250
35.280
34.260
34.900
35.500
35.310
33.000
34.010
32.500
34.800
33.520
34.140
33.000
35.000
37.420
40.860
37.620
37.050
37.000
35.730
35.600
34.930
35.660
35.360
34.550
35.580
36.210
35.520
38.810
37.030
38.580
38.480
38.520
37.530
39.080
38.360
39.680
36.210
34.440
30.600
29.530
29.350
29.710
29.500
28.500
28.500
29.200
29.030
28.900
27.700
30.180
28.800
27.900
27.580
29.180
30.150
32.610
33.600
33.300
32.430
32.700
32.030
31.130
29.530
30.900
30.020
29.300
29.160
28.320
27.730
27.500
28.010
30.290
33.250
31.630
32.180
33.300
32.320
30.110
31.150
30.000
31.700
32.000
33.940
35.140
38.290
40.520
39.700
43.910
48.510
49.250
48.480
49.200
50.080
48.680
48.760
48.600
48.000
48.320
48.100
47.200
47.030
45.310
46.090
46.000
47.400
49.600
48.630
49.460
45.000
43.000
45.650
40.870
43.510
48.180
48.100
46.030
45.410
45.800
44.690
44.000
46.600
45.510
48.860
51.600
47.020
46.000
44.300
43.300
43.190
42.700
40.000
37.900
41.210
40.800
42.000
41.050
41.680
41.350
39.000
40.460
43.870
43.200
42.500
41.400
42.200
42.810
38.920
35.300
34.810
33.800
34.330
33.510
32.770
35.040
34.150
34.630
31.200
30.980
32.030
29.530
29.020
32.240
33.470
32.480
33.000
28.200
27.000
27.950
31.020
34.460
35.000
34.200
30.050
29.830
33.140
36.820
40.800
39.980
41.610
45.070
46.880
45.760
48.330
52.970
50.100
52.500
54.550
49.900
52.190
55.980
45.540
40.010
42.020
32.420
32.020
33.100
28.230
28.210
26.810
28.750
26.600
26.900
28.800
27.170
24.700
22.450
17.600
15.170
16.860
15.330
13.940
12.670
11.520
10.470
