8123.83
7721.60
9474.65
8832.82
7506.90
7630.70
7128.15
9050.13
5903.54
5884.86
7654.73
6416.48
6761.12
3794.02
3996.78
12774.07
6218.95
9292.71
8821.00
8074.73
14041.77
7929.54
8877.28
6789.75
6674.75
7142.00
9184.54
10644.04
7785.71
11408.14
12401.74
7580.65
6976.06
8232.14
9860.19
12758.88
6920.00
9399.95
19524.71
19043.00
10560.89
29049.77
34368.81
23485.07
23376.07
28280.20
29779.52
50126.20
16817.01
8147.74
11439.98
13934.10
14878.00
34068.30
19553.39
22742.62
36676.01
14117.33
24202.54
36053.24
35869.99
22135.33
42997.24
55886.81
17415.01
25548.83
15461.00
14107.00
17145.04
16077.78
22983.57
48207.68
14296.00
20068.27
41053.77
29253.34
20864.39
18141.48
20513.11
15260.84
26917.28
30822.29
48680.91
31906.27
37535.25
30484.24
32676.31
24303.91
42389.64
44800.41
62825.76
55905.16
74189.05
78390.64
135699.70
233654.89
174263.92
26074.74
14958.67
20090.03
12821.77
15938.02
11593.24
12478.10
7017.00
6668.29
15083.00
13137.33
18608.73
8353.23
5783.05
14640.98
17943.16
23589.00
20516.45
7878.08
7951.15
12903.86
21842.61
18307.94
13840.68
10755.96
14284.71
20084.65
16562.16
16651.21
41119.16
22195.21
36945.73
29858.47
14410.01
11600.60
14264.71
17572.00
17546.74
16238.00
18716.09
38747.18
16590.95
16899.00
18084.33
31945.63
24402.99
47370.34
48718.24
57421.24
60194.22
53107.35
44213.73
62219.61
75005.75
160997.56
123722.44
197376.81
100760.85
142478.86
75935.39
16995.10
21280.97
31583.04
39745.39
51036.08
18429.33
35476.41
39031.58
15589.57
18751.29
19911.91
13758.00
11375.21
16810.00
15492.00
21753.50
22159.97
22275.76
12741.78
17346.00
31849.97
17311.16
45770.83
41860.03
41519.72
43672.98
46539.69
50715.46
90654.23
66004.67
94384.35
29011.32
28105.16
43080.16
39077.15
22396.99
16711.41
23636.10
36694.97
35551.74
72770.98
114920.61
81271.40
90394.35
60845.07
96567.75
74376.74
64721.87
86257.49
34055.60
15696.77
10314.76
10618.62
13131.32
19645.94
23077.75
17149.87
20382.83
27121.66
11483.34
14478.73
26710.12
22713.30
16169.81
7828.93
9270.01
9085.87
14054.49
18427.44
17767.16
19738.31
34910.63
18355.12
21367.87
25767.19
40596.24
17755.00
19200.74
20914.52
17518.27
19651.76
31731.26
29191.87
27167.50
30926.59
58001.19
66962.37
22861.93
28367.39
17743.10
30440.40
29654.47
36467.09
34946.93
44936.70
23483.01
24510.99
38696.99
32777.38
51225.31
50321.13
57752.07
43010.61
51477.25
64547.88
80484.00
128330.05
67081.07
51037.06
35044.96
27258.34
28073.41
6776.74
9554.16
8663.80
11222.87
14869.10
9551.23
10461.32
16096.49
18550.23
15171.82
19913.83
41215.18
29415.28
36375.76
42758.06
73431.91
16277.81
19105.81
18827.74
11944.75
17826.98
29703.53
11436.29
16876.86
8695.53
19630.03
11004.51
10349.15
13393.88
15570.81
16421.99
11770.00
15103.24
11465.58
14060.94
15898.28
16886.22
11953.85
14919.66
17520.26
11412.17
18946.53
7025.35
12625.29
13938.82
11142.15
15928.53
16496.33
10008.85
5519.00
10502.87
11198.53
5345.53
9746.70
11965.18
10367.10
11059.64
12038.27
16759.93
19589.53
26800.51
11265.23
15258.08
33924.09
52114.26
23446.48
18941.34
6598.77
11130.81
9102.33
11190.11
6756.94
3562.89
6052.88
5084.31
6596.90
7577.34
8019.00
7302.29
10233.33
13950.64
6032.30
9033.21
8692.82
12155.90
10350.77
9217.71
9444.27
13682.74
13689.01
9757.39
20002.07
11214.94
4445.00
14717.23
13517.87
7086.20
7752.36
7227.64
8880.24
16507.00
11035.49
13342.02
12341.50
12240.20
20442.62
19241.10
25797.36
14175.41
12091.71
12030.47
13509.65
15950.34
19017.13
25164.86
43753.71
39521.77
26714.06
19865.44
42322.49
32433.72
25638.10
28892.21
23386.21
29365.91
20923.85
20738.09
18097.41
21270.66
20721.47
19989.31
41013.36
45985.70
36011.92
39839.93
42993.16
43964.36
27834.49
28049.55
14412.38
21279.57
22631.21
19143.67
31836.99
42680.00
19740.19
21400.67
34728.91
22002.31
29405.26
24524.40
21899.88
26118.76
20213.83
32793.55
19552.08
25610.46
20671.90
35251.80
36161.41
59661.94
95197.89
776.00
516.00
17054.49
11607.60
15072.70
18256.22
17748.03
24335.87
35396.56
20125.98
21528.98
18000.66
20022.62
20332.57
23592.53
24979.96
25095.31
35369.92
52744.58
35231.86
28862.40
27774.06
34589.62
40378.32
40715.35
52661.03
56623.04
38968.45
39195.35
28462.50
30644.30
31089.87
31564.92
14947.15
20202.37
18787.16
28484.57
36495.87
25091.53
42906.44
66323.40
35458.63
18149.84
15920.98
13067.06
15991.00
17370.26
17739.33
12825.19
18477.80
17402.64
15584.73
15891.92
14529.32
10792.58
10326.43
15417.50
21420.67
15354.24
17466.09
14749.57
13085.87
12405.70
12376.69
18674.01
18303.79
19576.16
10192.40
11683.90
11029.40
14643.00
19181.57
40990.63
17296.89
11912.14
14472.70
16616.72
6940.66
11591.60
4802.97
5341.44
6229.92
8102.28
5709.16
5118.20
6411.40
4763.99
9289.41
7596.50
8846.71
12577.61
9368.70
9851.85
11538.71
15357.43
12264.12
16326.26
19646.20
23860.58
32720.98
30047.62
28878.57
20346.57
20459.19
16220.30
15511.25
24569.86
24354.23
37425.54
82579.79
695.00
141.00
317.00
