39344.61
53972.69
98421.14
72248.17
19855.04
47059.19
12447.17
13321.99
15106.00
17548.49
18650.14
16196.16
21469.51
32647.54
27279.60
26342.97
16818.71
13804.24
11090.46
17028.94
14072.36
19251.81
10144.69
12676.56
13823.14
16927.20
13599.06
10357.74
18076.71
21977.22
29806.96
20963.57
17337.98
21461.07
18093.90
21237.32
8885.69
14684.68
24499.61
19484.92
17732.40
21010.11
13660.00
15783.24
13460.00
17199.06
13673.78
32740.82
29758.73
13146.39
24396.50
10381.47
19370.16
26627.44
23560.77
22846.49
30806.06
19341.13
29307.69
36733.48
52388.73
84672.00
18747.85
24392.63
22795.22
49061.05
23008.52
21169.33
16168.08
18813.45
26673.61
41668.93
34794.54
35409.70
36898.11
39096.86
30334.00
63201.65
68472.94
22044.00
21720.00
35065.35
56078.74
38213.35
28294.93
27180.79
20081.93
21335.00
29409.72
22287.75
32591.29
50517.66
48669.89
35302.94
56522.95
70008.12
150546.80
30247.72
26960.24
25219.55
33937.08
21025.16
18630.69
30039.20
16158.41
18521.07
20833.64
21257.43
39116.40
25754.45
15925.89
29581.22
48820.19
59841.59
27471.27
24228.16
28972.94
17195.99
22773.39
24499.57
27400.92
35177.34
26446.67
38087.78
16007.46
34558.74
23830.88
21458.81
48679.19
62949.91
37043.02
48752.01
38885.00
35364.96
31004.24
24347.54
28910.00
59339.02
50475.47
31265.22
47932.28
56977.68
40560.89
31304.30
44596.05
31624.70
41722.10
42670.55
85015.34
46001.35
51283.00
65642.63
46994.74
37140.68
69390.79
77898.20
40972.61
60592.75
52672.32
61570.33
135331.12
61197.05
79873.88
98981.77
76235.03
62703.86
83391.04
70272.53
140119.92
113642.62
232927.81
298157.47
543847.75
31727.78
125114.93
29940.72
24642.34
23903.10
22016.43
35466.09
27230.81
13373.86
30011.59
32725.60
31658.10
59255.00
41685.03
61061.07
27496.89
44489.12
61636.46
92532.33
47797.90
135133.31
136624.05
109885.96
204642.47
79704.31
39472.56
93611.07
27236.00
25165.81
31788.07
23362.00
37897.07
29687.76
32803.10
35600.81
51413.55
58250.40
79484.30
98955.11
72245.14
105887.85
39219.14
48606.43
62740.92
33562.39
31493.70
44653.68
81348.39
40446.73
61717.12
83670.79
47891.80
122436.01
98451.35
99147.96
147105.41
98908.34
106806.43
96325.17
105096.05
81268.28
65254.30
71820.67
82088.33
114457.54
87656.59
80937.69
141079.94
224186.66
207281.62
106361.62
82531.60
153154.61
253802.06
288546.88
137915.59
139804.94
141661.78
125649.05
230718.14
182546.80
272921.09
435068.03
107150.80
120357.26
149641.38
173312.16
94931.19
102675.75
28686.88
38027.88
53301.78
38316.59
30515.42
31458.26
50009.15
31788.54
28673.74
40423.15
22657.51
26675.50
45422.54
40210.58
27825.45
31899.85
37459.63
68151.67
33616.62
54053.98
110033.74
27320.64
29578.36
25900.76
18433.70
30174.99
33139.74
17755.21
20338.25
20523.27
28086.34
60558.22
54078.20
65921.23
25674.52
37633.30
60401.15
41337.80
34801.50
21670.98
35713.50
30514.64
31917.65
21574.50
28671.83
24059.49
22713.61
28774.99
24097.89
51488.83
70211.65
35244.49
57001.16
52980.56
28340.19
16888.00
20071.51
32305.92
21422.51
17514.80
24390.51
33389.98
18375.25
22736.86
25238.91
26660.51
19618.77
24718.13
23570.21
40653.30
25253.29
29389.15
29819.16
39435.46
42706.66
27539.66
21793.75
15759.78
20163.28
26172.27
16750.93
18032.20
17197.22
23446.27
18706.80
31899.20
32779.63
29713.56
19539.61
26345.18
29363.60
31270.75
26161.72
26354.30
33226.83
32886.66
34704.42
44741.99
46870.99
11386.00
38086.66
51455.74
39340.78
55368.80
108925.98
48482.44
56721.87
32768.28
39393.39
44571.78
43902.84
50980.27
82326.21
76768.52
79003.90
28167.30
23999.69
30676.50
32991.29
29951.98
43847.25
58629.16
42847.66
36165.54
42666.79
59971.35
69923.08
78971.79
89379.46
96146.41
91641.52
64390.75
61083.16
54363.07
66049.11
84461.60
84239.85
160435.69
158083.91
123534.72
112245.30
159889.52
161233.59
146965.86
193568.25
111110.27
68733.31
50389.99
61561.20
90130.43
69837.79
76682.95
61129.80
56616.37
99532.91
86357.76
61404.45
72010.98
74390.61
59413.20
58484.96
81420.25
59589.72
54160.51
33571.22
22492.52
26561.77
43488.49
42619.66
45848.08
60008.21
63100.90
34659.07
59645.46
54591.96
41250.34
47156.19
34047.75
53610.93
82478.08
45091.62
37577.28
46394.89
51401.38
45150.89
72350.27
53098.40
72713.60
41080.01
38962.00
44215.07
41175.88
65898.99
84369.74
58836.65
74480.38
63392.76
74010.61
108433.55
100399.73
60815.98
59187.38
104313.53
108969.29
73316.19
71053.57
90916.44
85265.19
99061.88
98995.87
156747.27
152499.47
107632.13
109644.75
92473.75
88698.06
103231.06
96917.18
200223.41
7254.48
50176.53
124132.20
146117.33
138398.81
150053.25
112037.10
97097.05
78414.80
73258.25
86362.66
78946.92
71938.47
72523.95
73410.05
86695.67
126746.23
149819.61
177316.12
143379.61
102965.32
115885.44
130717.10
145652.94
150742.30
201608.38
216712.80
310609.41
132726.88
137250.66
183883.59
214192.22
198553.11
199225.34
223009.27
348519.53
248717.08
261173.84
248344.78
94060.50
83173.08
68287.93
52641.62
64168.85
60073.08
68104.77
59438.78
108144.11
152552.52
128086.08
128336.81
65247.11
76565.50
100506.80
75669.06
71800.43
72557.76
52359.27
80350.68
117294.89
135323.97
100173.32
97798.46
127754.89
137518.16
115912.19
127996.43
98802.56
99089.33
125801.12
209947.75
414158.97
2394.80
546.00
306.00
932.00
