25543.92
16774.89
18160.05
13079.02
10774.91
16011.38
17350.18
15573.06
20874.64
28408.01
36037.64
30896.21
56248.82
41513.23
27058.00
29606.95
22379.76
24648.74
27105.62
30395.15
43144.02
55372.10
61019.14
46455.01
101040.60
102583.81
165857.30
104850.79
24603.00
39138.92
57150.02
51452.08
105038.91
132008.88
19046.17
19810.93
28459.19
24802.50
49254.00
17896.11
32357.90
33111.89
22837.40
17950.81
7898.03
12334.15
17942.18
38899.01
9204.02
8623.62
55114.71
7314.00
10849.59
31366.29
15303.56
27947.99
47739.06
32531.46
30144.77
48848.32
23144.08
29199.37
38405.20
29948.94
28790.05
52063.90
20191.57
15377.76
13786.69
17076.64
21681.70
14669.14
17548.90
13358.25
15472.01
18572.33
17570.50
19994.76
24604.28
26922.25
46539.64
26134.00
28378.13
37269.12
40408.08
42475.85
118795.33
32958.74
22232.28
31193.16
69197.68
68843.23
63506.84
181986.14
145464.84
162449.12
37183.19
39881.53
30946.22
34973.33
45328.27
55915.42
43736.27
57594.82
46875.25
88618.58
154733.77
32761.14
21080.67
9694.81
12763.04
12933.58
17923.53
37652.39
30422.31
49434.10
28408.36
17216.60
24101.05
22452.61
26143.17
13864.24
19948.55
15547.00
35812.72
32358.11
22753.55
25946.78
26205.07
32371.48
29768.10
59068.64
52242.13
45449.27
71639.36
67073.82
127648.09
117875.37
36143.49
41373.54
59743.42
33206.82
19189.47
38565.57
22844.51
30498.20
23841.62
16667.83
18980.39
15580.88
26769.84
15977.00
29010.55
17778.45
18745.74
12713.87
27620.94
34932.46
35870.29
20257.25
22724.79
20065.63
16329.43
24964.89
32720.33
21057.00
19826.15
12619.58
27322.98
23865.00
21033.92
18745.58
24682.16
28062.21
28490.76
37687.42
25296.01
23108.65
27924.83
33682.58
70446.18
75480.72
49451.62
55702.19
41762.71
18108.99
35796.67
25634.31
23464.23
25326.87
27466.60
37527.42
25579.36
23795.92
35666.40
53278.20
31121.92
48189.48
77735.98
102364.00
61898.80
64134.65
45935.75
36231.18
21562.19
20305.08
17896.00
26405.25
31215.44
36341.13
17816.33
18051.72
17225.95
21937.82
13329.44
21605.30
42764.98
18042.54
16439.52
23289.79
26474.28
22424.08
35135.32
33189.81
49310.56
27869.43
60028.49
45104.66
67850.40
45060.80
117899.98
92474.89
33945.13
46977.98
21335.35
35498.91
32080.30
27048.22
21282.28
29979.05
26897.70
72588.23
47108.84
17870.36
37374.00
64259.13
16673.32
15871.99
35890.27
23578.40
32765.57
34439.47
28465.26
30875.10
48576.46
36308.18
22995.68
26396.69
29598.27
39565.99
27640.77
24713.93
24554.61
32675.44
46091.83
55936.67
29135.63
24585.26
30052.39
30649.10
32711.41
61555.78
94938.81
87768.00
113504.75
84538.59
57811.03
104597.77
85019.17
56601.36
80977.85
166884.20
121932.41
60180.79
36593.89
52112.40
34845.68
60963.48
100662.73
35961.14
51381.64
40848.96
55075.55
68893.04
104075.40
88474.45
39377.34
41759.21
28420.28
43233.65
30609.96
49747.00
46642.65
58623.88
89225.50
107693.93
56993.25
52982.93
81712.70
89465.12
62012.98
61480.39
104010.80
125991.90
60627.56
81887.04
87941.76
107748.38
144057.44
31558.00
179723.19
163121.91
92541.69
51186.21
44462.34
41311.62
71339.19
56413.33
53888.09
45096.08
47772.26
71130.81
59250.99
62691.35
84248.21
95175.28
32700.62
44640.76
42174.68
51258.67
32739.71
47623.70
46299.37
44453.61
48687.19
52329.41
73362.58
50877.26
47540.48
40905.69
61027.14
11750.33
77331.22
77580.25
56349.28
94833.09
97529.62
125989.65
126482.90
80293.68
44499.33
43478.93
67455.24
75978.23
37707.32
61119.95
51700.76
19190.18
22545.29
31166.67
37863.48
23018.81
31628.14
35115.18
47652.33
37863.55
34909.48
34270.66
35104.05
70024.74
53632.99
65153.17
38595.27
65527.87
61314.06
26379.24
44378.66
68035.25
63951.46
88292.24
59767.74
84875.07
113473.56
77372.32
68862.61
70343.10
70075.83
61770.30
106002.29
41268.57
44321.95
75052.41
97644.34
94368.54
58771.26
55451.17
90179.50
85143.62
62957.02
68264.56
51643.23
52210.71
86856.13
112988.35
73699.72
32740.24
54573.00
58203.19
42464.20
59235.93
42719.48
37379.30
59241.93
45940.73
40392.13
34796.62
29841.31
29912.42
54961.69
32132.01
37380.18
56376.16
56575.79
50858.07
66172.29
53218.14
84599.78
38860.50
26411.00
76829.67
132378.58
53471.36
52227.00
54042.25
83286.20
51825.75
66381.00
90413.23
65365.86
49278.64
29745.44
45551.99
49856.50
38215.75
43212.23
64621.81
67764.63
70142.75
91435.32
109189.80
78823.17
89524.20
95807.61
106586.47
79789.53
67633.91
100977.67
9109.84
20934.71
59882.80
53180.44
56462.36
55555.53
61680.76
37972.43
45287.12
50146.42
50193.15
27698.94
37368.65
32176.17
43470.81
49539.88
46051.39
56764.63
42935.11
40490.73
47920.37
60343.00
119438.33
99705.59
61713.49
68113.25
63386.92
48587.10
81848.69
70236.04
72139.32
73539.33
65665.61
63839.21
76780.76
56130.02
54157.74
46265.95
73165.59
131175.27
98932.73
82642.57
44034.95
42999.15
45982.32
68562.18
41801.46
62355.45
79848.41
113103.43
210878.34
165678.09
1332.50
2671.06
208.22
824.65
859.81
117437.52
115243.51
95719.53
78534.58
31893.53
36982.09
29474.04
60224.12
74649.03
91825.75
115216.47
59446.78
79995.95
109614.38
98613.30
163198.39
147100.12
81621.97
116092.50
127371.12
110830.51
48523.73
51402.07
52008.41
48855.09
74688.41
134688.34
74931.11
35127.50
37566.73
28538.38
25890.01
38616.17
36794.51
40148.01
56114.75
94978.27
61870.12
57033.48
28760.72
53237.88
72933.40
151388.48
26875.94
48153.44
74151.50
42033.37
55788.25
43109.57
46954.22
63270.60
48349.48
41397.92
40188.19
45438.60
74624.14
92373.61
117763.60
136497.47
42432.98
47879.58
53036.05
83593.92
93625.33
108525.84
145743.84
97570.94
75570.06
41544.09
49424.26
42940.61
59292.67
77199.98
41347.48
37531.01
22078.26
58229.31
28989.38
28396.36
43362.11
64190.09
132609.91
98562.37
128169.86
60337.01
71994.02
32230.26
39257.07
36768.34
41351.32
30909.55
49840.85
39667.48
65896.62
77169.61
139585.00
65933.04
80106.28
123841.97
69122.44
39613.31
32035.63
36369.88
46212.35
78528.04
118635.85
34581.79
47067.70
50049.72
92656.35
68477.00
87660.67
