23.140
23.150
23.140
22.760
22.750
22.930
23.180
23.580
23.480
24.480
25.160
25.080
25.990
25.860
25.940
25.750
25.360
25.210
27.180
27.660
27.860
27.950
27.650
27.660
27.130
28.000
30.180
29.740
30.700
33.990
35.270
35.450
35.000
36.000
35.400
35.000
35.510
35.450
35.170
36.220
34.920
35.800
36.400
35.830
35.450
36.070
35.530
34.250
34.600
34.600
34.800
34.380
33.940
33.200
33.570
35.060
35.680
35.780
36.260
35.950
36.030
35.970
35.880
35.600
32.920
33.650
33.990
33.980
33.920
32.800
32.780
32.540
33.650
35.250
36.440
34.730
35.120
34.950
34.390
34.300
34.700
34.950
35.310
33.320
33.310
33.460
33.490
33.840
33.800
33.880
34.210
34.100
34.500
34.730
34.980
34.920
35.200
35.030
34.400
34.000
35.520
33.940
31.750
31.280
31.950
31.930
32.200
32.240
32.560
32.000
31.460
32.390
31.960
32.980
33.640
32.830
34.500
33.270
32.440
33.080
33.670
32.960
31.770
31.250
30.850
31.500
31.360
30.190
29.290
29.120
28.980
28.740
29.370
28.640
27.960
27.370
27.390
28.340
29.330
29.820
29.680
29.030
28.380
28.450
28.580
28.170
28.420
28.500
28.090
28.360
29.060
29.180
28.860
29.140
29.380
29.090
29.190
29.440
29.300
29.500
29.020
29.250
29.550
30.570
30.580
30.180
30.740
30.300
31.200
29.450
29.750
30.200
30.200
30.300
29.200
27.870
27.140
27.950
27.790
28.500
27.990
26.250
26.200
25.850
25.630
25.000
24.900
26.270
26.250
26.690
26.270
26.500
27.000
25.390
25.730
26.200
27.060
27.570
27.700
27.190
27.490
25.980
25.920
25.130
25.350
25.300
24.900
24.530
24.460
24.240
24.480
24.500
24.480
24.280
24.470
24.300
23.270
23.900
24.140
23.960
23.790
23.630
23.490
23.390
23.290
23.520
24.360
25.200
26.600
26.620
26.300
26.950
26.960
26.980
25.790
25.750
25.980
26.250
26.390
25.860
26.470
27.000
27.250
27.200
26.500
26.450
25.700
24.950
24.950
24.290
24.100
24.150
24.820
24.460
24.770
24.580
23.710
23.410
23.580
22.630
23.960
25.690
25.800
25.240
25.670
26.160
26.190
25.590
25.650
25.450
24.750
47.500
48.000
47.960
44.490
45.490
45.660
46.790
46.740
44.880
43.460
43.960
44.500
46.700
50.870
48.780
46.330
46.800
46.290
43.250
41.870
40.890
40.780
39.700
40.120
42.190
42.280
42.810
44.800
43.000
42.350
41.990
43.000
41.990
43.500
42.880
40.650
39.660
40.440
39.600
39.250
40.800
40.450
42.000
38.960
39.250
39.390
38.000
36.410
35.650
35.710
35.760
35.140
35.000
35.770
37.000
37.200
39.300
43.450
40.500
39.200
42.000
44.110
47.670
50.300
50.400
48.680
45.000
46.850
46.690
46.600
44.440
44.590
42.760
40.280
39.490
40.190
40.480
40.000
45.380
49.690
50.840
48.800
48.960
48.980
49.390
50.490
50.500
52.390
53.230
53.220
55.500
58.000
60.500
61.200
60.370
62.000
65.940
65.880
64.080
65.200
65.700
62.580
65.400
66.710
63.530
58.730
61.680
58.240
57.340
56.990
55.780
56.800
54.500
51.350
49.780
52.280
49.550
52.300
53.200
53.970
51.620
51.820
51.350
47.000
47.510
48.500
46.000
47.830
48.050
47.100
46.890
47.300
43.200
42.950
43.400
42.700
45.570
41.850
39.510
36.320
36.030
37.000
33.640
31.080
31.140
31.390
30.000
29.330
28.380
27.840
28.000
28.600
29.000
27.890
28.470
27.900
26.860
27.500
26.810
25.980
28.800
28.300
28.100
28.200
26.340
25.500
26.700
27.680
29.000
29.400
28.170
28.110
27.700
31.600
36.300
37.000
35.850
39.190
39.800
40.500
39.020
39.100
39.380
39.120
37.020
36.980
37.780
34.690
34.610
35.980
37.320
36.030
35.970
36.980
38.880
38.000
36.180
35.720
35.270
33.200
33.000
34.000
38.600
36.520
33.200
30.180
27.440
31.000
40.790
41.410
46.190
48.970
48.000
51.810
48.450
48.280
49.980
57.980
53.220
50.200
49.250
49.970
46.470
46.980
48.350
45.250
43.800
42.800
40.230
38.980
38.940
38.900
37.490
36.980
36.980
37.800
39.000
38.590
37.500
38.280
35.290
34.630
35.000
36.440
34.800
34.300
34.200
33.520
32.760
32.330
32.180
32.400
32.300
31.800
31.200
31.290
32.000
33.400
33.500
33.380
33.680
33.190
32.410
33.450
33.750
34.270
34.410
33.760
34.300
34.390
34.590
34.600
33.400
32.320
32.200
31.240
31.260
30.660
31.900
32.170
32.300
32.180
31.480
31.700
31.720
32.000
32.490
32.970
33.030
31.380
31.580
34.010
34.800
35.550
36.490
36.400
35.380
35.470
35.550
36.780
37.490
40.300
41.500
39.990
39.400
38.510
38.800
38.870
37.980
38.270
38.350
38.380
37.650
37.650
38.000
38.080
40.440
42.880
44.590
43.500
40.420
41.400
41.300
38.850
39.970
39.910
40.500
43.700
43.800
41.390
42.980
45.240
41.490
40.990
37.390
35.620
34.880
32.300
31.000
31.380
31.200
30.820
30.980
30.700
30.200
30.260
29.850
29.880
29.870
29.680
29.930
30.070
29.940
30.090
30.950
31.070
31.150
31.770
31.840
30.980
30.970
31.050
31.390
31.890
31.480
31.400
31.580
29.200
29.590
29.860
29.190
29.170
30.150
28.630
28.250
28.090
28.270
28.590
28.880
28.770
28.870
28.980
28.660
28.980
29.000
30.130
30.080
30.480
29.900
29.250
29.740
31.470
29.440
29.280
29.500
33.880
33.290
34.600
37.070
33.700
30.640
27.850
25.320
