22.700
23.070
22.990
22.580
22.340
22.350
22.760
23.110
23.190
22.880
24.380
24.790
25.070
25.810
25.530
25.480
25.020
24.940
24.610
26.770
27.540
27.810
27.280
27.300
26.760
26.860
28.720
29.650
27.800
30.710
34.120
34.940
34.680
35.100
35.380
34.920
34.850
35.220
35.110
34.990
34.690
34.950
35.610
35.620
34.290
35.460
35.110
34.060
33.780
34.360
34.200
34.160
33.640
32.870
32.670
32.440
34.870
35.300
35.480
35.810
35.830
35.700
35.490
35.130
32.700
32.530
33.570
33.850
33.350
32.620
32.550
32.380
32.540
33.420
35.310
34.500
34.470
34.930
33.810
33.970
33.920
34.520
34.580
33.110
33.060
33.080
33.200
33.200
33.560
32.800
33.560
33.170
33.880
33.800
34.520
34.490
34.870
34.740
34.070
33.120
33.450
33.590
31.720
31.040
30.880
31.600
31.990
31.950
31.870
31.790
30.730
31.330
31.870
31.350
32.980
32.220
32.860
32.820
31.930
32.490
32.650
32.790
31.490
30.280
29.710
30.340
30.850
30.020
28.810
29.040
27.960
28.650
28.220
28.590
27.670
27.050
27.290
26.920
28.400
29.090
29.410
29.010
28.180
27.370
28.320
28.100
28.000
28.120
28.000
27.680
28.150
28.800
28.600
28.690
29.180
29.050
28.580
28.820
29.160
29.160
28.580
28.930
29.150
29.280
30.500
29.730
30.070
30.150
30.310
28.360
29.190
29.520
29.430
28.860
28.930
27.420
26.980
26.350
27.630
27.320
27.650
26.000
26.180
25.670
25.380
24.640
24.780
24.710
26.080
26.010
26.190
26.130
26.500
25.070
25.580
25.270
26.600
27.200
27.640
26.990
26.900
25.740
25.100
24.850
24.960
25.280
24.520
24.380
24.290
24.140
23.800
24.350
24.100
24.120
24.120
24.030
23.150
23.020
23.840
23.840
23.780
23.240
23.450
23.180
23.250
22.810
23.470
24.200
24.790
26.500
25.840
26.490
26.500
26.710
25.670
25.340
25.570
25.670
26.060
25.710
25.460
26.480
26.530
27.170
26.130
25.950
25.080
24.840
24.620
24.150
23.900
23.340
23.950
24.370
24.230
24.520
23.550
23.050
23.320
22.400
22.280
24.630
25.640
24.710
24.900
25.490
25.990
25.310
24.310
24.970
23.590
46.620
46.580
47.440
44.460
44.170
43.650
45.890
46.640
44.180
43.400
43.280
43.120
43.660
47.640
48.230
45.870
46.310
45.400
42.870
41.180
40.780
40.450
39.620
39.210
38.950
41.960
41.600
43.210
42.860
42.000
40.660
42.160
41.600
40.970
42.530
40.100
38.340
39.230
39.350
37.000
38.990
39.820
40.710
38.870
38.590
39.030
37.700
36.000
34.800
34.860
35.110
33.200
33.770
34.540
35.990
36.300
36.150
40.000
39.810
38.510
37.950
42.300
43.050
47.990
49.270
48.490
44.490
44.300
45.520
46.000
44.000
42.660
41.440
40.110
39.000
37.650
40.300
38.680
40.300
44.760
49.690
48.100
47.600
48.680
48.950
48.010
48.200
49.830
49.700
52.770
50.710
56.360
55.020
61.000
60.200
57.000
62.990
64.890
63.800
63.740
64.920
62.280
61.980
64.880
63.530
57.900
58.140
57.300
56.620
56.550
55.330
55.350
54.110
51.350
46.700
49.000
49.020
47.430
52.680
52.400
51.250
48.760
51.350
46.770
46.110
45.630
45.710
44.500
48.050
46.150
44.670
47.000
43.200
39.450
42.700
41.870
42.280
41.550
39.510
36.000
35.400
35.390
33.640
30.500
30.820
31.250
29.630
29.090
27.930
27.500
27.910
27.200
28.560
27.490
27.960
27.700
26.470
26.000
26.020
24.350
25.180
28.000
27.450
27.790
26.120
24.770
24.080
25.680
27.740
29.360
27.960
26.570
26.530
29.480
32.720
35.180
35.690
35.060
38.920
39.380
38.950
38.300
38.830
38.900
36.980
35.600
37.280
34.660
32.590
34.490
35.550
36.020
33.500
33.180
36.870
37.850
35.630
34.910
34.180
33.010
30.770
31.750
35.260
36.520
33.200
30.180
27.440
30.490
33.880
37.640
41.820
46.480
44.520
49.670
47.100
47.520
47.500
50.800
53.220
48.380
48.280
48.790
45.810
46.340
46.150
44.830
41.960
41.800
39.970
38.060
38.440
38.520
37.350
36.590
36.740
37.260
37.930
38.480
37.490
36.980
35.250
34.270
34.430
35.140
34.770
34.230
34.150
33.510
32.710
32.320
31.980
32.180
32.020
31.690
31.080
30.900
31.300
33.100
33.460
33.130
32.970
33.100
32.400
32.780
33.450
33.850
34.120
33.690
33.170
34.220
34.170
34.370
32.400
31.960
31.210
30.930
31.070
30.060
30.890
31.600
31.560
32.150
30.950
31.500
31.350
31.030
32.200
32.600
32.960
30.640
30.010
31.990
34.200
34.470
35.760
36.250
35.150
35.300
35.080
34.160
36.220
37.980
40.790
39.960
39.290
37.460
38.340
38.390
37.750
37.190
38.020
37.710
37.220
36.940
37.700
36.940
36.890
40.200
43.870
42.470
40.210
39.170
40.840
38.660
38.920
39.290
39.410
39.990
42.820
41.340
40.720
45.240
41.130
39.600
37.390
33.990
33.980
31.810
30.930
30.680
31.140
30.550
30.520
30.670
30.130
30.200
29.730
29.750
29.730
29.650
28.940
29.970
29.800
29.790
29.960
30.910
30.890
31.260
31.610
30.950
30.610
30.770
30.760
31.400
31.100
31.330
30.620
29.000
28.450
29.470
28.850
28.760
29.520
28.410
28.210
27.920
28.000
27.870
28.720
28.640
28.540
28.700
28.500
28.660
28.740
28.840
29.560
30.150
29.280
28.910
28.570
30.310
28.620
28.480
28.490
29.500
32.280
32.900
35.670
33.700
30.640
27.850
25.320
