28.550
27.210
28.000
28.020
27.900
29.620
29.380
29.410
29.800
30.000
32.000
32.400
32.260
32.150
32.350
34.380
35.160
34.550
34.100
34.000
36.150
39.080
39.460
39.800
39.080
38.020
38.560
38.000
38.600
37.950
37.370
37.810
37.500
37.300
37.200
37.680
37.370
36.690
36.160
36.400
36.680
36.390
36.600
36.770
36.100
36.140
35.620
34.910
36.010
36.610
36.340
36.330
35.800
36.150
36.330
35.540
35.620
35.500
35.200
35.060
34.290
34.230
34.180
33.610
32.910
33.720
32.800
34.110
37.030
40.480
40.600
40.300
39.600
40.760
42.820
42.100
43.040
42.770
44.210
45.010
45.600
42.060
43.280
46.170
41.500
40.900
41.310
41.010
40.340
40.130
39.350
40.650
44.810
47.100
47.500
48.180
46.200
47.650
47.920
47.610
48.220
49.400
49.260
51.050
53.350
59.110
57.770
58.620
58.220
54.000
57.520
56.720
57.510
52.680
48.120
46.290
45.780
45.400
43.000
40.800
40.000
40.020
40.890
40.280
40.200
40.020
38.860
38.690
39.800
39.970
39.820
39.800
39.600
39.060
38.700
38.750
38.200
37.700
37.700
37.230
36.600
37.010
40.000
42.150
42.200
42.290
42.100
41.810
41.800
41.700
43.500
44.580
45.170
45.000
45.800
47.650
49.400
46.500
47.640
46.670
47.530
45.800
47.350
47.210
47.200
49.060
52.400
51.560
52.570
51.880
50.220
51.500
46.320
44.130
42.620
44.120
45.050
42.350
42.300
43.040
45.560
44.200
43.010
42.020
41.920
46.510
46.440
42.220
38.380
34.890
31.720
28.840
26.220
23.840
21.670
19.700
17.910
16.280
14.800
13.450
12.230
