22.060
21.810
21.600
21.820
21.380
21.660
21.950
22.140
22.070
22.220
22.860
23.110
23.270
22.910
23.880
22.000
22.850
21.880
22.600
22.830
23.340
22.500
22.880
23.250
22.180
22.250
23.390
22.600
22.350
21.410
23.090
24.920
25.640
25.550
25.200
24.670
25.080
24.540
23.860
25.030
23.760
23.800
24.160
24.350
24.270
23.150
23.320
22.500
22.480
22.180
22.530
22.650
22.970
21.530
22.250
23.500
25.150
26.450
27.040
23.410
25.600
26.470
26.010
24.630
25.490
26.500
28.970
30.140
30.450
30.490
31.200
30.600
30.450
30.000
31.350
30.100
30.890
29.210
28.600
29.200
29.200
27.650
26.750
26.150
26.380
25.890
26.260
27.200
25.680
25.070
24.450
24.600
23.700
24.280
24.350
25.730
26.510
25.770
25.600
26.410
26.400
26.700
27.880
27.250
23.800
22.700
20.150
19.850
19.700
18.700
18.300
19.770
19.920
20.880
23.620
23.600
21.480
19.530
17.750
16.140
14.670
13.340
12.130
11.030
10.030
9.120
8.290
7.540
5.710
