51165.34
32410.73
34636.75
20480.68
8491.36
5512.42
8459.63
9602.63
8584.64
14229.66
9028.87
7659.48
7831.62
4539.59
7213.61
13160.27
6508.39
9341.08
9758.67
11322.46
9688.47
11469.34
4615.25
6427.00
7396.86
10052.50
12478.12
7788.22
10062.27
9230.73
10372.97
10960.88
9368.31
8746.10
14569.87
12872.76
5999.33
10354.24
11206.63
11039.91
7752.97
9905.24
11034.71
9600.12
11047.49
10501.41
12931.09
20846.27
10371.43
9354.51
10915.11
6951.39
9655.19
16093.10
11225.96
18361.66
10847.25
15700.96
24819.66
23516.67
32038.41
20285.71
21198.99
29832.49
25870.65
43362.80
52988.30
39654.73
51750.52
40601.46
71094.90
80933.81
58782.86
68075.48
97393.58
103830.95
32225.05
48090.40
35885.28
27904.67
44803.37
49849.18
52926.50
62712.65
71263.03
75585.96
40706.97
52376.54
43650.48
66504.27
79236.58
60634.18
71710.38
107728.18
169015.19
1326.05
770.14
1070.04
946.37
327.00
264.74
316.08
194.25
81.01
48.37
175.04
