38.150
37.500
37.380
36.610
36.210
37.200
37.330
37.210
37.680
35.000
35.880
36.380
36.170
36.130
36.550
36.820
36.530
36.180
36.730
36.200
35.450
34.150
33.880
33.710
33.010
34.280
34.500
32.220
32.180
31.900
34.140
35.730
36.010
35.890
35.770
34.620
34.710
34.500
34.300
35.700
35.000
35.230
35.600
35.070
36.990
38.800
39.390
42.180
39.900
39.450
40.790
40.500
37.870
46.010
46.690
49.070
49.960
50.880
52.000
51.960
52.110
52.230
52.750
52.140
52.640
53.760
53.700
52.560
53.350
54.000
53.700
53.400
54.000
52.800
53.900
54.010
53.420
53.400
52.470
52.550
53.550
53.900
55.000
53.430
52.170
51.200
52.740
52.590
52.940
51.390
51.520
52.180
52.200
51.580
52.120
51.460
52.010
52.220
51.720
51.830
52.300
51.700
53.000
53.240
53.440
53.810
53.750
53.270
53.300
52.960
50.910
52.930
50.750
51.700
51.060
54.570
54.900
53.180
53.350
54.560
53.310
53.230
51.730
53.500
53.610
53.100
53.210
53.720
54.920
56.140
56.940
54.610
51.500
51.100
50.930
50.790
51.050
53.040
52.520
53.300
52.500
51.920
52.290
54.050
54.000
55.200
56.090
55.940
56.450
57.470
60.050
58.000
55.900
53.990
54.940
55.380
55.510
53.600
54.450
53.270
53.800
54.500
52.970
52.570
51.990
51.990
50.280
49.870
50.660
50.890
51.260
50.590
51.000
50.780
51.300
50.930
50.760
52.000
50.550
50.930
50.970
47.800
47.020
46.930
46.710
46.390
46.160
47.500
47.770
47.800
47.800
48.300
46.600
46.760
47.100
46.700
48.300
47.690
48.470
47.130
47.400
47.050
46.620
46.800
46.430
45.290
44.700
45.050
44.580
44.280
44.400
44.870
44.920
44.830
45.000
43.950
42.700
43.750
43.790
43.210
42.910
43.120
43.000
42.900
42.190
42.830
43.110
42.620
44.980
44.670
44.010
45.560
46.400
46.100
46.380
47.590
46.950
46.570
47.130
45.820
47.500
47.500
46.260
45.580
45.160
44.050
44.230
45.200
43.100
42.020
40.630
41.530
41.490
40.700
41.630
40.290
39.830
39.740
38.000
37.930
40.970
40.400
40.640
40.050
39.880
39.590
39.520
38.280
38.210
37.940
37.570
38.290
38.600
36.480
35.200
35.560
36.400
36.500
35.500
34.980
36.600
39.900
39.580
40.100
43.380
42.170
41.010
40.960
40.210
40.870
40.700
40.000
44.780
40.980
40.810
45.000
44.600
45.300
44.280
42.780
41.700
40.980
39.820
38.500
40.950
39.240
37.120
38.600
38.100
37.500
37.820
39.510
38.800
38.900
38.350
40.200
37.990
36.070
33.900
34.950
34.010
32.600
30.800
31.870
31.790
32.170
32.320
34.130
35.040
33.290
32.390
34.000
33.200
37.350
38.450
40.090
35.880
35.120
35.900
34.980
33.940
31.350
34.180
33.220
32.500
32.480
31.460
30.000
31.940
33.020
36.000
36.110
35.900
36.500
36.540
35.260
34.490
37.000
34.000
35.080
35.000
37.840
40.050
42.530
41.800
42.790
49.490
50.170
50.160
51.040
55.000
52.660
52.120
51.420
51.970
51.050
52.360
51.680
51.510
51.440
49.720
49.450
51.000
54.130
55.300
56.310
58.000
57.250
57.000
57.180
57.120
60.030
62.300
60.800
59.900
66.170
62.420
60.020
60.540
57.080
56.100
60.000
62.100
54.720
55.400
54.600
53.000
60.000
60.990
59.400
63.000
62.510
65.000
63.450
66.900
65.950
58.270
50.300
53.800
47.800
44.600
44.000
42.180
42.200
41.260
37.370
36.640
36.600
35.830
37.450
39.440
36.840
34.380
34.000
34.960
32.940
33.070
33.000
30.180
30.280
36.350
35.300
36.500
37.200
36.800
37.550
33.850
37.530
37.610
35.230
31.010
30.800
30.140
35.740
40.220
42.980
40.800
48.500
49.000
48.770
41.650
42.270
42.800
40.850
38.700
37.600
38.300
35.620
39.630
40.000
40.200
37.980
33.500
39.500
41.350
37.960
37.600
36.370
36.860
34.200
31.450
37.180
37.000
34.950
31.500
25.310
28.120
32.100
42.380
40.790
40.980
42.250
40.300
46.220
50.000
54.100
55.380
54.000
55.000
63.920
62.010
65.500
68.100
70.300
68.910
67.530
72.000
64.000
61.010
62.940
60.900
62.380
61.500
62.000
72.000
64.990
60.800
58.020
65.000
55.000
52.000
54.380
50.000
49.000
45.070
44.880
42.680
40.520
39.400
40.450
42.100
44.420
44.520
43.700
43.400
46.100
47.000
45.000
44.000
45.000
42.420
44.400
42.610
40.000
44.140
44.000
40.100
37.810
38.940
41.300
40.500
38.090
37.590
36.880
37.380
37.320
37.350
38.760
36.500
37.950
38.240
37.060
36.480
35.410
35.490
33.520
32.540
33.160
33.030
33.480
33.750
35.160
34.000
33.780
34.570
33.310
32.680
32.920
32.900
33.290
32.700
32.700
32.480
31.800
31.030
31.990
33.570
34.460
35.110
34.200
33.710
35.150
36.500
36.170
37.010
37.200
38.970
35.660
37.990
32.780
30.500
30.630
30.430
30.900
30.850
31.320
30.580
30.700
31.060
30.200
30.860
31.460
31.050
32.000
31.890
32.420
31.300
29.390
32.990
36.000
37.990
40.300
40.190
40.590
42.000
39.600
38.770
43.340
45.500
53.580
53.000
56.720
51.000
46.500
42.610
38.740
35.220
32.020
29.110
26.460
24.050
21.860
19.870
18.060
16.420
14.930
13.570
10.280
