29.350
29.250
29.170
28.880
28.000
28.110
28.560
29.190
28.720
28.650
29.810
29.990
30.460
30.250
29.710
28.990
28.980
27.500
28.800
28.880
29.150
28.550
27.840
27.700
26.530
28.260
29.200
28.400
28.220
27.000
31.440
33.010
34.060
33.000
32.940
32.200
32.820
33.300
32.850
32.960
32.150
32.780
33.550
34.500
33.780
34.000
34.100
33.060
33.200
33.000
34.000
34.000
34.850
33.540
34.520
35.800
38.120
37.970
39.190
39.100
41.770
42.450
41.000
39.750
39.710
42.410
46.550
47.290
47.370
47.800
46.680
46.900
46.810
46.900
49.200
47.200
48.200
47.400
47.670
42.680
43.400
43.600
43.950
42.280
41.410
41.140
41.750
41.580
42.050
41.910
41.800
44.000
40.080
40.050
40.890
41.300
42.200
41.180
39.860
40.500
39.910
39.300
39.200
38.000
38.280
38.000
37.000
38.150
37.910
36.500
35.960
37.490
36.600
40.310
42.370
41.990
44.480
45.230
46.020
48.280
49.840
48.360
48.200
47.170
49.140
49.980
50.100
48.000
54.990
50.200
48.500
48.370
49.050
47.750
46.580
47.980
47.620
52.580
52.880
54.400
53.640
53.210
53.310
55.230
54.790
55.100
56.450
57.380
56.250
57.990
60.000
59.680
57.490
57.370
57.000
62.050
63.200
62.480
65.800
64.200
61.900
61.000
61.880
59.010
60.390
59.810
59.500
61.500
70.630
65.220
59.600
55.600
50.010
48.620
49.990
49.800
52.100
48.750
47.830
47.220
46.900
47.890
45.360
46.300
45.990
47.450
50.480
56.090
50.990
46.350
42.140
38.310
34.830
31.660
28.780
26.160
23.780
21.620
19.650
17.860
16.240
14.760
13.420
10.160
