25.910
26.070
26.020
26.050
26.400
25.580
25.110
25.660
25.480
25.200
25.380
26.050
25.780
25.990
25.710
26.000
25.730
25.230
24.660
25.650
25.440
25.630
24.920
24.660
24.210
25.160
25.800
26.000
25.940
26.120
25.390
27.240
28.180
27.710
28.560
28.300
27.870
28.720
30.090
29.220
29.200
29.150
28.950
28.840
29.990
30.820
31.830
31.960
31.950
31.780
31.870
31.900
32.410
32.320
32.890
32.780
33.500
33.880
34.050
33.230
33.130
35.070
35.780
35.610
35.930
34.630
34.500
34.720
34.490
34.240
34.660
33.660
34.070
34.430
34.360
34.580
34.970
35.680
34.470
34.310
35.500
35.590
35.460
35.120
35.890
35.350
35.460
35.880
36.090
36.040
36.920
35.540
35.250
34.110
33.690
34.360
34.030
33.760
33.840
33.480
33.440
32.980
33.150
33.550
33.670
32.950
33.460
33.220
32.500
35.230
36.010
35.850
36.830
36.670
37.110
38.940
39.140
39.160
39.030
38.630
38.310
39.920
37.630
34.210
35.860
36.500
36.040
36.190
35.730
36.600
37.850
42.050
41.470
42.720
47.470
43.260
43.880
40.900
39.880
42.500
41.440
40.150
41.110
39.590
40.610
40.420
40.460
41.500
38.530
37.980
37.720
38.300
37.400
37.290
36.530
35.640
36.490
35.410
35.910
35.490
35.370
35.930
35.350
36.760
33.430
33.330
34.010
33.830
33.260
34.320
34.540
34.840
33.780
33.740
34.170
34.310
33.570
33.310
32.580
32.710
32.890
33.170
33.630
35.500
34.150
33.670
33.830
34.950
35.800
34.030
34.140
33.380
32.700
33.370
33.380
32.830
32.580
32.880
32.870
32.530
32.010
32.910
33.270
33.150
35.290
35.000
34.730
35.550
35.520
35.980
35.720
36.550
36.950
36.690
37.160
35.350
36.450
37.540
37.320
33.950
33.960
33.340
33.540
33.920
34.180
33.990
33.120
32.690
32.310
31.660
32.210
32.030
31.870
32.030
31.010
31.400
34.430
33.060
32.580
32.720
32.450
32.240
32.400
31.490
31.060
31.090
31.500
30.380
30.980
30.360
30.140
29.800
30.950
31.040
30.690
31.290
29.930
30.290
30.110
31.000
32.750
32.580
32.640
31.660
31.620
31.420
31.790
31.140
31.740
31.220
31.980
34.640
33.670
34.710
35.200
34.620
34.000
34.200
33.140
33.680
34.830
34.750
33.600
34.190
34.280
32.840
33.800
34.330
35.200
35.010
33.460
33.830
32.840
31.820
30.320
31.300
32.750
31.890
29.020
28.810
29.440
29.640
29.070
30.620
30.800
29.290
28.160
30.990
31.780
35.320
34.610
35.720
35.230
36.050
35.150
35.460
32.420
33.020
34.980
34.880
34.080
30.990
32.000
32.870
36.700
35.150
39.050
35.500
32.270
29.350
29.620
28.440
28.010
29.830
28.800
30.010
29.050
31.700
31.760
35.290
34.900
36.850
40.890
41.150
40.550
40.530
40.580
40.330
41.120
41.950
41.920
41.680
43.270
41.530
40.330
40.150
38.900
39.980
40.780
40.610
42.220
41.720
41.510
39.750
41.400
42.290
42.170
46.860
47.600
48.240
44.980
45.360
45.950
44.570
45.310
45.950
46.390
51.300
48.450
47.000
48.610
46.200
45.820
46.970
43.990
42.960
43.190
43.900
43.480
46.470
43.930
46.390
47.800
44.090
49.090
49.310
44.830
40.800
39.000
40.130
40.500
37.580
39.370
36.250
37.590
39.800
40.650
39.650
40.950
41.510
37.740
34.310
31.190
28.350
25.770
23.430
26.010
25.910
27.380
26.200
24.520
24.000
23.440
26.080
28.400
26.660
25.900
25.470
28.300
31.480
34.100
35.820
35.290
39.210
40.410
39.780
38.790
40.760
41.320
39.580
38.400
40.720
40.350
36.680
37.300
36.800
37.350
33.950
37.710
41.910
43.350
40.590
41.570
38.170
37.240
35.010
35.930
39.920
36.290
32.990
36.650
40.750
38.890
37.980
34.500
35.850
32.590
36.210
40.290
44.620
44.940
43.120
47.910
53.300
52.550
53.880
59.870
63.780
57.980
53.490
52.770
58.040
57.130
63.590
62.580
69.530
77.260
76.950
85.500
77.730
70.660
64.240
58.400
53.090
50.740
46.130
41.940
38.130
34.660
33.800
33.420
30.890
28.780
31.980
34.490
31.350
28.500
25.910
23.550
21.410
19.460
17.690
16.080
