43.500
42.520
42.880
42.380
42.780
41.550
42.200
41.400
39.770
39.330
41.000
40.970
40.550
39.660
41.400
40.530
40.560
38.550
38.480
38.210
38.010
35.700
35.940
36.000
33.400
36.640
38.820
38.000
37.700
36.470
36.600
41.300
40.400
40.110
41.330
38.600
39.380
40.000
37.570
38.900
37.000
37.000
39.860
40.890
40.770
40.600
39.900
37.010
35.600
35.440
34.400
34.450
33.700
32.080
33.170
33.170
38.190
38.010
39.400
40.410
43.500
45.100
43.890
41.860
42.500
43.000
44.500
47.000
46.810
45.990
48.700
48.200
46.790
46.840
48.220
48.000
48.880
49.970
46.430
43.500
43.170
42.040
42.680
42.140
40.020
40.000
41.600
38.680
37.800
37.900
36.580
36.350
36.600
35.380
36.400
36.150
37.990
38.570
37.000
36.010
36.510
31.860
30.970
29.600
29.900
28.800
28.000
28.400
29.380
25.810
24.280
22.070
20.060
18.240
16.580
15.070
13.700
12.450
11.320
10.290
9.350
8.500
7.730
