12.330
12.210
12.140
12.260
12.110
12.140
12.150
12.300
12.340
11.680
11.930
12.250
12.200
12.420
12.170
12.360
12.450
12.410
11.330
11.470
11.420
11.510
11.270
11.340
11.200
11.170
11.600
11.500
11.530
11.460
11.770
12.320
12.330
12.310
12.350
12.350
12.120
12.100
12.310
12.590
12.680
12.560
13.080
13.190
13.340
13.050
13.060
13.010
13.240
13.370
13.230
14.020
14.120
14.230
14.430
14.670
15.080
15.300
15.190
15.380
15.410
15.540
15.880
15.450
15.050
15.030
15.680
15.870
15.800
15.750
16.280
16.470
16.500
16.480
16.310
16.360
16.280
16.180
16.300
16.180
16.000
16.200
16.330
15.920
15.900
16.070
16.050
15.950
16.140
16.110
16.180
16.180
16.000
15.960
15.980
15.610
15.570
15.450
15.470
15.470
15.480
15.410
14.900
14.900
14.820
15.990
16.210
16.270
16.700
16.700
16.730
16.920
16.950
16.830
16.690
16.870
16.670
16.640
16.510
16.490
16.720
16.890
16.790
16.610
16.710
16.490
16.280
16.460
16.520
17.430
17.490
17.470
17.110
17.230
17.240
17.590
17.610
17.480
17.900
17.890
18.430
18.340
18.960
17.230
17.090
17.160
17.310
17.210
17.290
17.280
17.380
16.990
17.140
16.870
17.060
17.020
16.980
16.820
16.750
16.570
16.850
16.830
17.050
17.000
16.980
16.940
17.000
16.950
16.850
16.820
16.770
16.950
17.070
16.960
16.740
16.550
16.640
16.720
16.600
16.960
17.050
17.080
16.960
17.030
16.820
16.990
17.220
17.610
17.780
17.710
17.440
17.320
17.370
17.360
17.360
17.350
17.390
18.910
18.800
19.410
19.120
18.480
18.960
18.000
18.210
17.620
17.360
17.040
16.980
17.210
17.280
17.180
17.100
17.290
17.350
17.300
17.130
17.050
17.090
16.960
18.260
18.190
18.030
18.750
18.910
19.220
19.080
19.460
19.630
19.270
18.990
18.990
19.450
19.380
19.080
19.000
18.800
18.500
18.720
19.140
18.740
18.740
17.950
18.400
18.810
18.610
18.380
18.200
18.020
18.310
17.600
17.450
18.860
19.300
18.910
18.900
18.200
17.890
17.940
17.440
17.550
17.650
17.780
17.580
17.950
17.600
17.570
17.750
19.100
19.930
19.830
19.300
18.050
18.300
18.390
17.930
18.890
18.910
18.620
18.060
18.070
18.240
18.340
18.050
18.160
18.330
18.950
20.450
19.970
20.590
20.770
20.810
20.630
20.810
20.440
20.270
21.260
19.760
19.400
18.660
18.470
17.830
18.450
18.750
18.710
19.160
18.750
19.570
18.740
17.740
17.140
17.420
17.770
16.880
16.770
16.980
17.470
17.810
17.640
19.270
19.340
19.730
19.320
18.990
18.520
18.970
18.350
17.600
18.060
18.680
16.980
17.020
16.460
16.570
15.900
17.140
17.190
19.060
18.920
18.450
19.990
20.730
19.980
19.660
18.900
17.180
18.200
18.060
20.080
20.210
22.460
21.990
23.110
25.700
26.310
26.650
25.800
26.250
26.290
27.070
26.800
26.620
26.530
26.870
26.170
25.890
25.810
25.460
26.100
27.080
26.750
27.200
27.000
27.170
25.850
26.670
26.910
26.980
29.640
29.980
30.200
29.220
29.170
29.540
28.860
29.770
29.780
30.280
33.490
31.700
30.960
32.360
30.500
29.100
29.570
28.950
27.270
27.470
27.320
27.530
29.220
27.800
27.790
27.680
26.990
30.050
30.320
30.120
30.450
29.830
29.990
29.880
28.850
28.820
26.180
27.150
26.650
24.250
26.400
26.520
26.010
26.640
24.250
24.430
22.970
20.880
22.870
24.000
23.250
24.550
22.320
20.340
20.940
23.380
25.100
26.200
24.630
22.390
20.380
22.530
25.030
27.810
31.000
31.800
28.920
32.120
31.900
32.850
36.260
37.120
36.800
35.700
32.450
29.580
30.760
27.960
25.420
23.110
20.950
20.300
21.400
19.590
17.820
18.380
16.710
17.750
16.300
17.950
19.940
18.130
16.480
14.980
13.620
15.130
13.750
12.500
11.360
10.330
9.390
8.540
