8.380
8.480
8.480
8.440
8.320
8.250
8.310
8.360
8.300
8.250
8.380
8.500
8.520
8.540
8.400
8.390
8.370
8.290
8.360
8.500
8.500
8.440
8.390
8.360
8.290
8.290
8.400
8.340
8.270
8.180
8.270
8.200
8.300
8.400
8.970
9.000
9.130
9.250
9.290
9.210
9.270
9.510
9.360
9.200
9.210
9.230
9.180
9.230
9.330
9.180
9.140
9.240
9.330
9.350
9.390
9.420
9.390
9.370
9.200
9.300
9.350
9.630
9.710
9.650
9.580
9.750
9.910
9.720
9.750
9.700
9.680
9.670
9.700
9.630
9.650
9.710
9.590
9.560
9.520
9.520
9.600
9.400
9.420
9.320
9.260
9.300
9.210
9.180
9.250
9.100
9.050
9.100
9.060
8.820
9.110
9.500
9.800
10.060
10.100
10.080
10.030
10.050
10.020
9.980
10.010
10.050
10.160
9.980
10.030
10.100
10.170
10.360
10.460
10.400
10.220
10.190
10.300
10.400
11.430
11.500
11.110
11.080
10.910
11.160
11.220
11.250
11.740
12.010
11.280
11.080
11.280
11.460
11.030
10.930
10.460
10.470
10.360
10.300
10.540
10.520
10.380
10.500
10.510
10.710
10.520
10.380
10.410
10.410
10.420
10.480
10.510
10.590
10.620
10.400
10.500
10.690
10.570
10.580
10.560
10.750
10.750
10.440
10.210
10.130
10.120
10.020
9.990
10.260
10.420
10.510
10.380
10.200
9.750
9.750
9.730
9.810
10.120
10.260
10.250
9.980
10.220
10.190
10.360
10.330
10.330
10.320
10.530
10.510
10.430
10.420
10.500
10.270
10.200
10.200
10.110
9.880
9.820
9.860
9.960
10.020
9.800
9.730
9.660
9.620
9.650
9.600
10.010
9.890
9.900
10.450
10.390
10.460
10.650
10.760
10.500
10.380
10.280
10.540
10.500
10.320
10.520
10.550
10.850
10.460
10.250
10.020
9.750
9.680
9.600
9.410
9.220
9.090
9.240
9.080
9.070
9.020
9.050
8.930
8.460
8.370
8.590
8.490
8.590
8.650
8.440
8.290
8.300
8.020
7.850
7.820
7.780
7.970
7.800
7.760
7.590
7.700
7.780
8.020
7.900
7.890
7.620
8.000
7.960
8.010
8.450
8.710
8.690
8.460
8.380
8.420
8.630
8.600
8.410
8.400
8.500
8.550
9.300
9.520
9.760
9.700
9.700
9.550
9.700
9.500
9.810
9.870
9.570
9.330
9.650
9.550
9.310
9.700
9.670
9.960
9.120
9.050
8.810
8.330
8.150
8.140
8.400
8.650
8.450
8.330
8.350
9.280
9.780
9.330
9.150
8.360
8.350
8.190
8.170
7.870
7.580
7.360
7.720
7.510
7.300
7.260
7.070
7.100
7.080
7.080
7.660
8.300
7.980
7.990
8.270
7.880
7.500
7.470
7.510
7.850
7.830
8.300
8.510
9.200
9.820
9.320
10.350
11.450
11.610
11.120
11.570
12.160
12.190
12.220
12.440
12.690
12.490
11.110
10.810
10.820
10.490
10.800
10.960
11.300
12.540
13.920
12.660
11.510
9.860
8.940
7.720
8.310
8.700
8.390
7.290
5.680
6.310
7.010
7.790
8.660
9.620
10.530
9.870
10.970
12.190
13.150
14.100
13.000
14.200
15.700
14.880
15.400
16.900
17.900
35.100
33.810
34.100
33.580
32.800
30.530
32.680
31.800
29.400
27.750
30.800
30.720
30.100
29.630
29.040
27.000
26.100
25.660
24.810
25.450
26.100
25.750
25.140
23.720
22.830
22.380
23.000
23.030
24.110
24.740
24.050
24.150
25.180
25.300
25.730
25.550
24.250
24.150
25.600
24.050
24.710
25.850
26.410
26.000
25.030
25.300
27.000
25.800
26.500
23.500
22.510
22.000
21.000
19.780
19.620
19.000
19.400
19.300
19.200
19.180
19.310
18.110
17.350
15.920
15.880
16.260
16.020
16.250
16.580
16.570
16.600
16.350
16.230
16.160
16.070
16.460
16.500
16.730
16.100
16.310
16.100
16.160
15.940
16.400
16.570
15.520
14.600
15.000
14.660
14.700
14.950
14.410
14.710
14.450
14.220
13.780
13.510
13.990
14.070
14.070
14.200
14.010
14.800
15.250
15.070
14.360
14.210
13.640
14.020
14.600
14.800
14.400
13.900
13.740
14.520
15.650
15.150
14.600
14.580
14.180
13.500
13.270
12.860
12.800
14.080
13.630
14.320
13.960
14.010
14.000
14.210
12.770
12.500
12.260
12.160
12.070
12.020
11.900
12.040
12.050
12.010
12.110
11.740
11.610
12.580
12.480
12.400
12.390
12.400
12.510
12.130
12.280
11.950
11.720
11.380
11.440
11.380
11.630
11.860
11.910
11.630
11.860
12.150
12.260
12.210
12.680
12.790
12.720
12.660
12.710
12.510
12.650
12.440
12.100
12.200
12.620
12.400
11.810
12.030
12.410
12.130
12.250
12.390
11.800
11.530
11.520
11.450
11.220
11.060
11.020
10.610
10.560
10.650
11.170
11.000
10.930
11.190
11.180
11.070
10.960
11.060
11.030
10.910
10.770
10.470
10.590
10.490
10.510
10.390
10.350
10.500
10.420
10.430
10.180
9.970
9.900
9.990
9.810
9.810
9.900
9.900
9.900
9.880
9.730
9.600
9.600
9.690
9.970
