41083.02
26280.30
25345.40
33221.74
27082.36
22038.40
26090.32
32512.32
31356.22
41665.42
38481.25
33378.76
33795.86
43074.12
31045.15
55694.65
38789.04
46416.00
27969.74
37778.78
57194.70
59882.16
37891.86
32344.15
42475.15
57835.31
55827.73
49774.54
91607.91
78682.74
96862.59
67828.21
92450.07
68007.21
62784.20
98273.69
18231.61
20999.20
41559.93
36918.26
27013.86
18384.33
17857.35
16607.60
17091.80
26869.15
21743.00
33567.80
15522.53
22791.53
39380.90
28300.50
29290.83
38645.26
29390.20
39810.30
47116.89
52313.00
57641.93
48303.41
83861.09
58756.61
79758.49
112723.86
64635.16
85398.50
97314.45
116075.18
74448.40
80360.95
42544.80
33796.68
31738.47
31078.54
51227.39
41154.38
42286.53
32332.07
39341.50
38079.33
42475.61
40965.22
49708.69
42258.82
50377.30
74119.38
33535.77
31120.73
48402.45
48125.54
65810.83
72831.47
105512.02
124233.23
57899.98
63842.30
110668.22
150778.88
184568.16
172402.45
324810.25
155044.88
41868.40
52835.19
44650.69
46263.89
73417.44
118751.95
44827.40
47265.00
34726.06
48533.10
64779.27
52808.51
44322.64
36404.24
43678.70
24975.51
25169.36
34803.41
39690.90
31988.05
31911.57
55194.66
115333.44
16580.60
10628.06
14137.02
12893.34
26119.76
9554.69
8157.47
9017.71
12479.40
12657.08
13419.41
11983.94
25131.11
12735.80
15320.31
24837.65
19282.08
14681.61
31984.56
15362.81
13787.60
28156.26
22574.35
33413.66
54042.01
48214.69
50894.52
56912.84
55053.15
68838.20
121843.19
101721.03
40368.97
48736.67
63438.01
54732.12
66173.83
124916.63
23635.14
29006.98
26562.21
27993.98
39342.17
72913.57
22423.20
26590.41
23762.60
26437.30
44153.97
58782.74
23621.60
20085.44
23573.65
31816.31
39482.79
17337.00
21670.01
22951.20
13354.53
14815.57
17877.80
21374.57
28373.70
24194.14
24071.15
15529.42
15352.58
22527.55
25525.08
27780.28
51944.60
40541.29
31651.41
56964.76
58235.70
51856.23
43077.66
87247.70
22479.01
31978.59
19046.54
27137.21
31818.21
27593.63
30795.80
45637.14
35475.11
65837.04
96999.95
104776.74
106530.32
50872.33
60649.60
99386.12
110034.58
56801.81
61563.67
79542.29
76754.91
42797.32
46430.41
46995.60
59091.00
116920.11
91544.98
59549.29
76579.97
115207.35
140133.83
144583.02
228108.50
312578.12
259503.59
212450.62
224200.73
216760.44
130454.26
65984.15
37440.49
47580.81
86000.98
43290.18
55437.46
45300.34
55361.85
51460.85
88592.46
51476.23
50271.09
119281.60
65763.93
36149.98
29210.65
43973.96
39583.35
43922.85
76294.32
39564.73
55668.27
46296.74
42867.63
21344.30
30871.13
54747.52
28117.74
40250.70
21345.98
20747.82
20284.30
32532.61
26502.08
26101.31
31444.61
55502.73
67083.12
91626.63
121206.52
62974.19
17374.77
24948.23
20691.24
10777.62
21427.10
25639.02
20116.41
19406.81
24732.82
31478.06
59869.11
26704.85
28451.16
49424.32
38918.07
60386.04
28800.20
23511.98
25988.41
49017.79
23916.85
28083.73
34487.81
61327.50
40637.94
18030.17
22155.22
26617.52
52438.52
33886.85
29096.37
42727.14
38465.93
24673.08
11939.97
14547.93
22749.38
12466.11
14008.00
12901.28
18650.06
11724.80
19422.78
22368.28
19223.44
16506.04
19115.69
25102.36
47271.66
20118.36
26617.56
32001.27
24242.64
29007.60
37499.77
59004.75
37087.94
20255.59
22453.44
11177.56
13870.03
12223.72
14617.57
12646.33
17565.30
19785.00
15956.44
16266.34
23363.07
25902.74
37716.16
25292.27
19941.20
27626.44
17632.06
24492.90
22738.67
23960.76
4896.70
22674.18
30425.55
19858.00
20522.04
22809.38
20279.75
27672.00
19230.71
31498.63
39753.64
47645.98
84138.84
60500.21
36960.17
22688.23
27993.61
19329.87
19686.74
22748.04
21596.18
27807.76
36579.38
27044.11
34486.75
35750.06
34755.93
44013.00
54080.59
81772.14
36757.36
32523.68
37612.99
41922.17
44190.17
33038.02
47286.22
53751.60
93690.06
117374.13
98993.78
56654.50
80641.09
59297.10
91255.61
66327.69
53173.74
84557.64
59088.79
74751.30
125475.71
116229.08
104648.39
152938.94
130261.65
217818.59
196357.81
192425.78
204330.59
168287.50
166478.41
155838.28
142744.56
56728.42
101974.80
106935.55
73366.18
50697.30
108816.39
97892.01
50263.94
71085.82
89110.04
80425.42
92742.02
126232.36
44637.50
122860.20
121396.11
62623.20
72057.52
51234.00
50682.29
62077.51
31620.00
38185.86
50336.98
86458.18
57688.81
47559.83
48106.71
52924.72
88224.03
129215.93
74288.53
79976.09
84226.90
90316.67
29147.11
42530.68
44983.31
37591.75
60171.10
60788.15
54523.74
48188.20
49316.89
61138.78
79317.34
114621.45
115140.34
171092.34
182261.28
89521.14
57406.12
78158.78
93573.34
80370.70
128061.31
160123.23
253283.67
166556.91
129393.96
16266.00
129443.50
165359.44
111605.49
125085.73
183690.81
89650.60
88254.37
54375.30
45542.76
71586.58
52856.75
42259.96
58007.15
54978.53
86539.05
75519.09
107485.65
147049.84
128180.36
100982.42
120550.49
154429.30
80761.07
101327.37
126423.01
173113.55
174010.05
108584.46
88621.82
129771.12
163811.59
141527.47
112731.61
128384.79
174906.58
62357.62
148802.38
102382.39
63798.14
44647.88
36070.76
22358.68
28758.50
19080.00
21583.26
22291.85
28335.08
22160.43
41407.80
49785.71
41507.62
59373.65
63782.17
47684.89
55002.17
66261.10
71914.69
155202.59
126909.88
29842.66
44548.58
59295.73
62979.99
62374.37
65244.34
43320.74
43016.15
54225.05
76349.53
108428.47
165257.03
52607.21
45934.48
72961.75
46272.95
46157.75
38148.61
27735.19
15278.00
18516.79
24123.60
17359.69
18332.76
18947.56
27740.08
30989.00
79157.37
39487.22
17290.92
18031.29
22288.71
17376.57
15558.80
17668.50
15565.75
16764.86
14493.18
12254.85
32787.39
23015.64
26148.73
26073.29
21514.42
34471.32
37963.44
35408.75
41629.01
47977.60
89069.65
154191.14
143409.88
153974.94
75973.16
60381.56
42260.05
40595.78
48998.56
49425.17
74475.42
92551.16
129777.74
75033.47
47928.13
75664.49
108695.30
149268.41
114029.47
174480.98
108884.93
105726.36
66429.88
96942.92
82029.78
89623.37
128334.40
207715.31
237887.19
235186.70
5500.00
2978.00
1605.00
1061.00
152.00
291.00
162.00
135.00
122.00
845.00
