23.750
23.680
23.730
23.340
23.170
23.260
23.250
23.530
23.400
23.150
23.970
24.010
24.090
23.970
24.000
24.000
24.010
23.660
23.700
24.030
24.700
34.270
34.080
32.800
32.000
31.850
32.980
32.760
32.260
32.110
32.380
33.100
34.610
33.800
33.910
33.050
33.140
32.970
32.780
34.250
34.560
35.010
35.040
35.050
35.000
35.210
35.350
35.010
36.500
36.800
36.990
37.850
37.710
37.480
37.670
37.630
38.010
38.320
38.230
38.020
38.410
39.110
39.110
38.690
38.460
38.100
38.880
39.800
39.760
40.010
39.800
40.180
40.280
39.910
40.000
40.220
40.090
40.100
40.000
40.030
40.230
40.310
40.720
40.490
40.150
40.490
40.400
40.030
40.400
41.040
40.550
40.520
40.120
39.700
39.700
39.760
39.800
40.120
39.880
39.900
39.900
39.510
39.560
39.450
39.220
39.260
38.810
39.620
39.750
39.140
39.020
39.120
38.660
38.010
41.010
41.600
41.580
42.000
41.720
41.800
42.680
42.720
42.130
41.920
42.070
41.700
41.830
41.250
41.830
41.610
41.710
41.470
41.500
41.140
41.070
40.800
41.120
41.200
43.200
43.570
43.100
43.200
42.560
43.100
44.000
44.010
44.120
44.870
44.510
45.260
45.360
45.460
44.810
44.020
43.590
44.150
44.200
44.000
43.900
43.400
42.650
43.060
42.680
42.940
44.030
44.490
44.150
43.000
43.610
43.190
43.200
43.070
42.710
42.620
43.260
43.100
42.430
42.700
41.930
42.010
42.030
41.810
41.000
40.680
40.710
40.500
40.400
40.400
41.050
41.000
40.680
40.500
40.750
40.210
40.660
41.020
41.820
41.770
41.510
41.040
41.260
42.620
43.020
42.870
43.040
43.000
43.090
42.830
43.400
43.930
44.880
43.390
43.330
43.520
43.770
42.860
42.600
42.600
42.800
42.330
41.600
42.030
41.800
42.060
41.900
41.200
42.200
41.850
42.300
43.650
43.460
44.000
45.370
45.350
45.190
45.680
45.470
45.270
45.710
45.030
45.400
46.160
45.790
44.900
44.660
43.580
43.890
43.810
43.780
43.100
42.390
41.870
43.300
43.660
43.710
43.270
43.680
43.890
41.030
40.020
40.500
40.900
40.870
40.700
39.910
39.520
39.650
38.300
38.160
38.280
37.610
38.560
38.800
39.360
38.590
38.700
38.520
39.010
38.380
38.610
38.110
38.400
38.300
38.300
39.860
41.100
41.600
40.960
40.000
39.610
39.440
38.510
38.080
38.300
38.740
38.820
41.600
42.010
41.500
41.210
40.960
40.100
39.920
39.380
39.900
40.580
39.800
39.800
41.050
39.470
38.500
39.290
38.700
39.120
39.230
39.400
39.140
37.610
36.650
36.750
37.120
36.920
35.410
35.410
35.500
35.000
35.600
34.690
36.510
35.000
34.480
34.010
36.000
36.260
39.500
40.010
38.600
37.900
38.610
38.260
37.190
35.900
37.410
37.340
36.450
36.630
36.000
35.700
35.890
36.180
37.300
39.230
38.200
39.340
40.280
40.250
39.190
40.000
37.770
39.010
37.550
38.230
39.400
42.620
45.000
44.960
49.800
54.010
53.610
53.410
53.500
55.100
54.800
55.100
55.880
56.130
54.640
54.000
53.650
52.900
51.800
52.360
53.000
54.800
53.000
51.980
53.200
52.130
52.000
54.310
51.950
54.000
57.250
56.880
56.210
57.600
56.200
55.600
54.450
58.000
58.320
53.120
46.670
44.090
44.500
44.610
43.800
41.780
40.570
39.100
38.450
37.550
37.600
39.050
38.770
39.010
36.300
36.100
36.550
34.380
34.000
35.000
37.560
37.100
37.210
34.700
35.000
33.480
36.350
40.300
41.100
39.120
35.650
38.650
42.940
46.660
48.510
45.600
46.680
49.800
50.810
49.140
49.940
51.700
48.590
48.140
46.360
47.500
44.560
43.160
47.000
47.800
47.000
47.200
52.440
58.000
56.630
56.300
54.360
55.800
53.000
48.500
53.610
58.380
56.000
51.390
41.550
46.170
51.300
51.880
49.970
51.040
52.800
45.800
48.590
53.990
59.150
62.700
57.750
59.370
65.000
66.500
66.210
72.950
78.880
79.530
76.180
82.380
211.010
221.000
217.530
232.000
213.000
214.030
182.360
193.000
182.000
177.200
167.000
169.030
160.050
148.000
147.110
149.010
143.080
144.400
138.300
134.100
129.520
123.660
121.100
123.200
122.020
125.510
128.180
120.500
120.000
124.200
120.200
123.150
124.100
117.500
118.080
130.000
123.330
128.550
133.000
128.300
120.000
117.120
121.000
116.010
113.800
113.220
108.500
107.100
106.200
110.220
109.010
107.520
105.000
100.800
99.010
98.200
97.100
94.110
92.750
90.830
89.000
90.700
91.190
90.000
91.200
92.600
92.000
91.700
92.880
91.200
91.010
90.880
93.100
93.000
91.470
89.300
87.790
87.000
87.050
87.400
91.260
91.900
92.500
90.810
92.140
93.360
93.220
93.810
95.020
97.000
94.280
95.230
92.820
81.100
79.600
79.000
78.500
77.980
77.100
79.000
79.500
79.720
78.600
77.500
79.650
79.400
80.760
83.900
84.000
82.050
80.700
79.500
83.300
87.900
89.030
91.710
90.620
90.680
87.500
87.050
86.010
91.000
92.600
97.710
96.460
96.000
94.770
97.320
97.280
95.900
95.300
98.000
94.980
93.000
93.700
94.200
92.750
91.050
99.500
97.500
94.480
93.000
92.800
91.150
90.510
91.280
91.280
90.700
92.100
91.000
88.000
89.210
88.400
87.300
88.020
90.560
91.020
84.820
82.920
81.200
81.330
80.000
81.640
82.820
82.010
82.250
81.610
80.300
80.810
80.800
80.300
79.990
82.000
81.010
80.000
81.680
81.200
85.550
86.690
86.530
86.200
86.400
85.400
84.000
85.640
84.200
79.000
76.050
72.330
70.670
72.500
70.600
69.970
68.610
68.600
67.900
67.610
67.480
67.580
70.100
70.060
70.020
69.780
70.020
70.510
70.690
70.830
70.850
71.000
73.060
72.000
72.510
70.390
66.600
67.310
65.900
68.000
71.710
68.880
74.210
67.460
61.330
55.750
50.680
46.070
