32.000
32.000
31.950
32.200
31.880
32.060
32.100
32.780
32.480
31.510
32.700
32.730
32.840
32.350
32.390
32.070
32.030
31.500
31.600
32.220
32.300
31.470
31.680
32.210
35.740
39.710
44.120
47.640
47.570
47.720
47.000
47.300
49.000
49.030
49.010
50.020
50.060
48.510
48.360
48.080
48.210
48.090
47.840
47.560
47.680
47.500
47.580
47.440
45.900
44.080
43.000
44.640
49.500
49.100
50.600
51.800
52.600
52.250
52.650
52.890
50.800
50.410
50.010
52.540
52.720
51.980
52.600
52.970
52.600
52.230
51.770
50.730
50.250
49.090
47.550
48.690
51.380
52.450
52.960
52.040
51.150
52.620
53.470
52.280
53.730
55.000
54.260
56.680
57.090
55.660
53.880
54.100
53.730
53.730
53.650
53.780
53.200
52.700
51.610
52.210
51.610
52.510
51.700
51.610
50.080
48.800
49.330
49.020
50.500
51.010
51.010
49.480
48.650
48.000
47.050
47.560
48.330
48.510
48.000
47.630
46.980
46.560
47.000
47.340
46.750
47.680
49.900
52.020
53.130
58.040
57.600
52.020
50.430
48.500
50.360
51.970
51.630
50.230
49.500
49.480
42.720
47.260
47.880
47.600
47.830
47.610
47.960
47.620
47.410
48.300
49.500
48.200
48.600
46.970
46.610
47.070
46.760
46.350
46.520
48.010
48.520
47.600
48.040
47.500
49.060
48.100
47.140
50.510
46.510
48.500
48.210
47.900
47.730
47.330
46.100
45.850
45.820
46.800
45.710
46.400
42.030
40.730
40.300
40.170
39.820
39.770
41.660
40.830
39.560
36.850
37.400
36.100
37.060
36.550
37.060
37.770
38.880
37.800
35.000
36.700
34.010
31.200
32.930
35.610
37.490
41.000
42.210
42.690
42.010
43.180
42.020
40.970
39.820
41.150
40.050
38.700
37.630
37.410
35.550
36.680
38.280
42.530
43.880
42.310
41.280
42.500
37.980
35.300
37.000
35.510
39.300
42.550
47.280
49.260
54.670
56.000
55.630
61.810
66.000
64.400
60.990
60.180
62.220
58.070
58.120
61.310
62.360
61.310
60.700
59.200
59.780
57.500
59.110
61.100
57.020
55.900
55.820
54.260
55.210
51.920
55.700
57.600
57.650
63.110
58.560
53.510
51.810
45.900
44.320
44.100
46.620
44.510
46.710
48.240
45.050
45.250
42.990
43.710
42.920
42.800
37.320
39.200
40.500
41.380
38.500
36.030
38.850
38.210
37.000
38.170
41.610
41.600
41.600
41.410
41.670
42.680
42.000
41.880
40.990
36.030
37.000
37.100
33.700
33.700
33.520
34.810
34.180
34.500
34.000
32.650
30.600
29.270
32.210
32.610
33.550
31.200
31.000
32.100
30.960
32.450
33.020
32.830
33.370
28.100
29.320
32.290
35.520
36.820
40.910
45.460
43.300
44.300
45.320
45.580
44.310
43.410
43.200
42.930
41.010
39.690
41.900
44.500
42.000
35.880
37.500
39.320
38.750
36.410
35.200
35.110
33.890
28.010
30.650
31.100
29.650
27.000
22.440
23.260
25.840
28.120
31.240
34.710
38.570
38.410
42.680
45.900
47.000
46.000
43.600
42.660
46.000
47.000
45.660
49.620
53.010
53.450
50.100
49.030
50.000
53.450
54.000
58.440
59.200
53.500
50.090
55.200
56.000
50.050
46.520
44.320
43.500
43.600
44.700
42.320
41.500
39.850
39.080
39.350
41.000
39.700
37.640
38.000
36.560
33.060
32.400
31.110
31.310
32.230
31.030
31.410
31.330
30.300
30.340
31.700
31.460
32.400
32.700
32.210
31.700
31.170
31.000
31.710
31.000
28.810
28.500
27.800
28.030
27.000
27.050
24.590
22.350
20.320
18.470
13.990
