-1.180
0.140
-0.350
0.220
1.200
0.060
0.020
0.240
0.710
-0.210
-0.600
1.240
-0.530
0.560
0.050
0.610
-0.620
0.830
-1.070
0.260
0.000
1.250
-0.080
0.480
0.870
-1.640
-0.340
0.180
-0.090
1.540
-1.040
-1.680
0.140
-0.820
-0.520
1.000
-0.910
0.080
1.650
-0.870
1.300
0.180
-0.310
-0.680
0.470
-0.060
1.390
1.290
-0.070
-0.370
-0.410
-0.470
-1.150
0.780
0.380
0.170
-0.690
0.680
-0.860
1.090
-2.060
-1.500
-0.100
0.840
-0.540
-0.650
-2.910
-1.840
0.430
0.430
-1.280
-0.090
0.220
1.370
-1.050
1.460
-0.190
0.190
0.770
-0.310
-1.900
-0.180
-0.190
1.350
0.230
0.520
-0.930
2.950
-1.150
0.500
1.150
-0.700
1.240
-0.850
-1.380
2.510
0.810
0.280
1.900
-1.460
-0.020
0.800
-0.660
2.490
0.340
-0.580
0.550
-1.670
-0.460
1.540
-0.640
-3.950
2.960
1.700
-0.680
0.030
4.040
3.670
3.340
10.190
