27.520
25.020
24.780
26.410
26.030
24.890
25.100
24.760
25.460
25.290
25.440
26.560
26.840
26.930
26.490
26.760
26.650
26.000
24.640
25.470
26.610
26.680
25.270
25.450
24.970
24.810
27.050
27.140
27.490
28.100
27.500
27.390
29.880
30.300
31.390
30.690
29.650
31.160
31.110
31.880
32.860
95.260
100.870
96.880
101.600
100.840
101.260
101.340
99.680
96.760
93.160
90.520
92.470
94.030
93.040
88.150
88.450
92.020
91.460
92.220
95.920
106.380
102.360
98.400
98.950
98.660
100.220
98.600
98.580
98.460
95.330
94.340
90.260
88.170
89.400
89.800
85.520
84.330
82.340
87.140
83.070
83.710
83.590
84.220
82.420
83.840
83.650
82.750
77.140
79.100
75.290
70.760
68.230
69.580
70.280
68.920
67.340
68.640
62.400
63.910
64.350
63.160
65.470
62.900
66.540
65.950
59.950
59.230
55.550
53.310
53.900
54.010
51.650
49.410
51.290
50.590
54.010
50.670
46.060
41.870
38.060
34.600
31.450
