41.280
41.550
41.740
41.920
41.040
40.850
40.810
41.410
41.450
41.050
41.400
42.110
42.640
43.510
41.790
41.830
40.390
40.290
39.250
40.730
40.670
41.370
39.590
39.930
37.250
36.110
38.380
38.390
38.190
38.020
37.420
39.710
41.970
41.460
42.300
41.780
40.960
41.250
42.520
43.710
44.530
44.020
44.540
45.480
45.720
45.060
45.860
46.330
45.430
45.670
45.310
46.920
47.240
47.640
46.930
47.110
49.130
49.530
49.080
50.480
49.530
53.540
54.070
53.720
53.330
53.720
53.770
56.260
61.320
61.320
61.590
59.850
60.000
59.640
58.810
60.500
59.290
59.180
60.290
57.450
56.640
57.540
58.420
57.500
56.380
56.090
57.280
58.360
56.300
57.640
55.900
53.520
53.430
52.450
54.130
53.600
54.280
54.190
54.000
53.070
54.800
54.790
54.110
55.260
54.080
54.240
53.330
49.500
51.170
51.050
49.850
47.960
49.930
47.520
51.410
53.820
54.840
56.710
57.010
56.590
59.730
61.320
60.900
59.700
59.410
60.650
61.590
60.060
59.810
63.390
64.100
63.850
63.560
64.310
63.630
62.880
64.090
64.280
69.990
72.590
72.690
72.000
71.420
73.400
77.910
77.110
77.820
81.870
86.510
84.000
84.900
82.090
80.960
84.000
87.450
80.730
85.370
77.610
70.550
64.140
58.310
53.010
48.190
43.810
39.830
36.210
32.920
29.930
27.210
24.740
22.490
