14.560
14.470
14.410
14.480
14.490
14.500
14.450
14.570
14.580
14.560
14.760
14.890
14.870
14.890
14.890
15.190
14.760
14.740
14.730
14.760
14.890
15.000
14.910
14.970
14.930
14.750
14.780
14.800
14.680
14.600
14.380
14.380
14.500
14.560
14.680
14.550
14.480
14.400
14.310
14.520
14.650
14.540
14.680
14.840
14.930
14.990
15.000
14.940
14.890
14.890
14.730
14.930
14.780
14.660
14.930
15.210
14.790
14.930
15.010
14.940
14.910
15.160
15.170
15.130
14.900
14.850
15.250
15.440
15.300
15.300
15.330
15.500
15.610
15.800
15.820
16.170
15.550
15.630
15.520
15.550
15.470
15.570
15.610
15.650
15.530
15.670
15.650
15.370
15.260
15.530
15.600
15.480
15.490
15.170
15.100
15.080
15.040
15.180
15.350
15.340
15.570
15.430
15.380
15.380
14.880
15.010
14.610
14.580
14.720
14.600
14.390
14.320
14.560
14.160
15.320
15.710
15.820
16.240
16.330
16.150
16.670
16.950
17.080
18.620
19.330
19.060
18.600
19.140
18.720
17.750
17.660
17.530
17.530
17.480
17.660
17.270
17.160
16.780
17.250
17.170
16.930
16.950
16.740
16.500
16.910
17.020
16.650
16.400
16.330
16.230
16.200
16.200
15.990
15.900
16.070
16.010
16.160
15.880
15.790
15.830
15.620
15.780
15.820
15.700
15.710
15.690
15.720
15.600
15.570
15.780
15.960
15.860
15.440
15.240
15.370
15.440
15.160
14.820
14.980
15.040
15.000
14.930
14.850
14.570
14.520
14.440
14.610
14.420
15.100
15.220
15.220
15.180
15.230
15.190
15.220
15.110
15.870
16.040
16.060
16.240
16.400
16.150
16.000
16.230
16.120
16.150
15.700
15.390
15.950
15.900
16.010
15.990
15.990
16.300
16.290
16.600
15.710
15.490
15.830
16.170
16.330
16.490
16.090
15.270
15.150
14.990
15.780
16.700
16.620
17.400
17.270
16.380
15.620
15.080
15.110
15.240
15.290
15.130
15.180
15.070
15.150
15.370
15.470
15.000
14.510
14.590
14.320
14.530
14.420
14.670
13.890
13.580
13.790
14.080
14.080
28.990
28.940
29.020
29.250
27.590
27.070
29.110
29.430
28.890
28.800
28.160
27.350
27.300
26.180
26.240
26.400
26.050
26.230
26.060
25.520
25.160
25.000
26.410
26.520
26.230
26.690
27.330
27.640
27.500
28.760
28.690
28.340
28.180
27.200
27.590
28.450
28.430
28.380
27.440
27.100
27.550
29.100
29.600
29.880
30.260
29.020
28.050
28.320
27.530
27.590
28.310
28.360
27.760
28.230
27.150
26.140
27.000
27.500
26.360
27.200
27.070
26.770
26.030
25.130
24.310
24.980
25.050
24.090
23.900
24.160
24.710
24.560
23.950
25.490
25.850
25.200
23.000
24.920
24.800
27.500
28.000
28.400
27.950
27.680
28.050
27.300
25.800
26.540
26.490
25.390
25.540
24.420
24.050
22.660
25.050
26.070
28.930
28.950
28.600
29.170
29.510
28.150
28.220
30.550
29.910
33.060
32.350
32.790
31.170
34.630
33.520
34.900
38.800
40.180
40.010
41.500
43.450
44.890
42.460
43.800
46.270
44.880
44.500
42.990
41.800
41.450
42.050
42.020
41.500
39.900
42.580
43.350
42.750
41.010
41.500
44.500
41.750
38.600
37.800
36.090
35.700
36.210
35.190
33.330
35.160
34.000
34.230
36.150
34.590
33.430
32.560
32.940
32.800
31.950
29.660
29.250
29.800
28.530
26.700
27.490
27.280
27.350
26.400
24.990
27.360
27.090
27.290
27.180
26.470
27.720
25.210
23.710
23.580
22.420
22.370
22.960
21.450
22.990
22.680
22.750
22.780
20.900
20.480
21.010
19.120
21.060
23.400
22.600
23.340
21.220
19.300
18.370
20.120
22.320
24.500
22.550
21.700
23.330
25.920
28.760
31.930
35.330
34.730
38.600
39.120
36.120
36.080
37.480
35.100
32.860
31.860
34.000
32.850
29.880
28.580
28.000
28.310
25.750
26.620
29.610
30.150
27.830
26.860
26.100
26.300
24.270
23.580
26.200
23.820
21.650
19.680
17.890
19.880
22.100
23.990
26.650
29.670
32.840
30.980
34.420
38.300
41.700
39.450
36.110
40.070
43.280
42.230
45.900
48.520
47.890
47.140
44.580
41.820
45.150
46.660
50.820
49.930
48.240
48.670
50.070
53.040
48.220
43.840
39.850
39.150
38.440
38.620
38.140
34.670
35.170
31.970
29.940
28.150
26.310
25.470
28.300
27.400
26.820
26.870
26.830
26.110
26.550
26.160
26.880
26.370
26.000
24.860
26.820
27.580
26.290
28.860
27.040
24.580
23.500
23.980
24.520
23.820
23.800
24.220
22.360
22.270
22.220
22.060
22.410
22.210
22.830
22.760
22.760
22.200
22.170
21.090
20.490
20.300
20.810
21.260
21.350
22.730
20.660
18.780
17.070
15.520
14.110
12.830
11.660
10.600
