12.720
12.680
12.640
12.620
12.320
12.160
12.160
12.200
11.760
11.650
11.800
12.160
12.300
12.360
12.150
12.190
12.150
12.230
11.870
11.790
12.010
11.860
11.610
11.570
11.280
11.410
11.950
11.760
11.400
11.280
11.450
11.630
11.630
11.400
11.490
11.160
11.220
10.500
9.960
10.010
10.140
10.410
10.560
10.990
11.120
11.110
10.750
10.290
10.540
10.730
10.740
11.300
11.070
10.300
10.130
9.550
10.070
10.090
10.300
10.160
10.220
10.090
10.070
10.040
9.930
9.520
9.400
9.300
9.270
9.230
9.280
9.540
9.590
9.730
9.700
9.650
9.250
9.390
9.350
9.830
9.910
9.900
9.670
9.730
9.670
9.680
9.630
9.630
9.540
10.520
10.320
10.980
11.020
11.030
11.210
11.360
11.310
11.360
11.020
11.000
11.020
11.250
11.200
10.880
11.080
11.120
11.150
11.130
10.920
11.510
11.470
12.080
13.330
12.910
13.240
12.860
12.910
12.670
12.750
12.970
12.910
13.150
12.950
12.640
12.570
12.540
12.200
12.080
11.680
11.420
11.470
11.620
11.430
11.140
10.720
11.370
11.700
11.660
12.000
12.090
11.880
11.130
11.160
11.600
12.820
13.180
13.180
13.300
13.220
13.000
12.340
12.280
12.860
12.430
13.180
12.460
12.530
11.750
11.020
10.760
11.320
11.380
10.250
9.570
9.390
9.610
9.580
10.510
11.100
10.950
9.800
9.400
9.210
9.500
9.370
8.900
9.130
9.290
9.710
9.480
9.440
9.360
10.220
10.800
10.250
11.360
12.560
12.650
12.250
12.500
13.010
12.900
13.750
14.300
14.210
13.650
13.800
13.760
13.090
12.790
12.500
12.960
12.600
13.000
14.110
14.640
13.810
14.150
13.000
13.240
14.520
13.300
12.200
11.990
11.690
11.400
11.320
11.450
10.560
10.860
11.390
11.300
10.450
10.050
10.100
9.910
9.350
9.200
9.230
9.650
9.780
9.750
9.110
9.540
9.200
8.800
9.000
9.630
9.660
9.250
9.050
9.050
9.090
8.800
8.440
8.320
8.050
8.010
8.000
8.000
8.210
8.200
8.480
8.160
8.070
7.940
7.410
7.310
7.630
8.280
8.420
8.290
7.520
7.510
7.190
7.870
8.660
8.480
7.900
7.990
8.880
9.870
10.750
11.350
10.460
11.620
12.280
12.660
12.210
11.910
12.080
11.540
11.080
10.420
10.790
10.280
9.910
10.500
10.950
9.770
10.430
11.590
12.730
12.100
11.700
11.360
11.240
10.880
9.880
10.870
11.890
11.620
11.060
8.850
9.830
10.920
12.130
13.480
14.980
16.640
15.920
16.340
17.840
19.340
19.200
16.970
18.290
20.250
19.810
21.370
22.300
22.100
21.800
21.560
21.860
22.500
22.480
19.700
21.010
20.900
20.010
19.150
20.230
20.870
21.060
19.650
18.410
18.120
17.910
17.450
17.710
17.740
17.120
16.510
16.010
15.390
14.360
13.610
13.510
13.470
13.760
14.510
13.830
13.160
14.310
14.580
14.410
14.720
14.010
14.250
15.480
15.010
14.770
14.380
14.200
13.720
13.600
14.300
14.710
14.730
14.510
14.410
13.890
13.850
13.660
12.180
12.190
12.200
12.540
12.480
12.400
12.170
12.090
11.980
11.810
11.480
11.440
11.700
11.500
11.450
11.160
10.860
10.680
10.620
10.450
10.200
10.180
10.240
10.180
10.050
9.920
9.880
9.850
9.850
9.890
10.180
10.300
10.180
10.020
10.230
10.250
10.390
10.400
10.220
10.360
10.200
10.060
9.830
9.580
10.170
10.050
10.060
10.160
10.100
10.680
10.830
11.030
11.000
10.620
10.520
10.800
10.900
10.930
10.800
10.630
10.580
10.590
10.460
10.790
10.560
11.050
10.970
11.020
10.780
10.630
10.750
11.140
11.050
11.710
11.400
11.350
11.150
11.200
11.470
11.410
11.050
10.880
10.800
10.850
10.920
10.860
10.720
10.650
9.990
10.230
10.200
10.530
10.550
10.340
10.330
10.230
10.220
10.080
10.110
10.050
9.870
9.660
9.710
9.670
10.000
10.120
10.250
10.210
10.700
10.740
10.800
10.770
10.840
10.900
11.070
11.110
11.020
10.960
10.530
10.320
10.220
10.270
10.460
10.460
10.430
10.550
10.690
10.410
10.490
10.400
10.550
10.550
10.450
10.440
10.340
10.230
10.060
10.010
10.160
10.120
10.470
10.800
10.640
10.800
10.870
10.730
10.620
10.700
10.840
10.800
10.820
10.700
10.890
10.870
11.000
10.880
11.040
11.090
10.750
10.700
9.660
9.360
9.050
9.260
9.150
9.160
9.410
9.110
9.220
9.250
9.250
9.280
9.260
9.460
9.300
