25.900
26.200
26.060
26.250
25.860
25.820
25.660
25.840
26.050
25.680
25.880
26.060
26.110
26.320
26.330
27.100
26.440
25.570
25.010
25.990
25.510
25.710
25.070
25.000
24.650
24.180
25.470
25.030
24.940
24.930
24.610
25.240
26.820
25.800
26.050
25.850
25.390
28.030
28.650
28.910
29.290
28.670
29.340
30.140
30.930
30.670
31.360
31.490
30.440
29.740
29.570
29.310
28.410
29.150
29.420
30.100
28.980
30.270
30.220
30.800
30.170
31.690
31.840
31.780
31.370
30.820
33.250
34.890
35.580
36.250
36.940
37.040
36.440
37.070
37.630
37.200
36.190
36.270
34.320
33.950
33.230
33.540
34.060
33.340
32.370
32.350
32.760
33.290
32.970
33.690
33.000
32.990
32.200
31.530
32.020
32.420
32.530
32.580
32.240
32.760
31.500
31.070
31.510
30.520
30.520
30.400
29.940
30.690
30.440
29.950
29.540
30.280
29.660
32.510
34.180
35.190
36.920
36.900
36.700
37.760
37.990
37.830
37.280
37.740
37.800
37.920
38.420
37.610
38.840
39.260
37.940
37.810
38.320
37.550
37.020
37.770
37.520
40.780
41.830
42.530
41.880
41.540
42.410
44.820
44.090
44.010
45.830
45.500
46.290
47.030
48.990
49.440
47.480
46.430
48.010
47.280
47.580
49.250
51.310
49.900
51.300
49.700
50.380
45.800
41.700
41.320
39.760
40.480
40.250
40.010
40.820
40.300
39.630
39.880
40.100
39.750
38.850
39.610
40.100
40.360
39.560
39.310
38.110
38.330
38.430
38.940
38.900
42.370
44.090
44.810
43.270
42.370
42.240
42.400
42.680
42.920
42.950
42.920
43.320
42.860
43.000
43.880
44.940
44.370
44.410
44.080
44.580
44.910
45.520
44.930
46.720
47.560
48.460
48.450
46.840
45.000
44.800
46.590
45.750
45.180
44.630
45.750
45.840
43.290
42.810
45.100
45.080
45.200
49.520
48.960
49.490
53.020
52.840
53.150
53.410
56.170
56.180
56.330
55.930
53.960
58.750
61.170
58.920
61.040
56.790
55.150
54.420
60.250
54.800
53.550
49.960
50.840
52.530
53.920
52.610
52.540
51.000
47.680
46.530
48.630
53.990
50.670
46.060
41.870
38.060
34.600
31.450
28.590
25.990
23.630
21.480
19.530
17.750
16.140
14.670
