26.240
26.140
26.210
25.900
25.700
25.670
25.720
26.060
25.680
25.880
26.000
26.110
26.580
26.210
26.880
26.400
25.520
25.010
25.700
25.510
25.800
24.980
24.860
24.810
23.500
25.200
25.760
24.900
25.000
24.200
25.000
26.900
26.020
25.610
25.600
25.100
27.890
28.400
28.500
29.200
28.690
29.350
29.880
30.960
30.480
31.360
31.200
30.220
29.780
29.150
29.980
28.800
29.140
29.410
30.110
28.620
30.250
30.170
30.590
30.160
31.280
32.020
31.800
31.200
31.200
32.770
34.890
35.600
36.260
36.670
37.040
36.340
36.600
37.560
37.280
36.000
35.620
34.460
34.070
33.200
33.400
34.000
33.500
32.490
32.100
32.940
33.380
32.850
33.700
33.160
32.930
32.340
31.690
32.150
32.420
32.660
32.450
32.060
32.690
31.500
31.080
31.340
30.560
30.690
30.450
30.050
30.690
30.580
30.000
29.590
30.000
29.250
31.800
33.890
35.010
36.900
36.990
36.790
37.700
38.100
37.840
37.000
37.610
37.810
37.800
38.130
37.100
38.830
39.480
37.980
37.800
38.500
37.560
36.910
37.900
37.530
40.410
41.550
42.700
42.250
41.780
42.300
44.780
44.150
43.700
45.830
45.490
46.000
47.050
48.660
49.730
46.660
46.800
47.500
47.440
47.930
48.800
50.290
50.180
50.070
49.130
55.380
50.380
41.390
41.000
39.760
40.380
40.160
39.880
40.550
40.380
39.560
39.980
39.900
40.100
38.850
40.000
39.970
40.300
39.500
39.600
38.490
38.380
38.420
38.950
39.100
42.010
43.870
44.650
43.280
42.410
42.640
42.080
42.700
41.880
42.970
42.550
43.490
42.860
43.420
43.600
44.750
44.220
44.490
43.940
44.700
44.700
45.460
44.480
46.800
47.520
48.140
48.300
47.150
45.280
44.850
46.000
45.900
45.020
44.500
45.010
45.500
43.450
42.890
44.490
45.000
44.850
49.390
48.910
48.450
51.900
53.500
53.390
53.410
55.650
56.470
56.000
55.910
53.000
58.500
60.680
59.000
59.120
57.650
54.360
54.720
57.000
54.300
53.400
49.000
50.500
52.000
52.500
53.180
52.000
51.880
47.200
45.000
45.910
51.000
51.110
46.080
43.000
41.870
38.060
34.600
31.450
28.590
25.990
23.630
21.480
19.530
17.750
16.140
14.670
