39.900
39.350
39.200
38.680
38.310
38.670
38.850
37.620
36.480
36.410
36.820
37.120
36.990
36.350
37.210
36.870
37.160
36.730
36.680
36.790
37.640
37.500
36.400
36.420
34.500
35.710
36.500
34.300
34.760
35.400
35.320
35.100
34.380
34.190
34.720
33.920
34.680
33.110
32.440
33.340
32.710
33.080
33.140
33.550
33.590
33.560
33.880
31.250
31.110
31.010
30.630
31.180
31.340
30.250
30.820
31.050
32.040
32.300
32.950
32.420
34.450
35.600
35.560
34.900
35.150
35.750
38.630
39.590
39.800
38.770
40.180
39.100
38.650
38.000
39.330
38.370
38.500
38.410
38.180
38.540
39.860
39.140
38.850
37.830
38.000
38.100
38.500
37.140
37.310
37.010
35.800
36.270
35.460
36.400
37.490
37.550
35.370
35.120
33.980
35.140
35.000
33.900
34.250
33.100
33.850
34.120
33.390
33.970
30.880
28.070
25.520
