28.590
28.200
29.370
29.280
29.280
29.550
29.700
29.200
28.290
28.450
28.580
28.960
28.450
27.300
26.070
26.490
28.200
26.500
26.050
26.000
27.100
29.260
29.800
29.790
29.750
29.280
29.090
29.650
30.680
32.920
30.150
31.310
31.890
31.680
31.990
31.980
32.210
31.990
31.460
30.500
30.200
30.300
30.250
30.190
31.550
35.600
36.970
36.760
37.120
37.200
38.980
40.150
40.440
39.890
39.780
40.500
44.010
45.860
45.880
45.800
47.450
47.680
48.050
44.660
44.750
43.880
43.140
43.540
43.050
43.200
45.770
46.560
45.420
44.600
45.440
45.500
45.650
48.070
52.300
54.770
54.630
52.490
52.000
52.530
50.000
48.800
48.520
48.380
48.500
47.550
46.800
45.880
45.570
44.870
43.350
40.880
40.600
40.200
40.290
39.770
39.950
42.940
43.000
42.420
41.400
41.480
41.120
42.090
41.890
42.580
45.000
47.870
46.990
47.780
43.750
44.430
45.250
44.450
49.780
50.490
50.000
53.700
60.700
59.700
54.270
50.940
46.310
42.100
38.270
34.790
31.630
28.750
26.140
23.760
21.600
19.640
17.850
16.230
14.750
13.410
