11.500
11.370
11.390
11.200
11.060
11.230
11.180
11.170
11.080
11.080
11.350
11.520
11.610
11.430
11.590
11.350
11.320
11.070
11.380
11.530
11.700
11.350
11.140
11.020
10.930
11.500
11.610
11.690
11.510
12.050
11.890
12.090
12.120
12.010
12.220
12.200
12.300
12.130
12.120
11.820
11.680
11.640
11.740
11.910
11.590
11.440
11.360
11.310
11.390
11.320
12.070
12.050
12.400
13.000
13.590
13.180
13.500
13.460
13.280
13.180
13.500
13.650
13.280
13.000
12.790
13.300
13.550
13.690
13.720
13.580
13.740
13.860
13.890
13.840
13.940
13.790
13.810
13.830
13.880
13.740
13.980
14.220
14.180
14.120
14.030
14.140
13.880
14.000
14.400
14.390
14.300
14.440
14.440
14.480
14.620
14.470
14.480
14.230
13.930
13.760
13.780
13.580
13.360
13.300
13.220
13.390
12.980
13.050
12.720
12.410
12.580
12.790
12.790
13.600
13.860
14.300
14.590
14.310
14.300
14.330
14.300
14.100
13.800
14.100
14.120
14.120
14.100
14.060
14.500
14.500
14.200
14.180
14.090
14.080
13.830
13.950
13.860
14.700
14.790
15.110
15.070
15.090
16.050
16.700
16.440
16.370
16.850
16.570
16.500
16.710
17.190
17.230
17.110
16.110
16.520
16.720
16.550
17.010
17.020
16.460
16.700
16.990
14.990
14.700
14.570
14.680
14.530
14.510
14.700
14.650
14.840
14.750
14.650
14.920
14.490
14.590
14.310
14.780
14.400
14.400
14.340
14.150
13.920
13.890
13.850
13.860
13.520
14.110
14.600
14.380
13.910
14.040
13.720
13.800
13.750
14.100
14.620
14.530
14.490
14.290
14.420
14.510
14.620
14.830
14.890
14.850
14.740
14.660
14.330
14.470
14.520
14.640
14.740
14.760
14.710
14.400
14.450
14.810
14.340
14.090
14.200
14.490
14.320
14.470
14.300
14.820
15.610
16.000
17.250
16.500
16.500
16.590
16.480
17.000
17.270
16.790
17.150
17.560
17.300
17.570
18.150
19.280
55.500
54.000
55.050
59.400
53.370
57.710
55.100
53.200
50.480
45.280
45.000
52.000
51.280
48.770
47.330
49.600
48.280
50.000
52.500
48.100
44.430
44.160
42.910
48.550
50.150
52.530
47.750
41.240
41.300
40.790
36.500
34.130
37.920
36.520
35.210
34.000
36.090
34.300
37.710
38.200
42.010
40.640
38.440
42.350
42.130
38.000
36.500
41.110
40.000
42.920
41.500
47.000
51.600
53.800
55.010
50.000
55.000
57.590
57.820
59.950
58.900
61.980
55.200
58.200
59.200
59.080
60.780
55.880
48.500
43.970
43.000
45.010
51.990
51.000
45.000
39.800
39.700
38.000
35.150
33.750
35.250
34.980
34.410
35.130
34.120
33.090
31.940
36.300
35.500
36.000
34.380
31.810
33.430
32.980
31.000
29.740
29.000
27.920
28.150
28.410
31.560
31.650
31.700
29.840
27.830
29.270
29.800
26.050
30.400
27.660
27.930
28.500
28.500
26.070
26.140
26.000
30.000
33.000
33.600
32.590
29.530
29.530
35.020
38.000
39.560
38.000
43.700
42.500
42.600
40.400
42.150
43.000
40.700
39.080
39.510
40.200
37.500
39.000
39.980
45.400
42.000
41.430
48.000
55.580
51.880
52.090
47.000
48.000
45.900
48.080
53.420
62.000
60.400
59.950
81.000
74.010
87.000
87.000
75.800
73.900
64.990
63.580
63.800
56.380
58.000
64.000
61.650
60.110
65.020
77.000
66.000
58.490
58.480
63.780
66.200
70.880
71.310
80.000
101.700
83.500
84.100
76.450
69.500
63.180
57.440
52.220
47.470
43.150
39.230
35.660
32.420
29.470
26.790
24.350
22.140
20.130
18.300
16.640
15.130
13.750
12.500
11.360
10.330
9.390
