0.270
0.420
-0.350
0.000
-0.540
-0.290
-1.360
0.270
0.530
0.750
-2.370
-2.070
1.270
-0.630
0.080
4.780
1.890
1.660
-3.290
0.550
0.780
1.940
0.650
-0.070
3.010
-4.480
-0.160
0.450
-0.340
0.450
-3.550
-4.980
-1.690
-2.660
0.180
-0.730
-2.520
-0.760
1.240
-0.480
0.930
-3.650
-3.090
1.910
1.980
-1.540
-1.310
1.100
1.990
0.890
0.690
-4.340
-3.480
-0.620
-7.700
-8.560
-9.510
8.650
-9.610
-10.680
-6.190
-12.550
0.970
-1.140
0.750
-13.880
1.760
12.460
11.320
3.580
2.560
9.740
8.850
-2.460
0.920
0.070
-1.000
2.680
1.220
-5.800
0.020
-0.130
4.660
-9.820
0.820
3.280
0.660
-10.380
8.620
8.650
3.880
7.510
0.050
-0.030
-1.510
-0.930
0.240
1.160
0.090
1.500
3.880
-0.480
0.490
0.950
-0.850
-1.740
-0.760
-1.040
1.490
-0.050
-1.190
2.090
-2.050
-1.330
-0.560
-3.010
-0.250
-3.100
0.370
-0.240
2.900
-0.210
0.340
-2.210
-0.760
-0.460
3.620
-1.230
0.370
1.190
-0.330
-1.450
0.620
4.250
-0.310
-1.270
-5.930
-0.150
0.860
0.610
-1.030
-1.440
3.370
4.470
2.460
0.440
0.090
-1.000
-0.570
-2.520
0.420
1.980
1.050
-0.760
-3.190
0.360
-0.130
-4.080
2.170
3.380
3.580
-0.830
3.290
0.700
0.650
1.520
-3.900
-2.630
0.160
1.920
0.310
0.510
0.850
-2.400
-1.190
-0.580
1.040
2.960
0.890
0.430
-0.300
3.080
0.280
1.350
-1.110
1.610
-3.540
-2.690
-0.480
-0.180
-1.990
0.830
0.510
0.790
-1.790
-3.060
-0.750
-2.600
1.410
-4.230
0.040
1.060
0.450
0.810
-5.120
-7.430
3.090
-1.730
3.660
7.940
7.220
6.560
5.960
5.420
4.930
4.480
4.070
3.700
3.370
3.060
2.780
2.530
2.300
2.090
1.900
1.730
5.280
