14.240
14.140
14.220
14.100
13.700
13.950
13.710
13.780
13.740
13.800
14.010
14.750
14.660
15.100
32.140
31.570
31.600
30.250
30.200
30.320
30.390
29.250
28.910
28.810
28.790
28.960
29.700
28.580
28.150
27.850
28.810
30.110
30.390
30.200
29.570
28.980
28.900
29.180
29.320
29.890
29.450
29.690
29.610
30.380
29.950
30.210
31.460
32.800
32.520
32.000
31.600
32.510
32.600
31.500
31.850
32.200
34.430
34.300
33.950
34.630
35.100
34.880
33.620
32.260
33.020
33.250
32.650
33.000
32.060
31.490
31.500
31.500
31.330
31.860
31.320
31.300
31.600
30.440
30.490
31.080
31.110
31.220
31.000
30.210
30.720
29.950
29.880
30.300
30.170
29.920
29.920
29.250
28.710
29.200
29.340
29.780
30.040
29.800
30.000
30.090
29.400
29.690
29.000
29.500
29.440
28.710
29.210
29.100
28.460
28.620
28.880
28.330
29.990
30.800
30.680
31.080
31.300
31.770
32.320
32.690
32.300
32.000
32.370
32.150
32.300
32.370
31.000
31.930
32.000
31.980
31.120
31.450
31.260
30.830
30.720
30.200
32.090
32.700
33.530
33.260
32.700
32.310
34.070
34.020
33.380
34.310
35.540
34.310
35.600
36.380
36.500
35.780
34.500
33.970
35.140
34.800
35.460
34.600
33.200
33.130
33.000
31.600
31.840
31.820
31.830
31.510
30.060
30.250
30.720
30.800
31.330
31.280
31.300
30.300
30.560
28.880
29.180
29.450
29.210
28.800
28.900
28.440
28.100
28.180
27.920
27.510
28.750
28.790
28.790
28.560
28.600
27.810
27.490
27.450
28.520
29.740
29.750
30.100
28.780
28.850
28.820
29.180
29.180
29.300
29.100
28.050
28.100
28.160
28.500
28.200
27.790
28.370
27.950
27.860
27.010
26.660
27.140
27.390
27.200
26.680
27.070
26.800
26.720
26.470
26.710
27.210
27.160
28.840
28.200
28.190
28.600
28.500
28.290
28.370
28.940
28.590
28.490
28.180
28.230
28.490
28.500
29.330
29.690
29.900
29.060
29.650
29.650
30.150
29.800
28.500
29.400
29.860
29.430
29.950
29.010
28.600
28.730
26.750
26.800
28.600
29.380
29.100
29.520
29.210
29.280
29.200
28.400
28.210
27.430
26.800
27.500
27.500
28.200
28.000
27.600
26.700
27.180
24.230
24.590
24.550
25.410
25.360
25.700
26.590
26.400
24.770
23.650
23.430
23.720
23.500
23.000
23.110
22.750
23.180
24.680
24.530
24.700
25.000
25.290
24.950
25.350
24.810
24.010
23.890
23.800
22.700
23.010
23.800
23.160
23.230
22.980
23.200
23.220
22.320
21.580
21.930
22.150
21.840
20.850
21.150
20.910
21.180
20.710
21.540
21.600
20.390
20.010
21.360
21.930
24.020
24.060
24.330
23.800
22.970
23.190
22.610
21.900
20.810
22.580
22.170
21.810
21.710
21.800
20.800
21.230
21.700
23.690
24.020
24.000
23.020
23.600
22.590
21.750
23.180
21.710
23.430
23.100
23.710
24.610
26.000
25.980
25.270
29.170
30.310
30.320
29.830
31.140
30.610
30.830
31.300
30.900
30.970
31.420
30.880
31.000
30.300
29.450
29.550
29.470
29.800
30.610
30.890
31.200
30.350
30.650
32.040
30.720
32.280
33.350
33.600
30.870
31.500
29.500
28.500
29.320
30.500
28.580
30.110
29.980
26.950
28.260
27.980
26.540
27.000
26.250
25.490
24.860
25.300
26.950
24.500
23.650
23.610
22.870
21.750
23.650
22.840
23.310
23.180
22.250
22.790
22.790
22.050
21.500
21.480
21.450
20.010
19.910
21.010
21.400
20.400
20.900
19.560
19.680
20.070
18.800
19.000
21.800
21.380
21.810
21.900
20.590
20.390
18.580
20.500
21.790
21.150
20.170
19.810
19.450
23.000
24.990
26.430
26.330
28.980
28.480
29.500
28.440
28.800
29.640
28.790
28.100
27.870
28.880
27.840
26.460
25.690
26.900
25.700
24.500
27.200
29.260
27.780
27.420
27.050
27.480
25.950
25.220
27.100
27.920
27.800
25.780
21.940
20.300
24.100
27.150
26.170
28.300
29.790
28.200
29.900
30.910
33.940
33.500
31.100
34.200
37.400
36.100
37.480
40.200
41.230
40.630
38.940
38.260
39.200
39.400
41.600
41.600
41.980
40.550
42.050
46.000
40.000
38.210
36.160
35.150
33.850
34.480
34.700
32.600
33.700
32.600
31.010
31.280
28.200
27.510
27.380
27.330
28.350
28.530
28.880
28.550
29.280
28.900
28.700
29.560
28.510
27.310
28.250
28.450
27.410
28.740
29.400
29.140
28.180
29.000
29.990
28.990
28.520
27.800
27.060
27.440
27.990
27.270
27.200
26.500
27.100
27.100
26.970
26.280
26.000
26.070
25.600
24.920
25.250
25.580
24.770
24.540
25.000
25.300
24.970
24.640
24.810
24.640
24.200
24.460
24.660
24.290
23.920
23.370
23.280
23.030
23.320
23.780
24.150
24.400
23.700
23.690
24.320
24.490
24.480
24.700
24.270
24.720
24.650
24.970
23.880
23.300
23.080
22.880
23.080
22.600
23.180
23.500
23.700
24.050
23.510
23.320
23.330
22.800
23.480
23.600
23.660
23.130
22.460
24.350
25.330
25.290
25.750
26.200
26.020
25.840
25.650
25.040
26.300
26.800
28.200
27.710
27.600
27.150
27.380
27.860
27.800
27.270
27.570
27.850
27.250
27.180
27.700
27.350
27.100
28.150
27.910
26.540
27.950
27.310
27.300
26.690
25.920
26.330
26.490
25.820
25.850
25.540
25.020
25.340
25.670
26.550
27.000
26.790
26.300
25.700
26.180
26.310
26.450
26.380
26.290
26.530
26.100
26.020
25.690
25.590
26.000
25.700
25.510
26.000
25.670
25.700
25.430
26.850
26.700
27.010
26.700
26.510
27.110
27.450
27.220
27.510
26.980
26.650
25.810
26.120
26.580
27.610
27.720
27.590
28.300
27.210
27.750
28.300
28.580
27.000
25.650
25.150
25.020
24.850
24.900
25.050
25.100
24.800
25.700
26.240
25.740
25.690
25.140
25.200
24.600
25.400
25.200
25.700
26.050
27.310
27.100
27.430
28.360
29.530
28.800
30.010
30.770
