38171.00
27953.48
19086.29
18343.97
17513.39
29846.77
41807.36
39361.67
31808.21
67288.88
55856.66
30829.82
41261.50
41484.32
46900.47
52677.18
63766.22
65204.06
91040.02
90257.77
204134.38
178992.50
125242.05
92721.56
83173.95
133713.86
148089.20
90561.04
105310.32
87317.71
53809.46
44967.19
27090.18
47082.70
65417.60
65370.86
68314.45
80635.04
48794.43
27522.61
30051.24
34828.89
31248.39
35976.87
69352.26
84636.12
46098.26
57275.29
39077.53
57083.65
124580.04
66445.24
110647.69
72107.43
78193.77
117850.47
157235.27
314815.69
158057.05
82801.77
62442.74
50037.47
61522.59
64005.30
98657.77
87858.69
40710.87
41196.70
74782.63
55439.79
64431.55
78511.00
95043.34
96441.05
118289.91
158168.67
225204.45
86831.67
128888.51
27710.25
35776.53
37799.03
65230.21
38765.75
41602.91
119193.48
73439.71
40194.36
47193.41
44437.16
49191.92
49672.68
83911.20
104811.45
89644.54
30086.86
39445.51
43339.34
49836.72
35107.19
45745.92
33352.78
33841.00
27971.15
21275.00
21830.26
18102.27
39416.81
32177.77
37701.11
61928.85
71262.22
45632.03
109008.78
45249.93
21542.00
40252.20
32407.13
39407.42
62498.58
45847.99
123651.28
63901.32
23968.66
33839.43
44669.06
28305.49
38417.29
46045.82
87692.99
52384.88
46733.57
61558.75
46967.95
51386.87
37864.31
50018.41
72841.00
34802.89
59522.66
64553.88
85405.09
234674.62
136057.69
117791.76
62491.23
34449.63
43244.50
42972.41
57085.80
54190.22
71634.67
80040.10
52129.54
112261.40
81208.39
63667.16
106985.07
222911.14
71571.33
64712.86
90807.99
116570.28
95002.70
121498.93
175854.05
211303.73
37110.00
60299.61
118146.47
148465.50
75404.46
72104.11
106576.11
68010.79
89523.39
71679.90
86306.66
77978.02
115207.74
98266.78
130193.86
79721.56
100461.72
133994.80
167165.41
173789.98
203482.94
334589.56
199933.58
265132.81
318290.91
38587.37
24499.97
50764.63
33384.29
31390.66
44955.38
57104.06
32796.11
34363.73
43554.26
21204.07
27544.12
31453.79
45217.11
43153.84
79863.64
57762.30
65795.00
30165.95
71912.74
39972.75
54310.74
52732.11
34394.08
38282.09
61401.40
67731.41
53419.23
26844.69
39999.19
30463.03
39972.54
70786.12
64851.27
67935.46
92996.33
56025.15
76349.37
79024.15
61894.98
82913.29
144012.34
87580.16
45981.31
80495.69
117321.19
63277.30
62555.87
38364.50
58371.51
63875.12
66585.62
74107.01
28890.53
46146.79
83528.09
55754.06
38996.07
46836.66
29330.54
42172.45
55253.61
88195.10
35440.31
42438.14
38672.78
34258.84
46300.71
43707.90
70588.99
39114.68
49993.17
39349.53
61026.06
72860.10
27960.64
53518.60
71536.36
27364.49
26831.82
27861.93
21882.73
26927.37
36151.73
42022.92
49972.05
31631.43
34484.53
37269.10
44432.31
66903.43
67868.00
41867.51
52022.81
66358.87
39279.75
54969.46
62269.61
121096.48
36054.38
49146.76
47888.64
94553.32
38447.49
52041.98
52503.94
71719.31
125491.76
87285.41
110467.13
135558.05
208108.72
389429.12
156958.05
68144.17
41819.70
46083.56
36492.94
41077.88
33096.54
70734.35
43580.88
66426.75
69910.86
67784.70
69558.72
46917.08
58911.27
57047.34
51478.92
37244.24
36418.00
65139.13
53202.20
66862.21
54304.17
65750.12
41115.11
52738.56
44186.69
63111.28
52185.32
49540.00
41824.74
36970.93
56629.42
50422.73
50528.07
28018.61
42183.24
52169.95
38009.16
40503.84
29314.82
66633.65
32053.63
56288.82
49418.43
30605.40
45981.27
32196.21
43458.40
44428.71
39154.66
37942.88
43369.92
37537.94
41372.45
60454.10
69560.12
17826.99
54218.26
79794.43
64719.75
71883.06
68161.87
63531.58
89836.45
46783.82
54129.77
73355.44
77723.14
77854.30
62563.44
84499.50
95550.57
49514.23
51959.25
50612.27
55711.88
44378.55
61636.87
43435.89
56630.74
53909.29
50923.28
67763.23
97399.25
127073.75
162164.09
139279.84
96014.23
165163.94
220856.88
81896.76
79238.95
156051.84
87981.83
103615.40
176931.67
134120.56
145738.52
276607.78
154549.30
113655.49
98536.17
37244.93
63745.82
45904.51
51533.16
90412.01
89244.79
101309.17
110000.87
63488.17
87067.02
103004.30
129576.41
95740.56
72025.35
62918.22
78032.06
90933.40
62903.06
49333.79
27859.17
32965.00
21680.57
50953.04
74256.51
64325.00
38003.70
33827.12
18796.39
45907.80
40478.73
35454.36
46749.43
30687.60
36930.53
78107.97
38391.67
44790.78
87314.45
48717.68
52830.72
79199.59
51926.60
70068.73
139212.84
67962.98
73940.83
77644.77
105791.66
142048.17
86985.63
110684.39
150765.61
69269.90
132797.31
131648.41
119453.22
43169.48
71090.45
85079.17
71133.65
66465.41
104363.90
98072.31
169775.52
108340.32
182069.94
180199.59
177013.97
113565.97
126688.99
107364.19
120825.71
127417.16
256802.09
201369.19
125690.08
173420.08
682678.81
98526.17
293812.56
164188.70
218135.91
450489.91
272420.03
288793.81
113925.12
137247.69
138911.77
134232.11
139733.84
106094.13
177702.58
180004.34
196217.12
208105.12
180151.66
193202.38
225827.83
275627.22
357181.62
408272.50
438812.34
272717.19
322021.44
511931.34
265509.38
183880.44
176194.92
169332.88
144640.45
115541.55
133946.80
100766.46
120311.56
82321.01
98840.62
161911.77
165254.62
79389.80
65231.18
60687.85
68509.30
101044.26
77426.55
51371.39
47166.16
91493.84
86982.40
81332.67
122527.98
146963.66
90504.05
176814.36
237685.41
88889.55
89646.45
99642.00
98750.41
72725.82
90470.01
88267.13
94557.94
97993.20
124865.43
92979.22
93594.89
125149.58
64437.15
103512.30
119065.55
88404.12
78146.86
51463.27
76222.07
49031.14
58486.61
93830.67
85121.33
50943.54
68890.44
57346.12
40413.29
61536.83
73160.91
47186.37
59983.28
87976.37
55088.20
90344.44
152968.41
96257.87
36072.28
38925.88
23647.63
19579.77
20362.89
28625.47
37007.27
60641.09
25979.92
27477.64
23478.55
55250.71
49052.17
84017.09
60253.53
66435.24
60226.51
40460.78
60836.33
36445.45
36946.99
21694.72
24624.88
19490.06
17472.89
26941.18
29828.38
33214.51
29487.44
47222.76
46639.67
35709.59
31764.39
41154.29
60093.23
47467.69
28740.33
32670.84
50971.80
35925.33
24178.89
45363.77
41274.13
49593.31
42811.15
47766.83
51680.55
73388.44
82538.11
77721.33
76154.40
44974.52
43425.44
76949.12
66555.62
65116.14
43723.94
46289.13
49814.23
33683.01
34167.42
33352.92
30488.89
38547.57
36071.89
46081.85
41740.77
72741.58
35711.67
60954.14
68151.81
90730.66
42991.34
64506.50
78805.89
76194.53
158727.67
103159.70
25488.74
19874.38
35705.91
44137.03
48346.64
32747.33
36075.93
38314.85
27004.04
41513.50
40242.02
44041.84
51329.09
53661.01
44968.52
50827.16
30213.46
26828.24
26115.53
28286.06
18669.70
24099.52
26111.71
30108.62
46386.96
38249.73
38169.45
54703.28
33570.19
70944.25
45279.45
93377.46
127909.30
83384.04
19607.55
12736.00
19635.53
24225.18
29193.70
18672.76
24827.03
26088.18
24552.06
23875.66
31280.79
33788.15
35132.92
35028.88
34680.45
35684.82
55961.94
28684.85
41741.09
27417.61
30892.44
26124.72
24937.83
19314.78
28282.58
22764.23
17075.68
22020.96
13345.53
12542.32
16209.74
25170.31
23656.68
24155.10
34487.96
50458.51
40461.24
47584.05
23539.25
34044.22
