-0.060
0.280
-0.240
0.310
0.250
0.230
-0.630
0.260
0.460
0.070
-0.580
-0.270
-0.600
0.100
-0.010
0.570
-0.040
0.870
-0.710
-0.240
0.910
0.830
0.130
0.380
0.750
-1.780
-0.170
-0.020
-0.050
0.200
-2.690
-1.140
-0.620
-0.350
0.430
0.590
-0.410
0.510
0.340
-0.250
0.710
-0.820
-0.840
-0.460
0.330
-0.140
-0.060
0.810
0.440
0.570
-0.660
0.000
-0.150
0.900
-0.500
-1.240
-0.610
0.430
-0.630
0.900
-2.190
-0.580
0.070
0.560
0.220
-1.380
-2.920
-0.760
-0.600
-0.400
1.000
-0.080
0.600
0.350
-1.550
0.810
0.300
-0.680
0.040
-0.230
0.630
0.130
0.550
1.100
0.010
-0.530
-0.210
0.440
-0.700
1.280
0.320
0.350
0.320
-0.600
-0.420
-0.070
0.170
0.040
1.620
-0.940
0.160
0.520
0.100
1.220
-0.440
0.110
0.890
-0.850
0.050
0.850
0.340
-1.560
1.760
-1.740
-0.950
-0.300
-1.300
-0.670
-0.690
-2.020
-0.900
0.100
0.830
-0.150
-0.030
-0.260
-0.230
-0.230
-1.960
0.420
0.390
0.310
-0.690
0.780
0.480
-1.080
0.250
-3.610
-1.180
-1.530
1.400
0.710
-1.340
-0.930
1.610
-0.250
-2.130
-1.450
0.430
-1.800
-2.070
0.720
0.610
0.160
0.700
-3.780
-1.620
-2.170
3.450
5.140
0.920
-0.440
0.960
1.020
-1.270
1.470
0.760
-1.720
3.890
1.770
-1.740
4.170
-1.650
3.940
3.580
3.250
2.960
2.690
2.440
2.220
2.020
6.170
