-1.170
-12.810
-5.310
1.730
1.340
-0.090
-9.120
-3.920
7.810
-2.720
-4.640
1.730
-7.150
0.020
6.650
-0.390
15.040
5.480
-11.490
1.250
-5.120
8.360
3.260
6.750
11.500
-1.020
2.110
-0.020
0.750
7.560
-4.690
-8.690
3.300
-4.470
13.070
8.180
-11.470
-6.040
5.170
-4.940
5.080
-0.230
-9.670
-5.500
-6.650
-5.370
-0.310
14.850
-11.400
2.790
-7.530
-8.810
0.930
12.340
-3.270
2.090
-2.240
14.840
-10.940
4.200
-18.300
-17.950
0.690
-5.030
4.390
-4.060
-23.430
-29.740
23.920
2.660
-7.310
0.770
1.910
7.510
-18.120
6.710
-11.260
6.990
32.590
-3.180
16.370
-3.100
-9.090
7.320
3.790
12.660
5.040
26.920
-2.790
12.110
3.230
1.020
13.830
-4.110
0.390
-7.960
-26.910
5.890
-3.130
-3.590
2.920
-1.320
-0.330
-8.110
2.650
18.150
24.300
0.220
22.070
20.060
-1.080
18.340
16.670
15.150
13.780
12.520
11.390
10.350
9.410
8.550
7.780
23.760
