23.860
23.750
23.900
23.930
24.150
24.240
24.100
24.250
24.120
23.700
24.220
24.800
24.610
24.180
24.060
23.820
23.780
23.500
23.700
23.650
23.630
24.040
23.800
23.280
22.000
24.410
24.800
24.900
24.700
24.300
24.120
24.800
24.680
25.050
25.350
24.480
24.850
24.660
24.430
24.860
24.300
23.600
24.810
25.130
25.430
25.150
25.010
24.770
25.300
25.180
24.670
25.510
25.650
25.400
25.650
25.360
25.330
25.700
25.700
26.300
26.770
27.060
27.280
26.450
26.180
26.070
26.510
27.080
27.160
27.160
27.050
26.910
27.140
26.100
26.320
26.300
26.010
25.810
25.520
25.660
25.600
25.900
26.120
25.720
25.730
25.810
26.240
26.530
26.110
25.410
25.410
25.090
25.520
25.360
25.670
25.900
24.580
24.540
24.560
24.480
24.880
24.130
24.100
23.810
23.650
23.660
23.460
23.470
23.550
23.170
23.070
23.410
23.100
22.880
24.000
24.510
24.610
24.500
24.600
24.700
24.550
24.210
24.000
23.880
23.820
23.990
23.920
23.620
24.370
24.240
24.260
23.910
24.120
23.580
23.650
23.420
23.150
23.020
25.330
25.400
25.250
25.290
25.270
25.840
26.100
25.910
25.860
26.060
25.840
26.600
27.040
26.660
26.510
26.830
26.210
26.700
26.300
26.470
26.700
25.320
24.800
25.660
25.060
25.030
25.250
25.510
25.230
24.700
24.660
24.630
24.680
24.770
24.220
24.110
24.010
24.550
24.160
24.970
25.430
24.900
24.650
24.680
24.790
25.100
25.500
25.420
25.050
24.750
25.090
24.860
24.760
23.710
23.500
24.800
24.810
25.210
24.450
24.310
24.810
25.000
25.030
24.940
23.670
23.300
22.700
23.410
22.900
22.860
22.300
22.250
21.550
21.440
20.980
20.790
20.920
21.250
21.090
20.750
20.930
20.800
20.660
20.790
20.520
21.500
23.000
23.080
23.500
23.410
23.480
24.010
23.800
23.470
23.000
23.690
23.520
23.890
23.640
23.610
23.610
23.330
22.350
22.280
21.600
21.810
21.850
21.590
21.140
20.610
20.490
21.060
20.860
20.850
20.700
20.800
21.050
20.210
20.500
20.980
23.080
22.880
23.100
23.280
23.200
22.640
21.800
43.800
43.550
42.840
43.800
42.780
43.250
42.350
42.270
42.200
44.300
43.300
43.700
43.600
44.900
44.580
44.510
47.620
48.390
48.450
46.500
46.580
46.220
47.580
46.560
46.180
46.070
46.420
46.600
50.520
50.500
50.500
52.680
53.370
50.560
52.660
53.610
51.990
49.000
47.670
48.360
46.400
44.400
43.000
45.300
43.320
43.600
42.360
41.700
42.280
40.100
38.620
38.110
39.000
38.500
37.300
37.560
37.720
36.000
38.420
37.500
39.610
38.270
37.300
37.010
38.560
39.440
42.510
43.830
44.250
43.240
43.420
42.650
42.030
39.500
41.500
41.300
40.310
39.620
39.300
38.360
38.200
37.010
39.500
43.180
41.600
42.210
43.680
42.510
40.710
41.200
38.420
40.300
40.400
41.200
43.330
45.450
48.680
46.990
51.580
56.880
57.710
56.300
56.680
58.350
58.000
58.080
59.880
60.220
59.440
56.380
55.530
54.780
52.200
52.500
52.700
54.000
55.500
55.220
57.010
56.300
53.230
55.010
52.200
51.100
55.000
55.560
52.750
52.560
51.000
48.720
48.220
50.000
48.560
50.710
53.000
49.130
48.780
48.180
46.670
46.000
45.950
43.360
41.610
41.810
42.160
41.610
41.200
43.880
43.510
42.600
41.630
40.170
39.670
40.510
39.210
39.380
39.600
38.580
37.240
36.590
35.610
35.530
35.280
35.300
37.490
36.750
37.350
34.910
35.010
35.000
33.060
32.360
35.950
39.520
39.500
40.610
39.080
38.030
35.700
38.530
39.150
35.520
33.510
32.800
33.170
36.850
40.100
41.200
41.020
42.570
46.880
48.050
46.680
48.300
49.500
48.400
47.070
47.040
49.210
47.480
46.000
43.400
45.040
41.680
40.350
44.830
49.500
48.120
46.150
42.280
42.800
40.510
36.100
38.900
40.060
36.420
33.110
36.790
39.020
38.010
39.990
41.500
37.670
41.840
46.490
51.220
54.580
53.000
52.000
55.230
58.670
58.990
65.540
71.500
69.530
65.010
68.780
76.420
71.160
71.020
70.170
63.790
57.990
52.720
47.930
43.570
39.610
36.010
32.740
29.760
27.050
24.590
22.350
