23.950
24.060
24.000
24.140
24.260
24.580
24.230
24.350
24.240
24.060
24.230
24.920
24.970
24.710
24.170
24.200
23.950
23.830
23.720
23.900
23.910
24.180
24.050
24.030
23.880
24.440
24.950
25.100
24.950
24.980
24.680
24.810
25.000
25.080
25.350
25.450
24.960
24.760
24.880
24.900
25.200
24.930
24.920
25.500
25.620
25.600
25.500
25.400
25.350
25.320
25.630
25.570
25.800
25.900
25.690
25.950
25.490
25.900
25.830
26.970
27.300
27.110
27.510
27.500
26.440
26.110
26.630
27.150
27.580
27.260
27.250
27.580
27.390
27.350
26.340
26.650
26.450
26.380
25.960
25.930
25.860
26.100
26.300
26.540
26.040
25.900
26.330
26.730
26.750
26.240
25.560
25.530
25.770
25.830
26.250
26.480
25.740
24.660
24.900
24.660
25.200
25.120
24.270
24.300
23.810
24.000
23.850
23.520
23.700
23.390
23.170
23.430
23.580
23.250
24.160
24.590
24.640
25.270
24.860
25.150
24.970
24.650
24.490
24.180
23.880
24.020
24.470
24.340
24.400
24.620
24.580
24.180
24.300
24.360
23.780
23.700
23.830
23.340
25.560
25.420
25.840
25.470
25.300
25.840
26.810
26.340
26.100
26.120
26.400
26.650
27.570
26.990
26.800
27.160
27.260
26.760
26.970
26.830
26.920
26.850
25.090
25.710
25.800
25.250
25.630
25.700
25.760
25.400
25.050
24.900
24.720
25.100
25.100
24.360
24.430
24.580
24.590
25.130
25.610
25.710
24.920
24.730
24.900
25.940
25.690
26.580
25.640
25.030
25.190
25.550
24.950
25.090
23.520
24.920
25.030
25.230
25.630
24.400
25.090
25.050
25.150
25.410
25.480
23.820
23.220
23.650
23.460
23.460
23.000
22.350
22.550
21.720
21.540
21.100
20.930
21.440
21.350
21.180
21.020
20.970
20.900
21.000
20.800
21.850
23.480
23.750
24.020
23.640
23.530
24.090
24.240
23.990
23.900
23.770
24.360
24.100
24.540
23.640
23.960
24.000
23.200
22.440
22.540
21.860
21.990
21.860
21.780
21.290
20.790
21.210
21.230
20.940
21.280
21.080
21.110
21.430
20.810
20.980
23.150
23.700
23.340
23.350
23.600
23.740
23.180
44.190
44.460
44.000
44.200
43.380
44.080
43.360
42.800
42.730
44.900
44.590
43.940
44.470
45.820
45.040
44.820
47.620
49.510
48.630
49.080
47.200
47.200
47.660
47.580
46.920
47.380
46.500
47.610
50.930
50.500
50.970
53.470
53.900
54.560
52.880
55.060
56.210
52.340
49.130
48.420
47.910
46.160
43.970
45.410
45.370
43.600
45.820
42.800
43.070
42.020
39.950
38.520
39.230
39.750
38.190
37.620
38.100
39.250
38.950
37.960
39.810
40.000
38.400
37.610
39.720
39.440
43.830
44.410
44.830
43.780
43.800
43.450
43.220
42.020
41.700
41.960
41.300
41.400
39.750
39.780
38.320
40.260
39.700
43.630
43.180
42.300
44.000
44.780
42.900
41.780
42.880
40.400
42.200
41.200
45.770
45.450
50.500
49.360
51.580
57.300
59.020
58.020
56.790
59.090
59.390
58.110
60.300
61.000
60.820
61.360
55.790
55.700
55.110
53.060
53.200
54.750
56.840
56.660
57.860
58.600
56.000
58.000
56.700
52.330
55.510
56.530
57.200
53.700
52.490
50.640
48.760
50.180
51.470
50.860
56.380
53.180
49.500
50.070
48.850
46.670
47.390
45.710
43.950
42.750
42.690
41.980
43.640
44.610
44.910
45.360
42.500
41.560
40.400
41.480
40.800
39.590
40.260
40.390
38.470
37.520
35.850
35.770
36.790
35.530
38.000
37.540
37.680
37.230
35.530
35.160
36.060
32.600
35.950
39.850
39.550
41.970
41.380
39.050
37.810
39.200
40.600
39.010
35.500
33.860
33.170
36.850
40.920
41.650
43.460
42.620
47.290
48.700
48.550
48.500
50.460
50.340
48.130
47.280
50.490
51.260
49.910
47.830
45.100
46.410
42.200
44.830
49.780
51.600
47.950
48.380
43.980
43.740
40.500
38.900
40.060
36.420
33.110
36.790
40.850
39.410
41.000
41.760
44.870
41.840
46.490
51.680
55.800
56.030
53.390
55.230
61.400
59.150
65.540
72.820
78.630
71.480
68.780
76.420
84.910
77.190
70.170
63.790
57.990
52.720
47.930
43.570
39.610
36.010
32.740
29.760
27.050
24.590
22.350
