0.080
-0.220
-0.200
-0.400
-0.190
0.050
0.310
-0.100
0.000
0.100
-0.700
-0.620
0.020
0.620
0.120
-0.770
-0.590
0.040
-0.230
0.200
-0.520
-0.090
-0.110
0.420
0.210
-0.810
-0.560
-0.230
-0.040
-0.730
-0.600
0.570
0.010
-0.140
0.900
-0.290
-0.070
0.190
-0.380
0.120
0.070
-0.100
-0.170
0.970
0.130
-0.230
-0.430
0.090
0.080
-0.250
0.070
-0.110
0.110
0.190
-0.180
-0.010
0.310
-0.350
0.730
0.240
-0.100
-0.160
0.600
-1.220
-0.430
-0.060
-0.730
-0.260
0.150
-0.710
-0.350
0.380
0.250
-0.910
-0.460
0.160
-0.660
1.510
-0.890
-0.750
1.840
0.250
-0.260
0.580
0.240
-0.260
-0.490
-1.940
0.450
-0.160
-0.140
-0.110
1.090
-0.860
-0.140
0.040
-1.030
-2.160
-3.040
1.470
2.120
-0.410
-2.990
1.090
-0.320
2.630
2.390
0.810
0.910
0.420
-0.250
0.140
0.280
0.260
0.370
-0.300
0.250
-0.380
-0.070
-0.030
-0.290
0.270
0.230
-0.390
0.190
-0.210
0.320
-0.530
-0.240
-0.350
0.780
0.120
0.240
-0.090
0.310
-0.210
0.090
0.690
0.070
0.080
-0.020
0.010
0.230
-0.470
-0.040
-0.830
-0.200
0.100
-0.040
0.210
0.030
-0.190
-0.050
-0.140
0.000
-0.010
0.310
-0.440
0.170
0.260
-0.500
0.120
-0.170
-0.060
0.230
0.520
0.130
-0.470
-0.210
0.660
0.320
-0.350
0.130
0.040
0.350
-0.790
-0.490
-0.650
-2.070
0.170
0.200
-0.850
-0.300
1.540
0.220
0.000
-0.270
-0.250
0.510
0.000
-0.410
0.050
-0.230
0.070
-0.030
0.400
-0.260
-0.330
-0.260
0.770
0.500
-0.550
-0.790
-0.690
1.510
0.000
0.050
0.700
2.350
0.810
-4.640
-0.920
1.490
-0.640
1.970
1.660
0.490
3.170
-0.510
-1.250
-1.300
1.940
-0.430
0.270
1.520
1.470
-2.230
0.230
1.940
-0.350
-0.590
-1.900
-1.310
-2.860
-1.030
0.920
0.630
2.190
-0.430
0.340
-0.810
0.690
-2.240
0.800
-4.150
-5.610
-0.810
1.460
-0.440
5.110
2.000
0.000
0.050
0.310
0.630
2.680
1.640
-0.990
1.350
3.950
-1.100
-1.870
0.050
-1.690
0.960
-0.780
2.400
3.810
2.140
-1.360
-0.230
1.970
0.130
0.560
-0.990
0.050
1.090
-2.990
-0.560
1.500
0.280
-4.060
-0.500
-4.570
-2.540
0.980
0.060
-1.250
1.380
-0.350
1.460
1.300
0.110
2.480
1.680
1.480
-4.070
0.310
-2.850
-1.480
-1.880
-0.960
-0.290
0.010
4.580
2.090
1.390
-0.690
3.350
-4.400
-0.240
-4.910
-1.840
-5.660
0.780
-6.160
-6.880
-0.620
-0.280
-1.130
0.040
0.030
2.500
-2.410
3.280
0.530
-0.610
1.250
4.010
1.090
0.000
0.060
-0.930
-1.840
0.410
0.700
-2.960
3.600
-4.410
-7.380
1.540
6.580
-0.310
4.050
5.580
-0.910
0.760
1.860
-1.800
-2.400
-0.370
-6.500
0.210
3.680
4.140
3.560
4.890
-1.370
1.280
0.810
1.790
4.220
2.470
0.140
0.450
-1.040
0.780
1.150
-4.250
0.410
0.520
-0.180
2.390
-0.020
0.150
1.220
-0.550
1.410
-1.380
2.080
1.220
-0.350
1.210
1.290
1.380
2.870
1.200
-0.920
2.590
-2.870
-3.190
0.410
0.130
2.850
2.590
0.610
-2.660
-3.110
-3.450
2.500
1.540
0.600
-3.320
-3.690
-2.260
-3.570
-0.400
-4.790
-1.920
-1.620
4.670
-2.000
1.990
2.400
0.420
-3.520
1.250
0.550
-4.840
4.600
0.620
4.130
-2.800
-2.080
-1.030
4.310
2.300
3.710
-0.080
2.610
-1.710
-4.040
3.670
3.340
-3.700
-3.850
-4.540
-5.050
-5.610
-3.450
5.420
-3.250
3.140
-3.680
5.240
4.770
4.330
3.940
3.580
3.260
2.960
2.690
2.450
2.220
2.020
1.840
1.670
1.520
1.380
1.260
1.140
1.040
3.170
