-0.150
0.580
-0.420
0.850
0.010
0.220
-0.590
-0.160
1.080
-0.190
-1.010
-0.390
-0.520
0.380
-0.330
1.130
0.290
1.040
-2.180
0.260
-0.510
1.280
0.090
0.410
0.610
-1.560
1.870
0.280
0.120
0.510
-2.010
-2.100
0.580
0.280
0.030
1.260
0.040
-0.860
-0.750
-1.350
1.040
-0.260
-0.510
-1.100
0.520
0.470
0.360
0.710
0.250
0.270
-3.040
0.090
0.310
-0.840
-0.850
-2.110
-1.410
0.080
-0.670
0.170
-1.880
-1.630
3.660
1.100
0.170
-2.150
-2.520
-1.140
-1.010
0.710
1.260
-0.500
0.310
0.210
-1.410
0.740
-0.570
0.610
0.180
0.680
-0.470
-1.200
1.950
0.790
0.240
-0.870
-0.030
1.980
-0.830
1.350
0.000
0.150
1.190
-0.290
-0.850
-0.310
-0.660
0.240
0.460
-0.710
0.810
0.380
-0.520
0.850
-0.290
0.110
0.920
-0.710
0.160
1.040
0.020
-0.370
1.650
-4.530
-2.340
-0.640
-1.660
-0.520
0.230
-1.610
-0.540
1.870
0.590
-0.320
-0.940
-0.080
-0.290
0.220
-1.260
-6.190
0.810
-0.030
-0.970
-0.370
1.640
-0.680
0.210
-5.050
0.020
-1.400
-1.320
-0.950
0.370
-4.100
0.360
0.640
-1.460
-2.530
-1.570
1.150
-2.370
0.460
4.190
2.810
-0.280
-0.920
-1.240
0.000
-1.060
1.890
-1.440
-0.450
-0.140
4.540
0.320
-1.210
4.970
0.640
-0.550
-0.200
-1.060
0.770
-0.500
-0.360
1.000
-0.590
2.380
-2.210
0.410
-0.250
0.940
-0.150
2.630
0.170
0.120
-0.360
1.230
-2.010
-0.040
1.090
0.320
-0.330
0.910
-0.450
0.040
-4.350
0.420
0.500
-0.730
0.430
0.050
-0.770
-0.940
-0.290
0.790
-0.180
-0.170
-0.640
-1.710
-6.700
-5.210
1.970
-0.490
3.820
0.410
3.240
2.150
-2.580
-0.110
2.020
0.610
-1.630
-0.190
1.910
0.750
-3.690
-0.920
0.440
-5.790
1.760
-1.580
-4.320
-2.470
0.420
1.720
-3.630
-0.360
2.580
-0.970
1.360
-4.750
-1.210
1.300
-2.200
0.570
5.580
2.980
-6.520
-0.090
-1.910
6.570
-0.240
-3.040
2.960
2.630
9.050
1.690
0.470
5.170
0.870
-9.120
-3.940
2.450
2.770
-1.150
1.520
2.990
3.540
-0.800
3.360
0.830
1.290
-1.480
2.500
1.530
1.450
-2.950
-0.330
1.680
0.110
-0.290
-1.650
0.870
-3.130
-4.430
1.080
0.680
2.910
-0.520
-0.900
-0.350
1.000
-0.400
1.060
-0.450
-5.910
-0.230
-6.860
-3.850
6.360
0.070
-2.890
1.030
4.780
-3.510
4.030
3.410
-1.040
1.890
4.630
-3.690
-1.140
-0.810
-2.710
3.990
-1.010
0.770
4.280
3.110
0.720
-1.800
3.670
0.170
-2.060
-0.650
-0.560
1.780
-4.240
-1.510
3.040
1.770
-5.060
-0.020
-8.900
-6.080
0.890
0.690
1.660
0.670
1.360
3.570
-2.460
-4.350
3.290
-2.210
1.600
1.070
6.660
-6.350
8.090
-8.980
0.430
4.880
-7.460
-8.000
2.680
0.300
-10.710
-4.310
-12.410
-13.790
12.540
11.400
10.360
9.420
8.560
7.780
7.080
6.430
5.850
5.320
4.830
14.770
