17.680
17.900
17.990
17.790
17.800
17.100
17.260
17.260
17.180
17.040
17.650
17.450
17.970
17.810
17.680
17.450
17.300
17.260
17.650
18.970
17.980
16.700
15.550
15.470
15.290
16.190
16.580
16.540
16.560
16.760
16.440
16.490
15.940
15.450
16.040
15.840
16.380
17.150
16.970
16.320
16.550
16.350
16.540
16.540
16.540
16.000
16.640
17.280
17.190
17.200
18.300
18.660
20.200
20.210
25.000
25.960
26.880
27.100
26.140
26.180
26.330
27.290
27.390
27.420
27.520
27.980
27.880
27.000
28.230
26.830
24.990
27.280
27.660
27.970
29.300
31.260
31.270
30.980
30.490
31.350
30.340
30.770
32.200
30.900
32.980
29.980
29.200
29.590
29.920
30.250
29.500
29.800
27.770
27.490
27.500
26.430
25.390
24.750
23.760
23.950
22.670
22.680
23.080
22.450
22.000
22.450
22.300
22.530
22.380
21.610
21.550
21.190
21.390
20.380
21.410
21.300
20.620
20.880
19.960
20.400
20.100
20.100
19.860
19.600
18.900
18.610
18.850
18.880
18.670
18.870
19.090
19.190
18.970
19.100
18.470
18.770
19.280
18.800
18.740
18.850
18.680
18.670
18.740
19.090
19.750
19.540
20.390
19.750
19.600
19.700
20.180
20.230
20.200
20.290
20.500
19.690
19.920
19.220
19.210
19.350
19.460
19.170
19.090
18.970
18.980
19.180
19.220
19.390
19.440
17.880
17.350
17.400
17.800
17.990
18.080
18.000
18.000
18.030
18.490
18.990
19.010
19.400
19.200
18.960
19.000
18.830
18.160
18.190
18.170
18.320
18.490
18.560
18.370
18.500
18.660
19.100
18.970
18.790
19.100
19.350
20.020
20.490
21.300
21.100
20.680
20.500
20.190
20.400
20.790
20.710
20.500
20.550
20.650
22.000
22.190
22.280
22.600
22.660
22.800
22.790
22.500
22.450
24.160
23.870
22.990
23.280
23.460
22.810
23.190
23.410
23.590
23.700
24.200
24.780
25.200
24.500
23.780
24.590
24.770
25.600
23.490
24.380
23.990
23.500
21.910
20.760
21.280
20.880
19.640
20.460
21.100
22.700
23.490
23.800
23.480
23.900
24.380
23.200
23.450
23.250
24.390
22.170
20.280
19.390
19.050
19.000
19.390
19.810
20.460
19.750
19.700
20.100
20.480
19.760
18.380
17.950
17.930
19.250
19.190
20.830
21.000
21.120
21.600
20.940
23.280
23.980
23.630
23.000
23.280
23.150
23.120
23.290
23.550
23.150
23.420
23.580
23.010
22.880
21.900
22.120
22.270
22.390
23.480
24.000
22.790
22.480
22.420
23.020
22.990
23.900
25.980
25.500
23.260
23.550
21.680
20.880
20.640
21.100
20.600
21.860
22.550
21.180
20.880
21.630
21.500
21.890
20.190
19.130
18.190
17.700
17.400
17.800
17.940
17.850
16.900
16.650
17.540
18.120
17.850
16.600
16.450
16.370
16.320
16.710
15.990
15.110
14.400
14.520
14.650
15.490
15.590
15.540
16.140
15.430
15.380
16.840
15.310
36.350
39.480
39.580
40.380
38.380
34.950
32.650
33.330
35.630
37.800
38.220
35.500
36.700
36.800
40.810
45.900
47.900
48.330
52.100
52.210
52.660
53.560
55.230
56.640
53.740
49.450
46.560
47.800
45.560
42.000
43.130
44.100
42.360
42.500
44.290
43.290
42.320
40.970
41.900
41.950
40.550
39.500
36.620
35.120
45.000
43.670
41.610
38.700
37.750
41.280
42.660
45.800
47.000
47.500
46.700
59.800
83.360
75.780
70.290
68.600
65.880
64.800
65.000
62.060
59.000
58.500
55.500
54.900
52.690
49.480
49.090
49.200
49.810
51.790
52.950
52.000
49.990
49.980
48.980
47.190
47.440
46.990
48.500
49.700
49.390
49.770
52.300
51.000
49.990
48.390
48.260
44.700
42.350
40.750
40.170
40.450
41.440
41.190
41.280
40.200
41.200
40.470
39.900
40.220
41.370
38.180
38.280
36.950
37.300
38.580
36.200
35.450
36.140
36.330
35.670
36.300
36.650
36.240
35.260
35.760
35.970
36.070
36.850
35.830
36.550
36.230
37.960
41.390
45.890
49.100
44.640
40.580
36.890
33.540
30.490
27.720
