128.000
129.060
129.880
129.710
128.040
129.530
130.000
127.190
125.020
126.000
127.000
129.300
132.160
130.530
131.950
132.900
130.280
129.380
128.540
125.940
127.410
123.020
124.050
123.000
118.000
124.010
127.480
122.860
122.000
120.500
120.680
125.500
125.000
125.800
125.800
120.980
123.620
126.650
126.500
129.800
128.210
128.500
134.860
137.000
138.380
139.620
138.200
132.160
133.980
131.000
132.000
134.130
133.000
129.490
129.320
127.500
129.820
129.980
131.500
128.600
138.210
142.350
141.800
137.000
143.000
143.080
145.020
149.170
147.000
143.100
147.580
140.790
140.010
138.100
142.800
141.600
139.000
140.010
136.000
135.120
133.050
137.000
139.000
122.880
123.900
121.290
122.910
120.490
121.000
133.000
130.180
126.870
114.380
116.120
119.500
119.310
125.000
122.500
119.010
124.500
122.000
120.110
121.090
119.120
118.750
112.600
103.880
107.000
104.830
93.090
113.920
103.570
94.150
85.590
77.810
70.740
53.590
