24.000
23.060
22.400
22.390
22.300
22.780
22.510
22.150
22.180
21.880
23.330
22.670
22.690
22.700
22.650
22.750
22.960
22.840
22.400
22.540
21.240
20.310
20.500
20.310
20.130
20.940
21.300
20.890
21.100
21.000
21.780
21.600
22.210
21.510
21.700
21.870
21.660
22.040
22.390
22.540
22.400
21.990
21.590
22.000
22.300
22.340
22.130
22.200
21.500
21.100
21.670
22.460
24.910
27.680
30.600
30.400
30.370
29.950
29.060
28.700
28.120
28.300
27.450
27.790
28.000
28.770
28.780
28.020
28.570
27.980
28.490
28.800
28.200
27.730
27.910
27.950
28.330
28.250
27.980
28.220
27.800
28.200
28.480
29.400
28.590
28.280
27.880
27.230
26.360
26.700
26.670
26.690
26.400
26.560
26.110
26.130
26.150
26.210
26.000
25.650
25.580
25.660
25.530
26.220
25.210
25.200
24.500
24.480
24.100
24.220
24.270
24.330
25.150
25.020
25.280
24.960
24.830
25.310
25.590
25.680
25.840
26.000
25.700
25.580
25.790
25.660
26.300
26.750
26.090
26.590
26.500
25.580
25.460
25.350
24.350
24.070
23.000
24.280
24.160
24.220
24.140
23.900
24.030
24.700
26.700
27.140
26.900
27.020
27.010
27.400
25.850
25.600
25.640
25.760
25.480
24.980
25.200
25.710
25.370
24.860
24.860
24.670
24.990
24.530
24.670
24.300
24.080
25.050
24.940
24.500
24.920
24.900
24.500
25.300
24.580
24.500
25.200
25.650
25.560
25.670
26.450
25.790
25.580
24.500
24.500
23.870
23.550
23.600
23.720
23.320
22.800
22.990
23.710
24.160
24.570
24.500
24.570
25.000
24.620
25.120
26.830
26.000
25.800
25.050
25.000
25.490
26.200
27.130
26.380
25.000
25.400
27.570
27.700
27.910
28.830
28.330
28.300
29.620
29.100
29.920
28.890
28.430
27.150
27.540
27.500
27.020
27.000
27.490
27.050
27.870
27.810
28.420
27.210
26.400
25.650
25.830
24.700
23.650
23.140
23.380
23.500
24.010
23.850
25.680
25.200
23.800
23.200
24.840
25.810
28.590
28.800
28.700
27.780
26.690
26.700
26.850
24.550
23.400
24.600
23.430
23.000
22.710
23.000
20.640
22.500
23.770
25.760
26.100
26.500
26.550
27.180
26.330
25.500
27.000
25.120
26.490
26.210
28.410
29.110
31.300
31.520
29.950
34.960
35.790
35.900
35.880
37.500
36.810
36.850
37.400
35.500
35.220
35.800
34.050
33.580
32.900
31.800
33.380
33.500
33.500
34.600
33.530
33.620
32.200
34.360
33.490
36.420
39.010
38.780
38.250
39.700
41.500
39.400
39.900
39.020
35.400
34.400
32.870
32.910
30.700
30.640
30.000
30.920
30.510
32.100
32.200
31.920
30.110
28.560
32.900
32.590
31.000
30.440
29.500
28.100
28.200
26.880
26.370
25.300
25.060
25.550
23.420
25.000
26.110
25.150
23.150
21.150
21.390
21.500
19.980
21.100
24.600
24.290
24.000
23.360
22.330
23.000
21.380
25.890
27.990
26.480
26.000
29.460
29.310
34.040
36.080
36.980
34.260
41.200
37.660
38.840
37.010
38.100
38.100
35.980
34.390
35.000
38.500
38.120
40.000
37.190
37.400
35.200
34.500
40.680
44.000
40.780
40.800
39.380
38.900
35.300
34.390
35.700
38.890
35.350
35.480
38.520
41.780
37.300
47.000
49.180
54.450
53.250
50.920
51.400
53.990
54.250
57.580
60.260
58.680
59.800
59.630
59.550
59.500
57.550
60.470
62.030
62.600
59.000
59.000
65.500
61.990
58.880
65.000
59.280
53.000
48.050
49.720
50.750
48.480
46.360
46.000
46.250
46.300
46.800
46.250
43.500
42.190
44.000
44.430
43.510
43.550
45.210
47.260
45.060
47.000
42.300
42.600
41.290
37.780
37.300
36.990
36.600
36.530
36.600
35.600
34.200
34.010
33.900
33.540
34.900
33.600
33.000
34.450
31.350
32.500
33.100
34.200
31.000
29.000
29.310
29.350
28.530
27.020
28.850
29.610
25.730
25.520
25.000
24.380
24.560
25.500
24.420
24.450
24.180
23.500
22.970
22.510
24.310
24.040
24.900
24.500
24.300
23.790
24.800
25.420
26.700
26.170
23.300
22.000
23.600
21.810
20.210
18.000
17.300
16.600
16.700
16.720
16.320
17.710
17.990
17.710
17.210
16.400
16.730
17.670
17.740
18.400
16.820
16.180
15.910
15.500
14.800
13.860
13.400
13.400
13.850
13.800
13.830
13.610
13.930
14.160
14.270
14.150
14.140
14.260
14.040
13.810
13.890
13.760
13.880
14.120
13.720
13.300
14.140
13.900
14.330
14.000
13.620
13.850
13.950
14.010
13.710
13.600
13.390
12.790
13.000
13.560
13.420
13.320
12.950
12.610
12.630
12.610
12.740
12.580
12.710
12.880
12.820
12.810
12.690
12.470
12.610
12.410
12.240
12.430
12.400
12.470
12.340
12.800
12.750
12.580
12.800
12.780
12.780
12.900
13.000
12.310
12.140
11.950
11.850
12.090
12.120
12.530
12.390
12.220
12.300
12.260
12.530
12.040
12.010
12.050
12.140
12.160
11.960
11.860
12.010
12.140
11.970
11.710
11.970
11.940
11.850
11.880
11.640
11.440
11.540
11.640
11.490
11.720
11.800
11.760
12.000
12.220
11.950
11.810
11.820
12.150
12.230
