16.020
16.020
16.360
16.540
16.920
16.970
16.650
16.340
16.700
16.800
16.800
17.480
17.850
17.200
17.350
17.000
18.090
18.650
18.660
18.620
18.700
19.210
19.260
19.050
18.780
18.800
19.620
20.100
20.020
20.290
21.010
21.620
21.010
21.030
20.360
20.420
20.640
20.580
20.580
20.830
20.710
20.710
20.500
20.320
19.960
19.930
20.130
20.420
20.270
20.410
20.580
20.310
20.520
20.440
20.400
20.480
20.060
20.250
19.980
19.600
19.600
19.670
19.100
18.540
20.300
21.000
21.010
21.810
21.680
21.860
22.550
22.510
22.390
22.250
23.250
23.390
23.510
22.220
22.600
23.520
22.400
22.100
21.960
21.990
21.600
21.660
21.320
22.030
23.840
23.600
23.480
24.010
23.240
23.110
23.840
23.820
24.030
24.970
27.350
27.540
26.000
25.810
26.940
27.240
26.810
25.870
23.480
22.770
21.680
21.600
21.000
21.520
21.120
21.110
20.660
20.670
20.700
20.620
21.000
20.980
21.110
21.090
20.780
20.620
21.050
21.070
20.880
20.920
21.300
21.780
21.270
21.120
20.870
20.930
20.640
20.650
20.280
20.320
20.110
20.080
20.050
20.010
19.880
19.720
20.250
20.310
21.220
21.350
21.380
20.800
21.100
21.050
21.410
21.400
21.550
21.430
21.300
21.000
21.550
21.170
21.300
21.650
21.670
21.560
21.680
21.030
20.740
21.000
21.420
21.030
20.510
20.700
20.800
20.860
20.610
20.310
21.250
20.480
22.480
24.300
24.000
23.990
24.820
23.960
23.450
23.500
23.670
23.700
23.350
22.450
23.640
23.710
23.770
23.730
23.910
23.410
23.500
23.840
24.290
23.590
23.180
22.270
23.500
23.330
24.000
46.880
47.280
46.510
44.000
44.000
44.110
47.870
47.120
46.750
46.890
45.010
44.500
41.060
41.010
41.710
40.700
43.000
42.000
42.300
39.510
40.190
39.050
41.830
39.500
39.630
38.700
40.880
42.600
43.900
47.000
46.780
46.630
43.970
44.030
43.200
44.620
44.600
43.280
45.430
45.790
50.530
55.060
53.100
54.140
51.200
48.500
47.530
48.560
47.290
47.580
44.450
43.010
42.100
44.000
39.960
38.740
40.010
41.860
42.290
42.810
42.880
42.500
38.090
36.000
35.360
37.250
36.010
34.010
34.690
34.580
33.370
35.300
34.300
37.750
35.340
33.020
36.530
39.500
41.150
44.390
46.700
46.200
46.500
47.230
45.680
44.930
43.520
43.790
42.200
38.800
39.000
38.770
38.510
41.210
42.460
46.200
48.500
48.080
48.810
45.220
43.430
40.000
41.500
37.050
39.570
41.150
44.200
46.000
50.910
53.580
55.760
61.960
67.000
68.000
66.000
69.600
68.880
64.810
68.000
65.800
65.800
64.200
65.600
61.930
61.000
58.000
60.190
60.500
61.500
61.300
60.000
61.000
61.810
59.850
66.380
68.500
67.000
64.200
55.280
57.000
54.880
55.860
54.020
53.740
54.880
55.000
58.550
62.400
60.120
55.660
54.910
48.600
48.420
48.010
47.260
44.050
41.010
40.080
39.320
37.380
38.580
38.720
36.810
38.300
41.280
40.900
40.000
39.400
38.900
38.460
37.900
37.350
38.150
36.000
34.820
32.200
33.980
33.600
31.020
32.330
27.960
27.550
27.410
26.310
25.880
28.750
30.580
31.000
29.800
25.500
25.850
25.170
27.960
31.070
31.450
29.210
27.990
29.920
33.240
36.710
39.110
38.880
43.120
46.260
49.500
46.010
46.500
46.480
43.490
43.650
43.450
43.800
41.220
45.580
43.520
43.000
38.300
39.830
44.000
45.550
42.030
39.010
35.710
36.000
34.500
32.690
36.320
39.010
36.690
33.350
36.780
40.870
45.410
50.460
53.640
52.910
51.450
51.000
53.580
52.980
46.080
47.670
43.340
39.400
35.820
32.560
29.600
26.910
24.460
22.240
20.220
18.380
16.710
15.190
13.810
12.550
11.410
8.640
