0.580
0.150
0.110
0.110
0.270
0.070
-0.470
-0.110
0.220
-0.060
-0.490
0.010
0.060
-0.040
-0.540
1.040
0.270
0.520
-0.970
-0.200
-0.290
0.790
-0.230
0.190
0.070
-1.890
-0.430
0.580
-0.970
-0.680
-2.260
2.060
-2.000
-0.330
0.700
2.020
1.840
0.070
0.490
-0.280
0.630
-0.800
-0.730
-0.390
0.450
-0.330
-0.170
0.810
0.610
0.350
-0.660
-0.290
-0.480
0.990
-1.110
-2.130
-0.890
-0.070
-0.760
0.670
-2.450
-0.450
0.400
0.190
-0.630
-1.180
-2.260
-1.280
0.190
0.250
-1.680
0.240
0.700
1.890
-0.180
1.500
-0.490
0.770
-0.180
-0.710
-1.280
0.040
1.120
-0.090
0.940
-0.500
0.590
2.450
2.220
2.020
1.840
1.670
1.520
1.380
1.260
1.140
1.040
0.940
0.860
0.780
0.710
0.640
0.590
0.530
0.480
0.440
0.400
0.360
0.330
0.300
0.270
0.250
0.760
