20158.66
17248.19
22069.20
45755.53
26557.83
17578.00
14779.50
14864.68
14712.32
29589.26
31425.64
20858.03
32048.52
42318.25
71570.69
26095.94
18099.08
16375.00
17864.75
22092.85
20587.63
13790.10
12299.47
16141.15
31493.27
36157.47
17495.88
19480.60
20941.91
28263.88
31973.57
14248.97
24589.06
28453.97
22273.31
39931.43
39378.67
24188.25
21917.65
15831.48
28773.85
40321.56
18421.83
21668.15
22191.20
27126.09
27543.18
26851.90
33799.68
30968.39
33099.02
65274.47
43939.14
49794.34
105308.16
49749.48
80675.62
80305.67
13694.16
11108.15
11839.33
20295.40
18556.25
25820.60
26065.19
33205.82
29919.48
45686.27
72515.76
82158.62
21507.16
36410.07
44949.36
78836.29
71595.11
23234.86
51561.43
13434.82
13981.22
9314.71
17525.69
23240.80
17593.42
14169.72
16601.11
28389.21
13553.16
13129.54
15430.41
20565.87
29141.89
31568.91
47686.00
20090.27
16207.50
17514.53
15731.46
17423.95
30059.90
18663.80
20840.65
30587.84
28824.35
35750.13
32318.27
33674.00
38183.33
38915.57
36659.52
31605.42
38815.48
41447.67
43140.38
46841.52
43488.84
72654.41
33928.46
46254.04
51130.14
108480.40
124564.00
49048.52
58808.91
41135.60
43005.06
54733.54
46125.80
52014.74
73000.53
124433.91
153977.88
51923.75
77169.55
120253.05
73792.61
100300.45
147376.69
66583.72
49746.26
20579.64
13443.42
17096.29
10692.26
17343.31
14795.27
17626.50
9990.00
10699.19
11987.68
18892.29
20859.91
33750.08
20000.19
27486.07
28554.61
17174.86
32537.20
26425.83
25091.68
27392.65
48806.34
74146.23
67637.98
55368.83
27142.12
70507.51
68767.70
31645.41
39851.56
34950.78
31235.28
13601.50
17117.33
22913.13
40371.89
16553.91
16012.88
20294.01
31015.16
23637.85
23316.69
17215.34
28896.87
45485.12
24444.52
48027.13
24217.89
28711.49
28895.18
31665.37
37214.77
49193.37
22331.44
42056.43
48227.49
43787.85
46851.55
68012.55
64820.41
87528.90
85223.91
63849.79
102426.41
68796.27
64214.47
104630.92
93531.85
19618.25
18849.69
22096.67
24010.81
26114.51
43026.31
75851.68
45073.40
25555.26
37403.19
32786.60
14649.45
21229.23
31991.74
39944.39
31814.32
43936.47
51458.92
61947.62
75019.43
54479.00
14296.02
15420.15
22622.90
29216.42
20632.74
47975.98
20833.39
16231.45
23831.93
22596.14
18451.06
7247.45
13515.43
7044.58
8848.10
10428.88
9253.34
19815.16
9201.90
9457.40
7888.02
15470.32
25856.87
21789.58
20618.75
9863.00
11128.41
17202.32
26563.28
23477.38
23256.60
13063.88
15839.85
21913.45
24345.67
11470.75
10695.75
19171.04
25297.59
33083.76
24360.29
7822.18
18665.78
13623.37
9816.39
10912.89
5604.34
9458.40
7741.95
8618.02
10218.23
17100.29
18475.98
12086.84
10654.99
12258.45
11312.83
20250.30
10212.08
8064.87
15707.77
13062.52
16976.50
8623.32
5342.00
10374.76
6846.17
8315.19
6920.83
14632.86
12483.37
17340.62
14562.60
15733.32
23665.47
24583.36
25324.93
15022.24
8178.13
11765.54
16205.33
11616.95
7988.33
15675.13
18024.76
4777.00
19214.38
16773.63
9990.09
20861.14
21840.79
13756.73
20735.61
17212.89
11793.77
16990.60
17078.26
19496.33
44300.07
31519.76
22462.51
30420.68
18891.74
19420.16
20075.33
21781.01
24218.46
23647.76
25433.94
25653.09
24082.06
34887.55
44472.23
50928.13
63992.84
47425.63
52221.54
81418.89
69658.21
55258.90
39411.56
49396.05
52808.04
78349.07
103118.76
74511.89
86848.48
120279.89
151310.30
146793.55
160132.53
95540.94
126612.46
59735.36
18515.17
30276.35
26865.58
30151.48
36060.09
29357.65
42146.38
34941.06
80682.83
81683.21
31089.18
34882.34
30726.87
29154.70
17081.58
15415.77
11699.78
14826.01
17709.11
31739.70
45425.25
38780.21
21855.65
15410.64
12042.05
25815.42
20157.82
21442.16
16132.64
15835.36
22363.54
33998.78
28069.61
30508.92
25206.28
36334.21
22209.88
21505.49
27232.50
25687.14
46515.36
51455.86
46823.44
71627.16
70821.34
40640.23
65394.78
74351.15
79092.28
107919.44
88921.87
41856.01
33213.62
37750.44
56172.46
43249.85
54277.97
54037.57
69775.62
71973.90
86217.61
89034.89
70263.87
43879.76
59076.13
86822.97
254.40
1149.00
4661.00
33626.77
37410.81
29074.79
31257.41
33146.20
40024.51
34729.81
22465.33
23429.21
30303.16
27049.27
23858.68
19903.39
28281.76
30899.42
38435.25
39439.17
35188.06
45437.98
33595.76
47238.77
43495.92
50912.82
57777.97
81958.48
120813.44
126100.77
62810.66
86243.09
16338.42
48140.41
16293.98
18349.74
20371.16
25511.59
22503.11
26597.76
22107.33
23761.51
31803.43
27337.69
28463.87
13851.81
12981.62
7769.66
10314.19
13791.18
11957.39
14309.70
8853.00
11520.19
15020.29
11456.74
15445.55
14507.83
16020.13
39815.02
19606.42
24235.43
23744.75
26097.13
32757.73
38628.36
33145.91
26484.74
31240.20
15414.36
24375.32
34892.35
64179.78
46029.08
42479.79
55557.13
82848.11
10740.90
38972.24
8298.53
33692.88
14396.26
12463.47
14162.69
13109.62
15044.30
25349.44
25532.32
34678.64
34702.52
49760.75
25702.12
31125.52
36828.75
39752.94
48509.52
67527.82
104159.39
18666.68
53332.55
87639.83
78912.29
1883.00
887.80
714.00
1041.00
1006.00
371.00
184.00
108.00
69.00
156.50
214.00
