37.300
37.500
37.880
37.800
37.780
38.720
36.200
36.110
35.190
35.160
36.030
36.500
36.930
36.550
36.590
36.680
35.000
35.110
35.260
35.870
36.290
36.300
35.300
35.800
34.720
35.000
36.980
35.130
34.430
34.650
35.650
38.560
38.790
39.250
39.990
39.570
39.500
39.770
38.710
39.850
39.550
40.560
42.350
43.450
44.480
44.660
44.800
44.790
43.490
42.660
42.730
43.000
42.860
42.960
43.330
45.200
47.780
48.600
49.790
50.000
52.760
56.200
58.200
56.740
60.130
61.950
64.600
72.910
68.670
62.430
56.750
51.590
46.900
42.640
38.760
35.240
32.040
29.130
26.480
