12.460
12.330
12.480
12.280
12.280
12.410
12.480
12.490
12.490
12.240
12.940
12.680
13.060
13.190
12.660
12.650
12.200
11.970
12.090
12.270
12.670
12.430
11.420
11.410
11.680
13.110
13.630
13.480
13.770
14.050
14.200
14.380
14.620
14.920
14.930
14.800
15.280
14.790
14.950
15.640
15.540
15.800
16.160
15.880
15.780
15.550
15.750
15.970
15.270
15.200
15.090
15.900
16.420
16.480
16.840
17.600
18.970
20.000
23.360
23.820
24.990
26.610
97.390
95.800
94.930
95.780
95.400
94.490
94.200
94.650
96.060
97.590
98.980
99.200
98.500
96.670
93.980
94.910
93.980
94.600
92.110
92.670
94.370
95.430
99.120
95.850
95.000
93.150
92.640
92.600
93.170
93.400
94.000
94.000
94.500
94.490
93.990
92.000
89.720
89.770
89.960
89.890
89.880
90.000
90.500
92.000
90.700
90.510
92.050
92.700
93.980
96.800
96.600
95.320
96.470
97.000
95.800
96.500
93.000
91.000
90.780
90.400
89.800
90.570
90.600
91.700
92.000
92.000
91.000
91.160
90.280
91.000
89.480
87.980
92.800
95.000
97.000
95.580
96.300
97.100
96.500
98.650
99.500
99.390
97.750
98.800
93.000
90.360
89.450
90.640
87.040
87.360
85.600
87.800
85.500
87.380
91.020
89.000
85.440
84.180
84.410
79.250
78.190
78.950
78.320
75.170
74.430
74.780
73.680
73.730
73.440
72.000
72.200
72.500
72.370
74.520
72.800
72.460
72.400
72.440
72.450
69.990
70.000
70.000
70.250
72.400
74.430
74.660
74.700
77.300
73.850
73.070
72.700
73.700
74.200
74.470
74.580
75.000
74.400
72.420
73.390
73.360
72.590
70.530
70.900
70.790
71.280
71.800
73.280
73.600
73.880
74.950
74.290
73.310
71.190
73.600
74.970
73.000
73.000
73.000
72.500
71.800
72.000
71.500
72.480
73.160
75.950
75.580
80.990
79.950
79.100
76.500
74.990
75.500
76.900
76.000
78.500
76.500
70.750
71.940
72.980
69.950
69.550
69.990
70.970
70.390
70.400
71.500
70.800
67.590
68.500
63.970
65.100
64.600
63.400
61.480
61.220
57.500
62.600
64.000
64.050
63.210
63.650
63.580
62.580
61.110
56.500
56.510
56.500
57.100
55.850
56.500
54.600
54.480
52.280
53.590
52.450
52.700
52.550
53.650
53.980
53.000
59.560
59.580
60.110
59.970
56.500
57.580
56.990
57.200
56.900
57.220
58.500
66.180
65.780
66.540
69.440
68.450
69.600
66.500
66.350
64.080
69.000
66.870
66.600
63.460
67.490
65.890
65.740
71.520
68.990
70.030
70.370
66.150
66.660
63.430
57.700
56.000
56.490
58.170
53.880
53.370
54.350
55.180
57.600
59.780
59.400
54.500
52.780
57.400
60.970
64.980
69.340
71.000
73.500
72.550
71.660
71.700
71.500
66.760
70.500
71.450
65.930
66.540
63.880
66.150
67.890
66.930
70.590
74.080
71.990
74.300
73.000
73.870
70.900
69.210
70.900
74.000
76.170
83.000
87.990
88.010
89.800
90.500
97.350
100.700
102.490
102.970
108.000
114.080
114.480
115.900
114.000
124.000
124.500
124.950
115.060
109.800
104.950
113.390
112.500
110.200
105.000
100.770
96.330
94.980
95.860
107.840
110.480
109.600
113.200
118.990
109.240
104.900
97.920
89.020
84.500
88.200
81.910
81.940
85.200
85.000
82.880
76.070
70.000
72.000
67.110
63.100
60.420
56.800
54.990
56.500
56.950
57.240
53.650
49.880
52.410
52.890
51.130
51.660
51.660
48.450
48.600
47.500
44.430
44.900
41.890
41.650
42.000
41.850
42.880
42.490
42.120
42.040
40.590
39.190
35.630
35.000
40.550
39.980
38.930
39.600
37.680
35.330
36.130
38.600
41.500
42.980
39.500
40.500
39.990
44.790
50.900
54.790
53.000
57.970
57.980
60.900
58.500
56.300
56.560
57.180
53.740
51.280
51.670
49.470
47.370
50.700
53.900
52.220
52.350
61.380
64.290
63.900
59.600
60.100
55.630
50.580
47.600
46.090
41.900
38.090
34.630
40.010
52.260
51.980
55.600
61.970
59.590
62.000
65.300
72.030
73.400
70.500
73.700
81.190
79.490
83.000
96.000
90.990
87.320
88.450
85.300
90.490
92.450
94.500
97.000
98.860
95.980
97.480
106.500
99.080
92.530
84.800
87.770
86.200
88.500
88.540
84.000
80.480
82.880
78.730
79.900
75.150
68.320
64.140
67.580
65.500
66.000
70.000
68.000
69.100
72.500
70.350
64.990
67.690
62.170
58.670
60.350
61.950
63.410
66.990
69.730
65.890
65.290
68.590
65.050
59.580
60.180
57.990
57.700
57.980
58.490
60.450
64.340
61.980
62.390
61.000
58.490
54.110
49.930
50.550
46.800
44.530
44.890
45.200
43.870
45.850
45.920
45.230
46.090
46.800
45.450
44.850
45.750
46.420
46.860
46.150
45.340
42.000
40.490
41.500
43.870
46.980
45.380
46.450
42.420
51.200
52.930
51.520
48.150
48.160
48.280
48.300
49.500
47.400
49.780
47.390
45.790
44.700
46.000
41.970
38.150
34.680
31.530
28.660
26.050
23.680
21.530
