23.650
23.600
23.160
23.280
23.140
23.000
22.980
23.690
23.490
23.080
23.180
24.200
24.130
24.100
23.770
24.000
23.310
23.160
22.710
23.910
24.490
23.840
23.060
22.770
22.500
21.930
23.560
24.140
23.660
23.840
23.970
26.630
28.790
27.120
24.650
24.480
23.770
24.050
24.290
23.920
24.650
24.350
25.710
26.190
26.240
25.790
25.800
25.520
24.770
24.400
24.510
25.690
26.200
26.340
25.700
26.330
28.230
28.200
27.990
29.050
28.190
30.170
30.900
30.900
30.300
31.620
35.130
35.660
35.340
36.290
36.630
37.490
36.960
34.890
35.800
36.510
35.920
36.990
38.280
35.740
35.520
34.470
33.720
32.910
29.920
30.170
30.520
30.500
30.550
31.410
31.110
30.520
30.910
29.890
29.620
30.010
30.350
30.190
30.230
29.790
30.760
30.930
30.930
30.190
29.100
29.740
30.510
29.140
29.560
29.220
26.560
26.240
27.180
26.270
28.700
29.450
29.530
30.930
30.910
31.790
33.360
33.640
33.440
33.090
32.890
33.310
34.230
34.360
34.460
36.220
36.960
36.840
36.740
37.770
36.330
35.650
36.800
36.380
40.360
41.990
42.220
43.260
42.730
46.490
44.280
42.180
42.130
42.390
43.910
44.980
46.750
46.890
46.210
47.300
49.220
47.150
50.200
48.150
43.770
39.790
36.170
32.880
29.890
27.170
24.700
22.450
20.410
18.550
16.860
15.330
13.940
12.670
