40720.33
36539.74
22072.74
13617.48
21320.76
12832.52
8696.29
13308.70
15261.02
11536.57
10563.70
9769.28
12811.54
21424.04
17779.47
34346.61
20341.29
23290.22
24291.49
18725.16
25415.61
44675.49
36680.68
51210.93
35576.85
27504.16
36460.77
18825.00
10893.03
12639.37
35182.71
22337.60
14630.48
19931.32
22323.16
24236.85
18899.05
30273.12
39253.42
35002.53
29823.01
32734.69
26912.51
42063.24
23781.29
20886.94
32195.10
43382.03
30301.72
46696.64
51507.61
30268.34
47683.22
42147.17
38251.48
41959.54
37171.61
27976.20
25926.23
36768.98
42157.82
45295.51
51869.72
41041.49
60346.16
82652.01
74517.89
62001.06
96237.11
104462.59
102118.91
102032.54
153834.95
110462.85
139199.98
143900.20
132561.38
164930.98
66388.35
55848.89
103537.98
127387.98
145408.25
114412.54
94066.73
149989.66
67737.38
69578.04
60657.85
95469.35
125080.90
106148.61
95215.33
139518.48
168308.94
305458.03
10652.82
97565.23
42624.38
1483.16
870.73
800.42
971.45
1221.95
485.27
139.29
129.86
54.00
66.76
262.29
