11.440
11.230
11.150
11.340
11.530
11.480
11.400
11.490
11.540
11.350
11.160
11.480
11.470
11.650
11.790
12.280
12.230
11.850
11.340
10.690
10.670
10.690
10.480
10.400
10.180
10.160
10.600
10.600
10.550
11.190
16.940
17.780
18.200
18.290
18.060
18.080
17.580
17.640
17.810
17.490
17.970
17.810
18.410
18.900
19.070
18.900
18.930
18.790
18.480
18.360
18.320
19.230
19.090
19.170
19.000
19.230
19.820
19.970
19.770
20.110
19.930
20.540
20.650
20.740
20.320
20.130
20.710
21.340
21.760
22.070
21.830
21.820
22.050
22.140
21.680
21.550
21.280
21.500
21.290
21.250
21.160
21.730
21.600
21.600
21.170
21.130
21.500
21.500
21.990
21.910
22.110
22.080
22.350
22.850
23.540
21.580
21.090
20.530
20.540
20.440
20.420
20.380
20.100
20.100
19.690
19.970
20.070
19.830
19.610
19.480
19.130
19.190
19.450
19.020
19.840
20.360
21.150
21.150
21.270
21.220
22.050
22.180
22.360
22.430
21.600
21.670
22.020
21.280
21.220
21.570
21.580
21.160
21.100
21.080
20.800
20.630
20.680
20.270
22.360
22.470
22.800
22.620
22.180
22.010
22.800
22.510
22.810
23.330
23.290
23.810
23.780
24.420
24.850
23.930
24.300
24.400
24.950
26.510
25.390
25.410
23.100
22.800
22.160
22.310
21.600
21.700
21.840
21.190
20.830
21.100
20.830
21.000
20.670
20.380
20.710
20.570
20.660
20.220
20.570
20.670
20.760
20.660
20.650
20.280
19.810
19.760
19.800
19.800
20.420
20.440
20.720
19.800
19.760
19.600
19.760
19.070
19.820
20.280
20.160
19.800
19.670
19.750
19.600
19.530
19.630
19.650
19.570
19.350
19.650
19.470
19.530
19.450
19.770
19.910
19.970
19.800
19.190
18.890
19.730
19.980
19.450
19.320
19.490
19.390
19.330
19.130
19.120
19.320
19.210
20.990
20.650
20.880
21.200
21.290
21.490
21.120
21.540
21.350
21.590
21.130
21.410
21.520
21.650
22.400
21.940
21.830
21.580
20.840
20.290
20.290
19.570
18.560
18.920
19.190
18.850
19.460
18.900
18.880
18.580
17.800
17.780
19.420
18.790
18.620
18.180
18.170
17.990
17.780
17.030
17.100
17.180
17.350
17.460
17.950
18.190
17.490
16.880
17.230
17.250
17.010
17.110
16.880
17.130
16.950
18.150
19.020
18.750
18.800
17.770
18.140
18.450
18.760
18.460
18.520
18.460
18.930
20.210
22.480
21.970
21.680
20.770
20.200
19.550
18.990
18.860
19.210
19.190
18.690
19.390
19.900
18.390
18.700
19.150
18.870
18.810
18.460
17.900
17.580
16.990
16.500
16.660
17.000
16.220
16.150
16.700
17.740
16.280
15.880
16.510
16.400
15.610
15.010
16.150
16.140
17.900
17.980
17.920
17.560
17.450
17.680
17.590
17.030
17.060
17.180
16.780
16.580
15.950
15.640
14.780
16.050
16.280
17.650
17.210
16.840
17.660
17.660
16.960
16.530
17.460
16.740
17.400
17.110
19.040
18.940
21.060
20.280
21.530
23.920
25.120
25.380
25.600
25.560
23.910
24.080
24.830
24.050
23.930
23.550
22.830
22.370
21.960
21.300
21.200
21.800
22.340
22.810
21.760
21.440
20.910
22.000
21.810
21.590
23.620
23.910
23.870
23.000
23.600
22.910
20.900
22.240
22.610
22.290
24.220
22.700
22.090
22.740
22.240
20.400
20.400
19.780
18.800
18.400
18.660
18.600
18.160
18.280
17.980
17.200
16.550
18.310
17.940
17.950
17.480
16.930
17.630
17.220
16.540
16.560
15.770
14.920
15.270
14.800
15.650
15.130
15.280
15.230
14.500
14.100
14.500
13.180
14.540
16.130
15.820
16.490
15.560
14.360
13.900
14.900
16.560
18.060
16.940
15.990
15.990
17.770
19.770
21.780
23.390
22.780
25.290
25.790
26.090
24.240
25.630
25.420
24.440
23.790
25.010
25.460
23.870
26.480
24.360
23.820
21.650
24.050
26.800
24.820
22.560
22.770
21.240
20.100
18.430
18.080
20.090
18.260
16.600
18.440
20.490
22.770
25.300
28.140
27.310
30.340
33.700
34.340
31.230
29.200
29.830
31.270
30.660
32.580
35.590
35.750
35.370
34.070
34.070
37.860
37.680
38.950
37.940
35.500
34.920
36.420
38.820
35.290
33.060
31.880
30.520
28.290
29.260
30.220
28.430
28.470
25.880
25.560
23.240
22.070
21.450
22.880
23.480
23.060
22.930
23.300
22.780
23.990
23.770
24.200
24.640
24.200
23.710
24.110
21.920
22.000
23.490
23.640
22.550
22.060
22.830
23.520
23.060
22.530
22.570
21.640
21.290
21.230
21.260
21.420
20.680
21.140
20.870
21.060
20.900
20.670
19.820
19.290
18.980
19.340
19.740
19.510
19.670
19.870
19.380
19.200
19.480
19.040
19.090
18.790
19.120
19.140
18.980
18.790
18.250
18.180
17.950
18.330
19.300
19.500
20.080
19.440
19.300
19.680
20.090
19.980
20.130
20.250
21.140
20.120
20.040
18.220
18.000
17.780
17.700
18.030
17.710
18.680
18.930
18.650
19.070
18.520
18.430
18.540
18.620
18.920
19.320
19.800
18.390
17.550
19.500
20.940
21.550
22.380
22.620
22.470
23.240
21.920
21.740
24.150
24.990
26.800
27.120
28.790
27.590
26.560
26.810
27.330
27.300
29.670
28.460
28.090
25.540
26.530
26.510
24.100
21.910
19.920
18.110
16.460
14.960
13.600
12.360
11.240
10.220
9.290
