13850.70
11629.00
3628.00
3473.00
3698.00
3724.00
4257.81
6107.00
5382.00
10671.00
14314.00
12069.00
10366.00
10947.00
24837.68
12527.67
22430.15
8139.64
7022.65
9807.96
25367.98
29233.03
11676.07
13959.00
11363.65
6816.98
6881.00
7653.58
6297.07
5608.99
8286.00
11780.00
14462.06
13612.94
14647.67
16328.66
6905.55
5845.00
9014.52
9332.00
18251.22
12147.96
11418.20
12066.36
12823.53
16776.95
32600.56
21403.16
14920.50
9070.46
12779.00
20182.68
17244.24
9437.86
11250.45
16885.33
14315.85
10755.00
13319.00
19281.00
30146.87
18211.61
28514.67
21130.13
20539.01
31805.38
39108.58
29688.56
37594.97
63915.22
64048.19
40326.42
43418.56
56993.71
90080.31
124736.64
152831.70
135805.47
141486.20
61715.54
59872.55
87628.00
139241.59
96675.23
90795.88
61782.38
17898.83
10063.44
9564.78
10023.94
12221.78
20636.19
16234.78
7211.64
11568.02
10396.65
16509.54
10786.35
11110.15
10349.60
11471.38
8254.73
8843.62
6282.21
5212.81
5011.75
7318.96
12533.83
19851.33
9838.63
7775.02
8368.00
13663.56
15784.92
13180.92
14198.94
15030.36
11658.41
16411.91
14735.44
14524.51
14428.20
10444.60
17796.17
15433.99
12623.00
13726.60
17039.00
29962.95
17242.00
19863.00
17772.68
25190.84
24186.67
21403.39
24315.32
29146.88
41867.74
55885.14
43462.04
55754.56
73226.80
44857.60
82293.46
120683.17
66004.97
62010.81
124672.42
76858.11
27400.87
36819.41
41264.13
60221.77
45225.48
44724.92
49390.19
40902.95
38441.31
60501.17
103036.54
88718.32
146697.09
99572.65
53131.31
75236.90
58081.67
43196.61
50895.88
26067.40
13728.26
23241.70
19047.77
17618.26
19977.89
19676.14
27469.01
29345.42
41330.95
45500.77
31579.99
13682.51
14194.48
16829.73
9085.95
8876.20
6795.12
11033.16
13194.01
9481.46
6140.92
6670.00
8060.78
8090.27
6840.83
9808.30
13706.99
20118.03
33906.29
23545.77
18162.80
11447.64
5939.01
7287.69
8688.89
6211.95
6461.62
11257.89
15238.90
12750.94
8072.00
11283.28
11317.74
19232.28
18624.47
19499.33
27218.73
5920.11
9220.20
10707.94
10605.60
9695.82
12007.95
14767.70
19263.38
15799.99
15315.99
16603.01
19154.19
31037.04
15307.51
18899.57
33553.36
20693.83
19731.88
16809.08
27507.02
24829.15
36585.84
27749.42
33292.62
44517.69
33837.79
42430.27
48262.01
64462.58
69784.31
63039.55
44066.87
64853.77
51822.28
63354.58
87670.14
125946.09
98120.88
73480.44
73191.00
50435.37
28168.90
36663.92
29325.60
53003.37
55861.84
72961.72
51264.57
80588.42
55661.27
70427.89
56716.79
41061.65
59880.74
56356.09
23866.73
27932.85
26473.45
19386.47
21187.99
35837.57
38963.49
39523.85
38933.26
71666.13
104989.35
87690.84
62219.59
53920.61
40207.08
40672.65
41295.53
12841.80
24322.00
30264.45
21700.65
20685.54
21754.60
29679.07
51522.41
34496.37
36406.67
66020.33
79133.27
75271.29
82475.01
54624.20
33156.98
32005.98
35695.49
40900.96
39594.72
81336.97
66335.34
27758.23
39935.34
41172.08
48977.38
58232.21
36320.77
57361.54
59532.18
35312.50
24856.75
24306.55
39456.02
24841.79
29234.01
38626.34
27448.04
24988.78
41640.61
43839.42
45897.31
36776.11
43834.06
40034.81
52348.69
58798.47
74841.38
96305.47
80234.80
78319.94
57233.94
37662.88
35610.13
45574.18
69947.27
43670.85
57695.02
51072.72
58467.00
57474.18
71693.22
55570.29
63182.29
77935.72
63968.34
76464.48
87646.33
84769.62
82065.35
86452.27
103098.99
74787.17
64259.81
168852.84
70798.00
159186.73
176284.94
132912.02
191168.64
99631.79
12461.93
4013.44
2670.20
5897.61
1461.25
1633.91
1281.50
600.00
463.00
274.00
340.50
377.00
88.00
25.00
236.00
