43.800
43.800
41.550
41.640
41.410
41.900
41.600
41.700
41.770
41.980
43.600
44.240
43.800
43.860
44.000
42.250
42.080
40.190
39.990
40.150
40.550
42.100
38.380
38.880
38.100
36.780
37.500
36.910
36.400
36.000
36.120
36.650
36.200
35.170
34.970
34.180
33.370
33.990
34.030
34.870
34.950
34.880
35.440
35.840
35.900
36.020
37.660
36.150
36.570
36.950
37.080
38.170
37.500
36.380
36.500
36.500
37.260
37.340
37.350
37.450
38.100
39.190
39.460
38.500
38.940
39.260
41.850
42.690
43.220
45.950
47.000
45.990
46.880
46.240
49.360
50.880
51.000
49.800
49.040
45.600
46.500
48.950
49.910
47.690
44.980
41.980
39.500
38.300
38.180
37.890
37.880
38.660
37.490
36.810
37.370
36.970
38.000
36.680
36.730
36.230
36.600
35.800
35.850
35.500
35.490
35.080
35.160
35.740
36.660
34.250
34.500
34.300
34.650
35.920
36.800
37.780
39.000
39.310
39.630
40.940
41.130
40.930
40.570
40.780
40.790
41.460
41.830
41.800
43.000
43.560
43.180
43.280
43.580
42.990
42.940
43.230
43.280
46.090
47.830
49.990
50.450
52.900
50.680
52.980
55.710
53.060
51.520
54.570
51.920
48.940
50.090
50.860
51.110
49.800
48.970
49.850
50.920
50.380
51.540
52.850
50.490
54.980
50.830
46.650
47.850
46.390
44.720
44.770
43.250
42.580
43.350
43.220
43.290
43.080
43.610
44.800
44.540
45.300
44.710
43.750
43.100
43.100
43.200
42.500
41.950
41.980
41.690
41.880
41.400
41.450
41.300
41.530
41.380
41.470
41.490
41.500
43.300
44.470
43.500
42.400
41.850
41.080
41.300
41.300
40.970
40.960
42.100
41.710
42.480
41.570
42.400
42.460
43.650
43.650
43.590
43.230
40.960
41.450
41.610
41.500
41.120
41.710
41.860
41.750
40.970
40.130
40.650
40.590
41.680
41.610
41.300
42.190
42.980
42.980
42.910
43.660
44.690
44.590
43.580
43.290
44.300
45.250
45.880
45.980
46.550
46.110
44.200
42.900
43.670
43.880
43.330
43.300
44.770
42.250
40.060
39.550
37.860
36.770
36.460
34.850
36.920
39.400
40.560
39.090
39.410
38.670
38.790
37.500
36.300
36.380
36.200
33.800
33.560
33.200
32.300
32.450
33.450
34.480
33.800
34.600
35.490
39.770
38.700
36.900
37.450
36.350
35.860
35.300
33.330
33.700
34.450
33.590
33.220
33.330
33.970
37.100
37.490
37.880
39.300
39.880
38.200
37.990
35.800
34.340
34.500
35.120
34.990
34.160
36.390
35.000
32.880
34.300
33.550
34.200
35.640
33.190
33.900
33.000
30.580
30.490
30.780
30.990
29.650
30.690
31.000
29.720
30.280
31.140
32.500
31.790
30.490
32.600
34.400
37.600
39.770
40.770
41.400
39.330
36.800
35.990
34.510
33.370
35.560
36.000
34.400
34.840
34.480
34.000
33.880
35.500
35.660
36.700
36.840
37.300
39.750
41.000
39.740
42.780
42.990
45.500
49.800
53.780
62.870
66.100
64.110
58.500
59.990
60.200
60.740
55.220
50.200
45.640
41.490
37.720
34.290
31.170
28.340
25.760
23.420
21.290
19.350
17.590
15.990
14.540
