12.010
11.870
11.900
11.870
11.900
12.020
12.010
12.150
11.300
11.200
11.430
11.380
11.490
11.440
11.450
11.310
11.250
11.020
11.060
11.240
11.350
11.150
11.040
11.050
10.910
11.010
11.660
11.680
11.360
11.320
11.750
12.110
12.520
12.450
12.200
11.920
12.060
12.030
11.710
12.030
11.900
11.890
12.300
12.380
12.520
12.510
12.320
11.750
12.300
12.230
12.300
13.450
13.920
13.700
14.300
14.400
14.950
15.630
15.630
15.600
16.020
16.300
16.370
15.700
15.610
15.900
16.340
16.280
16.440
16.460
16.070
15.910
15.860
15.860
15.850
15.920
15.800
15.830
15.710
15.720
15.850
16.180
16.130
15.990
15.630
15.760
15.890
16.050
16.300
16.190
16.310
16.410
16.650
16.210
16.150
15.610
15.730
15.620
15.600
16.000
15.910
15.440
15.730
15.660
15.550
15.490
15.370
15.090
14.940
14.690
14.660
14.650
14.500
14.000
15.200
15.280
15.300
15.460
15.200
15.160
15.310
15.100
15.000
15.260
15.070
15.050
14.890
14.540
14.860
14.940
14.820
14.570
14.610
14.860
14.510
14.380
13.940
13.700
14.700
14.750
14.660
14.500
14.320
14.500
14.850
14.700
14.760
15.150
15.330
15.610
15.750
15.600
15.490
15.400
15.740
15.830
15.730
15.640
15.490
15.520
15.120
15.120
15.100
15.370
14.850
14.950
14.620
14.460
14.460
14.400
14.370
14.710
14.560
14.500
14.580
14.520
14.360
14.200
14.330
14.150
14.090
13.980
13.760
13.610
13.630
13.620
13.420
13.580
13.750
13.890
13.620
13.500
13.330
13.380
13.390
13.330
14.140
14.190
14.190
14.260
14.290
14.150
14.210
14.440
14.090
14.000
14.100
13.950
13.600
13.510
13.610
13.750
13.750
13.630
13.620
13.430
13.280
13.280
13.550
13.480
13.230
13.410
13.390
13.410
13.450
13.070
13.230
13.160
13.310
14.120
14.100
14.320
14.200
14.280
14.220
14.140
13.720
13.810
13.740
13.320
13.640
13.500
13.380
13.800
14.010
13.160
12.700
12.650
12.650
12.160
12.190
12.150
12.870
12.850
12.820
12.880
12.750
12.670
12.260
12.150
12.150
11.930
12.150
12.100
12.280
12.020
12.090
11.880
12.360
12.130
12.200
12.000
12.450
12.610
12.600
13.180
13.770
13.600
13.250
13.160
12.730
13.100
12.840
12.550
12.850
12.990
12.920
13.960
14.100
14.400
14.200
14.120
13.800
13.930
13.700
14.200
14.050
13.860
13.770
14.250
14.040
13.700
13.800
14.000
14.450
13.440
13.750
13.420
12.070
11.670
11.560
11.720
11.600
11.260
11.410
11.540
11.320
11.680
11.380
11.830
11.250
11.060
11.000
11.600
12.080
13.080
13.320
13.220
12.600
12.600
12.540
11.950
11.550
12.080
12.010
11.670
11.500
11.310
10.930
10.980
10.900
11.750
12.900
12.460
12.560
12.960
12.800
12.250
12.460
12.010
12.510
12.400
12.540
12.800
13.870
15.040
14.550
15.850
17.600
17.600
17.400
17.560
17.990
17.890
18.740
18.730
18.460
18.530
18.910
18.600
18.510
17.420
17.430
17.700
17.460
18.020
18.620
18.410
18.100
17.030
17.990
17.010
18.520
20.570
21.250
20.650
20.500
20.210
18.700
18.510
19.310
19.030
19.760
20.200
19.460
19.410
19.010
17.250
16.610
16.030
15.720
15.760
16.070
16.110
16.000
15.980
16.800
16.420
15.730
16.070
16.820
17.540
18.020
17.560
17.510
17.580
17.000
17.180
16.800
16.600
15.150
13.880
13.990
12.590
12.390
12.380
11.830
11.730
11.730
10.950
10.770
11.930
13.090
13.130
13.060
11.850
11.450
11.250
12.350
13.700
13.520
12.510
12.350
13.560
15.070
16.500
17.400
16.950
18.300
19.700
19.880
19.390
19.400
19.710
19.260
18.360
17.510
18.050
17.120
16.690
18.000
18.780
17.680
17.250
19.170
21.000
21.250
19.460
18.800
18.900
17.660
16.330
18.140
19.000
18.470
16.300
13.280
14.750
16.390
16.250
15.210
16.620
18.400
17.010
18.900
21.000
23.010
24.680
22.510
25.010
27.700
28.000
28.250
31.310
33.200
33.100
33.010
31.500
33.830
36.300
33.000
31.500
31.020
31.000
31.700
34.450
66.220
59.000
50.550
49.960
45.800
43.500
42.030
39.010
37.580
39.060
37.200
36.830
35.440
34.110
33.450
35.570
34.800
35.320
35.300
34.800
34.370
36.690
35.400
35.350
35.000
33.570
33.900
35.050
34.100
36.790
38.700
37.620
34.690
28.400
28.500
28.870
27.500
26.500
26.120
26.050
25.660
25.930
25.910
24.730
24.380
25.220
25.100
24.810
24.710
24.290
23.830
23.200
23.050
23.480
23.370
23.600
23.810
24.110
23.950
23.900
23.650
23.410
23.200
23.320
23.500
23.400
23.220
22.750
22.360
22.050
22.060
22.600
24.300
24.310
24.590
23.800
24.420
25.200
24.630
24.350
24.350
24.610
25.250
25.100
24.210
21.950
21.320
21.200
21.080
21.250
21.510
22.480
21.660
21.520
21.250
21.100
21.500
21.800
21.350
22.300
22.100
21.000
20.110
20.160
22.150
23.800
23.900
24.710
24.700
24.800
24.240
23.400
23.690
25.020
25.650
27.550
27.350
27.340
27.050
27.300
28.020
27.530
27.400
28.170
28.020
26.500
26.690
26.300
25.980
26.510
29.010
28.280
30.890
30.500
30.010
26.450
22.800
23.450
21.670
20.880
20.970
20.270
19.880
19.790
21.610
20.050
19.020
17.290
15.720
14.290
12.990
9.840
