10.630
10.570
10.250
10.230
10.180
10.410
10.500
10.560
9.410
8.950
8.980
9.160
9.310
9.290
9.260
9.220
8.880
8.690
8.680
8.850
8.910
8.700
8.650
8.630
8.430
8.460
8.980
8.880
8.820
8.240
8.650
9.300
9.640
9.660
9.670
9.270
9.550
9.560
9.230
10.100
10.000
10.000
10.250
10.480
10.600
10.620
10.600
10.180
10.380
10.380
10.400
10.780
10.870
10.730
11.020
11.000
11.290
11.500
11.430
11.360
11.600
11.700
11.740
11.680
11.560
11.800
12.210
11.930
11.880
11.730
11.650
11.900
12.120
12.060
12.100
12.160
12.110
12.200
12.070
12.130
12.300
12.500
12.480
12.420
12.210
12.280
12.360
12.400
12.460
12.400
12.480
12.380
12.280
12.110
12.200
11.980
11.890
12.170
12.130
12.220
12.220
12.110
11.930
11.740
11.690
11.620
11.410
11.450
11.330
11.180
11.050
11.160
10.860
10.640
11.800
11.920
12.200
12.260
12.170
12.130
12.210
12.080
12.080
12.030
12.050
11.720
11.760
11.540
11.970
12.010
12.040
11.980
12.070
12.020
11.830
11.920
11.860
12.010
13.220
13.340
13.300
13.420
13.280
13.350
13.330
13.280
13.360
13.610
13.300
13.650
13.850
13.860
13.830
13.850
13.900
13.670
13.470
13.450
13.320
13.410
13.220
13.450
13.360
13.770
13.750
13.900
13.520
13.500
13.710
13.760
13.800
14.090
14.020
14.060
14.110
14.090
14.000
14.000
14.070
14.300
14.160
14.150
14.030
13.850
13.950
14.040
13.920
13.960
14.850
15.150
15.160
15.300
15.190
15.240
14.890
14.800
15.150
15.110
15.300
14.680
15.060
15.200
15.590
15.090
15.540
15.340
15.400
15.180
15.590
15.850
16.090
16.710
16.800
16.380
16.580
16.200
16.020
15.720
16.130
14.900
14.830
15.230
15.580
15.200
14.320
14.070
14.780
13.400
13.500
14.500
13.430
13.140
12.050
12.070
11.950
12.090
12.210
12.290
12.390
12.040
12.410
11.970
11.860
11.900
11.880
11.660
11.790
11.730
11.780
11.510
11.220
11.000
11.770
11.510
11.220
10.930
11.030
11.010
10.550
10.710
10.780
11.620
11.880
12.030
12.000
11.760
11.510
11.120
11.020
11.300
11.080
10.950
10.940
11.050
10.700
10.950
10.800
11.370
11.270
11.210
11.200
11.700
11.800
11.750
13.000
13.310
13.280
12.910
13.130
12.850
13.280
13.400
13.000
12.900
12.630
13.290
14.540
15.000
14.800
15.650
15.540
17.100
16.170
46.300
43.830
44.630
41.200
38.100
39.980
39.000
37.550
37.070
34.450
32.650
31.120
29.000
28.610
30.210
30.100
28.380
27.350
27.110
27.000
28.610
28.000
28.800
27.200
27.650
25.660
25.500
25.090
25.480
25.010
24.450
23.850
24.000
23.800
23.220
22.350
23.420
22.670
21.940
21.580
21.000
20.260
20.360
20.990
22.310
24.210
23.240
23.050
24.240
23.300
22.030
22.500
22.350
23.600
23.580
24.050
25.000
26.570
28.800
27.150
29.710
33.000
33.600
33.100
33.280
35.110
36.330
34.050
33.500
33.810
33.300
32.130
31.890
30.050
30.810
30.860
31.270
33.000
32.000
32.570
31.230
31.200
29.710
29.860
29.400
28.130
28.030
28.790
28.330
29.480
30.000
28.260
28.200
27.700
27.840
27.610
27.500
25.710
24.210
24.180
23.700
23.400
22.300
23.110
22.110
21.120
21.220
22.510
22.430
22.580
22.520
22.400
22.120
21.450
20.910
20.720
19.700
19.520
19.400
19.420
20.250
19.880
19.980
18.830
18.650
18.710
17.700
17.520
18.540
20.190
20.210
20.180
18.320
18.270
17.010
18.500
20.120
20.500
19.600
18.520
18.970
21.080
23.230
24.650
23.850
26.480
28.780
29.050
28.010
28.290
29.420
28.000
27.780
27.050
27.700
26.620
25.800
26.550
26.840
24.430
24.190
26.880
29.500
28.480
28.550
28.200
27.200
25.020
20.190
22.340
20.310
18.460
20.510
21.400
23.360
25.950
28.750
28.050
31.170
34.630
38.480
41.380
42.770
42.280
44.200
40.480
44.250
43.700
39.450
38.010
37.600
36.410
37.800
37.500
35.800
34.510
34.850
30.560
31.280
29.300
28.150
27.770
28.280
27.980
28.000
27.550
26.010
25.550
27.050
25.700
26.020
25.880
25.000
25.000
26.000
24.820
25.320
27.180
27.050
27.090
27.050
26.030
24.600
24.030
23.800
23.460
23.330
23.390
23.200
23.330
23.440
23.000
23.180
23.160
23.030
22.800
22.810
22.410
21.770
21.610
22.130
22.420
22.320
24.210
24.530
24.330
25.320
24.570
22.340
20.310
18.460
16.780
