15.800
15.660
15.680
15.330
15.480
15.540
15.440
15.540
15.520
15.440
15.740
15.680
15.650
15.610
15.500
15.350
15.400
15.150
15.510
15.640
15.860
15.540
15.680
15.600
15.300
15.630
16.020
15.710
15.390
15.800
15.600
15.860
15.260
15.000
15.120
14.930
14.950
14.940
15.000
15.650
15.720
15.980
15.830
16.000
15.960
16.100
15.980
15.890
15.810
15.760
16.100
16.010
16.200
16.250
16.480
16.500
16.830
16.980
17.110
16.860
17.280
17.330
17.000
16.800
16.860
17.140
17.350
17.350
17.880
17.110
17.170
17.200
17.200
17.050
17.140
16.970
17.010
16.900
16.870
16.900
16.920
17.080
17.080
16.800
16.820
16.830
16.880
16.790
16.920
16.870
17.000
17.020
16.910
16.820
16.980
16.670
16.830
16.810
16.780
16.660
16.500
16.520
16.560
16.530
16.660
16.520
16.350
16.460
16.450
16.300
16.160
16.350
16.280
16.680
17.250
17.240
17.290
17.410
17.300
17.480
17.230
17.140
16.880
16.830
16.770
16.930
16.920
16.890
17.030
17.280
17.090
17.060
16.980
16.940
16.910
17.200
17.340
18.160
18.440
18.260
17.870
18.000
18.050
18.370
18.290
18.270
18.480
18.580
18.370
18.620
18.740
18.530
18.370
18.690
18.790
18.740
18.770
18.850
18.740
18.580
18.680
18.550
18.600
18.480
18.430
18.680
18.400
18.500
18.780
18.670
19.110
19.290
19.050
19.090
19.000
19.200
18.860
19.170
19.400
19.900
17.680
17.680
17.500
17.280
17.220
17.330
17.130
17.540
17.580
17.570
17.450
17.600
17.130
17.090
17.130
17.410
17.650
17.690
17.590
17.170
17.400
17.540
17.740
17.590
17.570
17.400
17.370
17.470
17.500
17.480
17.880
17.650
17.700
17.660
17.520
17.110
17.010
17.160
17.080
16.950
16.900
16.900
17.010
17.050
16.990
16.900
17.030
17.070
17.770
17.660
17.530
17.940
18.000
18.000
17.910
18.060
18.040
18.030
17.900
17.690
17.510
17.780
18.140
18.010
18.180
17.510
17.740
17.800
18.070
17.650
17.280
17.770
17.990
17.200
17.530
17.510
17.740
16.600
16.020
16.300
16.990
16.920
16.810
16.970
16.890
16.660
16.810
16.260
16.320
16.280
16.210
16.340
16.380
16.280
16.250
16.040
16.260
16.480
16.290
16.660
16.780
16.220
16.150
16.620
17.140
17.070
17.030
16.570
16.510
16.920
17.000
16.900
16.730
16.800
16.900
17.720
17.960
18.000
18.430
18.530
18.150
18.080
18.050
17.950
18.300
18.250
17.630
17.800
17.650
17.200
17.320
17.550
17.310
17.610
17.440
17.350
17.160
16.690
16.380
16.250
16.400
16.180
15.980
16.200
16.400
16.570
16.200
16.600
16.700
15.940
15.850
16.600
16.660
17.880
17.660
17.890
17.630
17.430
17.600
17.350
16.910
16.450
17.200
16.890
16.750
16.260
16.520
16.020
16.550
16.980
18.140
18.370
18.160
18.090
18.500
17.910
17.520
18.400
18.060
19.380
18.620
19.220
19.500
20.000
20.020
19.520
21.950
22.110
22.300
21.600
22.010
21.610
21.030
21.680
21.730
21.190
21.200
21.260
20.990
20.700
20.030
20.350
20.500
20.750
21.100
21.030
20.990
20.760
20.880
20.830
20.780
22.250
23.050
22.200
21.890
22.180
22.280
21.700
21.990
22.530
21.750
22.980
22.530
21.960
21.780
21.700
21.520
22.600
21.500
20.520
20.160
20.480
20.660
20.800
20.750
21.020
20.620
19.700
21.850
21.770
22.600
20.260
19.600
20.230
19.510
18.930
18.630
18.700
17.900
17.690
17.830
18.500
18.350
18.140
18.360
17.550
17.670
18.000
17.060
16.900
18.980
18.970
19.000
19.060
18.010
18.250
16.850
18.350
19.500
18.980
18.210
17.900
17.250
19.850
21.560
23.140
22.220
25.280
25.260
26.050
25.000
25.680
25.400
24.990
24.450
24.000
25.210
23.560
24.700
23.770
25.090
23.800
19.980
22.790
23.680
22.950
22.850
22.540
22.400
21.500
20.780
22.600
23.100
23.300
21.600
18.560
17.710
21.000
23.000
21.500
24.360
24.900
22.780
25.100
26.080
28.400
28.040
27.300
29.200
31.150
32.500
33.210
33.390
32.950
32.980
33.230
31.750
32.840
32.900
33.810
35.250
35.600
33.100
32.520
34.660
30.340
29.690
28.640
28.500
27.500
27.850
27.520
24.790
25.540
24.800
24.790
24.430
24.080
23.410
23.140
23.800
24.740
24.910
25.760
25.100
26.090
24.750
24.420
25.110
24.460
23.590
24.100
24.830
23.980
25.210
25.150
25.240
24.500
24.250
24.320
23.820
22.900
23.290
22.870
23.130
23.000
22.630
22.500
21.610
22.000
21.980
21.690
21.710
21.410
21.500
21.020
20.570
20.650
20.770
20.630
20.410
20.830
20.940
20.850
20.500
20.300
20.340
20.200
20.180
20.230
20.200
19.800
19.450
19.300
19.240
19.270
19.440
19.940
19.840
19.840
19.500
19.900
20.030
20.200
20.300
20.090
20.500
20.290
20.020
19.580
19.760
19.840
19.520
19.570
19.270
19.620
19.900
20.180
20.060
19.650
19.380
19.180
19.440
19.770
19.850
19.890
19.510
19.180
20.650
21.390
21.510
21.650
22.090
21.890
21.980
21.670
21.230
22.350
22.110
23.100
22.440
22.300
21.860
21.640
22.140
22.300
22.440
22.240
22.400
21.680
21.500
21.880
21.560
21.270
22.210
23.170
22.930
23.900
22.650
23.390
22.580
22.050
21.860
22.260
22.050
22.340
22.370
21.210
21.010
21.320
21.770
21.410
21.140
21.060
19.880
20.100
20.370
20.040
20.090
20.240
20.340
20.400
20.200
20.190
20.110
19.950
19.610
19.490
19.880
19.790
19.770
19.700
20.540
20.550
20.300
20.150
19.860
20.150
20.120
19.950
19.870
19.780
19.460
19.280
19.400
19.410
20.200
20.030
19.710
20.000
19.880
20.100
19.550
19.230
19.250
19.320
19.500
19.360
19.290
19.430
19.860
19.460
19.100
19.400
19.800
19.260
19.300
18.750
18.680
18.500
18.940
18.650
18.450
18.470
18.350
18.720
19.180
19.030
18.770
18.710
19.280
19.230
