63694.62
58823.46
56357.15
59209.11
70456.08
90387.07
95911.01
144482.33
91026.93
91102.94
137598.38
124106.32
161408.61
204905.34
209230.30
141037.45
163879.06
178802.91
264218.09
176490.59
220395.12
251874.38
158031.59
189811.41
141402.03
44733.60
53346.66
72763.80
87569.83
86949.23
101220.40
83578.24
151508.78
137963.38
124031.34
101760.83
82120.02
121112.68
65960.96
78129.24
50592.24
104238.31
129113.13
90239.96
207175.06
243263.56
126693.80
125906.21
95389.48
73653.23
56972.68
83907.15
69526.64
61826.97
68276.71
125747.81
125333.50
182497.12
171363.69
253129.69
198092.05
219632.50
149492.47
179732.16
275449.97
12307.44
1341.67
968.95
1362.91
1366.46
580.73
607.00
418.67
500.21
131.34
105.00
52.00
4.00
38.00
73.00
