22.790
22.400
22.460
22.490
22.280
22.000
22.260
22.490
22.070
22.310
22.860
23.090
23.270
23.140
23.340
23.040
23.050
23.360
22.400
22.490
22.390
22.020
22.050
21.850
21.680
22.380
22.520
22.470
22.180
22.200
23.510
24.620
24.200
24.260
24.400
23.910
24.190
24.150
25.010
25.830
25.670
26.070
26.510
26.350
26.550
26.360
26.330
26.200
26.060
26.600
27.060
27.210
26.800
26.720
26.660
27.300
27.840
27.860
27.760
27.450
29.470
29.780
30.100
29.550
30.470
31.680
31.410
30.910
31.350
30.500
29.830
30.090
29.950
29.620
30.350
29.730
30.100
29.420
29.530
29.540
30.070
30.240
30.130
29.730
29.600
29.980
30.050
29.810
30.300
30.880
30.400
30.290
30.260
31.000
27.930
27.850
28.270
28.600
28.210
28.510
28.180
27.950
28.200
27.590
27.920
27.910
27.680
27.680
27.520
26.700
26.700
26.690
26.460
28.160
29.150
29.740
30.060
30.400
29.820
30.290
30.580
30.540
30.060
29.850
29.980
30.310
30.250
29.610
30.850
30.980
30.460
29.960
30.000
29.600
29.210
29.440
29.350
31.490
31.380
32.190
31.840
31.840
31.380
33.090
32.760
32.750
33.640
33.760
33.160
34.100
35.780
36.320
36.550
35.790
34.900
35.270
34.610
34.500
35.160
34.950
35.580
35.860
35.330
35.400
37.010
41.000
40.080
37.000
33.280
33.900
34.080
34.250
34.150
33.580
33.570
33.950
33.200
33.280
32.800
32.310
32.600
32.450
32.690
33.540
32.550
28.980
28.280
28.600
28.200
28.100
27.900
28.410
28.030
27.890
28.300
28.350
29.120
28.990
28.890
28.580
28.590
28.480
28.780
28.700
28.890
28.740
28.200
28.410
28.000
27.950
28.490
28.450
28.610
28.500
28.180
27.620
27.400
27.830
27.910
27.900
27.620
27.720
27.850
27.550
27.270
27.480
27.600
27.700
29.140
28.700
28.820
29.510
29.500
29.860
29.110
29.350
29.280
29.520
29.500
29.450
29.900
30.140
30.030
29.160
29.340
28.900
28.990
29.290
29.320
28.660
27.820
28.650
29.050
28.200
29.700
29.430
28.600
29.250
28.440
27.850
28.300
28.020
27.220
27.560
27.250
26.850
27.140
26.210
26.350
26.150
25.990
26.180
26.280
26.150
25.780
25.720
26.410
26.700
26.350
26.700
26.590
26.600
26.360
27.000
28.100
28.030
27.780
27.130
26.900
27.620
27.460
27.150
27.350
27.300
27.520
29.500
29.690
29.580
30.510
30.920
30.330
30.200
30.830
29.500
29.990
29.500
28.980
29.100
29.860
27.760
28.300
28.870
28.360
28.800
28.700
28.700
28.700
27.840
27.200
27.360
27.770
26.920
26.300
26.950
27.500
27.100
26.600
27.500
27.690
26.450
26.200
27.500
27.650
30.010
30.200
30.650
30.600
30.310
31.260
31.200
30.270
28.950
30.300
29.880
29.070
28.050
28.600
26.900
27.550
27.950
30.000
30.450
28.880
28.960
28.780
27.410
26.160
27.110
26.030
27.200
27.000
28.420
29.190
30.510
30.900
30.010
35.010
36.090
35.190
34.570
36.600
36.650
34.950
36.010
35.500
34.780
34.410
33.560
32.990
32.910
31.980
32.320
33.210
33.250
34.000
34.100
33.430
32.700
33.500
34.180
33.910
35.450
36.690
36.490
34.500
35.760
35.490
34.170
35.130
36.300
34.500
37.010
36.290
34.120
34.100
33.550
32.940
33.300
32.310
31.340
29.700
30.220
30.100
30.900
29.800
30.510
29.180
27.500
30.160
30.210
29.970
29.610
28.390
29.320
28.900
27.200
26.740
26.950
25.950
25.720
25.570
27.000
26.500
26.400
26.260
25.000
25.190
25.150
23.600
25.000
29.700
28.600
29.910
30.200
28.550
28.100
25.000
26.480
28.800
28.000
27.200
25.600
24.740
29.110
32.180
34.950
31.850
37.880
39.400
38.000
37.000
39.510
39.530
38.600
37.470
39.600
37.600
39.520
37.000
33.350
33.000
31.300
29.360
34.690
37.900
33.300
33.400
30.850
31.790
30.390
28.000
31.500
33.800
32.260
27.990
22.100
24.260
28.000
33.850
29.980
31.990
32.500
31.530
35.700
37.500
41.500
42.980
42.020
43.440
48.000
54.000
58.170
52.880
48.070
43.700
39.730
36.120
32.840
29.850
27.140
24.670
22.430
20.390
18.540
16.850
