11.520
11.240
11.360
11.550
11.590
11.590
11.520
11.600
11.580
11.390
11.540
11.580
11.660
11.950
12.420
12.810
12.450
11.950
11.760
10.720
10.860
10.750
10.540
10.500
10.250
10.640
10.890
10.800
11.230
11.390
17.810
18.340
18.540
18.500
18.280
18.100
17.900
17.900
17.810
18.120
18.140
18.500
19.050
19.180
19.170
18.940
19.020
18.900
18.650
18.600
19.220
19.430
19.350
19.250
19.680
19.750
20.070
20.070
20.170
20.180
20.550
20.800
20.800
20.820
20.430
20.700
21.450
21.800
22.300
22.150
21.950
21.960
22.220
22.150
22.150
21.670
21.490
21.680
21.350
21.340
21.760
22.020
21.680
21.610
21.360
21.570
21.650
22.080
22.080
22.090
22.300
22.440
22.990
23.920
23.740
22.200
21.460
20.700
20.690
20.460
20.650
20.550
20.250
20.270
19.970
20.250
20.090
19.930
19.750
19.610
19.340
19.490
19.460
19.780
20.400
21.300
21.400
21.360
21.580
22.090
22.340
22.300
22.950
22.500
21.860
22.060
22.190
21.320
21.690
21.650
21.790
21.250
21.270
21.270
21.100
21.000
20.840
22.360
22.500
22.970
22.810
22.850
22.230
23.070
22.800
22.860
23.570
23.420
23.740
24.130
24.430
24.890
25.200
24.940
24.680
24.950
26.000
27.900
25.980
25.410
23.730
22.820
22.340
22.390
21.920
21.990
22.570
21.330
21.300
21.100
21.010
21.190
20.690
20.700
20.750
20.800
20.690
20.790
20.740
20.810
21.470
20.750
20.800
20.350
19.960
19.880
19.830
20.500
20.560
20.800
20.930
19.800
19.780
19.780
19.850
19.500
20.350
20.350
20.460
19.830
19.760
19.850
19.900
19.670
19.770
19.810
19.740
19.600
19.970
19.710
19.750
19.540
19.940
20.090
20.110
19.840
19.250
19.700
19.940
19.980
19.480
19.550
19.500
19.460
19.380
19.370
19.470
19.550
20.990
20.990
20.850
21.400
21.460
21.640
21.500
21.360
21.650
21.560
21.660
21.450
21.980
21.810
22.240
22.980
22.040
22.510
21.690
21.850
20.380
20.380
19.790
19.050
19.340
19.200
19.600
19.480
19.200
19.290
18.740
17.850
19.310
19.880
18.880
18.770
18.290
18.200
18.180
17.890
17.460
17.290
17.450
17.810
17.960
18.120
18.260
17.490
17.350
17.470
17.270
17.500
17.200
17.350
17.290
18.100
19.100
19.090
18.990
18.810
18.000
18.540
18.880
18.800
18.680
18.640
19.100
20.470
20.910
22.800
21.990
21.830
21.170
20.250
19.770
19.150
19.540
19.380
19.270
19.480
20.350
20.200
18.900
19.500
19.500
19.880
18.820
18.470
17.970
17.690
17.120
16.880
17.010
17.180
16.240
16.930
17.300
17.790
16.300
16.630
16.750
16.460
15.610
16.600
16.630
17.850
18.160
18.500
18.090
17.680
17.960
17.750
17.660
17.260
17.350
17.380
16.840
16.800
16.350
15.980
16.090
16.800
17.740
17.900
17.360
17.870
17.950
17.780
17.320
17.600
17.550
17.800
17.740
18.950
19.800
20.600
21.170
21.480
23.910
25.130
25.600
25.780
26.240
25.730
23.990
25.180
24.920
24.760
24.440
23.850
23.170
22.740
21.970
21.560
21.980
22.470
23.090
23.350
21.910
21.580
21.900
22.280
21.980
23.760
24.450
24.080
23.910
24.450
24.500
22.910
22.680
23.340
22.910
24.190
24.710
22.950
22.600
22.970
22.450
20.980
20.540
19.800
19.330
18.860
18.980
18.970
18.350
18.630
18.280
17.200
18.630
18.340
18.360
18.280
17.530
17.590
17.970
17.450
16.700
16.810
16.310
15.150
15.380
15.750
15.830
15.460
15.550
15.260
14.600
15.080
14.500
14.480
16.490
16.150
16.380
16.500
15.750
14.850
15.500
16.770
17.800
18.190
16.970
17.150
17.080
19.000
21.650
22.990
23.600
26.100
25.620
27.380
26.640
25.560
26.450
25.670
24.880
25.000
26.180
25.740
26.280
26.700
26.000
23.820
24.000
25.970
27.300
24.820
23.150
22.780
22.000
20.270
19.200
21.880
20.090
18.260
18.660
22.520
22.550
25.300
28.600
29.000
32.460
32.700
37.750
34.340
31.270
31.080
31.800
31.440
32.010
34.990
36.190
36.000
36.910
34.680
37.320
40.000
41.980
41.000
38.850
36.000
37.230
42.700
38.820
36.000
34.000
33.570
31.110
29.770
30.500
31.270
29.900
28.470
26.600
25.560
23.240
22.100
22.790
23.950
23.560
23.340
23.720
23.310
24.000
24.240
24.000
24.840
24.790
24.230
25.480
24.110
22.240
23.160
24.530
23.740
22.700
22.810
23.790
23.600
23.190
22.780
22.980
21.850
21.450
21.350
21.880
21.470
21.350
21.190
21.280
21.590
21.060
20.680
19.840
19.400
19.420
19.800
19.780
19.650
19.980
19.970
19.400
19.450
19.500
19.160
19.100
19.250
19.300
19.220
19.150
18.990
18.380
18.330
18.380
19.300
19.780
20.090
20.090
19.490
19.850
20.000
20.240
20.270
20.390
21.000
21.500
20.800
20.040
18.900
18.120
18.200
18.090
18.350
18.410
19.300
19.530
19.040
19.250
18.700
18.790
19.240
19.000
19.750
20.060
19.890
19.200
19.280
20.850
21.790
22.650
22.880
23.100
23.240
23.900
22.320
24.110
24.950
26.800
27.390
28.800
29.300
28.460
27.490
27.590
27.880
29.000
30.480
30.500
28.090
27.520
29.160
26.510
24.100
21.910
19.920
18.110
16.460
14.960
13.600
12.360
11.240
10.220
9.290
