63.550
64.500
64.600
64.560
64.130
64.820
64.590
65.050
65.450
64.720
64.460
64.650
64.190
64.270
64.020
65.000
64.140
65.000
64.270
64.660
65.010
67.010
65.670
66.750
66.090
66.000
65.010
67.430
63.700
63.570
62.380
65.050
65.600
65.480
66.440
67.640
66.010
66.050
64.680
64.680
64.510
63.300
66.210
66.210
65.780
66.460
64.210
65.390
64.640
68.340
69.560
70.760
72.060
71.330
72.360
69.090
71.000
71.800
71.220
72.830
72.710
75.180
75.450
73.500
71.810
70.010
70.040
72.850
76.150
74.070
70.210
68.980
68.400
68.990
69.010
70.470
69.520
70.010
71.230
71.220
68.830
69.880
70.690
68.100
64.030
64.890
64.130
64.390
65.420
62.870
60.450
60.330
60.420
59.600
60.590
61.400
62.220
62.600
62.610
61.890
63.750
63.540
61.750
61.640
60.500
61.340
61.560
61.810
60.150
59.480
58.180
58.020
60.060
59.500
64.500
67.820
69.490
71.000
69.960
70.610
72.080
73.430
74.060
73.020
72.080
72.400
71.070
70.950
70.110
71.760
71.760
71.500
71.160
71.980
71.890
70.960
71.230
71.030
75.450
77.480
78.490
78.700
78.700
78.330
82.550
82.590
82.590
83.950
85.160
84.430
85.780
88.200
87.100
83.600
82.370
83.430
83.800
84.600
85.920
87.280
85.400
85.190
85.850
86.680
85.030
85.050
84.020
81.710
81.530
82.190
81.990
82.090
83.000
79.080
79.250
78.490
79.770
78.010
79.000
79.150
78.950
78.070
78.030
72.900
73.460
73.370
73.300
72.510
76.310
77.900
78.670
79.640
80.710
80.570
83.990
86.190
84.660
83.710
82.790
83.770
82.880
83.040
83.090
84.930
83.880
84.110
83.600
84.500
86.260
86.740
86.300
92.630
93.200
94.800
96.020
92.260
90.080
90.160
90.580
87.340
86.350
85.120
88.200
88.780
86.210
84.930
88.770
85.530
85.950
91.970
87.900
88.450
92.810
94.600
94.560
97.170
100.900
99.730
98.870
100.510
99.380
110.470
113.710
112.750
115.630
110.460
111.820
116.080
105.530
95.940
87.220
79.290
72.080
65.530
59.570
54.150
49.230
44.750
40.680
36.980
33.620
30.560
27.780
25.250
22.950
