13.770
13.710
13.720
13.740
13.760
14.050
14.300
14.450
14.390
14.060
14.180
14.310
14.380
14.330
14.310
14.270
14.280
14.400
14.140
14.230
14.410
14.320
13.950
13.820
13.670
13.910
14.020
13.940
14.000
13.630
13.850
14.190
14.070
14.000
13.820
13.600
13.360
12.990
14.040
14.420
14.210
14.170
14.360
14.350
14.390
14.230
14.150
14.060
13.760
13.700
13.710
14.120
14.100
14.130
14.200
14.090
15.370
15.440
15.480
15.400
15.520
15.830
15.910
16.070
16.090
16.110
15.970
15.910
16.240
16.090
16.130
16.180
16.300
16.180
16.080
16.880
16.790
16.870
16.820
16.830
16.710
16.930
16.430
16.360
16.360
16.460
16.490
16.430
16.610
16.890
16.880
16.860
16.880
16.760
16.820
16.760
16.940
16.860
16.730
16.490
16.450
15.990
15.960
15.930
15.830
15.810
15.880
15.810
15.760
15.770
15.500
15.860
15.700
15.350
16.580
16.560
17.310
17.270
17.320
17.310
17.640
17.790
17.710
17.540
17.530
17.510
17.550
17.100
17.560
17.620
17.640
17.610
17.660
17.410
17.400
17.140
17.000
18.100
19.030
19.250
18.850
18.930
18.550
18.840
18.680
18.740
18.730
18.660
18.320
18.760
19.020
19.160
19.110
19.280
19.250
19.220
18.750
18.590
18.560
18.610
18.120
18.410
18.250
18.430
18.490
18.410
18.420
18.470
18.850
19.120
19.150
19.190
19.000
18.710
18.820
18.940
18.600
18.800
18.540
18.500
18.780
18.810
18.940
18.890
18.610
18.880
18.690
19.000
19.510
19.850
19.750
19.500
20.300
20.200
20.000
19.560
19.930
20.410
20.200
19.820
19.910
19.300
19.280
19.600
20.010
19.760
19.610
19.210
18.820
18.380
18.160
18.260
18.000
17.930
17.910
17.820
17.830
17.720
17.600
17.350
17.180
17.560
17.700
17.810
17.580
17.230
17.840
17.120
16.750
17.030
16.800
16.890
16.870
16.820
16.870
16.930
17.020
17.130
16.890
16.200
16.500
16.530
16.530
16.410
16.360
16.030
16.290
16.290
16.100
16.020
15.500
15.110
14.900
14.600
14.700
14.790
15.050
14.920
14.670
14.800
14.860
15.800
16.010
16.180
16.000
16.050
16.310
16.100
15.810
15.400
15.310
15.830
15.820
16.050
15.660
15.800
16.060
16.970
16.710
16.660
16.590
16.740
17.200
17.880
19.500
18.180
42.400
40.760
39.800
39.430
40.040
39.710
39.330
39.000
39.000
38.600
41.680
41.500
43.150
42.950
43.650
43.120
44.410
43.220
44.710
43.500
42.240
42.000
42.680
42.070
41.040
41.510
41.800
42.650
41.670
40.220
39.500
39.220
38.200
38.000
38.420
38.080
37.000
37.300
36.610
35.880
36.210
35.600
36.220
34.280
33.380
33.000
35.510
35.510
38.700
38.600
39.310
38.470
38.420
37.640
36.500
35.000
36.700
35.850
35.180
33.750
33.000
34.510
34.030
33.080
36.750
40.500
40.500
39.910
40.980
38.610
37.670
38.500
38.380
40.500
43.500
48.080
45.900
45.110
47.400
43.100
46.500
50.010
50.130
48.200
50.010
53.250
53.200
53.110
53.100
53.550
54.010
50.500
48.650
47.600
46.210
46.660
45.900
45.000
45.850
45.530
44.890
44.610
43.550
45.030
44.000
44.560
49.000
50.610
48.830
48.750
49.000
47.250
45.930
47.300
46.160
47.700
50.500
49.580
49.810
45.400
46.140
45.410
44.660
41.920
41.960
41.900
42.790
41.850
39.110
39.500
37.890
35.170
35.910
38.620
39.210
40.080
38.110
39.700
39.320
39.150
37.610
36.500
35.900
37.100
36.500
35.300
35.600
35.150
36.000
37.190
36.480
34.900
33.670
30.870
30.350
29.330
26.650
26.080
23.700
23.620
23.440
26.040
28.510
28.020
26.220
26.050
28.560
31.730
34.400
35.400
33.120
35.000
38.080
40.000
39.800
41.000
40.510
39.170
38.280
37.600
37.300
35.690
35.210
36.620
38.080
35.700
33.350
37.000
38.200
35.680
35.300
32.500
32.050
30.500
28.200
30.010
30.510
27.740
25.220
25.820
28.260
31.400
34.800
34.300
38.110
42.340
45.200
48.000
43.000
45.650
49.550
45.990
49.540
55.040
59.200
57.560
46.000
41.510
45.100
41.000
37.270
33.880
30.800
28.000
25.450
23.140
21.040
19.130
17.390
15.810
14.370
13.060
11.870
10.790
9.810
