64.850
64.790
64.980
64.880
64.820
65.380
65.030
65.400
65.520
65.010
64.970
64.950
64.500
64.300
65.000
66.100
65.300
65.200
64.600
64.700
66.610
67.780
67.330
67.560
66.980
66.260
69.290
68.500
64.400
63.870
65.000
65.870
65.980
66.440
68.280
67.880
66.650
66.080
65.400
64.950
64.930
66.900
66.480
66.830
67.100
66.500
65.950
66.500
68.880
69.790
71.170
72.910
74.310
72.780
72.370
70.250
72.390
72.290
72.980
73.200
74.380
76.470
75.500
74.700
72.130
71.660
73.530
75.500
78.680
77.230
70.500
69.000
69.900
69.580
70.500
71.150
69.980
71.800
72.490
71.980
70.060
71.950
73.000
68.500
65.330
66.500
64.780
65.390
67.250
63.400
60.770
60.740
60.750
60.900
62.420
62.180
62.990
63.260
62.800
63.990
64.970
63.700
62.360
61.680
61.710
62.350
61.780
66.020
60.460
59.880
59.480
59.650
60.840
65.200
68.590
70.400
72.320
72.300
70.770
72.470
73.490
74.430
74.490
73.200
73.370
73.500
71.200
71.150
71.780
71.990
71.970
71.800
72.500
72.550
72.110
71.800
71.880
75.710
77.650
78.790
78.750
79.530
80.190
82.490
82.880
82.910
84.530
84.700
85.170
86.900
88.440
90.980
87.820
84.950
83.700
84.910
84.800
85.980
87.870
87.990
86.480
86.100
88.000
88.260
86.580
86.780
84.890
82.150
82.700
82.350
84.180
83.320
83.790
79.340
79.500
80.600
79.800
79.700
80.100
79.880
79.470
79.300
79.950
73.290
74.160
74.100
73.310
76.240
78.180
79.800
79.800
81.600
81.390
82.800
88.160
86.220
85.960
83.870
84.480
83.800
83.970
83.550
84.760
85.200
84.550
84.480
85.790
85.550
87.480
87.350
92.660
94.880
95.900
96.530
96.360
94.300
91.500
92.880
93.600
87.470
86.350
88.200
89.880
89.000
87.600
87.390
91.500
86.690
92.800
94.080
88.330
92.920
95.190
95.800
97.500
100.980
103.200
100.840
101.660
101.580
110.800
113.400
118.500
115.600
117.990
112.000
116.000
116.080
105.530
95.940
87.220
79.290
72.080
65.530
59.570
54.150
49.230
44.750
40.680
36.980
33.620
30.560
27.780
25.250
22.950
