19.180
19.150
19.040
18.990
18.870
18.770
18.650
18.920
18.770
18.730
19.260
19.280
19.400
19.280
19.380
19.300
18.800
18.570
18.660
19.030
19.150
19.100
18.790
18.590
18.350
18.880
19.220
18.760
18.760
18.450
19.550
20.360
20.320
20.380
20.470
20.300
19.940
19.890
19.970
20.730
20.440
20.770
21.380
21.500
21.250
21.290
20.880
21.320
21.920
22.000
23.320
23.520
23.760
24.690
25.570
25.790
26.390
27.900
25.790
25.850
26.390
26.470
26.680
26.360
26.200
26.750
27.150
27.180
27.310
27.240
27.390
27.600
27.790
27.780
27.950
27.680
27.440
27.680
27.590
27.810
27.850
27.830
27.900
27.740
27.380
27.840
27.750
27.640
27.740
27.560
27.470
27.530
27.490
27.210
27.380
27.360
27.800
27.950
27.930
28.050
28.130
27.960
28.380
27.850
27.610
27.370
27.300
27.700
27.850
27.780
27.600
28.660
27.110
28.060
28.410
28.700
29.480
29.390
29.450
29.820
30.280
28.390
28.260
27.960
27.960
28.200
28.420
28.390
29.700
29.280
30.400
28.650
29.930
27.920
27.650
27.850
27.780
29.330
29.220
29.420
29.380
29.560
29.400
29.890
29.900
29.990
30.690
30.980
30.890
31.360
31.770
32.150
31.980
32.330
30.070
30.430
30.680
30.490
30.730
30.640
30.000
30.090
30.520
30.430
29.780
29.780
29.480
28.500
29.160
29.120
29.240
29.410
29.450
29.980
29.390
29.090
28.880
28.880
28.850
29.060
28.710
28.870
28.270
27.880
27.980
27.930
27.950
28.480
28.880
28.900
28.820
28.850
28.950
28.500
28.820
28.900
30.030
30.110
30.200
30.400
29.510
29.280
29.250
29.080
29.250
29.160
29.470
29.350
29.690
29.330
29.140
29.220
29.300
29.180
29.280
29.160
28.360
28.490
28.650
28.620
28.370
28.370
28.250
28.220
28.400
28.950
29.500
29.270
30.880
30.880
30.360
30.740
30.890
30.940
30.880
30.770
31.080
31.130
31.100
31.320
31.900
31.980
31.680
32.680
30.800
29.850
29.670
29.800
29.290
29.470
28.540
28.800
28.730
28.770
29.170
28.690
28.680
28.440
28.520
27.750
29.180
30.120
30.200
29.880
29.550
29.580
28.760
28.530
27.650
27.830
27.600
27.850
27.820
27.990
27.460
27.800
28.000
28.450
28.200
28.300
28.260
29.800
29.860
31.000
32.530
32.450
32.940
32.560
32.320
32.600
32.520
33.800
31.800
31.880
32.500
34.980
35.300
35.570
37.770
36.420
35.750
35.730
35.870
34.810
35.300
35.490
34.550
34.100
34.670
34.120
33.960
34.900
35.000
36.090
35.430
35.550
34.410
32.960
31.680
32.160
32.480
33.500
32.960
36.890
34.390
35.000
32.590
33.000
33.340
34.750
36.960
35.330
34.880
34.640
33.540
35.150
36.470
33.790
32.870
33.790
33.800
34.370
34.270
36.990
38.200
39.690
40.330
39.980
44.940
45.800
45.980
45.500
48.500
48.880
50.060
49.250
49.560
49.980
50.290
49.810
47.100
46.780
44.950
44.680
46.500
46.500
49.700
51.750
52.600
48.600
47.670
47.000
43.500
46.860
47.660
45.800
46.000
44.900
46.460
46.290
45.890
49.430
46.620
51.780
48.590
44.200
44.070
44.800
41.980
42.880
43.690
40.880
39.530
38.650
39.580
40.880
40.980
37.250
34.330
31.980
34.560
34.550
34.430
33.330
32.880
34.500
33.300
32.990
31.870
30.880
29.830
29.680
30.320
29.800
30.380
30.500
29.800
30.190
27.500
27.330
25.520
25.360
29.000
29.100
29.460
30.280
27.580
25.770
26.850
27.600
30.800
32.000
29.980
29.560
31.500
31.700
36.600
40.000
41.400
44.870
44.900
46.300
44.270
45.380
46.890
46.950
44.650
45.600
47.500
46.000
43.330
44.020
44.860
42.160
42.300
47.300
52.000
48.300
43.910
39.920
37.900
37.100
36.600
39.000
38.920
35.380
32.160
29.240
27.110
31.500
34.250
33.490
36.690
41.500
40.400
43.660
45.870
50.050
51.480
50.780
51.500
57.190
58.500
57.970
62.000
70.600
72.100
68.090
63.550
66.600
68.100
69.000
72.480
75.000
82.100
97.000
107.910
98.100
89.180
81.070
73.700
67.000
60.910
55.370
50.340
45.760
41.600
37.820
34.380
31.250
28.410
28.660
28.660
26.050
23.680
21.530
19.570
17.790
16.170
