43.910
43.590
43.450
43.490
43.020
42.920
42.740
42.890
42.850
42.210
41.260
41.070
40.640
41.260
40.360
40.180
40.220
39.780
38.490
39.270
39.360
39.600
39.340
39.040
37.550
37.010
37.660
37.670
37.820
37.700
37.240
38.870
39.210
39.640
39.680
40.060
39.500
39.350
39.810
39.320
38.880
38.280
38.330
37.970
39.260
39.650
38.990
36.430
35.780
35.610
35.900
36.590
36.940
36.620
36.550
36.560
36.810
38.220
38.190
38.750
38.230
39.160
39.500
39.420
38.630
38.050
40.180
40.570
41.260
41.340
40.680
40.720
40.760
40.460
40.910
41.130
40.950
41.180
40.270
39.450
39.920
40.210
39.480
39.340
39.080
38.180
38.740
38.370
38.320
38.470
38.030
37.980
37.690
36.950
37.270
37.730
37.570
37.930
37.900
37.390
37.930
37.510
37.330
37.170
36.860
36.880
36.860
36.220
36.600
35.970
35.330
35.640
36.090
35.250
37.230
38.600
40.620
41.380
41.380
41.410
42.380
42.860
42.940
42.580
42.270
42.140
42.480
42.260
41.380
42.740
42.930
42.670
41.920
41.900
41.110
40.810
40.920
40.510
43.890
44.780
45.270
44.610
44.190
44.450
45.770
45.750
45.890
46.680
47.350
48.280
48.800
49.250
49.250
48.000
46.610
47.600
47.770
47.580
48.080
47.380
44.800
45.380
45.500
45.080
44.630
44.260
44.500
43.150
43.150
43.640
43.560
44.500
43.740
43.600
43.700
43.790
43.320
43.000
43.300
43.500
43.760
43.180
43.160
41.940
41.970
41.930
42.300
42.300
42.500
42.300
41.600
41.550
41.450
40.800
41.500
41.490
42.520
43.170
43.030
42.940
42.450
42.140
42.700
42.850
43.300
43.000
43.820
43.590
43.490
43.820
42.850
43.570
43.950
45.730
45.780
44.100
42.830
42.650
44.710
43.880
43.580
43.300
45.590
43.640
44.330
42.370
41.710
41.630
42.940
47.870
47.800
48.030
45.120
42.300
41.730
42.580
42.350
43.290
43.210
43.220
43.250
45.100
47.000
45.240
45.060
45.850
45.450
47.010
48.900
47.000
45.000
43.510
43.910
45.980
45.880
44.920
45.400
44.500
40.450
36.800
36.080
33.470
33.700
33.900
32.100
31.870
32.480
34.300
34.280
33.230
34.050
34.010
35.200
36.000
35.800
38.870
39.300
39.680
38.200
36.700
35.190
33.790
34.200
34.480
34.200
33.750
37.050
37.000
36.990
35.060
34.900
35.110
34.720
35.200
32.900
32.050
31.760
30.650
31.200
32.180
31.300
31.220
32.870
32.870
29.880
29.070
29.060
28.340
27.180
26.080
26.450
26.690
25.530
25.560
26.000
26.620
26.280
25.600
27.000
27.140
25.920
24.900
26.560
26.510
29.450
29.570
30.160
29.310
28.700
28.740
28.280
27.150
27.600
28.090
27.550
27.390
26.430
26.220
24.920
26.170
26.120
28.880
28.590
27.690
28.730
28.460
27.320
26.750
28.650
27.530
28.950
28.930
32.150
31.400
34.910
33.800
34.630
38.420
39.690
39.490
39.050
41.160
41.080
40.100
39.100
39.040
38.970
39.930
38.080
36.920
37.030
35.860
35.620
36.150
37.480
38.800
38.970
40.100
38.030
40.250
38.800
37.260
39.050
39.890
39.490
36.800
37.550
36.800
35.710
37.000
37.720
36.280
39.870
37.300
34.820
35.300
34.230
33.240
33.930
32.890
31.940
30.490
29.550
29.280
30.300
30.510
30.810
28.450
26.530
27.990
27.700
28.340
27.980
26.900
27.480
27.570
26.100
23.760
24.920
23.830
24.340
24.340
23.060
22.130
22.470
20.430
22.610
25.100
24.110
25.200
23.560
21.530
20.690
22.150
24.600
26.210
24.450
23.300
24.090
26.770
29.800
32.080
34.180
33.370
37.080
37.080
35.300
34.550
35.490
35.060
33.120
32.150
33.390
32.950
30.630
33.310
33.700
34.130
31.310
33.440
36.970
37.510
34.140
33.510
33.260
33.020
30.970
31.700
32.630
30.050
27.320
24.840
22.580
25.090
27.880
30.980
34.420
38.240
42.460
40.040
44.490
49.000
51.900
48.310
47.290
51.680
47.600
45.960
48.590
53.390
56.420
51.730
49.640
50.080
52.930
53.440
53.040
51.930
52.220
53.190
55.690
61.810
56.190
51.080
48.280
43.890
43.380
43.010
44.760
40.690
36.990
34.750
34.080
33.270
30.940
30.080
30.560
30.400
31.690
31.530
31.440
30.680
31.930
31.810
32.910
34.030
33.090
31.000
32.040
29.130
28.890
30.720
30.590
29.360
28.710
29.380
30.160
29.290
29.340
28.450
28.010
28.270
27.830
27.900
28.690
27.870
28.420
28.330
28.610
29.100
26.450
26.300
25.620
24.730
25.170
25.120
25.110
25.070
25.210
25.500
25.430
26.550
25.180
24.950
24.610
25.050
25.340
25.270
24.830
25.050
25.190
24.930
27.130
30.140
32.480
29.540
31.720
31.720
28.840
26.220
23.840
21.670
19.700
17.910
16.280
14.800
