27.010
26.630
26.730
26.740
26.280
26.320
26.260
26.450
26.380
25.900
27.310
27.450
27.700
27.430
29.040
59.240
59.050
58.210
58.050
58.500
59.340
56.990
56.300
56.020
53.010
54.450
55.400
53.400
52.010
51.920
52.390
54.600
55.800
54.500
53.000
55.180
55.890
55.500
53.700
55.100
54.000
54.800
54.870
54.770
55.740
55.300
54.080
49.090
49.500
49.500
49.800
49.250
49.500
49.240
49.010
50.060
50.000
50.030
50.000
49.000
52.880
52.620
50.700
52.540
52.920
54.240
57.500
58.480
58.210
57.610
56.800
57.760
57.000
57.540
58.480
57.800
58.140
55.580
54.600
54.550
56.300
55.450
54.470
53.610
52.500
52.860
52.800
52.170
51.310
50.840
50.720
50.430
49.680
50.730
52.150
52.900
52.720
52.200
52.420
51.700
51.010
50.900
50.600
50.600
51.080
50.460
50.980
50.680
49.940
49.700
50.620
47.900
47.480
52.560
55.500
55.550
58.580
60.480
60.520
62.690
62.810
62.580
63.400
62.160
62.050
61.550
59.620
60.340
62.020
62.020
61.500
61.070
61.870
60.030
59.500
59.500
59.860
64.620
66.100
66.000
66.170
65.160
65.720
68.500
67.900
68.690
69.800
70.000
73.770
74.120
73.980
70.600
68.510
66.660
68.790
69.650
71.210
70.940
70.090
68.160
68.520
69.130
68.200
68.500
70.200
68.400
68.060
66.380
66.480
66.010
65.050
65.000
62.260
61.900
61.600
59.150
58.900
60.200
60.050
58.820
58.500
56.210
55.630
55.870
55.580
54.730
55.080
59.100
59.200
58.770
58.800
58.600
57.800
57.970
57.850
60.150
60.680
61.130
59.600
60.710
60.510
61.520
60.070
62.660
62.570
63.000
62.580
64.600
64.010
64.300
65.460
66.060
64.710
64.880
62.520
61.800
61.810
63.000
62.660
60.280
63.100
63.600
62.080
59.770
57.000
61.200
60.050
61.090
65.260
64.300
65.010
67.770
71.210
69.600
70.030
71.860
69.010
69.800
66.100
66.100
71.850
71.800
70.000
72.200
65.210
64.430
63.500
65.870
65.020
60.550
58.000
61.500
60.100
60.330
59.000
56.850
55.680
53.170
52.400
54.100
59.800
60.800
59.500
58.300
54.200
54.000
51.160
49.010
50.570
48.000
48.700
47.660
47.980
44.510
45.630
45.100
49.040
47.200
47.200
46.000
49.500
50.020
50.800
55.000
56.560
56.800
55.000
57.100
58.080
61.010
59.000
58.470
62.030
58.880
53.530
48.660
44.240
40.220
36.560
33.240
30.220
27.470
24.970
22.700
20.640
