0.020
0.040
-0.050
0.030
-0.290
-0.310
-0.080
-0.090
0.130
0.250
-0.210
0.030
-0.100
0.100
0.030
0.000
-0.120
-0.100
0.270
-0.160
-0.120
0.140
0.430
0.090
0.000
-0.190
0.050
-0.100
-0.050
0.260
-0.360
0.050
0.110
0.110
0.090
0.300
0.040
-0.750
-0.140
-0.010
0.100
-0.110
-0.100
0.080
0.020
0.180
0.000
-0.060
0.650
0.020
-0.460
-0.010
-0.140
0.090
-0.310
-0.970
0.010
0.040
-0.150
-0.100
-0.170
-0.140
-0.460
0.340
-0.010
-0.400
0.600
-0.400
0.190
-0.050
0.040
-0.150
-0.120
0.010
-0.490
0.080
-0.040
-0.050
0.000
0.090
-0.140
-0.250
0.810
0.010
-0.060
-0.240
0.220
-0.100
-0.360
0.020
-0.020
-0.010
-0.020
0.190
-0.240
-0.020
0.010
0.040
0.130
0.240
0.000
0.650
-0.060
0.080
0.020
0.010
0.050
0.010
-0.020
-0.090
0.060
-0.220
0.070
-0.590
-0.210
-0.440
0.010
-0.080
-0.010
-0.280
-0.200
-0.080
0.160
0.220
-0.070
-0.020
-0.050
0.110
-0.260
0.130
0.110
-0.130
-0.050
0.240
0.060
-0.040
-0.570
-0.920
-0.280
-0.190
0.380
-0.020
0.280
-0.300
0.340
-0.210
0.020
0.040
0.170
-0.360
-0.290
-0.010
0.010
-0.170
0.050
-0.040
0.640
-0.070
0.160
0.070
0.320
-0.030
-0.040
0.000
-0.140
-0.020
0.110
-0.320
-0.480
0.080
-0.100
-0.090
0.300
0.100
-0.010
-0.190
0.420
-0.250
0.550
-0.500
0.020
-0.080
0.030
0.060
-0.180
-0.160
0.110
-0.440
-0.310
-0.070
0.140
-0.560
-0.190
0.160
0.340
0.160
-0.560
0.220
-0.200
-0.500
0.870
0.850
-0.560
-0.480
-0.080
0.590
0.070
-0.320
1.100
0.850
-0.210
-0.150
0.450
-0.100
-0.010
0.200
-0.010
-0.140
0.350
0.230
-0.080
-0.090
-0.240
-0.240
0.410
-0.370
-0.320
1.120
-0.490
0.670
0.280
-0.230
0.220
-0.020
-0.170
-0.020
-0.180
0.050
0.470
0.300
-0.140
-0.190
0.280
-0.050
0.180
0.150
-0.100
-0.220
0.420
-0.130
0.730
0.290
0.320
0.220
-0.210
-0.260
0.210
-0.240
0.220
0.140
-1.010
-0.260
-0.050
-0.160
0.250
-0.180
-0.070
0.340
0.090
0.150
-0.070
0.010
-0.330
0.020
0.200
-0.160
-1.290
0.350
0.040
0.130
-0.150
-0.200
-0.550
-1.990
-1.080
1.900
0.900
1.370
1.700
-0.480
-0.520
0.500
0.210
0.340
-0.610
-2.070
0.050
-1.660
0.070
-0.230
-0.350
-0.610
0.070
-0.240
-0.080
1.310
0.930
-0.160
-0.290
1.010
0.370
-0.890
-0.360
-0.610
1.030
1.550
0.840
0.830
0.330
0.220
-0.310
1.070
0.180
-0.730
0.370
0.610
0.600
-0.130
0.320
1.820
0.630
-1.990
-0.450
-2.880
-0.330
0.000
0.330
0.260
0.320
0.610
1.900
-0.750
0.290
0.760
-0.340
2.250
-2.190
1.090
-2.560
0.210
-4.080
-0.980
0.420
0.090
-0.120
2.140
-0.130
-2.240
0.300
-2.040
-4.830
-0.720
3.220
-4.470
1.830
1.840
-4.960
0.410
0.430
0.550
-3.600
0.120
-0.890
0.680
0.100
-2.020
1.160
5.000
1.180
1.080
0.720
-0.120
0.400
0.290
0.000
0.890
-1.030
1.630
-1.480
-0.040
1.270
-3.960
-1.740
-0.440
1.830
-0.690
-0.960
3.450
-0.220
-1.040
0.150
-3.790
0.260
2.040
-1.000
3.740
0.520
-0.020
1.880
2.110
-0.660
0.230
0.100
0.120
3.170
0.030
1.880
1.300
-2.890
0.380
-1.260
0.210
0.460
0.060
-0.550
0.950
1.550
2.020
-1.530
0.080
0.160
-0.860
1.600
-0.090
-1.940
-0.460
-0.450
1.850
1.590
2.500
-0.010
3.000
2.730
1.240
1.980
0.680
-2.600
-2.890
-1.300
2.220
1.050
-1.570
-3.170
-3.530
-0.800
-0.980
1.890
-3.710
-1.710
-0.760
-0.610
0.130
-0.250
3.110
0.590
-1.590
2.060
2.090
-3.160
0.260
-0.980
3.610
-0.750
-1.360
-1.290
2.850
0.020
3.380
0.780
2.120
0.050
0.310
2.770
2.520
-2.800
-0.240
-3.070
-3.490
-3.840
0.540
-4.230
-4.700
-2.560
-0.440
4.570
-5.070
2.350
-2.590
-4.140
-6.110
1.120
5.460
4.960
4.510
4.100
3.730
3.390
3.080
2.800
2.550
2.310
2.100
1.910
1.740
1.580
1.440
1.310
1.190
1.080
0.980
3.000
