7.220
7.280
7.270
7.260
7.210
7.180
7.170
7.240
7.110
7.020
7.030
7.010
6.990
7.010
6.980
6.980
6.990
7.000
7.030
7.100
7.130
7.030
7.000
6.990
6.840
6.850
6.970
6.960
6.850
6.830
6.930
7.050
7.420
7.760
20.140
19.550
19.490
19.120
18.600
19.070
19.450
19.550
19.950
20.320
20.370
20.310
20.180
19.890
19.980
19.880
19.980
20.410
20.150
19.960
20.350
20.440
21.100
21.120
21.250
20.970
20.620
21.260
21.240
21.200
21.130
21.060
21.360
21.560
21.800
21.720
21.760
21.770
21.790
21.500
21.560
21.340
21.190
21.390
21.220
21.300
21.280
21.590
21.640
21.490
21.220
21.260
21.500
21.460
21.410
21.830
21.720
21.880
21.730
21.570
21.510
21.680
21.800
22.300
22.240
22.300
22.490
22.150
22.320
22.220
22.230
22.370
22.070
22.030
22.150
21.710
21.330
21.560
21.230
21.100
21.830
22.060
22.540
22.130
21.780
20.990
21.130
20.580
20.600
20.160
20.610
21.110
21.310
21.170
21.100
21.340
21.160
21.370
21.370
21.380
21.300
21.330
21.100
21.170
22.440
22.320
22.140
21.890
21.780
21.780
21.610
21.480
22.030
22.540
22.010
22.000
22.370
21.870
21.440
21.660
21.550
21.420
21.180
20.690
20.230
20.830
20.690
20.900
21.340
21.080
20.530
20.210
20.540
20.880
20.500
20.080
19.890
19.690
19.670
19.930
19.900
20.220
20.530
20.450
20.370
20.490
20.030
19.900
19.910
19.910
19.660
19.690
20.440
20.710
20.620
20.460
20.200
19.920
20.280
20.340
21.320
21.260
21.160
20.720
20.770
20.700
21.100
21.290
21.370
21.200
21.180
20.800
21.910
22.090
22.200
22.600
22.570
22.980
23.060
20.520
20.220
20.330
20.680
20.450
19.740
19.720
19.500
19.110
19.080
18.950
19.800
19.600
19.200
20.440
20.290
20.600
20.700
21.020
21.000
21.450
20.800
20.670
20.580
20.480
19.700
19.770
19.710
20.280
20.350
19.820
19.910
19.770
20.100
19.960
19.090
18.600
18.920
18.850
18.920
18.370
17.700
17.140
16.200
16.210
16.300
17.520
17.780
17.580
17.400
17.440
17.520
16.960
16.810
16.980
16.510
16.810
16.700
16.750
15.810
15.810
15.880
16.430
15.890
16.000
15.680
16.300
16.480
16.500
17.000
17.900
17.660
17.000
16.860
16.660
17.050
16.870
16.300
16.730
16.800
16.600
18.070
18.060
18.710
18.900
18.890
18.390
18.350
17.800
17.880
18.310
17.960
17.750
18.280
17.800
17.450
18.060
17.900
17.650
17.700
17.640
17.680
16.960
16.170
15.880
16.210
15.800
15.190
15.510
15.910
15.460
16.200
15.510
16.200
15.560
14.960
14.880
15.930
17.030
18.100
18.580
18.190
18.010
18.180
17.800
17.450
16.680
17.460
17.470
16.500
15.810
15.500
14.800
14.810
14.900
16.040
17.380
16.450
16.870
17.700
17.010
16.290
16.500
15.820
16.360
16.080
17.140
18.440
18.980
20.070
19.710
21.360
23.500
23.640
23.620
23.750
24.300
23.820
24.500
23.760
23.730
23.490
23.480
23.630
22.500
21.640
22.080
22.020
21.870
22.000
22.940
23.450
23.750
22.300
21.910
20.180
21.010
22.080
21.220
20.670
20.770
21.170
20.690
20.500
21.520
20.780
20.900
21.710
21.370
21.300
20.810
21.420
20.580
19.880
19.680
19.800
19.900
19.680
19.720
19.050
18.920
18.110
17.450
17.510
18.850
18.500
18.410
18.100
18.180
18.400
17.780
16.310
16.100
15.510
15.110
14.750
15.180
16.500
16.460
16.400
14.710
14.400
14.300
13.400
13.220
14.510
15.680
15.800
15.800
14.630
14.790
13.000
13.930
15.460
15.560
14.150
14.050
15.590
17.320
19.200
21.110
20.700
22.950
24.900
24.610
23.500
24.000
24.390
23.130
22.020
20.580
22.130
21.300
23.410
26.010
28.000
24.400
25.000
24.900
23.020
25.580
28.000
26.950
26.000
24.380
24.480
20.540
22.820
25.350
27.440
29.910
27.320
29.980
33.120
32.800
34.400
37.300
34.710
35.200
34.500
33.990
35.420
34.300
32.810
33.650
31.900
29.880
27.610
28.900
29.900
30.100
29.000
28.500
27.300
25.140
24.210
23.310
22.300
22.790
22.960
21.880
20.530
19.640
19.560
20.750
20.910
22.160
21.200
20.620
20.750
22.000
22.800
21.970
22.100
20.750
18.680
19.300
19.260
19.070
18.700
18.010
19.700
19.100
18.620
18.980
18.750
18.630
19.160
18.200
18.190
18.310
18.190
18.870
17.500
17.330
16.830
16.660
16.400
16.180
16.200
16.510
16.470
15.560
15.770
15.600
14.830
14.800
15.040
14.850
14.720
14.940
14.660
14.440
14.400
14.130
13.620
13.380
13.370
13.300
14.020
14.110
14.160
14.050
14.500
14.640
14.870
14.780
14.830
14.500
14.800
14.880
14.220
13.900
14.360
14.170
13.890
13.320
13.220
14.000
14.210
14.270
14.050
13.280
12.880
12.820
13.390
14.000
14.300
14.000
13.190
13.870
14.830
15.450
15.570
16.010
17.110
17.030
16.570
16.410
16.440
16.430
16.000
16.440
16.100
15.610
15.300
15.310
14.860
15.420
16.710
16.420
16.260
16.220
17.230
17.350
17.000
16.410
16.330
16.330
16.360
15.700
14.700
14.600
14.390
14.200
13.960
13.840
13.780
13.210
13.100
13.400
12.930
13.080
13.020
13.010
13.060
13.350
13.280
12.950
12.960
13.080
13.190
12.740
12.200
12.500
11.760
11.680
11.900
11.530
11.300
11.330
11.350
11.300
11.720
11.550
11.410
11.340
11.290
11.340
11.640
11.560
11.360
10.810
10.710
10.810
10.900
10.680
10.920
10.730
10.660
10.150
10.010
10.500
10.550
10.100
9.750
9.850
9.890
9.480
