30.800
30.520
30.440
30.680
30.860
30.560
27.780
28.260
28.310
27.810
27.570
29.020
29.360
29.370
29.400
29.880
29.210
29.690
28.630
27.100
26.120
27.570
27.640
27.400
27.200
26.700
29.050
31.350
39.730
39.790
39.380
38.000
37.870
38.360
38.930
39.570
38.880
39.930
40.300
41.580
41.510
41.290
41.430
40.180
39.640
39.230
41.400
42.010
43.000
42.100
43.220
46.730
47.620
47.430
48.360
46.940
51.380
51.880
51.920
50.990
50.850
52.850
56.620
58.210
58.710
57.500
57.840
56.720
56.760
56.570
57.820
56.790
56.480
56.000
55.510
55.160
57.170
55.290
54.770
53.530
53.330
53.830
53.110
52.750
53.270
52.960
52.400
51.990
50.920
51.130
52.860
53.220
53.220
53.220
52.210
53.270
52.810
52.090
52.390
51.130
52.280
51.760
51.010
51.650
50.040
48.370
48.960
50.390
48.990
54.270
60.300
60.890
63.050
62.610
62.890
63.880
65.000
63.780
61.730
62.080
61.800
62.420
62.110
61.680
63.060
63.180
62.240
62.020
62.260
61.890
60.960
61.300
60.260
65.690
67.260
68.710
68.030
68.140
68.310
71.750
71.930
71.100
73.440
75.850
76.000
77.580
76.960
76.000
72.700
70.250
72.440
74.590
75.700
75.250
76.330
73.900
72.550
72.180
73.080
71.410
72.560
72.620
68.650
68.800
68.840
68.800
70.190
70.300
70.180
67.100
67.990
68.700
66.910
68.330
66.340
66.340
64.720
64.860
61.930
62.290
62.260
62.780
61.700
66.500
65.290
64.460
63.380
63.300
62.600
62.700
62.850
65.190
65.200
64.860
65.850
64.390
64.310
65.010
66.930
65.940
65.120
66.430
67.680
68.940
67.900
66.860
68.260
70.870
72.660
72.060
72.340
66.940
65.560
67.800
65.890
63.880
63.950
66.620
65.000
62.430
61.450
65.530
66.400
66.270
72.170
71.080
71.120
74.140
77.000
78.100
77.990
81.200
79.130
77.200
77.120
73.440
80.600
81.850
83.020
86.250
83.530
79.620
79.220
87.800
84.450
83.610
76.100
72.870
73.300
73.300
76.000
72.470
65.950
64.120
58.240
58.950
65.500
65.150
60.580
60.820
61.710
59.200
58.890
55.700
55.390
57.000
55.260
52.680
54.530
49.590
48.030
48.200
52.950
52.960
53.000
52.720
51.890
55.340
54.990
60.980
64.330
66.420
65.370
67.110
61.010
55.460
50.420
45.840
41.670
37.880
34.440
31.310
28.460
25.870
23.520
21.380
19.440
