19.170
18.970
19.040
18.790
18.670
18.410
18.600
18.800
18.600
18.570
19.250
19.230
19.220
19.180
19.260
18.580
18.510
18.090
18.660
18.880
19.090
18.750
18.460
18.250
18.010
18.820
18.650
18.560
18.400
18.280
19.300
20.270
20.010
20.200
20.340
19.530
19.750
19.660
19.900
20.400
20.000
20.770
21.170
21.220
21.010
20.780
20.380
21.220
21.920
21.730
23.320
23.330
23.680
24.670
25.470
25.600
26.270
25.400
25.570
25.630
26.250
26.360
26.340
26.300
25.900
26.700
27.050
27.180
27.160
27.050
27.390
27.560
27.750
27.550
27.650
27.300
27.300
27.400
27.500
27.770
27.550
27.830
27.740
27.370
27.380
27.710
27.630
27.450
27.530
27.360
27.360
27.530
27.280
27.050
27.300
27.160
27.800
27.810
27.660
27.930
27.900
27.800
27.550
27.650
27.200
27.230
27.170
27.700
27.830
27.140
27.350
26.900
26.490
27.650
28.120
28.450
29.020
29.300
29.190
29.110
28.670
28.100
27.770
27.960
27.770
28.150
28.060
28.380
29.100
29.000
28.800
28.500
27.750
27.500
27.020
27.840
27.600
28.700
29.220
29.220
29.200
29.450
29.000
29.560
29.900
29.710
30.550
30.850
30.850
30.730
31.770
31.450
30.850
30.070
29.900
30.420
30.370
30.200
30.260
29.800
30.000
30.020
30.520
29.400
29.050
29.480
28.300
28.360
29.150
29.030
29.190
29.300
29.000
29.140
28.700
29.070
28.460
28.750
28.690
28.410
28.510
28.300
27.720
27.840
27.800
27.800
27.820
28.400
28.880
28.850
28.680
28.700
28.340
28.450
28.820
28.700
30.010
29.610
30.000
29.150
29.240
28.900
28.980
29.080
29.250
29.100
29.000
29.350
28.950
29.000
28.940
29.220
29.140
29.180
29.120
28.400
28.150
28.350
28.650
28.360
28.030
28.340
28.100
28.200
27.800
28.800
28.890
28.900
30.880
30.260
30.200
30.620
30.510
30.620
30.250
30.510
31.080
31.120
30.890
31.040
31.560
31.090
31.650
30.900
29.700
29.100
29.630
29.160
29.190
28.400
27.480
28.450
28.670
28.180
28.850
28.350
28.100
28.260
27.200
27.350
29.010
29.980
29.590
29.500
29.400
28.470
28.580
27.480
27.490
27.610
27.440
27.650
27.680
27.400
27.200
27.250
28.000
28.450
27.830
27.970
28.260
29.680
28.880
31.000
32.530
32.450
32.940
31.800
32.170
32.270
32.300
31.640
31.490
31.430
32.000
34.880
34.990
35.570
37.770
35.150
34.920
35.730
34.800
33.790
35.300
34.520
33.380
33.870
34.280
33.300
33.700
34.400
34.550
34.900
33.980
34.500
33.800
31.500
30.650
32.160
32.300
32.030
32.510
34.390
34.330
32.600
32.330
32.000
33.310
32.010
35.530
33.000
34.020
33.570
33.190
34.880
34.510
32.600
31.250
33.790
31.350
33.930
33.600
36.300
36.600
39.450
39.300
36.800
44.090
45.590
45.400
44.900
48.180
48.880
46.980
49.180
49.110
49.000
48.200
45.990
46.130
45.260
43.120
44.360
45.030
45.830
49.290
50.000
47.200
43.350
47.160
42.860
42.060
45.000
45.710
45.800
43.210
44.710
46.260
44.500
45.890
47.000
43.000
49.500
45.630
41.770
43.000
41.050
40.170
41.110
42.270
38.680
35.490
37.810
38.900
39.950
40.980
36.500
31.880
30.900
34.550
33.990
32.500
33.290
31.900
33.580
32.000
30.810
30.230
30.010
29.340
29.200
28.980
29.800
29.400
28.000
29.140
27.690
25.140
25.720
23.510
24.510
29.000
28.380
28.880
28.950
25.000
25.000
24.100
27.600
30.800
29.510
28.880
27.300
26.970
31.000
35.600
40.000
38.380
43.680
44.510
43.720
43.000
44.600
45.440
45.050
42.170
44.200
44.500
42.970
40.000
40.000
43.000
39.390
37.980
43.600
49.260
43.890
40.280
35.550
36.110
34.510
31.580
39.000
37.200
35.380
31.000
24.190
26.580
31.000
34.250
31.500
36.130
38.910
37.600
43.060
45.400
49.560
50.300
46.900
49.700
57.190
55.450
54.800
62.000
68.150
66.000
60.270
60.260
66.600
65.800
68.000
71.060
70.020
81.000
79.460
107.910
98.100
89.180
81.050
73.700
64.000
55.700
55.370
50.340
45.750
41.000
37.000
34.000
29.710
25.910
28.660
28.660
26.050
23.680
21.530
19.570
17.790
13.480
