12.170
11.950
11.870
11.800
12.200
12.210
12.060
12.260
12.310
12.460
13.280
13.360
13.590
13.730
13.500
13.710
13.050
13.100
13.600
14.430
14.430
31.500
30.370
28.890
25.500
26.800
28.450
28.000
26.960
25.000
26.060
27.760
27.600
26.650
26.300
24.290
23.860
23.020
22.760
24.470
24.580
26.400
26.700
26.100
26.480
23.960
23.190
22.830
24.690
25.670
27.360
27.000
27.350
27.170
30.000
26.660
27.900
28.500
28.100
26.010
27.000
26.430
23.530
23.610
24.250
24.280
24.490
24.350
24.160
23.840
23.640
23.380
24.080
23.780
23.690
23.900
23.580
23.590
24.080
24.200
23.630
23.480
23.200
23.590
23.320
23.000
23.150
22.990
22.980
22.940
22.770
22.320
22.280
22.250
22.750
22.650
22.810
22.750
22.560
22.200
22.350
22.140
22.260
22.100
22.200
22.280
21.880
21.300
21.550
21.700
21.700
22.690
24.060
24.750
25.080
24.780
24.710
24.920
24.910
24.490
24.000
25.300
25.230
25.600
25.520
25.570
25.890
25.810
25.790
25.600
25.620
25.980
24.860
25.200
25.210
27.390
27.600
27.710
27.220
26.900
27.400
28.580
28.400
29.330
30.000
30.550
29.600
29.250
29.700
30.000
28.870
28.730
29.300
29.560
29.860
29.280
29.650
28.300
28.950
28.750
28.900
27.600
27.700
28.370
27.620
28.090
28.510
28.780
29.100
29.310
29.000
29.650
28.250
28.470
27.830
28.310
28.670
28.670
27.630
27.770
27.260
26.770
26.660
27.130
27.200
29.600
29.720
29.790
29.650
29.700
29.920
29.260
30.350
30.600
32.050
32.800
30.730
29.800
29.700
30.000
30.800
30.400
32.120
29.100
31.180
31.000
28.310
25.300
26.000
25.960
26.500
25.510
25.400
25.100
24.400
24.920
24.980
24.590
24.500
24.830
24.980
24.700
24.300
24.900
24.690
25.140
27.440
27.170
26.860
27.860
27.610
27.500
27.340
28.200
28.730
27.800
28.180
27.880
29.660
28.100
28.300
26.880
26.400
25.440
25.990
26.020
25.750
25.480
24.490
24.360
24.300
24.150
25.290
24.670
24.750
25.110
24.200
23.800
25.890
27.100
26.780
27.000
26.800
25.220
25.150
24.000
24.300
25.800
23.100
23.500
24.260
23.940
24.140
24.320
25.900
26.860
62.510
61.520
61.000
66.400
67.690
68.560
71.900
69.100
69.000
67.300
65.690
64.320
64.570
64.250
64.280
62.000
63.500
71.200
70.250
68.880
74.020
64.250
62.750
63.700
62.330
57.950
54.010
52.090
52.230
52.000
51.280
49.800
50.000
50.610
50.900
49.360
49.380
49.580
47.210
44.600
46.200
45.790
44.530
43.240
45.280
42.770
44.000
44.500
46.460
46.840
43.500
42.500
46.940
48.190
52.280
54.620
52.730
52.410
50.550
50.840
49.100
47.780
45.800
50.010
47.730
47.000
46.500
46.000
44.020
47.560
46.180
51.230
52.800
52.120
58.000
60.500
59.500
63.120
68.000
64.450
58.590
53.260
48.420
44.020
40.020
36.380
33.070
30.060
27.330
