21.600
21.560
21.580
21.100
20.800
20.840
20.650
21.060
20.860
20.450
20.900
21.420
21.600
21.700
21.780
21.140
20.850
20.360
20.420
21.010
21.250
20.790
20.590
20.740
19.800
20.030
21.300
20.830
20.420
20.610
20.600
22.520
23.280
23.180
23.250
22.180
22.940
23.240
22.620
23.730
23.890
24.250
25.500
25.900
25.910
26.400
26.400
24.880
25.210
25.180
25.130
26.520
26.500
25.960
25.880
26.040
27.780
27.900
27.880
27.800
27.700
30.320
31.020
30.180
30.100
30.100
32.300
34.770
36.340
35.620
35.010
36.250
35.400
34.380
34.540
35.800
35.580
35.300
32.560
33.250
33.400
34.820
34.800
33.660
34.200
32.530
32.880
32.500
32.410
29.710
28.880
28.920
28.580
28.020
30.300
30.410
30.600
30.510
29.390
29.600
30.620
29.560
30.020
27.510
26.090
26.450
25.750
26.410
28.540
27.560
27.500
28.020
27.100
26.360
27.760
28.670
30.010
31.530
32.800
34.000
37.110
35.330
31.260
32.740
29.760
27.050
24.590
22.350
20.320
18.470
16.790
12.720
