19.760
19.770
19.730
19.720
19.770
19.800
19.100
19.330
19.110
19.050
19.620
20.010
20.090
20.130
20.120
20.170
19.710
19.870
19.120
19.330
19.550
19.570
18.850
18.940
18.620
19.100
20.130
19.500
19.250
19.160
19.910
21.360
21.550
21.480
21.860
21.410
21.150
21.200
21.100
21.410
21.130
21.860
22.870
23.050
23.230
25.180
25.720
25.780
25.230
25.240
25.590
26.960
26.870
26.810
26.170
26.190
26.950
27.070
27.180
27.400
28.620
29.830
30.550
29.850
30.190
30.100
32.880
34.640
34.980
34.880
35.110
35.170
35.760
34.320
34.830
35.090
34.150
33.640
33.320
32.850
34.290
35.160
34.450
33.330
32.250
32.990
32.930
33.490
33.880
32.680
31.100
31.200
29.780
28.930
30.030
30.690
32.880
30.500
29.880
29.800
30.490
30.970
31.500
30.160
27.420
25.300
25.300
25.790
26.480
26.100
25.970
27.470
28.660
28.900
30.000
32.880
34.500
31.360
28.510
25.920
23.560
21.420
19.470
17.700
16.090
14.630
