-0.040
0.090
-0.070
0.010
-0.170
0.160
-0.170
0.070
-0.060
-0.220
-0.070
0.010
-0.290
0.180
-0.260
0.110
-0.300
0.500
-0.400
-0.260
0.570
0.180
0.080
0.180
-0.130
0.300
0.110
0.980
0.550
0.050
-0.630
-0.190
-0.090
-0.100
0.090
0.240
0.090
-0.110
-0.470
-0.370
-0.570
-0.390
0.260
-0.100
0.050
-0.060
0.040
0.000
-0.210
0.080
-0.440
0.580
-0.240
0.150
-0.230
-0.330
-0.320
0.060
-0.230
-0.070
0.020
0.060
0.050
0.150
0.200
-0.820
0.110
0.000
-0.260
-0.010
0.150
-0.030
0.210
-0.230
-0.390
0.060
-0.070
-0.180
0.180
0.090
-0.240
-0.250
0.000
-0.090
0.200
0.090
0.270
-0.050
-0.560
0.810
0.000
0.050
0.200
0.020
-0.170
-0.120
0.230
-0.130
-0.060
-0.010
0.020
0.060
-0.180
0.560
-0.300
0.140
-0.030
-0.170
0.340
0.300
-0.030
-0.360
-0.090
0.490
0.190
-0.110
-0.720
0.430
-0.020
-0.320
0.090
0.380
0.070
-0.020
-0.390
-0.450
0.080
-0.110
-0.830
-0.450
0.610
0.060
0.940
0.560
0.190
-0.500
-0.290
-0.700
-0.030
-0.110
0.030
0.020
-0.050
-0.430
-0.060
-0.040
-0.080
-0.030
-0.220
0.200
-0.190
-0.030
-0.220
-0.420
0.200
-0.030
-0.070
0.960
0.020
0.150
-0.360
0.070
-0.080
-0.170
0.190
-0.070
0.040
0.080
-0.030
0.070
-0.290
-0.090
0.250
-0.150
-0.160
0.200
0.190
-0.360
0.100
-0.090
-0.280
0.130
0.260
0.070
-0.120
0.190
0.010
-0.550
0.350
0.190
0.020
-0.250
0.200
0.150
0.000
-1.030
-0.400
-0.020
-0.080
-0.070
-0.310
-0.060
0.140
-0.150
0.000
-0.070
0.000
-0.440
-0.050
0.100
-0.290
-0.810
0.000
0.160
-0.240
1.540
0.260
-0.540
0.070
0.040
-0.100
-0.570
-0.220
0.650
0.200
-0.900
0.490
0.700
-0.860
0.700
-0.180
-0.650
-0.250
0.370
-0.170
-0.300
0.100
-0.160
-0.950
2.750
0.230
0.150
0.120
-0.290
0.490
0.730
-0.180
-0.230
-0.070
-0.160
0.100
-0.380
0.200
0.480
-0.560
-0.030
0.260
0.110
0.850
-0.220
-1.640
-0.520
-0.460
1.000
0.020
0.750
0.150
1.440
-0.500
-0.020
-0.260
-2.590
-0.910
0.050
0.420
-0.220
-0.500
-1.160
0.150
-0.510
-1.020
2.700
0.510
-1.830
-0.680
2.240
1.960
0.950
-0.010
0.500
0.100
0.200
-0.370
-0.030
-0.480
-0.220
-0.310
-0.600
0.330
1.570
0.140
-0.150
0.600
-0.120
-0.870
-0.110
0.690
0.520
-0.040
0.830
-1.020
-0.330
-0.080
0.610
0.250
-0.480
0.300
0.430
0.510
-0.990
1.850
1.370
-0.140
-0.650
0.670
-0.350
0.400
-0.430
0.120
0.890
0.500
-2.300
0.110
-2.550
-0.180
-0.460
0.640
-0.260
-0.530
-0.110
0.540
0.580
0.220
0.820
0.210
0.810
-0.300
0.750
-2.000
-1.130
0.390
-0.360
0.060
-0.870
0.830
0.740
-0.300
-1.610
0.610
-1.200
1.030
-0.460
1.030
-2.970
0.980
-1.870
-3.420
-1.660
0.910
-1.780
-0.520
-3.020
0.830
-1.250
7.130
-0.730
0.100
3.230
0.390
-0.580
0.630
-0.500
0.400
-2.940
1.980
1.240
-1.160
2.370
-1.520
-0.980
1.890
-4.720
-2.870
-0.770
1.460
1.090
4.040
1.910
-0.120
-0.980
-1.330
-5.370
3.880
2.390
-0.370
1.160
1.660
0.540
2.750
-0.250
-2.090
0.080
4.740
2.030
-0.850
-0.510
1.850
2.640
-6.160
3.410
-2.020
-0.560
3.600
-0.670
5.310
2.010
-0.120
0.770
1.030
-1.190
2.580
-1.790
0.070
-0.210
-0.660
2.130
0.500
-1.780
3.650
0.830
-3.220
0.730
-0.590
2.130
2.540
0.760
-0.920
-4.350
-3.240
2.630
4.420
1.160
-4.790
-5.330
-3.600
-3.610
0.050
-5.020
1.430
-2.050
5.200
-0.990
-1.520
4.250
1.740
-1.980
-2.970
5.230
-3.260
-4.590
-3.850
6.240
-1.430
-7.090
4.050
5.430
-2.230
5.780
-0.700
2.660
-6.190
-6.900
1.260
-1.650
4.170
-2.450
-5.980
6.730
6.110
5.560
5.050
4.590
4.180
3.800
3.450
3.140
2.850
2.590
2.360
2.140
1.950
1.770
1.610
4.920
