36.120
35.710
36.100
35.790
35.300
34.990
34.950
34.900
34.950
34.860
35.060
35.170
35.200
34.860
34.070
33.500
33.600
34.090
35.080
35.080
35.200
34.550
33.740
33.330
33.120
32.960
33.660
33.000
33.100
33.210
33.990
34.720
35.250
34.950
35.510
35.740
35.680
35.280
34.020
34.200
34.260
35.180
35.840
36.300
37.000
36.680
36.380
36.500
36.850
37.200
37.500
39.300
39.300
38.200
37.500
35.980
36.230
36.550
36.100
36.400
36.580
37.220
38.190
37.500
37.150
36.280
36.000
36.200
36.280
36.550
36.820
36.730
36.300
35.800
37.230
37.600
37.700
36.730
37.200
37.100
36.400
36.290
36.800
36.300
34.810
34.820
34.500
34.350
34.500
33.750
33.600
33.400
33.470
32.850
31.570
31.760
32.180
31.870
31.840
31.610
31.900
31.850
31.400
31.840
32.090
31.800
30.540
30.530
30.800
30.900
29.650
29.970
30.180
30.650
31.040
31.280
31.590
31.960
32.450
32.710
33.270
33.220
33.280
32.450
32.030
32.570
32.920
32.840
33.490
33.450
33.210
32.990
33.440
32.740
30.900
30.930
30.940
32.580
33.170
33.500
33.190
33.530
32.260
32.460
32.970
32.300
33.290
33.300
33.370
34.290
34.520
34.360
33.960
33.960
34.010
34.100
33.930
33.780
33.660
33.770
33.190
34.090
34.630
34.480
34.350
34.320
34.220
34.200
34.800
34.680
35.000
35.300
35.400
35.600
35.540
35.810
34.350
34.280
34.500
34.870
34.880
34.990
35.330
35.490
35.250
35.380
35.370
36.380
36.730
37.970
39.400
38.970
38.450
37.500
37.130
36.200
36.530
36.330
36.500
36.190
36.190
36.500
36.710
36.920
37.560
38.040
38.880
38.550
38.470
37.120
36.970
36.730
36.390
37.400
36.200
36.200
36.280
36.150
35.910
36.430
36.250
36.750
36.000
35.840
35.880
36.000
35.540
34.200
34.940
34.960
35.110
35.600
35.700
36.430
35.610
34.470
33.400
33.980
34.300
33.900
33.690
32.940
34.480
31.430
31.480
31.800
31.320
31.450
31.170
31.140
31.080
31.220
30.660
30.720
31.250
30.970
31.150
30.400
30.260
29.090
29.600
31.540
31.780
31.950
31.600
31.610
31.310
30.950
30.940
31.370
31.300
32.000
32.420
32.730
34.600
33.300
34.020
35.390
35.000
35.000
34.470
34.600
32.600
32.950
34.530
35.140
35.200
35.290
34.000
33.580
34.010
32.550
32.990
33.830
33.850
33.480
33.870
31.300
29.390
30.500
29.200
29.520
29.330
28.450
27.900
28.180
27.820
27.290
28.300
28.450
28.500
29.000
29.100
29.500
28.190
25.880
26.830
28.000
28.260
28.550
28.650
28.970
29.580
29.210
27.390
27.660
26.970
27.300
27.780
27.790
27.680
26.460
25.700
25.500
25.490
27.110
27.900
28.180
27.640
28.870
28.400
26.400
26.470
24.600
25.780
25.940
27.120
28.200
29.900
30.450
30.800
33.920
35.490
35.520
35.900
33.510
32.500
31.940
32.470
32.850
32.530
33.350
33.500
32.950
32.990
31.830
32.500
33.500
32.800
34.750
35.500
35.690
33.880
32.950
35.300
34.490
34.990
36.740
37.100
39.990
37.920
35.080
32.900
33.560
35.190
35.550
36.660
36.540
33.890
32.490
32.650
30.500
28.980
30.000
27.580
27.290
26.100
26.600
27.240
27.560
27.750
27.650
27.450
28.780
30.340
27.580
25.600
25.700
25.780
25.930
25.000
23.900
23.990
23.180
23.590
23.230
25.470
25.890
24.980
25.550
24.360
27.070
30.080
33.420
37.130
41.250
137.490
127.800
128.600
124.880
128.500
126.550
129.000
125.150
126.560
118.000
116.050
130.550
123.180
115.180
110.980
108.000
107.640
110.900
111.000
101.050
93.880
92.000
97.500
97.100
88.710
81.600
75.010
76.650
76.680
78.000
79.650
74.100
77.840
75.000
75.340
78.890
78.880
78.590
78.970
80.660
81.570
84.810
88.700
87.730
81.960
77.500
78.980
78.910
74.200
72.970
68.600
68.500
69.500
69.400
68.570
71.000
73.800
68.050
61.980
60.650
62.450
63.050
63.900
63.990
62.550
60.100
56.580
51.820
56.500
54.920
49.930
45.390
41.260
37.510
34.100
31.000
28.180
