0.480
0.330
-0.160
0.430
0.260
0.190
-0.770
0.260
0.270
0.080
-1.090
-0.370
-0.180
0.280
-0.870
0.390
-0.600
2.500
-0.810
0.670
-0.550
0.770
0.190
0.460
0.560
-0.410
-0.140
0.140
0.070
-0.390
-2.720
-1.800
-0.660
-0.780
1.470
0.820
0.170
0.130
0.240
-0.600
1.160
-1.090
-0.950
-0.280
0.470
-0.030
-0.110
0.930
0.390
0.190
-1.730
-0.340
-1.060
0.540
-1.040
-1.720
-0.130
0.090
-0.540
0.850
-3.380
-1.040
0.560
0.440
-0.950
-3.290
-3.150
-0.780
0.460
-0.490
1.360
0.520
0.110
0.820
-2.500
0.660
1.240
0.030
-0.490
-0.490
1.630
-0.520
1.400
1.350
-0.180
-0.470
-0.240
-0.590
0.950
2.280
0.410
-0.580
0.620
-2.960
-0.630
0.310
0.020
0.070
1.250
-0.840
2.030
-0.080
-0.730
0.520
-0.160
0.050
-0.070
0.060
-0.020
0.570
0.780
0.830
0.100
-1.750
0.140
-0.050
-1.020
-0.060
0.950
-2.050
-0.810
0.320
0.370
0.540
-0.060
0.070
0.340
0.770
-2.660
-1.020
0.820
-1.660
-2.860
-2.440
4.360
3.960
3.600
3.280
2.980
2.710
2.460
2.240
2.030
1.850
1.680
1.530
1.390
1.260
3.860
