17.800
17.590
17.720
17.440
17.400
17.450
17.500
17.450
17.470
17.300
17.340
17.220
17.280
17.090
16.910
16.800
16.850
16.660
16.760
16.300
16.400
16.360
16.240
16.200
16.300
16.690
16.950
16.600
16.800
17.080
16.780
16.710
16.830
16.900
17.030
16.800
16.930
16.960
16.700
16.800
16.900
17.390
17.370
17.410
17.530
17.350
17.180
17.120
17.250
17.300
17.270
17.230
17.250
17.360
17.240
17.370
17.540
17.540
17.680
17.670
17.680
17.810
18.150
17.740
17.760
17.760
18.100
18.210
18.000
17.790
17.800
17.800
17.940
17.770
18.120
18.110
18.000
18.050
17.950
17.900
17.990
18.180
18.020
17.840
17.710
17.790
17.940
17.790
17.740
17.620
17.690
17.620
17.500
17.300
17.370
17.500
17.570
17.630
17.600
17.600
17.350
17.300
17.500
17.600
17.510
17.510
17.450
17.500
17.270
17.090
17.040
17.010
16.880
17.300
17.810
17.800
17.990
17.930
17.720
18.130
18.160
18.130
18.320
18.020
17.890
18.020
18.050
17.990
18.320
18.400
18.340
18.440
18.180
18.050
17.800
17.960
17.700
18.450
18.540
18.560
18.500
18.560
18.160
18.840
18.880
18.850
19.280
19.570
19.170
19.500
19.780
19.630
19.150
19.550
19.060
18.980
18.630
18.790
18.800
18.510
18.720
18.730
18.520
18.590
18.640
18.640
18.380
18.430
18.750
18.900
18.710
18.330
18.180
18.450
18.320
18.460
18.170
18.220
18.340
18.250
18.280
18.360
18.280
17.920
17.860
18.000
17.550
18.180
18.370
18.500
18.640
19.000
18.630
18.640
18.500
18.810
19.020
19.110
19.100
18.950
18.840
19.000
19.580
19.420
19.720
20.110
20.050
20.400
19.910
19.380
19.300
19.130
19.110
19.360
18.850
18.400
18.490
18.790
18.630
18.590
18.360
18.210
18.270
18.150
17.950
18.920
19.120
18.370
18.690
18.890
18.670
18.670
18.750
18.440
18.350
18.320
18.500
18.460
18.650
17.880
17.620
17.670
17.930
17.740
17.860
17.350
17.700
17.740
17.450
17.430
17.100
17.560
17.800
17.700
17.770
17.630
17.850
18.000
17.880
18.000
18.440
18.790
18.650
18.880
18.830
18.690
18.920
18.200
17.800
18.220
18.140
18.290
17.880
17.410
17.220
16.990
17.500
17.760
17.540
17.470
17.270
17.820
17.480
17.490
19.020
19.250
19.480
38.400
38.010
37.890
37.250
36.160
36.720
36.270
37.800
37.470
37.700
38.000
37.880
37.330
37.050
37.590
37.330
37.190
38.010
38.230
37.560
37.470
38.350
37.100
37.100
37.450
37.750
37.500
37.890
37.500
36.600
35.120
34.240
34.330
34.200
33.130
32.550
33.390
33.590
34.830
35.230
36.210
36.050
34.590
34.010
35.550
33.500
34.700
35.110
33.990
33.510
32.840
33.530
33.500
32.110
31.430
33.000
32.400
31.800
31.080
32.280
31.800
32.080
30.240
31.600
31.870
31.920
32.500
33.340
32.160
31.000
33.660
31.500
36.000
40.090
41.000
40.230
42.000
41.630
38.230
41.500
40.280
41.000
37.810
39.020
38.400
38.570
39.500
39.650
38.360
39.200
38.700
38.140
37.620
36.950
36.990
37.080
37.550
38.500
38.000
38.210
37.950
39.300
38.770
37.720
41.280
42.050
42.200
40.590
40.290
40.490
39.500
40.600
41.940
40.400
43.950
41.830
40.800
42.540
43.460
42.280
42.890
40.980
39.820
38.310
40.800
38.300
39.010
38.000
39.100
36.070
34.990
38.200
38.080
36.740
36.900
35.660
36.510
35.840
34.980
34.520
34.310
32.100
31.900
31.700
33.110
32.900
33.000
33.380
31.130
32.180
33.500
31.440
31.240
33.990
34.120
34.990
34.850
33.000
31.300
30.010
34.000
35.300
34.800
33.500
32.000
32.000
37.000
38.890
41.000
38.200
42.710
42.300
44.000
41.370
43.450
43.000
41.000
39.080
38.890
40.790
38.940
37.500
37.660
39.000
39.000
38.200
42.150
44.600
42.430
41.000
40.900
42.760
41.200
41.710
45.000
42.130
40.000
35.900
31.660
30.460
35.630
39.070
35.990
38.490
39.500
36.600
41.090
42.200
44.250
43.820
42.200
44.000
47.970
45.750
47.800
50.780
52.610
52.000
49.800
48.000
49.990
51.100
52.880
53.150
53.980
53.450
53.010
62.200
58.000
51.750
48.700
49.700
48.640
49.350
50.100
43.980
44.890
44.830
42.610
40.320
38.680
37.200
37.610
37.690
37.410
38.050
39.200
39.000
40.100
39.850
41.200
40.560
40.990
37.300
39.000
36.710
36.490
39.000
41.450
40.930
38.890
40.000
38.800
37.000
36.810
34.290
34.140
34.900
34.680
34.430
34.860
35.300
34.660
34.590
34.800
35.900
33.650
36.000
31.750
27.130
27.050
27.500
27.200
26.800
27.170
27.700
27.560
28.000
27.280
27.390
26.760
27.560
27.660
27.950
27.610
27.700
27.560
26.890
29.880
38.000
36.890
33.540
30.490
27.720
25.200
22.910
20.830
18.940
