22.100
20.600
19.170
19.000
19.250
18.460
18.290
18.060
17.640
18.460
18.960
18.460
18.310
18.190
19.610
20.400
20.950
21.050
21.160
20.470
20.710
20.700
21.250
21.080
21.300
22.070
22.500
22.840
23.380
23.300
23.390
23.060
22.690
22.700
23.990
24.230
24.600
24.280
24.270
25.290
26.460
26.500
25.800
28.800
25.670
26.140
26.630
26.080
25.890
26.730
28.100
29.370
29.260
29.620
30.410
30.510
30.370
28.170
28.800
28.410
28.490
28.300
28.400
28.130
28.690
29.200
28.830
28.470
28.320
28.800
29.210
29.000
29.310
28.050
27.800
27.920
27.550
27.400
27.750
27.950
28.330
28.490
27.930
28.650
27.550
27.480
27.040
26.740
26.990
27.200
26.250
26.770
26.150
25.900
25.410
26.350
25.510
28.090
29.380
30.430
30.930
30.860
30.600
31.680
32.180
31.870
31.690
31.990
31.500
32.000
32.840
32.580
33.200
34.160
34.010
32.220
32.100
31.580
31.250
32.100
32.400
35.200
36.800
37.540
37.020
37.500
36.700
37.620
36.830
36.070
37.600
38.200
39.290
39.000
39.960
40.800
38.850
38.780
38.880
39.090
38.960
40.000
40.900
40.600
40.400
40.190
40.730
39.040
39.160
39.990
38.580
39.520
41.130
40.740
41.230
42.180
42.160
40.800
40.660
41.640
38.990
39.800
39.910
40.650
39.140
37.510
37.040
36.780
36.700
37.990
35.470
37.300
38.510
39.150
39.620
38.780
35.600
35.770
36.000
36.120
37.690
37.880
38.700
40.460
40.900
44.800
45.480
43.100
44.730
40.000
39.400
37.000
37.500
37.010
39.400
41.000
38.600
39.490
39.650
35.020
31.130
28.900
28.970
28.610
28.450
28.730
29.260
27.760
27.090
28.160
28.100
28.300
30.530
29.960
29.720
31.300
32.410
33.330
33.540
33.500
33.000
32.510
33.110
32.000
33.510
34.500
33.600
35.560
34.680
33.990
33.500
31.550
29.600
29.750
26.950
28.400
27.220
26.910
27.290
26.250
25.720
25.390
24.080
23.980
26.300
28.000
26.750
26.880
27.520
27.120
26.550
25.140
24.180
24.400
23.900
24.830
24.110
22.340
21.700
22.220
23.330
24.240
23.630
23.820
24.000
25.610
25.030
26.850
27.880
27.560
27.620
27.170
27.680
28.200
28.540
27.500
29.500
29.020
29.800
30.000
29.170
28.990
29.850
27.330
27.100
27.970
26.930
26.100
26.220
26.500
26.250
26.240
23.850
21.680
19.710
17.920
16.290
14.810
13.460
12.240
