49825.09
41891.20
67559.13
42596.61
33407.73
23093.90
22362.94
55549.14
20568.49
29854.66
24966.51
32348.98
45179.93
41014.26
80768.16
83061.70
41796.73
25096.82
21260.73
26292.14
40789.98
30673.38
13263.78
16921.73
23672.65
18030.40
18384.06
13148.61
21350.81
17637.00
26813.82
19410.43
12348.60
18948.05
20139.22
19651.38
11635.68
15216.20
23813.67
17668.09
18205.73
16913.02
21569.00
15540.04
15933.53
13652.09
19212.72
23594.69
16707.81
12434.00
18358.01
12396.23
26331.00
17127.20
31119.79
9269.80
21001.24
25470.41
15606.34
17554.35
17660.83
13958.34
29421.10
29170.47
19854.35
22480.75
25656.65
32761.80
49508.99
26334.25
32139.00
45286.41
43043.85
56706.40
27208.83
31818.53
20585.23
27478.32
36996.80
30546.29
34499.38
26567.52
37428.80
49260.25
122669.92
60457.11
35828.89
27629.42
47955.20
96100.40
25560.09
37931.20
31682.19
66703.37
25085.70
34441.23
36411.80
47012.20
37331.47
49654.34
28018.88
14296.20
18039.60
18426.42
31360.60
42105.92
30784.21
28597.36
24931.20
40391.58
62421.24
40209.80
32876.21
50476.20
60448.17
98014.73
42029.44
39306.29
52908.00
34149.44
48383.67
52977.58
41504.96
42793.85
55852.90
58698.59
70804.26
108692.18
56981.48
78649.57
179244.58
48863.63
41929.48
57063.68
94797.27
116450.26
40086.34
49854.41
43354.21
52254.60
49208.69
46171.09
51451.46
55205.57
45479.11
75023.13
69326.32
111222.41
72506.42
107799.74
48919.50
61492.58
66623.67
70782.80
63123.90
117174.43
108422.54
94668.14
94280.99
126143.99
218356.34
237739.81
133930.55
191885.52
108756.02
151997.19
185521.22
377997.03
153922.86
300093.94
311449.66
235607.91
192048.23
257082.55
191783.19
143097.81
201112.81
229790.84
270696.28
128626.81
72974.53
49346.99
57398.48
130865.96
174384.19
117875.85
25338.36
14541.68
15356.59
18942.02
15729.69
15382.42
36902.90
24683.16
19336.23
29055.29
35556.57
42547.44
29574.31
36216.94
30697.16
30551.56
44840.40
77514.57
79871.73
36999.96
21922.62
28579.09
31529.07
49947.39
68332.17
37900.04
56886.97
23253.21
26983.50
32616.49
31311.31
28735.30
41395.20
36947.31
37382.31
21470.16
36113.22
34429.43
59488.51
90119.99
35349.12
39881.63
44051.20
43678.98
54414.84
53397.55
60303.46
52259.35
72165.77
132548.14
103425.13
111314.71
95899.82
176879.94
217827.12
165994.66
82786.84
64990.92
71721.43
106009.53
78702.78
56010.62
71903.92
65341.12
97749.56
89482.12
97399.77
48749.43
51376.80
66127.32
44528.73
99472.31
97756.75
139319.52
75333.42
121215.87
93779.45
122965.52
60812.57
33690.79
69605.14
55588.69
32718.49
24016.26
32262.05
21292.72
25404.19
30015.92
29325.22
28672.46
27976.90
34043.02
40952.30
48837.85
55868.58
92041.08
39310.60
59264.76
43985.38
23402.83
40501.72
46177.01
32963.92
40624.00
36021.95
52107.06
90294.75
54895.72
61549.43
114595.14
181817.62
123362.48
101156.95
76319.99
49237.42
53626.03
59602.83
64818.47
50503.79
81745.50
60537.13
57002.27
44863.62
54114.23
85818.42
109291.09
67213.31
120114.43
128146.34
69912.43
56946.49
58789.45
90873.66
76228.10
56552.70
84729.62
65650.47
64347.44
75940.75
87292.76
100680.19
80357.65
50835.05
69449.97
90717.19
99947.93
99510.07
106103.91
95143.06
127602.30
107575.85
83137.19
57723.84
86537.72
124913.30
79823.13
101286.00
100703.96
107879.21
107953.29
155856.20
115569.85
121600.95
154777.31
142188.80
165919.20
160585.48
168347.83
147904.28
198374.22
250042.31
217886.12
178150.44
319898.94
103086.07
289084.38
402351.69
397776.25
282858.84
6016.13
3143.01
2579.00
2140.00
1178.13
1955.00
3212.13
544.00
470.00
471.00
425.00
244.00
267.00
119.00
337.00
