53111.50
40234.00
25677.40
37667.00
30696.24
25420.50
35123.20
43859.40
37621.37
31389.70
53296.59
81263.80
121456.25
43471.50
60318.98
43292.00
49037.90
81541.00
104695.20
233562.91
389392.31
64069.05
108789.83
100788.24
128404.13
103328.34
38408.10
130748.12
258893.17
49337.02
45069.25
26963.00
90987.82
52143.00
39210.42
46499.60
28910.00
51453.69
75385.99
80810.23
55040.81
34872.10
65652.70
46330.82
38193.74
38389.28
43129.00
40078.00
119967.78
79851.57
62886.00
80574.89
82023.00
116544.79
64786.70
100772.91
74088.20
86712.00
102305.34
211223.98
172176.97
79892.54
45210.01
64440.93
28537.00
29090.77
40025.90
59686.64
61978.20
65523.63
86296.23
122745.62
26246.69
36390.55
35831.50
48384.01
36785.72
22992.19
52288.10
56779.62
36761.50
24597.98
39273.15
69099.23
90460.14
126271.59
48795.33
54723.44
52196.30
32195.72
33140.40
76913.45
65495.29
85284.02
35154.76
22323.52
16085.37
22764.94
19776.74
12897.93
19488.89
11300.67
9522.93
14897.61
19045.40
13755.30
17737.18
22418.27
35452.96
38344.06
16056.46
23244.00
15435.34
14533.00
23324.23
21138.57
29453.78
21177.91
16172.67
13949.80
19860.86
46032.00
28990.49
15617.25
17134.25
15927.50
13317.26
15081.00
14246.35
33239.27
20424.52
26750.17
50726.67
27807.74
57025.95
44376.52
26333.55
18745.40
30554.48
24690.15
49336.38
61972.96
80792.48
52978.44
65746.42
75647.25
94419.33
160820.80
44490.67
68089.29
67196.04
51163.41
70423.65
85461.10
96877.64
69542.59
63416.38
75126.97
100652.01
175701.44
167187.27
261538.09
126838.55
42002.53
24846.38
50982.08
54312.31
48124.15
52405.14
41752.17
33269.30
29396.76
40842.93
40038.42
39573.65
62788.66
32270.87
38993.18
20915.64
15817.09
18691.26
21240.12
27546.93
45351.91
38090.34
34301.07
31207.09
24891.09
49099.75
42570.64
65654.51
65683.90
80488.60
86213.25
111515.44
51876.50
61843.92
101711.11
156403.55
42985.19
70676.83
45510.92
38862.01
29635.30
40352.66
65629.21
28079.07
22950.30
24829.79
29340.02
31491.08
14301.14
21354.99
18278.76
21228.23
15779.00
15643.75
14676.27
17106.60
13079.84
16665.42
20763.43
31937.50
56574.49
28755.34
21935.07
34161.64
27807.67
31142.38
24130.47
31981.20
38543.32
36193.17
77402.99
61959.84
40363.23
45802.24
63733.85
69317.05
49775.81
57267.19
45479.97
81371.70
101621.44
137045.70
68767.98
56513.07
61440.09
41659.83
51716.58
37390.55
50834.28
30140.94
38155.53
28420.04
50042.71
38287.33
54064.13
41098.46
53117.16
45181.33
51780.81
58470.71
21275.70
29815.00
31285.51
36362.11
29860.34
35632.93
31039.82
26919.01
32563.42
33192.09
35290.67
23784.43
38563.72
23848.73
32958.57
42755.93
61533.12
44356.36
72685.44
43603.42
27647.84
34534.82
38303.14
51025.19
27335.98
35049.84
41499.35
69311.89
40041.67
72096.41
62161.87
69163.90
98419.98
85409.53
53119.14
47001.75
71910.75
80667.40
67560.42
88287.32
97151.21
96590.85
91733.55
176144.84
255866.05
52651.82
44214.11
50660.69
64325.21
61542.38
46041.91
42820.59
64230.03
93279.59
64969.59
16073.99
17233.17
28590.31
23819.74
34027.12
38571.95
45010.70
52021.56
40628.66
73125.66
105851.15
39093.33
44918.28
51011.64
65963.31
40868.65
40864.40
33668.48
24771.66
26070.35
35166.97
27035.56
36030.57
37487.03
33361.72
24608.74
39331.17
38922.65
41839.79
36196.36
46611.06
74462.41
48514.30
24318.34
29229.00
31803.32
26936.06
27268.64
29015.68
32905.65
8474.00
36359.29
46105.95
33044.94
45414.68
42537.55
29120.97
54862.52
49942.00
36567.53
51561.16
49693.35
42580.99
71346.47
113003.75
109628.33
48769.90
41936.61
36454.87
61955.81
49831.42
64772.51
88804.57
61797.22
60263.43
67095.63
115935.80
136053.98
207869.59
141173.55
90461.31
120139.36
93983.13
105071.31
82875.48
124838.24
146140.44
109506.08
179396.00
227532.81
204954.45
313453.44
158291.55
226674.67
77154.05
44003.10
78563.13
68131.52
43252.70
32169.76
47779.71
46966.19
64121.54
63480.86
39691.76
67199.56
37188.54
47133.94
63929.41
47441.85
40899.26
49619.89
58483.91
37982.34
43150.07
41180.47
19918.18
20497.96
34801.54
34653.98
36146.86
51308.68
43630.17
27324.00
44848.04
35095.62
29506.98
39540.13
26361.35
32220.04
53569.71
35780.27
27715.72
32150.78
39559.42
43974.59
78202.50
57867.85
64346.12
35603.42
24386.00
37404.60
34471.77
58666.99
61154.62
49744.10
62905.67
47104.16
73084.88
98461.79
97079.59
77825.51
112612.73
171800.25
180567.14
157234.08
105531.00
108551.51
67965.02
86919.50
96655.49
150650.66
118535.26
85604.10
99288.72
69174.41
62418.75
64699.99
64870.40
141478.39
96581.51
47341.40
83638.90
5816.00
39457.76
72691.84
60546.50
62489.69
83613.58
75033.71
55427.73
41942.26
50494.31
65760.42
58721.92
51321.42
51714.78
59530.09
68758.15
103667.53
120331.66
143322.20
125070.45
79259.15
95611.07
104049.64
116232.39
144690.38
183782.12
212377.78
281334.88
81043.00
87816.62
24138.61
103727.73
254911.25
148516.16
147447.58
303251.72
21025.40
196166.48
69559.73
111803.37
91023.30
52237.59
37738.44
34791.81
49818.59
45717.75
46202.88
90540.35
34079.21
52112.49
71971.67
42750.00
59250.38
63015.51
44978.60
73965.56
82846.52
58014.70
69900.54
86759.55
153734.59
146696.02
80556.11
97749.38
125686.97
174886.19
75913.12
61527.97
47397.36
49451.94
47132.74
57904.02
71869.01
85518.29
86269.33
101407.78
175297.62
122700.25
92001.17
83134.06
54561.86
116582.87
136650.03
311692.50
10612.00
2260.00
620.00
236.00
120.00
448.00
