10.570
10.580
10.670
11.100
22.060
21.830
21.720
21.800
21.050
20.600
21.300
21.410
21.820
21.800
21.710
20.400
19.930
19.370
19.450
19.800
19.910
19.320
19.110
19.000
18.180
18.660
19.540
19.610
19.250
19.180
19.570
20.830
21.730
21.730
21.650
21.060
21.310
21.240
21.040
22.400
22.200
22.510
22.740
23.020
23.070
23.320
23.350
22.330
23.250
23.480
23.420
24.710
24.550
24.130
24.400
26.300
26.100
26.330
27.050
27.020
26.750
26.580
26.510
27.360
28.000
27.800
27.760
27.600
27.780
28.720
28.600
29.050
29.010
29.150
28.890
28.530
29.130
29.160
29.660
29.530
29.200
29.020
29.310
29.500
29.810
29.020
28.850
28.920
28.870
28.800
28.100
28.150
28.270
28.120
28.350
28.280
28.220
28.320
27.760
27.820
27.500
27.400
27.410
27.150
27.310
27.720
27.130
26.810
26.920
26.140
26.350
29.200
29.790
29.860
30.700
30.530
30.050
30.090
29.920
29.320
29.260
29.730
30.110
30.330
29.000
31.000
32.330
31.910
31.400
31.500
31.470
29.880
29.820
29.420
29.810
31.540
34.490
34.500
35.300
33.900
34.680
35.050
34.340
35.010
36.310
35.420
38.010
39.000
38.600
38.140
37.960
37.860
38.300
38.300
39.010
38.700
39.260
38.450
39.190
39.800
39.400
37.830
38.210
38.100
37.810
37.800
38.500
40.790
45.110
43.250
42.400
42.000
42.110
42.400
43.580
43.200
42.110
38.910
35.610
32.740
32.280
32.110
32.030
31.340
30.820
29.400
29.330
29.100
29.010
29.000
28.750
29.010
29.000
30.170
30.500
30.570
30.050
30.260
30.080
30.410
30.510
30.800
30.610
31.550
30.010
30.670
30.330
30.500
31.000
31.440
30.920
31.020
29.960
29.660
29.780
30.260
30.070
29.220
29.800
29.910
29.800
29.700
29.030
29.950
29.600
31.180
33.800
33.240
33.400
34.100
34.120
33.810
33.810
35.000
34.870
35.110
34.190
34.250
35.300
35.030
33.200
31.580
30.490
30.910
30.770
30.900
30.410
29.310
28.230
30.300
29.630
30.000
29.260
28.880
28.700
27.700
27.800
28.410
31.380
30.970
30.400
30.980
30.870
34.870
33.530
33.340
33.210
32.450
32.420
32.250
32.400
31.410
31.800
31.380
32.540
31.900
31.900
31.300
33.060
33.350
32.990
35.200
35.260
35.150
33.800
34.000
33.500
34.610
34.020
33.340
34.160
34.510
35.430
38.700
38.810
40.170
38.510
38.110
37.710
36.350
35.410
37.000
37.270
36.860
36.450
37.680
35.700
35.010
36.610
36.060
37.890
37.790
38.100
38.140
34.500
33.000
32.990
34.180
34.410
32.010
32.170
32.000
31.150
32.610
31.470
34.510
32.350
30.410
32.810
35.400
38.300
41.010
43.720
44.160
42.600
41.920
40.400
39.300
37.370
40.040
40.680
39.020
39.490
37.760
37.100
37.100
37.000
39.350
41.880
40.600
41.200
44.810
47.860
45.800
50.250
52.110
53.200
52.130
55.830
61.910
68.760
65.880
57.000
55.110
58.000
53.450
48.590
44.170
40.150
36.500
33.180
30.160
27.420
24.930
22.660
20.600
18.730
17.030
15.480
14.070
