46.640
45.900
45.550
44.890
44.970
45.690
46.270
47.440
46.580
45.870
48.300
48.350
49.700
46.990
47.600
49.490
48.800
48.300
47.390
47.330
43.950
42.620
40.690
41.970
40.680
41.250
44.800
43.260
42.190
41.390
41.990
46.100
47.460
48.000
49.980
46.560
43.280
43.680
42.600
43.280
43.200
45.880
46.990
48.010
48.500
50.970
51.980
52.300
49.190
49.430
49.000
47.870
48.590
48.770
48.470
50.770
54.480
54.850
57.000
58.330
62.990
65.250
65.990
62.240
63.450
68.290
75.860
68.970
62.700
57.000
51.820
47.110
42.830
38.940
35.400
32.180
29.250
26.590
24.170
21.970
