27094.08
29090.55
16025.83
21919.02
28096.12
26699.63
19141.20
15943.39
31636.39
23583.67
19530.95
13186.46
19959.81
13428.72
14148.01
25560.67
15155.79
17543.74
19865.21
16210.56
26630.03
37089.88
11251.06
20231.20
24955.15
35030.46
28720.43
17762.41
22208.68
15424.80
24779.64
30320.99
17064.20
22081.45
42366.17
30332.59
25016.64
39670.78
36715.30
23186.43
22834.43
29192.28
32218.61
21649.42
27722.83
37085.48
35247.31
56703.25
25090.02
24785.79
21805.07
16426.19
28785.63
33347.45
20663.30
42708.06
20964.45
22686.76
32603.27
44784.05
66813.61
49192.07
48885.85
51544.81
57517.76
75527.43
90871.24
130094.25
139645.44
115947.52
118810.40
156041.55
124840.98
77969.30
104614.18
100450.81
58229.32
87354.20
89932.02
63292.44
90176.49
103846.30
128272.38
140715.30
167263.09
139739.41
104324.17
122047.67
82576.30
86733.82
88716.13
64871.55
57807.33
71796.89
89795.58
123065.79
180453.47
109488.13
118508.22
88576.50
117679.39
196478.19
212995.72
137588.12
83364.86
177556.55
189626.84
156686.94
311567.59
291389.25
141411.16
1752.44
2207.04
2888.65
3038.50
1407.34
235.96
245.96
155.56
231.93
125.04
48.26
53.63
246.86
