17.050
17.180
16.930
16.850
16.690
16.520
16.470
16.820
16.660
16.460
16.650
17.180
17.400
17.460
18.210
18.310
18.130
17.770
16.830
17.440
17.740
18.130
17.780
16.880
16.890
16.820
18.690
18.940
20.400
21.000
23.330
25.920
28.800
28.900
28.800
29.520
29.610
29.180
28.130
26.090
25.540
24.620
24.500
23.140
21.640
21.060
21.300
21.480
21.150
21.240
22.070
24.220
25.600
25.040
25.760
26.440
27.210
26.770
26.770
26.570
26.610
25.970
26.490
26.590
25.490
25.390
26.420
28.250
29.080
29.880
30.180
29.790
29.570
29.410
29.040
29.880
28.350
28.770
28.840
28.400
28.110
28.460
28.140
27.790
26.610
26.990
27.140
27.170
26.730
27.300
26.250
25.730
25.900
25.550
26.000
26.920
27.540
27.280
26.960
26.690
27.830
28.220
27.440
27.700
26.450
26.550
26.460
26.210
27.230
26.430
26.260
26.580
26.620
24.200
25.290
25.340
25.070
25.740
26.550
26.030
27.560
28.130
28.330
27.450
27.490
27.390
28.140
28.430
27.570
29.900
30.220
30.570
30.910
32.010
31.640
30.910
31.930
32.790
36.430
39.890
36.260
37.140
36.720
38.820
35.290
32.080
29.160
26.510
24.100
21.910
19.920
18.110
16.460
14.960
13.600
12.360
11.240
10.220
9.290
