45.060
41.270
40.450
40.100
40.970
40.810
41.960
43.090
39.960
40.080
42.700
43.680
43.260
41.860
43.300
44.360
42.960
41.520
40.350
41.050
41.370
41.580
38.820
38.790
35.690
36.800
38.550
37.020
36.270
36.500
38.850
42.460
43.380
43.460
42.690
41.680
40.890
40.980
40.800
41.990
41.440
42.370
43.370
43.460
43.610
44.200
44.490
44.680
43.390
43.200
42.970
43.310
43.990
43.990
43.800
45.700
48.970
49.270
49.690
50.270
54.600
56.600
56.980
54.590
58.040
68.880
63.840
58.040
52.760
47.960
43.600
39.640
36.040
32.760
29.780
27.070
24.610
22.370
20.340
18.490
16.810
15.280
