19.520
19.580
19.510
19.220
19.440
19.280
19.490
19.810
18.960
19.260
19.170
19.380
19.260
19.180
19.500
19.150
18.790
18.540
18.040
18.390
18.650
18.600
17.980
18.130
17.670
18.520
19.660
19.090
18.860
19.130
20.170
24.180
23.690
22.490
22.930
22.390
21.840
21.650
21.380
21.470
21.630
22.750
22.790
22.840
22.540
22.640
22.690
22.060
20.740
20.740
21.000
21.390
22.690
25.560
25.640
25.950
26.850
26.920
26.260
27.200
27.270
27.490
27.100
25.990
25.690
25.980
28.400
29.490
30.300
30.140
30.340
30.400
30.500
29.750
30.500
30.960
29.950
29.150
28.640
28.370
29.150
29.070
28.930
27.560
27.000
27.650
27.900
27.500
27.810
28.990
27.150
26.880
26.490
25.700
26.980
26.190
27.100
26.450
25.470
25.480
25.800
25.890
25.550
25.790
24.550
24.240
23.940
23.900
24.340
24.060
23.790
23.680
24.360
23.600
24.330
24.950
25.210
25.950
25.850
27.140
28.580
29.080
29.480
28.350
28.930
29.820
32.240
32.580
34.350
31.230
28.390
25.810
23.460
21.330
19.390
17.630
16.030
14.570
