-0.170
0.410
-0.180
0.730
-0.010
0.120
-0.520
0.020
-0.090
0.190
-1.500
-0.150
-0.280
1.590
-0.580
1.230
-0.020
0.600
-1.670
-0.550
1.450
1.080
-0.330
0.150
0.210
-2.460
0.260
0.100
-0.420
0.470
-2.340
-2.510
-0.460
-1.830
1.260
0.260
-0.230
0.610
0.450
-1.370
1.030
-2.800
-2.530
0.000
2.850
1.050
0.080
1.220
-0.840
2.110
-1.030
-1.610
1.920
2.630
0.720
-2.730
-0.950
0.090
-2.290
0.590
-3.430
-1.590
0.420
0.690
-1.810
-3.720
0.470
-2.290
-0.730
3.890
3.540
0.750
0.980
1.760
-1.330
1.210
-0.630
0.630
0.910
-0.720
-2.150
0.400
1.730
-0.360
-1.320
3.050
1.040
0.060
-0.450
0.560
1.000
-0.770
0.500
-2.920
1.400
2.730
2.490
2.260
2.050
1.870
1.700
1.540
1.400
1.280
1.160
1.050
3.220
