82379.80
102284.25
33070.35
42549.38
39340.70
32584.38
42965.36
56943.20
42315.89
38759.56
52122.54
74252.12
30774.93
21836.92
41616.89
52441.35
30021.11
31232.50
45859.15
42912.19
51571.60
63586.46
32395.95
47957.40
50975.64
76915.87
90985.25
74784.95
76420.23
74845.05
101180.61
121913.45
105449.20
108782.41
132507.52
165517.52
146759.45
189106.12
194544.41
180166.48
164262.66
78958.29
100813.74
129756.09
166643.72
95068.19
137304.64
182493.81
108698.14
146479.95
182239.84
241434.14
12916.04
6124.84
2841.73
849.56
279.38
86.61
39.84
35.00
115.00
