17.160
16.930
16.810
16.790
16.460
16.430
16.780
16.690
16.370
16.780
17.200
17.470
17.580
17.490
18.420
17.990
17.770
16.820
17.320
17.740
18.030
17.600
16.840
16.930
16.360
18.110
19.290
19.240
18.900
21.000
23.330
28.550
28.910
28.000
29.500
29.620
29.880
28.450
25.790
25.420
24.280
23.900
22.900
21.520
21.090
21.430
21.210
20.690
21.200
22.150
24.210
25.070
25.040
25.250
26.450
26.480
26.430
27.400
27.100
26.080
25.980
26.490
26.370
25.870
25.430
25.950
28.120
28.870
29.500
29.980
29.850
29.100
29.460
28.810
29.680
28.490
28.350
28.910
28.190
28.060
28.460
28.160
27.630
26.790
26.690
27.140
27.180
26.750
26.980
26.360
25.570
25.990
25.500
25.900
26.790
27.160
27.400
26.590
26.450
27.730
28.260
27.270
27.790
26.610
26.550
26.460
25.850
26.970
26.460
25.400
25.660
27.500
24.010
25.200
25.300
25.140
25.550
26.510
25.960
27.300
28.200
28.300
27.530
27.450
27.210
28.000
28.290
27.010
29.680
30.030
30.700
30.710
31.660
31.400
31.000
31.480
31.500
35.700
38.400
35.900
36.720
35.650
41.600
37.440
35.290
32.080
29.160
26.510
24.100
21.910
19.920
18.110
16.460
14.960
13.600
12.360
11.240
10.220
7.740
