0.220
0.160
-0.680
-0.700
1.240
-0.580
1.650
-0.080
0.630
0.230
-0.400
-0.160
-0.750
0.660
0.320
-0.620
-0.010
0.360
0.370
0.210
0.300
0.440
-0.090
0.190
0.390
-0.750
0.620
-0.170
0.080
0.620
-0.010
0.360
-0.090
-0.150
0.540
0.590
0.530
-0.330
-0.580
-0.460
0.040
-0.710
-0.200
0.660
-0.240
0.340
-0.090
-0.060
0.620
0.000
0.080
-0.130
0.600
-0.190
-0.150
-0.230
0.010
0.390
-0.120
0.120
-0.670
0.040
-0.550
0.160
0.060
-0.620
0.170
-0.280
-0.060
0.910
-0.040
-0.610
0.030
0.190
0.080
0.270
-0.080
-0.290
0.220
-0.270
-0.880
0.720
0.220
0.290
0.160
-0.270
0.070
-0.400
0.370
0.030
0.670
-0.320
0.150
-0.320
-0.060
-0.030
-0.640
0.500
0.240
0.100
0.420
0.190
0.310
0.080
-0.450
0.320
0.400
-0.410
0.520
0.760
-0.240
-0.060
0.110
-0.740
-0.900
-0.370
-0.200
-0.550
0.310
-0.380
0.060
0.030
0.050
0.140
-0.030
-0.470
0.490
-0.480
-0.510
0.370
0.260
0.060
-0.430
0.000
0.270
-0.530
-0.330
-1.600
0.360
-0.370
0.210
0.150
0.030
-0.780
0.340
-0.550
-0.600
0.580
0.010
-0.100
-0.030
0.400
0.270
-0.170
0.090
0.110
-0.010
0.220
-0.440
0.600
-0.390
-0.220
-0.330
0.020
-0.410
-0.070
0.030
0.070
0.820
-0.410
-0.470
-0.200
-0.040
-0.280
0.290
-0.450
0.120
0.390
-0.260
-0.090
-0.100
0.220
0.580
0.430
-0.210
-0.190
0.450
-0.930
0.110
0.040
-0.120
-0.280
0.200
-0.540
0.030
0.090
-0.370
-0.140
-0.160
0.200
0.260
-0.680
0.360
0.150
-0.020
0.670
0.630
-0.780
-0.380
-0.210
-0.080
0.730
-0.450
0.590
-0.430
0.430
0.090
0.190
0.220
0.000
0.670
-1.200
-0.600
0.020
0.030
-0.210
-0.770
1.190
-1.330
0.350
1.890
-0.070
-0.080
0.380
0.080
-0.090
0.010
-0.670
-0.580
1.040
0.280
-0.370
0.180
0.230
-0.150
0.040
0.570
-0.610
-0.610
1.830
1.050
-0.410
1.430
0.590
-0.180
0.000
0.110
-0.680
0.560
0.500
-2.650
-0.320
0.420
-0.220
0.590
0.090
-0.140
1.230
0.040
0.130
0.460
-0.210
-0.010
0.260
0.200
0.030
-0.890
-0.230
0.270
-0.020
-0.560
0.260
0.600
-1.450
-1.330
-0.180
0.520
0.750
-0.160
-0.690
-0.260
0.980
-0.220
0.370
0.280
-2.130
0.750
-0.900
-0.420
-0.200
-0.010
-1.820
3.000
1.980
0.230
0.530
0.440
-0.220
-0.090
1.550
-0.380
0.450
-0.080
-1.160
1.160
-0.480
0.800
1.530
0.790
-0.330
-0.490
1.020
-0.160
-0.510
-0.490
-0.090
1.260
-0.840
-0.670
1.130
0.810
-2.230
-0.050
-3.040
-0.550
-0.730
2.890
-0.500
-0.980
-0.240
0.730
0.000
0.600
2.660
-0.270
0.700
-0.280
1.340
-1.620
-0.070
-2.660
-0.140
1.290
-1.590
-0.330
1.260
0.810
-1.810
1.580
-1.730
-0.390
-3.400
0.340
-3.710
0.390
-1.100
-4.220
-1.100
-0.610
1.200
0.600
0.860
-0.470
-0.730
0.510
-0.420
-1.090
2.230
0.110
-0.070
0.920
-0.450
-0.150
-1.170
-2.570
1.910
2.230
1.340
-1.460
-1.070
-0.010
-4.620
0.730
0.070
0.860
-1.230
0.550
2.690
2.200
-0.260
-0.820
-3.370
3.350
2.280
-0.580
-1.570
2.210
-2.310
6.780
-0.830
3.320
0.280
0.380
-0.410
-0.770
-1.620
2.910
3.420
-7.580
-2.730
3.540
6.950
4.780
-2.860
1.700
1.780
0.710
2.540
-1.760
-1.710
4.140
-3.630
1.190
0.920
2.840
5.280
1.300
-0.560
4.740
-3.220
-3.720
0.380
-2.640
3.600
3.110
2.560
0.000
-5.240
-4.340
3.200
4.890
-4.080
-5.890
-6.540
-1.290
-6.000
-8.090
-8.990
-9.990
1.580
-5.400
-0.350
-0.950
-3.030
-1.940
-5.680
10.510
1.530
9.420
3.680
-0.620
-2.600
1.110
8.420
-6.030
2.550
3.160
7.680
4.920
5.590
-3.660
2.000
-2.440
-2.430
-0.020
1.900
-4.850
-1.320
-1.820
-0.740
4.560
4.160
-0.790
-0.680
-0.850
-3.120
-1.990
7.130
2.120
5.930
1.270
5.630
0.080
1.540
0.820
-0.650
-0.670
5.020
-0.600
1.620
-1.830
2.960
0.420
1.120
0.200
-0.840
1.810
0.490
-1.310
-3.130
1.050
-1.850
-2.920
4.820
3.050
4.100
3.730
3.390
3.080
2.800
8.570
