20.200
20.230
20.000
19.750
20.080
20.200
20.200
21.250
20.950
20.800
22.120
21.800
20.500
20.610
20.680
20.410
21.400
21.200
21.400
21.100
21.290
20.210
20.300
20.250
19.960
22.500
22.600
22.890
22.590
21.990
25.700
26.630
25.580
26.900
28.400
28.580
28.000
26.700
25.000
25.700
23.770
23.900
24.500
24.690
24.150
23.030
21.700
22.100
20.800
20.140
20.060
21.600
24.000
23.000
22.950
24.030
26.050
24.470
25.200
25.510
23.190
19.700
18.730
17.420
16.550
16.610
17.280
17.000
17.200
15.000
15.200
15.100
15.340
14.660
14.890
14.590
14.410
14.390
14.380
14.620
14.590
14.870
15.000
14.810
14.520
14.550
14.600
14.450
14.600
14.660
15.300
14.760
14.850
14.610
14.600
14.600
14.870
14.700
14.970
13.960
14.000
13.810
13.610
13.480
13.590
13.470
13.530
13.620
13.580
13.590
13.400
13.530
13.440
13.540
13.790
14.180
14.220
14.280
14.180
14.300
14.440
14.410
13.940
13.990
13.800
13.900
13.890
13.660
13.680
13.940
13.870
13.750
13.740
13.560
13.180
13.260
13.210
14.400
14.500
14.600
14.450
14.280
14.020
14.790
14.700
14.540
14.970
15.050
14.920
15.050
15.350
15.300
15.240
15.500
15.700
15.340
15.260
15.180
14.790
14.690
14.850
15.030
14.580
14.670
14.880
14.760
14.680
14.670
14.790
14.500
14.370
14.480
14.300
14.420
14.150
14.240
13.610
14.030
14.260
14.470
14.380
14.350
13.870
14.070
14.080
14.110
14.000
14.700
14.670
14.800
14.800
15.000
14.110
14.430
14.280
13.410
14.000
13.500
13.480
13.310
13.400
13.110
13.300
13.390
13.200
13.190
13.150
13.360
13.280
13.220
13.800
13.280
13.210
13.380
13.060
12.840
12.820
12.910
12.930
12.900
12.600
12.800
12.850
12.800
12.620
12.730
12.760
12.850
13.850
13.570
13.500
13.700
13.700
13.590
13.260
13.520
13.680
13.870
13.720
13.550
13.790
13.680
13.470
13.540
13.490
13.270
13.730
13.510
12.950
12.680
12.180
12.570
12.740
12.500
12.750
12.480
12.320
12.290
11.950
11.950
12.510
12.890
12.840
12.880
12.800
12.690
12.590
12.260
12.250
12.380
12.370
12.450
12.530
12.260
11.900
11.950
12.330
12.400
12.210
12.110
12.190
12.480
12.400
13.120
13.780
13.890
13.610
13.410
13.330
13.460
13.600
13.460
13.600
13.190
13.500
14.350
14.420
14.510
14.560
14.380
14.450
14.310
13.910
13.700
14.210
14.400
14.210
13.690
13.690
13.270
13.690
13.660
13.450
13.620
13.440
13.670
13.380
12.800
12.510
12.810
12.600
12.500
12.180
12.670
12.900
12.880
12.350
12.650
12.400
11.760
11.920
12.300
12.380
13.620
13.820
14.090
13.900
13.540
13.800
13.500
12.940
12.240
13.180
12.910
12.550
12.340
12.340
11.870
12.340
12.720
13.830
14.100
13.850
14.010
14.510
14.000
13.600
14.010
13.000
14.220
13.800
15.440
16.110
17.120
16.870
16.410
19.700
20.620
21.000
19.500
18.990
20.200
18.610
18.660
18.760
18.490
18.580
18.050
18.020
17.680
17.040
17.430
17.620
17.780
18.320
18.300
18.280
17.870
18.160
17.880
17.520
19.450
20.010
20.200
19.100
18.730
19.100
18.330
19.290
19.900
19.600
21.000
18.800
18.040
18.100
19.020
17.410
17.580
17.270
16.210
15.400
15.860
15.640
15.900
16.290
16.090
15.640
14.970
16.980
16.520
16.700
16.450
15.500
16.000
15.800
15.210
15.200
16.000
13.300
13.130
13.350
14.370
14.150
13.920
13.940
13.100
13.200
13.100
11.970
12.500
14.180
13.790
14.500
14.550
13.050
12.980
12.880
13.800
15.800
13.830
13.510
13.380
13.360
16.250
17.190
18.380
17.500
20.180
20.290
20.700
19.680
20.600
21.650
20.990
20.670
21.090
20.330
20.690
17.600
17.090
18.160
17.000
16.700
19.270
20.500
19.000
18.850
18.000
17.520
16.590
15.050
17.500
17.460
16.320
14.170
11.030
12.260
14.490
17.390
16.220
19.290
20.000
17.900
21.610
22.200
24.810
23.880
23.830
25.900
28.420
28.600
30.200
31.790
33.000
32.880
32.000
31.890
33.900
36.800
38.400
31.780
31.310
38.000
32.880
67.900
61.730
56.120
48.300
43.050
41.390
41.950
42.760
40.800
39.120
36.550
35.300
34.640
33.400
31.500
31.900
33.500
35.210
34.370
34.200
33.090
34.400
34.230
33.550
35.400
33.990
33.100
35.890
38.500
35.510
34.040
32.000
31.980
30.660
29.700
30.550
28.510
27.700
27.600
27.410
28.400
26.200
25.700
26.100
25.360
26.060
25.950
26.000
25.660
24.890
24.660
24.040
23.700
24.610
24.910
24.800
26.900
29.080
27.990
26.440
24.040
21.850
16.550
