                 -487.18                       2305.0903
              -485.83975                       2324.6079
               -484.4995                       2348.4248
              -483.15926                        2376.542
              -481.81901                       2408.9595
              -480.47876                       2445.6763
              -479.13851                        2496.458
              -477.79827                       2570.2549
              -476.45802                       2654.7876
              -475.11777                       2750.0537
              -473.77752                       2856.0542
              -472.43728                       2972.7891
              -471.09703                       3099.6458
              -469.75678                       3240.1169
              -468.41653                       3394.6511
              -467.07629                       3563.2478
              -465.73604                       3745.9082
              -464.39579                          3945.5
              -463.05554                       4170.9121
               -461.7153                       4413.3076
              -460.37505                        4672.687
               -459.0348                       4949.0547
              -457.69455                       5242.4009
              -456.35431                       5564.1851
              -455.01406                       5917.0605
              -453.67381                       6296.0112
              -452.33356                       6701.0171
              -450.99331                       7132.0874
              -449.65307                        7589.271
              -448.31282                       8079.7192
              -446.97257                       8607.7598
              -445.63232                       9173.4043
              -444.29208                       9776.6494
              -442.95183                       10417.499
              -441.61158                       11109.821
              -440.27133                       11863.649
              -438.93109                       12664.369
              -437.59084                       13511.983
              -436.25059                       14406.518
              -434.91034                       15347.923
               -433.5701                       16405.578
              -432.22985                       17540.338
               -430.8896                       18741.793
              -429.54935                       20009.889
              -428.20911                       21344.658
              -426.86886                       22767.004
              -425.52861                       24336.779
              -424.18836                       26007.756
              -422.84812                        27779.84
              -421.50787                        29653.08
              -420.16762                       31627.469
              -418.82737                       33787.332
              -417.48713                       36125.258
              -416.14688                       38606.648
              -414.80663                       41231.504
              -413.46638                       43999.875
              -412.12613                       46922.844
              -410.78589                       50159.629
              -409.44564                       53606.766
              -408.10539                       57264.336
              -406.76514                       61132.172
               -405.4249                       65210.371
              -404.08465                       69610.578
               -402.7444                       74404.438
              -401.40415                       79495.719
              -400.06391                       84884.172
              -398.72366                       90569.914
              -397.38341                       96552.953
              -396.04316                       103166.13
              -394.70292                       110226.07
              -393.36267                       117698.98
              -392.02242                       125584.89
              -390.68217                       133883.92
              -389.34193                        142743.3
              -388.00168                       152470.06
              -386.66143                       162779.39
              -385.32118                       173671.27
              -383.98094                          185146
              -382.64069                       197203.05
              -381.30044                       210338.34
              -379.96019                        224439.7
              -378.61994                       239333.38
               -377.2797                       255018.66
              -375.93945                       271495.94
               -374.5992                       288861.97
              -373.25895                       307907.19
              -371.91871                       328002.53
              -370.57846                       349148.59
              -369.23821                       371345.19
              -367.89796                       394592.91
              -366.55772                       419432.59
              -365.21747                       446003.22
              -363.87722                       473869.28
              -362.53697                       503030.59
              -361.19673                          533488
              -359.85648                       565240.19
              -358.51623                        599353.5
              -357.17598                       635241.56
              -355.83574                          672840
              -354.49549                       712147.44
              -353.15524                       753164.56
              -351.81499                       795488.88
              -350.47475                       838740.69
               -349.1345                       883705.75
              -347.79425                       930385.06
                -346.454                       978778.63
              -345.11376                       1028886.5
              -343.77351                       1080907.5
              -342.43326                       1134143.5
              -341.09301                         1188446
              -339.75276                       1243815.3
              -338.41252                       1300252.3
              -337.07227                       1357811.5
              -335.73202                       1416358.8
              -334.39177                         1475296
              -333.05153                       1534624.3
              -331.71128                         1594341
              -330.37103                       1654447.6
              -329.03078                       1714660.3
              -327.69054                       1774484.8
              -326.35029                       1833982.9
              -325.01004                         1893156
              -323.66979                       1952004.1
              -322.32955                       2010527.5
               -320.9893                       2067219.6
              -319.64905                       2122987.8
               -318.3088                         2177871
              -316.96856                         2231870
              -315.62831                       2284985.8
              -314.28806                       2336510.8
              -312.94781                         2385587
              -311.60757                       2433201.8
              -310.26732                       2479354.8
              -308.92707                       2524044.8
              -307.58682                       2567272.8
              -306.24657                       2609005.5
              -304.90633                         2649006
              -303.56608                       2687253.8
              -302.22583                       2723746.5
              -300.88558                       2758485.5
              -299.54534                         2791424
              -298.20509                       2822498.5
              -296.86484                       2851961.8
              -295.52459                         2879813
              -294.18435                         2906053
               -292.8441                       2930681.5
              -291.50385                       2953362.8
               -290.1636                       2974402.3
              -288.82336                       2994072.5
              -287.48311                       3012374.3
              -286.14286                         3029306
              -284.80261                       3044856.3
              -283.46237                       3057490.5
              -282.12212                       3068999.8
              -280.78187                       3079382.8
              -279.44162                         3088640
              -278.10138                         3096771
              -276.76113                       3102868.8
              -275.42088                       3106598.8
              -274.08063                         3109256
              -272.74039                       3110840.5
              -271.40014                       3111352.8
              -270.05989                         3110792
              -268.71964                         3107304
              -267.37939                       3102266.3
              -266.03915                       3096070.3
               -264.6989                       3088716.5
              -263.35865                       3080204.3
               -262.0184                       3070054.5
              -260.67816                         3056953
              -259.33791                         3042369
              -257.99766                       3026304.8
              -256.65741                       3008759.5
              -255.31717                       2989732.5
              -253.97692                       2968578.5
              -252.63667                         2945128
              -251.29642                         2919650
              -249.95618                       2892143.8
              -248.61593                         2862609
              -247.27568                       2831041.3
              -245.93543                         2797190
              -244.59519                         2761049
              -243.25494                       2722617.5
              -241.91469                       2681895.8
              -240.57444                       2638883.8
               -239.2342                         2592642
              -237.89395                       2542847.3
               -236.5537                         2490580
              -235.21345                         2435841
               -233.8732                         2378630
              -232.53296                       2318946.8
              -231.19271                       2254020.5
              -229.85246                         2185993
              -228.51221                       2115294.3
              -227.17197                       2041925.8
              -225.83172                       1965886.8
              -224.49147                       1886237.4
              -223.15122                       1801366.3
              -221.81098                       1713817.8
              -220.47073                         1623594
              -219.13048                       1530692.5
              -217.79023                         1435116
              -216.44999                       1335349.4
              -215.10974                       1232299.8
              -213.76949                       1126708.5
              -212.42924                       1018578.1
                -211.089                       907906.38
              -209.74875                       794733.75
               -208.4085                       680145.19
              -207.06825                       564328.81
              -205.72801                       447287.41
              -204.38776                       329018.09
              -203.04751                       209523.73
              -201.70726                       88731.219
              -200.36702                      -31999.641
              -199.02677                      -152136.55
              -197.68652                      -271676.81
              -196.34627                      -390623.09
              -195.00602                      -508972.75
              -193.66578                      -626257.31
              -192.32553                       -741645.5
              -190.98528                      -855126.88
              -189.64503                      -966698.69
              -188.30479                      -1076362.3
              -186.96454                      -1183220.8
              -185.62429                      -1285822.5
              -184.28404                      -1386017.9
               -182.9438                      -1483804.8
              -181.60355                      -1579185.1
               -180.2633                        -1672157
              -178.92305                      -1759640.4
              -177.58281                      -1843245.3
              -176.24256                      -1924158.3
              -174.90231                      -2002378.3
              -173.56206                        -2077907
              -172.22182                      -2150341.8
              -170.88157                      -2217252.8
              -169.54132                      -2281508.3
              -168.20107                      -2343109.5
              -166.86083                      -2402057.3
              -165.52058                        -2458350
              -164.18033                      -2510466.5
              -162.84008                      -2558925.8
              -161.49983                      -2605180.8
              -160.15959                        -2649230
              -158.81934                      -2691074.8
              -157.47909                        -2730714
              -156.13884                      -2765138.5
               -154.7986                      -2797582.5
              -153.45835                        -2828260
               -152.1181                      -2857168.5
              -150.77785                      -2884309.5
              -149.43761                      -2908602.5
              -148.09736                      -2929278.5
              -146.75711                      -2948465.8
              -145.41686                        -2966165
              -144.07662                      -2982376.8
              -142.73637                        -2997100
              -141.39612                      -3008026.3
              -140.05587                      -3016835.3
              -138.71563                      -3024298.8
              -137.37538                        -3030417
              -136.03513                      -3035189.5
              -134.69488                      -3038181.3
              -133.35464                      -3037485.5
              -132.01439                      -3035305.8
              -130.67414                        -3031642
              -129.33389                      -3026493.8
              -127.99365                      -3019861.5
               -126.6534                      -3010748.3
              -125.31315                      -2999306.3
               -123.9729                      -2986264.8
              -122.63265                        -2971624
              -121.29241                        -2955383
              -119.95216                      -2937542.5
              -118.61191                      -2915506.3
              -117.27166                      -2891464.8
              -115.93142                        -2865475
              -114.59117                        -2837536
              -113.25092                        -2807650
              -111.91067                        -2775343
              -110.57043                      -2740075.5
              -109.23018                      -2702490.5
              -107.88993                      -2662588.3
              -106.54968                        -2620368
              -105.20944                      -2575830.5
              -103.86919                      -2526677.8
              -102.52894                      -2474418.8
              -101.18869                      -2419633.8
              -99.848446                      -2362322.3
              -98.508198                      -2302485.5
               -97.16795                      -2239496.3
              -95.827703                      -2171342.8
              -94.487455                      -2100437.8
              -93.147208                      -2026781.9
               -91.80696                        -1950375
              -90.466713                      -1871217.1
              -89.126465                      -1787129.3
              -87.786217                      -1698932.4
               -86.44597                      -1608043.9
              -85.105722                      -1514464.4
              -83.765475                      -1418193.8
              -82.425227                      -1319195.9
              -81.084979                      -1215429.8
              -79.744732                      -1109411.3
              -78.404484                      -1001141.2
              -77.064237                      -890618.69
              -75.723989                      -777843.94
              -74.383741                      -662688.38
              -73.043494                      -546025.19
              -71.703246                      -428402.47
              -70.362999                      -309820.22
              -69.022751                       -190278.3
              -67.682503                      -69776.852
              -66.342256                       51218.258
              -65.002008                       171619.25
              -63.661761                       291385.78
              -62.321513                       410518.59
              -60.981265                       529017.31
              -59.641018                       646422.69
               -58.30077                       760983.75
              -56.960523                       873710.31
              -55.620275                        984602.5
              -54.280028                       1093659.9
               -52.93978                       1200883.1
              -51.599532                       1303907.8
              -50.259285                       1403277.8
              -48.919037                       1500175.1
               -47.57879                       1594599.6
              -46.238542                       1686551.5
              -44.898294                       1775807.9
              -43.558047                       1858569.1
              -42.217799                       1938652.9
              -40.877552                       2016058.8
              -39.537304                       2090786.8
              -38.197056                         2162837
              -36.856809                       2230723.3
              -35.516561                       2294069.3
              -34.176314                         2354560
              -32.836066                       2412196.3
              -31.495818                       2466977.3
              -30.155571                       2518903.8
              -28.815323                         2567879
              -27.475076                         2614117
              -26.134828                       2657640.8
               -24.79458                       2698450.5
              -23.454333                       2736546.5
              -22.114085                       2771842.5
              -20.773838                       2804524.5
               -19.43359                       2834999.5
              -18.093343                       2863266.8
              -16.753095                       2889327.5
              -15.412847                         2913181
                -14.0726                       2934319.5
              -12.732352                       2953423.5
              -11.392105                       2970800.8
              -10.051857                       2986453.8
              -8.7116094                         3000381
              -7.3713618                       3012395.8
              -6.0311142                       3020904.5
              -4.6908666                       3027806.5
               -3.350619                       3033101.5
              -2.0103714                         3036790
              -0.6701238                         3038872
               0.6701238                       3039003.3
               2.0103714                       3037003.5
                3.350619                       3033156.5
               4.6908666                         3027463
               6.0311142                         3019922
               7.3713618                       3010533.8
               8.7116094                       2999297.8
               10.051857                       2986022.3
               11.392105                       2970696.8
               12.732352                       2953321.8
                 14.0726                       2933897.3
               15.412847                       2912406.5
               16.753095                         2888796
               18.093343                       2863085.8
                19.43359                       2835274.3
               20.773838                       2805362.5
               22.114085                       2773350.3
               23.454333                       2737382.5
                24.79458                         2698578
               26.134828                       2657643.8
               27.475076                       2614579.3
               28.815323                         2569384
               30.155571                         2521585
               31.495818                         2468299
               32.836066                       2412515.8
               34.176314                       2354235.5
               35.516561                         2293459
               36.856809                       2230185.5
               38.197056                       2162542.8
               39.537304                       2090614.1
               40.877552                       2015949.1
               42.217799                       1938547.5
               43.558047                       1858409.5
               44.898294                       1775535.4
               46.238542                       1686430.5
                47.57879                       1594582.3
               48.919037                       1500194.8
               50.259285                       1403267.9
               51.599532                       1303801.8
                52.93978                       1200710.3
               54.280028                       1093546.3
               55.620275                       984508.38
               56.960523                       873595.94
                58.30077                       760809.31
               59.641018                       646148.38
               60.981265                       528772.13
               62.321513                       410347.69
               63.661761                       291286.09
               65.002008                       171587.72
               66.342256                       51251.773
               67.682503                       -69684.82
               69.022751                      -190215.63
               70.362999                      -309906.78
               71.703246                      -428758.28
               73.043494                         -546770
               74.383741                      -663942.25
               75.723989                      -778890.81
               77.064237                      -891057.69
               78.404484                      -1001209.1
               79.744732                      -1109344.5
               81.084979                      -1215465.3
               82.425227                      -1319570.5
               83.765475                      -1418777.8
               85.105722                      -1514933.8
                86.44597                      -1608076.1
               87.786217                      -1698204.9
               89.126465                      -1785319.9
               90.466713                      -1869165.5
                91.80696                      -1949549.9
               93.147208                      -2026845.8
               94.487455                      -2101053.5
               95.827703                        -2172173
                97.16795                      -2240204.3
               98.508198                      -2303344.8
               99.848446                      -2363164.3
               101.18869                      -2420139.5
               102.52894                      -2474269.3
               103.86919                        -2525554
               105.20944                        -2573947
               106.54968                        -2619481
               107.88993                        -2662439
               109.23018                      -2702820.5
               110.57043                      -2740626.5
               111.91067                        -2775856
               113.25092                      -2808179.5
               114.59117                      -2838073.8
               115.93142                        -2865831
               117.27166                      -2891449.8
               118.61191                      -2914930.3
               119.95216                      -2936250.3
               121.29241                        -2954695
               122.63265                      -2971479.3
                123.9729                      -2986602.5
               125.31315                        -3000066
                126.6534                        -3011869
               127.99365                      -3020980.8
               129.33389                      -3027246.8
               130.67414                      -3032100.3
               132.01439                      -3035541.5
               133.35464                      -3037570.5
               134.69488                      -3038187.3
               136.03513                      -3035493.5
               137.37538                      -3030844.5
               138.71563                        -3024591
               140.05587                      -3016732.8
               141.39612                      -3007269.3
               142.73637                        -2995919
               144.07662                      -2982001.3
               145.41686                      -2966320.8
               146.75711                      -2948878.8
               148.09736                        -2929674
               149.43761                        -2908707
               150.77785                      -2884514.5
                152.1181                      -2857559.5
               153.45835                      -2828571.3
                154.7986                      -2797548.3
               156.13884                        -2764492
               157.47909                      -2729335.5
               158.81934                      -2690773.8
               160.15959                      -2649471.5
               161.49983                        -2605429
               162.84008                      -2558646.3
               164.18033                      -2509123.5
               165.52058                        -2456681
               166.86083                      -2401238.5
               168.20107                      -2342976.3
               169.54132                      -2281895.5
               170.88157                      -2217995.5
               172.22182                        -2151276
               173.56206                      -2078666.5
               174.90231                      -2002910.8
               176.24256                      -1924448.8
               177.58281                      -1843278.8
               178.92305                      -1759402.4
                180.2633                      -1671855.3
               181.60355                        -1579235
                182.9438                      -1483989.5
               184.28404                      -1386120.6
               185.62429                        -1285626
               186.96454                      -1182508.3
               188.30479                      -1075758.3
               189.64503                      -966488.31
               190.98528                      -855245.56
               192.32553                      -742028.38
               193.66578                      -626839.38
               195.00602                      -509612.09
               196.34627                      -390730.63
               197.68652                      -271496.81
               199.02677                       -151913.3
               200.36702                      -31977.375
               201.70726                       88308.219
               203.04751                        208967.3
               204.38776                       328896.84
               205.72801                          447720
               207.06825                       565433.94
                208.4085                       682041.38
               209.74875                       797539.69
                 211.089                       909483.44
               212.42924                       1019095.9
               213.76949                         1126557
               215.10974                       1231868.8
               216.44999                       1335029.1
               217.79023                       1435134.5
               219.13048                       1530845.4
               220.47073                       1623884.9
               221.81098                       1714249.8
               223.15122                       1801943.1
               224.49147                       1886962.4
               225.83172                       1966585.3
               227.17197                       2042513.8
               228.51221                         2115751
               229.85246                       2186296.5
               231.19271                         2254150
               232.53296                         2318901
                233.8732                         2378589
               235.21345                       2435917.3
                236.5537                       2490884.8
               237.89395                       2543492.5
                239.2342                       2593739.3
               240.57444                         2639894
               241.91469                       2682565.8
               243.25494                       2723287.5
               244.59519                       2762058.8
               245.93543                       2798879.8
               247.27568                       2833750.8
               248.61593                         2864279
               249.95618                       2893060.5
               251.29642                       2920218.3
               252.63667                         2945753
               253.97692                       2969664.5
               255.31717                         2991115
               256.65741                       3009672.5
               257.99766                       3026911.8
               259.33791                       3042832.8
               260.67816                       3057436.3
                262.0184                       3070720.3
               263.35865                       3080860.5
                264.6989                       3089311.3
               266.03915                       3096643.8
               267.37939                       3102858.3
               268.71964                       3107954.8
               270.05989                       3111539.5
               271.40014                         3112134
               272.74039                         3111544
               274.08063                         3109770
               275.42088                         3106811
               276.76113                       3102668.3
               278.10138                       3096627.5
               279.44162                       3088871.3
               280.78187                         3079898
               282.12212                         3069709
               283.46237                       3058304.3
               284.80261                       3045683.5
               286.14286                         3029865
               287.48311                       3012877.8
               288.82336                       2994736.5
                290.1636                       2975442.3
               291.50385                       2954994.8
                292.8441                       2932357.3
               294.18435                         2906972
               295.52459                         2880377
               296.86484                       2852571.8
               298.20509                         2823556
               299.54534                       2793330.5
               300.88558                       2759774.5
               302.22583                         2724416
               303.56608                       2687750.8
               304.90633                       2649777.5
               306.24657                       2610498.5
               307.58682                       2569427.3
               308.92707                         2525330
               310.26732                       2480001.8
               311.60757                       2433441.8
               312.94781                         2385652
               314.28806                         2336632
               315.62831                       2285244.3
               316.96856                       2232196.8
                318.3088                       2178241.3
               319.64905                       2123375.8
                320.9893                       2067600.5
               322.32955                         2010877
               323.66979                       1952358.4
               325.01004                       1893512.9
               326.35029                       1834341.1
               327.69054                       1774843.1
               329.03078                       1715016.9
               330.37103                       1654775.9
               331.71128                       1594620.4
               333.05153                       1534871.8
               334.39177                       1475528.8
               335.73202                       1416593.9
               337.07227                       1358065.9
               338.41252                       1300526.5
               339.75276                       1244103.8
               341.09301                       1188745.1
               342.43326                       1134449.3
               343.77351                       1081216.3
               345.11376                         1029276
                 346.454                        979313.5
               347.79425                       930786.94
                349.1345                       883696.31
               350.47475                        838041.5
               351.81499                       793821.63
               353.15524                       751786.94
               354.49549                       711587.75
               355.83574                       672844.56
               357.17598                       635556.63
               358.51623                        599725.5
               359.85648                       565434.31
               361.19673                        533639.5
               362.53697                       503138.47
               363.87722                       473932.34
               365.21747                       446020.63
               366.55772                       419403.25
               367.89796                       394589.75
               369.23821                       371411.88
               370.57846                       349235.25
               371.91871                       328059.13
               373.25895                       307883.53
                374.5992                       288708.06
               375.93945                       271314.84
                377.2797                       254892.13
               378.61994                       239329.92
               379.96019                       224627.92
               381.30044                       210786.83
               382.64069                       197792.41
               383.98094                       185487.13
               385.32118                       173828.75
               386.66143                       162817.81
               388.00168                       152453.98
               389.34193                        142737.3
               390.68217                          133894
               392.02242                       125595.04
               393.36267                        117708.6
               394.70292                        110234.5
               396.04316                       103172.69
               397.38341                       96559.031
               398.72366                       90587.844
               400.06391                       84906.336
               401.40415                       79514.477
                402.7444                       74412.195
               404.08465                        69599.68
                405.4249                       65200.754
               406.76514                       61140.273
               408.10539                       57280.027
               409.44564                       53619.941
               410.78589                        50160.18
               412.12613                       46900.656
               413.46638                        43987.68
               414.80663                       41228.059
               416.14688                       38607.371
               417.48713                       36125.547
               418.82737                       33782.594
               420.16762                       31618.904
               421.50787                        29650.18
               422.84812                       27781.564
               424.18836                       26013.064
               425.52861                       24344.637
               426.86886                       22776.361
               428.20911                       21350.865
               429.54935                       20013.381
                430.8896                       18744.695
               432.22985                       17544.787
                433.5701                       16413.703
               434.91034                       15360.514
               436.25059                       14416.502
               437.59084                       13519.084
               438.93109                       12668.297
               440.27133                       11864.124
               441.61158                       11106.563
               442.95183                       10419.691
               444.29208                       9784.5049
               445.63232                        9177.457
               446.97257                       8598.5449
               448.31282                       8047.7671
               449.65307                       7525.1152
               450.99331                        7094.479
               452.33356                       6685.2905
               453.67381                       6294.8154
               455.01406                        5923.043
               456.35431                       5569.9927
               457.69455                       5243.1016
                459.0348                       4948.1816
               460.37505                       4672.7456
                461.7153                       4416.8076
               463.05554                       4180.3604
               464.39579                       3963.4041
               465.73604                       3760.6328
               467.07629                       3571.5427
               468.41653                       3397.1121
               469.75678                       3237.3411
               471.09703                        3092.229
               472.43728                       2962.9973
               473.77752                       2850.8372
               475.11777                       2748.2839
               476.45802                       2655.3369
               477.79827                       2571.9949
               479.13851                       2498.2617
               480.47876                       2447.1721
               481.81901                        2410.218
               483.15926                       2377.2864
                484.4995                       2348.3787
               485.83975                       2323.4939