300633
300657
000916
002127
603991
601100
002045
603505
600698
600581
002300
000822
300143
002497
600291
601225
300571
300554
600456
300514
002246
300656
300632
600808
601336
002848
002346
000912
600885
600516
603078
600507
300643
300607
601012
600110
603269
600242
002869
002080
600188
002865
002434
300629
601008
601168
300457
600104
603113
002043
000049
300115
600295
601003
002110
002074
603960
600230
300648
300650
600338
603232
600741
600282
300604
601101
300655
300618
600703
002307
000627
601666
600020
300626
002158
601318
000905
000823
600215
002136
300627
002862
300044
000933
000717
000028
600886
601628
300393
600971
000898
002871
601238
600068
300357
600019
000488
600508
601166
600114
000040
601601
002377
002614
603032
300588
600033
000703
603728
603133
000584
000544
600135
600066
603179
600160
600699
600717
600167
002460
603788
603208
600004
300638
603816
000878
600290
600727
601899
600269
300323
600153
600563
002389
601018
603086
600179
601111
002859
600133
600760
600993
002008
000576
002857
000089
603833
300653
000692
600841
600900
002083
300640
002873
002304
002415
600706
002359
002032
600377
600688
000088
601288
600009
000807
600036
603337
600779
002384
000709
000030
603383
600309
600028
002543
600018
000050
002451
603696
603578
002840
300630
002352
002365
002050
600480
000504
000568
000910
600486
603799
603126
603010
601939
601717
601398
601088
601069
600890
600764
600761
600733
600671
600643
600634
600609
600586
600567
600539
600462
600210
600165
600146
600145
600050
300612
300543
300461
300268
300149
300087
002684
002669
002606
002600
002576
002569
002567
002513
002499
002486
002464
002427
002311
002168
002142
002122
002075
002012
000935
000889
000825
000613
000506
000153
000007
002302
600693
300635
603429
600409
600069
603160
600452
600125
600029
600298
000816
600848
600260
600115
000651
002336
601588
601328
600518
000826
300639
603787
000877
600585
300042
601669
600809
000597
601988
000968
601233
300616
600406
002485
002054
000513
600132
002419
600308
600681
000418
600793
000756
300334
601668
600477
600209
002034
000533
600987
002068
600612
000725
000507
601607
002078
000759
000959
600682
603579
601799
300136
000528
002271
601618
000803
000069
603399
300308
000036
002602
300335
603626
000525
002061
600183
603589
601229
600511
600340
002072
600548
600487
000333
300575
002831
300156
000858
600897
603639
600668
600660
002376
000538
600056
600212
600519
600722
002028
002812
600702
000402
603355
600276
002101
600998
600781
300176
601800
600529
600319
000778
600475
603969
300137
600874
300180
300374
603165
000063
002597
002858
600533
600071
600966
601901
600684
600633
603186
000407
600085
000002
603896
002372
002092
000423
300258
000022
603288
603989
300309
002322
000600
000596
603388
601116
000039
000605
600007
000043
000401
002648
000999
002457
603660
603868
600801
600373
603180
002233
600791
002833
603338
000786
300225
600566
000666
002282
600729
600550
002845
603050
002321
002342
300642
600197
600545
600463
000661
002624
600048
300401
000615
002449
600629
600771
002294
603320
601689
000923
300601
600827
000830
002745
000158
000820
600202
000011
600332
600872
600062
603228
002230
002411
300649
603603
000429
002242
600535
600031
603197
002379
603638
000710
002542
000611
000921
000856
000965
600196
300645
603041
000155
600710
000950
